Latencies
4934
4964
4966
4976
4984
4986
4988
4990
4992
4992
4992
4994
4994
4996
4998
4998
4998
5000
5000
5002
5002
5004
5006
5006
5006
5006
5008
5008
5008
5008
5010
5010
5012
5012
5014
5014
5014
5016
5016
5016
5016
5018
5018
5020
5020
5020
5022
5022
5024
5024
5026
5026
5026
5026
5028
5028
5028
5030
5030
5030
5032
5032
5032
5032
5032
5032
5032
5032
5032
5034
5034
5034
5034
5034
5036
5036
5036
5040
5042
5044
5044
5044
5044
5046
5046
5048
5050
5050
5050
5052
5052
5054
5054
5056
5056
5056
5056
5056
5058
5058
5058
5058
5058
5062
5064
5066
5066
5068
5070
5070
5072
5072
5072
5074
5076
5076
5076
5078
5080
5080
5080
5082
5084
5084
5086
5086
5086
5088
5088
5088
5090
5090
5090
5092
5092
5092
5092
5092
5092
5094
5094
5094
5096
5096
5096
5096
5098
5098
5098
5100
5102
5104
5104
5104
5106
5106
5106
5108
5108
5108
5108
5108
5112
5112
5112
5112
5114
5114
5116
5116
5118
5122
5122
5122
5124
5124
5124
5124
5124
5126
5126
5126
5126
5126
5128
5128
5128
5128
5128
5130
5130
5132
5132
5132
5132
5132
5134
5134
5136
5136
5136
5136
5136
5138
5138
5138
5138
5140
5140
5140
5140
5140
5140
5140
5142
5142
5144
5144
5144
5146
5146
5148
5148
5148
5150
5150
5150
5150
5150
5152
5154
5154
5154
5154
5154
5156
5158
5158
5158
5158
5160
5160
5160
5162
5162
5162
5164
5164
5164
5164
5164
5164
5166
5166
5166
5166
5166
5168
5168
5168
5168
5170
5170
5170
5170
5172
5172
5172
5172
5172
5172
5172
5172
5174
5174
5176
5176
5176
5176
5180
5180
5182
5182
5182
5184
5184
5184
5184
5184
5184
5184
5184
5184
5186
5186
5186
5188
5188
5188
5188
5190
5190
5190
5192
5192
5192
5194
5194
5194
5194
5194
5194
5196
5196
5198
5198
5198
5198
5198
5200
5200
5200
5200
5200
5200
5202
5202
5202
5202
5202
5204
5204
5204
5204
5204
5204
5206
5206
5208
5208
5208
5208
5208
5208
5208
5208
5208
5210
5210
5210
5210
5210
5212
5212
5212
5214
5216
5216
5216
5218
5218
5218
5218
5218
5218
5218
5218
5220
5220
5220
5220
5222
5222
5222
5224
5224
5224
5226
5226
5226
5226
5226
5226
5228
5228
5228
5228
5230
5230
5230
5232
5232
5232
5232
5234
5234
5234
5234
5236
5236
5236
5236
5236
5238
5238
5240
5240
5240
5240
5242
5242
5242
5242
5242
5242
5242
5244
5244
5246
5246
5246
5246
5248
5248
5248
5250
5250
5250
5250
5250
5252
5252
5254
5256
5256
5256
5256
5256
5256
5256
5258
5258
5258
5258
5258
5260
5260
5260
5260
5260
5262
5262
5262
5264
5264
5266
5266
5268
5268
5270
5270
5272
5272
5272
5274
5274
5274
5274
5274
5274
5278
5278
5278
5280
5280
5280
5280
5282
5282
5284
5284
5284
5284
5284
5286
5286
5286
5288
5288
5290
5290
5290
5292
5292
5292
5294
5294
5296
5296
5296
5296
5298
5298
5300
5300
5300
5302
5302
5304
5304
5304
5306
5306
5308
5308
5308
5310
5312
5312
5314
5314
5318
5320
5322
5328
5328
5330
5330
5330
5332
5332
5334
5336
5336
5338
5340
5340
5340
5340
5340
5342
5342
5344
5344
5346
5346
5350
5350
5352
5352
5352
5354
5354
5356
5356
5356
5356
5358
5360
5362
5368
5368
5368
5368
5368
5370
5376
5378
5380
5382
5382
5384
5384
5386
5388
5388
5390
5392
5394
5394
5396
5398
5400
5400
5402
5402
5406
5406
5410
5412
5412
5412
5412
5414
5418
5420
5422
5424
5424
5424
5428
5430
5430
5434
5436
5440
5442
5444
5444
5448
5450
5450
5452
5454
5456
5460
5460
5468
5468
5476
5480
5482
5484
5486
5488
5490
5496
5500
5502
5502
5502
5504
5504
5508
5510
5512
5514
5516
5516
5518
5526
5528
5530
5532
5534
5536
5536
5540
5542
5544
5548
5552
5552
5554
5556
5558
5562
5570
5572
5574
5578
5590
5590
5592
5598
5602
5602
5604
5604
5606
5608
5612
5612
5612
5614
5614
5616
5620
5624
5626
5632
5636
5642
5642
5644
5644
5648
5650
5650
5662
5664
5666
5666
5672
5672
5674
5682
5684
5684
5686
5688
5688
5690
5692
5698
5700
5700
5702
5704
5716
5718
5732
5738
5744
5748
5750
5752
5754
5758
5762
5764
5766
5766
5784
5786
5790
5792
5798
5800
5802
5804
5804
5810
5818
5826
5826
5832
5834
5836
5838
5838
5852
5860
5862
5864
5868
5868
5872
5876
5876
5882
5884
5884
5884
5888
5904
5904
5906
5908
5910
5912
5912
5918
5928
5938
5950
5958
5966
5968
5970
5970
5978
5978
5980
5980
5998
5998
5998
6000
6002
6004
6006
6006
6018
6032
6034
6040
6050
6052
6052
6058
6068
6074
6082
6092
6096
6104
6124
6128
6164
6178
6180
6182
6182
6192
6210
6222
6254
6304
6318
6448
6458
6500
6564
6624
6654
6674
6706
6762
6768
6838
6866
6908
6968
7038
7136
7160
7266
7380
7488
7550
7732
7788
7918
7958
7976
8060
8176
8286
8404
8410
8430
8452
8624
8892
9092
9152
9184
9442
9450
9490
9706
10050
10154
10250
10296
10398
10522
10638
10928
10956
11040
11214
11232
11280
11320
11396
11444
11576
11618
11996
12292
12412
12822
13138
13140
13560
13612
13614
13790
13824
13844
13880
14182
14380
14596
14682
14724
14760
14808
15076
15090
15112
15420
15654
15734
16722
17080
17150
17448
17898
18458
19078
19186
19808
20550
21244
22050
22492
22634
22714
22936
23052
23368
23788
23826
24658
24866
24898
25308
26290
26332
26754
26860
26874
27130
27634
28498
29990
31426
31432
31652
33436
33534
33944
34686
36226
36442
38300
39084
490650
