Latencies
5182
5190
5198
5206
5206
5208
5210
5220
5220
5236
5236
5240
5246
5252
5262
5262
5262
5264
5266
5270
5272
5272
5272
5272
5276
5278
5278
5280
5280
5282
5282
5284
5284
5284
5286
5286
5288
5290
5290
5290
5292
5294
5296
5298
5298
5300
5300
5300
5300
5302
5304
5304
5306
5308
5308
5310
5310
5310
5312
5312
5312
5312
5312
5312
5314
5314
5314
5316
5318
5320
5320
5320
5322
5324
5324
5324
5324
5324
5324
5326
5326
5328
5328
5328
5328
5330
5332
5332
5332
5332
5334
5334
5334
5334
5336
5336
5338
5338
5340
5340
5340
5340
5340
5342
5342
5344
5344
5344
5346
5346
5346
5346
5346
5346
5346
5346
5348
5348
5350
5350
5350
5350
5350
5350
5350
5350
5350
5352
5352
5354
5354
5356
5356
5356
5356
5358
5358
5358
5358
5360
5360
5360
5360
5362
5362
5362
5362
5362
5362
5364
5364
5364
5366
5366
5366
5366
5366
5366
5366
5366
5368
5368
5370
5370
5372
5372
5372
5372
5372
5372
5374
5374
5374
5374
5374
5374
5374
5374
5376
5376
5376
5376
5376
5378
5378
5378
5378
5378
5380
5380
5380
5380
5380
5382
5384
5384
5384
5384
5386
5386
5386
5386
5386
5388
5388
5388
5388
5388
5390
5390
5390
5390
5392
5392
5392
5394
5394
5394
5394
5394
5394
5396
5396
5396
5396
5398
5398
5398
5398
5398
5398
5400
5400
5400
5400
5400
5402
5402
5402
5402
5404
5404
5404
5404
5406
5406
5408
5408
5408
5408
5408
5408
5408
5410
5410
5410
5412
5412
5412
5412
5412
5412
5412
5412
5416
5416
5416
5416
5418
5418
5418
5418
5418
5418
5420
5420
5420
5420
5420
5420
5420
5422
5422
5422
5422
5422
5422
5424
5424
5426
5428
5428
5428
5428
5428
5428
5430
5430
5432
5432
5432
5434
5434
5434
5436
5436
5436
5438
5438
5440
5440
5440
5442
5442
5442
5444
5444
5444
5446
5448
5448
5448
5450
5450
5452
5452
5452
5452
5454
5454
5454
5454
5454
5454
5456
5456
5458
5458
5458
5460
5460
5460
5460
5460
5460
5460
5462
5462
5462
5462
5462
5462
5464
5466
5466
5466
5468
5468
5468
5468
5468
5470
5470
5470
5470
5472
5472
5472
5472
5474
5474
5474
5476
5476
5476
5476
5476
5476
5476
5478
5478
5478
5478
5480
5480
5480
5480
5482
5482
5484
5484
5484
5484
5484
5486
5486
5486
5486
5486
5488
5490
5490
5490
5490
5490
5492
5492
5492
5492
5492
5492
5492
5492
5494
5494
5494
5494
5496
5496
5498
5500
5500
5502
5502
5502
5502
5502
5504
5504
5504
5504
5506
5508
5508
5510
5510
5510
5510
5510
5510
5510
5514
5514
5514
5514
5514
5516
5516
5516
5516
5518
5520
5520
5522
5522
5522
5524
5524
5526
5526
5528
5528
5528
5530
5532
5534
5534
5534
5534
5534
5534
5536
5538
5540
5542
5542
5542
5544
5544
5546
5546
5548
5548
5550
5550
5552
5552
5552
5552
5552
5556
5558
5558
5558
5560
5560
5564
5564
5564
5564
5566
5566
5566
5568
5568
5568
5570
5572
5574
5574
5574
5576
5576
5576
5578
5580
5580
5580
5580
5580
5582
5582
5584
5586
5586
5586
5588
5592
5594
5594
5598
5598
5600
5600
5600
5602
5602
5604
5608
5610
5610
5610
5614
5614
5616
5618
5618
5620
5620
5620
5624
5626
5628
5628
5630
5630
5636
5636
5636
5638
5638
5640
5640
5640
5640
5642
5648
5648
5650
5650
5650
5652
5652
5654
5654
5656
5658
5660
5660
5660
5662
5664
5664
5666
5666
5666
5666
5676
5676
5678
5680
5680
5682
5686
5688
5690
5690
5692
5692
5692
5694
5698
5698
5700
5700
5700
5702
5702
5704
5706
5708
5708
5708
5708
5712
5714
5714
5718
5718
5720
5722
5724
5724
5724
5726
5726
5728
5728
5730
5730
5732
5732
5734
5736
5736
5740
5742
5742
5742
5742
5742
5744
5744
5746
5750
5750
5752
5752
5754
5754
5758
5758
5758
5758
5758
5758
5760
5762
5766
5774
5774
5774
5776
5778
5782
5784
5786
5786
5788
5790
5790
5792
5794
5796
5798
5798
5800
5802
5802
5804
5804
5806
5814
5816
5818
5820
5820
5820
5822
5822
5826
5826
5826
5828
5830
5832
5832
5832
5834
5836
5838
5840
5842
5842
5844
5844
5844
5848
5850
5852
5852
5852
5854
5862
5864
5864
5864
5866
5868
5868
5870
5870
5870
5872
5872
5872
5872
5876
5876
5876
5878
5878
5880
5882
5884
5886
5886
5890
5892
5894
5894
5896
5898
5898
5900
5902
5902
5902
5904
5906
5906
5908
5908
5910
5910
5912
5914
5914
5916
5916
5926
5928
5932
5934
5934
5936
5940
5940
5940
5940
5944
5944
5944
5944
5946
5946
5946
5952
5954
5956
5956
5956
5958
5960
5960
5962
5962
5966
5968
5968
5970
5970
5974
5974
5976
5978
5978
5982
5984
5986
5988
5988
5988
5990
5992
5992
5994
5994
5994
5994
5996
5998
5998
6000
6000
6004
6008
6010
6010
6014
6014
6014
6022
6028
6028
6030
6036
6038
6042
6048
6048
6052
6054
6058
6060
6060
6060
6062
6064
6066
6068
6072
6072
6074
6076
6076
6078
6078
6080
6088
6090
6092
6096
6096
6104
6104
6110
6110
6114
6114
6116
6118
6126
6138
6146
6150
6152
6158
6158
6162
6162
6164
6168
6168
6170
6170
6170
6174
6178
6184
6188
6190
6194
6194
6196
6198
6216
6220
6222
6224
6228
6232
6238
6242
6244
6254
6256
6272
6272
6288
6290
6300
6300
6352
6360
6368
6374
6388
6388
6392
6394
6402
6436
6442
6480
6514
6540
6550
6572
6580
6588
6598
6658
6784
6826
6832
7062
7086
7124
7166
7198
7430
7442
7534
7644
7686
7786
8010
8054
8318
8328
8608
9062
9318
9384
9396
9476
9766
9770
10344
10578
11048
11214
12006
12196
12494
12974
13438
13536
13594
13606
13776
13792
13794
13862
14086
14238
14240
14590
15402
15658
15810
15888
16026
16784
17620
17866
17928
18188
18740
19012
19202
19474
19976
20710
20788
20796
21122
22106
22552
24778
24918
27108
28272
29620
32432
32464
33496
35436
38420
