Latencies
4980
5038
5050
5056
5056
5066
5068
5074
5076
5078
5082
5084
5084
5084
5084
5090
5090
5098
5106
5108
5116
5116
5118
5122
5124
5124
5124
5124
5124
5130
5130
5130
5132
5132
5132
5134
5136
5140
5142
5142
5148
5150
5152
5154
5154
5156
5158
5158
5158
5160
5162
5162
5166
5166
5168
5170
5170
5172
5172
5172
5174
5174
5174
5174
5174
5176
5176
5178
5178
5180
5180
5182
5182
5182
5182
5182
5184
5184
5186
5186
5186
5188
5188
5190
5190
5190
5190
5192
5194
5194
5194
5196
5196
5198
5198
5198
5200
5200
5200
5200
5200
5202
5202
5202
5202
5202
5202
5204
5204
5206
5208
5208
5208
5210
5210
5212
5212
5214
5214
5214
5214
5216
5216
5216
5216
5218
5218
5218
5220
5222
5222
5222
5222
5222
5222
5222
5224
5224
5224
5224
5226
5226
5226
5226
5226
5228
5228
5228
5228
5230
5230
5230
5230
5230
5230
5232
5232
5232
5232
5232
5234
5234
5234
5234
5236
5236
5236
5236
5238
5238
5238
5238
5240
5240
5240
5240
5240
5240
5242
5242
5242
5242
5242
5242
5244
5244
5246
5246
5246
5246
5248
5248
5248
5248
5248
5248
5248
5248
5248
5250
5250
5250
5252
5252
5252
5252
5252
5252
5252
5252
5254
5254
5254
5256
5256
5256
5256
5256
5256
5256
5258
5258
5258
5258
5258
5258
5260
5260
5260
5260
5260
5260
5260
5262
5262
5262
5262
5262
5264
5264
5264
5266
5266
5266
5266
5266
5266
5266
5266
5266
5268
5268
5268
5268
5268
5270
5270
5270
5272
5272
5272
5272
5272
5272
5272
5272
5272
5274
5274
5274
5274
5274
5274
5274
5274
5276
5276
5276
5276
5276
5276
5276
5276
5278
5278
5278
5278
5278
5278
5278
5278
5280
5280
5280
5280
5280
5282
5282
5282
5284
5284
5284
5284
5284
5284
5284
5284
5284
5284
5286
5286
5286
5286
5286
5288
5288
5288
5288
5290
5290
5292
5292
5292
5292
5292
5294
5294
5294
5296
5296
5296
5296
5298
5298
5298
5298
5298
5300
5300
5300
5300
5300
5300
5300
5300
5302
5302
5302
5302
5302
5304
5304
5304
5304
5304
5304
5306
5306
5306
5306
5308
5308
5308
5308
5310
5310
5310
5310
5312
5314
5316
5316
5316
5316
5316
5316
5318
5318
5318
5318
5318
5318
5318
5320
5322
5322
5322
5322
5322
5322
5324
5324
5324
5326
5326
5328
5330
5330
5330
5330
5330
5330
5332
5332
5332
5332
5334
5334
5334
5336
5338
5338
5338
5340
5340
5340
5340
5342
5344
5344
5346
5346
5348
5348
5350
5350
5350
5350
5352
5352
5352
5352
5354
5354
5354
5356
5356
5358
5360
5360
5360
5360
5360
5362
5362
5362
5362
5364
5364
5366
5366
5366
5368
5368
5368
5368
5370
5370
5372
5372
5374
5374
5374
5376
5376
5376
5378
5380
5380
5380
5380
5382
5384
5388
5388
5390
5390
5390
5396
5396
5396
5396
5396
5398
5398
5400
5400
5400
5402
5402
5402
5402
5402
5406
5408
5408
5408
5408
5410
5412
5412
5414
5414
5414
5414
5414
5416
5418
5422
5422
5422
5424
5424
5430
5430
5430
5432
5436
5436
5436
5436
5438
5438
5438
5442
5442
5442
5444
5444
5444
5446
5446
5446
5448
5448
5450
5450
5450
5452
5452
5454
5456
5458
5460
5460
5460
5466
5466
5468
5470
5472
5476
5478
5484
5484
5490
5492
5494
5494
5494
5494
5496
5496
5496
5498
5498
5500
5500
5502
5504
5510
5510
5510
5512
5514
5516
5516
5516
5516
5516
5518
5518
5520
5520
5520
5520
5522
5522
5524
5524
5524
5524
5526
5526
5528
5528
5528
5530
5534
5534
5534
5534
5536
5536
5536
5536
5536
5536
5538
5540
5540
5540
5542
5542
5542
5546
5548
5548
5552
5552
5554
5554
5554
5556
5558
5558
5558
5558
5562
5564
5564
5566
5566
5566
5568
5574
5574
5574
5574
5576
5576
5578
5578
5578
5580
5582
5584
5584
5586
5588
5588
5590
5592
5598
5598
5598
5602
5602
5608
5610
5610
5610
5612
5614
5616
5618
5618
5620
5624
5626
5628
5632
5632
5634
5634
5636
5636
5636
5638
5638
5646
5648
5650
5654
5660
5660
5662
5664
5666
5666
5666
5670
5670
5670
5670
5672
5678
5680
5686
5686
5686
5688
5688
5692
5694
5696
5698
5700
5700
5702
5702
5704
5706
5708
5708
5708
5708
5712
5718
5720
5720
5724
5726
5726
5726
5728
5732
5732
5732
5734
5736
5748
5754
5756
5756
5758
5758
5760
5760
5762
5764
5764
5764
5766
5768
5770
5772
5772
5772
5774
5774
5776
5778
5778
5778
5780
5784
5786
5788
5792
5796
5798
5800
5800
5802
5804
5804
5806
5808
5812
5814
5816
5816
5818
5818
5822
5822
5822
5824
5828
5832
5832
5834
5836
5840
5842
5844
5846
5846
5848
5850
5850
5856
5862
5862
5866
5866
5868
5868
5870
5872
5874
5874
5874
5874
5874
5876
5880
5882
5884
5888
5890
5890
5890
5894
5896
5900
5902
5902
5904
5906
5906
5906
5908
5910
5916
5916
5918
5924
5924
5926
5926
5930
5930
5930
5934
5946
5952
5952
5952
5954
5954
5958
5968
5970
5980
5988
5990
5990
5990
5990
5994
5996
6000
6002
6004
6012
6016
6016
6016
6018
6018
6020
6024
6024
6032
6034
6046
6048
6052
6066
6066
6070
6074
6074
6080
6094
6104
6120
6132
6136
6140
6140
6146
6166
6168
6172
6180
6192
6196
6212
6252
6264
6266
6346
6360
6364
6384
6402
6446
6462
6588
6598
6600
6618
6702
6708
6742
6784
6816
6862
6868
6910
7060
7096
7160
7248
7434
7496
7904
8046
8218
8226
8300
8394
8436
8468
8674
8688
8730
8868
8954
9096
9110
9122
9168
9206
9268
9350
9516
9612
9826
9916
10198
10230
10562
10652
10824
11072
11116
11238
11590
11604
12178
12574
12792
12840
12910
13100
13224
13484
13628
13716
14318
14442
15070
15084
15280
15408
15980
16314
16380
16732
17070
18266
18994
19654
20262
20400
21180
21804
23882
24306
24602
24880
26292
27284
27480
27884
28100
28660
29080
32486
32788
34152
35046
35290
35594
35758
36352
