Latencies
5358
5436
5472
5476
5520
5524
5534
5548
5562
5576
5588
5604
5608
5624
5628
5658
5726
5756
5764
5766
5778
5782
5820
5824
5846
5864
5870
5880
5880
5886
5900
5918
5942
5958
5960
5972
5980
6032
6034
6036
6042
6046
6062
6082
6086
6096
6106
6130
6138
6162
6220
6228
6234
6246
6256
6272
6276
6286
6288
6292
6312
6314
6332
6342
6348
6350
6366
6372
6380
6384
6388
6392
6392
6410
6440
6450
6458
6464
6470
6498
6514
6528
6532
6542
6564
6568
6580
6586
6588
6594
6628
6644
6654
6656
6660
6664
6670
6718
6722
6752
6780
6780
6816
6826
6890
6928
6930
6962
6962
6974
6974
6976
6980
6996
7012
7122
7144
7158
7170
7188
7188
7194
7206
7208
7222
7246
7262
7270
7308
7310
7312
7342
7358
7382
7400
7410
7410
7420
7436
7442
7454
7454
7456
7480
7486
7492
7512
7514
7516
7538
7546
7550
7552
7552
7570
7584
7606
7622
7650
7658
7666
7682
7690
7696
7704
7714
7744
7744
7746
7756
7762
7762
7764
7792
7810
7848
7868
7868
7876
7878
7890
7896
7898
7898
7910
7924
7934
7970
7972
7972
7978
7996
8014
8032
8040
8050
8054
8066
8066
8076
8084
8088
8094
8120
8126
8130
8134
8136
8146
8174
8174
8192
8192
8222
8226
8228
8238
8250
8254
8264
8272
8292
8312
8322
8324
8328
8342
8366
8392
8406
8442
8456
8470
8496
8522
8540
8548
8552
8552
8558
8560
8560
8578
8582
8596
8610
8618
8622
8624
8638
8644
8646
8654
8678
8684
8696
8724
8736
8746
8750
8756
8762
8772
8774
8784
8800
8808
8844
8846
8854
8866
8876
8880
8882
8892
8896
8906
8908
8912
8958
8964
8964
8972
8978
8980
8992
9006
9020
9046
9062
9068
9084
9090
9098
9104
9118
9124
9146
9154
9174
9180
9180
9188
9212
9216
9224
9230
9262
9268
9276
9306
9326
9370
9370
9392
9392
9416
9422
9428
9446
9454
9472
9478
9484
9490
9520
9522
9530
9538
9542
9574
9610
9610
9628
9632
9680
9692
9694
9708
9708
9716
9724
9726
9736
9744
9756
9768
9784
9786
9790
9858
9868
9872
9880
9928
9934
9956
9962
9972
9972
9978
9980
9992
10006
10022
10038
10080
10100
10104
10106
10134
10146
10160
10176
10176
10198
10200
10204
10206
10222
10236
10240
10254
10300
10304
10348
10358
10378
10412
10414
10416
10420
10476
10510
10510
10510
10560
10562
10580
10608
10624
10630
10640
10674
10728
10748
10750
10750
10754
10756
10758
10766
10802
10820
10826
10828
10854
10860
10874
10890
10900
10904
10934
10936
10956
11002
11022
11030
11058
11060
11060
11080
11092
11108
11112
11116
11116
11126
11144
11144
11148
11154
11166
11190
11206
11224
11242
11260
11276
11298
11334
11354
11370
11372
11444
11476
11504
11508
11510
11514
11560
11576
11582
11608
11620
11624
11636
11652
11658
11668
11668
11674
11676
11684
11744
11750
11754
11758
11768
11774
11804
11806
11806
11822
11828
11860
11872
11894
11914
11926
11970
11992
12020
12034
12072
12114
12120
12134
12140
12158
12196
12196
12216
12224
12226
12236
12240
12242
12248
12264
12268
12306
12308
12316
12338
12356
12364
12368
12386
12398
12404
12420
12428
12450
12452
12456
12462
12474
12478
12486
12496
12506
12520
12530
12536
12550
12552
12560
12574
12590
12594
12634
12634
12668
12676
12698
12702
12714
12718
12718
12728
12736
12744
12778
12812
12816
12818
12824
12848
12880
12890
12914
12926
12926
12940
12940
12964
12992
13000
13006
13014
13014
13014
13022
13028
13050
13050
13050
13068
13068
13118
13142
13152
13162
13164
13170
13188
13214
13226
13232
13236
13236
13242
13258
13260
13260
13264
13270
13272
13272
13282
13286
13334
13338
13348
13354
13376
13386
13388
13388
13396
13408
13420
13434
13440
13474
13480
13486
13494
13500
13508
13516
13522
13542
13544
13562
13598
13606
13624
13628
13640
13652
13654
13664
13668
13670
13686
13692
13692
13754
13770
13776
13782
13812
13814
13816
13832
13834
13834
13876
13886
13888
13936
13948
13950
13954
13954
13966
13972
14020
14044
14050
14056
14076
14090
14092
14128
14144
14150
14160
14162
14174
14194
14200
14208
14218
14222
14230
14246
14248
14248
14250
14278
14290
14292
14294
14294
14308
14314
14326
14326
14330
14332
14346
14346
14352
14358
14358
14362
14364
14378
14380
14380
14386
14392
14394
14402
14414
14416
14416
14442
14446
14452
14464
14488
14494
14502
14510
14536
14538
14552
14574
14592
14596
14612
14618
14628
14650
14668
14668
14680
14680
14688
14688
14694
14694
14698
14700
14708
14714
14724
14726
14742
14744
14744
14746
14750
14754
14760
14762
14762
14764
14774
14778
14788
14792
14794
14796
14806
14814
14818
14820
14826
14834
14836
14848
14862
14882
14884
14884
14884
14888
14892
14896
14902
14910
14912
14916
14918
14920
14926
14930
14932
14934
14936
14938
14948
14950
14954
14956
14958
14964
14964
14966
14972
14974
14976
14982
14982
14994
14998
14998
15000
15002
15008
15008
15010
15010
15016
15028
15040
15044
15044
15060
15066
15072
15076
15080
15084
15084
15090
15092
15100
15106
15112
15114
15114
15116
15142
15146
15146
15152
15162
15168
15170
15172
15180
15182
15194
15198
15198
15200
15208
15210
15238
15244
15246
15250
15252
15260
15264
15272
15272
15272
15272
15288
15290
15304
15304
15318
15322
15322
15330
15350
15352
15354
15358
15358
15360
15360
15372
15372
15376
15398
15418
15420
15424
15428
15432
15432
15448
15454
15462
15464
15468
15480
15480
15480
15504
15512
15544
15554
15556
15558
15564
15564
15594
15606
15608
15646
15652
15656
15662
15668
15676
15704
15746
15762
15768
15784
15796
15860
15886
15908
15954
15974
15994
16012
16026
16034
16062
16202
16280
16404
16564
17002
17048
17102
17730
18018
18328
19024
19058
19676
19822
19878
20104
20330
20528
20710
21596
21848
21860
23492
23950
23980
24238
24360
24390
24436
24576
24758
25134
25350
25492
27032
27418
28060
28072
28354
30924
30926
34448
34532
34636
34706
34878
34898
34962
35438
35800
39566
46210
53262
53708
54230
54424
71098
138416
