Latencies
4984
4994
4998
4998
5004
5010
5012
5018
5018
5028
5030
5030
5036
5036
5040
5040
5044
5044
5046
5048
5050
5050
5052
5052
5052
5054
5054
5056
5058
5058
5060
5062
5062
5062
5062
5064
5066
5068
5070
5070
5070
5070
5074
5074
5074
5076
5078
5082
5082
5086
5086
5090
5090
5090
5092
5094
5094
5096
5098
5098
5100
5100
5102
5102
5104
5106
5106
5108
5110
5112
5112
5114
5116
5118
5118
5124
5124
5124
5126
5130
5130
5130
5130
5134
5134
5134
5136
5136
5136
5136
5138
5138
5138
5138
5142
5142
5142
5142
5142
5142
5144
5144
5144
5144
5148
5148
5150
5150
5150
5152
5152
5152
5154
5154
5156
5156
5156
5156
5158
5160
5164
5166
5166
5166
5166
5170
5170
5174
5174
5174
5174
5174
5174
5178
5180
5182
5182
5182
5182
5184
5184
5184
5186
5186
5188
5188
5190
5190
5190
5190
5190
5192
5192
5192
5192
5194
5194
5194
5196
5196
5196
5196
5196
5198
5198
5198
5198
5200
5200
5200
5202
5202
5202
5204
5204
5204
5204
5204
5206
5206
5208
5208
5208
5208
5208
5208
5208
5210
5210
5210
5212
5212
5212
5214
5214
5214
5214
5214
5216
5216
5218
5218
5220
5220
5220
5220
5220
5220
5220
5220
5222
5222
5222
5222
5222
5222
5222
5222
5224
5224
5224
5224
5224
5226
5226
5226
5226
5226
5228
5228
5228
5228
5228
5228
5228
5230
5230
5230
5230
5230
5230
5232
5232
5232
5232
5234
5234
5234
5236
5236
5238
5238
5238
5238
5238
5238
5240
5240
5240
5240
5240
5240
5242
5242
5242
5242
5242
5242
5242
5242
5244
5244
5244
5244
5244
5246
5246
5246
5246
5246
5246
5248
5248
5248
5248
5248
5250
5250
5250
5250
5250
5250
5250
5250
5250
5252
5254
5254
5254
5254
5254
5254
5256
5256
5256
5258
5258
5260
5260
5260
5260
5260
5260
5260
5260
5262
5262
5262
5264
5264
5266
5266
5268
5268
5268
5268
5268
5270
5270
5270
5270
5270
5270
5270
5270
5272
5272
5272
5272
5272
5272
5274
5274
5274
5276
5276
5278
5278
5280
5280
5280
5280
5280
5280
5282
5282
5284
5284
5284
5286
5286
5288
5288
5288
5288
5290
5292
5294
5296
5296
5298
5298
5298
5300
5302
5302
5302
5302
5304
5304
5304
5306
5306
5306
5306
5310
5312
5312
5312
5312
5314
5314
5316
5316
5318
5318
5318
5318
5320
5320
5322
5324
5324
5324
5326
5328
5328
5328
5328
5328
5328
5330
5330
5330
5330
5332
5332
5332
5334
5338
5338
5340
5342
5344
5344
5344
5346
5346
5346
5348
5350
5350
5350
5352
5354
5354
5354
5356
5356
5356
5356
5360
5360
5360
5362
5362
5364
5364
5366
5366
5366
5368
5368
5368
5374
5374
5378
5378
5380
5380
5380
5380
5382
5382
5384
5384
5384
5384
5384
5386
5386
5386
5386
5388
5388
5388
5388
5388
5388
5390
5392
5392
5392
5392
5394
5394
5394
5394
5394
5394
5396
5398
5398
5398
5398
5400
5400
5402
5402
5402
5404
5404
5404
5406
5406
5408
5408
5408
5410
5412
5414
5416
5416
5418
5420
5420
5420
5422
5422
5422
5424
5426
5426
5428
5432
5432
5434
5436
5438
5438
5438
5438
5438
5440
5442
5442
5446
5446
5446
5446
5448
5450
5450
5454
5454
5456
5456
5458
5460
5460
5460
5462
5462
5464
5468
5468
5468
5470
5470
5470
5472
5474
5478
5478
5478
5478
5480
5480
5484
5486
5486
5488
5488
5490
5494
5494
5494
5494
5496
5498
5500
5500
5500
5506
5508
5510
5512
5512
5512
5512
5512
5516
5516
5516
5522
5522
5524
5526
5526
5526
5530
5534
5536
5538
5540
5540
5542
5544
5546
5546
5552
5558
5560
5562
5564
5570
5570
5570
5574
5576
5580
5586
5594
5598
5598
5600
5604
5604
5608
5608
5610
5614
5620
5620
5628
5632
5634
5634
5636
5640
5640
5642
5644
5646
5648
5650
5652
5652
5652
5654
5656
5658
5660
5662
5664
5666
5670
5672
5676
5676
5682
5692
5694
5694
5694
5696
5702
5706
5706
5710
5710
5714
5716
5716
5724
5730
5730
5734
5734
5742
5742
5742
5744
5744
5744
5748
5754
5756
5762
5772
5774
5774
5778
5780
5780
5782
5784
5784
5784
5784
5786
5788
5798
5800
5802
5802
5802
5802
5806
5810
5810
5810
5816
5818
5822
5822
5824
5832
5832
5836
5838
5844
5848
5848
5848
5852
5852
5856
5858
5860
5874
5874
5876
5876
5880
5880
5882
5882
5884
5892
5900
5900
5904
5906
5908
5910
5916
5918
5920
5926
5928
5930
5934
5940
5950
5956
5958
5958
5962
5966
5976
5976
5976
5980
5980
5982
5986
5990
5994
5996
5998
6006
6018
6022
6022
6032
6038
6038
6054
6058
6064
6064
6076
6088
6094
6100
6112
6116
6120
6144
6144
6156
6164
6166
6166
6176
6182
6218
6224
6244
6250
6256
6262
6272
6278
6288
6308
6338
6338
6362
6382
6442
6514
6522
6522
6594
6692
6706
6740
6854
6902
6930
6938
6964
7028
7338
7342
7374
7488
7594
8152
8170
8250
8444
8700
9060
9108
9790
9828
10118
10262
10590
10618
11184
11302
11686
11694
11828
11888
11964
11986
11988
12054
12254
12446
12628
12764
12988
13038
13378
13562
13870
14088
14124
14402
14564
14966
15108
16354
17072
17104
17132
17212
17224
17432
17488
17506
17508
17724
17984
18126
18220
19068
19316
19344
19532
19812
19834
20070
20118
20408
21494
21514
21932
23656
23824
24568
24662
24890
24940
24970
25476
25588
25700
26336
26440
28432
28900
29618
29644
30018
30844
31192
31458
32982
33170
33418
34128
34626
34758
35086
35486
35744
36578
37288
41034
41276
41462
51808
52136
52448
96082
