Latencies
4998
5008
5014
5022
5034
5042
5042
5044
5046
5046
5050
5050
5050
5050
5052
5056
5056
5058
5060
5062
5062
5064
5066
5068
5070
5072
5074
5076
5076
5080
5080
5080
5082
5082
5082
5082
5082
5084
5086
5088
5090
5092
5092
5092
5092
5094
5098
5100
5102
5102
5104
5104
5104
5106
5108
5108
5110
5110
5110
5112
5112
5116
5116
5118
5120
5120
5120
5120
5122
5122
5122
5124
5124
5126
5128
5128
5128
5128
5134
5136
5136
5140
5140
5144
5144
5144
5144
5144
5146
5148
5148
5150
5150
5152
5152
5152
5152
5154
5154
5154
5158
5158
5158
5158
5160
5162
5164
5164
5166
5166
5166
5166
5168
5168
5168
5170
5170
5170
5170
5172
5174
5174
5174
5176
5176
5176
5178
5178
5178
5180
5180
5180
5180
5182
5182
5184
5184
5184
5184
5184
5186
5186
5186
5188
5188
5188
5190
5190
5190
5190
5190
5190
5190
5194
5194
5196
5196
5198
5198
5200
5200
5200
5200
5202
5202
5202
5202
5204
5204
5204
5204
5206
5206
5206
5206
5208
5210
5210
5210
5210
5210
5210
5210
5212
5212
5212
5212
5212
5212
5214
5214
5216
5216
5216
5216
5218
5218
5218
5218
5220
5220
5222
5222
5222
5224
5224
5224
5226
5226
5226
5226
5226
5226
5226
5228
5228
5228
5230
5230
5230
5230
5230
5232
5232
5232
5232
5234
5236
5236
5236
5238
5238
5238
5238
5240
5240
5240
5240
5242
5242
5242
5242
5244
5244
5244
5246
5246
5246
5248
5248
5248
5250
5250
5250
5250
5252
5252
5252
5252
5254
5254
5254
5254
5254
5256
5256
5256
5256
5256
5258
5258
5258
5258
5260
5260
5260
5260
5260
5262
5264
5264
5264
5264
5264
5264
5266
5266
5266
5268
5268
5268
5270
5270
5270
5270
5270
5270
5270
5272
5272
5274
5274
5274
5276
5276
5278
5278
5278
5278
5280
5280
5282
5282
5282
5282
5282
5282
5282
5284
5284
5286
5286
5288
5288
5288
5288
5288
5288
5288
5290
5290
5292
5292
5294
5294
5294
5294
5296
5296
5298
5298
5300
5302
5304
5304
5306
5306
5306
5306
5308
5308
5308
5312
5312
5312
5312
5312
5312
5312
5312
5314
5314
5314
5314
5316
5318
5318
5318
5320
5322
5322
5322
5322
5324
5326
5328
5330
5330
5330
5330
5332
5332
5332
5334
5336
5338
5338
5340
5340
5342
5342
5342
5344
5346
5346
5348
5348
5348
5348
5350
5350
5350
5352
5352
5352
5354
5354
5356
5356
5358
5358
5358
5358
5364
5364
5364
5366
5368
5370
5370
5370
5370
5372
5372
5372
5374
5374
5374
5374
5376
5376
5376
5378
5380
5380
5380
5382
5382
5382
5384
5384
5384
5384
5386
5386
5388
5388
5390
5390
5390
5392
5394
5396
5398
5398
5402
5402
5404
5406
5408
5408
5410
5410
5410
5410
5412
5414
5414
5414
5416
5416
5418
5418
5418
5418
5420
5420
5422
5424
5424
5426
5426
5426
5430
5430
5434
5434
5434
5436
5436
5438
5438
5440
5440
5440
5440
5442
5442
5442
5444
5444
5444
5448
5450
5450
5452
5452
5452
5454
5456
5456
5458
5458
5458
5460
5460
5460
5462
5462
5462
5462
5464
5464
5464
5466
5468
5468
5472
5474
5478
5480
5482
5482
5484
5486
5486
5486
5490
5492
5492
5492
5492
5492
5496
5498
5498
5500
5500
5502
5502
5504
5504
5506
5506
5508
5510
5512
5514
5514
5514
5518
5522
5524
5524
5526
5526
5526
5530
5530
5532
5536
5538
5540
5542
5542
5542
5546
5550
5550
5552
5554
5556
5562
5562
5564
5566
5568
5568
5568
5572
5572
5574
5576
5578
5578
5578
5580
5584
5584
5584
5584
5584
5586
5588
5588
5590
5592
5592
5602
5602
5602
5604
5606
5608
5610
5610
5614
5614
5620
5620
5622
5622
5626
5626
5626
5628
5630
5630
5632
5634
5634
5636
5636
5638
5638
5640
5640
5642
5642
5646
5646
5646
5646
5648
5650
5652
5652
5652
5654
5654
5656
5658
5658
5658
5662
5662
5664
5666
5666
5670
5672
5672
5674
5674
5676
5678
5678
5682
5688
5690
5694
5696
5702
5702
5702
5702
5708
5710
5710
5714
5714
5714
5716
5716
5718
5724
5724
5724
5726
5728
5730
5730
5732
5732
5732
5734
5736
5740
5744
5744
5754
5760
5766
5768
5768
5772
5774
5776
5778
5780
5782
5782
5794
5794
5794
5802
5802
5802
5802
5804
5806
5806
5814
5816
5828
5832
5832
5834
5834
5840
5842
5846
5848
5858
5862
5862
5868
5868
5868
5872
5872
5872
5874
5874
5876
5880
5880
5880
5880
5884
5884
5884
5888
5892
5896
5902
5902
5910
5912
5912
5916
5918
5918
5922
5924
5928
5930
5938
5940
5940
5944
5944
5948
5950
5950
5952
5952
5954
5956
5956
5958
5966
5966
5968
5968
5970
5974
5976
5978
5980
5982
5982
5982
5984
5994
5994
5994
5994
5996
6002
6006
6010
6012
6016
6018
6024
6026
6026
6030
6032
6042
6046
6046
6056
6056
6060
6062
6062
6064
6070
6070
6076
6082
6084
6086
6090
6090
6092
6092
6094
6100
6102
6104
6106
6106
6116
6124
6132
6150
6158
6160
6170
6176
6180
6192
6206
6210
6226
6296
6300
6308
6332
6332
6348
6388
6390
6402
6436
6438
6444
6452
6478
6554
6570
6576
6748
6752
6784
7018
7056
7110
7178
7210
7222
7236
7274
7480
7486
7618
7620
7762
7780
7874
8464
8542
8634
8706
8946
9138
9492
9682
9956
10250
10352
10564
10768
11134
11452
11460
11478
11832
11852
12046
12750
12910
13038
13112
13196
13504
13740
14078
14256
14636
14674
15210
15388
15502
15956
16400
16526
16580
16764
18028
18236
18240
19226
19650
20112
20130
20522
21370
21534
21794
22046
22594
22702
23112
23186
23696
23996
24352
24584
25210
25272
25496
26588
27114
27896
28532
28682
29516
30116
30136
30452
30968
31308
31668
32090
33178
35246
35436
35624
36056
36306
39032
40494
41224
43122
84216
