Latencies
5110
5112
5114
5116
5118
5128
5128
5132
5136
5140
5140
5140
5142
5142
5142
5146
5148
5148
5148
5150
5152
5154
5156
5156
5158
5158
5160
5160
5162
5162
5164
5164
5164
5166
5166
5166
5168
5168
5170
5170
5170
5170
5172
5172
5176
5176
5176
5178
5178
5180
5180
5180
5182
5182
5182
5182
5184
5184
5184
5186
5186
5188
5188
5188
5192
5192
5192
5192
5192
5194
5194
5194
5196
5196
5198
5198
5198
5200
5200
5200
5200
5200
5200
5200
5202
5202
5202
5202
5202
5202
5204
5204
5204
5206
5206
5208
5208
5216
5216
5216
5216
5218
5220
5222
5222
5222
5222
5224
5224
5226
5230
5230
5230
5232
5232
5234
5234
5234
5236
5238
5238
5238
5238
5240
5240
5240
5240
5240
5240
5240
5240
5242
5242
5242
5244
5246
5246
5248
5248
5248
5248
5250
5252
5252
5254
5254
5254
5256
5256
5256
5256
5256
5258
5260
5260
5264
5264
5266
5266
5266
5270
5270
5270
5272
5276
5276
5276
5278
5280
5280
5280
5280
5282
5282
5282
5284
5284
5284
5284
5286
5286
5286
5286
5286
5290
5290
5290
5292
5292
5294
5294
5294
5296
5296
5296
5298
5300
5300
5300
5302
5302
5304
5304
5304
5304
5306
5306
5308
5308
5308
5308
5308
5310
5310
5312
5312
5312
5314
5314
5314
5314
5316
5316
5318
5318
5320
5320
5322
5324
5324
5324
5326
5326
5326
5326
5328
5328
5328
5328
5330
5330
5330
5332
5332
5332
5332
5332
5334
5334
5334
5334
5336
5336
5336
5336
5336
5336
5336
5336
5338
5340
5340
5340
5340
5342
5342
5342
5342
5344
5344
5346
5346
5346
5346
5346
5346
5346
5346
5348
5348
5348
5348
5348
5350
5350
5350
5352
5352
5352
5352
5352
5354
5356
5356
5356
5356
5356
5356
5356
5356
5358
5360
5360
5360
5362
5362
5362
5362
5362
5364
5364
5366
5366
5366
5368
5368
5368
5370
5370
5370
5372
5372
5372
5372
5374
5376
5376
5376
5376
5376
5378
5378
5380
5380
5380
5380
5380
5380
5380
5382
5382
5382
5382
5382
5384
5384
5384
5384
5384
5384
5384
5386
5386
5388
5388
5390
5390
5392
5392
5392
5392
5394
5394
5394
5396
5398
5398
5398
5398
5400
5400
5400
5400
5400
5400
5400
5402
5402
5404
5404
5404
5406
5406
5406
5406
5406
5406
5406
5408
5408
5408
5408
5410
5410
5410
5410
5410
5412
5412
5412
5412
5412
5414
5416
5416
5416
5416
5416
5416
5416
5416
5416
5418
5420
5420
5420
5422
5422
5422
5424
5424
5426
5426
5428
5432
5434
5434
5436
5436
5436
5436
5436
5438
5438
5440
5440
5442
5442
5444
5444
5444
5446
5446
5446
5448
5448
5450
5450
5450
5450
5454
5454
5458
5460
5462
5462
5462
5464
5464
5464
5466
5466
5468
5470
5470
5470
5472
5472
5472
5472
5474
5474
5476
5476
5478
5478
5478
5478
5478
5480
5480
5480
5482
5482
5482
5484
5484
5486
5486
5486
5488
5488
5490
5494
5494
5494
5496
5496
5500
5500
5500
5500
5500
5500
5502
5506
5508
5510
5510
5512
5514
5514
5516
5516
5516
5518
5518
5518
5522
5522
5524
5524
5524
5524
5526
5526
5528
5528
5528
5528
5528
5528
5532
5532
5534
5536
5542
5542
5542
5544
5544
5546
5546
5548
5550
5552
5554
5558
5564
5564
5568
5570
5570
5570
5572
5578
5578
5580
5584
5584
5584
5586
5588
5590
5598
5598
5600
5602
5602
5608
5612
5614
5614
5614
5616
5616
5618
5618
5620
5624
5624
5624
5626
5628
5630
5632
5634
5634
5638
5640
5642
5646
5648
5648
5650
5652
5656
5658
5662
5662
5662
5662
5666
5666
5668
5668
5670
5670
5672
5674
5676
5678
5678
5682
5684
5686
5690
5694
5698
5700
5700
5702
5702
5704
5706
5714
5714
5714
5716
5722
5724
5724
5726
5726
5728
5728
5730
5730
5732
5732
5732
5732
5734
5736
5744
5746
5746
5748
5756
5756
5760
5762
5762
5764
5770
5770
5772
5774
5778
5780
5782
5782
5786
5786
5792
5796
5796
5800
5804
5804
5806
5814
5820
5822
5824
5824
5826
5830
5834
5834
5836
5842
5842
5842
5850
5852
5852
5860
5862
5868
5870
5872
5874
5878
5880
5884
5884
5884
5890
5890
5892
5892
5894
5894
5896
5902
5904
5904
5914
5920
5922
5926
5930
5932
5934
5936
5936
5940
5942
5942
5950
5956
5958
5958
5958
5958
5964
5966
5968
5972
5974
5978
5982
5988
5994
5996
5996
5996
5998
6000
6004
6004
6006
6006
6012
6014
6016
6020
6020
6026
6026
6034
6036
6040
6044
6054
6054
6056
6056
6058
6058
6058
6060
6064
6070
6072
6084
6088
6088
6098
6100
6106
6116
6118
6120
6124
6134
6136
6142
6146
6154
6162
6164
6164
6166
6174
6190
6200
6200
6204
6204
6216
6218
6218
6220
6232
6240
6242
6248
6260
6264
6278
6286
6292
6306
6332
6340
6366
6392
6398
6406
6424
6474
6476
6494
6518
6534
6572
6624
6658
6742
6910
7004
7036
7224
7380
7380
7428
7556
7742
7828
7842
7858
8102
8790
8996
9046
9100
9120
9304
9330
9476
9586
9658
9672
9722
9782
9830
10082
10580
10600
10600
11212
11322
11602
11654
12156
12532
12678
12806
13088
13150
13454
13632
13944
13978
14260
14272
14450
14584
14700
14736
14996
15048
15216
15310
15522
15590
16330
16414
16510
17456
17574
18920
19256
19426
19730
19792
20024
20424
20608
20938
20994
21430
21450
21832
22308
22408
22768
22814
22968
22996
23022
23296
24324
24410
25226
25378
26052
27110
27194
28206
28358
28442
29398
29522
30430
30468
32400
33308
33674
34034
34690
35700
35768
35924
36274
36496
36766
37272
38100
40652
40958
41320
52268
