Latencies
5114
5140
5158
5158
5162
5166
5166
5168
5170
5170
5172
5174
5174
5176
5180
5182
5186
5188
5188
5188
5190
5190
5192
5192
5194
5196
5198
5200
5202
5204
5204
5204
5204
5208
5212
5212
5212
5214
5218
5218
5220
5220
5222
5224
5226
5226
5226
5228
5230
5230
5232
5232
5232
5232
5238
5238
5238
5238
5238
5238
5240
5240
5240
5240
5242
5242
5244
5246
5246
5248
5252
5252
5252
5254
5256
5258
5260
5260
5260
5260
5262
5262
5262
5262
5262
5264
5266
5270
5270
5270
5270
5272
5274
5274
5276
5278
5278
5278
5282
5284
5284
5286
5286
5288
5288
5288
5290
5290
5292
5292
5292
5292
5294
5294
5296
5296
5296
5298
5298
5298
5300
5300
5302
5302
5302
5302
5302
5302
5302
5304
5306
5306
5308
5308
5308
5308
5308
5310
5310
5314
5314
5314
5316
5316
5316
5318
5318
5318
5318
5320
5320
5320
5322
5322
5322
5322
5322
5324
5324
5326
5328
5328
5328
5330
5330
5330
5330
5330
5332
5332
5332
5334
5334
5334
5334
5336
5336
5336
5336
5336
5336
5338
5338
5338
5340
5340
5340
5340
5342
5342
5342
5342
5344
5344
5344
5344
5344
5346
5346
5346
5346
5348
5348
5348
5348
5348
5348
5350
5350
5350
5350
5350
5352
5354
5354
5354
5356
5356
5356
5358
5358
5358
5358
5358
5358
5358
5360
5360
5360
5360
5360
5360
5362
5362
5362
5362
5362
5364
5364
5364
5366
5366
5366
5368
5368
5370
5370
5372
5372
5374
5374
5374
5374
5374
5376
5378
5378
5378
5380
5380
5380
5380
5380
5382
5382
5382
5382
5382
5382
5382
5384
5384
5384
5384
5384
5386
5386
5386
5386
5388
5388
5388
5390
5390
5392
5392
5392
5394
5394
5394
5396
5396
5396
5398
5398
5398
5398
5400
5400
5400
5400
5402
5402
5402
5402
5404
5404
5404
5406
5406
5406
5406
5406
5408
5408
5408
5410
5410
5410
5410
5410
5410
5410
5410
5410
5412
5412
5412
5414
5416
5416
5416
5418
5418
5418
5420
5420
5420
5420
5422
5422
5424
5424
5426
5426
5428
5428
5428
5428
5428
5430
5430
5432
5436
5436
5438
5438
5438
5438
5438
5440
5442
5442
5442
5446
5446
5446
5448
5450
5450
5450
5450
5452
5452
5452
5454
5454
5456
5456
5456
5456
5458
5458
5458
5460
5460
5460
5460
5462
5464
5464
5466
5466
5468
5468
5468
5468
5470
5470
5472
5472
5474
5474
5474
5474
5476
5476
5478
5480
5480
5480
5482
5482
5482
5482
5482
5482
5484
5484
5484
5486
5486
5486
5486
5488
5488
5488
5488
5488
5490
5490
5492
5492
5494
5494
5494
5494
5494
5494
5496
5496
5498
5498
5498
5500
5500
5500
5502
5502
5504
5504
5504
5506
5506
5506
5510
5510
5514
5516
5516
5522
5522
5524
5524
5526
5526
5528
5528
5528
5532
5532
5532
5534
5534
5534
5534
5536
5536
5536
5536
5538
5538
5538
5542
5542
5546
5548
5548
5550
5550
5552
5552
5552
5554
5554
5556
5556
5556
5558
5558
5560
5560
5562
5562
5566
5568
5568
5570
5570
5574
5574
5574
5576
5576
5576
5576
5578
5580
5580
5580
5582
5582
5584
5584
5586
5588
5590
5592
5592
5592
5594
5594
5596
5598
5600
5600
5600
5600
5600
5602
5604
5604
5604
5604
5608
5608
5610
5610
5618
5618
5620
5624
5624
5624
5626
5626
5626
5626
5628
5628
5632
5634
5634
5634
5636
5638
5638
5638
5642
5642
5644
5646
5646
5648
5648
5650
5650
5652
5652
5654
5654
5656
5656
5656
5658
5660
5660
5662
5664
5666
5668
5670
5674
5678
5680
5680
5680
5684
5684
5684
5686
5688
5688
5690
5692
5692
5692
5694
5696
5696
5698
5704
5704
5706
5708
5710
5710
5712
5714
5718
5718
5718
5718
5720
5720
5724
5724
5734
5736
5736
5738
5738
5742
5744
5744
5744
5746
5746
5746
5748
5748
5752
5756
5756
5758
5762
5762
5762
5768
5768
5770
5778
5780
5784
5784
5786
5792
5796
5796
5800
5800
5802
5806
5806
5808
5808
5810
5814
5814
5820
5822
5824
5830
5830
5834
5836
5838
5842
5842
5846
5848
5850
5852
5854
5858
5858
5860
5860
5862
5864
5866
5866
5868
5870
5872
5878
5880
5882
5888
5888
5890
5890
5892
5898
5898
5900
5902
5904
5904
5908
5908
5912
5914
5918
5918
5920
5922
5928
5934
5936
5936
5936
5936
5936
5936
5940
5944
5946
5950
5952
5952
5954
5956
5964
5964
5966
5968
5970
5970
5974
5980
5982
5982
5984
5986
5986
5988
5988
5990
5994
5996
5996
5998
6004
6008
6010
6012
6012
6014
6018
6020
6020
6024
6024
6028
6028
6030
6032
6036
6038
6042
6044
6046
6046
6054
6054
6056
6058
6058
6066
6068
6074
6080
6080
6082
6088
6090
6092
6092
6094
6096
6100
6100
6102
6106
6118
6120
6124
6124
6128
6130
6134
6140
6140
6142
6142
6144
6148
6152
6152
6152
6154
6162
6164
6168
6172
6174
6178
6184
6190
6190
6196
6198
6202
6204
6210
6212
6216
6216
6220
6230
6236
6238
6242
6250
6250
6256
6260
6262
6270
6272
6274
6282
6282
6290
6296
6310
6312
6330
6340
6348
6352
6354
6366
6368
6370
6380
6382
6388
6392
6394
6432
6456
6468
6478
6498
6564
6590
6624
6628
6638
6640
6652
6694
6696
6702
6710
6714
6722
6726
6788
6818
7020
7060
7074
7128
7366
7414
7592
7638
7848
7918
8040
8194
8234
8300
8640
9024
9084
9136
9364
9512
9568
9606
9612
9902
10172
10244
10422
10564
10614
10764
11114
11504
11676
11680
11974
11986
12086
12120
12322
12468
12824
12896
13154
13316
13496
14330
14532
15234
15752
15808
15816
15928
16680
16698
17708
17786
18062
18684
18702
18744
18870
19050
19840
19926
19938
20226
20258
20544
20678
21268
21270
22204
22238
22606
22740
22808
23104
23112
23494
23720
24254
24448
24952
25092
25326
25538
25708
26060
26250
27036
28270
28820
28994
29028
29372
29762
30394
32602
32838
32876
32894
33654
33826
34280
35350
35610
35664
35854
35922
36100
37324
38330
39438
40308
41260
44776
53216
55888
