Latencies
5042
5068
5116
5124
5142
5142
5148
5156
5162
5164
5188
5190
5200
5224
5234
5246
5258
5266
5268
5272
5272
5274
5278
5280
5284
5284
5290
5290
5294
5300
5302
5304
5306
5310
5312
5312
5314
5322
5330
5332
5338
5338
5340
5346
5346
5350
5356
5362
5364
5366
5366
5366
5372
5378
5386
5402
5402
5416
5424
5424
5424
5430
5446
5448
5450
5452
5456
5468
5480
5486
5488
5490
5494
5510
5512
5514
5516
5522
5526
5540
5546
5560
5568
5568
5574
5594
5600
5612
5612
5624
5634
5636
5638
5638
5662
5674
5682
5696
5696
5702
5704
5724
5770
5802
5804
5810
5832
5836
5844
5846
5852
5862
5882
5882
5884
5888
5888
5896
5912
5912
5912
5914
5928
5938
5938
5966
6004
6004
6006
6012
6028
6040
6054
6054
6090
6108
6132
6150
6156
6158
6170
6188
6202
6224
6238
6244
6268
6272
6278
6282
6300
6308
6320
6332
6352
6358
6392
6394
6404
6406
6414
6422
6438
6442
6456
6486
6496
6504
6512
6524
6532
6540
6558
6614
6640
6648
6670
6732
6738
6762
6772
6786
6792
6798
6814
6818
6838
6850
6892
6902
6908
6922
6926
6932
6954
6958
6968
6996
7006
7022
7022
7040
7058
7074
7080
7102
7108
7114
7114
7130
7132
7168
7200
7202
7212
7232
7234
7236
7242
7262
7270
7312
7316
7320
7362
7364
7368
7378
7382
7414
7492
7498
7552
7554
7564
7572
7584
7594
7618
7628
7652
7676
7716
7738
7770
7772
7794
7800
7826
7910
7918
7964
7968
7980
7988
8020
8050
8086
8120
8124
8128
8136
8140
8164
8200
8230
8264
8298
8300
8340
8360
8366
8380
8392
8396
8408
8426
8430
8440
8452
8500
8502
8550
8566
8578
8580
8612
8630
8642
8644
8652
8658
8674
8676
8682
8690
8700
8704
8712
8716
8730
8752
8788
8802
8824
8836
8890
8898
8902
8914
8946
8996
9024
9026
9030
9036
9048
9050
9050
9060
9060
9062
9078
9100
9120
9120
9128
9132
9166
9174
9188
9230
9242
9250
9258
9264
9276
9314
9316
9376
9380
9388
9396
9418
9444
9454
9460
9466
9476
9498
9534
9560
9572
9580
9600
9614
9634
9722
9740
9746
9802
9810
9814
9882
9898
9922
9924
9926
9958
9970
9974
9984
9988
10000
10028
10040
10042
10052
10068
10068
10084
10092
10094
10120
10126
10136
10174
10180
10190
10216
10222
10238
10266
10268
10302
10316
10354
10380
10380
10396
10446
10450
10456
10458
10466
10470
10472
10488
10504
10524
10532
10548
10616
10630
10654
10730
10736
10742
10760
10772
10772
10798
10824
10826
10858
10874
10878
10902
10938
10944
10988
11004
11006
11014
11026
11026
11032
11042
11054
11066
11070
11074
11076
11086
11092
11126
11134
11176
11222
11224
11232
11232
11236
11270
11316
11330
11358
11386
11386
11400
11424
11434
11446
11496
11512
11516
11526
11570
11636
11644
11654
11656
11666
11674
11680
11688
11742
11854
11900
11936
11938
11976
12018
12024
12042
12066
12152
12156
12168
12174
12180
12186
12202
12212
12240
12240
12264
12274
12306
12312
12336
12338
12352
12382
12412
12448
12448
12458
12470
12476
12482
12502
12514
12546
12550
12552
12554
12574
12580
12584
12594
12594
12596
12606
12676
12706
12706
12754
12764
12764
12776
12794
12804
12832
12850
12904
12912
12950
12950
12958
12968
12978
12986
12992
13000
13004
13044
13052
13112
13114
13116
13116
13158
13168
13192
13224
13264
13266
13356
13366
13368
13392
13398
13410
13474
13478
13516
13520
13558
13560
13564
13588
13606
13642
13650
13666
13670
13678
13688
13694
13706
13710
13752
13768
13812
13824
13866
13870
13888
13900
13942
13966
13966
14018
14026
14042
14042
14044
14052
14062
14072
14074
14082
14086
14118
14122
14124
14136
14146
14180
14182
14192
14192
14194
14194
14200
14224
14246
14252
14282
14294
14296
14300
14302
14308
14310
14322
14346
14358
14364
14382
14404
14422
14428
14432
14478
14480
14480
14496
14498
14500
14506
14510
14518
14518
14526
14530
14548
14556
14560
14562
14570
14572
14584
14586
14588
14594
14602
14606
14606
14612
14620
14630
14638
14650
14658
14662
14664
14666
14672
14674
14680
14688
14692
14692
14702
14706
14706
14716
14718
14722
14724
14726
14734
14742
14744
14750
14752
14756
14770
14770
14770
14770
14776
14786
14786
14794
14816
14820
14824
14832
14834
14834
14836
14836
14838
14840
14840
14846
14848
14848
14854
14862
14876
14878
14884
14886
14892
14894
14896
14904
14908
14918
14922
14928
14928
14930
14934
14946
14948
14950
14952
14960
14964
14968
14970
14972
14984
14986
14992
14998
15002
15004
15016
15018
15020
15026
15028
15034
15042
15046
15050
15050
15056
15062
15072
15076
15078
15082
15082
15086
15098
15100
15100
15104
15112
15116
15118
15122
15130
15132
15134
15138
15142
15146
15146
15148
15152
15154
15156
15156
15162
15162
15164
15164
15164
15164
15168
15170
15170
15178
15180
15180
15184
15184
15184
15188
15204
15204
15204
15206
15208
15208
15212
15216
15224
15226
15228
15238
15242
15254
15256
15258
15260
15266
15270
15278
15278
15280
15290
15292
15292
15292
15296
15298
15302
15306
15318
15330
15338
15338
15350
15366
15370
15392
15398
15402
15410
15426
15436
15438
15440
15442
15444
15444
15444
15460
15468
15476
15482
15488
15492
15502
15502
15518
15520
15532
15536
15538
15560
15568
15574
15576
15578
15582
15582
15588
15592
15594
15596
15596
15612
15618
15622
15626
15632
15632
15648
15650
15658
15672
15684
15688
15708
15728
15740
15740
15746
15772
15800
15814
15830
15876
15902
15928
15950
15976
16054
16080
16086
16110
16200
16386
16540
16780
16818
17172
17386
17548
17644
17666
17830
18334
18504
18928
18982
19466
19584
20274
20866
21046
21914
22234
22296
22520
22910
23296
23612
23684
23990
24018
24068
24076
24154
24186
24208
24362
24454
24498
24500
24508
24568
24588
24658
24662
24666
24678
24682
24700
24738
24746
24780
24784
24814
24912
24920
25060
25260
25368
25416
25632
27366
28210
28566
28984
30438
30546
31366
31388
33748
33896
33928
34012
34468
35438
36044
36186
36842
37088
41808
42846
45610
48376
58418
58616
77238
88356
117340
217442
5124736
