Latencies
7634
6424
5392
5728
5376
5360
5914
5306
5362
5466
5374
15618
5954
6578
5560
5332
5514
5240
5258
5616
5770
5100
6250
5532
5376
5184
5078
5474
5722
5496
6054
5230
5382
5840
5282
5224
5202
5168
5604
5234
5316
5250
5476
23304
6452
5266
5092
5648
5770
6734
5390
5934
5418
5908
5276
5522
5350
5512
5524
5214
6440
5702
5566
5414
5218
5996
5220
5242
6292
5262
5308
5266
6720
5350
5542
5194
5042
5156
5262
5338
5720
5128
5976
5712
5234
5256
5268
6016
5254
5062
5218
5348
5280
6360
5394
5806
5626
5212
5250
5124
10172
43680
5386
5724
5506
5150
5132
5160
5252
6462
5282
5674
6154
5160
5912
6088
6930
7136
5432
5424
5226
5254
5158
6116
6578
5118
5722
5246
6168
6216
5270
5876
5988
20608
5434
6038
5300
5292
5354
5296
5370
5302
5332
5458
5270
5834
5698
5266
5296
5558
5998
5112
5212
5600
5164
5678
5224
6786
5804
5216
5924
5232
6030
5236
5672
5300
5486
6144
5454
5150
23910
6034
5308
5382
5410
5200
5582
5200
5978
6446
5566
5260
5348
5364
5406
5252
5384
5334
7320
6528
5608
5606
7000
5106
5854
6126
5128
5212
5256
5126
22722
5352
5218
6224
6220
5270
5278
5256
5834
5922
27762
5556
5448
5282
27272
5860
5948
5132
5296
5286
5300
5326
5560
5220
5442
5842
5188
5236
5632
5554
5450
5808
6284
5388
5602
5206
6090
5188
5320
5924
5216
5544
5372
5324
5256
5166
5808
5328
5222
5188
5644
5254
5438
5484
6182
5468
5516
5368
6218
5950
5538
5454
5206
6268
5646
5922
5586
5160
5348
5430
5114
6174
5346
5266
5454
5356
5562
5682
5212
5582
5254
5208
5712
5368
5442
5246
6216
5154
5472
5580
5520
5070
6490
5506
6010
5610
5776
5250
5892
5296
5802
5218
5356
5230
5772
5266
6094
5148
5576
5376
14800
5626
5488
5464
5608
22902
5396
6018
5386
6666
5156
5304
5226
5238
5232
5146
5056
5262
5268
6006
6014
5246
5250
5538
5318
5848
5538
5806
5376
5770
5268
5300
5160
5468
5404
5344
5152
5206
6614
5712
5506
5784
5496
5698
5306
5332
6174
5756
5656
5658
6522
5220
5410
5416
5272
5168
5366
5202
5414
5776
10374
5232
5550
5992
5318
5338
5874
5286
5790
5260
6462
6442
5826
5934
5534
5596
5484
5798
5298
6128
5156
5274
5276
5336
5218
5506
5410
5110
5070
5814
5936
5178
5766
5284
5762
5242
5290
5488
5698
5744
5274
5298
5372
5286
5392
5164
5258
5890
5212
5600
5240
14326
5294
5312
5512
5234
5304
18076
5840
5772
5582
5194
5308
5506
5236
19512
5252
5172
5798
5204
5316
5630
5192
5210
5748
6188
5300
5150
6378
5740
6250
5206
5458
5632
5652
6084
5792
5984
5248
5268
5624
5240
5266
6748
5320
5372
5402
5230
6746
5482
5550
5500
5224
6116
5872
5652
5262
5484
5470
5222
5132
5080
5158
5422
5222
6410
5260
5802
5266
5786
5552
5354
5250
5196
5350
5532
5144
5492
5610
5230
5984
5202
5404
5672
5138
5240
5290
6320
6380
5416
5666
5262
5482
5386
5816
5410
5214
27570
5354
5278
5132
5558
5192
6052
5198
5256
7034
5254
5518
5832
5380
15414
5334
5528
6310
5768
5102
5156
5450
6146
54304
5404
5674
5510
5150
5336
5874
5148
5170
5120
39884
5694
5382
6504
5340
5476
5584
5508
5622
5972
5256
5824
5456
5828
5398
5670
5806
5858
5416
5350
5284
5254
6172
5728
5790
5288
6164
5256
6324
5382
6094
8256
5678
5248
6468
5642
6548
5660
5902
5430
5570
5224
6256
5208
21920
5276
5234
5640
5736
5816
5430
5294
5252
5248
5720
8812
23402
5470
35726
5406
5500
5140
5248
6176
5614
5274
5454
5234
5260
5234
5214
5892
5174
5692
5440
5752
5470
6186
6640
5306
5106
6634
5318
5394
5150
5266
27318
5212
5124
5282
13058
5258
5474
5312
5672
5852
6084
5308
6146
5218
5668
5408
5374
5592
5218
5706
5550
5236
5976
5436
5650
5204
6056
5546
5516
5084
5260
5076
5066
5456
5882
5906
5258
5292
5220
5252
6342
19146
5334
6010
5222
5272
5226
5680
5502
5078
6502
5638
5272
5254
5304
5366
5194
5212
5362
5442
6030
5392
5294
5496
5690
5152
5238
5616
21084
5226
5982
6024
5298
5800
5540
13952
5258
5296
5600
36256
5520
5854
5252
14346
5232
5590
6070
5306
5180
5338
5438
5260
5232
5234
5132
5090
5278
5336
5284
5080
5506
36936
5284
5232
5212
5664
5816
5234
5252
5178
5314
5642
6110
5460
6438
5230
5330
5524
6664
5316
5498
6126
7208
5262
6104
5224
5630
5150
6242
5346
5972
5216
5804
6964
5618
5288
6692
5192
47226
5298
6356
5174
25246
5432
14162
5706
5340
5554
5252
9984
5916
5516
5492
5294
5520
5404
5162
16924
5312
5198
5360
5620
5702
5372
5232
5156
5278
5420
5866
5746
5330
5232
5846
5760
5388
5236
5182
5194
5214
5600
5450
5186
5200
11860
6502
5142
5258
36334
5244
5952
5584
5242
5596
6528
5696
5474
5586
5268
5104
5452
5482
5690
5074
5462
6012
6804
21526
5530
5246
5236
5662
6082
7262
5632
5218
5464
5568
7714
5864
5242
5542
5150
5750
5216
5690
5862
5656
5350
5174
5358
6180
5754
5956
28088
5368
5534
5194
5472
5248
5462
5770
16912
5340
6222
5332
5644
5366
5648
5248
5240
5382
5246
5316
6338
5628
5194
5170
5626
5076
5054
5252
5116
5238
5204
5262
5374
5820
5586
5334
5466
6190
5450
17960
5332
5378
5238
5306
5274
5250
5740
5582
5356
52738
5650
5268
5444
5260
5796
6762
5234
5566
5172
6214
5780
5582
5742
5184
5260
5280
5194
5138
5328
5360
5192
5258
5310
5526
5726
5058
5164
5312
5282
5756
5448
5480
5274
5812
5310
5164
5208
5368
5420
5548
5122
5260
5604
5894
5740
35776
5174
5480
5768
5270
5214
5294
5286
5262
5364
11700
5320
6144
5716
5242
5528
5138
38954
32728
6086
5352
5536
5374
6600
5510
5454
5456
5300
5316
24278
5668
5622
6220
5170
5128
5314
