Latencies
7526
7014
5282
5318
5412
5310
5588
5624
5898
33650
5322
5420
5410
6024
5440
7022
5660
6084
6388
15882
17198
33568
5386
5152
5686
5464
5214
5466
5472
5490
5466
5786
5364
5814
6194
5544
5452
6032
6020
7774
5734
6632
7568
6240
5746
5922
5438
5738
5982
5766
5584
5194
5432
5232
5448
5352
5360
8342
5380
6258
6228
6258
6056
6298
5764
5552
5346
5262
5628
6204
5656
5584
5400
6134
5688
5338
6176
5284
5778
6614
5638
6236
7242
6068
6008
5402
7418
5740
5726
5636
5944
25564
5340
6094
5538
5716
5504
8124
5688
5996
5428
6084
7540
5564
5598
6710
6438
5544
5712
6696
5416
5302
5586
5448
5406
26288
5534
5494
5752
6236
5352
5274
5676
5532
5428
5312
25208
5320
6032
11674
29944
5426
5490
17264
5564
5348
6380
5774
5394
5476
5962
5340
5886
5738
5456
5876
6202
5504
6406
5658
6828
6178
5874
5764
5492
7352
7486
8210
7866
7830
9960
9864
5918
5790
5324
5212
5518
5760
5522
5948
5880
5316
5440
5536
5606
5780
5342
5166
5486
5688
5868
5574
5876
5404
5304
5946
5966
6116
5634
5794
10792
5436
5358
6078
5696
5300
5938
5344
5174
5456
5310
6076
5354
17466
5916
5348
5976
5358
5436
5366
23092
5308
5586
5180
5584
5202
20526
5886
5458
5370
5650
6480
5838
5674
5382
6244
5592
5350
5440
5224
15240
5266
5598
5800
5650
5772
5444
6650
6182
6108
5538
5348
6456
5344
5608
5644
5298
5286
5562
5276
5628
5878
5188
5444
5994
5536
6068
6312
5444
5968
5942
5710
5858
5460
5720
5454
5400
5528
5986
5650
5354
5226
5822
5380
5386
5882
5772
8212
5942
5488
5300
5190
5374
5408
6016
5806
5986
6944
5748
6220
5316
5440
5318
5526
5336
5354
5808
5350
6508
5818
9838
5344
6008
5508
5556
5610
5400
5514
5690
5608
5380
5644
5390
5412
5344
6168
5608
6354
5844
5312
5300
6006
5620
5200
5382
5534
5462
5388
5568
5842
5334
5238
5392
5312
11948
5554
5862
5964
5910
5466
32954
5800
5208
5480
8968
5584
5490
5986
5392
5680
5892
10986
5508
5886
5428
5292
6472
5272
5480
5494
5842
5484
5486
5822
5176
5394
5360
5348
5408
5438
27530
5926
5340
19880
5406
26574
5518
6790
6010
5494
5434
5984
5664
5544
5446
5894
5472
5422
5572
5464
5364
5366
5172
5380
5718
6326
5358
5436
5254
5440
5232
5574
5506
5974
5556
5508
5368
5968
6232
5422
5982
5438
5414
5426
5382
7950
5612
5260
5294
5486
6096
5940
5402
5652
5402
5344
5450
5700
5294
6068
5212
5186
5450
5204
5784
5298
6880
5456
5626
5440
5972
5748
5434
5450
5442
36442
22456
5614
5616
18646
5596
5556
5760
5950
5196
5474
5868
22672
6074
5708
5914
5480
5612
6560
6878
6408
5480
5760
5550
5392
6098
6164
5656
5666
5526
5534
5422
5334
5628
5532
5436
6060
5380
5820
5528
11474
5446
5420
5470
5772
5346
6246
6088
5328
6294
5864
5390
6050
6092
5478
5380
6242
5656
5814
6320
5330
5972
5302
5574
5282
5438
5686
17510
6074
5940
5744
10582
5366
5688
5872
5610
5414
10466
6482
6318
7514
5784
5522
10602
5584
5852
5432
5360
5518
6164
5400
5334
5336
14686
6206
5480
5684
13664
5932
5326
5914
6050
5740
6314
5238
5576
6048
5710
5728
6036
5762
5932
5766
5652
5536
5334
5320
5390
16072
5404
5564
5442
5158
5324
5244
7178
5862
5602
5644
6016
5400
5370
5604
5730
28934
5686
5540
5342
5338
5420
5346
6136
5476
5782
5382
25084
5460
5482
5356
5690
6722
5474
5390
25048
5478
5842
5406
5914
5264
5726
5380
5442
5634
5448
10572
5742
5450
5434
6282
5352
5400
5788
5520
5364
6974
5288
5808
5388
6342
6190
5806
5916
5946
5510
5322
5410
6482
5942
5412
6310
5842
5340
5214
5420
5482
5988
5348
5370
6154
5664
5482
5672
7514
5528
6198
6006
6044
5442
5458
5434
32988
10984
5980
5808
5420
6288
5666
5144
5336
5650
6124
23014
5396
5272
5484
5346
11820
5208
5622
5726
5702
6326
6450
5484
5384
8994
5586
6124
5606
5416
5508
5854
5474
6526
5352
5916
5310
6150
5532
6178
5732
5196
5542
5332
31298
5610
5838
5366
5512
5296
6026
5372
5552
13592
5336
21482
28180
5762
5466
5496
5442
5364
7256
5328
5324
5278
34510
5424
5396
6296
6214
5972
5704
6212
6190
6208
5376
5384
5934
5434
6010
5364
5352
5392
5208
6082
5434
5318
5398
5798
6392
6176
5388
5438
5412
5286
44628
5488
5466
6050
6324
5292
6262
5788
6156
5230
5484
5450
5488
5290
5556
5518
6572
5596
5358
27720
5382
5428
5724
5450
5392
5436
5440
5336
5482
13832
5538
5440
5302
6060
5522
5296
5292
5964
5482
5860
5350
5900
6222
6150
5248
5338
5998
6010
17186
5890
5398
5604
5642
5398
6240
5438
5864
5388
5344
11668
37916
5310
5414
5904
5594
5668
22120
5244
5740
5306
5332
6150
5680
6730
5546
5316
5164
5708
5694
5302
5408
5504
5332
5666
5552
6180
6416
5460
5846
5748
5394
5560
5842
6052
5318
5284
5286
6420
40440
19020
5366
5628
5618
5474
5308
6044
5318
5338
5880
5382
5412
5306
5344
6052
5426
6040
6244
6174
6054
5310
6032
5824
6016
5354
6200
5806
5598
5508
5754
5562
5852
9274
5420
7262
5376
5332
5284
6668
5484
5644
5334
5954
5504
6668
5430
6584
5466
5352
30000
5344
5678
6158
5380
5640
5424
6014
6392
5720
5724
5382
5530
5792
5564
5566
6052
5686
5460
5424
5816
6236
5702
5610
6326
31140
6460
5400
17156
5522
5294
5484
5352
5840
5304
7396
5438
5268
16206
5592
5410
5762
5208
6212
5622
5226
5792
5222
6516
5592
5638
5496
5396
5454
5680
5958
5782
5724
