Latencies
35084
34448
24600
434878
15472
26070
13072
24752
8328
16612
16138
24512
11576
18942
16744
13220
8108
12418
12016
13800
24552
24698
24694
7134
12474
7700
12230
15960
17882
16108
12424
28306
22972
12302
14230
15224
22270
22660
15770
24854
15530
14764
14942
10560
13468
14766
16454
23532
22758
14810
9764
6510
14248
17416
10536
14842
16696
7976
14956
21214
9680
8524
14900
15086
14490
10564
8362
11178
9788
13184
11484
8774
6346
9288
50364
25042
7606
7770
11850
8766
13808
34880
24314
24400
24594
14806
15402
23818
16538
9928
9764
7712
12242
8330
12934
14416
6376
9060
5880
35714
7102
14078
11756
24496
25100
20430
22746
11488
13020
13436
6348
13844
27232
15206
14950
15362
14962
14980
15150
15164
15242
15204
15116
15354
15554
16174
15476
15574
11676
7620
14658
14532
7968
10560
7152
6482
12916
7414
15036
14324
9874
12282
20660
28532
18202
35128
24916
25140
42846
11360
14540
16320
9612
8040
13870
17278
13328
11952
8634
8294
11118
12660
7130
7100
10168
15626
13716
23412
14672
24884
15580
33306
20428
16632
6568
10086
13344
9074
9644
8280
12164
19756
14960
6240
19418
18940
24790
23332
18844
13558
33694
11332
6146
6158
5554
9976
8300
12402
9820
13810
13382
15008
24646
16310
16088
13130
17990
14088
11466
11906
10650
8318
5496
10104
24146
15258
14784
14728
14992
9218
25686
24812
24390
24550
24500
24958
26010
15276
16092
16010
15786
15158
8872
6112
13056
6282
18166
13848
36348
20880
15850
14404
15054
15390
14724
15020
15052
7380
26362
25688
25574
13282
12052
14912
15312
206186
15354
24470
25126
7074
9188
16010
14598
15010
7418
9586
8224
16254
5622
15298
15552
15122
15866
14822
14992
15194
14966
14884
15242
15104
15230
14524
15238
15116
15442
16354
14358
11788
13268
12120
14148
6578
34660
24972
24728
24570
24590
25096
24334
25048
24576
55402
25214
6234
25318
15658
14890
13482
33578
24600
15266
14484
24524
24754
14136
24980
13194
17250
34818
16326
24780
25850
24742
25000
24288
24928
24866
25212
24728
24576
25082
24508
25058
24814
25142
24522
25064
24572
25226
25274
24814
26112
25744
25612
11264
20040
9582
11666
12522
7864
12910
25834
24316
25434
25658
13048
5648
25124
24932
14984
15044
15670
15034
14400
25402
14608
15888
15306
15378
12372
24802
14576
14924
14766
14916
15294
15422
14576
7356
10478
12306
17242
17274
15508
22798
23174
19990
24268
14806
14522
15026
7692
15186
14822
14890
24050
14280
14788
14662
14810
11244
23984
11160
11050
26130
14976
9104
7730
12162
23584
20846
7950
24556
15818
14860
15784
14894
14584
14796
15458
15944
15314
15486
25200
15062
34618
22726
15356
24914
17630
24848
12920
25646
10978
7238
10502
15048
15000
25788
12078
12802
9542
32596
6030
26402
13244
18510
20442
25326
10266
13182
15078
11224
11664
22664
24632
7514
12972
10766
8566
14536
7678
21986
19960
24042
13880
35640
25716
23252
8808
23410
6710
10772
5706
25852
15226
25070
24996
24468
13674
24238
18198
15224
10542
10312
18350
17766
7072
14212
11234
8006
11102
9544
7940
14044
9488
12250
6850
18734
15086
13792
9790
17972
24794
16444
9878
7260
15962
21040
10668
9554
12472
35604
15654
25264
25558
24622
15996
25684
25208
25310
25098
30684
22342
11874
15522
15612
15102
15662
15086
15488
15244
15090
15264
14602
11906
9236
25796
24216
17960
9274
16760
15682
11052
8416
10886
21912
19068
11680
7238
23736
24976
15306
34020
24488
25320
24942
24844
24898
25500
24754
24444
25140
25206
11570896
34124
25032
25906
25026
14800
15168
15214
23546
6818
10698
8492
13510
12062
16190
16232
11598
7676
8848
8842
6072
24286
12534
8814
10702
12524
9072
20238
24110
15998
24672
14676
25820
14830
25382
26422
26106
24724
25272
24660
25364
11542
6672
14408
9416
20002
7312
11132
13806
15218
14922
24368
15609800
15398
15070
14980
25146
12984
17140
15928
10678
16212
6556
8468
22070
14892
10502
15746
8452
21472
14516
21240
15640
22372
13682
14588
16660
24574
22476
8846
9790
15972
14410
20374
19876
11096
9042
24392
26070
15078
16460
16286
12208
8604
11670
11310
6210
10886
9026
31264
6496
5660
11876
15230
7736
10682
10084
15204
9084
12332
5698
7898
24988
14740
15410
15218
14688
6158
9436
10356
11410
11818
15042
7568
17626
12022
25134
19208
14866
23584
20356
6444
8960
19164
6700
24866
25024
15140
24746
7332
23026
15192
24812
20032
8516
14408
19274
23102
16126
9156
15296
7834
7286
22142
6454
21898
19584
15906
15000
15068
15040
15414
14782
6010
7342
14408
14504
23094
15346
16034
12012
10848
24106
14898
9208
17934
16998
9796
9520
6492
15250
11232
26050
15812
25286
26008
25326
8662
11116
22006
8584
25652
9106
8394
58030
10502
24104
15628
23222
27000
21056
19410
6478
8932
25560
15838
15424
15322
15258
14858
14860
15618
14876
14712
15122
14996
13330
15516
12386
24976
9716
6940
14396
12388
12644
9614
10594
32916
25068
10072
23916
24744
25720
24812
8942
25498
5888
14992
10726
11664
13486
7484
10400
14916
24494
15578
15564
14952
15148
15098
15474
16016
14630
10168
20180
9306
18450
14292
6758
8236
13292
15884
11680
16554
8012
11870
13478
11432
10590
23202
14696
9332
13206
6516
9324
5874
8296
12968
10504
12918
8988
14978
13990
12158
7918
24258
34712
24440
24996
24812
24958
24268
24488
24466
25038
25086
24942
14744
15026
14988
14844
15070
15360
14868
14792
15474
15312
15112
15232
14622
15442
14920
14830
14946
15358
15360
15486
14570
14642
14536
15364
15344
15590
14658
15648
14580
14912
14898
15196
15772
14570
15274
15456
14382
14612
15376
15418
15234
14770
15364
5386
5340
5476
5538
5906
5612
5876
5980
5946
5940
5350
9410
16584
15686
14780
8012
11150
26480
20588
33766
6574
18536
44460
14540
25028
24408
24678
25078
24546
25098
25080
24864
25320
24354
24614
25088
25386
24588
25298
25412
25572
26472
186470
49956
50924
15408
24826
24804
25218
31534
15804
35556
26066
24690
25006
25104
25818
19854
14402
14480
19572
22924
