Latencies
7742
12820
8216
7326
5610
11420
8450
12036
11496
16346
14368
14722
14986
15016
14736
15292
15132
14938
14820
15556
13258
15172
15074
6282
10594
12952
15126
7264
5390
5706
7348
5446
5708
6116
6652
9454
5548
9370
6084
7884
11922
12468
6888
13518
10298
8328
7464
8326
13106
12866
5568
16368
6656
14202
13014
13410
10822
15300
14172
14776
15568
14826
13810
14994
14650
11614
6610
8972
15152
16212
10468
10810
8698
5782
14716
6248
7998
13076
12616
15032
12746
5772
15004
14054
14022
13168
12010
10422
12902
6938
8124
8908
9032
6106
6136
5876
6150
5608
5458
6034
7250
6148
5386
15648
5420
14664
15542
15180
14848
14782
10564
5802
15064
7784
11900
24110
14800
11642
11580
9150
10142
15016
10206
8820
12092
12354
5424
9788
5540
15426
15382
6666
13676
6144
13430
5606
6006
7050
25220
15068
7480
11992
9156
15748
14958
5732
14808
5954
5950
5410
5380
5382
6148
5384
5500
5684
6032
5892
5272
14330
11714
6104
5670
8648
12494
16326
6062
14034
10790
10078
13770
12020
5860
6490
5822
5802
5304
25332
16148
15328
15166
15108
15498
15142
14882
14402
7794
12794
14258
14736
6476
5272
5354
8108
7062
8308
7898
13820
13710
5788
16938
15090
7334
12098
5728
6948
8126
12456
12644
8964
8328
8612
12832
9486
9402
7224
10102
10046
8106
7348
7802
18828
8066
18832
13678
7522
14250
7648
27234
16136
15404
15724
16554
15426
7484
11300
14248
7756
13666
11886
12982
13892
11272
12360
6390
16678
10096
7892
6190
12816
10882
17346
7914
7324
8042
6834
6382
6294
5924
5390
6862
10376
11318
14394
14036
8466
6006
11534
5834
7650
5382
5608
25852
5816
15886
9354
11870
15262
7386
12992
10730
6354
15184
24066
5990
10930
10698
14520
14640
10250
15624
5660
12218
10068
13734
5964
14984
10376
12624
13392
10882
10002
9190
15850
22750
6770
15568
11730
10004
12798
8884
6288
13472
11192
14614
7584
5734
6210
5624
7104
14740
15730
15106
15090
15052
15190
15560
7046
8272
15284
14892
8696
10376
8222
12294
6152
6050
12516
9070
5390
7818
9068
15578
11654
14192
6184
6538
5348
5826
5898
5492
5894
10714
5648
5750
5274
5772
5758
5474
5930
5630
7034
11802
11470
14624
11784
5390
14346
10818
6102
5370
6454
5928
6472
6294
12268
7422
13542
16930
7474
7030
6272
5474
7390
5688
7578
5646
14788
11096
12958
7002
6250
12622
14458
5616
5720
5542
5744
5428
5878
5774
5500
5380
6116
5366
23930
7110
13942
11848
5700
10394
8224
6906
10116
14498
14568
10616
14024
7138
5448
5498
6126
6116
5958
5948
5498
5638
5686
5370
5624
5886
14718
6658
13052
13300
7492
10244
14334
12298
12354
7860
9558
5756
5372
5802
5732
6152
5910
5956
5608
5510
5410
6236
9914
8984
10498
15064
14858
24440
14720
15174
15602
14800
15044
13340
13490
8310
6736
9560
47730
8326
5948
9766
14830
6486
8874
14240
11290
8770
5580
5740
10810
6666
8930
10292
7746
6130
5678
5828
5428
6392
5770
18650
6580
6920
631188
18312
14310
10794
14122
16034
6756
14368
6386
5990
5488
7790
6210
5778
13210
16242370
6968
5284
6098
5470
17600
6126
5568
5550
5492
5816
11014
6320
6532
5950
5410
5546
5498
5336
5388
5466
5452
5712
5748
12098
14952
13684
5788
5756
6428
5926
5940
6046
5354
5840
5776
9560
6260
6084
5544
5650
6200
5310
24208
5712
15008
15268
15318
15360
15162
15218
15294
14656
14770
13924
6168
14372
14866
24120
15340
14742
14984
14654
15476
15128
14998
13538
8082
11904
9878
6580
5486
5444
6260
5672
6742
5472
27766
14686
14570
12184
14342
23944
13612
13020
12050
7538
5788
7038
14666
7452
15454
10074
8796
11294
5950
5682
6146
5774
6558
5390
6144
5550
5410
6000
6128
6460
15094
5834
13910
6052
5346
5564
5658
5516
5390
5562
5252
5824
5376
6166
6016
9164
6410
15982
14928
15144
12702
8842
14354
15278
7390
9976
9176
12842
12030
9228
15472
15474
3901534
15236
14962
15028
9838
8142
16316
13416
10390
5628
5640
5876
5688
8432
7440
6142
9696
5414
6372
6058
5868
6258
5720
5350
6234
6330
5480
6010
5824
7808
5850
5424
5452
9950
6724
5742
5376
5434
5396
5426
5374
5322
5382
5744
15520
31498
11050
6794
7556
20814
5684
5494
5466
5594
6022
5382
5370
5368
5650
5350
5652
5406
5902
5472
6078
6000
6910
6350
14004
24366
15754
15262
15636
6932
15126
14462
14400
7698
15096
5634
5628
14582
14966
15166
14602
14900
14734
14932
15064
13114
14600
15314
14960
14914
14904
15178
14558
5314
5906
5408
6252
5390
5966
6094
5440
5736
6190
5778
5870
5322
5332
19770
10536
11446
15248
14926
5522
15428
6992
12808
13572
9614
9242
6940
14786
14862
8806
13086
10040
5606
5698
25104
14490
14844
14948
14876
14854
15020
15262
14998
15106
15432
14946
15786
14470
15186
14844
15392
14944
6692
7240
14048
14860
5440
15082
10506
9060
14826
24142
14914
6014
23850
5768
14454
14620
14758
11068
8332
5424
5918
24742
15152
16354
14984
14816
15088
14742
15094
34818
14778
15514
15112
15760
15100
14936
14942
14918
15432
15018
14946
15654
14818
15154
12168
12090
13818
13954
13384
5724
9170
14872
7368
15120
15580
14162
17782
13482
11704
6674
5908
5508
5378
12600
5802
13544
7372
13258
13288
35184
15364
14944
14984
15066
15124
7022
5662
5384
5450
5364
6130
5560
14826
14852
5274
13542
9960
12248
5778
6190
6692
15858
14638
14714
14838
15120
14892
38930
15444
14480
10064
13998
9922
13828
14458
56288
9384
9592
39100
14542
10570
5484
5854
5674
5812
15140
7028
6116
5470
5406
5436
5978
399786
14480
14696
14910
15074
14940
14778
15744
15146
14470
15304
6980
5882
5428
5358
5576
7220
5414
13422
5532
6268
5412
13574
10868
5710
6212
14228
10802
24868
15196
15190
6984
8692
14242
10100
