Latencies
7204
14310
8018
11678
12294
8028
11626
14768
42250
6056
10442
11658
5838
8232
13018
9394
15244
15436
11376
10624
13946
15478
13420
12438
12710
5544
5350
5790
6706
10922
11226
9680
12216
14218
24562
15704
14822
15694
14978
14988
15178
11872
10892
15154
16764
14930
8216
18558
18790
16384
12276
24336
14692
24014
13730
10380
6174
12752
6142
5342
5990
11892
12916
24732
9592
8696
9418
21092
6400
5584
5792
6268
20374
15834
14960
7146
9054
8172
14730
21016
14462
13828
7716
10580
14178
10720
9094
11880
6060
8600
11848
8116
8448
13188
7052
13682
12118
8570
16072
11842
13998
6992
12236
11384
25462
14912
15568
14964
15374
15484
15018
15512
15712
15804
15266
13354
13606
11920
7180
10488
7674
6560
5458
15024
5910
11856
18466
8794
24700
7540
10338
5676
6292
13796
6058
5700
5820
24802
8682
14976
16014
14918
15482
14738
15584
7130
7558
10110
24746
14920
15642
15464
8830
8140
6040
5742
5530
6536
5612
5598
5914
5566
6054
15110
5586
6278
5994
5970
5468
6620
5572
6664
5480
12960
13080
7094
23350
14618
7604
15086
5942
5544
5746
5404
6456
5400
6020
5560
5470
5498
5540
15650
11932
12892
10914
14492
15346
14750
15024
15166
14878
14936
15518
15730
15290
14996
15252
15182
15322
6000
5582
5718
5706
5592
5464
6032
5634
5642
5812
5698
5874
10246
12560
5686
6380
10440
6210
13352
10954
14652
12158
9572
16214
10262
8316
13992
6226
5396
5698
5452
6150
5492
5844
5492
5518
5450
5614
5898
5840
5848
6162
8934
6200
7834
12578
6464
5416
5848
5534
6016
6228
5572
5326
6106
14826
5430
13590
14104
10652
14842
8774
15230
8982
10296
14668
8616
24738
16374
15242
15106
15040
15582
15624
14920
14798
14708
25876
15036
15078
15296
6382
11598
7002
12568
15226
14866
14044
5554
5662
5452
16150
5416
5432
13568
10612
15672
12570
7552
6182
22762
6954
25098
15088
9054
8516
13216
9170
8236
11042
10814
12832
6158
5802
5900
5548
5454
6046
5908
13476
15378
8870
10134
10024
15048
15200
15602
14900
15046
15694
10446
7052
22318
5816
15590
9546
5418
7790
6918
5582
5744
5574
5658
6170
5478
6068
5480
5900
5468
5608
5472
5838
5448
5498
15484
5552
5864
5438
5880
5494
6070
5452
5614
7650
5414
5712
5346
6150
14050
8666
11866
12440
10350
5542
5956
5838
5630
6300
14568
14726
14076
8514
15094
7006
16478
10736
8652
11166
8506
15388
15962
15088
14536
15544
16274
15296
8466
7580
15212
14944
23690
5638
6362
9416
8026
7314
14644
13396
10856
8502
6830
8864
8840
14450
8272
11454
12342
13162
13686
14858
14680
11522
8674
13214
11884
5676
15892
12514
13548
13426
6656
10188
11694
12640
6410
15002
15384
16038
15100
16020
15530
17418
6330
14748
15974
5514
9648
6162
6034
5970
15792
14578
6408
19102
6550
7096
11316
12436
13178
9278
6712
11342
7196
5724
8194
15630
19278
9730
9596
14848
20524
13696
23142
16580
12896
15780
6038
7304
7724
12118
14828
12332
13950
10022
13838
8994
22526
8606
11778
7570
14810
7392
6256
5722
63540
25698
7698
6228
9538
7190
5668
6300
6208
5478
6066
11856
6452
7186
7132
9342
14120
25794
15706
15652
14932
14798
15412
14646
15144
7530
7714
14902
11282
20306
7564
14106
14362
9898
14124
24488
7292
15448
7398
5396
5522
5994
5500
5740
5414
6068
11782
13572
15464
7182
15490
14416
9594
15414
15208
15182
15388
15440
15370
10976
15780
9456
11856
7922
14758
15544
15102
16182
9910
14654
11114
11628
16280
8554
25042
24728
15466
14708
7250
12476
14908
5392
6072
5366
5804
6816
6200
5474
5650
5662
8486
12118
7418
15902
14148
7364
12410
9536
14440
13678
8404
11890
16388
7498
15512
25136
15342
14856
5926
14684
15582
10466
5924
6048
7368
14216
7558
11088
12354
8618
25084
15224
11740
6134
6040
15528
7550
5460
6106
5606
5926
5706
5438
5434
5912
5706
5410
8356
6386
5710
7446
5694
6308
12262
9132
5918
6352
8258
10500
9106
10914
8834
9496
8558
11334
14986
10940
7660
9348
7784
15288
8036
7778
9126
10936
6136
8716
25140
15394
14960
15020
14902
15738
15070
14996
6618
6502
5596
6144
5510
5904
5592
5524
6366
5390
5682
5804
5674
6266
5952
8918
15944
10742
12134
11128
16974
14048
5940
6658
5598
6366
7372
11214
13168
15410
12680
9322
15960
5846
9112
39226
10308
7288
12134
15566
14752
10124
25664
15490
15152
15302
15236
6840
21810
5978
16404
20248
13450
6194
6060
6268
7850
5496
11260
9506
15434
15052
6484
14878
14888
12944
9312
11104
15954
15192
15734
15390
7670
11810
14906
8302
14402
13420
12926
12984
6118
5992
6044
5934
6132
5508
5802
5546
6128
5584
5802
5384
6370
5560
6034
5474
23464
5832
5768
6108
5566
5426
6286
7690
289348
7886
13534
15484
11528
14668
9512
11998
14470
5696
5744
5498
5786
5894
5748
6968
15592
11014
6656
11532
11152
6852
14216
13158
7766
5834
5712
5676
6004
24956
14758
6734
25736
5462
6986
5874
6218
6784
20388
10700
15286
7750
9914
13034
13248
9840
14714
14562
11838
7940
5836
9332
6376
6032
5398
6044
5986
5558
5950
6266
6292
5584
5632
5558
5968
6182
5580
5928
5408
6272
5938
5550
5530
6304
7840
14128
11652
7698
5532
10680
6660
7364
9918
9186
10056
10168
7108
7912
10710
12400
25626
11518
12392
5880
6008
5892
8024
8034
8322
13384
8524
9176
25162
14612
27434
6720
5608
5488
5652
5542
5940
5578
6054
5654
5532
5526
5678
5436
5522
5532
5644
15634
5956
246132
15316
13310
9738
15036
11032
15062
14188
13536
6200
7752
9434
9964
9890
6180
11114
6372
9890
14966
13882
7648
8930
15018
15536
14718
15350
14954
7828
9758
13880
14316
16486
13508
7724
5564
5444
5464
14040
6100
6256
10828
8938
13786
7132
15430
15756
15190
15062
6596
5626
6418
5768
5494
5834
5978
5552
10794
8920
19496
10616
9932
12956
15854
15188
24460
11438
7908
7606
7586
10566
15228
14976
15002
14830
15818
15062
15710
15548
12158
15458
6060
14766
7968
9798
6290
14926
11550
13218
9336
6268
5920
5486
5522
7328
5680
