Latencies
4968
4984
5012
5012
5012
5014
5014
5016
5018
5018
5020
5022
5022
5024
5028
5030
5034
5036
5036
5040
5040
5042
5046
5046
5046
5050
5050
5050
5054
5054
5056
5058
5060
5062
5066
5066
5068
5070
5070
5072
5072
5074
5074
5076
5076
5078
5078
5080
5082
5082
5084
5084
5084
5086
5086
5086
5088
5088
5090
5090
5092
5094
5094
5094
5096
5096
5098
5098
5100
5102
5104
5106
5108
5112
5114
5114
5114
5116
5118
5120
5122
5122
5122
5122
5124
5124
5126
5128
5130
5132
5132
5134
5134
5136
5136
5136
5136
5138
5138
5142
5142
5142
5142
5142
5142
5142
5144
5144
5144
5144
5144
5146
5146
5146
5146
5146
5146
5148
5148
5148
5148
5148
5150
5150
5150
5150
5150
5152
5152
5154
5154
5154
5156
5158
5158
5158
5158
5160
5160
5162
5162
5162
5162
5164
5164
5164
5166
5166
5166
5168
5168
5168
5168
5170
5170
5170
5172
5174
5174
5174
5176
5176
5176
5176
5176
5178
5178
5178
5180
5180
5182
5184
5184
5184
5184
5184
5184
5184
5188
5188
5188
5188
5188
5190
5190
5190
5190
5190
5190
5192
5192
5192
5192
5192
5192
5194
5194
5196
5196
5196
5196
5198
5198
5198
5198
5200
5200
5200
5200
5202
5202
5204
5204
5204
5204
5206
5206
5206
5206
5206
5208
5208
5208
5208
5208
5208
5208
5210
5210
5210
5210
5210
5210
5212
5212
5214
5214
5214
5214
5214
5214
5214
5216
5216
5216
5216
5216
5216
5218
5218
5218
5218
5218
5218
5218
5218
5218
5220
5220
5220
5220
5220
5220
5222
5222
5224
5224
5224
5226
5226
5226
5226
5226
5228
5230
5230
5232
5232
5232
5232
5232
5232
5232
5232
5232
5232
5234
5234
5234
5234
5234
5234
5236
5236
5238
5238
5238
5238
5240
5240
5240
5240
5240
5242
5242
5242
5242
5244
5244
5246
5246
5246
5246
5248
5248
5248
5248
5248
5250
5250
5250
5250
5250
5250
5252
5252
5252
5254
5254
5254
5254
5254
5254
5256
5256
5258
5258
5258
5258
5258
5258
5258
5260
5260
5260
5260
5262
5262
5264
5264
5266
5266
5268
5268
5268
5268
5268
5268
5268
5270
5270
5272
5272
5272
5272
5272
5272
5274
5274
5274
5274
5274
5274
5276
5278
5278
5278
5278
5278
5280
5280
5280
5280
5280
5280
5282
5282
5282
5284
5284
5284
5284
5284
5284
5286
5286
5286
5286
5286
5286
5286
5286
5288
5288
5288
5288
5288
5292
5292
5292
5294
5294
5294
5294
5294
5294
5294
5294
5296
5298
5298
5302
5302
5304
5304
5304
5304
5306
5308
5308
5310
5310
5312
5314
5316
5316
5318
5318
5318
5320
5322
5322
5322
5324
5324
5326
5328
5328
5328
5328
5328
5330
5330
5332
5332
5332
5332
5334
5334
5334
5336
5336
5336
5336
5338
5340
5340
5342
5344
5344
5346
5346
5348
5348
5348
5348
5348
5350
5350
5350
5352
5352
5352
5352
5354
5356
5356
5356
5356
5356
5360
5362
5362
5362
5362
5362
5364
5364
5366
5366
5366
5368
5368
5370
5372
5374
5374
5376
5376
5376
5378
5378
5380
5380
5382
5384
5386
5386
5392
5392
5394
5394
5394
5396
5398
5402
5402
5404
5404
5408
5410
5410
5410
5410
5412
5412
5414
5420
5424
5426
5426
5432
5434
5436
5436
5440
5442
5442
5444
5446
5446
5448
5448
5448
5450
5450
5454
5458
5458
5462
5464
5470
5470
5472
5472
5474
5474
5478
5480
5480
5482
5482
5482
5482
5482
5482
5484
5484
5484
5488
5490
5490
5490
5490
5492
5492
5496
5498
5500
5500
5502
5502
5504
5504
5510
5512
5512
5514
5516
5516
5516
5520
5522
5524
5526
5526
5526
5528
5530
5532
5534
5536
5538
5542
5546
5546
5546
5548
5552
5552
5554
5556
5558
5558
5560
5560
5562
5562
5564
5566
5568
5570
5570
5570
5572
5572
5576
5576
5578
5578
5586
5588
5590
5590
5590
5598
5600
5602
5604
5604
5606
5608
5608
5612
5614
5614
5616
5616
5618
5622
5624
5626
5626
5630
5630
5630
5636
5636
5638
5638
5640
5644
5646
5650
5652
5654
5654
5656
5656
5662
5666
5666
5668
5668
5670
5670
5672
5674
5678
5680
5682
5682
5686
5686
5688
5692
5694
5696
5698
5704
5704
5706
5708
5716
5716
5718
5722
5722
5726
5726
5730
5730
5732
5732
5736
5738
5740
5742
5746
5750
5750
5758
5758
5762
5764
5766
5766
5770
5772
5772
5774
5776
5778
5778
5780
5786
5792
5792
5800
5802
5810
5816
5824
5824
5826
5826
5828
5828
5832
5834
5834
5834
5836
5840
5842
5848
5850
5854
5854
5854
5858
5862
5862
5864
5866
5868
5870
5882
5882
5882
5886
5890
5892
5896
5898
5908
5914
5914
5914
5914
5928
5930
5934
5934
5934
5936
5940
5948
5950
5954
5954
5958
5962
5968
5968
5968
5978
5978
5980
5984
5984
5984
5990
5996
6000
6002
6002
6004
6008
6016
6018
6024
6026
6028
6030
6058
6062
6064
6064
6068
6104
6112
6118
6132
6132
6134
6166
6170
6172
6184
6186
6206
6210
6214
6242
6274
6276
6290
6304
6326
6326
6364
6386
6386
6386
6414
6442
6458
6474
6478
6502
6504
6512
6548
6586
6604
6604
6634
6656
6668
6862
6862
6924
7290
7468
7568
7624
7838
8040
8316
8342
8358
8376
8438
8478
8488
8662
8808
8902
9046
9676
9896
10330
10788
10820
10960
11160
11366
11424
11496
11540
11600
11690
11784
11888
12086
12168
12802
12802
13072
13216
13450
13464
13498
13652
13722
13978
14056
14096
14158
14216
14352
14376
14390
14394
14400
14486
14500
14678
14804
14830
15122
15218
15426
15578
15672
15772
16082
17278
17910
17922
18552
18934
19618
20128
20286
20610
21800
21820
22592
22650
22710
22866
23508
24132
24748
25278
25554
25668
25888
26236
26270
26712
28706
29230
29254
30220
31070
33060
33710
34384
34592
35962
38106
38312
39024
40768
42790
42922
52318
