Latencies
5030
5030
5040
5040
5044
5046
5048
5050
5050
5068
5070
5072
5072
5074
5074
5078
5080
5080
5086
5092
5092
5096
5098
5098
5100
5104
5106
5116
5118
5118
5122
5122
5126
5126
5126
5128
5130
5134
5136
5136
5138
5142
5142
5142
5144
5148
5150
5150
5150
5150
5150
5152
5154
5154
5156
5156
5158
5160
5160
5164
5168
5168
5168
5168
5168
5168
5170
5170
5170
5170
5172
5172
5174
5174
5178
5180
5180
5182
5182
5184
5184
5184
5186
5188
5188
5188
5188
5188
5192
5194
5194
5194
5194
5196
5196
5198
5198
5198
5198
5198
5200
5200
5200
5202
5202
5202
5202
5202
5204
5206
5208
5208
5208
5212
5212
5212
5214
5214
5214
5214
5216
5216
5216
5216
5216
5216
5218
5218
5222
5222
5222
5224
5226
5226
5226
5228
5228
5230
5232
5232
5232
5232
5232
5234
5234
5236
5236
5240
5240
5240
5240
5242
5242
5242
5242
5242
5242
5242
5244
5244
5246
5246
5246
5248
5248
5248
5248
5250
5250
5250
5250
5250
5250
5250
5250
5252
5252
5252
5252
5254
5254
5254
5254
5256
5256
5256
5256
5256
5258
5258
5258
5258
5260
5260
5260
5262
5262
5262
5262
5262
5262
5262
5262
5262
5264
5264
5264
5264
5264
5266
5266
5266
5266
5268
5268
5270
5270
5272
5272
5272
5274
5274
5274
5276
5276
5276
5276
5276
5278
5278
5278
5280
5280
5280
5280
5284
5284
5284
5284
5286
5286
5286
5286
5288
5288
5288
5290
5290
5290
5290
5290
5292
5292
5292
5294
5294
5296
5296
5296
5296
5296
5298
5298
5298
5298
5298
5298
5298
5300
5300
5300
5300
5300
5302
5302
5304
5304
5306
5306
5306
5306
5308
5308
5308
5308
5310
5310
5310
5310
5310
5312
5314
5314
5314
5314
5316
5316
5316
5316
5318
5318
5318
5318
5318
5320
5322
5322
5322
5322
5324
5324
5326
5326
5326
5328
5328
5328
5328
5330
5332
5332
5334
5334
5334
5334
5334
5334
5336
5338
5338
5342
5342
5344
5344
5346
5346
5346
5346
5346
5348
5348
5348
5350
5350
5350
5352
5352
5352
5352
5352
5354
5354
5356
5356
5356
5358
5358
5360
5360
5362
5362
5362
5362
5364
5364
5366
5366
5366
5366
5368
5368
5368
5368
5370
5370
5370
5370
5372
5372
5376
5376
5378
5378
5378
5380
5382
5382
5382
5384
5384
5384
5384
5386
5386
5386
5388
5388
5388
5390
5392
5394
5396
5398
5398
5398
5400
5400
5402
5402
5402
5402
5408
5408
5410
5412
5414
5414
5416
5418
5420
5422
5424
5424
5426
5426
5426
5426
5430
5430
5432
5432
5432
5432
5432
5434
5436
5438
5440
5442
5442
5442
5444
5444
5444
5446
5446
5446
5446
5448
5448
5450
5452
5456
5456
5458
5458
5460
5462
5464
5466
5466
5470
5472
5474
5476
5476
5476
5478
5480
5480
5484
5484
5486
5486
5486
5486
5488
5488
5488
5488
5488
5490
5492
5492
5492
5496
5498
5498
5500
5500
5502
5504
5504
5506
5508
5510
5512
5512
5514
5514
5516
5516
5518
5520
5520
5520
5520
5522
5522
5524
5524
5524
5526
5526
5528
5530
5530
5532
5534
5536
5538
5540
5542
5542
5542
5544
5546
5546
5548
5548
5548
5548
5548
5550
5550
5552
5552
5554
5556
5558
5560
5560
5564
5564
5568
5568
5568
5578
5580
5582
5582
5582
5586
5586
5588
5588
5590
5592
5592
5596
5596
5598
5598
5600
5602
5606
5608
5608
5608
5610
5610
5610
5612
5614
5614
5616
5620
5624
5626
5630
5632
5632
5634
5634
5634
5636
5638
5638
5640
5642
5644
5646
5646
5648
5650
5650
5656
5658
5658
5660
5660
5668
5670
5676
5676
5676
5676
5680
5684
5686
5686
5686
5692
5692
5694
5694
5694
5696
5698
5702
5702
5704
5712
5714
5714
5714
5716
5716
5718
5728
5728
5730
5736
5738
5744
5746
5748
5750
5752
5754
5756
5758
5760
5760
5762
5770
5772
5774
5778
5780
5782
5784
5786
5788
5790
5790
5796
5796
5798
5798
5798
5800
5800
5802
5804
5804
5804
5806
5806
5808
5808
5810
5810
5810
5812
5814
5814
5816
5820
5820
5822
5824
5826
5828
5832
5834
5834
5834
5840
5840
5842
5844
5846
5848
5848
5854
5854
5856
5868
5874
5874
5876
5876
5878
5880
5882
5884
5886
5886
5892
5892
5894
5894
5894
5898
5900
5904
5904
5904
5904
5904
5908
5908
5916
5916
5918
5920
5932
5934
5936
5936
5936
5940
5942
5942
5942
5944
5944
5946
5952
5960
5960
5960
5964
5964
5966
5966
5974
5974
5982
5982
5984
5984
5986
5988
5992
5992
5994
5994
5998
6000
6002
6002
6004
6006
6006
6006
6008
6010
6012
6016
6018
6018
6018
6018
6024
6028
6030
6030
6036
6036
6038
6044
6048
6050
6052
6056
6060
6060
6062
6064
6064
6064
6068
6068
6072
6074
6104
6106
6106
6108
6110
6116
6122
6122
6124
6128
6128
6134
6138
6138
6148
6152
6170
6174
6176
6178
6182
6184
6192
6200
6204
6208
6210
6218
6222
6228
6230
6232
6246
6250
6264
6270
6276
6286
6294
6294
6304
6308
6314
6324
6324
6326
6332
6336
6338
6348
6356
6368
6398
6438
6442
6446
6454
6464
6468
6508
6512
6546
6550
6558
6572
6572
6574
6602
6664
6692
6692
6720
6726
6734
6734
6738
6756
6782
6830
6848
6864
6900
6920
6946
6976
7018
7064
7126
7460
7566
7826
7950
8010
8104
8212
8418
8554
8628
8640
8768
9064
9096
9096
9124
9200
9224
9270
9370
9396
9524
9568
9584
9626
9798
10076
10196
10232
10420
10948
11210
11266
11320
11514
11558
11612
11642
11720
11884
12212
12258
12606
13500
13510
13694
13894
13898
14266
14304
14350
14664
14734
14828
14922
15080
15242
15294
15420
15934
16676
16690
16992
17356
18038
18780
18902
19172
19262
19416
19912
19974
20142
20650
21052
22238
22382
22468
22564
22872
23774
24140
24376
24888
24890
24950
25174
25186
25300
25340
25370
25458
25510
25584
25720
26158
26580
28538
28902
29836
30262
32828
33604
33738
34118
34498
35940
36458
36572
36708
37190
39412
40918
45774
47686
