Latencies
4960
4996
5004
5006
5020
5022
5022
5024
5026
5032
5034
5036
5036
5040
5042
5046
5050
5050
5052
5052
5054
5056
5056
5058
5060
5060
5062
5064
5064
5066
5066
5068
5070
5070
5070
5072
5072
5072
5074
5074
5074
5078
5078
5078
5078
5080
5080
5080
5082
5082
5082
5082
5082
5084
5084
5086
5088
5088
5088
5092
5094
5096
5096
5096
5096
5096
5102
5104
5104
5104
5104
5104
5106
5106
5106
5110
5110
5112
5112
5114
5114
5114
5116
5116
5116
5118
5118
5120
5122
5122
5122
5124
5124
5126
5128
5128
5130
5132
5132
5132
5132
5134
5134
5134
5134
5134
5134
5136
5136
5136
5138
5140
5140
5140
5140
5140
5140
5142
5142
5142
5144
5144
5144
5144
5146
5146
5146
5148
5150
5150
5150
5150
5154
5156
5158
5158
5160
5160
5160
5160
5160
5160
5162
5162
5162
5162
5162
5162
5164
5164
5164
5164
5164
5166
5166
5168
5168
5168
5170
5170
5170
5170
5172
5172
5172
5174
5174
5174
5174
5174
5174
5174
5176
5176
5176
5176
5176
5178
5178
5178
5178
5178
5180
5180
5180
5180
5182
5182
5182
5182
5182
5182
5182
5182
5184
5186
5186
5186
5186
5186
5186
5188
5188
5188
5188
5188
5188
5190
5190
5190
5192
5192
5192
5194
5194
5194
5194
5194
5196
5196
5198
5198
5198
5200
5200
5200
5200
5200
5200
5200
5202
5202
5202
5202
5202
5204
5204
5204
5204
5206
5206
5206
5206
5208
5208
5208
5208
5208
5208
5210
5210
5210
5210
5210
5212
5212
5214
5214
5214
5214
5216
5216
5216
5216
5218
5218
5218
5218
5218
5218
5220
5220
5220
5220
5220
5220
5220
5222
5222
5222
5222
5224
5224
5224
5224
5226
5226
5226
5226
5226
5226
5226
5228
5228
5230
5230
5230
5232
5232
5232
5232
5234
5234
5236
5236
5236
5236
5238
5238
5238
5240
5240
5240
5240
5240
5242
5244
5244
5244
5246
5246
5246
5248
5248
5248
5248
5248
5250
5250
5250
5250
5250
5250
5252
5252
5252
5252
5252
5252
5252
5252
5254
5254
5254
5256
5256
5256
5256
5256
5258
5258
5258
5258
5258
5258
5258
5260
5260
5260
5260
5262
5264
5264
5266
5266
5266
5266
5266
5266
5268
5268
5268
5268
5268
5268
5270
5270
5272
5274
5274
5274
5274
5276
5278
5278
5280
5280
5280
5280
5282
5282
5282
5282
5282
5284
5284
5286
5286
5286
5286
5286
5288
5288
5288
5288
5288
5288
5288
5288
5288
5288
5290
5290
5290
5292
5292
5292
5292
5292
5294
5294
5294
5294
5298
5300
5300
5300
5302
5302
5302
5302
5304
5304
5304
5304
5308
5308
5308
5310
5312
5312
5314
5314
5316
5316
5316
5318
5320
5322
5322
5324
5326
5326
5328
5328
5330
5330
5330
5332
5332
5332
5334
5334
5338
5340
5340
5342
5344
5344
5346
5346
5346
5348
5348
5350
5352
5352
5352
5352
5352
5354
5354
5354
5354
5356
5356
5356
5358
5358
5358
5360
5362
5364
5364
5364
5366
5368
5368
5370
5372
5374
5374
5376
5376
5376
5376
5376
5376
5378
5380
5380
5382
5382
5382
5384
5384
5388
5388
5392
5392
5392
5394
5394
5394
5396
5398
5400
5400
5400
5400
5404
5406
5410
5410
5412
5414
5414
5416
5416
5418
5418
5418
5418
5420
5420
5420
5420
5420
5422
5422
5422
5424
5424
5424
5424
5424
5426
5428
5428
5428
5430
5430
5432
5432
5432
5432
5434
5434
5434
5436
5436
5438
5438
5440
5440
5444
5444
5446
5446
5446
5448
5448
5448
5450
5450
5454
5454
5456
5456
5462
5464
5464
5466
5466
5466
5470
5470
5470
5472
5474
5474
5474
5476
5478
5480
5480
5480
5480
5480
5482
5486
5488
5488
5492
5494
5494
5504
5504
5506
5506
5508
5512
5514
5516
5516
5516
5520
5520
5524
5526
5526
5528
5532
5534
5534
5536
5536
5536
5538
5538
5540
5544
5544
5546
5548
5550
5554
5556
5556
5560
5562
5562
5564
5564
5566
5566
5570
5570
5574
5576
5578
5580
5580
5582
5582
5584
5590
5590
5592
5594
5594
5594
5598
5598
5598
5602
5602
5606
5606
5608
5612
5612
5612
5612
5616
5616
5618
5622
5628
5632
5632
5634
5636
5636
5640
5642
5642
5642
5652
5654
5654
5658
5660
5664
5672
5674
5674
5676
5676
5678
5678
5680
5688
5690
5690
5692
5696
5696
5698
5700
5702
5702
5704
5706
5706
5716
5716
5718
5720
5722
5730
5730
5732
5732
5732
5732
5732
5732
5734
5746
5748
5750
5750
5750
5752
5754
5756
5760
5764
5766
5768
5770
5780
5780
5782
5790
5790
5792
5796
5800
5804
5806
5808
5812
5816
5816
5816
5818
5820
5820
5826
5826
5826
5828
5834
5836
5838
5838
5844
5844
5844
5850
5850
5852
5864
5864
5864
5866
5866
5868
5868
5870
5872
5876
5884
5886
5888
5890
5900
5902
5908
5912
5914
5916
5916
5918
5926
5930
5932
5934
5936
5946
5950
5950
5950
5950
5950
5952
5956
5960
5960
5962
5970
5982
5984
5986
5998
5998
6006
6008
6008
6008
6012
6014
6018
6022
6024
6032
6038
6040
6046
6052
6056
6056
6058
6062
6068
6068
6080
6082
6084
6088
6096
6104
6106
6112
6114
6114
6116
6122
6134
6144
6150
6154
6160
6182
6186
6188
6204
6212
6214
6218
6226
6248
6260
6260
6266
6268
6274
6286
6298
6302
6304
6308
6330
6332
6334
6346
6346
6364
6368
6376
6388
6400
6412
6412
6424
6430
6454
6500
6500
6542
6574
6604
6626
6712
6716
6794
6824
6870
7106
7250
7316
7472
7646
7852
7866
7878
7952
8022
8122
8226
8258
8308
8418
8442
8958
8968
9250
9284
9510
9568
9656
9686
9726
9846
9916
10032
10132
10138
10520
10608
10626
11214
11348
11500
12208
12290
12704
13516
14042
14270
14288
14592
14608
14620
14752
15108
15300
15408
15646
16590
17098
17326
17452
17574
17736
18034
18358
19912
20218
20236
20340
20404
20566
20878
22734
22906
24358
25560
25572
25692
26116
26280
27464
29044
31022
32088
32142
32156
33186
34878
34934
35000
35092
35370
35694
36822
43602
45274
