Latencies
4910
4974
4982
4996
5008
5012
5014
5020
5022
5028
5030
5032
5032
5048
5050
5052
5060
5064
5066
5084
5088
5090
5094
5100
5100
5100
5102
5104
5106
5106
5106
5112
5120
5120
5122
5122
5124
5130
5130
5132
5134
5136
5136
5136
5138
5138
5140
5140
5140
5142
5142
5144
5146
5148
5150
5150
5156
5156
5158
5158
5160
5160
5162
5162
5162
5164
5164
5166
5166
5166
5166
5168
5168
5170
5170
5170
5172
5172
5174
5174
5174
5174
5176
5176
5178
5180
5180
5182
5184
5184
5184
5186
5188
5190
5190
5192
5192
5194
5194
5194
5194
5194
5196
5196
5198
5198
5198
5198
5198
5200
5200
5200
5200
5200
5200
5200
5202
5202
5202
5202
5202
5204
5204
5204
5204
5206
5206
5206
5206
5208
5208
5208
5208
5208
5210
5210
5210
5210
5212
5214
5214
5214
5214
5214
5214
5216
5216
5216
5218
5218
5218
5218
5218
5218
5218
5220
5220
5220
5220
5220
5220
5220
5220
5222
5222
5222
5222
5224
5224
5224
5226
5226
5226
5226
5228
5228
5228
5228
5228
5228
5230
5230
5230
5230
5232
5232
5234
5234
5234
5236
5236
5238
5238
5238
5238
5240
5240
5240
5240
5240
5240
5240
5242
5242
5242
5242
5246
5246
5248
5248
5248
5248
5250
5250
5250
5250
5250
5252
5252
5252
5252
5252
5252
5256
5256
5258
5258
5258
5258
5262
5262
5262
5264
5264
5264
5264
5264
5264
5264
5264
5264
5266
5266
5268
5268
5270
5270
5270
5270
5270
5270
5270
5272
5272
5272
5274
5274
5274
5274
5276
5278
5278
5278
5278
5280
5282
5282
5282
5282
5284
5284
5284
5284
5286
5286
5286
5286
5286
5286
5290
5290
5290
5290
5292
5292
5292
5292
5296
5296
5296
5296
5298
5298
5298
5298
5300
5300
5302
5302
5302
5302
5302
5302
5302
5302
5302
5304
5304
5304
5304
5306
5306
5306
5306
5310
5310
5310
5314
5314
5314
5316
5316
5316
5316
5316
5316
5316
5316
5318
5320
5320
5320
5320
5322
5322
5324
5324
5324
5324
5324
5324
5324
5326
5326
5328
5328
5328
5330
5330
5330
5330
5332
5332
5334
5334
5334
5334
5336
5336
5338
5340
5342
5342
5342
5342
5342
5342
5344
5344
5344
5344
5344
5346
5346
5348
5348
5348
5350
5350
5352
5352
5352
5352
5352
5354
5354
5354
5356
5356
5356
5356
5356
5356
5356
5358
5358
5358
5360
5362
5362
5362
5364
5364
5364
5364
5364
5366
5368
5370
5370
5372
5372
5374
5374
5376
5376
5376
5376
5378
5378
5378
5380
5380
5380
5380
5382
5382
5382
5382
5382
5382
5382
5382
5384
5384
5384
5384
5384
5386
5386
5386
5388
5388
5388
5388
5390
5390
5390
5390
5390
5390
5394
5394
5394
5396
5396
5396
5398
5398
5398
5400
5400
5400
5400
5402
5402
5404
5406
5406
5406
5408
5408
5408
5410
5410
5410
5412
5412
5416
5418
5418
5418
5420
5420
5420
5420
5422
5424
5424
5424
5424
5424
5426
5426
5426
5428
5428
5430
5430
5432
5432
5432
5432
5432
5434
5434
5434
5436
5436
5436
5440
5442
5442
5442
5444
5444
5446
5446
5446
5448
5450
5452
5452
5454
5454
5454
5454
5456
5456
5456
5458
5458
5458
5458
5460
5460
5462
5464
5466
5468
5472
5474
5474
5476
5476
5478
5480
5480
5480
5480
5484
5486
5486
5490
5492
5492
5492
5494
5496
5498
5498
5498
5498
5504
5506
5506
5508
5508
5510
5516
5516
5516
5516
5516
5518
5520
5520
5520
5522
5522
5522
5524
5526
5526
5526
5528
5530
5530
5530
5530
5532
5534
5534
5534
5550
5550
5552
5552
5554
5554
5556
5562
5562
5562
5562
5564
5566
5566
5566
5568
5568
5570
5570
5574
5574
5574
5576
5580
5580
5580
5584
5584
5586
5588
5588
5588
5590
5590
5592
5594
5594
5594
5596
5596
5598
5598
5600
5600
5600
5602
5602
5604
5604
5606
5608
5610
5610
5612
5612
5614
5614
5614
5616
5616
5618
5618
5622
5624
5626
5626
5626
5626
5628
5630
5632
5636
5636
5636
5638
5646
5646
5648
5654
5654
5656
5656
5658
5660
5662
5666
5668
5670
5670
5670
5674
5676
5678
5680
5682
5682
5684
5684
5686
5688
5688
5690
5698
5698
5700
5700
5708
5712
5712
5718
5718
5722
5724
5724
5728
5728
5730
5734
5734
5734
5736
5740
5740
5740
5744
5744
5744
5746
5750
5752
5752
5752
5754
5754
5756
5760
5762
5762
5764
5764
5764
5766
5766
5774
5774
5774
5774
5776
5776
5776
5780
5780
5782
5790
5790
5790
5790
5792
5796
5800
5802
5802
5804
5806
5806
5808
5808
5810
5812
5812
5824
5824
5824
5826
5828
5830
5830
5830
5832
5832
5834
5840
5844
5846
5846
5848
5848
5852
5854
5858
5858
5860
5864
5866
5866
5870
5872
5874
5874
5880
5882
5886
5888
5888
5896
5898
5900
5900
5906
5910
5912
5912
5914
5916
5916
5918
5918
5922
5922
5926
5932
5934
5938
5938
5944
5944
5946
5950
5952
5956
5958
5960
5960
5962
5962
5966
5978
5980
5980
5982
5982
5984
5986
5988
5988
5990
5992
6000
6000
6002
6002
6004
6004
6012
6016
6018
6022
6034
6050
6052
6054
6064
6070
6076
6076
6078
6092
6092
6096
6096
6108
6112
6124
6134
6144
6152
6162
6166
6178
6200
6202
6218
6230
6234
6238
6250
6286
6316
6316
6320
6332
6340
6348
6360
6364
6388
6388
6398
6412
6422
6432
6446
6458
6464
6500
6502
6510
6512
6524
6532
6540
6572
6590
6590
6592
6600
6606
6612
6612
6612
6624
6638
6642
6664
6700
6702
6706
6714
6718
6734
6742
6748
6770
6794
6884
6984
7014
7104
7108
7160
7314
7360
7670
7682
7716
7828
7906
7912
8908
9092
9214
9498
9830
9900
10192
10682
10850
11474
11784
11890
13108
13140
13332
13562
13624
14476
14780
15088
15172
15414
15536
15566
17612
18020
18204
18778
18882
19544
19754
19814
20546
20650
21446
21610
21884
22364
22620
23188
23550
24394
24468
24544
24736
25056
25404
26158
27122
27220
32260
33592
33626
34166
36398
36738
40238
41904
