Latencies
5336
5370
5378
5408
5438
5448
5448
5450
5532
5558
5606
5622
5694
5698
5768
5778
5826
5846
5870
5892
5942
6036
6092
6174
6190
6240
6252
6282
6348
6354
6356
6364
6436
6564
6578
6602
6642
6674
6710
6710
6748
6920
6956
7032
7050
7088
7132
7136
7306
7318
7350
7350
7368
7420
7448
7480
7550
7618
7648
7650
7660
7684
7692
7730
7870
7912
7946
7990
7990
8002
8038
8144
8146
8198
8272
8290
8308
8408
8438
8524
8664
8684
8776
8964
9128
9144
9170
9190
9204
9384
9530
9542
9766
9876
9914
10052
10078
10080
10098
10146
10168
10296
10366
10396
10408
10442
10450
10474
10536
10774
10812
10818
11012
11054
11166
11260
11502
11562
11622
11662
11698
11714
11848
11872
12048
12098
12124
12228
12256
12356
12392
12418
12470
12474
12492
12534
12542
12562
12586
12648
12666
12706
12716
12726
12756
12882
12910
12932
12942
13196
13252
13290
13296
13342
13546
13630
13656
13774
13820
13886
13908
13942
13950
13950
14008
14024
14034
14040
14052
14126
14168
14228
14290
14334
14340
14342
14402
14416
14420
14426
14476
14558
14564
14588
14594
14596
14626
14674
14680
14692
14706
14734
14760
14768
14802
14808
14808
14812
14816
14826
14842
14844
14848
14854
14864
14864
14874
14896
14902
14904
14922
14940
14944
14946
14954
14956
14958
14978
14986
14988
14990
14996
15004
15064
15066
15086
15086
15098
15100
15104
15116
15134
15136
15160
15160
15162
15172
15174
15196
15212
15218
15224
15226
15232
15236
15250
15262
15266
15268
15276
15326
15344
15352
15374
15374
15390
15396
15404
15464
15468
15486
15506
15530
15558
15564
15572
15582
15586
15596
15604
15608
15614
15626
15628
15632
15660
15666
15674
15698
15702
15726
15772
15774
15782
15792
15920
15924
15970
15978
15992
16042
16060
16144
16182
16202
16208
16254
16378
16494
16524
16628
16632
16640
16742
16774
16786
16822
16926
16946
17144
17200
17536
17548
17560
17718
17744
17772
17836
17862
18042
18094
18094
18364
18372
18476
18668
18788
18792
18822
18848
18872
18890
19026
19108
19112
19160
19666
19780
19816
19974
20006
20012
20064
20070
20152
20160
20416
20432
20468
20596
20644
20732
20848
20874
20930
21040
21228
21250
21386
21418
21506
21510
21536
21568
21678
21756
21764
21836
21836
21936
22092
22166
22358
22400
22530
22534
22604
22608
22662
22676
22712
22714
22798
22910
22996
23108
23200
23238
23240
23272
23286
23320
23648
23682
23694
23790
23854
23908
23910
24008
24036
24052
24062
24066
24066
24088
24092
24124
24164
24164
24174
24224
24240
24256
24264
24264
24268
24284
24310
24334
24346
24358
24380
24390
24418
24438
24472
24482
24532
24550
24554
24560
24562
24582
24610
24618
24650
24658
24678
24696
24712
24736
24748
24752
24754
24770
24780
24780
24798
24804
24806
24808
24844
24864
24874
24882
24916
24940
24952
24958
24964
24968
25006
25010
25064
25082
25098
25134
25148
25182
25190
25210
25222
25224
25266
25278
25280
25282
25338
25342
25400
25408
25408
25416
25438
25444
25470
25508
25512
25522
25544
25554
25700
25846
25852
25880
25980
26022
26036
26178
26206
26282
26344
26474
26532
26534
26820
26856
26922
26994
27012
27104
27158
27254
27362
27530
27544
27566
27886
27962
28476
28700
28840
28876
28950
29082
29086
29122
29294
29512
29680
29694
29786
30098
30122
30226
30232
30362
30408
30422
30478
30484
30842
30872
31144
31200
31270
31274
31348
31770
31786
31880
32002
32078
32108
32138
32220
32254
32292
32304
32376
32550
32556
32668
32794
32862
32978
32988
33110
33362
33456
33684
33770
33778
33790
33834
33852
33870
33870
33872
33908
33968
33996
34064
34074
34076
34096
34116
34134
34134
34146
34150
34166
34166
34202
34206
34212
34226
34240
34240
34274
34300
34312
34330
34356
34360
34414
34422
34428
34438
34440
34446
34462
34478
34478
34480
34496
34528
34530
34532
34538
34562
34590
34598
34600
34602
34602
34608
34638
34642
34664
34694
34696
34696
34702
34726
34732
34734
34736
34758
34762
34762
34772
34776
34784
34792
34800
34810
34836
34840
34846
34848
34854
34884
34906
34908
34920
34920
34934
34942
34946
34946
34960
34982
34990
34994
34998
35008
35014
35038
35044
35054
35054
35058
35082
35120
35172
35180
35180
35186
35242
35258
35302
35324
35336
35378
35424
35442
35484
35510
35584
35662
35800
35810
35838
35922
36046
36358
36690
36718
37050
37172
37516
37586
38620
38674
39260
39554
39626
39662
40362
40430
40596
40660
40680
41514
42316
42408
43150
43392
43958
44188
44206
44254
44320
44328
44516
44562
44622
44630
44704
44772
44836
44954
44964
45680
46068
46178
46328
46400
46780
47500
49522
49660
49694
49828
50070
50312
50562
50794
50868
50946
51334
51930
52018
52116
52430
52736
53038
53206
53302
53314
53322
53336
53360
53458
53504
53574
53580
53588
53592
53626
53662
53664
53670
53706
53730
53734
53752
53760
53774
53800
53828
53900
53908
53916
53920
53924
53926
53944
53946
53986
53990
54026
54026
54026
54028
54028
54034
54044
54074
54076
54098
54100
54100
54154
54182
54220
54224
54228
54250
54258
54268
54278
54278
54300
54304
54304
54306
54308
54318
54346
54352
54370
54376
54424
54480
54484
54500
54514
54516
54528
54534
54576
54596
54650
54650
54664
54664
54670
54674
54736
54742
54752
54812
54906
54924
55044
55108
55304
55324
55342
55572
55600
55628
55848
55886
55992
56952
57080
57224
58788
58808
61030
61042
62120
62162
62794
63200
63266
63278
63318
64170
64192
64250
64432
64448
64654
66596
66786
66940
68800
69216
69640
69922
70218
71038
71920
72840
72954
73018
73236
73344
73350
73384
73472
73480
73520
73582
73668
73752
73836
73894
73936
74060
74086
74292
74370
74482
74522
74826
74844
74904
75094
75390
77502
82326
84648
89416
89518
90022
91150
92020
93692
94088
110148
124270
175550
241548
262720
584992
701232
20839258
