Latencies
5524
5552
5594
5646
5668
5760
5776
5838
5926
5956
6006
6008
6026
6094
6118
6130
6170
6198
6218
6224
6230
6274
6326
6362
6372
6412
6526
6544
6564
6566
6600
6658
6728
6754
6792
6916
6958
6994
7262
7274
7326
7362
7364
7390
7396
7422
7490
7514
7624
7638
7718
7764
7784
7790
7796
7818
7894
7900
7934
7944
7946
7990
8048
8068
8070
8102
8118
8204
8210
8224
8304
8398
8402
8560
8560
8570
8638
8638
8936
8992
9034
9216
9286
9366
9374
9376
9400
9496
9544
9574
9576
9624
9784
9800
9816
9834
9888
9894
10170
10198
10212
10280
10302
10328
10330
10338
10368
10414
10494
10550
10616
10644
10768
10792
10814
10820
10860
10866
10874
10882
10948
10958
11016
11034
11072
11174
11290
11330
11352
11358
11380
11466
11510
11532
11592
11778
11818
11832
11856
11896
11944
12096
12166
12206
12236
12340
12360
12362
12366
12372
12376
12412
12422
12452
12516
12572
12600
12608
12636
12674
12692
12712
12826
12844
12852
12934
12966
13010
13024
13090
13106
13138
13150
13214
13250
13292
13294
13392
13432
13524
13556
13564
13576
13576
13616
13688
13808
13812
13818
13848
13858
13864
13866
13870
13960
14060
14066
14084
14098
14116
14120
14162
14182
14198
14210
14220
14248
14306
14328
14382
14386
14414
14426
14432
14442
14454
14460
14466
14472
14528
14544
14582
14592
14598
14600
14626
14636
14660
14664
14700
14706
14722
14724
14730
14730
14758
14764
14770
14776
14798
14798
14800
14816
14818
14850
14870
14872
14874
14890
14900
14902
14920
14926
14932
14934
14936
14936
14944
14944
14948
14950
14952
14954
14960
14964
14966
14966
14968
14968
14986
14994
14994
14998
14998
15002
15008
15024
15034
15044
15046
15054
15062
15068
15090
15098
15128
15128
15132
15136
15146
15152
15152
15160
15162
15164
15176
15180
15182
15186
15220
15222
15224
15238
15240
15244
15254
15262
15266
15268
15270
15274
15276
15278
15286
15296
15304
15308
15310
15316
15320
15334
15336
15340
15348
15362
15366
15396
15422
15430
15446
15452
15468
15470
15480
15490
15492
15532
15544
15616
15618
15648
15652
15658
15672
15752
15784
15808
15840
15898
15904
15920
15942
16036
16078
16100
16122
16164
16182
16320
16324
16372
16502
16528
16592
16664
16694
16724
16754
16766
16770
16782
16826
16886
16912
16950
17160
17178
17276
17280
17308
17356
17470
17490
17676
17726
17778
17778
17834
17850
17868
17888
17950
18034
18196
18290
18346
18374
18432
18502
18514
18548
18590
18612
18694
18724
18736
18744
18774
18790
19060
19094
19110
19114
19186
19318
19320
19364
19412
19496
19510
19510
19510
19542
19560
19574
19660
19820
19968
20036
20264
20314
20324
20328
20364
20408
20422
20586
20630
20662
20714
20822
20900
20912
20926
20926
20966
21016
21074
21232
21236
21240
21260
21384
21388
21414
21632
21672
21774
21808
21834
21840
21842
21888
21958
22054
22058
22150
22160
22176
22210
22260
22388
22520
22590
22598
22664
22794
22998
23022
23192
23208
23250
23274
23378
23608
23610
23638
23752
23762
23798
23886
23892
23982
23998
24020
24100
24102
24124
24226
24250
24250
24262
24292
24296
24300
24302
24322
24424
24426
24434
24452
24496
24508
24520
24524
24526
24536
24552
24620
24628
24706
24720
24722
24740
24782
24782
24792
24792
24804
24824
24838
24842
24844
24846
24932
24952
24984
24994
25004
25032
25050
25050
25058
25060
25062
25082
25106
25156
25172
25182
25190
25198
25220
25242
25274
25296
25302
25314
25348
25376
25466
25584
25594
25598
25638
25660
25764
25794
25828
25830
25866
25940
25984
26100
26120
26248
26260
26396
26516
26526
26676
26734
26856
26920
27052
27064
27074
27094
27130
27316
27352
27360
27454
27588
27634
27636
27670
27748
27774
27888
27948
28004
28246
28662
28678
28702
28806
29000
29050
29150
29214
29276
29404
29708
29798
29846
29852
29856
29876
30070
30290
30312
30818
31166
31198
31298
31414
31546
31564
31640
31718
31762
31768
31782
31874
31896
32196
32218
32416
32442
32530
32610
32660
32710
33026
33142
33202
33276
33298
33352
33366
33366
33412
33568
33730
33812
33896
33906
33924
33932
33952
33958
33962
33966
33994
34004
34062
34074
34088
34096
34112
34136
34144
34178
34208
34246
34268
34286
34306
34322
34328
34358
34390
34392
34392
34400
34404
34458
34460
34464
34474
34490
34504
34510
34526
34534
34542
34566
34566
34568
34592
34652
34688
34786
34786
34792
34800
34820
34936
34984
35006
35100
35102
35208
35282
35360
35394
35422
35636
36512
36748
36840
36854
36986
36986
37082
37526
37542
37716
37806
38066
38518
38654
38808
38890
39268
39706
40894
41092
41104
41214
41456
42018
42182
42958
42990
43182
43316
43584
43678
43694
43732
43744
43784
43802
43812
43852
43860
43994
44018
44070
44092
44240
44480
44482
44522
44698
44724
44838
44920
45250
45266
45642
45958
46052
46496
47104
47120
47694
47964
48066
48138
48180
48230
48308
48446
49400
49402
49424
49528
49584
49680
50160
50428
50774
50814
51220
51524
51580
51730
51818
52572
52644
52656
52700
52918
53040
53096
53156
53208
53338
53412
53498
53554
53560
53564
53566
53742
53792
53796
53814
53828
53848
53864
53882
53912
53916
53930
53976
54010
54024
54026
54030
54034
54048
54090
54102
54128
54158
54204
54228
54258
54292
54326
54388
54484
54536
54578
54596
54656
54808
54854
54990
56128
58458
58672
58822
59650
61902
63116
63208
63392
66814
70398
70404
72026
73092
73222
73318
73374
73460
73462
73494
73536
73556
73560
73622
73624
73638
73740
73884
77720
82150
83472
273832
282354
764914
1052418
1804228
1875052
12484954
