Latencies
5892
5908
5990
6034
6070
6140
6456
6694
6970
6972
7024
7058
7388
7614
7636
7884
8104
8302
8400
8768
8816
8882
9174
9286
9408
9468
9618
10088
10332
10508
10600
10692
10872
11030
11122
11132
11150
11162
11348
11532
11618
11748
11968
12314
12438
12492
12890
13000
13032
13180
13184
13430
13602
13846
13866
13970
14080
14252
14282
14344
14392
14410
14620
14712
14718
14734
14786
14788
14796
14812
14840
14862
14874
14928
14956
14962
15062
15072
15082
15094
15118
15166
15182
15216
15300
15364
15366
15368
15424
15456
15538
15574
15610
15616
15640
15768
15784
15810
15890
15896
15974
16000
16022
16094
16096
16100
16156
16172
16186
16286
16332
16442
16488
16508
16564
16572
16600
16610
16618
16662
16666
16670
16688
16746
16848
16854
16880
16908
16914
16954
16978
17008
17036
17068
17116
17132
17146
17252
17310
17376
17458
17526
17616
17640
17646
17688
17700
17790
17862
17882
17922
17926
17948
17964
18074
18078
18130
18228
18304
18370
18382
18466
18708
18712
18740
18760
18836
18840
18870
18982
19004
19086
19164
19196
19286
19304
19342
19348
19410
19454
19650
19680
19712
19748
19764
19768
19778
19810
19854
19888
19924
19940
20180
20226
20258
20344
20352
20376
20430
20676
20730
20764
20862
20892
20912
20934
21040
21042
21078
21156
21180
21238
21262
21326
21382
21394
21402
21436
21466
21538
21608
21626
21692
21734
21736
21750
21776
21784
21828
21836
21844
21862
21894
21926
21996
22000
22128
22150
22184
22216
22226
22298
22346
22362
22396
22428
22442
22450
22458
22544
22564
22576
22644
22650
22678
22686
22698
22870
22928
22962
23034
23058
23068
23068
23086
23098
23122
23270
23344
23496
23516
23546
23598
23724
23738
23844
23976
24034
24074
24100
24128
24176
24240
24252
24298
24304
24324
24364
24490
24492
24576
24602
24620
24622
24688
24694
24706
24728
24738
24742
24788
24790
24804
24812
24832
24850
24894
24900
24924
24934
24984
24986
25076
25088
25094
25172
25254
25282
25304
25312
25322
25346
25392
25486
25488
25524
25536
25560
25574
25576
25592
25598
25650
25664
25720
25770
25776
25824
25858
25938
25944
26034
26056
26058
26080
26092
26096
26116
26222
26232
26244
26270
26280
26298
26312
26320
26322
26324
26324
26354
26372
26424
26486
26508
26548
26556
26594
26596
26620
26628
26644
26648
26702
26722
26730
26752
26764
26766
26800
26818
26820
26926
26974
27078
27278
27318
27348
27370
27442
27496
27516
27576
27610
27692
27754
27760
27850
27926
27934
27936
27982
27986
27992
28034
28066
28074
28138
28188
28222
28272
28510
28598
28642
28648
28700
28734
28780
28844
28916
28940
29000
29052
29060
29074
29104
29104
29148
29158
29210
29230
29242
29250
29282
29362
29458
29494
29522
29540
29798
29800
29860
29874
29904
29966
30068
30080
30102
30106
30116
30192
30290
30326
30470
30536
30550
30586
30588
30596
30674
30784
30810
30926
30942
30982
31074
31126
31130
31130
31164
31192
31240
31244
31254
31344
31352
31360
31554
31622
31686
31752
31756
31766
31858
31872
31874
31902
31942
31974
31986
31988
31990
32118
32140
32214
32242
32268
32300
32374
32386
32438
32446
32454
32516
32552
32604
32712
32802
32818
32826
32826
32846
32852
32884
32954
33054
33114
33160
33174
33180
33194
33336
33342
33366
33396
33396
33468
33468
33482
33500
33516
33516
33580
33590
33716
33774
33776
33788
33790
33810
33814
33832
33840
33846
33848
33866
33890
33902
33912
33918
33924
33938
33950
33952
33964
33992
34040
34042
34108
34198
34202
34212
34214
34234
34248
34282
34306
34330
34342
34352
34372
34378
34414
34438
34462
34486
34494
34530
34532
34558
34568
34568
34572
34576
34626
34662
34716
34722
34732
34750
34766
34772
34778
34802
34806
34832
34842
34874
34876
34924
34928
34960
34970
35004
35012
35030
35062
35082
35114
35120
35134
35148
35154
35212
35220
35332
35446
35528
35532
35640
35874
35878
36106
36198
36230
36326
36364
36444
36518
36624
36664
36756
37116
37174
37176
37314
37344
37376
37410
37418
37464
37602
37652
37798
38132
38172
38214
38224
38236
38404
38840
39090
39144
39184
39344
39388
39558
39690
39798
39882
39916
39952
40006
40162
40402
40616
41048
41210
41584
41668
41722
41858
41864
42048
42190
42250
42396
42538
42596
42638
42646
42670
42670
42772
42778
42872
42938
42958
43128
43202
43210
43332
43382
43442
43558
43620
43634
43644
43734
43766
43776
43800
43866
43870
43892
43962
43990
44010
44014
44024
44070
44110
44150
44180
44248
44264
44272
44344
44370
44446
44482
44502
44520
44544
44566
44650
44720
44774
44776
44832
44866
45004
45310
45386
45390
45390
45454
45506
45506
45542
45752
45774
45840
45844
45860
45882
46022
46072
46288
46320
46586
46608
46748
47162
47214
47420
47538
47758
47846
47932
48084
48124
48152
48186
48422
48584
48674
48746
48826
49064
49102
49326
49340
49378
49470
49498
49518
49522
49548
49598
49676
49736
49782
49880
50254
50254
50258
50468
50694
50718
50722
50920
51006
51024
51028
51170
51214
51358
51386
51392
51456
51504
51588
51764
52086
52284
52358
52390
52400
52418
52450
52660
52818
52894
52936
52958
53044
53052
53060
53156
53166
53196
53224
53268
53310
53316
53328
53338
53370
53450
53458
53476
53482
53484
53544
53548
53570
53574
53574
53628
53690
53700
53714
53726
53726
53736
53766
53814
53816
53818
53838
53840
53858
53870
53880
53890
53892
53896
53902
53936
53966
53980
53992
54022
54032
54102
54108
54110
54120
54152
54166
54168
54168
54198
54204
54206
54218
54262
54284
54306
54312
54322
54330
54336
54344
54346
54378
54384
54400
54504
54510
54548
54548
54578
54606
54614
54662
54726
54838
54846
54848
54850
54884
54884
54980
55018
55142
55380
55472
55596
55898
56008
56248
56626
56740
56854
56854
58368
58458
58660
59036
59298
59380
59442
59876
59964
61870
62066
62856
63068
63108
63506
63682
63688
63912
64376
64592
75296
84142
84558
86854
87444
88660
99314
99926
116354
136994
174568
196310
316072
353582
386350
436294
1265938
1275440
1565724
