Latencies
5664
5752
6120
6324
6594
6780
6932
7674
7956
8114
8414
8546
8980
9020
10030
10422
11078
11328
12050
12150
12306
12812
13446
14172
14494
14728
14756
15000
15122
15230
15232
15240
15352
15356
15418
15598
15698
15754
15782
15834
15896
15912
15946
15962
15972
16040
16052
16106
16160
16168
16292
16306
16316
16386
16438
16496
16510
16548
16596
16606
16648
16672
16676
16734
16772
16816
16836
16840
16874
16880
16896
16940
16946
17058
17060
17108
17138
17356
17364
17438
17438
17438
17494
17526
17570
17656
17672
17728
17846
17932
18038
18086
18094
18154
18164
18170
18268
18328
18360
18366
18416
18420
18464
18468
18626
18696
18724
18752
18798
18826
18880
18910
18922
18922
18948
18968
19034
19064
19184
19204
19582
19604
19634
19640
19690
19726
19780
19782
19822
19866
19870
19976
20066
20106
20178
20180
20208
20236
20288
20302
20342
20348
20354
20382
20388
20390
20390
20392
20392
20438
20454
20476
20476
20482
20508
20556
20562
20580
20584
20588
20598
20724
20754
20830
20844
20884
20960
20974
21074
21086
21100
21132
21422
21544
21612
21632
21638
21654
21676
21684
21812
21880
21908
21944
22026
22340
22356
22426
22560
22600
22626
22750
22774
22910
22996
23050
23066
23122
23140
23202
23246
23342
23390
23448
23472
23686
23716
23742
23926
23978
24006
24028
24086
24126
24158
24172
24174
24292
24312
24370
24384
24388
24422
24470
24492
24546
24548
24550
24588
24594
24670
24704
24736
24744
24770
24792
24808
24946
25020
25044
25058
25094
25106
25110
25142
25142
25156
25166
25204
25218
25258
25272
25278
25316
25328
25376
25380
25386
25390
25416
25434
25448
25468
25560
25562
25574
25584
25620
25642
25658
25664
25686
25688
25726
25726
25782
25818
25840
25860
25962
26020
26156
26232
26250
26266
26280
26308
26360
26458
26472
26586
26666
26724
26796
26844
26866
26912
26918
27018
27028
27080
27092
27126
27198
27270
27270
27284
27362
27366
27374
27400
27416
27476
27494
27500
27516
27560
27578
27636
27662
27690
27794
27820
27838
27870
27918
27924
27986
28028
28052
28134
28138
28142
28178
28222
28272
28322
28446
28602
28664
28672
28698
28706
28718
28728
28788
28810
28846
28898
28918
28992
29008
29022
29102
29132
29168
29236
29260
29336
29352
29384
29416
29446
29446
29450
29462
29526
29542
29616
29634
29638
29650
29662
29730
29730
29824
29826
29838
29848
29876
29906
29964
30052
30106
30148
30172
30230
30314
30394
30402
30460
30464
30502
30608
30646
30648
30704
30804
30806
30866
30868
30998
31220
31398
31414
31432
31438
31452
31568
31578
31610
31628
31672
31710
31740
31764
31816
31850
31944
31976
32048
32088
32156
32178
32256
32288
32358
32430
32446
32456
32488
32522
32522
32546
32584
32590
32650
32736
32772
32840
32862
32864
32868
32912
32974
32982
33044
33044
33054
33082
33122
33210
33210
33216
33228
33276
33310
33320
33322
33334
33350
33444
33468
33510
33542
33586
33662
33690
33756
33784
33858
33868
33882
33926
33968
33972
33996
34020
34040
34040
34046
34072
34096
34176
34182
34182
34186
34222
34248
34258
34288
34330
34338
34342
34348
34354
34366
34390
34420
34422
34430
34460
34466
34538
34540
34544
34548
34570
34600
34626
34630
34648
34652
34666
34666
34692
34704
34706
34716
34748
34752
34756
34756
34758
34760
34766
34774
34778
34786
34794
34798
34840
34850
34868
34874
34886
34896
34916
34926
34936
34970
34992
35018
35022
35044
35060
35070
35072
35078
35098
35114
35138
35192
35206
35256
35262
35268
35278
35376
35378
35388
35452
35468
35476
35548
35578
35586
35658
35688
35696
35702
35706
35722
35726
35760
35822
36064
36134
36208
36220
36262
36290
36324
36446
36450
36562
36574
36666
36690
36750
37038
37134
37216
37250
37420
37440
37534
37650
37956
37990
38132
38134
38190
38250
38300
38372
38384
38600
38642
38654
38770
38974
38986
39052
39066
39094
39114
39122
39150
39174
39196
39206
39316
39348
39374
39470
39600
39718
39742
39744
39792
39864
39876
40004
40040
40170
40180
40210
40316
40380
40400
40576
40632
40638
40692
40772
40990
41058
41088
41120
41172
41180
41362
41400
41408
41416
41626
41660
41734
41782
41816
41932
42058
42070
42112
42128
42156
42186
42190
42340
42434
42442
42496
42646
42698
42700
42784
42840
42924
42982
43082
43142
43146
43318
43420
43422
43446
43454
43456
43552
43580
43594
43716
43718
43754
43782
43826
43844
43892
43914
43974
44052
44130
44148
44190
44218
44328
44398
44438
44440
44480
44490
44506
44508
44566
44592
44698
44710
44730
44750
44824
44828
44830
44872
44936
44950
44976
45038
45122
45204
45488
45698
45732
45902
45968
46002
46004
46132
46142
46200
46240
46252
46256
46294
46420
46444
46480
46602
46700
46908
46926
47004
47038
47120
47174
47248
47312
47400
47506
47570
47626
47648
47770
47828
47982
48192
48220
48340
48380
48610
48640
48658
48674
49044
49090
49296
49434
49524
49566
49684
49688
49906
49934
49942
50160
50162
50360
50472
50600
50662
50754
50780
50788
50788
50788
50840
50884
51072
51076
51080
51232
51284
51686
51700
51724
51810
51900
51920
51946
51964
52000
52050
52140
52152
52286
52332
52448
52584
52678
52718
52756
52832
52864
53048
53104
53122
53136
53156
53172
53190
53306
53338
53356
53398
53402
53438
53454
53500
53510
53552
53554
53566
53604
53608
53622
53624
53628
53668
53688
53736
53740
53760
53766
53782
53790
53816
53822
53822
53826
53832
53846
53880
53900
53958
53958
53994
54020
54040
54090
54096
54110
54120
54122
54122
54148
54156
54186
54188
54190
54192
54192
54200
54234
54242
54266
54284
54286
54302
54354
54388
54410
54426
54458
54464
54476
54500
54570
54630
54648
54658
54680
54708
54738
54742
54766
54784
54800
54814
54874
54884
54938
54986
54994
55000
55038
55090
55094
55338
55806
55830
55868
55892
55950
56494
56776
56840
56898
56944
57052
57092
57618
57822
58006
58186
58616
59066
59328
59542
59716
59944
60026
60632
60836
60908
61210
61228
61376
61682
62240
62354
62842
62910
62932
63082
63436
63688
64242
64244
64450
64606
64652
64842
66554
69524
70088
70404
71464
73158
73948
74906
75166
76194
80026
82670
83444
86558
90256
90402
96366
98754
98956
102912
106378
117224
121256
146938
157530
160844
195034
271190
339948
373458
523910
625874
740784
1698322
2377180
2862906
3094612
13820206
