Latencies
4972
4976
4980
4992
4994
4996
4996
4998
4998
5000
5008
5012
5014
5014
5016
5016
5018
5018
5020
5020
5020
5020
5020
5020
5024
5026
5026
5026
5026
5028
5028
5028
5030
5032
5032
5032
5034
5034
5038
5040
5042
5042
5044
5044
5044
5044
5044
5046
5046
5046
5046
5048
5048
5048
5048
5048
5050
5050
5050
5052
5052
5052
5054
5054
5056
5058
5058
5060
5062
5064
5064
5064
5066
5066
5066
5066
5066
5068
5068
5070
5072
5072
5072
5074
5074
5074
5074
5074
5074
5076
5076
5076
5076
5080
5080
5080
5080
5080
5080
5082
5082
5084
5084
5086
5086
5086
5086
5088
5088
5088
5092
5092
5092
5094
5094
5094
5096
5096
5096
5096
5096
5096
5098
5098
5098
5102
5102
5102
5104
5104
5104
5106
5106
5106
5108
5110
5110
5110
5112
5112
5112
5114
5114
5120
5122
5122
5122
5124
5124
5124
5124
5126
5126
5126
5126
5128
5130
5132
5134
5134
5136
5136
5138
5138
5140
5144
5144
5146
5148
5148
5148
5148
5150
5150
5150
5150
5152
5152
5154
5156
5156
5156
5156
5156
5156
5156
5156
5158
5158
5158
5158
5160
5162
5162
5164
5168
5168
5168
5168
5170
5170
5170
5172
5172
5172
5172
5172
5174
5174
5176
5176
5178
5178
5180
5180
5180
5180
5180
5180
5180
5182
5184
5184
5184
5184
5184
5186
5186
5186
5188
5188
5188
5188
5188
5190
5190
5190
5190
5190
5190
5190
5192
5192
5192
5194
5194
5194
5196
5196
5196
5198
5198
5200
5200
5202
5202
5202
5202
5204
5204
5206
5206
5206
5206
5210
5210
5210
5210
5210
5212
5212
5212
5212
5212
5214
5214
5214
5216
5216
5216
5218
5218
5218
5220
5220
5220
5220
5220
5222
5222
5222
5224
5224
5226
5226
5226
5226
5226
5228
5230
5230
5230
5232
5232
5232
5232
5232
5234
5234
5234
5234
5234
5234
5234
5234
5236
5236
5236
5236
5236
5238
5238
5238
5238
5238
5240
5240
5242
5242
5242
5244
5246
5246
5246
5246
5248
5248
5248
5248
5248
5250
5250
5250
5250
5250
5252
5252
5252
5254
5256
5258
5258
5258
5260
5264
5264
5264
5264
5264
5266
5268
5268
5268
5270
5270
5270
5272
5272
5272
5272
5272
5274
5276
5276
5278
5278
5280
5282
5282
5282
5284
5284
5286
5286
5286
5286
5286
5288
5288
5288
5288
5290
5290
5290
5292
5292
5294
5294
5294
5294
5296
5296
5298
5300
5306
5306
5308
5310
5310
5310
5312
5314
5318
5318
5318
5318
5320
5322
5322
5322
5324
5326
5326
5328
5328
5328
5332
5332
5334
5334
5334
5334
5336
5336
5336
5338
5338
5338
5340
5340
5348
5348
5350
5350
5352
5352
5354
5354
5356
5356
5358
5360
5360
5370
5370
5370
5370
5372
5374
5376
5378
5378
5378
5380
5380
5380
5380
5380
5380
5382
5384
5384
5386
5386
5388
5388
5388
5388
5388
5390
5396
5396
5396
5398
5400
5400
5400
5400
5402
5402
5404
5404
5406
5408
5410
5416
5416
5416
5416
5418
5422
5422
5422
5424
5424
5428
5428
5428
5428
5430
5434
5434
5434
5434
5434
5440
5444
5446
5452
5454
5454
5460
5460
5462
5464
5464
5464
5466
5470
5474
5474
5476
5478
5480
5480
5480
5482
5490
5492
5494
5494
5498
5500
5500
5502
5502
5502
5502
5510
5510
5512
5512
5518
5518
5518
5520
5526
5530
5530
5532
5532
5534
5540
5540
5540
5540
5542
5542
5542
5544
5544
5546
5550
5550
5552
5552
5554
5558
5562
5564
5576
5582
5584
5584
5586
5590
5590
5592
5594
5596
5598
5598
5600
5610
5610
5614
5614
5620
5624
5624
5624
5624
5632
5632
5632
5634
5636
5636
5636
5642
5644
5652
5654
5656
5656
5656
5660
5664
5666
5668
5670
5670
5670
5672
5672
5680
5682
5682
5686
5688
5692
5694
5696
5700
5702
5702
5706
5706
5710
5722
5722
5722
5734
5736
5736
5738
5738
5742
5750
5750
5750
5754
5756
5758
5758
5768
5776
5786
5788
5788
5790
5790
5792
5798
5798
5800
5800
5800
5800
5808
5816
5820
5820
5820
5824
5824
5826
5828
5828
5832
5838
5846
5846
5850
5856
5864
5868
5872
5872
5874
5880
5884
5886
5890
5894
5898
5902
5904
5904
5912
5922
5924
5930
5934
5938
5944
5950
5950
5950
5952
5954
5960
5960
5966
5974
5976
5976
5988
6002
6002
6002
6018
6030
6042
6058
6064
6076
6080
6086
6090
6102
6108
6114
6118
6130
6136
6156
6190
6196
6198
6210
6214
6216
6222
6242
6254
6262
6268
6290
6306
6316
6332
6344
6360
6368
6370
6372
6376
6380
6380
6394
6408
6424
6432
6448
6466
6470
6472
6476
6486
6492
6512
6540
6546
6594
6596
6608
6612
6708
6718
6724
6780
6802
6864
6872
6876
6954
6958
7132
7310
7352
7532
7534
7768
7800
8138
8254
8312
8426
8578
8768
8790
9250
9482
9724
9782
9800
9844
9862
10612
10642
10850
10884
10928
11134
11186
11230
11520
11780
11878
11950
12036
12268
12588
12766
12836
12840
12938
13424
13580
13636
13694
13768
13994
14296
14404
14674
14902
14926
15122
15150
15200
15208
15212
15394
15756
15816
15876
16214
16418
16792
16922
17016
17478
17934
18168
18640
18716
19242
19378
19494
19986
20056
20762
20862
21366
21796
22272
22592
23258
23356
23558
23696
24074
24338
24964
25508
25580
25656
25880
26040
26390
26688
27192
28332
28714
29366
29518
29644
30352
30402
31092
31676
32078
32438
33270
33754
35390
35792
36144
36198
37982
41632
