Latencies
4990
4996
5002
5012
5014
5020
5022
5030
5034
5034
5034
5034
5044
5044
5044
5046
5058
5058
5060
5066
5066
5068
5068
5070
5070
5070
5072
5072
5074
5074
5076
5076
5078
5078
5080
5080
5086
5086
5086
5088
5090
5094
5094
5096
5096
5102
5102
5102
5102
5104
5104
5104
5104
5104
5104
5106
5108
5108
5108
5108
5110
5112
5114
5116
5116
5116
5116
5116
5116
5120
5120
5122
5128
5128
5130
5130
5130
5130
5130
5132
5132
5134
5136
5142
5144
5146
5146
5150
5150
5150
5150
5152
5152
5152
5156
5156
5156
5156
5158
5160
5160
5162
5162
5162
5164
5166
5166
5168
5168
5168
5168
5168
5170
5170
5170
5170
5172
5172
5172
5174
5176
5178
5178
5178
5178
5180
5180
5180
5180
5184
5184
5184
5184
5186
5186
5188
5188
5188
5188
5188
5190
5192
5192
5192
5192
5194
5196
5198
5198
5198
5200
5200
5200
5200
5200
5202
5202
5202
5202
5204
5206
5206
5206
5206
5208
5208
5208
5208
5208
5208
5208
5208
5208
5210
5210
5210
5210
5210
5212
5212
5212
5212
5212
5212
5212
5214
5214
5214
5214
5216
5216
5216
5218
5218
5218
5218
5218
5218
5218
5218
5218
5220
5220
5220
5220
5220
5222
5222
5222
5224
5224
5224
5224
5224
5226
5226
5226
5226
5226
5226
5226
5228
5228
5230
5230
5230
5230
5230
5232
5232
5232
5232
5234
5234
5236
5236
5236
5236
5238
5238
5238
5238
5240
5240
5240
5240
5240
5240
5242
5242
5242
5244
5244
5244
5246
5248
5248
5248
5248
5248
5250
5250
5250
5250
5250
5250
5250
5250
5250
5250
5250
5250
5252
5252
5254
5254
5254
5254
5256
5256
5256
5258
5258
5258
5258
5258
5260
5260
5260
5262
5262
5262
5262
5264
5266
5266
5266
5266
5266
5266
5266
5266
5266
5266
5268
5268
5268
5270
5270
5272
5272
5272
5272
5272
5274
5274
5274
5276
5276
5276
5278
5278
5278
5278
5278
5278
5278
5278
5278
5280
5280
5280
5280
5282
5282
5282
5284
5284
5284
5284
5284
5284
5284
5286
5286
5286
5286
5286
5288
5288
5288
5288
5288
5290
5292
5292
5294
5296
5296
5296
5296
5298
5298
5298
5298
5298
5298
5300
5300
5304
5304
5304
5304
5304
5304
5304
5306
5306
5306
5308
5308
5310
5310
5310
5310
5312
5312
5312
5314
5314
5314
5314
5314
5316
5316
5316
5318
5320
5320
5322
5322
5322
5322
5322
5324
5324
5324
5324
5326
5328
5330
5332
5332
5332
5332
5332
5334
5334
5334
5334
5334
5334
5334
5334
5336
5338
5338
5338
5338
5338
5338
5338
5340
5342
5342
5342
5342
5346
5346
5346
5352
5352
5354
5354
5354
5356
5356
5358
5358
5360
5360
5360
5362
5364
5364
5364
5364
5364
5366
5368
5368
5368
5368
5368
5370
5372
5374
5374
5374
5374
5378
5378
5378
5380
5380
5382
5384
5384
5384
5384
5386
5386
5388
5388
5388
5388
5390
5392
5392
5392
5392
5396
5396
5398
5400
5400
5402
5402
5404
5404
5404
5404
5406
5406
5408
5408
5408
5410
5412
5412
5412
5416
5416
5418
5422
5424
5430
5430
5434
5436
5438
5440
5442
5442
5444
5446
5446
5446
5450
5452
5454
5454
5454
5456
5458
5460
5462
5466
5466
5466
5466
5466
5468
5470
5472
5472
5472
5476
5476
5476
5476
5478
5480
5480
5480
5482
5482
5484
5484
5486
5486
5490
5490
5492
5494
5494
5496
5498
5500
5502
5502
5504
5504
5506
5506
5506
5508
5508
5508
5508
5510
5510
5524
5524
5526
5526
5526
5528
5530
5530
5532
5532
5534
5534
5536
5538
5542
5546
5546
5548
5550
5554
5554
5556
5560
5562
5564
5564
5566
5566
5566
5572
5574
5576
5576
5580
5584
5584
5584
5584
5586
5586
5588
5590
5596
5600
5600
5604
5606
5606
5608
5608
5610
5610
5612
5612
5618
5618
5618
5620
5620
5620
5620
5622
5624
5624
5628
5634
5638
5642
5648
5652
5652
5652
5656
5656
5658
5658
5660
5662
5664
5664
5664
5666
5668
5668
5672
5680
5684
5684
5686
5690
5694
5694
5700
5700
5702
5704
5706
5706
5710
5710
5712
5714
5714
5724
5726
5728
5732
5732
5734
5738
5740
5742
5746
5748
5748
5748
5748
5752
5756
5756
5758
5762
5766
5766
5770
5772
5780
5780
5782
5782
5786
5788
5788
5796
5796
5800
5804
5806
5810
5812
5818
5822
5830
5834
5842
5846
5852
5854
5854
5856
5858
5870
5872
5876
5876
5876
5880
5882
5886
5888
5888
5892
5894
5896
5896
5896
5896
5898
5900
5902
5902
5904
5906
5906
5908
5914
5914
5916
5916
5918
5924
5928
5932
5936
5938
5940
5940
5946
5946
5950
5950
5958
5972
5978
5980
6000
6002
6006
6008
6012
6012
6016
6024
6024
6026
6036
6042
6044
6054
6058
6078
6078
6080
6090
6092
6092
6102
6104
6106
6130
6136
6154
6160
6186
6208
6228
6228
6246
6250
6260
6344
6348
6350
6360
6370
6400
6402
6450
6464
6478
6518
6662
6668
6686
6768
6790
6832
6894
7082
7174
7186
7228
7310
7354
7430
7456
7556
7950
7980
8108
8294
8370
8414
8446
8540
8878
8920
8968
9120
9216
9442
9604
9792
9906
10008
10162
10378
10690
10894
10906
11222
11886
12098
12330
12426
12448
12504
12748
12856
12870
13124
13136
13178
13336
13570
13684
13802
13850
13892
13980
14080
14192
14478
14630
14676
14686
14816
14872
14922
15194
15414
15448
15460
15470
15608
15738
15998
16102
16408
16438
16780
16948
17008
17216
17778
18228
19168
20104
20418
20566
21022
21244
21534
21658
21892
21902
22442
22916
23086
23316
23536
23774
24034
24348
24358
24608
24934
24982
25360
25590
26284
27734
28550
28552
29126
29146
29484
29508
29618
29760
30926
31296
33850
35442
35592
35636
35804
36036
36346
36600
36634
36730
37208
37868
39750
42004
42062
46206
