Latencies
4992
4996
5024
5030
5034
5034
5038
5038
5042
5044
5048
5050
5050
5052
5054
5058
5060
5068
5068
5068
5078
5078
5080
5080
5080
5082
5082
5082
5084
5086
5086
5086
5088
5088
5090
5092
5092
5096
5096
5096
5098
5098
5100
5102
5102
5102
5104
5106
5106
5106
5108
5108
5108
5110
5110
5110
5112
5114
5116
5118
5118
5120
5124
5124
5124
5124
5126
5126
5126
5126
5128
5130
5130
5132
5134
5136
5138
5140
5140
5142
5142
5144
5146
5146
5148
5148
5148
5150
5152
5152
5154
5154
5156
5156
5156
5156
5158
5158
5162
5162
5162
5162
5166
5166
5166
5168
5168
5168
5170
5170
5172
5172
5174
5174
5176
5176
5176
5176
5178
5178
5178
5180
5180
5182
5182
5184
5184
5184
5184
5188
5188
5190
5190
5190
5190
5192
5192
5194
5196
5196
5198
5198
5198
5198
5198
5198
5200
5202
5204
5204
5204
5204
5206
5206
5206
5208
5208
5208
5208
5208
5210
5210
5210
5210
5212
5212
5212
5212
5214
5214
5214
5216
5216
5216
5216
5216
5216
5216
5218
5218
5218
5220
5220
5220
5220
5222
5222
5222
5222
5222
5222
5222
5222
5224
5226
5226
5226
5226
5226
5226
5226
5228
5230
5230
5230
5230
5232
5232
5232
5232
5232
5232
5234
5234
5234
5236
5236
5238
5238
5238
5238
5238
5240
5240
5240
5240
5240
5240
5242
5242
5242
5242
5244
5244
5244
5244
5244
5246
5246
5246
5248
5248
5248
5248
5248
5248
5248
5250
5250
5250
5250
5252
5252
5252
5252
5252
5254
5254
5254
5254
5256
5256
5256
5256
5256
5258
5258
5258
5260
5260
5260
5262
5262
5264
5264
5264
5266
5266
5266
5266
5266
5266
5266
5268
5268
5268
5268
5270
5270
5270
5272
5272
5272
5274
5274
5274
5274
5274
5274
5274
5274
5276
5276
5276
5278
5278
5278
5278
5278
5280
5280
5280
5280
5280
5282
5282
5284
5284
5284
5284
5286
5286
5286
5288
5288
5288
5288
5288
5290
5290
5290
5290
5290
5290
5290
5290
5290
5292
5292
5292
5294
5294
5294
5294
5294
5298
5298
5300
5300
5302
5302
5302
5302
5304
5304
5304
5306
5306
5306
5306
5306
5308
5308
5310
5312
5314
5314
5314
5314
5316
5316
5318
5318
5318
5320
5322
5322
5322
5324
5324
5326
5326
5328
5330
5330
5332
5332
5332
5334
5334
5334
5334
5336
5338
5338
5338
5338
5340
5340
5340
5340
5340
5340
5342
5342
5344
5344
5346
5346
5346
5348
5348
5350
5350
5350
5350
5350
5350
5352
5354
5354
5356
5356
5356
5358
5358
5358
5358
5358
5360
5360
5368
5368
5370
5370
5370
5372
5372
5372
5372
5372
5374
5374
5374
5374
5374
5374
5376
5376
5376
5378
5378
5380
5382
5382
5382
5382
5382
5384
5386
5386
5386
5386
5388
5388
5388
5390
5390
5390
5390
5390
5392
5392
5392
5394
5394
5394
5396
5396
5396
5400
5402
5402
5402
5402
5402
5402
5404
5404
5404
5404
5406
5406
5406
5406
5406
5408
5408
5412
5412
5414
5414
5414
5414
5414
5416
5416
5416
5418
5418
5418
5418
5420
5422
5422
5422
5422
5424
5426
5426
5428
5428
5432
5432
5434
5434
5434
5436
5436
5436
5438
5440
5440
5440
5442
5444
5444
5444
5444
5446
5446
5450
5450
5452
5452
5454
5454
5456
5458
5458
5460
5462
5462
5462
5464
5464
5466
5466
5466
5466
5468
5468
5470
5472
5474
5474
5474
5474
5476
5476
5476
5476
5476
5484
5484
5492
5492
5492
5492
5494
5496
5496
5498
5498
5500
5500
5502
5502
5502
5502
5508
5508
5510
5510
5510
5512
5518
5518
5518
5522
5522
5522
5522
5522
5524
5526
5526
5526
5530
5530
5530
5534
5536
5538
5538
5540
5540
5540
5542
5542
5542
5542
5544
5544
5546
5550
5552
5556
5558
5558
5562
5564
5568
5568
5568
5570
5574
5576
5576
5578
5580
5580
5582
5584
5584
5590
5590
5592
5592
5598
5598
5600
5604
5604
5606
5606
5610
5610
5610
5612
5612
5612
5612
5614
5616
5616
5620
5622
5622
5622
5624
5626
5626
5628
5630
5632
5634
5634
5634
5634
5636
5640
5644
5646
5646
5650
5654
5658
5658
5658
5658
5660
5660
5660
5662
5664
5670
5670
5674
5674
5676
5678
5682
5684
5688
5690
5690
5692
5692
5692
5692
5694
5694
5696
5698
5698
5700
5704
5704
5704
5704
5706
5706
5712
5712
5714
5716
5718
5728
5730
5732
5742
5744
5746
5748
5750
5752
5752
5756
5758
5758
5760
5766
5768
5770
5772
5776
5776
5780
5784
5790
5792
5794
5794
5796
5798
5798
5800
5800
5802
5802
5802
5804
5806
5808
5810
5812
5812
5812
5814
5816
5820
5820
5824
5824
5828
5830
5832
5836
5838
5842
5842
5846
5848
5850
5852
5858
5858
5866
5870
5876
5880
5882
5882
5886
5894
5894
5900
5900
5902
5908
5908
5910
5916
5918
5918
5924
5926
5926
5926
5928
5928
5932
5936
5938
5938
5940
5940
5942
5942
5950
5952
5952
5956
5968
5974
5974
5982
5990
5990
5992
6002
6006
6006
6022
6022
6024
6024
6044
6046
6048
6050
6052
6054
6058
6060
6060
6062
6064
6068
6072
6076
6080
6080
6082
6088
6100
6104
6104
6120
6134
6136
6138
6138
6140
6140
6148
6174
6178
6218
6224
6226
6228
6236
6238
6238
6248
6254
6308
6338
6370
6374
6380
6400
6402
6418
6434
6490
6508
6556
6598
6640
6696
6780
6848
6968
6988
7082
7094
7484
7602
7638
7820
8072
8090
8126
8240
8276
8340
8452
8476
8622
8980
9024
9162
9180
9308
9308
9366
9442
9666
9920
10076
10280
10466
10476
10608
10656
10664
10688
10724
10984
11128
11142
11300
11586
11724
11908
11956
12064
12094
12262
12408
12616
12988
13074
13452
13484
13764
14230
14612
15024
15060
15200
15262
15398
15464
15678
15808
15924
16524
16676
16930
17188
17576
19354
19874
20126
20128
20516
22086
22362
22458
23110
23220
23392
24144
25004
25096
25564
26024
26168
26192
26728
30426
30726
30858
32048
32082
32428
32724
32942
33084
33100
35306
36162
36596
38786
44424
45582
