Latencies
4962
4984
4986
4992
4994
5002
5006
5006
5008
5014
5016
5016
5022
5022
5024
5024
5024
5024
5028
5028
5028
5030
5032
5034
5034
5036
5038
5040
5044
5046
5046
5046
5046
5046
5048
5048
5052
5054
5060
5060
5062
5062
5062
5064
5066
5066
5068
5068
5072
5072
5076
5076
5076
5078
5078
5078
5078
5086
5086
5086
5088
5088
5088
5090
5092
5092
5094
5094
5094
5096
5096
5096
5096
5098
5098
5098
5100
5100
5100
5100
5100
5102
5102
5102
5104
5106
5108
5110
5110
5112
5112
5112
5114
5114
5114
5114
5116
5116
5118
5118
5118
5120
5120
5122
5124
5124
5126
5126
5126
5128
5128
5130
5130
5132
5132
5134
5134
5134
5136
5136
5138
5142
5142
5144
5144
5144
5144
5144
5146
5146
5146
5146
5148
5148
5150
5152
5152
5152
5152
5152
5152
5154
5154
5156
5160
5162
5162
5162
5162
5164
5164
5164
5166
5166
5166
5166
5168
5168
5168
5168
5170
5170
5170
5170
5170
5172
5172
5172
5172
5172
5174
5174
5174
5178
5178
5180
5180
5182
5182
5182
5184
5184
5184
5184
5184
5184
5184
5186
5186
5186
5186
5188
5190
5190
5190
5190
5192
5192
5192
5192
5192
5194
5194
5194
5196
5196
5196
5198
5198
5198
5198
5198
5198
5198
5198
5198
5200
5200
5200
5200
5200
5202
5204
5204
5206
5206
5206
5206
5206
5206
5208
5208
5208
5208
5208
5210
5212
5212
5212
5212
5212
5214
5214
5214
5214
5214
5216
5216
5216
5216
5216
5216
5216
5216
5216
5216
5218
5218
5220
5220
5222
5222
5222
5224
5224
5224
5224
5224
5224
5226
5226
5226
5226
5226
5228
5228
5228
5228
5230
5230
5230
5230
5232
5232
5232
5232
5232
5234
5234
5234
5236
5236
5236
5238
5240
5240
5240
5240
5242
5242
5242
5242
5244
5244
5244
5244
5244
5246
5246
5246
5246
5246
5248
5248
5248
5250
5250
5250
5252
5254
5254
5254
5254
5254
5254
5254
5256
5256
5256
5256
5256
5256
5258
5258
5262
5262
5262
5262
5264
5264
5264
5264
5264
5266
5270
5270
5272
5274
5274
5274
5274
5276
5276
5278
5278
5278
5278
5280
5280
5282
5284
5284
5284
5284
5286
5286
5286
5288
5288
5290
5290
5292
5294
5294
5294
5294
5296
5296
5296
5296
5298
5298
5300
5300
5300
5300
5304
5306
5306
5308
5310
5310
5312
5312
5314
5314
5314
5314
5316
5316
5318
5318
5318
5320
5322
5322
5324
5326
5326
5326
5326
5328
5328
5328
5330
5332
5332
5334
5334
5338
5338
5338
5338
5340
5342
5344
5344
5344
5346
5348
5348
5350
5352
5352
5352
5356
5358
5360
5360
5360
5362
5362
5362
5362
5362
5364
5364
5368
5368
5370
5374
5374
5376
5376
5378
5378
5378
5380
5380
5382
5382
5382
5384
5386
5386
5386
5386
5388
5390
5394
5396
5396
5396
5398
5398
5400
5402
5404
5406
5406
5408
5408
5408
5410
5410
5410
5410
5412
5414
5414
5414
5416
5420
5420
5420
5420
5422
5424
5426
5426
5426
5428
5428
5430
5432
5432
5434
5434
5434
5434
5438
5438
5438
5438
5440
5440
5442
5444
5444
5444
5446
5448
5450
5450
5452
5452
5454
5454
5454
5456
5456
5458
5458
5458
5464
5466
5466
5468
5468
5468
5468
5472
5472
5480
5480
5482
5482
5484
5484
5490
5492
5498
5498
5498
5498
5500
5500
5502
5502
5506
5506
5510
5512
5514
5514
5516
5516
5518
5518
5520
5524
5526
5526
5528
5528
5530
5530
5530
5534
5534
5548
5548
5548
5550
5552
5554
5554
5554
5556
5560
5560
5560
5560
5564
5564
5564
5564
5568
5572
5572
5574
5574
5574
5582
5584
5588
5590
5590
5592
5596
5596
5600
5602
5602
5608
5608
5612
5612
5614
5614
5616
5618
5620
5622
5626
5628
5630
5636
5642
5644
5646
5646
5656
5656
5658
5660
5662
5668
5668
5670
5670
5672
5674
5680
5682
5684
5684
5686
5686
5694
5694
5696
5702
5702
5704
5706
5706
5714
5714
5714
5716
5718
5720
5720
5720
5720
5722
5724
5724
5726
5732
5734
5736
5736
5738
5746
5750
5752
5752
5752
5752
5758
5764
5766
5766
5768
5768
5774
5774
5786
5786
5794
5800
5802
5806
5806
5808
5816
5824
5826
5826
5826
5826
5826
5828
5828
5828
5836
5838
5842
5856
5858
5860
5864
5866
5868
5870
5872
5874
5874
5878
5878
5882
5882
5882
5894
5898
5898
5900
5904
5906
5912
5914
5918
5918
5920
5920
5926
5926
5934
5934
5936
5940
5944
5944
5952
5964
5964
5966
5968
5970
5972
5974
5974
5976
5976
5978
5982
5988
5990
5992
5994
5996
5998
6004
6008
6008
6008
6018
6024
6024
6030
6032
6042
6042
6042
6044
6048
6048
6072
6074
6074
6078
6080
6082
6086
6086
6096
6104
6118
6124
6126
6126
6130
6130
6134
6136
6142
6152
6160
6166
6166
6168
6170
6186
6190
6218
6222
6222
6224
6238
6238
6250
6262
6270
6272
6284
6294
6304
6306
6316
6318
6322
6354
6400
6442
6456
6470
6472
6490
6500
6514
6534
6672
6694
6824
6844
6866
6930
6960
6966
6998
7000
7018
7084
7254
7416
7804
7844
8004
8086
8200
8484
8520
8576
8738
8774
8834
8868
8968
8984
9172
9226
9228
9268
9378
9430
9630
9808
9822
9836
9922
9930
10090
10228
10350
10830
10886
11164
11254
11412
11550
11640
11762
12128
12382
12582
12834
12974
13282
13868
14064
14432
14464
14720
14748
14772
15028
15690
16258
16422
16454
17146
17206
17316
17670
17732
18356
18538
18810
19126
21026
21442
21974
23298
23314
23620
24376
25198
26316
27760
27804
28406
28722
28944
29392
29924
30822
31750
32268
33550
33916
34010
34326
34618
34794
34992
36098
36702
38178
39518
39752
40372
41240
41562
52260
55418
62592
80260
10277066
