Latencies
5048
5094
5098
5104
5104
5112
5122
5124
5124
5128
5130
5130
5134
5136
5136
5140
5142
5142
5144
5146
5148
5148
5150
5150
5150
5152
5154
5156
5158
5158
5160
5162
5162
5164
5164
5168
5168
5170
5170
5170
5172
5174
5174
5176
5178
5178
5178
5180
5180
5182
5184
5184
5186
5190
5192
5192
5194
5194
5196
5198
5204
5204
5206
5210
5210
5210
5212
5212
5214
5214
5214
5216
5216
5216
5222
5222
5224
5226
5226
5228
5232
5234
5234
5234
5234
5234
5236
5238
5238
5240
5240
5242
5242
5242
5244
5248
5248
5252
5252
5256
5258
5258
5258
5258
5260
5260
5260
5260
5262
5262
5264
5264
5264
5264
5266
5268
5268
5270
5270
5270
5272
5272
5274
5274
5276
5276
5276
5278
5278
5278
5278
5278
5280
5280
5280
5282
5282
5284
5284
5286
5286
5286
5286
5286
5288
5288
5288
5288
5288
5288
5290
5292
5294
5294
5296
5296
5296
5296
5296
5296
5296
5298
5298
5298
5298
5298
5298
5300
5300
5300
5302
5302
5302
5302
5304
5304
5304
5306
5306
5306
5306
5306
5306
5308
5308
5308
5308
5310
5310
5312
5312
5312
5312
5312
5314
5314
5314
5314
5314
5314
5314
5316
5316
5316
5316
5318
5318
5318
5320
5320
5320
5320
5320
5322
5322
5322
5322
5324
5324
5326
5326
5326
5326
5328
5328
5328
5330
5330
5330
5330
5330
5332
5332
5332
5334
5334
5334
5336
5336
5336
5338
5338
5338
5338
5338
5338
5340
5340
5340
5340
5342
5344
5346
5346
5346
5346
5346
5346
5348
5348
5350
5350
5350
5352
5352
5352
5352
5354
5354
5356
5356
5356
5356
5358
5358
5358
5358
5358
5358
5360
5360
5360
5362
5362
5362
5362
5364
5364
5364
5364
5364
5364
5366
5366
5366
5366
5368
5368
5370
5370
5370
5370
5370
5374
5376
5376
5376
5376
5376
5376
5378
5378
5378
5378
5378
5378
5378
5380
5380
5380
5380
5380
5384
5384
5384
5384
5384
5386
5386
5388
5388
5390
5390
5390
5390
5390
5392
5392
5394
5394
5394
5394
5394
5396
5396
5396
5396
5396
5396
5398
5398
5398
5398
5398
5398
5398
5398
5400
5400
5400
5402
5402
5404
5406
5406
5406
5406
5406
5408
5410
5410
5410
5410
5412
5412
5412
5412
5414
5416
5416
5418
5418
5420
5420
5422
5424
5424
5424
5426
5426
5426
5426
5426
5428
5428
5428
5430
5430
5430
5432
5436
5438
5438
5440
5442
5442
5442
5442
5444
5444
5444
5444
5446
5446
5448
5448
5448
5448
5448
5450
5450
5450
5454
5454
5454
5456
5456
5458
5458
5458
5458
5458
5460
5460
5460
5462
5462
5464
5464
5464
5466
5466
5468
5468
5470
5472
5472
5472
5474
5476
5476
5476
5478
5478
5480
5482
5482
5482
5482
5482
5484
5486
5486
5486
5490
5490
5490
5492
5492
5492
5492
5496
5500
5500
5500
5502
5504
5504
5506
5506
5508
5508
5508
5508
5510
5510
5510
5510
5512
5512
5512
5514
5514
5514
5516
5516
5516
5516
5518
5518
5518
5520
5520
5520
5522
5524
5524
5526
5528
5528
5530
5530
5530
5534
5534
5538
5538
5540
5542
5542
5542
5546
5546
5548
5548
5548
5548
5552
5554
5558
5560
5562
5564
5564
5566
5566
5568
5568
5570
5570
5574
5578
5580
5580
5582
5586
5588
5588
5590
5590
5590
5594
5600
5600
5604
5604
5608
5608
5608
5610
5614
5616
5616
5616
5616
5618
5618
5618
5622
5622
5624
5624
5626
5626
5628
5628
5628
5628
5628
5630
5634
5634
5638
5638
5642
5642
5642
5644
5646
5646
5650
5652
5654
5656
5656
5658
5662
5664
5666
5666
5666
5666
5674
5674
5680
5680
5682
5682
5682
5682
5684
5684
5686
5686
5688
5690
5690
5690
5692
5698
5698
5698
5700
5700
5702
5704
5706
5708
5710
5724
5726
5728
5728
5736
5736
5738
5738
5740
5740
5742
5744
5750
5750
5754
5758
5762
5766
5768
5768
5772
5774
5774
5776
5776
5776
5776
5776
5776
5780
5782
5784
5788
5788
5790
5792
5794
5794
5794
5796
5796
5796
5798
5798
5800
5802
5802
5804
5804
5806
5806
5808
5808
5808
5810
5810
5810
5810
5812
5816
5816
5818
5820
5826
5826
5828
5828
5830
5832
5832
5836
5836
5842
5842
5842
5846
5846
5848
5850
5858
5858
5860
5860
5862
5866
5866
5868
5872
5876
5878
5882
5886
5888
5888
5892
5892
5900
5902
5906
5906
5906
5906
5908
5908
5912
5912
5920
5920
5924
5924
5924
5930
5934
5934
5938
5940
5942
5944
5944
5950
5950
5952
5954
5954
5954
5962
5964
5970
5980
5980
5982
5982
5984
5990
5992
5992
5992
5996
6000
6002
6004
6008
6010
6020
6022
6024
6026
6030
6032
6034
6034
6034
6038
6042
6042
6048
6056
6056
6056
6056
6062
6064
6064
6066
6066
6072
6074
6076
6078
6078
6080
6080
6080
6090
6092
6092
6098
6098
6100
6102
6104
6112
6116
6124
6128
6128
6130
6136
6142
6162
6166
6168
6170
6170
6174
6174
6182
6182
6186
6192
6194
6196
6196
6202
6208
6216
6226
6232
6234
6242
6258
6276
6284
6286
6286
6294
6294
6304
6306
6316
6330
6350
6354
6376
6380
6382
6384
6406
6408
6422
6424
6452
6472
6492
6536
6546
6550
6586
6606
6664
6668
6668
6684
6694
6696
6736
6758
6788
6800
6814
6818
6832
6890
6922
6956
6972
6992
6998
7008
7010
7168
7262
7388
7520
7648
7810
7918
7968
8156
8348
8454
8464
8836
8840
8980
9076
9148
9488
9570
9664
9814
9864
10048
10208
10342
10470
10654
10736
10746
10820
11324
11502
11796
11950
11978
12304
12604
12626
13228
13292
13472
13668
13784
13804
14610
14734
14770
14974
15310
15520
15802
15830
15970
16436
16450
16952
17620
18006
18062
18144
18342
18464
18654
18716
18758
19046
19480
19860
20144
20226
21190
21204
21832
22038
22136
23490
23758
24306
24486
24678
24784
24862
25378
25640
25840
26378
26460
27052
27822
28132
28380
28382
30106
30292
31350
31676
33062
33842
34098
34762
34978
35452
36172
37962
38042
41228
42492
52716
52776
55080
63208
