Latencies
5506
5786
6194
6410
6440
6546
6550
6950
7284
7500
7712
8058
8154
8228
8268
8308
8310
8410
8870
8984
9006
9254
9428
9452
9466
9600
9816
9830
10218
10234
11634
11816
11834
12244
12632
13342
13468
13592
13780
14014
14108
14132
14146
14320
14486
14556
14926
15024
15084
15244
15428
15438
15588
15920
15998
16052
16082
16236
16460
16486
16518
16548
16562
16596
16654
16680
16740
16828
16852
16878
17022
17096
17148
17168
17186
17190
17190
17222
17268
17324
17392
17408
17432
17448
17590
17620
17702
17720
17754
17840
17892
17982
17988
18000
18324
18360
18374
18440
18456
18510
18772
18840
18858
18894
18896
19144
19144
19152
19300
19370
19518
19544
19780
19800
19804
19826
19850
19900
19926
20022
20028
20042
20172
20240
20244
20416
20432
20450
20488
20636
20756
20788
20790
20926
20938
21026
21252
21280
21446
21472
21500
21804
22070
22190
22208
22344
22388
22506
22546
22606
22712
22720
22748
22788
22826
22866
22960
23018
23058
23114
23122
23252
23270
23300
23362
23530
23686
23692
23824
23836
23870
23882
23970
23980
24202
24254
24258
24278
24278
24364
24372
24416
24550
24552
24582
24678
24696
24716
24718
24792
24852
24868
24890
24908
24910
24970
24970
24988
25030
25062
25082
25086
25126
25142
25156
25352
25362
25386
25394
25394
25400
25418
25430
25434
25500
25542
25586
25606
25646
25646
25668
25726
25726
25796
25810
25864
25990
26068
26076
26104
26254
26334
26390
26496
26578
26638
26672
26690
26738
26924
26940
27096
27204
27392
27490
27616
27630
27638
27642
27644
27658
27792
27848
27898
27902
27938
27980
28122
28366
28440
28532
28598
28642
28644
29050
29052
29082
29276
29280
29338
29472
29660
29690
29908
29978
30014
30042
30142
30176
30366
30370
30378
30440
30684
30812
30956
30962
31016
31102
31268
31322
31366
31556
31564
31734
31770
31816
31832
31990
31994
32272
32276
32310
32310
32324
32444
32502
32552
32662
32772
32982
33000
33024
33044
33054
33248
33344
33374
33516
33620
33680
33694
33748
33796
33826
34014
34032
34052
34128
34152
34172
34204
34264
34346
34350
34400
34454
34474
34474
34474
34498
34514
34528
34530
34552
34554
34562
34574
34580
34582
34598
34634
34644
34656
34692
34738
34762
34776
34842
34858
34892
34930
34932
34942
34986
35000
35006
35046
35058
35078
35116
35124
35124
35166
35176
35188
35274
35302
35358
35374
35458
35464
35468
35476
35548
35558
35606
35626
35744
35768
36034
36036
36066
36080
36116
36184
36196
36446
36474
36500
36518
36536
36636
36662
36770
36836
37212
37480
37546
37666
37956
37978
38034
38212
38262
38332
38442
38454
38624
38714
38722
38728
38732
38848
38854
39098
39120
39134
39158
39184
39220
39264
39268
39500
39656
39754
39898
40082
40176
40178
40212
40258
40350
40478
40496
40496
40644
40896
40928
40982
41674
41740
41868
42054
42128
42206
42216
42282
42332
42374
42420
42468
42494
42600
42618
42642
42792
42802
42802
42964
43202
43270
43336
43354
43380
43428
43504
43560
43570
43658
43692
43708
43758
43760
43798
43822
43842
43870
43990
44150
44154
44248
44272
44326
44334
44416
44432
44450
44464
44508
44508
44604
44618
44642
44666
44732
44802
44808
44848
44942
45002
45034
45042
45046
45222
45358
45386
45680
45760
45764
45910
46516
46550
46562
46594
46622
46630
46750
46822
47198
47234
47270
47564
47596
47708
48016
48030
48090
48136
48172
48226
48774
48790
48870
48904
48922
48932
48934
48944
48970
48974
49022
49096
49112
49180
49432
49528
49538
49644
49674
49678
49826
49842
49962
50104
50130
50134
50334
50458
50458
50602
50646
50694
50986
51274
51282
51286
51292
51354
51412
51520
51554
51572
51658
51690
52106
52108
52310
52374
52442
52490
52564
52742
52820
52850
52994
53008
53024
53090
53094
53100
53182
53266
53298
53398
53468
53492
53566
53606
53620
53648
53672
53686
53698
53728
53758
53800
53856
53862
53866
53882
53944
53962
54004
54036
54038
54126
54138
54150
54156
54162
54202
54222
54254
54260
54304
54386
54388
54398
54400
54408
54414
54434
54446
54462
54462
54576
54630
54644
54646
54828
54886
54892
54904
54906
54910
54992
55034
55296
55312
55368
55428
55436
55536
55624
55852
56114
56168
56168
56242
56334
56346
56438
56666
56914
56946
57116
57308
57468
57532
57808
57924
57936
58968
59462
59556
59570
59738
60066
60114
60254
60916
61320
61554
61612
61892
61922
61950
62292
62350
62352
62382
62482
62554
62608
62608
62614
62874
63032
63046
63092
63330
63336
63376
63424
63494
63596
63604
63706
63856
63890
63914
63988
64110
64154
64174
64190
64682
64776
64840
64948
65242
65250
65280
65558
65656
65842
65864
65874
65902
65988
66128
66302
66344
66594
66674
66692
67020
67216
67224
67224
67326
67538
67772
67898
68124
68158
68188
68526
68526
68618
69302
69350
69380
69792
70338
70628
71230
71632
71688
71844
71846
71984
72176
72230
72330
72562
72574
72746
72782
72818
72862
72878
72884
72964
73042
73048
73086
73098
73172
73178
73240
73248
73250
73290
73322
73362
73376
73378
73380
73384
73420
73440
73462
73468
73472
73510
73522
73568
73576
73598
73604
73672
73688
73764
73864
73868
73958
73986
74068
74130
74166
74182
74226
74232
74252
74292
74302
74312
74378
74482
74620
74642
74734
74758
74886
74896
74988
75030
75226
75274
75328
75520
75524
75966
76040
76156
76218
76478
77038
77046
77098
77764
77890
78618
78658
79594
79734
81032
81114
81180
82294
82458
82652
83050
83062
83176
83330
83814
83884
83992
83998
84246
85734
86100
86986
87118
87732
88362
88784
89042
89608
89788
90190
90672
91434
91456
91550
91850
91902
91992
92082
92104
92128
92382
92392
92630
92654
92666
92670
92718
92846
92868
92880
92902
93026
93092
93098
93100
93116
93176
93180
93256
93448
93476
93498
93550
93790
93832
93842
93846
93978
94272
94288
95204
96394
101074
102618
108598
111190
118028
126818
129078
134066
139002
141460
168980
317194
320066
376656
923720
1361658
1684472
11648382
