Latencies
5082
5124
5172
5176
5202
5206
5208
5216
5226
5228
5252
5258
5262
5264
5270
5272
5278
5284
5300
5306
5312
5316
5326
5326
5334
5358
5358
5370
5370
5376
5376
5376
5388
5392
5396
5396
5406
5408
5410
5424
5426
5430
5434
5434
5434
5436
5438
5440
5448
5450
5452
5458
5462
5462
5464
5466
5470
5476
5478
5488
5490
5490
5492
5492
5496
5496
5504
5522
5526
5526
5534
5548
5550
5560
5570
5572
5590
5594
5608
5608
5618
5622
5624
5626
5628
5636
5640
5642
5648
5650
5652
5656
5656
5658
5658
5680
5682
5686
5690
5692
5702
5710
5714
5720
5722
5742
5748
5750
5752
5756
5758
5766
5766
5768
5788
5788
5800
5800
5800
5804
5820
5834
5846
5848
5856
5870
5874
5888
5888
5888
5900
5906
5906
5916
5916
5918
5918
5930
5932
5934
5950
5960
5970
5990
5992
6010
6032
6044
6048
6052
6054
6062
6064
6070
6076
6090
6096
6098
6100
6106
6114
6130
6132
6166
6186
6200
6212
6216
6220
6224
6238
6258
6270
6272
6278
6302
6308
6310
6316
6320
6328
6330
6332
6348
6350
6364
6368
6396
6396
6398
6398
6410
6414
6416
6418
6430
6432
6462
6474
6516
6532
6538
6550
6554
6556
6560
6566
6588
6626
6668
6688
6722
6744
6762
6770
6780
6800
6822
6826
6858
6864
6890
6892
6900
6916
6930
6954
6964
6966
7020
7028
7034
7048
7060
7074
7112
7114
7118
7122
7126
7138
7150
7156
7158
7178
7178
7214
7224
7224
7232
7234
7244
7270
7282
7288
7300
7300
7308
7330
7354
7356
7358
7386
7402
7404
7406
7416
7464
7476
7494
7512
7530
7604
7642
7674
7674
7704
7724
7752
7780
7816
7820
7846
7888
7908
7930
7966
8002
8030
8032
8032
8046
8052
8110
8116
8120
8120
8152
8178
8186
8188
8200
8206
8234
8260
8288
8350
8408
8450
8458
8464
8480
8480
8524
8552
8556
8556
8568
8586
8586
8590
8592
8596
8602
8636
8644
8652
8700
8720
8724
8724
8728
8738
8740
8750
8834
8842
8842
8856
8872
8872
8896
8902
8930
8934
8942
8958
8980
8984
9008
9012
9016
9032
9036
9044
9046
9054
9066
9102
9144
9146
9160
9174
9206
9252
9302
9314
9378
9388
9390
9434
9446
9456
9478
9494
9560
9586
9614
9630
9638
9644
9654
9668
9670
9686
9698
9730
9730
9744
9772
9806
9810
9854
9870
9884
9886
9902
9906
9908
9910
9920
9942
9964
9986
9990
10016
10018
10020
10058
10140
10162
10190
10210
10244
10262
10290
10296
10296
10356
10386
10406
10414
10420
10432
10456
10474
10498
10568
10568
10604
10608
10610
10630
10640
10734
10742
10748
10768
10778
10778
10802
10806
10826
10840
10890
10928
10932
10954
10974
10994
10998
11010
11020
11032
11046
11048
11050
11066
11090
11096
11102
11146
11186
11224
11250
11266
11272
11282
11308
11322
11330
11344
11360
11394
11414
11450
11470
11526
11552
11556
11562
11564
11574
11580
11618
11662
11662
11684
11720
11722
11730
11730
11732
11744
11746
11756
11760
11766
11772
11806
11834
11844
11844
11846
11856
11860
11870
11878
11898
11902
11918
11950
11970
11976
11980
11984
11996
12010
12026
12026
12044
12094
12130
12172
12184
12188
12204
12208
12216
12218
12224
12226
12230
12236
12240
12256
12278
12304
12324
12334
12336
12360
12382
12398
12436
12480
12484
12538
12540
12568
12588
12614
12642
12642
12642
12648
12660
12662
12672
12680
12766
12768
12812
12812
12832
12836
12844
12862
12864
12864
12870
12884
12920
12934
12956
12958
13008
13014
13028
13038
13044
13048
13052
13070
13146
13230
13236
13254
13256
13276
13322
13324
13326
13358
13378
13382
13400
13400
13420
13428
13436
13446
13464
13468
13480
13516
13556
13568
13578
13582
13614
13620
13624
13632
13654
13666
13666
13670
13686
13688
13700
13724
13732
13736
13764
13816
13832
13838
13842
13850
13872
13886
13892
13892
13906
13914
13914
13916
13920
13926
13942
13966
13966
13968
13982
13984
14016
14024
14034
14038
14046
14050
14054
14056
14086
14114
14116
14130
14132
14150
14168
14170
14176
14182
14218
14220
14238
14246
14270
14300
14336
14338
14350
14358
14382
14382
14390
14394
14398
14420
14432
14478
14482
14492
14516
14532
14544
14572
14574
14584
14586
14588
14590
14598
14604
14606
14630
14640
14644
14644
14650
14652
14660
14662
14670
14672
14680
14680
14692
14694
14704
14724
14726
14730
14742
14742
14744
14746
14750
14756
14766
14780
14784
14786
14788
14794
14794
14816
14826
14832
14840
14840
14846
14852
14854
14856
14860
14868
14870
14872
14876
14880
14906
14916
14920
14922
14930
14948
14950
14950
14950
14954
14958
14958
14966
14966
14972
14974
14976
14982
14984
14990
14996
14996
14998
14998
15008
15008
15016
15020
15024
15036
15040
15042
15042
15046
15054
15058
15060
15066
15066
15072
15076
15080
15082
15098
15102
15108
15108
15112
15134
15146
15150
15156
15160
15162
15166
15184
15186
15186
15188
15192
15192
15192
15196
15198
15222
15226
15228
15232
15238
15240
15248
15252
15254
15256
15262
15268
15282
15284
15286
15288
15290
15290
15292
15296
15296
15298
15304
15310
15322
15326
15330
15332
15338
15352
15354
15354
15356
15360
15360
15364
15370
15376
15378
15380
15382
15390
15396
15396
15404
15404
15410
15414
15416
15422
15432
15442
15444
15450
15462
15464
15472
15474
15476
15496
15496
15516
15516
15518
15532
15538
15540
15560
15560
15560
15590
15592
15598
15598
15606
15612
15612
15630
15632
15636
15642
15662
15674
15700
15742
15752
15752
15758
15774
15782
15796
15814
15828
15832
15878
15886
15896
15924
15934
16032
16078
16100
16100
16110
16112
16322
16430
16462
16546
16594
16968
17206
17748
17982
18038
18144
18302
18450
19068
19110
19556
19682
19878
20136
20356
20546
20724
21334
21930
22390
22732
23158
23840
24078
24212
24602
24774
24788
24856
24866
24912
25038
25068
25248
25462
26686
27174
28386
29218
29920
31206
32824
32964
34142
34532
34618
34828
34866
34936
34978
35374
35514
35534
39454
41126
41140
43630
43728
44108
46192
49820
54248
59680
117748
320748
