Latencies
4990
4996
5008
5008
5018
5022
5024
5028
5030
5034
5036
5038
5040
5040
5040
5040
5042
5042
5044
5044
5046
5046
5046
5050
5050
5050
5052
5052
5054
5056
5056
5056
5056
5056
5058
5058
5060
5060
5060
5062
5064
5064
5064
5066
5070
5070
5072
5072
5074
5074
5076
5076
5076
5076
5078
5078
5080
5080
5082
5082
5082
5084
5084
5084
5084
5084
5086
5086
5088
5088
5088
5088
5088
5090
5090
5092
5092
5094
5094
5094
5094
5094
5094
5094
5096
5096
5096
5100
5100
5100
5100
5100
5102
5102
5102
5104
5104
5106
5106
5106
5106
5108
5108
5110
5110
5114
5114
5116
5116
5116
5116
5116
5120
5120
5120
5122
5122
5124
5124
5126
5126
5126
5126
5128
5128
5130
5130
5130
5130
5130
5132
5132
5132
5132
5134
5134
5134
5136
5136
5138
5138
5138
5140
5142
5142
5142
5142
5142
5144
5144
5144
5146
5148
5148
5148
5148
5148
5150
5152
5152
5154
5154
5154
5156
5156
5160
5162
5162
5164
5164
5164
5164
5164
5166
5166
5166
5166
5168
5168
5168
5168
5168
5170
5170
5172
5172
5174
5174
5174
5178
5178
5178
5180
5180
5180
5180
5182
5182
5182
5182
5184
5184
5184
5184
5184
5186
5186
5186
5186
5186
5186
5188
5188
5190
5190
5192
5192
5192
5192
5192
5192
5192
5194
5194
5194
5194
5194
5196
5196
5196
5196
5196
5198
5198
5198
5198
5198
5198
5200
5200
5200
5200
5200
5200
5202
5202
5204
5204
5204
5204
5204
5204
5204
5206
5206
5206
5206
5206
5206
5208
5208
5208
5208
5210
5210
5212
5212
5212
5212
5214
5214
5214
5216
5216
5216
5216
5216
5216
5216
5216
5218
5218
5218
5218
5220
5220
5220
5220
5220
5220
5222
5222
5222
5224
5224
5224
5224
5226
5226
5226
5226
5228
5228
5228
5230
5230
5230
5230
5230
5232
5232
5232
5232
5232
5232
5234
5234
5234
5234
5236
5236
5236
5236
5236
5236
5236
5238
5238
5238
5240
5240
5240
5240
5240
5240
5240
5242
5242
5242
5242
5244
5244
5244
5244
5244
5244
5244
5244
5244
5246
5246
5246
5246
5246
5246
5248
5248
5248
5248
5248
5248
5248
5250
5250
5250
5250
5250
5252
5252
5252
5252
5252
5254
5254
5254
5256
5256
5256
5256
5258
5258
5258
5260
5260
5262
5262
5262
5262
5262
5264
5264
5266
5266
5266
5266
5266
5268
5268
5270
5270
5270
5272
5272
5274
5276
5276
5276
5276
5278
5278
5278
5278
5278
5280
5280
5282
5284
5284
5286
5286
5288
5288
5288
5290
5290
5290
5290
5290
5290
5290
5292
5292
5292
5294
5294
5296
5296
5296
5298
5300
5300
5302
5306
5306
5306
5306
5308
5308
5308
5308
5312
5314
5316
5316
5316
5318
5318
5318
5320
5320
5322
5322
5322
5322
5322
5324
5324
5326
5326
5326
5328
5328
5328
5330
5330
5330
5330
5330
5332
5332
5334
5334
5336
5336
5338
5338
5338
5340
5340
5340
5340
5342
5342
5344
5344
5344
5350
5350
5352
5352
5354
5354
5356
5358
5360
5362
5362
5362
5362
5362
5364
5364
5364
5366
5366
5368
5368
5372
5374
5374
5376
5376
5376
5378
5378
5380
5380
5380
5380
5382
5382
5386
5386
5386
5386
5386
5388
5388
5390
5390
5392
5392
5394
5394
5396
5396
5396
5398
5398
5402
5402
5402
5402
5404
5404
5404
5408
5408
5410
5412
5416
5418
5418
5422
5422
5422
5422
5424
5424
5428
5432
5432
5432
5434
5434
5434
5434
5436
5436
5436
5440
5440
5440
5442
5442
5442
5444
5444
5446
5446
5446
5448
5450
5450
5452
5452
5452
5454
5456
5458
5460
5462
5462
5462
5462
5464
5464
5466
5466
5468
5468
5468
5470
5470
5470
5470
5472
5472
5474
5482
5482
5482
5486
5486
5486
5488
5490
5490
5494
5500
5504
5504
5504
5506
5508
5510
5510
5512
5514
5516
5518
5518
5518
5520
5524
5526
5526
5530
5530
5534
5538
5538
5540
5542
5542
5546
5548
5550
5550
5550
5550
5556
5556
5558
5558
5558
5562
5564
5564
5564
5566
5568
5570
5570
5578
5578
5580
5586
5596
5602
5604
5604
5606
5608
5610
5612
5612
5616
5618
5618
5618
5620
5622
5628
5628
5630
5630
5640
5642
5646
5646
5650
5650
5652
5658
5658
5660
5660
5662
5664
5664
5666
5672
5678
5678
5680
5680
5686
5698
5700
5706
5708
5712
5714
5716
5724
5724
5728
5728
5730
5736
5750
5754
5756
5758
5762
5766
5774
5778
5780
5784
5788
5790
5792
5792
5794
5794
5798
5798
5800
5800
5808
5824
5826
5828
5830
5836
5836
5842
5850
5854
5854
5858
5860
5862
5864
5864
5868
5872
5874
5876
5878
5878
5890
5890
5894
5898
5902
5904
5906
5906
5908
5912
5924
5928
5930
5932
5938
5952
5956
5964
5970
5970
5970
5976
5978
5978
5982
5982
5984
5988
5992
5998
6000
6006
6018
6024
6036
6040
6042
6048
6050
6056
6058
6060
6066
6068
6082
6086
6094
6096
6100
6104
6108
6126
6142
6148
6154
6160
6164
6166
6174
6194
6194
6198
6200
6204
6208
6224
6226
6232
6240
6244
6248
6268
6268
6272
6278
6300
6310
6328
6358
6362
6370
6376
6386
6398
6416
6426
6464
6478
6490
6492
6494
6522
6528
6532
6534
6544
6596
6600
6618
6676
6704
6732
6746
6784
6794
6894
6906
6948
6960
6996
7024
7038
7244
7246
7320
7372
7378
7548
7628
7694
7750
7778
7854
8244
8286
8358
8406
8500
8566
8572
8686
8720
9210
9402
9404
9518
9576
9598
9832
10368
10742
10794
10796
10836
10864
11090
11532
11790
11794
11904
12086
12220
12242
12382
12532
12660
13100
13412
13478
13500
13780
14002
14032
14128
14422
14424
14468
14510
14544
14568
14588
14798
15786
16622
16780
17318
18594
18632
19182
19490
19822
20556
21168
21308
21494
21668
21992
22836
22916
23466
23550
23630
24006
24960
25084
25132
25636
25806
26254
27100
27520
28048
28070
29000
29422
30162
30904
31234
31304
31894
32110
32230
32368
32784
32938
33218
33330
34336
36038
36424
37284
37986
39870
39950
42962
49944
50532
