Latencies
5154
5162
5184
5186
5186
5190
5200
5204
5208
5212
5218
5220
5224
5224
5226
5226
5232
5234
5234
5240
5242
5244
5244
5244
5244
5250
5252
5254
5256
5260
5260
5262
5262
5274
5276
5282
5282
5284
5284
5286
5288
5288
5288
5288
5288
5288
5290
5292
5294
5294
5294
5296
5296
5296
5296
5298
5300
5300
5302
5302
5302
5304
5304
5310
5312
5312
5312
5314
5314
5316
5316
5316
5316
5318
5322
5322
5322
5324
5324
5326
5326
5326
5326
5328
5330
5330
5332
5334
5334
5334
5334
5334
5336
5336
5338
5338
5338
5340
5340
5340
5344
5344
5344
5346
5348
5350
5350
5350
5352
5352
5352
5354
5354
5356
5356
5356
5356
5358
5358
5358
5358
5358
5358
5360
5360
5360
5360
5360
5362
5362
5364
5364
5364
5364
5364
5364
5364
5366
5366
5366
5368
5368
5368
5368
5370
5370
5370
5370
5372
5372
5372
5374
5374
5374
5374
5376
5376
5376
5376
5376
5378
5378
5380
5380
5382
5382
5384
5384
5386
5386
5386
5386
5386
5388
5388
5388
5390
5390
5390
5390
5390
5390
5390
5390
5392
5392
5392
5392
5392
5392
5394
5394
5394
5394
5394
5394
5396
5396
5396
5398
5398
5398
5398
5398
5400
5400
5400
5400
5400
5400
5402
5402
5404
5404
5404
5404
5406
5406
5408
5408
5408
5408
5410
5412
5412
5412
5412
5414
5414
5414
5414
5416
5416
5416
5416
5416
5416
5418
5418
5418
5418
5418
5418
5418
5420
5420
5420
5420
5422
5422
5422
5422
5422
5422
5422
5424
5424
5424
5424
5424
5426
5426
5426
5426
5426
5426
5428
5428
5428
5428
5428
5430
5430
5432
5432
5432
5432
5434
5434
5434
5436
5436
5436
5436
5440
5440
5442
5442
5442
5442
5442
5442
5446
5446
5448
5450
5450
5450
5450
5452
5452
5452
5454
5454
5454
5454
5454
5454
5456
5456
5456
5458
5458
5458
5458
5458
5458
5460
5460
5462
5462
5462
5462
5462
5464
5464
5464
5464
5466
5468
5468
5468
5468
5468
5470
5470
5472
5472
5474
5474
5474
5474
5474
5474
5476
5476
5476
5476
5476
5478
5480
5480
5480
5480
5482
5482
5482
5482
5484
5486
5486
5486
5488
5490
5490
5490
5492
5494
5494
5496
5498
5498
5498
5498
5498
5500
5500
5500
5500
5502
5502
5504
5504
5504
5504
5504
5504
5504
5504
5506
5506
5506
5506
5508
5508
5512
5512
5514
5514
5514
5514
5514
5516
5516
5518
5518
5520
5520
5522
5522
5522
5524
5524
5524
5524
5526
5528
5528
5530
5530
5532
5532
5534
5534
5536
5536
5538
5538
5538
5540
5542
5542
5544
5544
5544
5544
5546
5546
5546
5550
5550
5550
5554
5554
5556
5556
5556
5556
5556
5558
5558
5560
5562
5562
5562
5562
5562
5564
5564
5564
5566
5566
5568
5570
5570
5570
5572
5572
5572
5572
5574
5574
5578
5578
5578
5580
5580
5582
5582
5582
5582
5582
5582
5584
5584
5584
5586
5586
5588
5590
5592
5592
5592
5592
5598
5600
5600
5600
5600
5600
5602
5604
5604
5606
5606
5606
5608
5608
5610
5610
5610
5612
5614
5614
5616
5616
5618
5618
5618
5618
5620
5620
5620
5620
5622
5622
5622
5624
5626
5626
5628
5630
5630
5632
5632
5632
5632
5632
5634
5634
5634
5638
5638
5638
5638
5640
5644
5644
5648
5650
5652
5654
5656
5662
5664
5664
5666
5666
5668
5670
5674
5676
5676
5676
5676
5678
5680
5680
5682
5686
5694
5694
5694
5694
5696
5698
5698
5698
5702
5704
5706
5708
5708
5710
5712
5718
5720
5722
5722
5724
5730
5730
5732
5732
5732
5732
5738
5740
5740
5742
5744
5746
5748
5750
5750
5752
5752
5766
5766
5768
5768
5768
5770
5772
5774
5782
5784
5784
5792
5792
5792
5796
5800
5806
5806
5806
5808
5810
5812
5812
5812
5814
5816
5816
5818
5818
5818
5818
5820
5820
5824
5828
5828
5828
5830
5830
5832
5834
5836
5836
5838
5844
5844
5844
5846
5846
5850
5852
5852
5852
5854
5854
5856
5858
5858
5860
5862
5862
5862
5864
5872
5872
5874
5874
5874
5876
5880
5882
5882
5884
5888
5888
5890
5890
5892
5892
5894
5896
5896
5900
5900
5900
5904
5904
5908
5908
5918
5920
5920
5924
5928
5930
5934
5936
5938
5940
5940
5942
5944
5944
5948
5950
5950
5952
5958
5960
5962
5964
5966
5968
5968
5968
5968
5970
5972
5974
5974
5978
5980
5980
5984
5986
5988
5992
5992
5996
5996
6002
6004
6008
6010
6012
6016
6018
6020
6028
6030
6030
6032
6036
6038
6040
6040
6040
6042
6042
6048
6048
6048
6050
6050
6050
6052
6052
6054
6054
6056
6056
6056
6058
6060
6060
6068
6072
6074
6080
6084
6088
6088
6090
6090
6092
6094
6100
6106
6116
6118
6120
6120
6122
6124
6124
6124
6124
6126
6130
6130
6136
6142
6142
6150
6158
6162
6166
6168
6170
6178
6180
6186
6188
6192
6196
6200
6202
6204
6204
6206
6210
6212
6220
6222
6226
6230
6232
6234
6236
6240
6244
6246
6246
6248
6256
6258
6272
6276
6296
6310
6310
6316
6318
6320
6324
6336
6340
6352
6356
6360
6362
6368
6370
6374
6376
6376
6378
6392
6392
6402
6428
6434
6436
6448
6450
6456
6486
6492
6496
6508
6512
6532
6546
6574
6588
6592
6592
6620
6628
6640
6646
6656
6688
6716
6754
6786
6808
6810
6818
6820
6856
6866
6898
6908
6938
7076
7126
7294
7384
7608
7638
7650
7870
8012
8106
8242
8590
8608
8730
8780
8936
9182
9252
9280
9452
9634
9746
10080
10292
10884
10916
10940
11140
12420
12480
12506
12820
12894
13060
13236
13580
13724
13814
13912
13922
14174
14438
14472
14916
15008
15034
15104
15222
15540
15926
15980
16448
16772
18556
19218
19432
19814
19890
21048
21126
21742
22776
22782
23428
23596
23690
24132
24482
24814
25416
25506
26442
26510
28616
34058
35238
35972
36224
36280
36298
38314
40176
44458
57674
