Latencies
4976
5026
5034
5044
5046
5052
5052
5060
5066
5068
5070
5072
5074
5076
5090
5090
5092
5092
5096
5100
5104
5104
5108
5112
5112
5112
5112
5116
5118
5118
5120
5122
5122
5122
5124
5124
5126
5126
5130
5132
5136
5136
5138
5138
5138
5140
5142
5142
5144
5144
5146
5148
5148
5150
5152
5154
5154
5154
5158
5158
5158
5158
5158
5160
5160
5162
5162
5162
5162
5162
5164
5166
5166
5168
5168
5170
5170
5172
5174
5174
5174
5174
5176
5178
5178
5178
5180
5180
5180
5182
5184
5186
5188
5190
5190
5190
5190
5192
5192
5192
5194
5194
5196
5196
5198
5198
5198
5200
5202
5202
5202
5204
5206
5206
5206
5206
5208
5208
5210
5210
5210
5210
5210
5210
5210
5210
5212
5214
5218
5218
5218
5220
5220
5222
5222
5222
5224
5224
5226
5226
5226
5226
5230
5230
5230
5232
5232
5232
5232
5232
5232
5234
5234
5234
5234
5236
5236
5236
5236
5236
5236
5238
5238
5240
5240
5240
5242
5242
5242
5242
5242
5244
5244
5244
5244
5246
5246
5246
5246
5246
5248
5248
5250
5250
5252
5254
5254
5256
5258
5258
5258
5258
5260
5260
5262
5262
5262
5262
5262
5264
5264
5264
5264
5264
5266
5266
5266
5266
5266
5268
5268
5268
5268
5270
5270
5270
5270
5270
5272
5274
5276
5276
5276
5276
5276
5278
5278
5278
5280
5280
5280
5280
5280
5282
5282
5282
5282
5284
5286
5286
5286
5288
5288
5288
5290
5290
5292
5292
5292
5292
5292
5292
5292
5292
5294
5294
5294
5294
5294
5294
5294
5294
5296
5296
5296
5296
5298
5298
5298
5300
5300
5300
5300
5300
5300
5302
5304
5304
5304
5304
5306
5306
5306
5308
5308
5308
5310
5310
5310
5310
5312
5312
5314
5314
5316
5316
5316
5318
5318
5320
5320
5322
5322
5324
5324
5324
5326
5326
5326
5328
5328
5330
5330
5330
5332
5334
5334
5334
5336
5336
5338
5338
5340
5340
5340
5342
5344
5344
5346
5346
5348
5348
5348
5348
5350
5350
5350
5350
5350
5352
5352
5354
5354
5354
5354
5354
5354
5354
5356
5356
5356
5356
5356
5356
5356
5356
5358
5358
5358
5358
5360
5362
5362
5362
5366
5366
5366
5366
5366
5366
5368
5368
5370
5370
5370
5370
5372
5372
5374
5374
5374
5374
5376
5376
5376
5376
5378
5378
5378
5380
5380
5380
5380
5380
5382
5386
5386
5386
5388
5388
5388
5388
5390
5390
5390
5390
5392
5392
5392
5394
5394
5394
5394
5396
5396
5396
5398
5400
5400
5400
5400
5402
5402
5402
5404
5404
5406
5406
5406
5406
5408
5408
5408
5410
5410
5410
5412
5412
5414
5414
5414
5416
5420
5422
5422
5422
5422
5424
5424
5426
5426
5428
5428
5428
5430
5430
5432
5432
5432
5434
5434
5436
5436
5436
5436
5436
5436
5436
5436
5436
5436
5438
5438
5438
5442
5442
5442
5444
5446
5446
5448
5448
5448
5448
5450
5450
5450
5452
5452
5456
5458
5458
5458
5458
5460
5460
5462
5462
5466
5466
5466
5468
5468
5468
5468
5470
5470
5472
5472
5472
5472
5472
5474
5476
5478
5478
5478
5480
5480
5480
5482
5486
5488
5488
5490
5490
5490
5490
5490
5492
5492
5492
5494
5494
5496
5496
5498
5498
5502
5502
5502
5504
5506
5506
5506
5506
5506
5506
5506
5512
5514
5514
5518
5518
5520
5522
5524
5524
5526
5526
5526
5530
5532
5532
5532
5532
5532
5532
5534
5534
5534
5536
5538
5540
5540
5542
5542
5544
5548
5548
5548
5550
5550
5552
5554
5554
5556
5556
5558
5568
5570
5570
5570
5572
5572
5572
5572
5572
5574
5576
5578
5578
5580
5584
5584
5586
5588
5588
5588
5594
5596
5596
5596
5596
5598
5600
5602
5602
5604
5606
5608
5608
5608
5610
5610
5612
5616
5616
5618
5618
5618
5618
5620
5624
5626
5630
5630
5632
5632
5634
5636
5638
5638
5640
5640
5640
5642
5642
5644
5644
5650
5650
5656
5660
5660
5664
5666
5668
5668
5670
5670
5670
5672
5672
5672
5676
5678
5678
5680
5680
5682
5682
5684
5684
5688
5690
5692
5692
5694
5696
5698
5698
5698
5700
5700
5702
5706
5706
5708
5708
5708
5712
5716
5716
5722
5722
5732
5734
5738
5738
5742
5742
5744
5744
5746
5750
5752
5754
5756
5758
5760
5762
5766
5768
5768
5772
5772
5774
5776
5776
5776
5776
5780
5780
5780
5782
5784
5786
5788
5790
5792
5794
5796
5796
5796
5800
5806
5806
5808
5812
5812
5814
5818
5824
5824
5826
5828
5828
5830
5830
5830
5832
5832
5832
5832
5834
5836
5838
5838
5838
5844
5856
5858
5858
5858
5860
5862
5862
5864
5864
5864
5868
5872
5872
5876
5876
5878
5882
5886
5886
5888
5892
5898
5902
5904
5904
5910
5912
5916
5924
5926
5934
5940
5940
5940
5944
5954
5954
5958
5960
5962
5964
5970
5974
5976
5978
5978
5984
5986
5988
5990
5990
5990
5992
5994
5998
5998
6000
6008
6012
6012
6016
6020
6022
6032
6032
6036
6040
6044
6050
6052
6056
6064
6068
6070
6074
6076
6082
6092
6092
6098
6098
6102
6104
6106
6110
6110
6112
6114
6116
6116
6118
6124
6126
6128
6138
6144
6148
6148
6150
6158
6162
6168
6170
6176
6178
6184
6184
6190
6204
6212
6218
6222
6232
6246
6258
6270
6274
6278
6280
6280
6296
6298
6298
6304
6306
6312
6322
6332
6334
6378
6398
6432
6432
6458
6486
6490
6496
6524
6540
6548
6622
6634
6642
6676
6834
6836
6932
6986
7002
7038
7312
7322
7328
7330
7736
8000
8132
8202
8434
8524
8636
9028
9410
9622
9622
9792
9842
9934
10240
10546
10568
10850
10906
10920
11206
12346
12456
13284
13458
13550
14084
14394
14472
14494
14626
16282
16536
17958
18344
18642
18856
18904
18988
19230
19606
19666
19844
19980
20436
20458
21948
23426
24412
25036
25208
25624
26830
35450
37528
41174
45176
