Latencies
5550
5628
5700
5716
5738
5792
5854
5856
5932
5968
5986
6022
6032
6110
6176
6178
6226
6346
6398
6476
6498
6534
6558
6714
6744
6758
6920
6970
6994
6996
7028
7098
7100
7228
7230
7296
7298
7304
7490
7516
7558
7586
7598
7654
7662
7710
7758
7764
7784
7790
7812
7868
7940
8122
8206
8256
8284
8306
8420
8436
8452
8470
8638
8674
8708
8834
8866
8868
9074
9120
9232
9282
9312
9358
9496
9574
9588
9642
9662
9750
9794
9806
9856
9876
10146
10232
10280
10284
10296
10438
10464
10614
10718
10760
10818
10926
10992
11028
11124
11214
11378
11382
11396
11448
11482
11548
11670
11674
11694
11716
11716
11756
11828
11934
12004
12080
12132
12192
12198
12222
12232
12320
12362
12436
12526
12564
12740
12744
12794
12824
12992
13052
13078
13208
13252
13316
13440
13486
13496
13594
13662
13732
13836
13842
14070
14186
14210
14258
14278
14306
14394
14416
14432
14454
14486
14516
14556
14568
14572
14586
14592
14618
14668
14718
14750
14756
14788
14814
14868
14894
14908
14916
14918
14944
14948
14974
15004
15008
15040
15040
15042
15054
15056
15066
15082
15102
15122
15148
15212
15224
15286
15286
15302
15356
15380
15388
15388
15402
15414
15428
15436
15462
15478
15490
15528
15540
15544
15574
15582
15592
15610
15624
15650
15662
15730
15760
15776
15794
15804
15842
15862
15884
15888
15890
15956
15988
16032
16048
16050
16166
16192
16274
16278
16302
16310
16320
16412
16430
16438
16450
16462
16486
16500
16548
16570
16638
16692
16808
16828
16842
17016
17032
17078
17096
17112
17118
17124
17168
17200
17274
17286
17364
17402
17416
17442
17486
17744
17750
17828
17898
17918
17948
17950
18022
18106
18268
18272
18364
18438
18452
18460
18466
18470
18498
18506
18560
18568
18650
18702
18772
18834
18918
18994
19038
19060
19068
19086
19100
19112
19128
19152
19158
19180
19198
19226
19260
19278
19284
19388
19442
19492
19520
19528
19648
19674
19692
19766
19790
19800
19842
19886
19912
19946
20016
20050
20054
20112
20174
20226
20252
20276
20278
20300
20364
20428
20432
20446
20568
20584
20608
20760
20786
20838
20870
20872
20882
20948
20980
21050
21070
21102
21110
21162
21206
21218
21238
21256
21262
21326
21360
21396
21420
21440
21512
21566
21566
21658
21674
21678
21696
21702
21750
21764
21880
21890
22004
22054
22058
22130
22160
22272
22342
22368
22398
22410
22454
22566
22620
22638
22662
22724
22798
22800
22874
22880
22894
22900
22946
22966
23018
23034
23064
23064
23108
23110
23250
23314
23354
23452
23552
23572
23584
23652
23678
23692
23714
23714
23842
23954
24010
24018
24020
24070
24090
24150
24166
24226
24238
24248
24270
24270
24298
24318
24340
24340
24344
24374
24392
24424
24432
24432
24434
24448
24452
24484
24500
24506
24556
24578
24596
24640
24662
24674
24700
24700
24710
24728
24730
24734
24760
24774
24786
24804
24854
24854
24864
24872
24906
24922
24942
24970
24994
25012
25014
25020
25026
25026
25028
25030
25094
25108
25110
25122
25142
25152
25170
25234
25264
25292
25328
25336
25360
25412
25426
25446
25518
25540
25578
25598
25608
25626
25632
25662
25676
25720
25722
25726
25772
25790
25800
25810
25812
25858
25860
25906
25908
25928
25944
25974
25976
26060
26064
26088
26098
26108
26190
26194
26208
26250
26262
26290
26318
26334
26524
26554
26560
26572
26586
26674
26686
26808
26840
26930
26936
27108
27222
27346
27446
27476
27476
27476
27536
27538
27558
27572
27624
27644
27698
27754
27894
27976
28052
28200
28324
28352
28434
28458
28460
28592
28598
28602
28622
28624
28630
28720
28740
28754
28760
28766
28774
28784
28788
28794
28832
28832
28868
28870
28902
28924
29110
29134
29166
29226
29276
29286
29386
29438
29494
29524
29638
29714
29716
29766
29782
29808
29902
29918
29954
29958
29998
30022
30026
30080
30130
30160
30170
30192
30194
30198
30266
30282
30358
30372
30392
30500
30598
30622
30624
30660
30714
30764
30782
30788
30810
30816
30836
30914
30930
30946
30964
30964
30968
30976
31012
31048
31072
31078
31080
31150
31158
31224
31224
31228
31302
31330
31354
31388
31436
31440
31444
31472
31476
31504
31510
31616
31690
31792
31808
31814
31880
31942
31976
32046
32048
32070
32092
32106
32128
32288
32296
32344
32432
32510
32518
32562
32572
32638
32678
32704
32766
32822
32824
32836
32840
32944
32964
32964
32966
32984
33010
33018
33034
33078
33084
33118
33130
33192
33272
33392
33430
33462
33464
33528
33550
33552
33606
33618
33624
33652
33660
33672
33682
33696
33704
33708
33744
33744
33778
33790
33798
33818
33820
33846
33882
33890
33902
33936
33972
33976
33980
34000
34006
34042
34046
34060
34060
34062
34084
34084
34086
34096
34102
34102
34106
34112
34124
34146
34160
34190
34200
34208
34210
34210
34212
34216
34226
34240
34250
34254
34260
34264
34272
34274
34276
34288
34300
34316
34334
34340
34342
34344
34348
34348
34372
34378
34378
34382
34384
34388
34388
34406
34410
34418
34430
34436
34452
34466
34468
34474
34478
34478
34496
34510
34520
34520
34524
34532
34534
34544
34558
34558
34560
34560
34562
34580
34580
34590
34590
34594
34596
34602
34610
34628
34642
34652
34662
34674
34676
34682
34752
34758
34760
34766
34766
34772
34788
34788
34794
34802
34822
34822
34826
34830
34836
34838
34840
34874
34894
34904
34910
34910
34914
34924
34936
34940
34956
34970
34970
34994
35022
35034
35072
35098
35118
35156
35164
35174
35186
35196
35196
35220
35264
35340
35348
35378
35492
35526
35528
35568
35574
35650
35656
35694
35708
35796
35802
35806
36080
36208
39242
39324
39350
39380
39510
40138
41040
41472
41940
42148
43088
43540
43552
43628
43810
43860
43908
44520
44612
44664
44736
44750
45248
45312
46968
47340
47694
47808
49230
49306
49488
49714
51374
53056
53244
53380
53488
53924
53974
53990
54210
54394
54416
54628
55394
63814
67040
67134
73272
74876
102492
120300
205778
317452
