Latencies
5278
5306
5308
5334
5352
5384
5402
5414
5420
5450
5462
5480
5520
5550
5550
5606
5640
5696
5702
5708
5722
5740
5748
5774
5806
5816
5834
5850
5864
5882
5902
5904
5912
5926
5928
5960
6026
6046
6062
6092
6122
6130
6140
6158
6184
6186
6194
6200
6254
6262
6268
6268
6270
6286
6304
6316
6338
6348
6386
6388
6396
6398
6446
6488
6514
6518
6532
6532
6532
6542
6568
6636
6672
6694
6730
6734
6746
6762
6792
6806
6814
6838
6858
6902
6920
6946
6948
6994
6996
7010
7010
7144
7190
7236
7246
7264
7370
7462
7466
7544
7568
7608
7624
7632
7682
7736
7814
7824
7860
7876
7892
7914
7928
7986
8038
8042
8050
8062
8066
8112
8146
8160
8184
8196
8198
8222
8226
8304
8346
8380
8504
8520
8556
8692
8698
8702
8730
8778
8864
8904
8920
8984
9096
9138
9140
9182
9248
9264
9288
9290
9292
9300
9336
9348
9360
9432
9450
9458
9492
9530
9552
9552
9568
9648
9668
9722
9728
9736
9774
9812
9834
9912
9920
9924
10176
10242
10276
10286
10338
10364
10370
10406
10434
10552
10608
10642
10650
10682
10704
10750
10810
10848
10850
10858
10862
10970
10970
11120
11150
11196
11214
11286
11290
11314
11334
11346
11352
11390
11448
11464
11518
11538
11548
11552
11614
11626
11706
11828
11840
11858
11876
11876
11896
11914
11982
12022
12056
12114
12118
12156
12162
12206
12212
12216
12230
12354
12438
12458
12482
12530
12596
12642
12674
12678
12710
12738
12792
12812
12840
12858
12912
12912
12916
12936
12968
12988
12994
13004
13022
13146
13228
13228
13244
13262
13274
13280
13296
13332
13334
13392
13426
13440
13458
13496
13498
13618
13624
13666
13674
13674
13684
13710
13734
13736
13792
13794
13854
13872
13916
13964
13978
14004
14018
14020
14058
14068
14070
14118
14122
14134
14148
14186
14190
14196
14198
14226
14230
14260
14266
14286
14338
14348
14354
14358
14398
14408
14440
14442
14450
14450
14452
14452
14456
14470
14476
14482
14482
14482
14508
14530
14532
14586
14588
14588
14590
14594
14606
14610
14616
14622
14624
14640
14654
14660
14664
14668
14670
14686
14690
14694
14700
14700
14710
14712
14712
14718
14724
14724
14740
14750
14750
14766
14766
14770
14782
14790
14792
14796
14798
14800
14810
14810
14810
14816
14816
14818
14822
14826
14828
14828
14830
14834
14834
14834
14836
14842
14844
14850
14854
14856
14858
14864
14874
14878
14878
14880
14906
14908
14912
14914
14914
14916
14916
14918
14918
14924
14924
14926
14926
14932
14940
14946
14952
14974
14974
14984
14984
14986
14992
14996
15000
15000
15002
15006
15008
15018
15018
15026
15030
15030
15032
15034
15044
15046
15048
15050
15060
15070
15072
15074
15080
15082
15084
15088
15096
15102
15110
15112
15114
15116
15124
15126
15130
15136
15144
15144
15166
15166
15170
15178
15182
15182
15186
15190
15190
15194
15194
15196
15198
15198
15200
15202
15202
15206
15208
15208
15208
15218
15220
15222
15228
15228
15234
15236
15240
15250
15254
15264
15270
15272
15274
15274
15282
15288
15292
15294
15312
15316
15326
15328
15330
15334
15336
15354
15358
15362
15366
15378
15378
15386
15396
15398
15400
15402
15408
15422
15422
15434
15438
15440
15444
15448
15450
15454
15454
15458
15486
15490
15496
15502
15510
15514
15518
15520
15520
15526
15538
15538
15542
15552
15558
15560
15566
15566
15568
15582
15616
15616
15620
15626
15626
15628
15642
15644
15644
15646
15652
15662
15676
15686
15688
15698
15714
15726
15732
15742
15748
15802
15810
15812
15832
15872
15888
15912
15926
15926
15926
15934
15934
15940
15946
15960
15976
16012
16014
16172
16196
16198
16208
16270
16270
16276
16300
16356
16426
16454
16496
16664
16794
16848
16864
16868
16906
16958
16972
17052
17106
17114
17492
17822
17884
17910
17960
18086
18200
18268
18426
18590
18648
18652
19080
19140
19228
19484
19494
19744
19810
19810
19858
19886
20028
20104
20152
20156
20304
20356
20424
20494
20812
20880
20974
21202
21226
21364
21410
21452
21526
21600
21648
21678
21744
21820
21906
21922
22178
22202
22292
22312
22332
22564
22646
22858
22860
22876
22932
23054
23082
23210
23230
23246
23312
23472
23510
23536
23544
23584
23686
23752
23788
23812
23892
23936
24176
24244
24286
24328
24384
24400
24450
24458
24588
24612
24636
24674
24730
24784
24882
24884
24888
24954
25034
25074
25104
25182
25184
25188
25274
25276
25314
25340
25342
25392
25400
25400
25490
25524
25592
25746
25762
25848
25876
26120
26144
26274
26284
26306
26330
26426
26498
26642
26770
26832
26852
26914
27082
27246
27276
27492
27630
27830
27836
27896
27946
27948
28050
28114
28182
28352
28552
28590
28630
28736
28786
28918
28926
28992
29096
29100
29196
29246
29252
29282
29476
29532
29802
29806
29862
30026
30040
30070
30092
30126
30256
30390
30656
30772
30876
30902
30976
31120
31166
31328
31350
31394
31500
31562
31800
31822
31864
31982
32348
32356
32594
32628
32630
32800
32812
32902
32954
32998
33094
33174
33366
33442
33466
33484
33512
33516
33536
33554
33584
33596
33688
33784
33792
33850
33850
33852
33868
33884
33888
33916
33974
33974
34010
34020
34042
34050
34102
34106
34130
34136
34148
34148
34158
34174
34186
34200
34202
34210
34228
34250
34256
34260
34262
34264
34290
34300
34352
34366
34370
34370
34370
34370
34380
34410
34466
34488
34490
34494
34508
34508
34532
34536
34542
34562
34596
34614
34614
34616
34636
34640
34652
34654
34658
34658
34670
34670
34674
34692
34694
34698
34714
34714
34726
34734
34742
34742
34754
34756
34762
34774
34780
34790
34792
34802
34804
34806
34824
34830
34830
34834
34842
34860
34870
34884
34886
34928
34966
34970
34974
35000
35012
35012
35024
35026
35040
35048
35050
35052
35086
35088
35094
35096
35116
35128
35134
35144
35154
35184
35196
35224
35284
35314
35328
35334
35346
35420
35432
35452
35506
35576
35590
35624
35638
35778
35908
35934
35980
36000
36100
36126
36210
36236
36334
36388
36630
36766
38608
38790
39476
41772
42334
42628
43062
43142
43912
44404
44680
47088
48132
49024
53042
53644
53670
53872
53970
54006
54316
54488
55314
55342
55506
55668
58524
60254
68618
75388
84768
87720
89428
215684
351382
389048
615642
1057200
1262752
3292760
4847430
23435102
