Latencies
5178
5184
5212
5214
5226
5234
5236
5240
5248
5256
5258
5274
5282
5282
5284
5286
5288
5290
5308
5318
5330
5330
5332
5336
5336
5342
5346
5348
5350
5350
5352
5354
5362
5366
5366
5368
5368
5372
5378
5380
5386
5386
5388
5388
5396
5400
5402
5404
5410
5414
5416
5418
5428
5428
5430
5432
5432
5436
5440
5448
5448
5450
5452
5458
5462
5464
5466
5468
5470
5482
5488
5500
5500
5500
5506
5522
5524
5544
5556
5564
5568
5568
5572
5576
5586
5588
5590
5600
5600
5606
5610
5612
5612
5620
5622
5632
5640
5650
5660
5666
5666
5668
5668
5676
5690
5696
5698
5708
5712
5716
5720
5720
5724
5732
5740
5742
5744
5752
5752
5754
5754
5760
5764
5774
5776
5782
5784
5786
5786
5800
5816
5816
5818
5820
5822
5822
5836
5854
5856
5864
5866
5876
5876
5892
5898
5898
5908
5910
5920
5920
5928
5930
5932
5934
5934
5936
5938
5950
5984
5984
5992
5992
6000
6000
6002
6008
6012
6016
6020
6024
6024
6024
6042
6042
6044
6048
6050
6050
6072
6076
6086
6086
6094
6096
6106
6112
6118
6118
6122
6124
6126
6134
6142
6148
6154
6162
6168
6178
6194
6200
6208
6214
6218
6222
6236
6240
6246
6254
6260
6266
6272
6280
6284
6292
6294
6294
6314
6320
6326
6326
6330
6332
6368
6372
6380
6380
6386
6390
6390
6394
6398
6424
6462
6500
6518
6520
6540
6542
6554
6604
6612
6618
6618
6666
6668
6670
6678
6684
6720
6730
6802
6872
6874
6892
6894
6918
6942
6958
6966
6998
7000
7000
7044
7050
7066
7094
7096
7100
7114
7150
7164
7182
7190
7204
7206
7226
7254
7258
7296
7300
7350
7354
7382
7408
7448
7448
7466
7468
7490
7516
7524
7534
7564
7568
7578
7590
7600
7616
7628
7654
7660
7670
7676
7690
7704
7724
7764
7766
7784
7792
7804
7832
7944
7978
7990
7994
8006
8042
8062
8078
8080
8184
8210
8230
8232
8238
8250
8280
8298
8304
8314
8332
8348
8348
8350
8364
8400
8402
8402
8408
8428
8450
8456
8468
8480
8486
8518
8560
8560
8566
8568
8572
8576
8578
8600
8602
8608
8630
8640
8728
8748
8768
8788
8814
8830
8844
8846
8890
8894
8900
8920
8924
8940
8950
9004
9014
9026
9034
9038
9046
9050
9066
9068
9068
9092
9118
9118
9170
9188
9192
9192
9198
9198
9230
9308
9308
9334
9346
9358
9362
9396
9416
9424
9438
9452
9478
9490
9506
9506
9524
9524
9536
9538
9568
9572
9574
9590
9604
9606
9618
9634
9680
9684
9700
9740
9760
9780
9802
9804
9804
9942
9974
9978
9984
9986
9992
10022
10022
10062
10068
10084
10110
10120
10122
10144
10156
10170
10170
10174
10174
10190
10214
10216
10226
10244
10264
10280
10310
10322
10338
10340
10352
10352
10356
10366
10378
10400
10436
10436
10480
10506
10508
10510
10520
10552
10592
10594
10600
10630
10646
10680
10682
10710
10714
10724
10784
10798
10816
10820
10830
10832
10848
10862
10874
10874
10904
10910
10910
10932
10940
10956
11026
11038
11040
11060
11070
11114
11162
11166
11168
11174
11178
11178
11186
11200
11206
11210
11216
11218
11234
11236
11274
11292
11298
11322
11348
11356
11394
11394
11402
11418
11446
11464
11474
11478
11482
11494
11508
11522
11526
11528
11538
11542
11556
11612
11612
11620
11646
11666
11676
11724
11726
11754
11758
11808
11840
11848
11854
11856
11864
11866
11938
11942
11952
12008
12014
12030
12036
12046
12090
12106
12110
12118
12162
12172
12176
12182
12198
12204
12208
12208
12216
12224
12278
12282
12304
12338
12350
12370
12376
12382
12392
12394
12408
12418
12430
12432
12438
12446
12452
12456
12470
12518
12522
12564
12578
12640
12654
12668
12674
12708
12722
12728
12736
12804
12834
12838
12858
12882
12910
12940
12958
12972
12972
12972
12984
12994
13012
13036
13038
13052
13078
13102
13156
13192
13192
13202
13216
13234
13290
13326
13330
13366
13406
13408
13440
13474
13480
13502
13516
13516
13534
13538
13544
13544
13568
13606
13626
13652
13668
13680
13766
13768
13776
13812
13822
13830
13834
13874
13886
13898
13898
13914
13928
13930
13932
13942
14010
14012
14038
14044
14048
14084
14094
14106
14124
14124
14128
14144
14166
14172
14174
14182
14190
14192
14200
14224
14232
14262
14264
14300
14320
14326
14334
14352
14356
14364
14394
14406
14410
14440
14440
14470
14474
14476
14482
14488
14502
14520
14526
14554
14560
14564
14576
14582
14590
14606
14618
14630
14662
14670
14670
14676
14680
14680
14682
14688
14688
14692
14702
14706
14720
14724
14730
14740
14748
14752
14752
14766
14770
14772
14776
14776
14782
14784
14806
14806
14806
14808
14808
14822
14826
14828
14832
14832
14832
14846
14858
14860
14870
14872
14882
14884
14886
14916
14920
14924
14928
14930
14932
14938
14946
14964
14968
14974
14976
14978
14988
14992
14994
14996
15004
15008
15018
15022
15024
15040
15040
15056
15064
15066
15076
15080
15092
15104
15114
15118
15128
15134
15138
15146
15146
15148
15148
15148
15150
15164
15182
15184
15186
15202
15204
15210
15214
15232
15232
15236
15244
15244
15254
15256
15260
15264
15272
15276
15284
15292
15300
15304
15312
15314
15318
15328
15332
15340
15342
15342
15344
15346
15348
15350
15372
15374
15380
15390
15392
15392
15392
15408
15418
15422
15434
15436
15448
15454
15458
15460
15488
15492
15498
15506
15520
15530
15532
15540
15550
15550
15580
15582
15624
15650
15688
15692
15698
15734
15798
15834
16012
16084
16118
16136
16138
16174
16196
16326
16334
16442
16878
17592
17710
19102
20230
21056
21220
21498
22332
22470
24136
24314
24466
24646
24728
24906
24954
25084
25302
30300
31178
33344
41626
42270
45036
48444
49162
247364
267972
319974
620574
