Latencies
5234
5240
5250
5250
5258
5258
5260
5260
5264
5266
5266
5272
5274
5296
5298
5302
5306
5308
5312
5320
5324
5324
5326
5326
5326
5330
5330
5332
5334
5338
5342
5350
5352
5352
5354
5358
5360
5362
5362
5366
5366
5370
5372
5374
5378
5388
5392
5396
5398
5402
5404
5406
5408
5410
5412
5414
5414
5420
5422
5428
5430
5434
5434
5436
5438
5442
5442
5444
5446
5448
5448
5450
5452
5462
5464
5464
5466
5468
5474
5476
5478
5480
5484
5486
5490
5496
5502
5506
5506
5508
5510
5512
5516
5516
5518
5518
5520
5524
5526
5526
5546
5546
5548
5550
5556
5558
5560
5562
5562
5566
5566
5572
5576
5580
5584
5590
5594
5604
5604
5606
5612
5618
5624
5630
5638
5644
5644
5644
5648
5648
5648
5650
5652
5656
5664
5664
5666
5670
5672
5674
5676
5678
5694
5696
5696
5706
5708
5708
5710
5714
5716
5720
5722
5726
5726
5734
5736
5738
5744
5744
5750
5750
5752
5760
5764
5766
5768
5774
5774
5778
5784
5786
5788
5790
5796
5800
5802
5808
5808
5810
5818
5820
5824
5832
5836
5844
5850
5852
5856
5858
5858
5858
5862
5868
5876
5884
5886
5892
5894
5894
5894
5896
5896
5898
5900
5902
5920
5924
5926
5940
5946
5948
5956
5960
5960
5962
5966
5974
5974
5980
5984
5986
5992
5994
5998
6000
6006
6008
6010
6016
6020
6020
6030
6030
6034
6036
6040
6042
6046
6046
6050
6052
6054
6056
6060
6068
6068
6068
6074
6080
6086
6090
6090
6092
6094
6096
6106
6112
6116
6142
6144
6152
6158
6158
6186
6190
6190
6192
6196
6202
6208
6212
6224
6238
6238
6238
6256
6266
6270
6274
6288
6304
6304
6306
6318
6318
6322
6344
6348
6348
6360
6370
6378
6380
6400
6404
6404
6408
6418
6428
6430
6452
6452
6466
6472
6474
6496
6502
6504
6512
6522
6526
6534
6550
6568
6576
6594
6630
6632
6634
6654
6668
6676
6680
6702
6704
6742
6744
6746
6750
6756
6790
6806
6824
6826
6832
6838
6872
6890
6918
6930
6936
6970
6986
6998
7004
7008
7012
7014
7030
7042
7042
7044
7046
7050
7052
7052
7074
7076
7082
7092
7098
7136
7154
7172
7180
7186
7186
7196
7244
7260
7282
7314
7350
7382
7390
7400
7408
7424
7430
7432
7468
7480
7486
7498
7502
7506
7508
7516
7536
7544
7546
7578
7578
7578
7592
7610
7622
7624
7626
7626
7632
7668
7708
7710
7782
7800
7802
7806
7812
7816
7850
7876
7900
7924
7952
7952
7968
7972
8038
8038
8066
8084
8092
8106
8112
8120
8124
8150
8168
8206
8228
8266
8286
8288
8294
8294
8316
8320
8322
8328
8354
8374
8384
8402
8420
8428
8428
8432
8490
8502
8520
8526
8530
8540
8546
8550
8564
8576
8576
8590
8650
8672
8728
8730
8734
8742
8756
8788
8814
8824
8824
8896
8898
8908
8910
8920
8940
8948
8968
8968
8972
8974
8986
8994
9048
9066
9068
9164
9180
9198
9224
9234
9268
9270
9282
9296
9306
9344
9360
9396
9406
9430
9430
9440
9462
9482
9488
9492
9506
9506
9514
9566
9620
9652
9654
9664
9690
9734
9734
9744
9764
9774
9806
9844
9850
9870
9916
9916
9938
9940
9954
9956
9994
10010
10024
10040
10040
10046
10052
10072
10078
10104
10128
10130
10136
10146
10148
10156
10164
10166
10168
10188
10234
10270
10280
10314
10334
10336
10340
10344
10392
10394
10396
10428
10444
10450
10490
10512
10528
10542
10582
10598
10606
10616
10644
10644
10656
10684
10710
10724
10730
10762
10776
10784
10802
10838
10844
10898
10920
10928
11010
11024
11030
11084
11090
11108
11112
11118
11176
11176
11200
11206
11216
11246
11274
11274
11364
11366
11374
11402
11426
11450
11458
11464
11472
11490
11500
11550
11550
11552
11558
11598
11600
11606
11612
11648
11684
11706
11712
11714
11716
11758
11760
11768
11774
11776
11788
11808
11812
11830
11872
11884
11896
11918
11918
11936
11950
11992
12020
12022
12034
12066
12076
12094
12100
12124
12154
12158
12162
12162
12174
12186
12196
12204
12224
12248
12264
12284
12298
12368
12392
12412
12426
12428
12438
12460
12470
12476
12484
12526
12534
12538
12546
12554
12560
12568
12582
12690
12738
12756
12806
12816
12848
12860
12874
12900
12902
12908
12912
12938
12964
12982
12992
13008
13022
13028
13056
13060
13062
13104
13122
13132
13170
13184
13214
13224
13230
13232
13234
13242
13256
13266
13292
13322
13330
13336
13350
13356
13360
13378
13436
13468
13476
13510
13598
13606
13606
13616
13620
13650
13664
13706
13736
13766
13774
13804
13838
13844
13860
13884
13958
13986
13990
14050
14054
14072
14086
14104
14106
14108
14110
14120
14124
14124
14128
14222
14240
14244
14280
14288
14292
14340
14342
14356
14362
14366
14368
14370
14374
14396
14410
14420
14428
14436
14456
14464
14466
14468
14494
14508
14524
14548
14552
14554
14572
14578
14578
14592
14594
14620
14622
14626
14630
14638
14640
14642
14648
14662
14678
14694
14702
14704
14706
14708
14712
14730
14730
14734
14744
14758
14784
14788
14790
14794
14796
14796
14800
14800
14810
14824
14824
14828
14830
14834
14846
14860
14862
14866
14884
14898
14904
14904
14912
14912
14916
14920
14922
14928
14928
14934
14952
14962
14962
14962
14970
14978
14986
14996
15000
15004
15028
15034
15038
15038
15066
15080
15088
15090
15090
15098
15100
15110
15114
15116
15116
15128
15138
15140
15146
15146
15150
15164
15170
15170
15170
15174
15178
15180
15190
15204
15210
15236
15238
15248
15252
15254
15260
15260
15260
15276
15278
15292
15310
15320
15322
15324
15326
15326
15330
15342
15342
15352
15366
15372
15376
15410
15416
15428
15430
15436
15444
15470
15470
15470
15492
15506
15522
15528
15528
15530
15574
15578
15608
15684
15686
15740
15780
15784
15898
15908
15924
15974
16086
16122
16188
16210
16214
17200
18228
21082
24164
24542
25434
25478
27884
30450
33364
34854
37296
39528
45874
46060
138724
1082570
