Latencies
5204
5208
5212
5220
5230
5236
5236
5248
5254
5262
5276
5278
5278
5284
5294
5302
5310
5320
5322
5322
5328
5328
5330
5332
5340
5344
5350
5354
5358
5362
5368
5376
5380
5384
5394
5406
5416
5418
5430
5444
5446
5450
5454
5464
5466
5466
5466
5494
5514
5518
5524
5524
5524
5532
5532
5534
5548
5570
5598
5618
5626
5630
5630
5646
5656
5664
5670
5676
5694
5706
5706
5742
5782
5792
5794
5794
5806
5810
5812
5816
5826
5826
5828
5842
5844
5846
5846
5848
5860
5860
5866
5898
5898
5904
5922
5926
5932
5936
5958
5960
5968
5970
5972
5992
5996
6000
6002
6022
6040
6050
6054
6056
6056
6106
6122
6128
6144
6148
6158
6168
6174
6178
6190
6198
6204
6208
6220
6220
6236
6248
6270
6282
6284
6300
6306
6338
6358
6360
6378
6384
6430
6432
6438
6486
6492
6508
6530
6534
6540
6546
6550
6560
6564
6578
6586
6588
6612
6616
6618
6618
6642
6644
6662
6668
6682
6686
6698
6704
6724
6734
6736
6740
6746
6768
6772
6788
6794
6798
6798
6806
6810
6816
6818
6876
6912
6918
6932
6954
6986
7008
7012
7022
7028
7040
7046
7046
7076
7088
7092
7106
7110
7140
7140
7148
7148
7168
7188
7210
7214
7228
7244
7266
7272
7328
7330
7338
7346
7366
7390
7400
7406
7476
7484
7486
7506
7514
7538
7544
7550
7578
7584
7648
7648
7654
7670
7670
7672
7674
7690
7716
7738
7746
7764
7774
7774
7788
7796
7816
7820
7830
7862
7866
7880
7886
7964
7966
7976
7988
8008
8040
8040
8050
8066
8092
8122
8150
8158
8164
8172
8180
8198
8198
8202
8216
8236
8258
8278
8284
8290
8294
8300
8300
8310
8332
8344
8344
8354
8360
8360
8368
8392
8392
8418
8424
8468
8506
8530
8536
8570
8604
8622
8648
8676
8688
8696
8708
8710
8714
8726
8732
8774
8792
8848
8858
8874
8882
8904
8970
8972
8996
8996
9000
9018
9028
9032
9038
9062
9064
9078
9116
9118
9124
9134
9200
9200
9212
9228
9234
9244
9244
9248
9296
9334
9342
9358
9362
9376
9406
9408
9474
9474
9488
9494
9510
9528
9558
9558
9560
9564
9566
9576
9582
9594
9604
9610
9618
9652
9660
9710
9724
9740
9758
9778
9780
9792
9812
9824
9836
9896
9906
9912
9938
9942
9954
9976
10038
10040
10054
10098
10108
10116
10146
10178
10182
10192
10202
10218
10222
10230
10266
10270
10272
10310
10324
10328
10328
10336
10366
10388
10390
10398
10408
10416
10424
10462
10478
10514
10530
10532
10560
10566
10574
10582
10596
10638
10642
10662
10688
10702
10784
10812
10816
10828
10834
10844
10864
10866
10882
10884
10926
10940
10950
10952
10958
10974
10986
10996
11006
11014
11014
11032
11046
11074
11076
11090
11106
11110
11114
11154
11160
11174
11188
11246
11268
11288
11336
11364
11376
11414
11414
11414
11416
11416
11454
11490
11534
11576
11620
11628
11632
11656
11682
11688
11694
11698
11698
11702
11736
11744
11766
11776
11840
11846
11852
11872
11888
11920
11938
11948
11958
11980
11984
11986
12008
12034
12044
12058
12090
12092
12106
12116
12122
12168
12184
12204
12206
12228
12234
12266
12268
12284
12288
12290
12334
12344
12360
12392
12398
12414
12432
12446
12458
12462
12466
12468
12480
12484
12490
12508
12518
12522
12568
12602
12620
12630
12646
12666
12674
12676
12682
12700
12702
12704
12706
12708
12716
12792
12840
12862
12872
12874
12878
12884
12916
12926
12932
12952
12970
12976
12982
13000
13016
13026
13056
13076
13080
13094
13102
13114
13170
13186
13216
13230
13242
13246
13262
13264
13284
13304
13324
13332
13342
13342
13352
13400
13404
13426
13434
13448
13484
13490
13498
13506
13524
13544
13548
13552
13556
13580
13652
13654
13654
13672
13718
13722
13736
13820
13846
13860
13880
13890
13914
13914
13918
13948
13950
13954
13960
13966
13974
13976
13988
14000
14062
14064
14066
14102
14106
14108
14158
14170
14182
14190
14198
14202
14206
14210
14252
14282
14296
14296
14308
14316
14318
14324
14334
14356
14372
14376
14400
14414
14426
14430
14432
14434
14446
14458
14460
14468
14470
14480
14482
14494
14502
14506
14516
14518
14522
14526
14530
14556
14556
14568
14568
14596
14602
14602
14608
14610
14622
14626
14636
14638
14646
14648
14650
14652
14654
14656
14656
14668
14672
14686
14690
14692
14702
14704
14728
14728
14734
14734
14738
14746
14752
14754
14760
14778
14784
14788
14796
14812
14814
14818
14820
14822
14836
14842
14860
14862
14866
14866
14872
14882
14882
14884
14896
14896
14898
14902
14904
14906
14906
14910
14912
14914
14932
14932
14932
14944
14954
14958
14960
14964
14964
14966
14980
14986
14998
15008
15022
15026
15040
15054
15054
15058
15062
15068
15072
15076
15078
15082
15086
15088
15092
15094
15110
15118
15118
15118
15122
15130
15130
15134
15134
15140
15148
15150
15152
15164
15166
15168
15170
15170
15172
15172
15174
15174
15188
15188
15210
15216
15220
15230
15236
15236
15236
15244
15250
15256
15258
15258
15262
15278
15282
15284
15286
15290
15296
15298
15312
15312
15314
15314
15322
15324
15324
15326
15330
15336
15340
15356
15362
15364
15368
15384
15386
15390
15392
15392
15396
15408
15410
15414
15438
15448
15450
15450
15460
15462
15464
15470
15478
15480
15492
15492
15494
15500
15506
15508
15522
15524
15524
15526
15528
15538
15548
15558
15558
15560
15570
15572
15582
15588
15594
15602
15606
15606
15612
15618
15624
15630
15642
15646
15652
15660
15690
15692
15692
15700
15706
15732
15798
15848
15862
15864
15866
15878
15888
15898
15930
15932
15934
15938
15954
16028
16042
16082
16122
16132
16306
16586
16628
16630
16754
16866
16866
16962
17068
17534
17880
18026
18354
18360
19122
19194
19232
19240
19486
19600
19658
19852
19942
19990
20444
20812
21838
21838
21968
22002
22158
22170
22504
22682
22786
22844
23500
23590
23594
23688
23718
23884
23996
24056
24084
24106
24118
24186
24300
24376
24380
24394
24412
24438
24480
24562
24686
24754
24820
24928
24988
25086
25158
25206
25294
26290
27490
27796
28060
28576
29130
29630
35176
35300
35584
35800
37404
37546
43248
45308
45914
48316
49712
51012
53808
63828
108900
910270
1184856
1545906
1722782
