Latencies
5310
5328
5400
5414
5416
5426
5432
5436
5442
5444
5446
5450
5452
5452
5458
5466
5466
5478
5486
5494
5496
5496
5500
5500
5504
5506
5510
5524
5530
5530
5534
5536
5538
5544
5550
5550
5552
5554
5556
5556
5560
5564
5566
5574
5582
5586
5588
5588
5592
5592
5594
5598
5600
5600
5602
5604
5606
5634
5636
5638
5638
5642
5642
5650
5654
5656
5662
5664
5672
5678
5678
5688
5690
5696
5698
5700
5704
5704
5710
5720
5724
5732
5738
5738
5744
5744
5746
5750
5760
5760
5764
5770
5772
5774
5774
5780
5784
5784
5796
5800
5810
5816
5826
5828
5828
5830
5834
5840
5842
5854
5858
5860
5866
5874
5874
5874
5880
5904
5918
5934
5936
5940
5948
5950
5964
5990
5998
6000
6010
6010
6030
6040
6044
6046
6048
6050
6054
6058
6058
6060
6062
6062
6070
6072
6080
6092
6096
6098
6102
6106
6122
6126
6126
6130
6136
6138
6140
6140
6168
6182
6184
6190
6202
6212
6220
6224
6226
6228
6236
6252
6280
6292
6296
6302
6332
6400
6424
6428
6432
6434
6442
6446
6450
6452
6458
6470
6470
6480
6486
6504
6504
6516
6518
6530
6532
6550
6574
6582
6594
6604
6624
6632
6648
6658
6670
6682
6692
6700
6712
6720
6742
6752
6774
6798
6806
6832
6876
6876
6890
6892
6916
6924
6926
6934
6948
6954
6968
6982
6988
7014
7016
7030
7046
7046
7078
7088
7100
7130
7156
7162
7166
7168
7174
7220
7224
7256
7272
7280
7282
7294
7316
7320
7324
7324
7326
7332
7332
7352
7368
7398
7406
7414
7430
7430
7446
7466
7470
7490
7494
7498
7512
7530
7544
7550
7568
7576
7592
7604
7620
7658
7680
7716
7724
7740
7764
7788
7826
7846
7866
7868
7876
7880
7888
7898
7910
7928
7946
7960
7980
7984
7990
7998
7998
8050
8058
8066
8066
8068
8094
8096
8142
8150
8154
8170
8182
8194
8206
8210
8228
8234
8250
8264
8276
8290
8306
8310
8312
8334
8344
8400
8408
8416
8422
8424
8424
8434
8466
8470
8486
8514
8522
8564
8566
8590
8610
8616
8656
8668
8672
8674
8708
8770
8770
8772
8782
8806
8816
8824
8830
8846
8848
8850
8884
8894
8900
8914
8928
8936
8940
8954
8958
8990
9016
9030
9040
9058
9058
9084
9090
9096
9100
9130
9132
9154
9224
9234
9268
9302
9304
9342
9342
9360
9364
9364
9366
9370
9374
9378
9382
9392
9394
9404
9434
9440
9442
9472
9476
9482
9538
9550
9580
9620
9694
9696
9728
9728
9734
9760
9764
9772
9774
9788
9848
9850
9864
9870
9916
9928
9944
9950
9966
9974
9976
9982
9986
9994
10010
10010
10028
10036
10058
10060
10068
10104
10122
10142
10150
10152
10162
10200
10208
10212
10222
10230
10232
10234
10236
10244
10264
10274
10296
10312
10340
10344
10352
10356
10368
10382
10390
10414
10502
10514
10524
10544
10548
10550
10566
10616
10624
10626
10642
10648
10648
10688
10694
10702
10716
10740
10744
10780
10784
10792
10810
10818
10842
10876
10888
10898
10944
10968
10990
10992
11030
11064
11088
11092
11096
11098
11104
11170
11194
11196
11206
11210
11236
11240
11258
11264
11288
11288
11296
11304
11312
11320
11352
11370
11370
11374
11402
11414
11418
11422
11428
11456
11466
11480
11492
11494
11498
11504
11512
11512
11534
11558
11592
11616
11656
11672
11686
11714
11738
11754
11760
11772
11792
11798
11808
11816
11818
11822
11846
11850
11856
11890
11926
11936
11956
11960
11980
11998
12006
12006
12040
12042
12046
12048
12066
12074
12092
12094
12096
12156
12212
12222
12226
12250
12252
12284
12288
12298
12300
12326
12330
12376
12394
12406
12414
12420
12430
12450
12458
12480
12488
12488
12512
12516
12522
12526
12526
12576
12576
12586
12588
12598
12622
12624
12624
12630
12638
12660
12686
12692
12696
12700
12706
12716
12722
12724
12724
12732
12750
12754
12824
12842
12860
12914
12932
12932
12936
12940
12964
12986
12992
13018
13042
13042
13082
13086
13092
13094
13096
13118
13132
13134
13138
13142
13158
13162
13162
13172
13204
13216
13230
13256
13278
13290
13290
13296
13328
13352
13370
13378
13386
13430
13444
13452
13452
13456
13468
13488
13490
13516
13526
13526
13548
13560
13584
13600
13608
13618
13654
13672
13678
13692
13692
13706
13716
13718
13736
13746
13746
13778
13782
13800
13814
13816
13826
13838
13860
13886
13910
13914
13940
13964
13968
13974
13994
13996
14006
14008
14010
14022
14058
14108
14118
14122
14134
14150
14156
14170
14184
14192
14192
14266
14282
14284
14286
14292
14294
14298
14298
14298
14302
14312
14314
14324
14340
14358
14364
14372
14378
14380
14406
14408
14418
14420
14422
14424
14432
14450
14452
14466
14472
14482
14482
14488
14500
14504
14522
14528
14530
14534
14560
14566
14570
14572
14576
14582
14584
14596
14600
14602
14614
14620
14622
14622
14630
14654
14656
14666
14706
14706
14708
14712
14712
14720
14724
14730
14732
14738
14740
14744
14744
14750
14758
14760
14762
14766
14768
14796
14806
14810
14810
14816
14820
14822
14824
14826
14826
14830
14836
14838
14840
14848
14848
14860
14868
14872
14876
14876
14880
14880
14882
14882
14884
14888
14900
14902
14904
14904
14906
14912
14922
14926
14936
14942
14958
14958
14962
14968
14980
14986
14992
14998
14998
15000
15002
15004
15018
15024
15036
15040
15040
15042
15054
15056
15080
15080
15084
15096
15118
15124
15134
15140
15144
15158
15158
15162
15164
15164
15174
15200
15200
15204
15208
15212
15216
15242
15246
15246
15248
15258
15266
15268
15274
15276
15286
15286
15288
15294
15302
15308
15326
15326
15330
15330
15338
15366
15366
15374
15374
15382
15382
15384
15388
15396
15400
15410
15440
15466
15486
15508
15514
15522
15526
15526
15556
15564
15568
15574
15574
15598
15606
15636
15654
15712
15720
15766
15772
15818
15858
15860
15872
15898
15924
15932
15968
16000
16044
16096
16180
16448
16804
17388
18030
18664
19100
19206
19276
22344
22454
23130
23640
23802
23966
23982
23984
24212
24444
24538
24620
24638
24716
24782
24790
24972
25038
25126
25144
25210
25272
25738
29398
30318
33848
34004
34590
35624
35858
40346
45078
48856
81150
203688
