Latencies
4964
4966
4976
4976
4980
4982
4982
4984
4990
4994
4998
4998
5008
5008
5010
5010
5012
5014
5014
5016
5016
5016
5016
5018
5018
5018
5020
5022
5022
5022
5024
5024
5024
5024
5026
5030
5030
5034
5034
5034
5034
5036
5036
5038
5038
5038
5038
5038
5040
5040
5044
5044
5044
5046
5048
5048
5050
5052
5052
5054
5054
5056
5056
5058
5058
5060
5060
5064
5064
5066
5068
5068
5070
5072
5072
5074
5076
5076
5078
5080
5082
5082
5082
5084
5084
5084
5086
5088
5088
5088
5090
5090
5090
5092
5094
5096
5096
5096
5096
5100
5100
5100
5100
5100
5102
5102
5104
5106
5106
5108
5108
5108
5110
5110
5112
5112
5112
5114
5114
5114
5114
5114
5114
5116
5116
5118
5118
5118
5120
5122
5122
5124
5124
5126
5126
5126
5128
5128
5128
5130
5130
5130
5132
5132
5132
5134
5134
5134
5136
5136
5136
5136
5136
5136
5138
5138
5138
5138
5140
5140
5140
5142
5142
5142
5142
5142
5142
5142
5142
5144
5144
5144
5146
5146
5148
5148
5148
5148
5150
5150
5150
5152
5152
5152
5154
5154
5154
5154
5156
5156
5156
5156
5158
5158
5160
5160
5160
5162
5162
5162
5162
5162
5164
5164
5166
5166
5166
5168
5168
5170
5170
5170
5172
5172
5172
5174
5174
5174
5174
5176
5176
5176
5176
5176
5176
5176
5176
5178
5178
5178
5180
5180
5182
5182
5182
5182
5184
5184
5184
5186
5186
5186
5186
5188
5188
5188
5188
5190
5190
5190
5192
5194
5194
5194
5194
5198
5198
5198
5198
5198
5198
5200
5200
5200
5200
5200
5200
5202
5202
5202
5202
5202
5204
5204
5206
5206
5206
5206
5206
5208
5208
5210
5210
5210
5212
5212
5212
5212
5212
5214
5214
5214
5214
5214
5216
5216
5216
5216
5216
5216
5216
5216
5218
5218
5218
5220
5222
5222
5222
5222
5222
5222
5222
5222
5222
5224
5224
5224
5224
5224
5226
5226
5226
5226
5228
5228
5230
5230
5230
5232
5232
5232
5232
5232
5234
5234
5234
5234
5234
5234
5236
5236
5238
5238
5238
5238
5238
5238
5240
5240
5240
5240
5240
5240
5242
5242
5242
5242
5244
5244
5244
5244
5246
5246
5246
5246
5246
5248
5250
5250
5250
5250
5250
5252
5252
5252
5252
5254
5254
5254
5256
5256
5256
5256
5256
5256
5256
5258
5258
5258
5260
5260
5260
5260
5260
5260
5262
5262
5262
5262
5262
5262
5262
5264
5264
5266
5266
5268
5268
5270
5272
5272
5272
5272
5274
5274
5276
5276
5276
5276
5276
5276
5276
5278
5278
5278
5278
5278
5280
5280
5280
5280
5280
5280
5282
5282
5282
5282
5282
5284
5284
5284
5286
5286
5286
5288
5290
5290
5290
5292
5292
5292
5292
5294
5294
5296
5296
5296
5298
5298
5300
5302
5302
5304
5304
5306
5306
5308
5308
5308
5310
5312
5314
5314
5316
5316
5316
5316
5316
5316
5318
5322
5322
5324
5324
5324
5326
5328
5330
5332
5332
5334
5334
5336
5336
5336
5338
5338
5340
5340
5342
5342
5342
5342
5344
5344
5348
5348
5348
5348
5350
5350
5352
5354
5354
5354
5358
5360
5360
5366
5366
5368
5368
5372
5374
5376
5378
5380
5382
5384
5384
5386
5388
5388
5390
5390
5392
5392
5394
5394
5398
5400
5400
5400
5402
5402
5406
5406
5406
5406
5406
5406
5408
5408
5408
5410
5412
5416
5418
5418
5422
5428
5428
5428
5430
5432
5434
5436
5436
5440
5440
5442
5442
5442
5444
5444
5444
5446
5448
5448
5452
5452
5452
5454
5454
5458
5460
5460
5462
5464
5464
5466
5468
5472
5476
5478
5478
5478
5480
5480
5482
5482
5484
5484
5486
5488
5490
5490
5492
5492
5494
5496
5498
5498
5502
5506
5508
5508
5508
5510
5510
5512
5514
5514
5514
5520
5524
5524
5524
5526
5526
5534
5534
5536
5536
5536
5538
5538
5540
5544
5546
5546
5548
5548
5548
5550
5552
5554
5560
5562
5562
5564
5564
5566
5566
5566
5568
5570
5572
5578
5578
5580
5582
5584
5594
5594
5596
5598
5598
5602
5602
5602
5604
5606
5610
5612
5612
5614
5614
5622
5624
5626
5628
5628
5630
5630
5630
5630
5632
5638
5642
5646
5646
5650
5650
5650
5652
5654
5658
5658
5660
5662
5662
5666
5668
5668
5668
5668
5672
5672
5674
5676
5676
5678
5680
5680
5682
5686
5688
5690
5694
5696
5696
5702
5702
5702
5710
5710
5712
5724
5724
5724
5728
5730
5730
5732
5734
5738
5740
5740
5742
5744
5748
5752
5756
5758
5760
5764
5764
5764
5764
5766
5768
5770
5770
5778
5780
5784
5788
5788
5794
5794
5798
5800
5804
5804
5806
5808
5808
5808
5808
5810
5812
5816
5818
5824
5830
5830
5836
5836
5838
5838
5838
5840
5854
5858
5872
5874
5876
5878
5878
5884
5884
5888
5888
5894
5896
5900
5902
5902
5904
5906
5918
5920
5924
5926
5930
5934
5936
5942
5948
5958
5964
5964
5970
5972
5976
5978
5978
6000
6020
6022
6022
6022
6026
6028
6030
6044
6048
6074
6088
6092
6114
6130
6130
6134
6134
6146
6146
6182
6196
6218
6228
6256
6256
6260
6262
6282
6288
6332
6356
6358
6378
6378
6440
6478
6490
6498
6516
6536
6608
6616
6716
6856
6882
7008
7094
7188
7468
7486
7510
7638
7688
8266
8450
8630
8702
8840
8886
8948
9802
10148
10238
10306
10406
10578
10650
10662
10818
10864
10896
10936
11238
11406
11446
11478
11710
11720
12138
12516
12640
12654
12660
12822
12894
13264
13268
13298
13394
13480
13500
13914
13994
14200
14254
14276
14344
14378
14520
14614
14694
14710
14770
14828
14872
15276
15376
15446
15518
15658
15664
15866
15876
15900
15942
16054
16540
16722
16860
17424
17452
18198
18490
18526
18628
18692
18736
20882
20972
21162
22508
22658
22672
22812
23276
23732
24088
24184
24982
25126
25162
25494
25812
26674
27964
28522
28956
30066
30236
30576
30752
31210
31344
32178
32682
32756
33052
33462
33606
34492
34682
34756
34890
35214
35458
35616
35684
36122
36280
37380
38530
38988
39028
41122
41348
42100
45092
61560
76110
76650
