Latencies
5136
5154
5158
5160
5162
5166
5168
5170
5172
5178
5178
5184
5186
5188
5192
5192
5194
5196
5204
5208
5208
5212
5216
5220
5220
5220
5222
5222
5224
5224
5226
5228
5230
5234
5234
5236
5236
5238
5238
5240
5240
5240
5240
5242
5242
5242
5246
5246
5248
5254
5256
5260
5262
5264
5266
5266
5268
5268
5268
5270
5270
5272
5272
5272
5272
5272
5274
5274
5274
5274
5276
5276
5278
5282
5282
5282
5284
5284
5284
5284
5286
5288
5288
5288
5288
5288
5290
5292
5292
5294
5296
5298
5298
5298
5298
5298
5300
5304
5304
5304
5304
5306
5306
5306
5308
5308
5308
5308
5308
5308
5310
5310
5310
5310
5310
5312
5314
5314
5314
5314
5314
5316
5316
5318
5318
5320
5324
5324
5326
5326
5328
5328
5328
5330
5330
5330
5330
5334
5334
5334
5336
5336
5336
5336
5336
5336
5338
5338
5338
5338
5340
5340
5340
5342
5342
5342
5342
5342
5342
5344
5344
5344
5344
5344
5344
5346
5346
5346
5346
5346
5346
5346
5348
5348
5348
5348
5348
5350
5350
5350
5350
5350
5350
5352
5354
5354
5354
5354
5354
5354
5356
5356
5356
5358
5360
5360
5360
5362
5362
5362
5362
5362
5362
5364
5364
5364
5364
5364
5364
5364
5364
5364
5366
5366
5366
5366
5366
5366
5368
5368
5368
5368
5368
5368
5370
5370
5370
5372
5372
5372
5372
5372
5374
5374
5374
5374
5376
5376
5376
5376
5376
5378
5378
5378
5378
5380
5380
5380
5382
5382
5382
5382
5382
5384
5384
5384
5384
5386
5386
5386
5388
5388
5388
5388
5388
5388
5390
5390
5390
5390
5392
5392
5392
5392
5394
5394
5396
5396
5396
5396
5396
5396
5398
5398
5398
5400
5400
5400
5400
5400
5400
5400
5402
5402
5402
5402
5402
5404
5404
5404
5404
5406
5406
5408
5408
5408
5408
5410
5410
5410
5410
5410
5412
5412
5412
5412
5414
5416
5418
5418
5418
5418
5418
5418
5420
5420
5420
5420
5422
5422
5422
5422
5422
5422
5422
5424
5424
5424
5428
5428
5428
5428
5430
5430
5430
5430
5430
5430
5432
5432
5432
5434
5434
5434
5436
5438
5438
5440
5442
5444
5444
5446
5448
5450
5450
5450
5450
5450
5452
5452
5454
5454
5454
5454
5456
5456
5458
5460
5460
5460
5462
5464
5464
5466
5468
5468
5470
5470
5472
5472
5476
5476
5476
5478
5478
5478
5482
5484
5484
5486
5486
5486
5490
5490
5492
5494
5496
5498
5498
5498
5498
5498
5498
5502
5506
5508
5508
5510
5512
5512
5512
5514
5516
5516
5518
5520
5520
5522
5522
5526
5528
5530
5530
5532
5534
5534
5534
5536
5536
5538
5540
5540
5540
5540
5542
5542
5544
5546
5546
5546
5546
5548
5550
5550
5552
5554
5554
5558
5560
5562
5562
5564
5564
5564
5564
5566
5568
5568
5568
5568
5570
5570
5570
5570
5570
5572
5572
5574
5576
5576
5578
5580
5580
5582
5584
5584
5586
5586
5588
5592
5594
5596
5598
5600
5600
5600
5602
5604
5606
5608
5610
5614
5616
5616
5618
5618
5620
5620
5622
5622
5626
5628
5628
5630
5632
5636
5636
5640
5642
5642
5642
5642
5644
5644
5646
5648
5650
5654
5656
5656
5658
5658
5660
5664
5672
5676
5678
5684
5684
5686
5686
5686
5690
5692
5700
5702
5704
5706
5708
5708
5708
5710
5710
5712
5712
5714
5714
5716
5716
5720
5720
5722
5726
5728
5730
5730
5732
5736
5738
5738
5738
5740
5744
5748
5750
5750
5750
5752
5752
5752
5752
5752
5756
5758
5760
5760
5760
5760
5762
5764
5772
5772
5776
5776
5776
5778
5780
5780
5784
5788
5788
5792
5792
5796
5800
5800
5802
5804
5812
5812
5814
5818
5820
5820
5820
5832
5832
5840
5840
5844
5846
5850
5852
5856
5858
5860
5860
5862
5864
5866
5866
5868
5868
5870
5872
5878
5878
5878
5880
5880
5880
5882
5886
5886
5890
5890
5890
5892
5892
5894
5896
5900
5902
5906
5910
5912
5914
5914
5916
5916
5918
5920
5926
5928
5932
5932
5934
5934
5936
5936
5936
5940
5942
5944
5946
5946
5948
5950
5950
5954
5954
5954
5954
5958
5964
5964
5968
5970
5970
5976
5976
5978
5978
5980
5984
5986
5988
5990
5992
5992
5994
5994
5994
6000
6002
6004
6006
6006
6010
6012
6022
6024
6028
6034
6038
6040
6042
6042
6050
6050
6052
6054
6054
6058
6058
6060
6062
6068
6076
6078
6078
6098
6100
6112
6114
6114
6116
6120
6122
6128
6128
6132
6132
6132
6134
6136
6140
6142
6144
6152
6156
6158
6162
6170
6170
6172
6176
6178
6184
6184
6186
6186
6188
6194
6196
6204
6204
6238
6244
6244
6262
6266
6278
6294
6302
6304
6316
6318
6330
6334
6338
6344
6344
6346
6356
6358
6382
6414
6428
6428
6430
6432
6446
6460
6468
6478
6484
6494
6554
6564
6566
6568
6580
6584
6598
6624
6626
6642
6642
6686
6686
6706
6712
6722
6726
6752
6836
6890
6998
7034
7064
7138
7204
7214
7368
7796
7904
7942
7994
8202
8334
8486
8506
8642
8686
8686
8692
8798
8816
8954
9456
9484
9704
9798
10560
10560
10666
10806
10806
10832
10838
10904
10972
11082
11170
11322
11382
11390
11542
11554
11566
11586
12396
12426
12458
12642
12730
12886
12944
13164
13252
13368
13442
13648
13742
13858
14222
14264
14340
14378
14416
14442
14444
14468
14516
14946
15354
15570
15750
16006
17316
17376
17622
18414
18714
20078
20152
20308
20328
20348
20406
20484
20628
20632
20978
21180
21208
22874
22910
23162
23424
23526
23782
23824
24466
24736
24764
24770
24966
24982
25010
25068
25320
25320
25426
25720
25796
26184
26576
26828
27398
28978
29088
29158
29444
29474
29638
29650
29668
30166
30878
31502
31848
31912
32028
33066
33920
34136
35620
35706
35792
36076
36300
36526
36694
37204
38522
40098
40974
51536
55080
56354
363510
