Latencies
4986
4988
4992
5006
5026
5026
5026
5028
5028
5028
5030
5030
5034
5034
5036
5038
5040
5040
5042
5044
5044
5048
5050
5050
5050
5052
5052
5056
5056
5056
5056
5062
5062
5062
5064
5066
5066
5066
5066
5066
5068
5068
5068
5070
5072
5072
5072
5074
5076
5076
5076
5078
5082
5082
5084
5086
5086
5088
5088
5090
5090
5092
5092
5098
5098
5100
5102
5102
5104
5104
5104
5108
5108
5108
5110
5110
5112
5112
5112
5112
5112
5114
5114
5114
5116
5120
5122
5122
5122
5124
5124
5124
5126
5126
5126
5128
5130
5130
5130
5132
5132
5132
5134
5136
5136
5138
5138
5140
5142
5142
5144
5144
5146
5146
5148
5150
5150
5152
5152
5154
5154
5156
5156
5156
5158
5158
5158
5158
5158
5160
5162
5164
5164
5164
5164
5166
5166
5166
5166
5166
5168
5168
5170
5172
5172
5172
5172
5172
5174
5174
5174
5174
5174
5174
5176
5176
5176
5178
5178
5178
5178
5178
5180
5180
5182
5182
5182
5182
5184
5184
5184
5186
5188
5188
5188
5190
5190
5190
5190
5190
5190
5192
5192
5192
5192
5194
5196
5196
5196
5196
5196
5196
5196
5198
5198
5198
5198
5200
5200
5200
5202
5202
5204
5206
5206
5206
5208
5208
5208
5208
5210
5210
5210
5210
5212
5212
5212
5212
5212
5212
5212
5214
5214
5214
5216
5216
5216
5216
5216
5216
5216
5218
5218
5218
5218
5218
5218
5218
5218
5220
5220
5220
5222
5222
5222
5222
5222
5222
5222
5224
5224
5224
5226
5226
5226
5226
5226
5226
5228
5228
5228
5230
5230
5230
5230
5230
5232
5232
5232
5232
5232
5232
5234
5236
5236
5236
5238
5238
5238
5238
5238
5240
5240
5242
5242
5242
5242
5242
5242
5244
5244
5244
5246
5246
5246
5246
5246
5246
5246
5246
5246
5246
5248
5248
5248
5248
5248
5250
5250
5250
5250
5252
5252
5252
5252
5252
5252
5252
5254
5254
5254
5254
5254
5256
5256
5256
5256
5256
5256
5256
5256
5258
5258
5258
5258
5258
5258
5260
5260
5260
5260
5260
5260
5262
5262
5262
5262
5264
5264
5264
5264
5264
5264
5266
5266
5266
5266
5266
5268
5268
5268
5270
5270
5270
5270
5270
5270
5270
5270
5272
5272
5274
5274
5274
5274
5276
5276
5276
5278
5278
5278
5278
5278
5278
5278
5278
5280
5280
5280
5282
5282
5282
5282
5282
5282
5284
5284
5284
5284
5286
5286
5286
5286
5288
5288
5288
5290
5290
5290
5290
5290
5290
5290
5292
5292
5292
5292
5292
5294
5294
5294
5294
5294
5294
5296
5296
5296
5296
5298
5300
5302
5302
5302
5302
5304
5304
5304
5304
5306
5306
5308
5308
5308
5310
5310
5310
5310
5312
5312
5314
5314
5314
5314
5314
5314
5314
5316
5316
5316
5318
5318
5318
5318
5318
5320
5322
5322
5322
5322
5324
5324
5324
5324
5326
5326
5326
5326
5328
5330
5334
5334
5334
5334
5334
5334
5334
5336
5338
5338
5338
5342
5342
5344
5346
5346
5348
5348
5348
5350
5354
5354
5354
5356
5356
5358
5358
5360
5360
5362
5364
5364
5364
5366
5368
5370
5370
5370
5372
5374
5374
5376
5376
5378
5378
5378
5378
5380
5380
5382
5382
5384
5386
5386
5386
5386
5386
5388
5390
5392
5394
5394
5396
5398
5398
5400
5400
5400
5402
5402
5406
5408
5410
5410
5410
5410
5412
5412
5414
5414
5418
5418
5420
5422
5422
5424
5424
5424
5426
5426
5428
5430
5430
5432
5434
5436
5436
5438
5442
5444
5444
5444
5446
5446
5450
5454
5456
5458
5464
5464
5466
5466
5468
5470
5472
5472
5472
5472
5476
5476
5476
5476
5478
5480
5482
5482
5490
5490
5492
5494
5494
5496
5496
5498
5500
5508
5510
5512
5518
5520
5522
5522
5524
5528
5530
5530
5532
5532
5534
5536
5538
5542
5544
5546
5546
5548
5550
5552
5554
5554
5556
5556
5562
5562
5566
5566
5568
5568
5568
5570
5572
5572
5574
5574
5580
5580
5582
5582
5586
5586
5586
5588
5590
5590
5592
5598
5598
5602
5602
5604
5610
5610
5610
5614
5614
5618
5620
5622
5624
5626
5630
5632
5632
5638
5640
5640
5640
5642
5642
5644
5648
5652
5652
5654
5658
5664
5664
5668
5668
5670
5670
5674
5674
5678
5682
5684
5684
5686
5686
5688
5690
5694
5694
5696
5696
5704
5706
5710
5712
5712
5714
5714
5716
5720
5722
5722
5734
5736
5736
5742
5744
5744
5750
5750
5750
5750
5750
5750
5756
5762
5762
5766
5766
5768
5768
5770
5770
5772
5774
5778
5778
5780
5782
5790
5794
5800
5804
5808
5808
5812
5822
5822
5824
5824
5830
5830
5838
5842
5842
5848
5848
5848
5848
5852
5864
5866
5868
5878
5880
5882
5890
5894
5902
5902
5902
5902
5904
5914
5914
5916
5918
5918
5926
5932
5944
5944
5946
5948
5952
5954
5954
5956
5958
5960
5962
5964
5964
5972
5980
5982
5982
5984
6002
6006
6012
6014
6016
6026
6028
6046
6048
6050
6050
6058
6072
6076
6080
6090
6106
6110
6124
6124
6134
6146
6152
6162
6172
6174
6180
6182
6186
6198
6206
6226
6258
6262
6278
6348
6404
6444
6446
6500
6508
6522
6522
6522
6558
6562
6580
6698
6702
6900
6906
7120
7342
7354
7382
7544
7584
7698
7702
7774
7830
7886
8056
8294
8354
8400
8514
8652
8830
8996
9110
9136
9258
9978
10218
10424
10730
10836
10836
10878
10884
10958
11120
11212
11272
11426
11458
11682
11786
12032
12170
12376
12740
12944
12962
13178
13314
13664
13690
13870
14200
14302
14372
14420
14608
14816
14918
15070
15190
15240
16040
16096
16292
16932
17044
17394
17684
17802
17802
17848
18592
19028
19668
19874
20114
20208
20356
20914
21038
21694
22474
22826
23070
23340
23842
23970
24056
24130
24758
25146
25226
25468
25674
25732
25918
26028
26278
26420
26544
26806
26868
27190
28036
29086
29252
30506
32708
32738
33818
34552
35048
35212
35360
35376
35568
35596
36334
38102
39432
40338
42728
