Latencies
5130
5150
5154
5158
5164
5166
5170
5172
5172
5178
5184
5190
5192
5192
5196
5198
5200
5202
5208
5208
5230
5232
5234
5234
5234
5236
5246
5246
5248
5248
5260
5262
5264
5264
5266
5268
5268
5268
5270
5270
5272
5274
5274
5276
5276
5278
5282
5284
5286
5286
5288
5290
5292
5294
5298
5298
5298
5298
5298
5300
5300
5300
5300
5300
5302
5304
5304
5306
5306
5308
5310
5310
5312
5312
5312
5314
5314
5314
5316
5316
5316
5316
5318
5320
5320
5320
5320
5322
5322
5324
5324
5324
5324
5326
5326
5328
5328
5330
5330
5330
5332
5332
5332
5332
5336
5338
5338
5338
5338
5340
5340
5340
5342
5342
5344
5344
5344
5344
5344
5346
5346
5346
5346
5348
5348
5352
5352
5354
5354
5356
5356
5356
5358
5360
5360
5360
5360
5360
5360
5362
5364
5364
5364
5366
5366
5366
5366
5368
5368
5368
5368
5370
5370
5370
5370
5370
5370
5372
5372
5372
5374
5374
5374
5376
5376
5376
5376
5376
5378
5378
5378
5378
5380
5380
5382
5382
5382
5382
5384
5384
5386
5386
5386
5388
5388
5390
5390
5390
5390
5392
5392
5392
5392
5392
5392
5394
5394
5394
5394
5396
5396
5396
5396
5396
5398
5400
5400
5400
5400
5400
5402
5402
5402
5402
5404
5404
5404
5404
5406
5406
5408
5408
5408
5408
5408
5408
5408
5410
5412
5412
5412
5412
5414
5414
5414
5416
5416
5416
5416
5418
5418
5418
5418
5420
5420
5420
5422
5422
5422
5424
5424
5424
5424
5426
5426
5426
5426
5426
5426
5428
5428
5428
5428
5428
5428
5430
5430
5430
5430
5430
5430
5430
5432
5432
5432
5434
5434
5436
5436
5436
5438
5438
5440
5440
5440
5440
5442
5442
5442
5442
5442
5442
5444
5444
5446
5446
5446
5446
5446
5448
5448
5448
5450
5450
5450
5450
5452
5452
5452
5452
5452
5452
5452
5454
5454
5458
5458
5458
5460
5460
5460
5460
5460
5460
5462
5464
5464
5464
5464
5464
5464
5466
5466
5466
5466
5468
5468
5468
5468
5470
5470
5470
5472
5474
5474
5476
5476
5476
5476
5478
5478
5480
5480
5480
5480
5480
5482
5482
5482
5482
5482
5484
5484
5484
5484
5484
5484
5486
5486
5486
5486
5486
5488
5488
5488
5490
5490
5490
5490
5490
5492
5492
5492
5492
5494
5494
5494
5494
5496
5496
5496
5496
5498
5498
5498
5498
5500
5500
5500
5500
5500
5500
5502
5502
5502
5504
5504
5506
5506
5506
5506
5506
5506
5508
5508
5508
5508
5508
5510
5512
5512
5512
5514
5514
5514
5516
5516
5516
5516
5518
5518
5520
5520
5520
5522
5522
5522
5524
5524
5524
5524
5524
5524
5526
5526
5528
5528
5528
5530
5530
5530
5532
5532
5532
5532
5534
5534
5534
5534
5534
5536
5536
5538
5538
5538
5540
5540
5540
5540
5542
5542
5542
5544
5544
5544
5546
5546
5546
5546
5546
5548
5548
5548
5548
5550
5552
5552
5552
5554
5554
5554
5554
5556
5556
5556
5556
5556
5556
5558
5560
5560
5564
5564
5566
5568
5568
5568
5570
5570
5574
5576
5578
5578
5580
5582
5584
5584
5584
5590
5594
5596
5596
5598
5598
5600
5602
5604
5606
5608
5608
5608
5610
5610
5612
5612
5614
5616
5616
5618
5620
5620
5620
5622
5622
5622
5622
5624
5624
5624
5626
5626
5628
5628
5634
5634
5636
5636
5640
5642
5642
5642
5642
5644
5646
5648
5648
5650
5650
5650
5652
5654
5654
5658
5658
5666
5666
5666
5666
5666
5668
5670
5670
5672
5672
5674
5674
5676
5678
5678
5678
5680
5680
5682
5682
5684
5686
5688
5688
5690
5690
5690
5692
5694
5696
5696
5696
5700
5700
5702
5702
5706
5706
5706
5706
5708
5710
5712
5712
5714
5714
5720
5722
5722
5728
5730
5730
5732
5734
5736
5736
5736
5742
5744
5746
5748
5748
5750
5750
5750
5754
5754
5756
5762
5762
5762
5764
5764
5764
5766
5770
5772
5772
5774
5774
5776
5778
5782
5784
5792
5794
5796
5798
5800
5800
5800
5800
5804
5808
5814
5816
5826
5828
5828
5830
5832
5834
5834
5840
5840
5844
5846
5846
5846
5848
5850
5850
5852
5854
5856
5858
5858
5858
5860
5860
5862
5864
5866
5866
5866
5866
5866
5868
5868
5868
5872
5872
5872
5874
5876
5876
5876
5878
5878
5880
5888
5890
5890
5894
5896
5896
5902
5902
5904
5906
5906
5906
5908
5910
5910
5912
5912
5914
5916
5918
5918
5918
5920
5920
5922
5922
5922
5926
5928
5932
5934
5934
5936
5938
5946
5946
5946
5948
5950
5954
5954
5954
5956
5958
5960
5964
5966
5970
5974
5974
5978
5984
5986
5986
5990
5992
5992
5998
6004
6008
6010
6014
6014
6014
6016
6016
6022
6024
6032
6032
6036
6036
6040
6042
6042
6048
6048
6048
6050
6050
6050
6050
6054
6056
6056
6058
6058
6058
6064
6066
6068
6070
6070
6074
6078
6078
6080
6090
6092
6096
6098
6100
6116
6118
6124
6124
6132
6134
6138
6146
6150
6150
6162
6168
6168
6180
6188
6188
6188
6192
6194
6196
6196
6204
6206
6210
6212
6218
6226
6238
6238
6240
6246
6256
6258
6262
6268
6272
6276
6286
6288
6302
6312
6316
6320
6330
6330
6340
6344
6344
6352
6362
6366
6374
6382
6384
6410
6414
6422
6428
6444
6444
6474
6476
6488
6498
6500
6502
6516
6518
6534
6540
6566
6568
6586
6596
6614
6628
6634
6660
6674
6678
6710
6748
6802
6830
7280
7398
7490
7988
8294
9306
9386
9426
9568
9740
10212
10288
10458
10474
10636
10650
10662
10692
10818
11056
11092
11138
11226
11282
11342
11360
11700
11704
11754
12200
12470
12496
12596
13142
13186
13262
13556
14292
14362
14552
14606
14854
15064
15294
15320
16204
17508
17802
19236
19240
19408
19636
19668
20046
20888
21198
21384
22172
22626
22644
22796
22806
22902
23050
23286
24334
24906
25082
25092
25260
25832
26870
27832
28014
28048
28378
29816
31602
32820
32968
33154
35446
36690
36834
37010
