Latencies
5012
5028
5036
5036
5044
5044
5048
5052
5054
5056
5062
5062
5062
5068
5070
5074
5080
5080
5086
5090
5092
5092
5092
5094
5096
5098
5100
5100
5100
5102
5104
5104
5104
5106
5108
5108
5108
5110
5110
5118
5118
5124
5126
5128
5130
5130
5132
5134
5136
5136
5136
5138
5140
5142
5142
5142
5146
5146
5146
5148
5148
5150
5152
5152
5156
5158
5160
5164
5166
5166
5168
5172
5174
5174
5176
5176
5178
5180
5180
5182
5182
5182
5184
5184
5186
5186
5188
5188
5190
5190
5192
5194
5194
5196
5198
5198
5198
5200
5202
5202
5202
5202
5202
5202
5204
5204
5204
5206
5206
5206
5208
5208
5208
5208
5208
5208
5210
5210
5212
5212
5212
5212
5214
5216
5216
5216
5218
5218
5218
5218
5218
5218
5218
5220
5220
5222
5222
5222
5224
5224
5224
5224
5224
5226
5226
5226
5226
5226
5228
5230
5230
5232
5232
5232
5232
5232
5232
5234
5234
5234
5236
5236
5236
5236
5236
5238
5238
5238
5238
5238
5238
5240
5240
5240
5240
5242
5242
5242
5242
5242
5244
5246
5246
5246
5246
5248
5248
5248
5250
5250
5250
5250
5252
5252
5254
5254
5254
5254
5256
5256
5256
5256
5258
5258
5258
5258
5258
5260
5262
5264
5264
5264
5266
5266
5266
5266
5268
5268
5270
5272
5272
5272
5272
5272
5274
5274
5276
5276
5278
5278
5282
5282
5282
5284
5284
5284
5286
5286
5288
5288
5290
5290
5290
5290
5292
5292
5292
5296
5296
5298
5298
5298
5298
5298
5298
5298
5298
5300
5300
5300
5302
5302
5304
5304
5306
5306
5306
5308
5308
5308
5310
5310
5310
5310
5312
5312
5314
5316
5316
5318
5318
5318
5318
5318
5320
5320
5320
5322
5322
5324
5324
5324
5324
5324
5326
5326
5326
5328
5330
5330
5332
5332
5332
5332
5332
5332
5332
5332
5332
5334
5334
5334
5334
5334
5336
5338
5340
5340
5340
5340
5342
5342
5344
5344
5344
5344
5344
5346
5348
5348
5348
5348
5350
5350
5350
5352
5352
5352
5352
5352
5352
5354
5354
5354
5356
5356
5356
5356
5358
5358
5358
5360
5362
5362
5362
5362
5364
5364
5364
5364
5364
5364
5364
5366
5366
5366
5366
5366
5368
5368
5368
5368
5368
5368
5370
5370
5370
5370
5370
5372
5372
5372
5372
5372
5372
5372
5372
5374
5376
5376
5378
5378
5378
5378
5378
5378
5380
5382
5382
5382
5382
5382
5384
5384
5386
5386
5386
5386
5386
5388
5388
5388
5390
5390
5390
5392
5392
5392
5392
5394
5394
5394
5394
5394
5394
5394
5394
5394
5398
5400
5400
5400
5400
5402
5402
5404
5404
5406
5408
5408
5408
5408
5408
5410
5410
5410
5412
5412
5412
5414
5414
5414
5414
5418
5420
5420
5420
5422
5422
5424
5424
5424
5426
5426
5428
5428
5430
5430
5430
5430
5432
5434
5434
5434
5436
5438
5438
5440
5440
5446
5446
5446
5448
5448
5448
5448
5448
5448
5450
5450
5450
5450
5454
5456
5456
5458
5458
5458
5458
5460
5460
5460
5460
5460
5462
5464
5466
5468
5468
5470
5474
5474
5482
5488
5488
5490
5494
5494
5494
5496
5496
5504
5504
5506
5506
5506
5506
5508
5508
5510
5510
5512
5514
5514
5514
5514
5514
5516
5516
5516
5516
5520
5520
5520
5520
5524
5528
5528
5530
5530
5532
5532
5534
5534
5538
5538
5538
5538
5538
5540
5540
5540
5540
5542
5546
5546
5546
5548
5550
5550
5554
5556
5556
5558
5558
5558
5558
5560
5562
5562
5562
5564
5564
5566
5568
5572
5572
5574
5576
5576
5578
5584
5586
5586
5586
5596
5596
5596
5596
5598
5598
5600
5600
5600
5606
5608
5614
5614
5614
5616
5616
5618
5618
5618
5622
5622
5622
5626
5630
5630
5630
5632
5634
5634
5638
5638
5640
5644
5644
5646
5648
5650
5650
5650
5652
5654
5654
5654
5660
5664
5664
5664
5666
5666
5666
5668
5668
5672
5674
5678
5680
5680
5680
5680
5682
5690
5692
5696
5696
5700
5700
5700
5702
5704
5704
5706
5708
5722
5722
5724
5724
5726
5728
5732
5736
5736
5736
5742
5748
5754
5756
5756
5764
5768
5772
5772
5780
5784
5786
5786
5788
5790
5790
5792
5792
5800
5800
5808
5812
5822
5824
5826
5832
5834
5836
5840
5846
5852
5856
5860
5862
5862
5866
5870
5870
5872
5874
5874
5876
5882
5884
5886
5888
5890
5890
5892
5892
5894
5898
5910
5914
5916
5918
5920
5922
5926
5936
5944
5946
5958
5958
5960
5960
5968
5970
5970
5972
5974
5976
5980
5986
5992
5994
5994
5996
6000
6004
6004
6004
6004
6006
6010
6010
6012
6018
6020
6020
6024
6024
6026
6028
6040
6042
6046
6048
6050
6054
6062
6070
6072
6072
6082
6090
6096
6112
6114
6118
6118
6126
6130
6144
6146
6148
6150
6156
6158
6168
6176
6182
6192
6198
6220
6222
6222
6228
6242
6242
6260
6262
6268
6284
6306
6314
6316
6320
6328
6340
6348
6408
6408
6410
6422
6422
6426
6430
6430
6450
6490
6490
6492
6502
6550
6662
6668
6704
6730
6746
6778
6794
6932
6946
7050
7158
7412
7716
7734
7808
7814
7852
8124
8158
8232
8728
8742
8772
8904
8930
8996
9068
9216
9324
9598
9764
9780
9824
10028
10198
10204
10376
10454
10506
10594
10628
10650
10650
10700
11276
11282
11398
11486
12172
12334
12420
12632
12842
13084
13662
13704
13952
13954
14060
14092
14432
14434
14480
14540
14574
14592
14604
14606
14778
14876
15190
15496
15722
15804
16196
16860
17048
17358
17682
17932
18056
18092
18234
18724
19088
19418
19558
19640
20364
20732
21520
21898
22864
23530
23554
23838
24378
25558
25748
25938
26196
26510
27286
27648
27854
28026
28446
28550
29120
29666
30246
30836
32678
33952
34676
35244
35554
36898
37422
37440
37670
38058
38288
40856
41148
42036
43740
