Latencies
5038
5042
5046
5052
5058
5060
5070
5072
5072
5076
5076
5076
5076
5078
5080
5082
5082
5090
5092
5094
5098
5100
5104
5104
5104
5104
5108
5108
5108
5110
5110
5114
5114
5114
5116
5116
5118
5118
5122
5122
5124
5124
5124
5126
5126
5128
5128
5136
5136
5138
5140
5142
5142
5144
5144
5144
5146
5146
5148
5148
5150
5154
5154
5154
5156
5158
5158
5160
5162
5162
5162
5164
5164
5166
5168
5170
5170
5170
5172
5172
5172
5174
5174
5176
5176
5176
5176
5178
5178
5178
5178
5178
5178
5178
5180
5180
5182
5182
5184
5184
5186
5188
5188
5188
5188
5188
5190
5190
5190
5190
5192
5192
5192
5192
5194
5194
5194
5194
5194
5196
5196
5196
5198
5200
5200
5200
5202
5202
5202
5204
5206
5206
5208
5208
5208
5210
5210
5210
5212
5214
5214
5214
5214
5214
5216
5216
5216
5218
5218
5218
5220
5220
5220
5220
5220
5220
5220
5222
5222
5222
5224
5224
5224
5226
5226
5228
5228
5228
5228
5230
5230
5232
5232
5232
5232
5232
5234
5234
5236
5238
5238
5238
5240
5240
5240
5240
5240
5242
5242
5242
5242
5244
5246
5246
5246
5246
5248
5248
5248
5248
5248
5248
5250
5250
5250
5250
5250
5252
5252
5252
5252
5252
5254
5254
5254
5254
5256
5256
5256
5256
5258
5258
5260
5260
5260
5260
5260
5262
5264
5264
5264
5264
5264
5264
5264
5266
5266
5266
5266
5266
5268
5268
5268
5268
5270
5270
5272
5272
5272
5272
5274
5274
5276
5276
5276
5276
5276
5276
5278
5278
5278
5278
5278
5280
5280
5280
5282
5282
5284
5286
5286
5286
5286
5286
5286
5286
5288
5288
5288
5288
5288
5292
5292
5292
5292
5292
5294
5294
5294
5294
5296
5296
5296
5296
5298
5298
5298
5298
5298
5300
5300
5300
5300
5300
5300
5302
5302
5302
5302
5302
5302
5302
5304
5304
5304
5306
5308
5310
5310
5312
5312
5312
5312
5314
5314
5316
5316
5316
5316
5316
5316
5316
5318
5318
5318
5318
5320
5320
5320
5320
5320
5324
5326
5326
5326
5328
5330
5330
5330
5330
5332
5332
5332
5332
5334
5334
5336
5336
5336
5336
5338
5340
5340
5340
5340
5340
5340
5342
5342
5342
5342
5342
5342
5342
5342
5342
5344
5346
5346
5346
5346
5346
5346
5346
5348
5348
5350
5350
5350
5350
5350
5350
5352
5354
5356
5356
5358
5358
5358
5360
5360
5362
5362
5364
5364
5364
5366
5366
5366
5370
5370
5372
5374
5374
5376
5378
5380
5380
5382
5384
5384
5386
5386
5386
5386
5386
5388
5390
5390
5392
5394
5394
5396
5396
5398
5398
5398
5400
5400
5400
5400
5400
5402
5402
5402
5404
5404
5406
5408
5410
5410
5410
5412
5412
5412
5412
5412
5414
5414
5416
5416
5416
5416
5418
5420
5420
5420
5420
5422
5422
5424
5424
5424
5424
5426
5426
5426
5428
5428
5430
5430
5430
5432
5432
5432
5434
5434
5434
5436
5436
5436
5436
5436
5436
5438
5438
5438
5438
5438
5438
5438
5438
5438
5438
5440
5440
5440
5442
5442
5442
5444
5444
5444
5446
5446
5446
5446
5448
5448
5450
5450
5450
5450
5450
5452
5452
5452
5454
5454
5456
5456
5458
5462
5462
5464
5466
5466
5468
5468
5468
5470
5470
5470
5472
5472
5472
5472
5474
5476
5482
5482
5484
5484
5486
5486
5486
5486
5486
5486
5486
5488
5490
5490
5490
5490
5492
5494
5496
5496
5496
5498
5498
5500
5500
5502
5504
5506
5506
5508
5508
5514
5518
5518
5520
5520
5522
5524
5524
5528
5528
5528
5530
5530
5530
5532
5538
5544
5550
5550
5550
5552
5554
5554
5554
5554
5558
5564
5566
5576
5580
5582
5586
5586
5594
5594
5598
5600
5602
5604
5606
5608
5608
5608
5610
5614
5616
5618
5618
5624
5624
5626
5628
5628
5632
5632
5634
5634
5638
5638
5638
5642
5642
5646
5646
5648
5648
5648
5648
5654
5654
5662
5666
5666
5666
5668
5668
5668
5670
5674
5674
5674
5678
5682
5684
5686
5690
5692
5692
5694
5696
5700
5700
5702
5702
5704
5704
5706
5716
5716
5716
5718
5730
5732
5734
5734
5736
5738
5740
5742
5742
5744
5750
5754
5754
5760
5760
5764
5766
5766
5768
5774
5776
5776
5780
5782
5784
5788
5790
5796
5798
5800
5804
5808
5808
5810
5814
5818
5818
5820
5820
5824
5824
5826
5828
5840
5840
5842
5842
5842
5848
5850
5850
5850
5854
5858
5860
5864
5868
5872
5872
5872
5874
5878
5878
5878
5878
5880
5882
5882
5890
5894
5896
5898
5900
5904
5904
5918
5920
5920
5922
5922
5922
5924
5924
5932
5932
5936
5940
5940
5940
5942
5942
5944
5948
5948
5948
5954
5956
5966
5968
5968
5968
5976
5978
5978
5990
5992
5994
6000
6004
6006
6012
6014
6016
6016
6022
6028
6030
6030
6032
6034
6034
6034
6036
6042
6044
6052
6056
6074
6076
6078
6082
6090
6094
6098
6098
6104
6114
6118
6118
6140
6142
6142
6158
6176
6180
6186
6186
6230
6230
6260
6278
6290
6296
6298
6306
6312
6314
6316
6316
6320
6322
6324
6346
6354
6440
6486
6542
6542
6658
6682
6710
6744
6746
6758
6824
6826
6854
6876
6926
6960
6966
7028
7028
7116
7120
7126
7304
7458
7786
7824
7840
7936
8208
8664
8806
9066
9072
9124
9200
9296
9560
9754
9862
9992
10030
10056
10144
10304
10326
10428
10454
10502
10648
10662
10870
11072
11354
11356
11470
11868
12082
12110
12228
12510
12576
12712
12718
12842
12998
13066
14158
14256
14574
14580
14638
14668
14800
14866
15052
15162
15192
15194
15300
15486
16140
16142
16552
16574
16972
17400
17990
18046
18446
18504
18852
18860
19234
19382
19462
19966
20012
20774
21958
22050
22788
23734
23938
23980
24156
25018
25540
26372
27046
29576
30012
30274
30574
30708
32350
33198
33312
33372
34536
35040
35442
35756
38370
40352
44748
45786
50190
64074
71104
