Latencies
5358
5382
5678
5698
6008
6054
6178
6240
6318
6394
7444
7504
8040
8418
8882
9210
9272
9728
9932
10522
10546
10550
11978
12178
13678
14044
14132
14394
14400
14576
14600
14624
14750
14978
15172
15238
15280
15400
15412
15612
15648
15692
15708
15834
15866
15876
16118
16176
16218
16228
16234
16292
16312
16436
16438
16464
16610
16840
16856
16862
16870
16872
16916
17002
17126
17140
17186
17300
17360
17368
17384
17442
17446
17448
17572
17716
17720
17792
17816
17884
17946
18000
18040
18136
18160
18262
18284
18336
18372
18504
18624
18696
18784
18882
18894
18942
19076
19180
19188
19366
19454
19582
19596
19618
19638
19674
19716
19750
19786
20010
20156
20172
20174
20236
20252
20304
20390
20416
20420
20568
20604
20648
20696
20704
20752
20792
20874
21136
21140
21194
21250
21280
21426
21534
21640
21710
21808
21920
21980
22240
22336
22360
22388
22574
22594
22598
22614
22628
22710
22716
22726
22906
22906
22970
23054
23084
23188
23198
23374
23454
23460
23462
23594
23636
23860
23868
23932
23954
23972
24020
24248
24260
24364
24430
24518
24528
24542
24628
24634
24648
24678
24688
24714
24736
24738
24806
24808
24822
24834
24898
24906
24956
24988
25004
25214
25218
25278
25280
25292
25296
25350
25380
25386
25472
25524
25554
25606
25610
25674
25680
25724
25784
25886
25934
25948
26100
26110
26142
26168
26174
26216
26296
26338
26472
26482
26488
26492
26526
26530
26544
26584
26618
26660
26732
26864
26868
26914
26920
26968
26974
27132
27136
27170
27190
27200
27416
27464
27512
27556
27622
27674
27806
27838
27904
27914
27950
28058
28084
28218
28266
28288
28310
28328
28350
28388
28406
28414
28450
28568
28620
28678
28764
28784
28858
28864
28896
29058
29244
29262
29364
29372
29382
29382
29424
29438
29446
29468
29510
29560
29560
29592
29622
29634
29668
29678
29748
29748
29804
29856
29946
29988
30006
30160
30176
30186
30200
30204
30224
30466
30546
30552
30716
30780
30922
30940
31212
31354
31376
31422
31466
31580
31648
31900
31928
31966
32022
32056
32072
32076
32106
32230
32232
32266
32374
32430
32460
32536
32596
32632
32716
32724
32730
32734
32752
32758
32824
32834
32952
32956
33020
33034
33068
33150
33210
33252
33262
33276
33320
33416
33482
33506
33540
33542
33658
33696
33722
33786
33862
33892
33906
33922
33924
33970
33990
33994
33998
34012
34044
34074
34090
34104
34116
34120
34128
34146
34160
34168
34184
34210
34226
34232
34238
34266
34284
34316
34320
34330
34342
34362
34364
34396
34442
34470
34478
34542
34548
34552
34562
34590
34600
34602
34620
34674
34688
34698
34702
34708
34730
34748
34768
34790
34800
34810
34826
34838
34860
34878
34908
34908
34928
34950
34982
34982
35010
35032
35046
35078
35114
35138
35144
35150
35158
35172
35176
35210
35224
35228
35230
35256
35266
35270
35306
35318
35318
35358
35368
35394
35414
35422
35480
35510
35528
35606
35740
35786
35806
35858
35860
35948
35976
36174
36234
36324
36474
36502
36600
36626
36864
36976
37074
37242
37368
37388
37550
37690
37788
38110
38298
38312
38344
38388
38560
38582
38594
38706
38748
38938
39012
39024
39168
39204
39496
39526
39620
39624
39640
39664
39682
39830
40026
40044
40086
40212
40276
40284
40376
40544
40722
40724
40742
40916
40918
41018
41054
41308
41504
41556
41770
41832
41882
41900
42160
42172
42186
42238
42266
42276
42298
42352
42352
42704
42936
43032
43312
43410
43440
43440
43586
43600
43618
43640
43668
43686
43710
43840
43844
43896
43900
43976
44026
44046
44062
44166
44172
44232
44258
44326
44330
44340
44366
44430
44438
44438
44512
44682
44704
44728
44740
44764
44776
44806
44810
44824
44866
44912
44922
44998
45006
45084
45144
45180
45224
45228
45230
45280
45308
45518
45534
45616
45792
45792
45800
45832
45910
45916
45950
46020
46322
46456
46492
46554
46694
46850
46852
46882
46950
47140
47258
47326
47372
47406
47602
47648
47668
47776
47784
47912
47970
48052
48270
48560
48672
48700
48808
48808
48912
48982
49066
49106
49136
49140
49212
49292
49380
49508
49748
49762
49828
49904
49978
50066
50322
50328
50334
50460
50478
50478
51010
51110
51470
51530
51574
51600
51694
51716
51744
51872
52080
52126
52142
52318
52346
52384
52404
52480
52554
52576
52608
52692
52730
52786
52904
52966
53022
53086
53118
53154
53214
53230
53234
53276
53308
53312
53354
53412
53420
53474
53520
53520
53524
53562
53582
53582
53584
53586
53624
53688
53704
53724
53762
53800
53814
53884
53894
53988
53996
53998
53998
54006
54012
54042
54072
54080
54092
54104
54144
54158
54160
54172
54174
54188
54190
54208
54244
54266
54394
54436
54440
54442
54484
54492
54512
54544
54552
54572
54576
54590
54612
54632
54642
54644
54660
54684
54700
54702
54728
54736
54762
54768
54798
54800
54800
54804
54806
54814
54816
54816
54832
54860
54870
54890
54894
54900
54938
54944
54980
55134
55136
55148
55172
55276
55454
55494
55496
55540
55764
55848
55900
55908
56170
56250
56278
56330
56462
56650
56716
56828
57000
57054
57144
57454
57758
57768
58044
58506
58656
58702
58808
59050
59324
59328
59338
59382
59814
59896
59978
60142
60534
60794
60874
60888
60910
61004
61010
61016
61374
61544
61750
62066
62332
62680
62720
62806
62926
62984
62998
63018
63214
63378
63394
63400
63678
63790
63926
64170
64594
64762
64958
65096
65126
65236
65238
65398
65442
65886
65938
66046
66092
66150
66294
66352
66702
67642
67932
67968
68176
68318
68352
68954
69122
69300
69516
69654
69886
70066
70200
70216
70316
70398
70490
70514
70544
70728
71456
71520
71598
71706
71810
71934
71974
72076
72516
72530
72640
72880
72982
72992
73042
73166
73232
73256
73310
73316
73318
73442
73452
73492
73536
73580
73636
73644
73684
73698
73708
73710
73722
73738
73760
73770
73820
73866
73870
73902
73908
73928
73970
73992
74034
74224
74236
74256
74298
74304
74316
74340
74376
74400
74402
74430
74492
74540
74590
74670
74784
74850
74908
74926
74938
74982
75024
75558
75600
75608
75688
75694
75802
75868
75874
75990
76096
76316
77286
78108
80412
80814
81422
83132
83858
85324
86776
87468
89956
89958
90068
92686
92870
92956
93152
93260
93878
93886
94114
94350
94554
94826
101988
103808
108386
114200
119990
124808
205732
214632
341610
359844
489808
851674
1598032
1902764
2675062
