Latencies
5582
5660
5700
5722
5730
5732
5788
5816
5988
6092
6130
6168
6306
6452
6700
7184
7274
7330
7474
7736
7760
7894
7942
7952
7986
8190
8218
8316
8414
8556
8664
9446
9894
10190
10304
10330
10350
10474
11406
11734
11830
11854
11868
12020
12164
12308
12362
12422
12710
12966
12978
13146
13548
13598
13638
13670
13932
13934
14014
14054
14054
14084
14090
14250
14282
14390
14574
14596
14600
14636
14658
14882
14922
14950
14982
15028
15114
15118
15168
15190
15206
15250
15308
15308
15312
15350
15438
15456
15524
15532
15548
15556
15568
15594
15616
15626
15760
15778
15786
15790
15852
15888
15894
15898
15902
15990
16092
16114
16124
16134
16274
16290
16314
16376
16376
16412
16414
16418
16448
16520
16530
16534
16608
16676
16706
16710
16724
16744
16744
16856
16906
17032
17070
17078
17092
17096
17340
17350
17444
17640
17646
17676
17704
17792
17854
17866
17904
17968
17978
17994
17994
18052
18054
18092
18122
18132
18168
18322
18364
18370
18378
18404
18448
18580
18616
18650
18666
18760
18784
18818
18838
18910
19048
19122
19180
19318
19332
19394
19416
19422
19472
19560
19628
19662
19668
19702
19814
19850
19902
19970
20010
20060
20114
20180
20206
20240
20242
20258
20272
20274
20286
20320
20330
20394
20782
20844
20904
20960
20982
21022
21100
21166
21166
21204
21310
21344
21402
21618
21644
21714
21732
21736
21792
21834
22028
22132
22188
22210
22286
22344
22404
22444
22448
22484
22500
22502
22552
22676
22690
22772
22814
22866
22878
22882
22946
22982
23000
23266
23322
23444
23472
23502
23544
23566
23644
23646
23776
23794
23864
23886
23938
24026
24070
24106
24112
24126
24130
24178
24188
24206
24210
24266
24276
24426
24436
24490
24524
24582
24590
24600
24610
24636
24652
24666
24696
24712
24776
24798
24820
24826
24842
24896
24924
24926
24940
24952
24988
25016
25094
25118
25130
25136
25150
25170
25178
25210
25214
25236
25276
25280
25294
25326
25328
25334
25352
25412
25414
25466
25534
25580
25614
25614
25632
25666
25678
25710
25724
25738
25834
25918
25978
26008
26010
26162
26228
26240
26252
26260
26282
26444
26594
26650
26658
26680
26700
26750
26828
26832
26838
26958
26976
26994
27088
27194
27214
27236
27262
27322
27538
27568
27640
27732
27754
27794
27874
27938
27960
27986
27990
28008
28148
28158
28180
28208
28250
28258
28268
28290
28394
28462
28474
28522
28550
28622
28720
28724
28772
28782
28846
28890
29054
29070
29076
29104
29130
29158
29190
29220
29282
29300
29344
29410
29514
29582
29620
29708
29738
29760
29760
29776
29850
29874
29884
29998
30004
30078
30098
30222
30246
30286
30378
30544
30556
30636
30694
30716
30754
30760
30778
30840
30886
30916
30920
30928
30944
31020
31164
31172
31230
31266
31298
31358
31368
31390
31406
31408
31408
31438
31500
31532
31542
31546
31566
31608
31618
31648
31688
31710
31722
31740
31780
31828
31836
31846
31864
31870
31876
31918
31946
31964
31970
31980
32036
32106
32114
32118
32138
32216
32240
32270
32314
32370
32400
32414
32422
32450
32466
32472
32496
32536
32550
32554
32562
32608
32652
32680
32776
32784
32858
32862
32978
32978
33048
33174
33206
33226
33246
33260
33314
33364
33368
33500
33508
33610
33622
33626
33658
33666
33684
33692
33750
33766
33784
33792
33834
33898
33906
33968
33968
33972
33976
33986
33988
33992
34004
34044
34046
34052
34056
34060
34090
34116
34300
34302
34326
34358
34370
34394
34416
34424
34432
34434
34452
34464
34474
34480
34486
34506
34518
34518
34520
34520
34554
34568
34572
34574
34574
34580
34586
34594
34602
34652
34658
34688
34698
34700
34722
34768
34792
34800
34838
34850
34858
34870
34888
34904
34904
34912
34914
34914
34930
34930
34936
34938
35048
35080
35118
35150
35178
35194
35226
35254
35254
35320
35374
35422
35468
35472
35496
35496
35506
35510
35536
35538
35570
35570
35586
35646
35698
35720
35792
35912
35922
35924
35940
35954
35964
35988
36018
36130
36206
36258
36356
36384
36420
36460
36702
36832
36858
36878
36962
37050
37098
37204
37224
37270
37316
37396
37434
37862
37934
37962
38000
38058
38072
38102
38196
38234
38412
38534
38628
38668
38884
38998
39046
39074
39502
39560
39642
39644
39680
39830
39836
40046
40116
40232
40410
40696
40732
40884
40902
40904
40910
40936
41094
41218
41388
41438
41472
41600
41686
41756
41796
41820
41868
41938
42080
42402
42404
42424
42582
42652
42744
42754
42802
42814
42842
43004
43144
43154
43210
43310
43332
43380
43408
43416
43480
43482
43534
43590
43626
43638
43642
43670
43672
43706
43760
43814
43858
43872
43894
43984
44016
44042
44102
44120
44144
44150
44190
44258
44306
44326
44412
44444
44464
44466
44482
44506
44536
44594
44684
44690
44692
44806
44828
44874
44880
44894
45066
45068
45118
45290
45322
45378
45386
45760
45776
45780
45804
45852
45862
45874
45878
45996
46160
46240
46282
46300
46326
46382
46434
46564
46564
46608
46608
46958
46964
46974
46982
46998
47170
47196
47196
47218
47282
47314
47476
47548
47586
47604
47676
47792
47794
47924
48116
48158
48198
48224
48260
48282
48576
48822
48940
49038
49128
49178
49416
49478
49518
49566
49666
49844
49954
50130
50292
50408
50512
50630
50948
50986
51134
51212
51312
51440
51506
51512
51850
51932
51970
52206
52348
52516
52676
52762
53114
53272
53302
53344
53380
53406
53418
53424
53494
53500
53558
53590
53626
53656
53692
53694
53702
53726
53748
53770
53788
53800
53850
53852
53880
53922
53946
53950
53952
53962
53978
54046
54054
54058
54066
54078
54104
54104
54108
54130
54130
54132
54136
54188
54190
54214
54224
54234
54246
54328
54336
54352
54360
54368
54428
54450
54462
54486
54504
54514
54538
54658
54676
54732
54742
54840
54846
54852
54870
54894
54932
54932
54960
54984
55034
55046
55048
55054
55068
55090
55216
55252
55376
55524
55556
55568
55688
55766
55790
56588
56666
56670
57154
57904
57952
58356
59050
59402
60154
60800
61116
61616
62596
63444
63608
63626
63676
63784
64794
65032
65260
65340
67298
70862
71480
72058
72880
73242
73254
73744
73890
74190
74476
74756
75038
75534
75898
93888
116588
140098
148986
156180
162332
188164
193846
198016
251188
338854
372712
1186024
