Latencies
5570
5900
5930
6748
7442
9158
9212
9310
9478
9572
9772
10096
10794
10922
11284
11742
12156
12298
13992
14644
14708
14818
14844
14924
14988
15018
15032
15050
15140
15260
15324
15340
15396
15440
15442
15452
15508
15580
15626
15666
15704
15826
15878
16000
16066
16168
16170
16288
16398
16486
16490
16696
16728
16884
16920
17054
17142
17230
17246
17298
17330
17416
17452
17502
17622
17630
17708
17766
17926
18040
18352
18520
18552
18706
18824
19354
19516
19536
19654
19776
19810
19846
19912
19914
20114
20140
20154
20258
20452
20458
20732
20758
20970
21070
21188
21246
21268
21372
21466
21508
21566
21576
21668
21704
21716
21722
21728
21836
21948
22370
22376
22392
22586
22608
22636
22684
22754
22902
22918
23064
23066
23130
23372
23382
23542
23624
23746
24020
24028
24136
24238
24394
24436
24436
24556
24584
24676
24686
24782
24794
24908
24916
24924
24974
25010
25014
25106
25158
25206
25210
25246
25286
25308
25328
25406
25438
25506
25534
25554
25648
25678
25710
25750
25780
25926
25964
26134
26162
26250
26292
26622
26626
26750
27042
27150
27162
27286
27296
27342
27524
27662
27700
27758
27776
27840
27868
27890
28056
28076
28174
28200
28244
28336
28354
28394
28402
28404
28632
28736
28836
28968
29114
29250
29364
29396
29632
29772
29800
29900
29966
30090
30226
30236
30366
30464
30468
30622
30666
30688
30828
30868
30924
30930
31052
31240
31258
31398
31406
31532
31570
31624
31668
31730
31762
31904
31964
31970
31978
32026
32086
32270
32302
32364
32426
32446
32450
32488
32630
32634
32668
32704
32740
32774
32786
32814
32818
32862
32992
33078
33110
33148
33218
33332
33358
33368
33374
33400
33422
33452
33474
33646
33766
33900
33910
33976
34040
34078
34082
34170
34172
34264
34410
34410
34414
34416
34482
34484
34496
34508
34534
34540
34552
34552
34590
34592
34612
34622
34770
34782
34792
34830
34864
34868
34904
34938
34996
35014
35024
35078
35102
35140
35168
35180
35242
35376
35392
35402
35412
35442
35528
35568
35690
35724
35800
35804
35936
36094
36108
36348
36374
36516
36576
36590
36838
36858
37178
37292
37336
37360
37382
37388
37534
37790
38076
38084
38136
38290
38406
38540
39042
39316
39544
39592
39600
39732
39868
39880
39918
40076
40122
40382
40400
40458
40484
40540
40562
40596
40866
40898
41018
41090
41208
41298
41410
41476
41572
41652
41958
41974
42224
42584
42676
42700
42812
42820
42840
42900
42916
42928
43118
43228
43234
43298
43322
43350
43398
43498
43538
43676
43816
43984
44004
44008
44050
44072
44098
44226
44232
44300
44326
44384
44390
44430
44448
44688
44870
45006
45030
45036
45046
45080
45146
45256
45270
45280
45374
45376
45406
45444
45496
45582
45618
45618
45888
45942
45952
46234
46268
46326
46506
46604
46626
46638
46934
47084
47196
47498
47542
47616
47746
47796
48120
48122
48184
48402
48448
48488
48506
48564
48688
48820
48930
49042
49066
49346
49400
49414
49520
49832
49842
49942
50076
50266
50314
50348
50352
50500
50736
50910
50952
50990
51174
51212
52442
52514
52882
52886
52938
53152
53224
53242
53260
53278
53294
53332
53406
53504
53634
53664
53684
53712
53742
53794
53824
53900
53910
53958
53974
53996
54006
54016
54056
54068
54174
54184
54202
54312
54392
54434
54450
54466
54510
54546
54596
54602
54638
54648
54668
54694
54754
54810
54848
54864
54872
54956
55010
55064
55068
55106
55172
55182
55182
55320
55392
55392
55410
55486
55524
55556
55596
55716
55796
55820
55910
56118
56134
56284
56650
56778
56818
56920
57042
57316
57676
57784
57952
58578
58632
58866
58918
59092
59280
59516
59582
59698
60270
60290
60388
60650
60808
60850
60892
61076
61158
61174
61418
61512
61786
61796
61802
61864
61972
62016
62058
62126
62290
62414
62434
62576
62738
62772
62830
62982
63110
63298
63306
63314
63338
63402
63620
63624
63694
63702
63754
63880
63996
64042
64044
64094
64142
64202
64224
64238
64272
64552
64652
64856
64858
64888
65314
65356
65438
65464
65498
65692
65838
66132
66230
66596
66696
66818
67148
67188
67262
67284
67320
67360
67646
67704
67984
68192
68478
68582
68650
68900
69010
69306
69602
70082
70220
70680
71018
71082
71338
71422
71832
72028
72034
72336
72352
72394
72422
72510
72564
72580
72626
72668
72686
72698
72724
72816
72856
72884
72888
72896
73000
73012
73042
73132
73242
73254
73254
73254
73332
73342
73366
73492
73492
73520
73576
73606
73626
73648
73736
73742
73764
73802
73818
73826
73884
73960
73994
74040
74052
74088
74104
74122
74130
74210
74228
74236
74242
74290
74316
74324
74346
74370
74378
74400
74484
74508
74656
74676
74686
74756
74778
74794
74856
74886
74890
74906
74912
74946
75004
75008
75014
75176
75216
75322
75416
75460
75478
75526
75554
75594
75704
75772
75790
76296
76456
76602
77012
77094
77404
77478
77496
77928
78068
78286
78358
78756
78766
79140
79140
79304
79404
79528
79610
79666
79964
80142
80726
80830
81166
81230
81394
81416
81590
81828
81890
82110
82130
82234
82236
82278
82608
82608
82652
82802
82926
83210
83220
83306
83388
83484
83872
83956
84296
84486
84554
84594
84738
84766
85200
85268
86172
86258
86706
86730
87698
87706
87820
88282
88480
88552
88580
89166
89462
90056
90300
90348
90348
90534
90704
90824
90824
91162
91374
91768
91812
91886
92020
92484
92520
92552
92574
92638
92654
92662
92676
92718
92744
92846
92848
92870
92912
92946
92950
92962
92984
92986
92992
92998
93102
93146
93150
93198
93214
93252
93274
93314
93322
93436
93444
93644
93658
93672
93704
93734
93750
93776
93792
93798
93800
93876
93898
93898
93956
94006
94028
94120
94190
94234
94250
94612
94618
94676
94734
94822
94832
94868
95174
95222
95300
95350
95664
95788
97224
97600
99830
99974
101206
101416
102124
103348
103716
104774
105488
106048
107492
109014
109158
109514
109640
110846
111298
112856
113082
114132
114712
115786
116934
125186
126694
127586
137914
143474
147164
160764
175274
260290
261712
274388
296176
358854
363870
426626
444354
447830
520462
548440
577882
1698866
32019524
