Latencies
5610
5646
5684
5710
5710
5948
6044
6052
6116
6126
6192
6328
6378
6760
6880
6882
6950
7082
7252
7454
7608
7774
7848
7984
8470
8728
8842
8970
9084
9414
9584
9830
10240
10330
10600
10904
10960
11078
11302
11346
11368
11452
11604
11782
12462
12566
12766
12836
12864
12918
13090
13132
13350
13444
13508
13720
13816
13828
13934
14034
14038
14040
14068
14118
14168
14178
14208
14216
14264
14398
14410
14452
14454
14544
14560
14566
14572
14574
14642
14650
14664
14682
14726
14762
14762
14768
14804
14826
14850
14872
14906
14946
14970
14976
14978
14984
14990
14994
15016
15026
15030
15034
15038
15044
15068
15068
15070
15078
15082
15096
15112
15130
15140
15144
15154
15164
15168
15172
15182
15184
15196
15200
15204
15222
15232
15240
15274
15308
15310
15312
15312
15314
15318
15332
15336
15342
15344
15368
15370
15398
15416
15460
15476
15476
15488
15530
15530
15600
15608
15650
15698
15730
15768
15888
16020
16026
16038
16050
16090
16134
16160
16166
16202
16274
16282
16352
16356
16596
16668
16740
16866
16928
17060
17106
17108
17168
17206
17216
17450
17500
17528
17544
17554
17564
17582
17626
17694
17796
17826
17930
17954
18108
18172
18196
18198
18238
18276
18296
18324
18406
18468
18522
18534
18542
18616
18628
18650
18686
18704
18854
18876
18880
18906
18964
19100
19148
19212
19216
19246
19284
19372
19394
19456
19718
19890
19908
20080
20100
20154
20160
20166
20184
20460
20524
20710
20712
20746
20904
21144
21188
21216
21234
21462
21594
21602
21616
21632
21720
21724
21762
21822
21840
21878
22070
22104
22214
22246
22256
22258
22280
22304
22338
22394
22454
22512
22622
22674
22720
22764
22772
22856
22940
23050
23260
23260
23270
23352
23384
23396
23436
23456
23498
23510
23558
23564
23576
23618
23646
23664
23770
23812
23820
23830
23888
24056
24062
24132
24136
24140
24158
24168
24206
24224
24262
24324
24352
24352
24360
24384
24410
24428
24522
24532
24538
24556
24574
24576
24658
24686
24702
24708
24712
24712
24744
24788
24794
24860
24904
24918
24930
24938
24960
24970
25032
25052
25056
25072
25132
25158
25176
25210
25218
25344
25390
25400
25410
25418
25442
25454
25498
25532
25562
25586
25592
25606
25622
25624
25632
25728
25738
25742
25780
25796
25852
25876
25888
25896
25932
25966
25988
26066
26076
26078
26116
26300
26364
26428
26484
26508
26536
26598
26622
26634
26658
26686
26766
26768
26828
26884
26916
27030
27070
27132
27138
27148
27162
27228
27312
27330
27364
27428
27434
27450
27452
27488
27546
27750
27824
27898
27950
28120
28170
28198
28362
28420
28422
28446
28470
28504
28568
28588
28660
28764
28786
28792
28858
28878
28974
28992
29160
29184
29296
29312
29356
29362
29382
29412
29442
29510
29540
29562
29642
29670
29672
29772
29792
29800
29844
29858
29904
30014
30032
30108
30182
30212
30268
30286
30416
30424
30480
30536
30654
30660
30670
30966
31130
31194
31208
31226
31350
31430
31508
31550
31564
31602
31604
31688
31706
31740
31858
31862
31932
31944
32128
32160
32162
32176
32336
32352
32480
32542
32602
32648
32682
32766
32878
32890
32902
33040
33164
33196
33278
33288
33292
33310
33340
33346
33354
33360
33374
33384
33394
33434
33442
33474
33480
33538
33566
33638
33638
33646
33648
33664
33678
33728
33754
33780
33784
33788
33828
33842
33880
33892
33900
33902
33912
33944
33960
33972
33978
33992
34004
34014
34042
34062
34064
34066
34090
34098
34104
34108
34110
34114
34120
34122
34124
34128
34142
34156
34158
34190
34192
34194
34198
34200
34212
34216
34222
34228
34234
34236
34240
34266
34314
34332
34350
34356
34356
34406
34408
34432
34442
34446
34462
34466
34472
34474
34476
34480
34484
34486
34494
34506
34510
34512
34514
34526
34530
34530
34532
34548
34550
34552
34556
34568
34570
34570
34578
34582
34582
34586
34594
34610
34612
34612
34614
34620
34624
34626
34630
34638
34644
34648
34650
34650
34654
34666
34666
34668
34668
34672
34678
34682
34684
34698
34700
34702
34706
34708
34710
34710
34712
34746
34774
34780
34780
34780
34784
34788
34790
34790
34796
34796
34804
34804
34814
34818
34828
34834
34838
34852
34862
34868
34872
34876
34878
34882
34896
34898
34900
34904
34906
34912
34912
34916
34930
34954
34958
34972
34974
34988
34992
34994
34996
35000
35008
35014
35026
35030
35040
35042
35046
35084
35148
35192
35200
35202
35246
35262
35270
35342
35354
35412
35414
35426
35426
35450
35478
35486
35518
35530
35540
35548
35548
35554
35606
35636
35692
35810
35958
36020
36266
36282
36324
36604
37014
37124
37138
37186
37628
37704
37758
37758
37896
38006
38366
38516
38564
38698
38890
39046
39288
39394
39504
39520
39592
39932
40186
40634
40812
41096
41942
41998
42168
42234
42382
42488
42512
42552
42578
42620
42786
42884
43064
43118
43166
43286
43334
43374
43392
43440
43526
43554
43666
43678
43706
43718
43750
43816
43936
44052
44094
44104
44120
44150
44188
44280
44300
44384
44416
44426
44550
44594
44652
44696
44716
44722
44738
44742
45008
45258
45290
45346
45696
45720
45750
45802
45830
46470
46580
47148
47174
47276
47384
47488
47542
47602
47686
47840
48038
48166
48490
48516
48566
48692
48982
49092
49168
49314
49642
50152
50594
50628
50648
50922
51036
51318
51502
51634
51688
51944
52372
52398
52460
52630
52678
52880
53068
53102
53112
53148
53156
53286
53396
53408
53422
53460
53530
53570
53572
53572
53592
53620
53640
53686
53728
53730
53732
53760
53800
53830
53844
53866
53870
53876
53882
53924
53954
53956
53958
53980
54010
54022
54032
54038
54092
54098
54100
54104
54134
54136
54144
54144
54146
54162
54162
54192
54200
54218
54230
54242
54244
54272
54296
54304
54304
54336
54362
54374
54408
54412
54414
54418
54444
54446
54456
54476
54480
54516
54536
54538
54562
54566
54582
54602
54632
54654
54740
54796
54796
54806
54912
54916
54940
54946
54950
55044
55126
55152
55398
55588
56224
58654
59000
59946
60148
61420
61862
63000
63128
63556
63682
64604
65064
65716
66044
67686
68400
71976
72844
73184
73254
73264
73300
73460
73484
73858
73924
74396
74578
75074
75656
77220
80164
82192
85192
86386
91494
93688
97492
97858
105870
107758
111670
125370
151992
224942
295304
1232728
2060158
3035752
