Latencies
5084
5090
5092
5094
5114
5134
5154
5156
5160
5172
5174
5176
5178
5192
5196
5202
5208
5212
5216
5230
5234
5236
5240
5242
5252
5260
5260
5264
5266
5276
5278
5280
5280
5280
5284
5286
5288
5290
5294
5296
5304
5306
5306
5310
5318
5326
5332
5340
5344
5348
5350
5352
5372
5374
5378
5382
5382
5386
5388
5388
5390
5392
5394
5394
5398
5400
5402
5424
5440
5450
5452
5454
5462
5468
5470
5476
5482
5484
5488
5488
5500
5506
5506
5510
5512
5516
5518
5518
5522
5534
5536
5538
5540
5544
5544
5544
5552
5556
5558
5560
5578
5580
5582
5584
5588
5612
5614
5618
5618
5622
5624
5624
5626
5638
5638
5648
5660
5666
5670
5672
5676
5676
5692
5696
5702
5702
5732
5746
5758
5764
5774
5776
5776
5780
5788
5794
5798
5810
5814
5826
5832
5850
5868
5878
5880
5904
5910
5918
5936
5942
5950
5950
5952
5960
5966
5972
5976
5978
5980
5992
6002
6026
6034
6036
6054
6060
6070
6072
6088
6088
6100
6100
6128
6144
6168
6186
6198
6200
6220
6230
6232
6262
6306
6306
6310
6314
6334
6368
6372
6398
6402
6424
6428
6440
6446
6460
6482
6510
6544
6552
6610
6616
6656
6680
6702
6726
6734
6734
6778
6808
6816
6820
6830
6830
6856
6884
6890
6896
6914
6916
6920
6984
6990
6992
6994
6996
7026
7032
7064
7066
7080
7090
7112
7126
7158
7170
7186
7208
7240
7246
7264
7282
7372
7372
7388
7394
7404
7406
7418
7420
7432
7442
7470
7478
7510
7530
7538
7566
7582
7602
7604
7616
7618
7628
7652
7696
7708
7716
7728
7740
7766
7792
7800
7800
7800
7804
7812
7812
7814
7832
7872
7878
7892
7928
7966
7992
8014
8024
8026
8044
8116
8134
8144
8158
8182
8182
8198
8200
8208
8214
8230
8246
8268
8280
8290
8298
8306
8350
8372
8378
8424
8440
8444
8452
8462
8480
8498
8514
8514
8522
8524
8554
8568
8582
8584
8592
8598
8600
8616
8628
8646
8650
8682
8684
8698
8716
8754
8764
8784
8820
8832
8852
8868
8890
8890
8892
8906
8968
8978
8984
8986
9016
9022
9026
9108
9146
9148
9150
9150
9166
9226
9250
9302
9416
9450
9466
9488
9496
9538
9542
9546
9558
9562
9562
9576
9580
9598
9604
9632
9648
9650
9666
9674
9676
9686
9686
9708
9708
9724
9752
9772
9788
9800
9832
9832
9836
9842
9846
9904
9970
9996
10000
10000
10036
10054
10070
10098
10120
10152
10168
10194
10202
10208
10222
10224
10226
10238
10282
10308
10308
10316
10318
10318
10368
10384
10398
10420
10428
10430
10436
10456
10460
10474
10496
10536
10580
10588
10592
10596
10616
10682
10684
10696
10708
10710
10774
10778
10786
10790
10796
10802
10822
10824
10838
10858
10860
10866
10884
10900
10916
10948
10970
10974
10984
10990
11004
11044
11060
11060
11070
11070
11088
11108
11116
11146
11158
11206
11212
11214
11216
11246
11282
11326
11334
11356
11360
11390
11390
11392
11398
11400
11414
11432
11446
11476
11492
11540
11556
11576
11592
11634
11674
11676
11710
11726
11744
11748
11750
11774
11808
11834
11846
11862
11864
11876
11880
11882
11896
11910
11910
11932
11954
11956
11962
11988
11988
11994
12000
12014
12018
12026
12032
12048
12054
12070
12076
12094
12106
12116
12120
12154
12198
12202
12208
12216
12220
12220
12224
12254
12260
12276
12290
12338
12340
12344
12356
12360
12360
12414
12422
12422
12422
12430
12434
12438
12450
12464
12470
12482
12520
12530
12550
12558
12560
12562
12562
12572
12576
12580
12642
12668
12668
12678
12684
12752
12756
12760
12760
12798
12804
12806
12824
12832
12910
12924
12932
12946
12950
12970
12978
13020
13066
13068
13076
13078
13094
13116
13118
13164
13164
13166
13168
13168
13178
13184
13238
13244
13252
13258
13286
13300
13304
13312
13320
13332
13354
13364
13416
13426
13428
13440
13486
13492
13524
13548
13572
13574
13594
13598
13682
13682
13686
13700
13710
13718
13744
13752
13762
13764
13778
13786
13792
13792
13798
13798
13828
13832
13870
13890
13918
13926
13996
14012
14020
14024
14024
14036
14052
14112
14112
14122
14148
14152
14174
14178
14180
14212
14218
14234
14236
14240
14294
14298
14306
14306
14332
14344
14346
14382
14394
14410
14412
14414
14418
14428
14438
14452
14458
14466
14468
14478
14480
14502
14514
14520
14524
14534
14534
14544
14554
14576
14578
14586
14590
14594
14598
14598
14604
14608
14616
14616
14628
14640
14644
14644
14654
14658
14658
14662
14678
14678
14680
14682
14684
14686
14698
14702
14714
14720
14748
14760
14772
14772
14780
14786
14800
14800
14808
14822
14826
14828
14832
14838
14840
14860
14868
14870
14872
14872
14874
14874
14876
14880
14890
14890
14892
14892
14896
14896
14900
14910
14912
14918
14922
14924
14936
14942
14944
14952
14962
14966
14974
14974
14980
14980
14994
14998
14998
15006
15010
15010
15014
15024
15024
15026
15030
15032
15034
15048
15054
15056
15058
15058
15062
15062
15074
15076
15092
15104
15104
15112
15116
15128
15134
15142
15146
15148
15154
15154
15156
15170
15172
15178
15178
15182
15184
15192
15206
15206
15214
15230
15236
15236
15238
15264
15264
15266
15268
15280
15280
15284
15288
15288
15290
15296
15322
15330
15342
15344
15350
15350
15362
15362
15368
15370
15370
15372
15376
15392
15392
15398
15406
15414
15418
15424
15434
15450
15480
15482
15488
15492
15496
15518
15518
15538
15540
15586
15586
15618
15692
15692
15754
15802
15916
15964
16048
16110
16132
16198
16420
16682
16744
16826
17022
17628
18026
18300
18372
18926
19354
19470
19888
19906
19926
20246
20408
20964
23404
23498
23908
24196
24208
24444
24606
24722
24772
24804
25044
25078
25092
25272
25534
25964
26506
27386
28198
28732
31376
31652
31978
32384
32482
32710
32806
32868
33754
33800
33902
34208
34352
34400
34458
34582
34660
35702
35802
36318
37756
38720
39952
41356
42384
43082
43846
44132
46030
50524
59572
95726
155580
1198956
