Latencies
5130
5144
5162
5164
5170
5170
5192
5192
5198
5200
5210
5212
5222
5222
5224
5224
5238
5240
5246
5250
5254
5254
5254
5256
5256
5256
5258
5258
5264
5264
5264
5266
5266
5268
5272
5272
5278
5278
5280
5282
5288
5288
5288
5290
5290
5292
5292
5292
5294
5298
5300
5300
5304
5304
5304
5304
5306
5308
5310
5312
5312
5314
5314
5316
5318
5320
5324
5324
5326
5328
5328
5328
5332
5332
5334
5336
5336
5336
5338
5340
5340
5342
5342
5342
5342
5344
5344
5344
5344
5346
5348
5348
5348
5350
5350
5350
5352
5352
5352
5352
5354
5354
5354
5356
5356
5356
5358
5358
5358
5358
5358
5358
5360
5360
5360
5360
5362
5362
5362
5362
5364
5364
5364
5366
5366
5366
5366
5366
5368
5368
5368
5370
5372
5372
5372
5372
5374
5376
5376
5376
5376
5378
5378
5378
5378
5378
5378
5378
5378
5380
5380
5380
5382
5382
5382
5382
5384
5384
5384
5384
5386
5386
5388
5388
5388
5388
5390
5390
5390
5390
5390
5392
5392
5394
5394
5396
5396
5398
5398
5398
5398
5398
5398
5400
5400
5400
5400
5400
5402
5402
5402
5402
5406
5408
5408
5408
5410
5410
5412
5412
5412
5414
5414
5414
5414
5416
5416
5418
5420
5422
5422
5424
5426
5426
5426
5428
5428
5428
5428
5430
5432
5434
5434
5434
5434
5436
5436
5438
5438
5440
5440
5440
5440
5442
5442
5442
5442
5444
5444
5444
5446
5448
5448
5450
5450
5452
5452
5452
5454
5456
5456
5458
5458
5458
5460
5462
5462
5462
5462
5464
5464
5466
5466
5466
5468
5468
5468
5468
5470
5470
5472
5472
5474
5476
5476
5476
5476
5478
5478
5478
5480
5480
5480
5480
5482
5482
5482
5482
5484
5484
5484
5486
5486
5488
5488
5488
5490
5490
5492
5492
5492
5492
5494
5494
5494
5496
5496
5498
5498
5498
5500
5502
5502
5502
5502
5502
5504
5504
5504
5506
5510
5510
5510
5510
5512
5512
5512
5514
5514
5514
5514
5514
5514
5516
5516
5516
5516
5516
5516
5518
5518
5520
5522
5522
5522
5524
5524
5524
5524
5524
5526
5526
5526
5526
5526
5528
5528
5528
5528
5530
5530
5532
5532
5534
5534
5534
5534
5536
5536
5536
5540
5542
5542
5544
5544
5544
5544
5544
5544
5546
5546
5546
5548
5548
5548
5548
5550
5550
5550
5552
5552
5552
5554
5554
5556
5556
5556
5556
5558
5558
5560
5560
5562
5562
5564
5564
5566
5566
5568
5570
5572
5572
5572
5572
5574
5574
5574
5574
5576
5576
5576
5576
5578
5578
5578
5580
5580
5580
5584
5584
5584
5586
5588
5588
5588
5588
5588
5588
5590
5590
5590
5590
5592
5594
5594
5596
5596
5596
5596
5598
5598
5598
5600
5600
5600
5602
5604
5604
5606
5606
5608
5610
5612
5612
5612
5612
5612
5614
5616
5620
5620
5622
5622
5622
5622
5624
5626
5626
5626
5628
5630
5630
5632
5632
5636
5638
5638
5638
5638
5638
5642
5642
5644
5648
5648
5650
5650
5652
5656
5658
5658
5658
5658
5658
5660
5662
5664
5668
5670
5672
5674
5676
5678
5680
5680
5682
5684
5686
5688
5688
5688
5690
5692
5692
5692
5696
5696
5698
5698
5698
5700
5702
5702
5706
5706
5706
5708
5710
5714
5720
5720
5722
5726
5726
5726
5728
5728
5728
5730
5732
5734
5734
5734
5736
5736
5736
5738
5740
5742
5742
5744
5748
5750
5754
5756
5756
5756
5758
5766
5770
5772
5772
5774
5780
5780
5786
5786
5788
5788
5790
5792
5792
5792
5794
5794
5796
5796
5796
5796
5796
5798
5800
5804
5804
5804
5806
5808
5814
5814
5816
5816
5818
5822
5824
5826
5826
5830
5830
5830
5832
5832
5834
5834
5840
5840
5844
5844
5850
5852
5854
5858
5864
5864
5864
5866
5866
5866
5868
5870
5870
5872
5872
5874
5874
5874
5882
5884
5886
5888
5888
5890
5890
5892
5894
5894
5894
5900
5906
5906
5906
5908
5908
5908
5908
5910
5912
5914
5918
5920
5920
5924
5926
5932
5934
5936
5938
5940
5940
5940
5944
5944
5946
5948
5950
5950
5952
5956
5960
5960
5962
5964
5964
5964
5966
5966
5970
5972
5974
5976
5978
5978
5980
5982
5982
5982
5984
5984
5986
5988
5990
5994
5998
6008
6010
6010
6012
6016
6016
6018
6020
6020
6020
6022
6022
6024
6024
6024
6026
6026
6028
6030
6034
6034
6036
6048
6052
6054
6054
6054
6056
6056
6058
6058
6058
6060
6068
6068
6068
6068
6070
6070
6072
6072
6074
6076
6078
6078
6084
6092
6102
6102
6114
6116
6116
6116
6118
6120
6122
6122
6126
6126
6130
6132
6136
6136
6140
6142
6142
6146
6146
6148
6150
6150
6150
6154
6160
6162
6166
6172
6174
6174
6176
6178
6180
6180
6194
6194
6204
6214
6228
6228
6228
6256
6258
6260
6266
6266
6274
6276
6280
6288
6298
6308
6312
6320
6320
6342
6346
6346
6348
6364
6366
6376
6388
6388
6392
6394
6396
6400
6408
6408
6426
6434
6442
6446
6456
6476
6480
6490
6512
6528
6530
6544
6562
6562
6580
6590
6598
6598
6616
6634
6650
6684
6778
6826
6892
6908
7062
7064
7124
7322
7568
7572
7574
7806
7942
8038
8078
8094
8138
8150
8216
8428
8584
8638
9080
9252
9254
9390
9432
9470
9680
9834
9854
9924
10034
10058
10084
10556
10586
10734
10770
10872
11350
11408
11520
11726
11942
12176
12314
12640
12666
12852
12896
12898
13074
13256
13598
13886
13888
14790
14872
14934
15114
15414
15550
15698
15748
15862
16170
16268
16712
17072
17512
18130
20032
20442
20686
21562
21830
22294
22438
23054
23166
23476
23668
24672
25240
25556
25942
26142
26246
27476
27648
28052
28206
28770
28922
29646
29666
31824
33860
34004
35098
35224
35404
35718
36442
36640
37806
38388
70388
73914
