Latencies
5000
5008
5010
5014
5014
5016
5030
5030
5032
5034
5036
5036
5036
5040
5044
5046
5048
5048
5048
5050
5054
5056
5056
5058
5060
5060
5060
5064
5064
5064
5068
5070
5072
5072
5072
5074
5074
5076
5080
5080
5082
5086
5088
5090
5090
5092
5094
5096
5098
5098
5100
5102
5102
5102
5102
5104
5106
5108
5108
5108
5110
5110
5112
5112
5112
5112
5112
5116
5116
5116
5118
5118
5120
5122
5126
5128
5128
5128
5130
5130
5130
5130
5130
5130
5130
5132
5132
5132
5132
5134
5136
5136
5138
5138
5138
5138
5138
5140
5140
5142
5142
5142
5142
5142
5144
5146
5146
5146
5148
5148
5150
5150
5152
5154
5154
5154
5156
5156
5158
5160
5160
5160
5160
5160
5160
5162
5162
5162
5166
5166
5168
5170
5170
5172
5174
5174
5174
5178
5180
5182
5182
5184
5184
5184
5184
5184
5184
5190
5190
5192
5192
5192
5194
5194
5196
5198
5200
5200
5200
5200
5200
5200
5202
5202
5202
5202
5202
5204
5206
5208
5210
5210
5210
5210
5212
5212
5212
5214
5214
5214
5214
5216
5216
5216
5216
5216
5218
5218
5220
5220
5220
5220
5222
5222
5222
5224
5224
5224
5224
5226
5226
5226
5226
5228
5228
5230
5230
5230
5230
5230
5232
5232
5234
5234
5234
5234
5234
5236
5236
5238
5238
5238
5238
5240
5240
5240
5240
5240
5240
5240
5242
5242
5242
5242
5242
5244
5244
5244
5244
5244
5244
5246
5246
5246
5248
5248
5248
5248
5250
5250
5250
5250
5250
5250
5250
5250
5250
5250
5252
5254
5254
5254
5254
5254
5254
5254
5254
5256
5256
5256
5256
5256
5256
5258
5258
5258
5260
5260
5260
5260
5260
5262
5262
5262
5262
5264
5264
5264
5264
5264
5264
5264
5264
5266
5266
5266
5266
5266
5268
5268
5268
5268
5270
5270
5270
5272
5276
5276
5276
5278
5278
5280
5280
5282
5282
5284
5284
5284
5284
5284
5286
5286
5286
5286
5286
5286
5286
5288
5288
5288
5290
5290
5292
5292
5294
5294
5294
5294
5296
5296
5298
5298
5300
5300
5300
5300
5300
5302
5302
5302
5302
5304
5304
5304
5304
5306
5306
5306
5308
5308
5310
5310
5312
5312
5314
5316
5316
5318
5318
5318
5318
5318
5320
5320
5322
5324
5324
5326
5326
5326
5328
5328
5328
5330
5330
5330
5332
5332
5332
5332
5334
5334
5334
5334
5336
5338
5338
5338
5340
5340
5340
5340
5340
5344
5344
5344
5344
5344
5346
5346
5348
5350
5350
5350
5350
5354
5354
5354
5354
5356
5356
5356
5358
5358
5362
5362
5364
5364
5364
5366
5372
5372
5372
5372
5372
5372
5374
5376
5376
5376
5376
5378
5378
5378
5378
5380
5380
5380
5380
5382
5384
5384
5386
5386
5386
5388
5388
5390
5392
5394
5400
5400
5400
5402
5402
5402
5402
5402
5404
5404
5406
5406
5406
5406
5408
5408
5410
5410
5412
5412
5416
5418
5418
5424
5424
5426
5426
5426
5426
5428
5428
5432
5432
5434
5438
5438
5440
5442
5442
5444
5444
5446
5448
5448
5452
5452
5454
5454
5456
5456
5456
5456
5458
5460
5460
5460
5462
5462
5462
5462
5466
5470
5474
5476
5476
5480
5480
5480
5484
5486
5488
5488
5488
5490
5490
5492
5492
5492
5494
5494
5498
5498
5498
5498
5504
5504
5504
5504
5506
5506
5506
5508
5508
5516
5518
5518
5520
5520
5522
5524
5524
5526
5528
5528
5534
5538
5540
5540
5540
5542
5542
5542
5544
5554
5554
5556
5558
5560
5560
5562
5562
5564
5564
5564
5566
5568
5568
5568
5570
5572
5574
5574
5576
5578
5578
5578
5578
5580
5584
5586
5586
5586
5590
5594
5598
5598
5604
5606
5610
5610
5616
5618
5620
5620
5622
5626
5628
5630
5634
5634
5636
5636
5638
5638
5642
5642
5642
5648
5650
5650
5654
5654
5654
5656
5656
5658
5658
5660
5664
5666
5666
5670
5670
5672
5678
5682
5684
5686
5688
5690
5692
5692
5696
5698
5698
5704
5704
5708
5712
5714
5714
5714
5716
5716
5716
5718
5720
5722
5722
5726
5728
5732
5732
5734
5734
5734
5736
5736
5736
5740
5740
5742
5744
5748
5748
5748
5750
5750
5750
5754
5756
5758
5760
5762
5764
5764
5766
5770
5770
5772
5776
5778
5780
5784
5784
5786
5792
5796
5800
5802
5808
5808
5814
5814
5814
5814
5816
5818
5818
5824
5824
5824
5828
5840
5842
5842
5844
5846
5848
5852
5860
5860
5864
5864
5864
5868
5868
5870
5870
5872
5874
5876
5876
5876
5882
5882
5882
5882
5884
5886
5896
5904
5908
5910
5918
5918
5918
5926
5930
5932
5934
5936
5954
5956
5958
5958
5960
5962
5962
5972
5972
5974
5976
5976
5980
5982
5982
5986
5988
5988
5992
5998
6002
6004
6004
6004
6008
6010
6012
6014
6018
6024
6030
6030
6034
6034
6040
6052
6056
6056
6062
6062
6064
6066
6068
6068
6068
6072
6074
6074
6076
6086
6086
6088
6088
6090
6096
6098
6102
6106
6116
6116
6116
6122
6126
6126
6134
6134
6140
6140
6142
6144
6150
6150
6154
6166
6166
6178
6186
6194
6200
6218
6242
6256
6268
6300
6306
6308
6312
6346
6358
6366
6406
6410
6412
6426
6434
6454
6466
6502
6520
6596
6634
6636
6642
6654
6658
6702
6710
6744
6770
6790
6798
6822
6828
6848
6874
6884
6952
6958
7050
7206
7216
7252
7316
7352
7374
7426
7478
7608
7674
7726
8172
8244
8672
8728
8886
8942
8986
9444
9632
9750
9804
10014
10224
10896
10896
11168
11348
11622
12040
12394
12900
12916
12956
12980
13708
13798
14014
14110
14186
14364
14550
14620
14622
15086
15234
15528
15608
16176
16436
16464
18460
18464
18608
19860
20512
21042
21314
21392
21542
21852
21898
22290
22574
23288
23846
24118
24346
24876
24950
25370
27150
28788
31882
33600
33610
33976
34348
35314
35400
35542
36394
38690
40020
41242
78130
10101558
