Latencies
4996
5008
5030
5044
5050
5050
5054
5056
5062
5064
5076
5078
5084
5086
5090
5102
5102
5104
5104
5104
5108
5110
5110
5112
5116
5118
5118
5120
5120
5126
5126
5128
5128
5130
5130
5132
5132
5134
5136
5138
5138
5138
5138
5140
5140
5142
5144
5144
5144
5146
5150
5150
5152
5152
5154
5156
5156
5158
5158
5158
5158
5160
5162
5162
5164
5164
5166
5166
5168
5168
5168
5168
5170
5170
5172
5172
5172
5174
5176
5176
5178
5178
5178
5180
5180
5180
5180
5180
5180
5182
5184
5184
5188
5190
5190
5192
5192
5192
5192
5192
5194
5196
5196
5196
5196
5198
5200
5200
5200
5202
5202
5202
5202
5204
5204
5206
5208
5208
5208
5210
5210
5210
5210
5212
5214
5214
5216
5216
5218
5218
5218
5218
5218
5218
5218
5218
5220
5220
5220
5222
5222
5224
5224
5224
5226
5226
5226
5226
5226
5226
5228
5228
5228
5228
5230
5230
5230
5230
5232
5232
5232
5232
5232
5232
5234
5234
5234
5234
5236
5236
5236
5238
5238
5238
5238
5238
5240
5240
5240
5240
5240
5242
5242
5242
5244
5244
5244
5244
5244
5244
5246
5246
5246
5248
5250
5250
5252
5252
5252
5252
5252
5252
5254
5254
5254
5254
5254
5254
5256
5256
5256
5258
5258
5258
5258
5258
5258
5260
5260
5260
5260
5260
5262
5262
5262
5262
5264
5264
5264
5264
5264
5264
5266
5266
5266
5266
5266
5266
5268
5268
5268
5270
5270
5270
5270
5272
5272
5274
5274
5276
5276
5278
5280
5280
5280
5282
5282
5282
5282
5282
5284
5284
5284
5284
5284
5286
5286
5286
5286
5286
5286
5288
5288
5290
5290
5290
5290
5292
5292
5292
5292
5292
5294
5294
5294
5294
5296
5296
5296
5296
5298
5298
5298
5300
5302
5304
5304
5304
5304
5304
5304
5306
5306
5306
5306
5306
5308
5308
5308
5308
5308
5308
5310
5310
5310
5310
5312
5312
5312
5314
5314
5314
5314
5314
5314
5316
5316
5316
5316
5316
5316
5316
5318
5318
5318
5318
5318
5320
5320
5320
5322
5322
5322
5324
5324
5324
5324
5326
5326
5326
5328
5328
5328
5328
5328
5330
5330
5330
5332
5332
5334
5334
5334
5334
5334
5334
5334
5334
5336
5336
5336
5336
5340
5340
5340
5342
5342
5342
5344
5344
5344
5346
5346
5346
5348
5348
5348
5350
5350
5352
5352
5354
5354
5354
5356
5356
5358
5358
5358
5358
5358
5360
5362
5364
5364
5364
5366
5366
5368
5368
5368
5368
5370
5370
5370
5372
5374
5374
5374
5376
5376
5376
5380
5382
5382
5382
5382
5384
5384
5384
5386
5388
5390
5390
5390
5392
5392
5392
5392
5394
5394
5396
5396
5398
5398
5398
5400
5400
5400
5402
5402
5404
5404
5404
5404
5404
5406
5406
5408
5408
5408
5410
5412
5414
5414
5416
5416
5416
5416
5416
5416
5418
5418
5418
5420
5422
5422
5422
5424
5424
5424
5424
5426
5428
5428
5430
5434
5434
5434
5434
5434
5434
5438
5438
5440
5440
5440
5440
5442
5444
5444
5446
5446
5448
5448
5448
5450
5450
5450
5450
5450
5454
5454
5460
5460
5462
5462
5462
5462
5466
5468
5470
5470
5472
5472
5474
5474
5474
5476
5476
5476
5476
5478
5480
5480
5480
5480
5480
5482
5482
5482
5482
5484
5486
5486
5486
5490
5490
5490
5490
5492
5492
5494
5498
5498
5498
5500
5504
5506
5508
5508
5508
5510
5510
5512
5514
5514
5516
5516
5516
5520
5520
5520
5522
5524
5524
5524
5526
5526
5526
5530
5532
5534
5534
5534
5534
5536
5538
5538
5540
5542
5542
5544
5544
5544
5544
5546
5548
5548
5550
5550
5552
5554
5554
5558
5558
5560
5564
5568
5570
5572
5574
5574
5576
5578
5580
5580
5582
5582
5584
5584
5584
5586
5586
5586
5588
5590
5590
5592
5594
5598
5598
5598
5600
5602
5604
5606
5606
5606
5606
5612
5614
5614
5618
5618
5624
5624
5624
5626
5628
5630
5632
5632
5632
5642
5642
5642
5644
5656
5658
5660
5660
5662
5662
5664
5664
5666
5666
5668
5670
5674
5676
5676
5678
5680
5682
5684
5684
5684
5684
5686
5686
5690
5694
5694
5698
5698
5700
5704
5708
5714
5714
5716
5718
5728
5732
5734
5734
5734
5734
5744
5746
5746
5746
5748
5752
5754
5754
5754
5756
5762
5766
5766
5770
5770
5770
5770
5770
5772
5774
5778
5778
5780
5782
5782
5784
5788
5788
5790
5792
5794
5798
5798
5802
5804
5810
5810
5812
5812
5814
5816
5820
5826
5826
5834
5834
5836
5838
5840
5840
5842
5850
5852
5854
5856
5866
5866
5868
5870
5876
5876
5876
5878
5878
5878
5880
5880
5880
5882
5884
5884
5886
5886
5890
5892
5894
5894
5900
5900
5902
5906
5908
5910
5910
5914
5914
5916
5920
5924
5924
5924
5926
5932
5934
5936
5938
5942
5948
5948
5950
5950
5958
5966
5966
5974
5976
5976
5976
5980
5982
5982
5984
5988
5992
6000
6000
6000
6002
6006
6008
6012
6012
6018
6020
6022
6024
6030
6032
6036
6046
6054
6058
6058
6060
6062
6062
6066
6068
6070
6078
6082
6090
6098
6098
6102
6110
6112
6114
6116
6118
6118
6120
6126
6132
6136
6140
6140
6144
6166
6168
6186
6204
6212
6214
6214
6224
6226
6248
6262
6268
6270
6288
6292
6294
6310
6316
6322
6346
6352
6354
6360
6370
6380
6390
6400
6410
6410
6418
6422
6456
6462
6468
6480
6490
6492
6520
6526
6536
6538
6540
6550
6574
6592
6594
6642
6642
6660
6664
6700
6714
6790
6794
6802
6808
6842
6908
6942
6956
6980
7002
7204
7356
7366
7398
7430
7624
7784
8076
8276
8446
8752
8840
8904
9120
9250
9290
9458
9478
9528
9798
10044
10342
10460
10462
10812
10934
11252
11424
11456
11680
11816
12276
12308
12336
12808
13330
13408
13514
13698
13880
13954
14142
14376
14442
14814
14860
15138
15346
15432
15978
17328
18620
20550
20942
21926
22230
22342
22500
22894
23036
23938
24116
24742
25314
25526
25834
26216
26726
27544
28556
32432
33204
33974
34660
35960
41044
41152
42822
45116
376848
