Latencies
5216
5216
5244
5248
5258
5278
5282
5282
5284
5286
5290
5294
5298
5304
5306
5310
5314
5316
5318
5318
5324
5326
5326
5330
5330
5332
5332
5332
5334
5338
5340
5342
5344
5344
5344
5346
5346
5350
5354
5358
5358
5358
5360
5362
5362
5362
5364
5364
5366
5366
5366
5368
5368
5370
5370
5372
5372
5372
5372
5372
5372
5372
5376
5376
5376
5376
5378
5378
5382
5382
5382
5382
5384
5384
5386
5386
5388
5388
5388
5390
5390
5390
5390
5392
5392
5392
5392
5392
5392
5394
5394
5394
5394
5394
5394
5396
5396
5398
5400
5400
5400
5400
5400
5400
5402
5402
5404
5406
5406
5406
5406
5406
5406
5406
5408
5408
5408
5408
5408
5408
5408
5408
5410
5410
5410
5410
5410
5410
5412
5412
5414
5414
5414
5414
5414
5416
5416
5416
5416
5416
5416
5416
5418
5418
5420
5422
5422
5422
5424
5424
5424
5426
5426
5426
5426
5428
5428
5428
5428
5428
5430
5430
5430
5430
5432
5432
5432
5432
5432
5434
5434
5434
5434
5434
5436
5436
5438
5438
5438
5438
5440
5442
5442
5442
5442
5444
5444
5446
5446
5446
5446
5448
5448
5448
5448
5448
5448
5448
5450
5450
5450
5452
5452
5452
5452
5452
5452
5452
5452
5454
5454
5454
5454
5454
5456
5456
5456
5458
5458
5458
5458
5460
5460
5462
5462
5464
5464
5464
5464
5464
5464
5464
5464
5466
5466
5468
5468
5468
5468
5470
5470
5470
5472
5474
5474
5474
5474
5474
5476
5478
5478
5478
5480
5480
5480
5480
5482
5482
5482
5482
5484
5484
5484
5486
5486
5486
5488
5488
5488
5490
5492
5492
5492
5492
5492
5492
5492
5494
5494
5496
5498
5498
5498
5498
5500
5500
5500
5500
5502
5502
5502
5504
5504
5504
5504
5506
5508
5508
5508
5508
5508
5510
5510
5510
5510
5510
5510
5512
5512
5512
5512
5512
5514
5514
5516
5516
5518
5518
5518
5518
5520
5520
5524
5524
5524
5524
5524
5526
5526
5528
5528
5528
5528
5530
5530
5532
5534
5534
5538
5538
5540
5540
5542
5542
5542
5544
5544
5544
5544
5546
5548
5548
5548
5548
5548
5550
5550
5550
5552
5552
5552
5556
5556
5556
5556
5558
5558
5558
5558
5558
5558
5558
5560
5560
5560
5560
5562
5562
5562
5562
5564
5566
5566
5568
5568
5568
5568
5570
5570
5572
5576
5578
5582
5582
5584
5584
5584
5586
5586
5586
5586
5586
5586
5588
5590
5590
5592
5592
5594
5594
5594
5596
5598
5598
5598
5600
5600
5602
5602
5602
5606
5606
5606
5606
5606
5608
5610
5612
5614
5616
5616
5616
5616
5618
5618
5618
5620
5620
5620
5622
5626
5628
5630
5630
5630
5632
5632
5634
5636
5636
5638
5640
5642
5642
5642
5644
5644
5648
5650
5652
5652
5652
5654
5654
5656
5656
5656
5658
5658
5660
5660
5660
5660
5660
5660
5662
5664
5664
5666
5666
5668
5668
5668
5670
5672
5672
5674
5674
5674
5674
5674
5674
5676
5676
5676
5680
5682
5682
5684
5684
5686
5686
5686
5688
5690
5692
5692
5692
5694
5694
5694
5698
5700
5704
5710
5710
5712
5716
5716
5716
5716
5718
5718
5720
5720
5722
5724
5726
5730
5732
5734
5736
5736
5738
5738
5748
5748
5752
5756
5756
5760
5762
5762
5764
5764
5764
5766
5768
5768
5770
5770
5770
5772
5774
5776
5776
5776
5776
5776
5778
5778
5780
5782
5784
5784
5786
5786
5786
5786
5788
5790
5790
5792
5794
5796
5798
5798
5798
5800
5800
5804
5804
5806
5808
5808
5810
5812
5816
5816
5818
5818
5820
5826
5826
5826
5828
5830
5832
5832
5836
5838
5838
5840
5842
5844
5848
5848
5850
5850
5850
5852
5854
5854
5854
5854
5854
5856
5856
5858
5858
5858
5860
5864
5864
5876
5876
5876
5882
5884
5884
5884
5886
5888
5888
5890
5892
5894
5894
5894
5896
5898
5898
5900
5902
5902
5904
5908
5908
5908
5910
5910
5910
5910
5910
5912
5912
5918
5918
5920
5922
5922
5926
5926
5928
5928
5928
5928
5928
5930
5934
5936
5936
5938
5942
5942
5942
5944
5946
5950
5950
5958
5962
5962
5968
5970
5970
5972
5972
5976
5976
5976
5978
5978
5980
5980
5980
5984
5984
5986
5990
5992
5994
5998
5998
6000
6002
6004
6006
6006
6006
6008
6010
6010
6010
6012
6012
6016
6018
6020
6022
6024
6028
6028
6028
6030
6032
6034
6036
6036
6036
6036
6036
6038
6040
6042
6044
6044
6046
6046
6046
6048
6048
6052
6054
6054
6054
6056
6058
6058
6060
6060
6062
6062
6064
6066
6066
6066
6068
6070
6070
6072
6076
6076
6080
6082
6082
6084
6086
6086
6086
6088
6088
6090
6094
6094
6094
6100
6102
6102
6106
6106
6106
6110
6114
6122
6122
6122
6124
6126
6126
6126
6128
6130
6132
6132
6136
6142
6144
6148
6148
6150
6152
6152
6154
6154
6156
6160
6160
6162
6164
6166
6168
6170
6172
6178
6180
6182
6182
6186
6186
6186
6188
6190
6190
6194
6198
6198
6198
6202
6202
6202
6204
6214
6216
6216
6216
6216
6224
6224
6226
6226
6228
6228
6232
6232
6234
6238
6242
6246
6248
6250
6252
6256
6258
6268
6268
6270
6274
6274
6278
6284
6284
6288
6290
6298
6302
6302
6302
6304
6308
6310
6310
6312
6312
6316
6316
6318
6332
6336
6340
6344
6346
6346
6346
6356
6358
6366
6372
6376
6386
6396
6396
6412
6416
6416
6436
6444
6448
6474
6496
6510
6514
6540
6544
6546
6560
6572
6574
6606
6614
6634
6640
6644
6680
6680
6684
6700
6716
6722
6740
6744
6750
6758
6766
6786
6794
6798
6800
6866
6874
6874
6908
6914
6922
6966
7000
7060
7090
7114
7122
7200
7200
7234
7244
7252
7266
7270
7318
7324
7350
7386
7454
7470
7480
7498
7542
7576
7610
7662
7850
7858
7914
8038
8164
8186
8422
8432
8908
9300
11496
12670
14616
15174
16852
17176
17432
18836
19446
19868
21418
22414
22526
22634
22866
23278
23346
24296
24360
24396
24728
24896
25504
25832
26818
26974
28500
28714
28784
29474
32360
