Latencies
5418
5420
5426
5458
5468
5540
5580
5580
5584
5620
5818
5818
5898
5962
5964
6040
6044
6106
6146
6202
6232
6240
6248
6250
6252
6302
6318
6366
6624
6626
6688
6730
6734
6750
6804
6818
6852
6854
6912
6972
6984
6996
7090
7120
7248
7250
7326
7488
7520
7626
7764
7770
7798
7916
7934
7946
8006
8168
8346
8364
8372
8382
8386
8758
8816
8858
8928
8988
9026
9030
9062
9076
9098
9324
9424
9472
9488
9576
9620
9640
9652
9690
9778
9816
9852
9854
9858
10176
10232
10276
10394
10414
10470
10524
10570
10598
10602
10652
10962
11020
11024
11038
11062
11166
11174
11206
11222
11222
11240
11254
11270
11372
11390
11594
11598
11618
11632
11768
11866
11996
12050
12184
12400
12430
12438
12440
12506
12594
13034
13134
13206
13250
13290
13360
13396
13448
13448
13506
13580
13618
13620
13798
13848
13866
13882
13884
13970
13986
13996
14116
14132
14152
14154
14210
14234
14252
14278
14294
14306
14308
14318
14368
14384
14450
14462
14544
14550
14558
14584
14604
14614
14632
14642
14648
14678
14680
14706
14732
14752
14758
14770
14796
14802
14806
14814
14832
14836
14856
14860
14892
14896
14898
14908
14928
14952
14986
15040
15056
15070
15084
15110
15126
15128
15132
15156
15158
15160
15166
15184
15188
15198
15204
15208
15218
15220
15228
15242
15250
15252
15254
15260
15268
15276
15286
15300
15326
15336
15424
15430
15430
15446
15448
15450
15454
15478
15498
15526
15550
15610
15692
15700
15712
15716
15726
15752
15844
15870
15882
15900
15924
15944
16038
16104
16108
16154
16158
16194
16202
16224
16250
16264
16286
16298
16306
16336
16364
16368
16380
16390
16402
16434
16514
16524
16550
16570
16584
16618
16622
16626
16650
16702
16732
16762
16796
16828
16840
16886
16930
16942
16958
16974
16994
16996
17002
17052
17108
17196
17224
17244
17248
17270
17278
17284
17310
17380
17382
17390
17406
17418
17424
17450
17476
17562
17574
17616
17682
17770
17794
17798
17860
17874
17874
17874
17878
17888
17888
17906
17920
17942
17952
17992
18034
18086
18162
18174
18202
18208
18214
18218
18248
18268
18306
18308
18348
18460
18464
18536
18736
18750
18786
18798
18820
18824
18904
18914
18920
18944
18954
18962
19112
19144
19164
19166
19284
19296
19300
19350
19436
19442
19448
19484
19486
19580
19616
19682
19694
19694
19724
19734
19844
19868
19970
19982
20002
20002
20138
20250
20262
20262
20270
20286
20306
20316
20494
20554
20564
20572
20612
20632
20648
20654
20666
20668
20720
20780
20804
20818
20854
20862
20916
20946
20954
20998
21000
21120
21136
21144
21186
21194
21230
21246
21268
21292
21308
21326
21330
21416
21440
21502
21514
21544
21588
21622
21672
21728
21762
21778
21812
21822
21830
21852
21908
21946
22028
22036
22054
22154
22166
22188
22218
22296
22318
22328
22446
22516
22526
22538
22540
22610
22640
22646
22648
22668
22668
22680
22700
22714
22768
22830
22844
22856
22860
23128
23178
23188
23196
23232
23302
23304
23324
23358
23434
23446
23460
23520
23556
23562
23578
23582
23584
23586
23592
23616
23634
23634
23648
23720
23722
23736
23828
23830
23906
23938
23960
24012
24020
24020
24026
24052
24082
24144
24146
24158
24160
24178
24186
24244
24262
24362
24366
24374
24380
24390
24410
24418
24424
24450
24450
24456
24472
24496
24512
24512
24520
24544
24554
24558
24560
24578
24666
24670
24742
24800
24836
24888
24918
24932
24974
25000
25008
25036
25038
25038
25050
25056
25070
25088
25100
25108
25114
25144
25146
25236
25252
25254
25266
25326
25338
25348
25364
25370
25384
25408
25410
25434
25454
25456
25470
25484
25582
25588
25604
25638
25694
25762
25782
25838
25860
25924
25926
25950
25962
25986
26026
26102
26144
26150
26162
26200
26214
26234
26328
26350
26386
26390
26396
26398
26434
26464
26490
26498
26594
26616
26656
26704
26736
26762
26826
26838
26840
26884
26942
27054
27088
27118
27130
27216
27254
27326
27334
27424
27440
27448
27560
27606
27648
27678
27686
27746
27790
27796
27810
27900
27924
27934
28010
28014
28092
28100
28178
28222
28258
28262
28278
28302
28342
28572
28604
28646
28652
28728
28828
28874
28888
28974
29034
29070
29092
29138
29160
29198
29214
29226
29278
29288
29300
29302
29338
29562
29622
29628
29640
29712
29744
29758
29760
29766
29836
29876
29888
29944
29964
30006
30012
30056
30074
30144
30178
30204
30230
30232
30246
30248
30254
30312
30320
30332
30374
30398
30470
30498
30544
30550
30570
30588
30626
30708
30800
30824
30846
30874
30892
30892
30904
30916
30952
30968
30976
31066
31068
31120
31124
31126
31206
31236
31236
31256
31276
31296
31318
31474
31520
31584
31644
31662
31758
31782
31856
31922
31926
32014
32016
32140
32204
32296
32320
32326
32336
32344
32358
32368
32408
32430
32448
32574
32630
32632
32634
32684
32768
32780
32796
32890
32930
32940
32948
32958
33002
33002
33080
33086
33132
33236
33308
33318
33330
33340
33442
33458
33464
33470
33494
33510
33538
33544
33556
33580
33640
33650
33652
33652
33698
33704
33716
33764
33776
33806
33820
33844
33846
33862
33874
33932
33952
33960
33974
34022
34028
34056
34060
34076
34082
34096
34104
34106
34110
34168
34186
34192
34204
34226
34242
34282
34284
34286
34308
34308
34328
34330
34344
34354
34362
34374
34426
34428
34438
34440
34442
34446
34458
34474
34506
34506
34514
34516
34518
34524
34532
34542
34560
34572
34600
34612
34636
34638
34638
34642
34648
34664
34672
34678
34694
34696
34716
34724
34738
34756
34780
34782
34816
34824
34826
34828
34836
34864
34890
34898
34926
34968
34980
34982
35022
35034
35050
35058
35066
35066
35070
35086
35106
35148
35158
35202
35224
35226
35246
35294
35336
35344
35438
35440
35498
35514
35594
35612
35632
35724
35780
35802
35882
35886
35892
35892
36058
36080
36320
36486
36792
36808
37092
37660
37730
38378
39792
40220
40304
40388
40572
40746
40920
40980
41572
41690
41748
42386
42652
43616
44058
44652
45018
45392
45912
47142
47796
48208
49162
49222
49350
50010
51200
51202
52844
54256
55192
55228
55540
55640
55950
56090
57864
58496
64164
65096
66630
69428
75572
76732
80972
95172
112660
137168
258138
348672
3761922
