Latencies
5176
5198
5200
5208
5218
5234
5240
5242
5250
5252
5260
5260
5262
5274
5280
5288
5288
5290
5290
5292
5302
5304
5306
5308
5310
5310
5314
5316
5318
5320
5322
5324
5324
5326
5328
5332
5334
5334
5334
5334
5350
5350
5354
5354
5354
5358
5362
5364
5372
5378
5380
5384
5384
5392
5394
5396
5396
5408
5412
5412
5416
5422
5432
5436
5440
5444
5450
5450
5450
5454
5456
5458
5458
5464
5476
5490
5500
5500
5504
5514
5518
5518
5520
5524
5524
5536
5544
5546
5546
5548
5550
5562
5566
5572
5600
5604
5632
5634
5634
5642
5644
5644
5644
5658
5662
5664
5666
5666
5674
5680
5688
5690
5694
5702
5704
5712
5720
5720
5724
5732
5740
5746
5748
5750
5752
5752
5758
5758
5758
5768
5776
5780
5794
5796
5808
5816
5816
5816
5818
5818
5832
5838
5848
5852
5858
5860
5862
5870
5872
5880
5890
5894
5896
5898
5900
5900
5904
5932
5938
5940
5940
5944
5948
5950
5958
5958
5960
5960
5962
5962
5982
5992
5994
5998
6000
6002
6010
6014
6014
6018
6020
6020
6024
6024
6026
6036
6038
6038
6048
6050
6054
6054
6058
6058
6060
6066
6078
6082
6084
6086
6086
6104
6108
6110
6152
6160
6160
6162
6164
6180
6186
6200
6202
6210
6210
6222
6236
6240
6240
6256
6256
6270
6272
6276
6278
6310
6318
6330
6338
6340
6356
6362
6372
6374
6382
6394
6402
6414
6490
6492
6494
6494
6496
6508
6508
6522
6526
6530
6558
6600
6620
6652
6654
6680
6684
6686
6688
6698
6700
6704
6762
6770
6772
6780
6810
6816
6818
6818
6820
6820
6826
6834
6834
6854
6860
6864
6882
6896
6914
6954
6962
6962
7002
7002
7014
7064
7078
7082
7092
7094
7098
7112
7112
7124
7134
7144
7146
7162
7172
7268
7304
7310
7328
7332
7338
7338
7374
7378
7394
7400
7406
7416
7430
7440
7452
7478
7494
7494
7496
7498
7510
7528
7530
7538
7540
7546
7558
7596
7616
7652
7656
7668
7670
7684
7720
7740
7752
7754
7780
7802
7826
7840
7912
7918
7920
7928
7934
7938
7942
7966
7994
8000
8012
8014
8050
8080
8094
8100
8114
8114
8124
8124
8142
8170
8184
8192
8194
8212
8224
8228
8242
8246
8372
8432
8464
8476
8494
8500
8500
8514
8526
8544
8554
8562
8580
8600
8602
8628
8652
8690
8708
8734
8736
8742
8830
8848
8850
8920
8970
9002
9002
9012
9014
9022
9068
9118
9124
9150
9228
9282
9300
9338
9384
9398
9400
9430
9454
9474
9492
9518
9524
9540
9542
9574
9576
9592
9596
9618
9626
9626
9630
9642
9656
9660
9662
9674
9684
9696
9766
9782
9794
9808
9826
9842
9876
9884
9892
9904
9936
9942
9944
9950
9956
9980
10018
10020
10058
10068
10078
10112
10130
10154
10162
10180
10212
10216
10232
10246
10294
10308
10348
10366
10398
10402
10404
10410
10446
10458
10478
10486
10488
10506
10520
10532
10536
10548
10558
10568
10580
10580
10592
10604
10606
10614
10614
10622
10660
10664
10692
10704
10742
10770
10802
10828
10854
10856
10874
10886
10940
10954
10958
10986
10986
10996
11002
11008
11058
11088
11136
11160
11172
11196
11202
11206
11224
11230
11238
11244
11264
11300
11300
11308
11326
11344
11356
11394
11436
11444
11482
11484
11484
11486
11492
11524
11532
11542
11546
11562
11564
11640
11666
11690
11714
11752
11764
11776
11788
11820
11826
11828
11840
11854
11870
11886
11910
11914
11946
11968
11988
12008
12010
12030
12032
12040
12044
12046
12060
12062
12084
12126
12140
12162
12178
12202
12218
12230
12230
12232
12238
12252
12272
12314
12316
12318
12320
12338
12348
12358
12374
12382
12444
12472
12498
12534
12558
12580
12598
12602
12614
12622
12634
12646
12674
12686
12688
12702
12718
12768
12772
12782
12784
12792
12800
12814
12822
12830
12830
12832
12844
12874
12880
12896
12898
12902
12902
12918
12960
12964
12972
13018
13038
13052
13056
13074
13076
13086
13106
13134
13140
13150
13162
13218
13236
13256
13264
13272
13274
13276
13278
13284
13292
13294
13302
13310
13320
13382
13388
13420
13440
13480
13494
13526
13528
13540
13552
13552
13592
13596
13616
13640
13644
13654
13672
13692
13710
13728
13730
13754
13826
13828
13854
13862
13898
13908
13930
13938
13958
13968
14004
14008
14024
14034
14038
14068
14072
14074
14088
14090
14096
14096
14100
14130
14140
14168
14172
14178
14186
14198
14238
14242
14252
14252
14320
14342
14352
14362
14368
14406
14410
14448
14464
14476
14486
14498
14516
14524
14524
14528
14552
14554
14558
14562
14564
14580
14582
14592
14598
14604
14610
14612
14612
14626
14642
14642
14648
14662
14678
14688
14690
14692
14694
14702
14716
14718
14730
14734
14744
14744
14750
14756
14758
14764
14768
14770
14772
14774
14786
14790
14790
14790
14798
14802
14806
14810
14810
14828
14830
14830
14838
14846
14860
14866
14874
14876
14880
14882
14896
14896
14900
14904
14906
14906
14920
14934
14940
14940
14948
14948
14950
14962
14964
14978
14980
14992
15006
15006
15014
15022
15044
15058
15062
15066
15066
15068
15076
15082
15086
15090
15092
15092
15096
15102
15102
15126
15128
15134
15134
15138
15148
15152
15154
15160
15162
15166
15172
15182
15186
15190
15190
15192
15200
15216
15220
15226
15228
15232
15234
15238
15238
15252
15256
15264
15276
15278
15290
15294
15296
15306
15308
15310
15310
15324
15324
15326
15330
15338
15340
15354
15368
15376
15386
15386
15388
15394
15404
15420
15440
15450
15452
15460
15460
15466
15466
15468
15470
15472
15496
15498
15512
15536
15542
15546
15566
15566
15580
15582
15590
15590
15622
15630
15638
15666
15674
15680
15692
15698
15710
15716
15718
15724
15726
15762
15766
15774
15784
15824
15832
15844
15852
15906
15966
16030
16104
16156
16198
16240
16370
16378
16448
16538
16822
17688
18954
19222
20136
20602
20622
20738
21046
21100
21472
22344
22350
22756
22766
23336
24424
24480
24546
24692
24830
25000
25154
25184
26492
26762
27180
27388
27670
30884
31356
31850
33078
33538
33918
34082
34738
35020
35332
40130
41030
42814
44768
46012
46224
426018
674572
