Latencies
5134
5136
5140
5142
5150
5164
5170
5170
5174
5178
5182
5188
5194
5196
5198
5198
5200
5206
5206
5206
5208
5208
5208
5208
5210
5212
5220
5222
5224
5224
5226
5228
5228
5232
5234
5234
5236
5236
5238
5238
5238
5240
5242
5242
5244
5244
5246
5248
5248
5250
5250
5250
5250
5252
5252
5252
5254
5256
5258
5260
5260
5260
5262
5264
5264
5264
5266
5266
5268
5270
5270
5272
5272
5274
5274
5276
5276
5276
5276
5276
5276
5278
5278
5278
5278
5278
5280
5280
5280
5282
5288
5288
5290
5292
5292
5292
5292
5292
5292
5292
5294
5294
5298
5298
5298
5300
5300
5300
5300
5300
5300
5302
5302
5302
5306
5306
5306
5308
5308
5308
5310
5310
5310
5310
5310
5312
5312
5312
5312
5312
5314
5314
5316
5316
5316
5316
5316
5318
5318
5318
5318
5318
5320
5320
5320
5322
5322
5322
5322
5324
5324
5326
5326
5326
5326
5326
5326
5328
5328
5330
5330
5330
5332
5332
5332
5332
5334
5334
5334
5334
5334
5334
5336
5336
5338
5338
5338
5338
5340
5340
5340
5340
5340
5340
5342
5342
5342
5344
5344
5344
5344
5344
5344
5346
5346
5346
5348
5348
5348
5350
5350
5350
5350
5350
5350
5350
5350
5350
5352
5352
5352
5352
5354
5354
5356
5356
5356
5356
5356
5356
5356
5358
5358
5358
5358
5358
5358
5358
5358
5360
5360
5360
5360
5360
5362
5362
5362
5362
5362
5364
5364
5366
5368
5368
5368
5368
5368
5370
5370
5372
5372
5372
5374
5374
5374
5374
5374
5374
5376
5376
5376
5376
5376
5376
5376
5378
5378
5380
5382
5382
5382
5382
5382
5382
5384
5384
5384
5384
5384
5384
5386
5386
5388
5388
5390
5390
5390
5390
5390
5392
5394
5394
5394
5394
5396
5396
5396
5396
5398
5398
5398
5400
5400
5400
5400
5400
5400
5402
5402
5402
5402
5402
5404
5404
5404
5406
5406
5406
5406
5408
5408
5408
5408
5408
5410
5410
5412
5412
5412
5412
5412
5414
5416
5416
5416
5416
5416
5416
5418
5418
5420
5420
5420
5420
5420
5422
5422
5424
5424
5424
5424
5426
5426
5426
5426
5426
5426
5426
5428
5428
5428
5428
5428
5430
5430
5430
5430
5432
5432
5432
5432
5434
5434
5434
5434
5436
5436
5438
5438
5438
5438
5438
5440
5440
5440
5440
5442
5442
5442
5442
5444
5444
5446
5448
5448
5448
5448
5448
5450
5450
5450
5450
5450
5452
5452
5454
5454
5456
5456
5458
5458
5458
5458
5458
5460
5460
5460
5462
5464
5464
5466
5466
5466
5466
5466
5466
5468
5468
5470
5472
5472
5472
5474
5474
5474
5474
5478
5478
5480
5482
5482
5484
5484
5486
5486
5488
5490
5490
5490
5492
5492
5492
5492
5492
5494
5494
5494
5494
5494
5494
5496
5496
5496
5500
5500
5500
5502
5504
5504
5504
5506
5506
5506
5508
5508
5510
5510
5512
5512
5514
5514
5518
5518
5520
5520
5522
5522
5522
5522
5522
5524
5524
5526
5528
5528
5530
5530
5534
5534
5534
5536
5538
5538
5540
5540
5542
5542
5544
5546
5546
5546
5548
5548
5550
5550
5552
5554
5556
5556
5558
5558
5560
5562
5564
5564
5564
5566
5566
5566
5568
5570
5572
5574
5574
5574
5578
5578
5578
5580
5584
5586
5586
5586
5586
5588
5590
5594
5594
5594
5594
5596
5596
5596
5598
5600
5604
5608
5608
5608
5608
5608
5610
5612
5612
5614
5614
5618
5628
5630
5630
5632
5632
5636
5636
5636
5636
5642
5644
5646
5646
5648
5648
5654
5656
5660
5662
5662
5668
5672
5674
5678
5680
5682
5684
5686
5688
5688
5690
5692
5692
5692
5692
5692
5694
5694
5702
5702
5706
5706
5708
5708
5714
5718
5718
5718
5722
5722
5722
5726
5728
5728
5734
5740
5740
5742
5742
5744
5746
5746
5748
5750
5754
5754
5762
5764
5764
5766
5768
5768
5768
5772
5772
5776
5780
5788
5790
5790
5790
5792
5800
5800
5802
5802
5804
5804
5806
5808
5812
5812
5814
5816
5816
5816
5820
5826
5832
5834
5836
5836
5840
5846
5850
5854
5858
5860
5862
5864
5868
5872
5872
5872
5878
5882
5882
5884
5890
5892
5896
5902
5910
5914
5916
5936
5940
5942
5948
5952
5960
5962
5966
5972
5978
5980
5984
5986
5986
5994
6000
6006
6006
6012
6016
6016
6022
6024
6028
6028
6030
6034
6036
6036
6054
6054
6060
6060
6060
6068
6068
6068
6070
6076
6080
6088
6090
6094
6094
6108
6114
6114
6120
6126
6132
6134
6136
6140
6144
6148
6152
6154
6156
6158
6162
6162
6166
6170
6172
6172
6172
6174
6176
6200
6202
6210
6214
6222
6230
6238
6242
6252
6254
6274
6288
6294
6304
6306
6306
6308
6310
6310
6322
6326
6330
6334
6340
6344
6344
6350
6352
6352
6364
6374
6386
6386
6386
6390
6394
6404
6408
6412
6412
6432
6446
6450
6452
6464
6492
6540
6560
6578
6598
6600
6618
6664
6710
6752
6766
6786
6786
6790
6816
6826
6846
6860
6866
6868
6874
6878
6880
6894
6928
6946
7010
7012
7042
7044
7072
7158
7204
7212
7362
7366
7370
7418
7436
7500
7508
7514
7530
7534
7612
7812
7830
8044
8108
8212
8402
8772
8828
8832
8890
8896
8928
8994
9012
9052
9094
9412
9500
9514
9516
9520
9724
9760
9936
10006
10126
10194
10206
10252
10554
10554
10628
10648
10654
10726
10754
11082
11210
11224
11322
11364
11404
11412
11558
11574
11818
11908
11908
11932
12284
12462
12502
12960
13082
13360
13520
13968
14158
14176
14404
14420
14494
14556
14618
14740
14772
14996
15074
15098
15136
15332
15898
16224
16522
16708
16724
16910
17006
17734
17794
18504
18618
19040
19824
20700
20732
20762
21312
21560
21962
22102
22156
22624
23046
23568
24050
24066
24126
24690
24716
25086
26060
26270
27364
27458
29944
30012
32104
32262
32278
34442
34776
34844
35434
35732
37526
37730
39518
40540
41022
41518
41592
41956
45030
70646
150180
443666
