Latencies
5108
5108
5142
5142
5152
5152
5168
5168
5172
5172
5178
5180
5180
5182
5186
5186
5188
5188
5192
5192
5192
5192
5192
5194
5200
5200
5204
5206
5208
5210
5210
5212
5214
5214
5214
5222
5222
5222
5224
5224
5226
5226
5226
5226
5228
5228
5230
5230
5232
5232
5236
5238
5238
5240
5242
5242
5242
5244
5246
5254
5254
5254
5254
5256
5256
5256
5256
5256
5258
5258
5258
5258
5260
5260
5260
5262
5262
5262
5262
5264
5264
5264
5264
5264
5266
5266
5266
5266
5268
5268
5268
5268
5268
5270
5274
5274
5276
5276
5280
5280
5280
5282
5284
5284
5284
5286
5288
5288
5288
5288
5288
5288
5288
5290
5290
5290
5290
5292
5292
5292
5292
5292
5294
5296
5296
5296
5298
5298
5298
5298
5298
5300
5300
5300
5300
5302
5302
5302
5304
5304
5304
5306
5306
5308
5308
5308
5308
5310
5310
5310
5312
5312
5312
5314
5314
5314
5316
5316
5318
5318
5318
5320
5320
5320
5322
5322
5324
5324
5324
5324
5324
5324
5326
5326
5326
5326
5326
5328
5328
5328
5328
5328
5330
5330
5330
5330
5332
5332
5332
5332
5334
5334
5334
5336
5336
5336
5336
5336
5338
5338
5338
5338
5340
5340
5340
5340
5342
5342
5342
5344
5344
5344
5344
5344
5344
5346
5346
5346
5346
5346
5346
5346
5348
5348
5350
5350
5350
5350
5350
5350
5350
5352
5354
5354
5354
5354
5354
5354
5356
5356
5358
5358
5358
5358
5360
5360
5360
5360
5360
5362
5362
5362
5362
5362
5362
5362
5364
5364
5364
5364
5364
5364
5364
5364
5366
5366
5366
5366
5366
5366
5366
5368
5368
5368
5370
5370
5370
5372
5372
5374
5376
5376
5376
5376
5376
5376
5376
5378
5380
5380
5382
5382
5382
5382
5382
5384
5384
5384
5384
5384
5384
5384
5384
5386
5388
5388
5388
5388
5390
5390
5390
5390
5390
5392
5392
5392
5392
5392
5392
5392
5394
5396
5396
5396
5396
5396
5398
5400
5400
5400
5400
5400
5402
5402
5402
5402
5402
5404
5404
5404
5404
5406
5406
5406
5406
5408
5408
5408
5412
5412
5412
5414
5414
5414
5416
5416
5420
5422
5422
5422
5424
5426
5428
5430
5430
5430
5430
5430
5432
5434
5436
5436
5436
5436
5440
5444
5444
5444
5444
5446
5448
5448
5450
5450
5450
5452
5452
5452
5452
5452
5452
5454
5456
5458
5460
5462
5464
5464
5464
5466
5466
5466
5466
5468
5468
5468
5470
5470
5470
5470
5472
5472
5474
5474
5474
5476
5476
5476
5480
5480
5482
5482
5482
5482
5482
5482
5486
5486
5486
5488
5488
5488
5488
5488
5488
5488
5488
5490
5490
5490
5490
5492
5492
5492
5496
5496
5496
5496
5500
5500
5500
5502
5502
5504
5504
5504
5506
5508
5512
5514
5514
5516
5518
5520
5520
5522
5522
5524
5526
5536
5536
5538
5538
5538
5540
5540
5542
5542
5544
5548
5550
5550
5552
5552
5554
5554
5556
5556
5556
5556
5558
5558
5558
5560
5560
5562
5562
5564
5566
5566
5566
5568
5568
5568
5568
5572
5572
5572
5574
5576
5576
5576
5578
5578
5580
5580
5582
5582
5584
5584
5584
5588
5588
5590
5592
5592
5594
5596
5596
5596
5602
5606
5606
5606
5612
5612
5614
5618
5620
5620
5622
5622
5626
5626
5626
5628
5628
5628
5630
5632
5632
5636
5638
5640
5640
5640
5640
5642
5642
5642
5644
5646
5648
5648
5648
5654
5654
5654
5654
5656
5656
5658
5658
5658
5660
5662
5666
5666
5668
5668
5668
5674
5676
5678
5678
5682
5684
5686
5688
5688
5690
5692
5692
5694
5696
5698
5702
5704
5710
5712
5712
5712
5716
5718
5720
5720
5722
5724
5728
5732
5732
5734
5734
5736
5738
5740
5740
5742
5742
5744
5744
5748
5748
5750
5750
5754
5756
5760
5762
5762
5764
5766
5768
5770
5770
5770
5772
5772
5772
5772
5774
5778
5780
5780
5780
5784
5786
5788
5790
5790
5792
5796
5798
5802
5802
5804
5808
5810
5810
5812
5812
5812
5816
5816
5816
5816
5822
5822
5830
5830
5834
5834
5838
5840
5840
5842
5848
5854
5864
5864
5864
5866
5876
5876
5882
5884
5886
5890
5890
5892
5892
5894
5896
5898
5912
5914
5916
5918
5926
5926
5928
5930
5932
5936
5940
5942
5944
5944
5946
5950
5952
5954
5954
5960
5960
5960
5960
5962
5964
5964
5968
5970
5970
5974
5982
5984
5984
5984
5986
5986
5988
5990
5994
6002
6004
6004
6004
6008
6010
6012
6014
6016
6018
6020
6020
6022
6024
6026
6026
6032
6034
6036
6042
6044
6044
6048
6048
6052
6060
6062
6064
6066
6068
6072
6076
6076
6078
6082
6084
6086
6086
6094
6098
6100
6104
6104
6108
6110
6116
6118
6128
6132
6134
6140
6140
6142
6142
6146
6150
6150
6154
6156
6158
6158
6164
6164
6168
6170
6170
6172
6176
6178
6178
6188
6190
6194
6202
6206
6216
6216
6220
6220
6240
6240
6250
6258
6270
6272
6274
6302
6304
6316
6318
6318
6332
6332
6340
6340
6346
6354
6356
6374
6392
6394
6400
6404
6410
6436
6456
6460
6468
6470
6474
6488
6502
6506
6512
6518
6532
6546
6564
6566
6578
6582
6598
6602
6604
6642
6658
6672
6676
6688
6750
6760
6770
6770
6772
6800
6814
6862
6890
6896
6898
6900
6960
6964
6988
7018
7078
7102
7114
7118
7170
7196
7196
7220
7244
7248
7264
7266
7302
7368
7378
7382
7422
7424
7436
7446
7454
7458
7462
7462
7466
7554
7750
7850
7850
7906
7966
7980
7990
8176
8232
8264
8270
8390
8442
8536
8776
8948
9172
9380
9640
10362
10504
10688
10726
10950
11028
11124
11140
11272
12086
12142
12452
12566
12574
12630
13004
13290
13480
14068
14170
14390
14618
14650
14820
14822
15112
15646
15718
16614
17252
17996
19702
20104
20120
20884
20942
21328
23768
24474
24490
24502
24538
25034
27666
27944
28206
28410
28648
28768
29512
31870
35432
35588
35590
38832
40620
42218
