Latencies
5118
5126
5154
5154
5154
5160
5168
5168
5172
5172
5176
5176
5178
5178
5180
5180
5182
5186
5188
5190
5192
5194
5196
5198
5198
5200
5204
5206
5208
5210
5214
5216
5216
5218
5220
5220
5220
5222
5222
5224
5224
5226
5230
5230
5230
5234
5234
5234
5236
5238
5238
5238
5238
5242
5244
5246
5246
5248
5248
5248
5250
5252
5252
5254
5254
5254
5256
5256
5258
5258
5260
5260
5262
5262
5262
5264
5264
5266
5266
5268
5270
5272
5272
5272
5274
5276
5278
5278
5282
5282
5284
5284
5284
5284
5286
5286
5286
5286
5286
5288
5288
5288
5290
5290
5290
5290
5292
5294
5294
5294
5294
5294
5296
5296
5298
5298
5300
5300
5302
5302
5302
5302
5302
5304
5304
5304
5304
5304
5304
5304
5304
5306
5306
5306
5306
5310
5310
5312
5312
5312
5312
5314
5314
5314
5316
5316
5316
5316
5318
5318
5320
5320
5320
5320
5320
5320
5322
5322
5322
5322
5322
5322
5322
5322
5322
5322
5322
5322
5324
5324
5326
5326
5328
5328
5328
5328
5328
5328
5330
5330
5332
5332
5334
5334
5336
5336
5336
5338
5340
5340
5342
5342
5342
5342
5342
5342
5342
5342
5344
5344
5346
5346
5346
5346
5346
5348
5348
5348
5350
5350
5350
5350
5352
5354
5354
5354
5354
5354
5356
5356
5356
5356
5356
5356
5358
5358
5362
5362
5364
5364
5364
5364
5366
5366
5368
5368
5370
5370
5370
5370
5372
5372
5372
5372
5374
5374
5374
5376
5376
5376
5376
5378
5378
5380
5380
5382
5382
5382
5382
5382
5382
5382
5384
5384
5384
5384
5384
5384
5384
5384
5388
5388
5388
5388
5388
5388
5390
5390
5392
5392
5392
5392
5392
5392
5392
5394
5394
5394
5394
5394
5394
5396
5396
5398
5400
5400
5400
5400
5402
5404
5404
5404
5404
5404
5404
5406
5406
5406
5406
5408
5408
5408
5408
5408
5408
5410
5410
5410
5412
5412
5412
5414
5414
5414
5414
5416
5416
5416
5418
5418
5418
5418
5420
5420
5420
5420
5422
5422
5422
5422
5422
5424
5424
5424
5424
5424
5424
5426
5426
5428
5428
5428
5428
5430
5430
5432
5432
5432
5434
5434
5436
5436
5438
5438
5438
5440
5440
5440
5440
5440
5442
5442
5442
5442
5442
5444
5444
5444
5444
5444
5444
5446
5446
5446
5452
5452
5454
5454
5454
5458
5458
5458
5458
5458
5460
5460
5464
5464
5466
5466
5466
5466
5468
5470
5470
5470
5470
5472
5472
5474
5474
5474
5476
5478
5478
5478
5478
5480
5480
5480
5480
5480
5480
5482
5482
5482
5482
5482
5484
5484
5484
5484
5486
5486
5486
5488
5488
5490
5490
5490
5492
5492
5494
5494
5494
5494
5496
5496
5496
5496
5500
5500
5500
5500
5502
5502
5502
5502
5502
5502
5504
5504
5506
5506
5508
5512
5514
5514
5514
5516
5518
5518
5520
5520
5526
5526
5528
5528
5532
5532
5532
5532
5532
5534
5536
5536
5536
5538
5540
5542
5542
5542
5544
5546
5546
5546
5548
5550
5550
5550
5552
5554
5554
5554
5556
5556
5560
5562
5562
5562
5564
5566
5566
5566
5566
5568
5570
5576
5580
5580
5582
5582
5584
5584
5584
5586
5586
5592
5594
5596
5596
5598
5600
5600
5604
5606
5608
5608
5610
5610
5612
5612
5614
5616
5618
5618
5620
5620
5622
5622
5622
5622
5624
5624
5626
5626
5628
5630
5632
5634
5636
5638
5640
5642
5642
5642
5644
5648
5648
5650
5650
5654
5656
5658
5660
5660
5662
5662
5666
5668
5668
5670
5670
5674
5676
5678
5678
5680
5680
5682
5682
5684
5686
5690
5692
5692
5698
5700
5700
5702
5704
5704
5706
5706
5708
5708
5710
5712
5712
5712
5714
5716
5716
5718
5722
5724
5724
5728
5730
5732
5732
5732
5732
5732
5734
5738
5738
5738
5740
5744
5744
5744
5744
5746
5748
5752
5752
5754
5756
5756
5756
5756
5758
5762
5764
5770
5770
5772
5772
5774
5774
5778
5790
5792
5794
5794
5796
5796
5798
5802
5802
5808
5810
5814
5814
5814
5816
5816
5816
5818
5826
5832
5832
5834
5836
5838
5840
5848
5848
5850
5850
5852
5854
5854
5856
5860
5864
5864
5866
5868
5876
5880
5882
5884
5888
5890
5892
5892
5892
5894
5898
5898
5902
5904
5904
5904
5910
5910
5914
5914
5914
5916
5916
5918
5920
5924
5924
5928
5928
5932
5934
5934
5936
5936
5936
5942
5942
5950
5956
5956
5960
5960
5964
5968
5968
5968
5968
5970
5974
5976
5978
5980
5984
5986
5986
5986
5988
5992
5994
5994
5996
5996
5998
6000
6000
6008
6008
6012
6012
6014
6014
6018
6024
6028
6038
6048
6052
6052
6052
6058
6062
6064
6064
6066
6070
6072
6074
6074
6078
6086
6100
6102
6114
6114
6116
6118
6122
6126
6130
6134
6136
6136
6136
6138
6144
6152
6160
6180
6180
6180
6182
6186
6188
6202
6204
6206
6208
6208
6210
6216
6218
6220
6238
6244
6250
6250
6268
6270
6282
6294
6304
6304
6310
6310
6316
6330
6336
6336
6338
6338
6346
6346
6350
6350
6380
6384
6390
6394
6406
6414
6418
6420
6422
6442
6448
6454
6466
6478
6490
6492
6498
6498
6500
6504
6514
6526
6526
6546
6558
6566
6592
6614
6622
6678
6706
6714
6732
6734
6738
6752
6794
6804
6816
6822
6888
6888
6898
6932
6940
6954
6958
7022
7070
7070
7110
7138
7216
7352
7360
7438
7476
7514
7550
7584
7608
7642
7704
7790
7838
7968
8226
8482
9090
9350
9370
9372
9432
9458
9502
9742
9948
9968
9986
10134
10138
10144
10182
10882
10900
11276
11276
11452
11784
11954
11992
12854
12940
13058
13362
13458
13770
14036
14210
14460
14786
15002
15012
15032
15256
15508
15660
15706
15712
16386
16488
17558
18516
19620
19904
20714
20886
21192
21204
21412
21600
21780
21836
22302
23146
24122
24602
24746
25224
25422
25456
26346
26510
26778
26940
27162
27166
27756
29022
29108
29142
30304
30986
32106
32480
33328
34992
35076
35556
35772
35816
36534
40006
40878
41010
