Latencies
5118
5130
5134
5146
5150
5152
5158
5160
5160
5162
5164
5166
5168
5170
5170
5170
5172
5176
5176
5180
5182
5182
5184
5184
5186
5188
5190
5190
5190
5192
5192
5194
5196
5196
5198
5200
5200
5204
5204
5204
5206
5208
5208
5210
5210
5210
5210
5214
5216
5216
5216
5216
5216
5218
5218
5220
5220
5220
5220
5222
5222
5224
5224
5224
5226
5226
5230
5232
5234
5234
5236
5236
5236
5238
5240
5240
5240
5240
5242
5242
5244
5244
5246
5246
5246
5246
5246
5246
5248
5248
5248
5250
5250
5252
5252
5252
5254
5254
5254
5254
5254
5256
5256
5256
5260
5260
5260
5262
5262
5262
5262
5262
5262
5264
5264
5264
5264
5264
5266
5266
5266
5266
5266
5268
5268
5270
5270
5272
5272
5274
5274
5276
5276
5276
5276
5276
5278
5278
5280
5282
5282
5282
5282
5282
5282
5282
5286
5286
5286
5286
5286
5288
5288
5288
5288
5290
5290
5292
5292
5292
5294
5294
5294
5294
5296
5296
5298
5298
5298
5298
5298
5298
5300
5300
5300
5300
5300
5300
5302
5302
5302
5302
5304
5304
5304
5304
5306
5306
5306
5308
5308
5310
5310
5310
5310
5312
5314
5314
5314
5316
5318
5318
5318
5320
5320
5320
5322
5322
5322
5324
5324
5324
5326
5328
5328
5328
5330
5330
5330
5332
5332
5332
5332
5334
5334
5334
5334
5334
5334
5336
5336
5336
5336
5336
5338
5338
5340
5340
5340
5342
5342
5342
5342
5342
5342
5344
5344
5344
5344
5344
5344
5344
5344
5346
5346
5346
5346
5348
5348
5348
5348
5348
5350
5350
5350
5350
5350
5350
5352
5352
5352
5352
5352
5354
5354
5354
5354
5356
5356
5356
5356
5358
5358
5358
5358
5360
5360
5360
5360
5362
5362
5362
5362
5364
5364
5364
5364
5364
5364
5364
5366
5366
5366
5366
5366
5366
5368
5368
5370
5370
5370
5370
5370
5370
5370
5370
5372
5372
5374
5374
5374
5374
5374
5374
5376
5376
5376
5376
5378
5378
5380
5380
5380
5380
5382
5382
5382
5384
5384
5384
5384
5384
5384
5384
5386
5386
5386
5386
5386
5386
5386
5388
5388
5388
5388
5388
5388
5388
5390
5390
5390
5390
5390
5390
5392
5392
5392
5392
5394
5394
5394
5396
5396
5396
5396
5398
5398
5400
5400
5400
5402
5404
5404
5404
5404
5404
5404
5406
5406
5406
5408
5408
5408
5408
5408
5410
5410
5412
5412
5412
5412
5414
5414
5416
5416
5418
5418
5420
5420
5420
5420
5422
5422
5422
5424
5424
5424
5424
5424
5426
5426
5426
5426
5428
5430
5430
5432
5432
5432
5432
5432
5434
5434
5434
5434
5434
5436
5436
5438
5438
5440
5442
5442
5442
5442
5446
5446
5446
5446
5446
5448
5450
5450
5452
5452
5452
5452
5456
5456
5456
5456
5458
5458
5460
5462
5462
5462
5462
5462
5462
5464
5464
5464
5464
5466
5466
5466
5468
5468
5468
5470
5472
5472
5472
5474
5474
5474
5478
5478
5482
5482
5482
5482
5484
5484
5484
5484
5484
5486
5490
5492
5492
5492
5494
5498
5498
5500
5502
5504
5504
5506
5506
5506
5508
5510
5512
5512
5512
5512
5514
5514
5514
5514
5516
5516
5518
5520
5520
5520
5520
5520
5522
5522
5524
5526
5526
5526
5528
5530
5530
5534
5536
5536
5536
5536
5536
5536
5538
5538
5538
5538
5540
5542
5544
5548
5548
5548
5550
5550
5552
5552
5552
5554
5556
5556
5556
5558
5560
5560
5566
5566
5568
5570
5572
5572
5578
5580
5580
5582
5588
5588
5588
5590
5594
5594
5596
5596
5596
5600
5602
5602
5604
5604
5606
5606
5608
5608
5610
5610
5610
5614
5614
5618
5622
5622
5622
5624
5626
5626
5632
5634
5636
5642
5644
5646
5648
5648
5648
5648
5650
5650
5652
5652
5652
5654
5656
5658
5658
5660
5660
5662
5666
5666
5668
5668
5668
5670
5672
5676
5676
5676
5676
5678
5678
5680
5682
5684
5686
5688
5688
5692
5696
5698
5698
5700
5702
5704
5706
5708
5708
5710
5712
5714
5716
5718
5720
5722
5722
5726
5728
5728
5728
5730
5730
5730
5732
5734
5734
5736
5740
5740
5742
5744
5746
5748
5748
5750
5754
5756
5756
5756
5758
5760
5760
5762
5762
5770
5774
5774
5776
5776
5776
5778
5778
5778
5784
5784
5788
5790
5794
5798
5800
5800
5806
5806
5810
5816
5824
5824
5828
5828
5830
5830
5832
5832
5832
5838
5842
5844
5844
5850
5852
5852
5852
5856
5856
5856
5858
5860
5868
5868
5870
5870
5874
5874
5880
5882
5884
5892
5892
5892
5898
5900
5900
5902
5904
5904
5910
5912
5916
5918
5920
5932
5934
5934
5934
5938
5938
5944
5944
5944
5950
5954
5956
5960
5960
5962
5966
5970
5974
5976
5976
5980
5982
5982
5984
5990
5992
6004
6006
6006
6008
6014
6014
6016
6016
6018
6022
6026
6028
6030
6038
6040
6042
6042
6044
6046
6048
6050
6056
6058
6060
6064
6064
6066
6070
6078
6084
6086
6086
6092
6094
6094
6098
6108
6110
6110
6120
6122
6124
6136
6140
6146
6170
6180
6184
6186
6186
6188
6196
6198
6206
6212
6218
6232
6234
6248
6248
6248
6262
6272
6274
6276
6278
6284
6306
6312
6322
6322
6330
6330
6332
6342
6346
6352
6358
6382
6384
6392
6392
6398
6402
6414
6414
6418
6418
6432
6432
6442
6466
6488
6510
6516
6520
6544
6560
6788
6960
7024
7024
7214
7252
7346
7566
7608
7826
8276
8442
9172
9342
9490
9546
10272
10480
10522
10960
11088
11332
12108
12166
12228
12404
12496
12534
12644
12738
13078
13080
13230
13412
13462
13498
13782
13946
14140
14218
14258
14274
14288
14324
14420
14458
14502
14534
14598
14604
14766
14790
14792
14804
14816
14866
14892
14956
14966
14996
15006
15076
15320
15476
15546
16158
16578
17078
17166
17230
17674
18076
20108
20478
20792
21142
21576
22044
22402
22636
22714
22844
22952
23544
23898
24410
24570
24848
25112
25136
25438
25486
25540
25686
26510
27494
29540
29898
30378
31022
31394
31460
31660
32468
32594
35072
35406
35566
35600
35814
36860
37734
41634
44752
