Latencies
5084
5170
5176
5180
5188
5216
5220
5220
5230
5232
5232
5232
5232
5236
5238
5238
5238
5238
5240
5240
5242
5242
5244
5248
5250
5252
5254
5254
5254
5256
5258
5258
5258
5258
5260
5260
5260
5262
5262
5264
5268
5270
5272
5272
5272
5274
5276
5276
5278
5278
5280
5280
5280
5280
5282
5282
5284
5284
5286
5288
5288
5290
5290
5290
5290
5292
5292
5294
5294
5296
5298
5298
5298
5300
5300
5302
5302
5302
5304
5306
5306
5306
5308
5308
5308
5308
5310
5312
5312
5312
5312
5312
5312
5314
5314
5316
5316
5316
5316
5318
5318
5320
5320
5320
5320
5320
5322
5322
5324
5324
5324
5324
5326
5326
5326
5328
5328
5330
5330
5330
5330
5330
5330
5332
5334
5334
5334
5334
5336
5336
5336
5336
5336
5338
5338
5338
5338
5338
5338
5340
5342
5342
5342
5344
5344
5344
5344
5346
5346
5346
5346
5346
5346
5346
5348
5348
5348
5348
5348
5348
5348
5350
5350
5352
5352
5352
5352
5354
5354
5354
5356
5356
5356
5356
5356
5358
5358
5358
5358
5358
5360
5360
5362
5362
5362
5362
5364
5364
5364
5366
5366
5368
5368
5368
5368
5368
5368
5370
5370
5370
5370
5370
5372
5372
5372
5374
5374
5374
5374
5376
5376
5376
5376
5378
5378
5378
5378
5378
5380
5380
5380
5382
5382
5382
5382
5382
5382
5382
5382
5382
5382
5384
5384
5384
5384
5386
5386
5388
5388
5388
5390
5390
5392
5392
5392
5392
5392
5392
5392
5394
5394
5394
5396
5396
5396
5398
5398
5398
5400
5400
5400
5400
5400
5400
5400
5402
5402
5402
5402
5404
5404
5406
5406
5406
5406
5406
5406
5408
5408
5408
5408
5408
5410
5412
5412
5412
5412
5414
5414
5414
5414
5414
5414
5416
5416
5416
5416
5416
5416
5416
5416
5418
5418
5418
5418
5418
5420
5420
5420
5422
5422
5424
5424
5424
5424
5424
5426
5426
5426
5426
5426
5428
5428
5428
5430
5430
5430
5430
5430
5432
5432
5432
5434
5434
5434
5436
5436
5436
5436
5436
5436
5436
5436
5436
5436
5438
5438
5440
5440
5440
5440
5442
5442
5442
5442
5444
5444
5444
5448
5448
5450
5452
5452
5452
5452
5452
5452
5454
5454
5454
5454
5456
5456
5456
5458
5458
5458
5458
5460
5460
5460
5460
5460
5462
5462
5464
5464
5466
5466
5468
5468
5468
5470
5470
5472
5472
5472
5472
5472
5472
5474
5476
5476
5476
5476
5478
5478
5478
5478
5478
5480
5480
5482
5484
5484
5486
5486
5486
5488
5488
5488
5490
5490
5490
5492
5492
5494
5494
5496
5496
5496
5498
5498
5498
5498
5498
5500
5500
5500
5500
5502
5502
5502
5502
5504
5504
5508
5508
5510
5510
5510
5512
5512
5512
5514
5514
5516
5516
5516
5518
5518
5520
5522
5524
5526
5528
5528
5528
5528
5530
5530
5532
5534
5534
5534
5534
5534
5534
5536
5536
5536
5536
5536
5538
5538
5540
5540
5540
5542
5544
5544
5550
5552
5554
5554
5556
5556
5556
5556
5556
5558
5558
5558
5558
5560
5560
5562
5562
5562
5564
5566
5566
5566
5566
5568
5568
5568
5572
5572
5572
5574
5574
5578
5578
5578
5580
5580
5582
5582
5582
5586
5590
5590
5592
5600
5600
5602
5606
5608
5610
5610
5614
5616
5616
5618
5618
5618
5618
5620
5624
5624
5630
5632
5632
5634
5636
5636
5638
5638
5638
5638
5640
5640
5640
5640
5640
5640
5642
5642
5642
5644
5646
5646
5646
5648
5648
5650
5650
5652
5656
5656
5662
5666
5666
5666
5666
5666
5670
5670
5672
5672
5672
5678
5686
5690
5696
5698
5698
5700
5700
5702
5702
5702
5706
5706
5708
5708
5710
5712
5712
5714
5716
5718
5722
5724
5724
5726
5730
5732
5734
5734
5736
5736
5736
5738
5740
5742
5742
5748
5748
5748
5748
5750
5752
5756
5758
5760
5762
5766
5766
5768
5768
5770
5770
5770
5772
5774
5776
5778
5778
5780
5780
5786
5786
5792
5798
5800
5802
5802
5804
5804
5806
5808
5810
5810
5812
5814
5814
5816
5816
5818
5820
5822
5822
5822
5828
5830
5838
5838
5840
5840
5840
5848
5854
5858
5862
5864
5870
5874
5878
5880
5890
5890
5892
5892
5892
5896
5896
5898
5908
5908
5912
5914
5918
5920
5922
5924
5924
5924
5928
5932
5932
5932
5932
5938
5942
5942
5952
5954
5954
5962
5964
5964
5964
5966
5968
5972
5974
5976
5976
5988
5988
5990
5994
5996
6000
6004
6006
6006
6008
6010
6012
6014
6016
6016
6018
6020
6024
6024
6024
6026
6026
6028
6030
6030
6032
6032
6032
6034
6034
6044
6044
6048
6050
6056
6058
6064
6064
6068
6078
6082
6086
6094
6098
6100
6112
6114
6116
6118
6122
6132
6142
6146
6162
6172
6172
6174
6174
6176
6182
6182
6182
6186
6190
6190
6192
6192
6196
6196
6200
6206
6208
6210
6222
6224
6226
6244
6244
6248
6250
6252
6252
6252
6260
6262
6280
6286
6294
6300
6302
6302
6308
6310
6314
6324
6326
6328
6336
6336
6340
6350
6352
6356
6362
6362
6366
6376
6378
6378
6380
6380
6386
6388
6388
6388
6390
6390
6408
6408
6410
6418
6422
6428
6432
6440
6442
6444
6448
6468
6470
6474
6486
6486
6496
6504
6508
6524
6534
6538
6542
6556
6564
6580
6584
6584
6588
6634
6718
6746
6748
6754
6762
6798
6826
6838
6872
6884
6920
6944
6996
7008
7064
7076
7088
7092
7168
7178
7254
7264
7400
7472
7550
7556
7610
7640
7850
7932
8078
8138
8730
8772
8928
9042
9100
9486
10342
10414
10730
10742
10872
10916
10942
10958
11488
11732
12308
12584
12662
13272
13482
13584
13774
13850
13858
14054
14148
14218
14222
14322
14346
14456
14620
14708
14750
14796
14972
14992
15132
15218
15296
15348
15386
15518
15548
17216
17802
18940
19004
19186
19202
19384
19864
21540
21670
23242
23356
23440
23918
24444
24790
24834
24884
24954
25100
25302
25658
26142
26318
26416
26692
26736
28988
30892
31068
32478
32558
33158
34380
34578
35298
35364
35378
35610
35658
35772
36084
36610
38862
41598
41790
