Latencies
5064
5068
5084
5114
5116
5140
5182
5192
5196
5196
5200
5218
5234
5248
5252
5264
5264
5268
5270
5272
5276
5284
5288
5288
5290
5298
5298
5300
5306
5306
5312
5320
5322
5324
5328
5330
5330
5332
5336
5344
5346
5370
5384
5384
5392
5412
5418
5420
5428
5430
5434
5438
5440
5446
5450
5450
5452
5462
5462
5466
5468
5472
5488
5492
5500
5502
5512
5524
5528
5546
5550
5562
5576
5586
5594
5596
5600
5616
5622
5622
5624
5626
5636
5642
5650
5652
5658
5662
5664
5668
5674
5678
5682
5722
5726
5728
5730
5732
5736
5736
5748
5752
5764
5764
5770
5778
5786
5788
5806
5810
5814
5826
5828
5848
5856
5870
5878
5884
5892
5892
5894
5902
5912
5914
5966
5970
5978
5982
5984
5984
6010
6012
6016
6024
6042
6050
6054
6056
6058
6064
6072
6086
6094
6108
6114
6116
6134
6140
6148
6150
6184
6192
6196
6198
6220
6228
6228
6236
6254
6256
6258
6270
6282
6286
6300
6336
6352
6352
6356
6376
6398
6402
6402
6402
6460
6462
6492
6510
6524
6534
6580
6592
6602
6660
6746
6750
6832
6846
6858
6864
6868
6874
6922
6944
6944
7106
7110
7124
7166
7208
7210
7248
7250
7340
7358
7358
7378
7446
7508
7522
7538
7556
7570
7572
7638
7648
7652
7698
7736
7778
7782
7838
7844
7854
7866
7878
7920
7922
7994
8012
8138
8160
8182
8182
8228
8234
8244
8276
8280
8322
8354
8374
8390
8452
8462
8492
8508
8538
8596
8630
8642
8662
8724
8762
8764
8770
8782
8818
8824
8862
8876
8900
8900
8926
8976
8988
9032
9118
9128
9132
9162
9242
9242
9252
9258
9284
9284
9286
9314
9326
9346
9350
9354
9376
9382
9388
9422
9468
9490
9588
9594
9610
9616
9660
9672
9756
9770
9774
9782
9828
9832
9836
9846
9850
9860
9864
9868
9910
9986
10048
10068
10108
10184
10214
10214
10218
10292
10310
10328
10338
10360
10386
10402
10402
10414
10464
10486
10498
10502
10510
10592
10620
10640
10654
10668
10690
10698
10756
10780
10788
10814
10834
10840
10908
10926
10950
10952
10954
10968
11018
11034
11076
11094
11160
11196
11210
11220
11310
11414
11450
11488
11488
11540
11592
11594
11682
11686
11692
11700
11734
11772
11842
11844
11892
11908
11980
12010
12126
12144
12150
12162
12170
12200
12248
12300
12318
12358
12376
12388
12420
12448
12452
12452
12474
12552
12590
12592
12658
12718
12746
12756
12764
12764
12798
12840
12854
12894
12896
12908
12916
12922
12928
12988
13004
13010
13094
13126
13146
13150
13158
13230
13290
13296
13312
13332
13344
13394
13398
13434
13448
13464
13518
13532
13548
13576
13576
13608
13618
13624
13686
13708
13710
13712
13730
13740
13792
13820
13828
13866
13900
13906
13916
13920
13940
13974
13974
13974
13976
13998
14014
14026
14034
14034
14056
14068
14082
14084
14124
14136
14170
14188
14204
14218
14228
14252
14268
14274
14290
14292
14294
14296
14300
14300
14304
14324
14330
14334
14336
14336
14340
14362
14376
14378
14380
14382
14394
14396
14396
14400
14402
14408
14412
14428
14434
14450
14458
14460
14468
14470
14470
14470
14472
14482
14488
14488
14498
14526
14548
14550
14554
14558
14564
14566
14568
14576
14578
14578
14578
14582
14586
14596
14602
14604
14608
14608
14618
14624
14624
14626
14626
14628
14630
14634
14634
14636
14638
14646
14658
14658
14664
14666
14672
14680
14686
14688
14700
14700
14702
14706
14706
14706
14718
14718
14724
14742
14748
14748
14754
14754
14762
14768
14768
14770
14770
14778
14778
14782
14782
14782
14784
14786
14788
14788
14804
14804
14806
14806
14812
14814
14820
14820
14822
14828
14834
14834
14836
14836
14838
14840
14840
14842
14842
14846
14846
14850
14856
14856
14860
14862
14864
14870
14874
14874
14876
14884
14884
14884
14888
14890
14890
14892
14894
14896
14898
14904
14904
14910
14912
14912
14916
14924
14928
14928
14928
14930
14930
14936
14936
14938
14942
14946
14948
14956
14962
14968
14968
14968
14970
14978
14984
14984
14984
14990
14992
14998
14998
15002
15004
15016
15018
15022
15024
15024
15024
15028
15032
15034
15036
15036
15036
15042
15042
15042
15044
15046
15048
15048
15054
15054
15056
15074
15078
15078
15088
15090
15090
15092
15098
15100
15100
15100
15106
15114
15116
15120
15122
15124
15126
15126
15128
15130
15132
15134
15134
15136
15136
15142
15142
15148
15150
15152
15154
15156
15158
15160
15168
15172
15174
15180
15180
15182
15182
15182
15182
15184
15192
15192
15192
15192
15192
15194
15194
15196
15196
15200
15200
15202
15202
15202
15206
15206
15208
15210
15212
15214
15216
15218
15222
15224
15226
15226
15228
15230
15230
15232
15234
15242
15244
15246
15246
15246
15248
15248
15248
15248
15250
15250
15254
15256
15256
15256
15256
15256
15260
15264
15272
15272
15276
15276
15276
15276
15278
15280
15282
15284
15294
15294
15300
15302
15304
15304
15334
15342
15342
15344
15352
15358
15362
15368
15372
15374
15380
15380
15382
15382
15388
15392
15394
15398
15404
15406
15408
15422
15426
15434
15436
15444
15444
15446
15450
15450
15454
15464
15486
15498
15500
15506
15508
15514
15528
15536
15538
15538
15554
15556
15562
15574
15590
15590
15592
15602
15608
15616
15626
15664
15664
15686
15692
15728
15734
15746
15748
15752
15796
15850
15888
15906
15980
15988
16034
16080
16240
16258
16286
16312
16784
16852
16918
17180
17964
18436
19000
20128
20264
20344
20356
20752
20786
21374
22472
23044
23450
23802
23802
23868
23888
23922
24002
24042
24248
24298
24326
24392
24480
24564
24584
24588
24688
24760
24780
24826
24918
24948
24978
25006
25026
25074
25110
25190
25404
25570
25612
25674
25688
25976
26534
26754
27438
27616
27894
28764
29208
29392
29614
29792
30118
30176
30910
31658
32380
32880
34618
34642
34656
34734
34776
34796
34808
34890
35000
35244
35300
35676
36730
38498
42380
44390
44836
45148
46150
50394
72994
78044
81882
82412
87678
155316
