Latencies
16298
9934
13252
10248
11908
9258
12422
7476
10130
14694
13704
26812
14894
15046
10818
5708
5988
5686
6112
9960
6754
9816
21142
9668
14682
6994
15202
13566
14348
15082
10210
15120
14748
14686
5556
6900
5910
5430
5992
5558
35334
5344
14480
14676
14894
15578
15418
14948
15246
14628
15946
14988
15246
14862
15016
15402
15104
15026
15294
15058
15292
15388
16424
15414
15014
14956
14878
14792
15674
14822
14894
14878
12990
6674
15196
14648
34252
7598
5398
5652
5550
6522
6052
5372
5528
14094
5766
5842
11054
7818
5778
5420
5242
5576
6076
5328
5474
5898
5620
5362
5762
5380
6742
11672
6490
9132
7796
5404
6062
5442
5686
5706
5364
5484
5390
5558
5276
5366
15646
14066
12086
11024
13496
15146
14642
14010
25234
14896
8370
5586
15574
12290
10884
25418
5898
14482
15528
14920
15376
15112
14954
15344
14858
15188
14836
15000
14888
12412
14844
6086
34584
15558
14820
69626
14340
15368
14940
14846
15540
15348
15428
14324
15260
14778
14822
14608
15412
15068
15304
14760
14638
5260
5346
5750
5284
5450
5818
5726
7844
6348
12296
5700
13356
8304
13392
7470
24866
15218
14590
14788
14900
15374
15016
14600
14904
68616
14602
14666
15304
15342
15056
15086
15230
15082
15220
15034
15238
15332
10798
8634
6216
11152
5776
5848
6166
5354
15048
9834
25048
14188
15198
14590
15062
15146
15100
14554
259908
5410
10810
7994
9818
10502
12718
6442
8906
9116
11882
11152
5726
9588
10634
7356
25128
6288
15036
15272
14660
15600
15542
14888
14982
15018
15260
14986
8648
6468
5632
10160
13782
8068
5520
5666
5984
5918
6100
5746
5366
5436
6756
10468
10444
15434
16484
15322
15328
15056
13424
13374
13322
9332
14800
8458
12216
8424
12822
12472
12888
8524
10150
13364
8388
15386
11036
8274
11274
6214
6968
6718
13246
11764
9376
14832
6722
9492
14426
7038
6074
5386
5324
5734
5402
10642
15326
23942
15898
2979982
15382
15062
15356
14876
13754
8038
9240
5456
5632
5920
5188
5252
5340
5702
5342
5562
15594
14580
8964
7850
11838
14146
15092
7252
12314
6582
6602
15096
9266
13570
14722
8820
15246
8602
7142
12256
14402
10060
7104
15332
17496
6320
5786
6236
12734
12674
5730
5492
5520
5458
5828
10160
6528
12110
15108
7108
5444
24604
25342
12254
5422
5612
24492
14288
14556
15902
15220
15202
15076
5966
5726
11100
12714
5512
5588
5564
9106
7838
6632
10488
15154
13498
11894
12744
11826
8876
15248
22784
11362
9518
14976
15196
15268
11972
15434
14692
14824
6280
11798
7636
10330
10664
14636
10194
7882
12602
5794
6574
5358
5996
5388
14596
12902
11408
13432
9288
12918
8172
13140
10732
10082
23324
15262
15080
15150
5262
15128
12516
10226
13700
14710
13288
5716
5416
5414
5970
5400
5794
5824
5322
5930
6054
11904
7660
24408
16102
8692
13476
5352
11568
15312
14390
15634
15144
10374
5996
5668
5976
5672
5392
5744
8000
24208
5670
15952
15336
15820
5436
5892
11714
13644
15188
5790
6458
7916
8858
7876
7532
6400
24934
14446
14710
15134
14802
15566
15318
10196
6128
14820
6154
14700
8728
9230
14130
8174
14448
14604
14556
15440
14172
14286
5684
13044
10796
5416
6204
5796
5616
6710
5952
14066
12724
8856
14822
7938
5580
11266
11620
7146
6280
5356
5864
5958
7386
10552
11812
10056
6622
11062
13868
8140
5462
8100
9960
13312
10856
8100
5728
9114
14292
12300
6430
6258
6318
5542
15686
14728
14768
15576
14672
14848
15090
8458
10842
14474
14352
8168
6190
13994
13058
9362
12666
15470
5726
14904
15456
13632
5564
8064
10396
10762
8290
12236
5582
5388
5832
6008
5268
5182
5420
13018
16020
5442
13250
9182
12752
13470
5910
5616
5630
5986
5254
11674
15074
7546
13680
14068
7310
14940
12872
13082
13908
7402
12848
7946
5856
15736
5578
13212
12718
7078
14574
13162
9614
15178
12332
5884
12658
7948
13472
6572
5898
5612
5538
5790
13980
14280
5580
12144
10828
13770
8668
9646
10020
12948
9408
8240
11402
9534
11188
11842
15198
14358
12364
5260
5526
5272
5502
5410
5578
8554
8472
15012
10496
7714
13220
14154
13880
12556
8988
11622
14596
8632
5988
12468
7792
6110
7636
8484
16002
5584
10732
7512
13606
11782
6128
14534
14732
15100
14850
12972
6728
13472
13160
10568
10384
8618
6514
5306
6498
5222
5388
5210
6174
5352
5750
5772
6854
10990
15130
14806
14930
5482
10416
18988
5506
5772
9608
10862
5332
13138
5482
5350
5378
5682
6182
5300
16246
14720
15770
15720
12212
13838
8256
13868
8478
7294
14830
11704
13178
10570
8546
7476
15132
11862
8492
9320
6826
5270
6420
15878
15820
15112
14774
14978
14872
14572
15216
15118
14858
15702
15102
9690
10132
7690
7636
12694
13478
5908
5682
6068
5478
5474
9866
10304
14990
14710
14760
15380
14562
14924
14916
9234
11078
7454
15472
15812
5480
11366
8594
25890
14976
14780
15176
15204
15038
13862
11002
15546
14362
9800
8988
16130
14348
6062
5536
5962
5870
13504
16092
15272
14548
15142
15020
12038
12490
7284
6308
5456
5794
5420
7398
6644
5746
5636
5484
5744
10240
5460
11586
10758
14438
5822
14360
14302
14820
14060
9894
11122
15254
15700
14790
14436
15552
14764
14790
15302
14866
14786
8062
9762
11274
15192
5920
5678
8462
6410
10036
5372
14438
9490
7806
11128
14622
6520
5822
10744
6542
6240
6204
5356
5576
5828
5272
5374
5504
9548
5748
6508
14766
16566
6028
15350
12874
14922
14912
15082
15108
14850
15078
15140
15100
14912
15302
16170
15392
110156
6278
14962
15074
16272
12024
6138
6212
7346
6136
6086
5622
5418
5806
5266
5264
13584
15216
5376
15314
11330
14554
15114
15900
6198
10678
13994
6384
9292
11042
5860
5430
11646
8128
12054
14934
5912
8764
461898
13840
15642
13974
5700
10676
8438
10106
9106
8002
13278
7472
9550
13960
15072
5480
5726
10158
6960
5678
8708
7266
5678
14802
15214
12914
9508
14218
14706
7528
5748
13048
5928
24396
15188
10234
8764
13412
8766
5708
15560
15522
7874
6980
6256
6264
5632
5384
15512
16444
15834
15008
14624
14766
15376
14998
15110
6136
6650
5646
