Latencies
5134
5140
5166
5170
5170
5180
5180
5180
5182
5184
5190
5194
5194
5196
5200
5200
5200
5202
5204
5204
5206
5208
5212
5212
5214
5216
5222
5224
5228
5232
5232
5236
5242
5242
5242
5244
5246
5250
5250
5254
5256
5260
5262
5262
5264
5264
5268
5270
5270
5272
5274
5274
5276
5278
5278
5278
5278
5280
5280
5282
5282
5282
5284
5286
5286
5290
5290
5292
5292
5294
5298
5298
5300
5300
5300
5300
5302
5302
5302
5304
5304
5306
5306
5306
5308
5310
5310
5310
5312
5312
5312
5314
5314
5314
5316
5316
5316
5316
5316
5318
5318
5318
5318
5318
5320
5320
5320
5322
5322
5324
5324
5324
5324
5324
5324
5324
5324
5326
5328
5328
5328
5328
5330
5330
5330
5332
5332
5332
5332
5334
5334
5334
5334
5334
5336
5338
5338
5338
5338
5340
5340
5340
5340
5340
5342
5342
5344
5344
5344
5344
5346
5346
5346
5348
5348
5348
5348
5350
5350
5350
5352
5352
5352
5352
5352
5354
5356
5358
5358
5358
5358
5358
5360
5360
5360
5360
5362
5362
5362
5362
5362
5362
5362
5362
5364
5366
5366
5368
5368
5368
5368
5368
5368
5368
5370
5372
5372
5372
5372
5372
5372
5372
5374
5374
5374
5374
5374
5374
5376
5378
5378
5378
5380
5380
5380
5380
5380
5380
5382
5382
5384
5384
5384
5384
5384
5384
5388
5388
5390
5392
5392
5392
5392
5392
5394
5394
5396
5396
5396
5396
5398
5398
5400
5400
5400
5402
5402
5402
5402
5402
5402
5404
5404
5404
5404
5404
5406
5406
5406
5408
5408
5408
5410
5410
5410
5410
5410
5410
5414
5414
5416
5418
5418
5418
5420
5420
5420
5420
5420
5422
5424
5424
5424
5424
5426
5426
5428
5428
5430
5432
5432
5432
5434
5434
5436
5436
5436
5438
5438
5440
5442
5442
5442
5442
5444
5444
5444
5444
5446
5446
5446
5448
5448
5450
5452
5452
5452
5454
5456
5456
5456
5458
5458
5460
5460
5460
5462
5462
5464
5464
5464
5464
5466
5468
5468
5468
5468
5472
5472
5472
5472
5472
5472
5474
5478
5478
5480
5480
5480
5480
5480
5482
5482
5482
5484
5484
5484
5486
5486
5486
5486
5486
5488
5488
5490
5490
5492
5492
5492
5492
5492
5492
5494
5496
5496
5498
5500
5500
5500
5500
5500
5500
5500
5500
5502
5502
5502
5502
5504
5504
5504
5504
5504
5506
5506
5508
5508
5508
5508
5508
5510
5510
5512
5516
5516
5516
5518
5518
5518
5520
5520
5520
5522
5522
5522
5524
5524
5524
5524
5524
5524
5526
5526
5526
5528
5528
5528
5528
5528
5528
5530
5530
5530
5530
5530
5532
5532
5532
5532
5534
5536
5536
5536
5538
5538
5538
5540
5540
5540
5540
5540
5540
5540
5542
5544
5544
5544
5544
5544
5546
5548
5550
5550
5552
5552
5554
5554
5556
5556
5556
5556
5556
5558
5558
5558
5560
5560
5560
5560
5562
5564
5566
5566
5568
5568
5568
5570
5572
5572
5572
5574
5574
5574
5574
5574
5574
5574
5576
5576
5578
5578
5578
5578
5582
5584
5584
5584
5586
5588
5588
5590
5590
5590
5592
5594
5594
5596
5600
5600
5602
5602
5606
5606
5608
5608
5612
5614
5616
5616
5616
5618
5620
5622
5622
5624
5624
5626
5628
5628
5630
5632
5634
5634
5634
5638
5638
5638
5638
5638
5640
5642
5644
5644
5644
5644
5650
5650
5652
5652
5656
5658
5660
5660
5662
5662
5664
5666
5668
5668
5668
5670
5672
5674
5676
5676
5676
5682
5684
5684
5684
5686
5686
5688
5688
5690
5692
5692
5692
5692
5694
5694
5694
5696
5696
5696
5698
5700
5702
5702
5704
5704
5704
5704
5704
5704
5706
5708
5710
5710
5714
5714
5716
5718
5720
5724
5724
5724
5724
5730
5730
5732
5736
5740
5740
5742
5742
5744
5744
5746
5748
5750
5750
5758
5758
5760
5760
5762
5762
5766
5772
5774
5776
5778
5778
5780
5780
5782
5782
5782
5784
5786
5786
5788
5794
5796
5796
5796
5796
5800
5800
5802
5804
5806
5806
5808
5808
5810
5810
5812
5812
5814
5816
5820
5824
5824
5824
5830
5830
5830
5830
5832
5834
5836
5838
5838
5840
5840
5844
5848
5852
5856
5856
5858
5858
5860
5862
5862
5864
5866
5868
5868
5868
5870
5870
5872
5874
5876
5876
5876
5878
5880
5886
5888
5888
5888
5890
5890
5896
5900
5900
5902
5906
5910
5910
5912
5914
5918
5918
5930
5932
5932
5936
5936
5942
5942
5942
5942
5944
5948
5948
5950
5954
5956
5956
5958
5960
5964
5966
5968
5970
5972
5984
5984
5984
5988
5992
5992
5994
5998
5998
5998
6000
6002
6004
6008
6012
6012
6012
6018
6020
6020
6028
6032
6036
6038
6038
6042
6042
6048
6052
6052
6064
6070
6072
6074
6074
6076
6076
6078
6078
6078
6082
6090
6092
6092
6094
6094
6096
6098
6106
6110
6114
6116
6122
6130
6130
6132
6134
6134
6146
6152
6152
6152
6154
6154
6160
6164
6164
6168
6170
6172
6174
6178
6180
6180
6180
6188
6190
6192
6192
6200
6204
6206
6208
6210
6210
6212
6212
6216
6216
6220
6224
6228
6234
6234
6236
6238
6244
6248
6252
6266
6266
6280
6282
6286
6312
6316
6322
6324
6326
6328
6342
6346
6354
6356
6372
6380
6382
6392
6408
6418
6428
6458
6464
6472
6472
6502
6548
6596
6606
6612
6616
6628
6640
6672
6672
6694
6704
6710
6740
6768
6770
6798
6820
6848
6856
6860
6876
6898
6912
6946
6954
6964
6974
6992
7038
7064
7068
7088
7138
7174
7228
7230
7250
7258
7270
7296
7306
7306
7314
7340
7348
7352
7378
7420
7468
7546
7556
7582
7630
7632
7646
7750
7758
7912
7916
7948
7970
8150
8220
8256
8676
9230
9378
9656
9736
10616
10684
11558
11722
11844
12354
12978
13006
13146
13152
13288
13548
13652
14044
14340
14980
15094
15422
16536
17468
17902
18126
18184
19040
19390
19538
19734
20740
21108
21820
22012
22234
24596
25112
25158
25516
26016
26218
26716
27130
28902
29028
29868
29934
31120
32346
34828
35362
36110
36142
36548
37088
38660
43282
