Latencies
5024
5024
5034
5036
5042
5046
5052
5052
5054
5056
5056
5058
5058
5060
5060
5060
5064
5068
5074
5076
5084
5086
5092
5092
5096
5098
5102
5106
5106
5108
5108
5112
5114
5118
5122
5122
5122
5124
5124
5124
5126
5126
5128
5130
5130
5132
5132
5136
5138
5140
5142
5144
5144
5146
5146
5146
5148
5148
5148
5148
5150
5150
5150
5154
5154
5154
5156
5156
5156
5156
5158
5160
5160
5160
5164
5166
5166
5168
5168
5168
5170
5172
5172
5174
5176
5176
5176
5176
5176
5178
5178
5180
5182
5182
5182
5182
5184
5184
5184
5186
5188
5188
5188
5188
5190
5190
5190
5190
5190
5192
5192
5194
5194
5196
5196
5196
5196
5196
5196
5196
5198
5198
5198
5198
5198
5200
5200
5200
5200
5200
5200
5200
5202
5202
5202
5204
5204
5204
5208
5208
5210
5210
5210
5210
5210
5212
5212
5212
5212
5212
5214
5216
5216
5216
5216
5216
5218
5218
5218
5218
5220
5220
5220
5220
5220
5220
5220
5222
5224
5224
5224
5224
5224
5224
5226
5226
5226
5226
5228
5228
5228
5228
5228
5228
5230
5230
5230
5232
5232
5232
5232
5232
5234
5234
5234
5234
5234
5236
5236
5236
5238
5238
5238
5238
5240
5240
5240
5240
5240
5240
5242
5242
5242
5242
5242
5242
5244
5244
5244
5244
5244
5244
5246
5246
5248
5248
5248
5248
5248
5248
5248
5248
5250
5252
5252
5252
5254
5254
5254
5254
5256
5256
5256
5256
5256
5258
5258
5258
5258
5258
5258
5258
5258
5258
5258
5258
5260
5260
5262
5262
5262
5262
5264
5264
5264
5264
5264
5266
5266
5266
5266
5266
5266
5270
5270
5270
5272
5274
5274
5274
5274
5274
5274
5274
5276
5276
5276
5278
5278
5278
5278
5278
5280
5280
5280
5282
5282
5282
5282
5282
5282
5284
5284
5284
5284
5284
5284
5284
5284
5286
5286
5286
5286
5286
5288
5288
5290
5290
5292
5292
5292
5292
5292
5292
5292
5292
5294
5294
5294
5294
5294
5294
5294
5296
5296
5296
5298
5298
5298
5298
5300
5300
5304
5304
5304
5304
5304
5306
5306
5306
5306
5308
5308
5308
5310
5312
5312
5312
5312
5312
5314
5314
5314
5314
5316
5316
5318
5320
5320
5320
5320
5320
5320
5322
5322
5322
5322
5322
5322
5324
5324
5324
5324
5324
5326
5326
5326
5326
5326
5326
5328
5328
5330
5330
5330
5330
5330
5330
5332
5332
5334
5336
5336
5336
5336
5336
5338
5340
5342
5342
5342
5344
5346
5346
5346
5348
5348
5350
5350
5350
5350
5350
5350
5354
5356
5356
5358
5358
5358
5360
5360
5362
5362
5364
5364
5364
5366
5366
5366
5366
5368
5370
5370
5370
5372
5372
5372
5374
5376
5376
5376
5378
5378
5378
5380
5382
5382
5382
5384
5384
5384
5386
5386
5388
5390
5390
5390
5392
5392
5392
5392
5394
5394
5394
5396
5396
5396
5398
5398
5400
5400
5400
5400
5402
5402
5402
5404
5404
5404
5406
5408
5410
5410
5410
5414
5414
5414
5416
5416
5416
5416
5416
5416
5418
5418
5420
5420
5422
5422
5422
5422
5422
5424
5426
5426
5426
5428
5428
5430
5430
5430
5430
5434
5434
5436
5436
5436
5438
5440
5442
5442
5442
5442
5446
5446
5450
5450
5450
5454
5458
5458
5460
5460
5462
5464
5464
5464
5466
5466
5466
5468
5468
5470
5472
5472
5474
5474
5478
5478
5478
5480
5480
5484
5486
5490
5490
5492
5494
5494
5494
5494
5496
5498
5500
5500
5500
5504
5504
5506
5508
5508
5518
5518
5518
5522
5530
5530
5530
5532
5534
5534
5536
5538
5538
5540
5540
5544
5544
5546
5546
5548
5548
5548
5550
5550
5552
5552
5556
5556
5558
5560
5560
5564
5566
5568
5568
5570
5572
5574
5574
5576
5582
5582
5584
5586
5586
5588
5588
5588
5594
5596
5596
5598
5602
5608
5612
5614
5614
5614
5614
5616
5618
5618
5620
5622
5622
5624
5624
5624
5626
5628
5628
5632
5632
5642
5642
5646
5652
5652
5656
5658
5658
5660
5662
5666
5668
5670
5670
5674
5676
5676
5678
5678
5680
5680
5680
5682
5682
5686
5686
5688
5688
5690
5692
5692
5698
5700
5702
5702
5704
5706
5706
5706
5706
5708
5710
5712
5716
5720
5722
5724
5724
5726
5726
5726
5728
5730
5732
5732
5734
5734
5734
5734
5736
5740
5740
5740
5742
5744
5746
5746
5748
5748
5756
5756
5756
5756
5758
5760
5762
5762
5766
5766
5766
5766
5768
5770
5776
5776
5778
5778
5782
5786
5786
5786
5790
5792
5794
5794
5800
5804
5804
5806
5806
5806
5808
5810
5814
5816
5820
5822
5824
5828
5828
5830
5830
5832
5832
5836
5838
5838
5840
5848
5850
5854
5858
5858
5862
5864
5866
5866
5870
5872
5874
5876
5878
5880
5886
5890
5890
5892
5894
5896
5898
5902
5904
5908
5910
5910
5910
5914
5916
5920
5920
5922
5924
5926
5926
5930
5932
5938
5940
5942
5950
5950
5952
5954
5954
5956
5956
5956
5956
5958
5958
5960
5960
5962
5962
5962
5964
5968
5974
5980
5982
5984
5986
5988
5994
5998
6000
6000
6002
6004
6006
6010
6010
6018
6018
6018
6024
6024
6032
6034
6050
6058
6064
6068
6068
6074
6074
6084
6086
6090
6094
6096
6096
6096
6104
6106
6118
6120
6128
6130
6132
6136
6146
6146
6146
6150
6160
6182
6190
6202
6208
6212
6214
6238
6246
6248
6248
6266
6282
6284
6292
6300
6304
6324
6352
6356
6366
6368
6370
6376
6380
6386
6424
6462
6476
6488
6508
6524
6570
6594
6652
6690
7096
7174
7412
7498
7726
7864
8504
8578
8952
9096
9178
9270
9382
9840
10022
10096
10156
10472
10740
11014
11178
11306
11358
11456
11838
11968
12244
12794
12846
13036
13236
13344
14360
14890
15470
15668
15962
15982
16378
16440
16518
17014
17798
18150
18846
19304
19364
19448
19848
20346
21340
21426
21714
21800
21962
22404
22532
22644
22654
23530
24416
24964
25334
25340
25894
26730
29252
29816
30564
31568
32188
32522
33334
34640
34926
34986
35028
35874
35966
37262
37918
39452
39878
42158
64444
