Latencies
5000
5034
5040
5044
5048
5052
5052
5062
5066
5066
5068
5070
5076
5078
5080
5090
5092
5092
5092
5094
5094
5098
5100
5100
5100
5102
5106
5106
5106
5110
5110
5110
5112
5114
5114
5116
5116
5118
5118
5120
5120
5120
5122
5124
5124
5124
5124
5124
5126
5126
5128
5128
5130
5130
5134
5134
5138
5138
5138
5138
5140
5140
5140
5142
5142
5142
5142
5144
5144
5146
5146
5146
5146
5148
5148
5150
5150
5150
5152
5152
5152
5154
5156
5158
5158
5158
5160
5164
5164
5164
5166
5166
5166
5166
5166
5166
5166
5166
5168
5170
5172
5172
5174
5174
5174
5174
5174
5176
5176
5176
5176
5178
5178
5178
5178
5180
5180
5180
5180
5182
5182
5184
5184
5184
5184
5186
5186
5188
5188
5188
5190
5190
5190
5190
5192
5192
5192
5192
5194
5194
5194
5196
5196
5196
5196
5196
5198
5198
5198
5200
5200
5200
5200
5202
5202
5202
5202
5204
5204
5204
5204
5204
5204
5204
5206
5206
5206
5206
5206
5208
5208
5208
5208
5208
5210
5210
5210
5210
5212
5212
5212
5212
5212
5212
5214
5214
5214
5216
5216
5216
5218
5218
5218
5218
5220
5222
5222
5222
5222
5222
5224
5226
5228
5228
5228
5230
5230
5230
5230
5230
5230
5232
5234
5234
5234
5234
5236
5238
5238
5238
5238
5238
5238
5240
5240
5242
5242
5242
5242
5242
5242
5242
5242
5242
5242
5244
5244
5244
5244
5244
5244
5244
5246
5246
5246
5246
5246
5248
5248
5248
5250
5250
5250
5250
5250
5252
5254
5254
5256
5256
5256
5256
5256
5256
5256
5256
5258
5258
5258
5258
5260
5260
5260
5260
5260
5262
5262
5262
5262
5262
5264
5264
5264
5266
5266
5266
5266
5266
5266
5266
5266
5266
5268
5268
5268
5268
5270
5270
5270
5272
5272
5274
5274
5274
5274
5274
5276
5276
5276
5276
5276
5276
5276
5276
5276
5278
5278
5282
5282
5282
5284
5284
5286
5286
5286
5286
5286
5286
5286
5286
5288
5288
5288
5290
5290
5290
5290
5292
5296
5296
5296
5296
5296
5298
5298
5298
5300
5302
5302
5302
5302
5302
5302
5304
5304
5306
5306
5308
5308
5308
5310
5310
5310
5310
5310
5312
5312
5312
5312
5314
5314
5314
5316
5316
5316
5316
5318
5318
5318
5320
5320
5320
5322
5322
5322
5322
5322
5324
5324
5326
5326
5326
5326
5328
5328
5328
5328
5328
5332
5334
5334
5334
5336
5336
5336
5336
5336
5338
5342
5342
5342
5344
5346
5346
5346
5346
5348
5348
5350
5350
5350
5352
5356
5356
5356
5358
5358
5358
5358
5360
5360
5360
5360
5362
5362
5364
5364
5364
5366
5368
5368
5368
5368
5370
5372
5376
5380
5380
5380
5382
5382
5382
5382
5384
5384
5386
5386
5388
5390
5392
5392
5392
5392
5394
5394
5394
5396
5396
5396
5396
5396
5396
5396
5398
5398
5398
5400
5400
5400
5400
5402
5402
5404
5406
5408
5408
5410
5412
5412
5414
5414
5416
5418
5418
5418
5420
5420
5422
5422
5424
5424
5424
5426
5426
5426
5426
5428
5428
5428
5428
5430
5432
5432
5434
5434
5434
5436
5438
5438
5440
5440
5442
5442
5442
5444
5446
5446
5446
5448
5450
5450
5450
5450
5452
5454
5454
5456
5456
5458
5458
5458
5458
5462
5464
5464
5466
5466
5468
5468
5468
5468
5470
5470
5470
5470
5472
5472
5472
5478
5478
5480
5482
5482
5484
5484
5486
5486
5486
5488
5488
5488
5492
5494
5494
5496
5498
5498
5500
5508
5508
5508
5508
5510
5510
5512
5512
5512
5514
5514
5514
5516
5520
5520
5522
5522
5524
5524
5526
5530
5530
5534
5536
5536
5536
5540
5540
5540
5546
5546
5548
5550
5550
5554
5558
5560
5560
5562
5562
5564
5564
5568
5568
5570
5570
5572
5574
5574
5576
5576
5576
5576
5576
5580
5582
5582
5584
5584
5584
5584
5586
5588
5588
5588
5588
5590
5592
5592
5598
5600
5602
5604
5614
5614
5614
5616
5620
5620
5622
5622
5624
5626
5626
5628
5628
5632
5632
5632
5632
5636
5638
5638
5638
5640
5642
5648
5656
5658
5662
5662
5662
5664
5664
5666
5670
5670
5670
5670
5670
5672
5676
5680
5682
5684
5686
5688
5688
5688
5692
5696
5702
5706
5710
5714
5716
5716
5716
5718
5720
5720
5724
5728
5732
5732
5734
5738
5740
5740
5740
5742
5742
5746
5750
5750
5754
5760
5760
5762
5764
5766
5766
5768
5768
5770
5776
5780
5780
5780
5782
5782
5782
5786
5788
5790
5790
5790
5800
5808
5808
5810
5812
5812
5820
5826
5828
5830
5830
5830
5832
5834
5840
5840
5840
5840
5842
5844
5848
5848
5852
5856
5860
5860
5862
5866
5868
5868
5868
5874
5876
5880
5880
5882
5886
5886
5890
5894
5896
5900
5904
5906
5906
5908
5908
5910
5912
5914
5926
5928
5934
5934
5936
5946
5946
5952
5952
5962
5964
5970
5972
5976
5976
5978
5978
5982
5984
5984
5992
5992
5994
6006
6018
6018
6024
6032
6038
6040
6046
6046
6050
6050
6052
6054
6058
6060
6066
6070
6082
6084
6090
6090
6100
6100
6102
6108
6108
6108
6110
6110
6114
6142
6146
6148
6148
6150
6152
6156
6162
6164
6168
6176
6186
6186
6192
6202
6210
6230
6250
6262
6284
6286
6292
6306
6320
6326
6328
6340
6340
6354
6358
6400
6400
6416
6422
6444
6462
6468
6488
6490
6502
6554
6570
6596
6616
6662
6708
6714
6850
6914
6920
6996
7010
7028
7052
7106
7152
7236
7330
7334
7918
7976
7980
8060
8074
8096
8142
8756
9162
9624
9676
9932
10128
10292
10438
11130
11578
11826
11970
12506
12964
12986
13076
13290
14692
15086
15140
15308
15588
15646
15954
16008
16530
16734
16948
17066
17218
17690
18050
19602
20108
20458
20624
20860
21344
21550
21668
21756
21980
22092
22212
22282
22558
22778
23390
24576
24604
24730
24946
25390
25794
26022
26268
26562
26622
26694
26806
26942
27114
27216
28450
28512
29446
29642
30052
30430
30514
30792
30928
31794
32304
33282
35046
35286
35968
36896
37102
39042
40578
40634
50498
52524
59412
