Latencies
5228
5246
5256
5264
5264
5268
5268
5270
5270
5274
5280
5286
5290
5290
5292
5296
5300
5306
5310
5310
5312
5314
5316
5316
5318
5324
5324
5326
5326
5326
5328
5328
5330
5332
5332
5334
5334
5338
5338
5340
5342
5342
5344
5344
5346
5346
5346
5348
5352
5354
5354
5354
5354
5354
5356
5356
5364
5364
5366
5366
5366
5366
5366
5366
5368
5368
5368
5370
5370
5370
5372
5372
5372
5376
5378
5378
5378
5378
5378
5382
5382
5382
5382
5384
5384
5386
5386
5386
5386
5388
5388
5388
5388
5388
5388
5390
5390
5390
5392
5392
5394
5394
5394
5396
5396
5396
5396
5396
5398
5398
5398
5398
5398
5400
5400
5402
5402
5402
5402
5402
5404
5404
5406
5406
5406
5406
5408
5408
5408
5408
5410
5410
5410
5410
5410
5410
5412
5414
5414
5414
5414
5416
5416
5416
5418
5418
5418
5422
5422
5424
5426
5428
5428
5428
5428
5430
5430
5430
5430
5432
5434
5434
5434
5434
5436
5436
5436
5438
5438
5440
5440
5440
5442
5442
5442
5442
5442
5444
5444
5446
5448
5448
5448
5450
5450
5450
5450
5450
5450
5450
5452
5452
5452
5452
5454
5454
5454
5454
5454
5456
5458
5458
5460
5460
5460
5460
5462
5462
5462
5464
5464
5464
5464
5466
5466
5466
5466
5466
5468
5468
5468
5468
5470
5472
5472
5472
5472
5474
5474
5474
5476
5478
5478
5478
5480
5480
5480
5480
5482
5484
5484
5484
5484
5484
5486
5486
5486
5488
5488
5490
5490
5490
5490
5490
5494
5494
5494
5494
5494
5494
5496
5496
5496
5496
5496
5496
5498
5498
5498
5498
5500
5500
5500
5502
5506
5506
5508
5508
5510
5512
5512
5512
5512
5512
5512
5512
5514
5514
5516
5516
5516
5516
5518
5518
5520
5520
5520
5520
5520
5522
5524
5524
5524
5524
5526
5526
5526
5526
5526
5526
5528
5528
5528
5530
5530
5532
5532
5532
5532
5532
5532
5534
5534
5534
5534
5534
5536
5536
5538
5538
5540
5540
5542
5542
5544
5544
5544
5544
5544
5544
5546
5546
5546
5546
5546
5548
5550
5550
5550
5550
5554
5554
5554
5556
5556
5558
5558
5558
5558
5560
5560
5560
5560
5560
5560
5562
5562
5562
5562
5564
5564
5566
5568
5568
5568
5568
5568
5570
5570
5572
5574
5574
5574
5576
5576
5576
5576
5576
5576
5580
5580
5580
5580
5580
5582
5582
5582
5584
5584
5584
5586
5586
5586
5588
5588
5588
5588
5590
5592
5592
5592
5594
5594
5594
5594
5596
5596
5596
5596
5598
5600
5600
5600
5602
5604
5604
5606
5606
5606
5606
5608
5610
5610
5612
5614
5616
5616
5616
5622
5624
5624
5624
5624
5626
5626
5626
5626
5626
5626
5626
5628
5628
5628
5628
5630
5630
5630
5630
5632
5634
5634
5634
5634
5634
5634
5636
5636
5636
5636
5640
5640
5642
5642
5644
5646
5648
5652
5656
5656
5656
5660
5660
5660
5660
5664
5664
5666
5666
5668
5668
5672
5672
5672
5674
5674
5676
5676
5680
5680
5682
5684
5684
5684
5686
5686
5688
5690
5690
5692
5702
5702
5710
5712
5716
5718
5718
5718
5720
5722
5722
5724
5728
5728
5730
5730
5732
5732
5732
5734
5734
5740
5740
5742
5742
5742
5742
5742
5744
5748
5750
5752
5752
5752
5758
5758
5760
5764
5766
5766
5766
5766
5766
5768
5768
5770
5770
5772
5776
5776
5778
5778
5778
5780
5780
5782
5784
5784
5786
5788
5790
5790
5790
5792
5792
5794
5796
5798
5798
5798
5800
5800
5800
5802
5802
5804
5804
5806
5808
5808
5810
5812
5812
5812
5814
5814
5814
5816
5818
5820
5820
5822
5822
5822
5822
5822
5824
5824
5824
5826
5828
5828
5828
5832
5832
5834
5842
5844
5844
5846
5848
5848
5848
5850
5858
5860
5862
5866
5866
5868
5870
5872
5872
5872
5874
5874
5874
5876
5880
5880
5884
5884
5884
5886
5888
5890
5892
5894
5894
5898
5904
5904
5906
5906
5910
5910
5914
5916
5920
5922
5922
5922
5924
5926
5928
5932
5934
5936
5938
5938
5938
5944
5944
5946
5946
5946
5950
5950
5952
5954
5956
5958
5958
5958
5964
5964
5964
5966
5968
5968
5972
5974
5974
5980
5982
5982
5988
5990
5994
5994
5994
5994
5996
5998
6000
6000
6002
6002
6004
6006
6008
6010
6012
6012
6014
6020
6020
6026
6034
6034
6034
6036
6036
6036
6036
6040
6042
6046
6048
6048
6050
6054
6058
6058
6060
6070
6070
6072
6076
6076
6076
6078
6080
6080
6088
6092
6094
6102
6104
6114
6116
6118
6118
6118
6118
6118
6120
6126
6132
6134
6136
6136
6138
6140
6142
6146
6146
6150
6158
6164
6166
6168
6170
6176
6178
6180
6182
6196
6198
6200
6200
6200
6204
6206
6206
6208
6210
6218
6220
6226
6226
6228
6230
6230
6230
6232
6232
6238
6244
6244
6244
6248
6252
6254
6254
6256
6266
6268
6272
6272
6272
6274
6274
6274
6278
6278
6284
6286
6296
6298
6298
6300
6308
6308
6312
6318
6320
6320
6326
6334
6338
6340
6340
6354
6362
6366
6372
6378
6378
6380
6394
6412
6412
6432
6436
6444
6462
6464
6466
6470
6484
6508
6516
6520
6522
6524
6528
6534
6568
6578
6584
6590
6592
6598
6606
6608
6616
6632
6714
6718
6724
6766
6768
6772
6794
6806
6808
6810
6826
6826
6826
6828
6830
6842
6846
6848
6856
6876
6880
6928
6994
7024
7030
7050
7110
7148
7172
7210
7220
7230
7290
7316
7318
7408
7430
7434
7712
7776
7900
7942
8080
8274
8466
8878
9330
9596
9752
9860
10386
10474
10668
11084
11164
11238
11252
11298
11368
11446
11824
11840
11854
11954
12022
12316
12338
12756
12906
13240
13652
13818
13890
13930
13966
14066
14102
14596
14864
14868
14994
15088
15524
16012
16252
16482
16552
17494
18906
19304
20128
20146
20266
20470
20946
22096
22528
22760
23508
23522
24502
24638
24728
24978
25366
27578
30144
30672
31558
31876
33062
33370
35648
35748
35876
38540
42442
44992
52142
66484
