Latencies
5200
5216
5216
5218
5224
5228
5238
5242
5244
5248
5250
5250
5258
5268
5278
5282
5288
5292
5292
5294
5296
5298
5304
5304
5306
5308
5312
5318
5322
5322
5324
5324
5328
5328
5332
5334
5336
5340
5342
5344
5352
5356
5358
5358
5364
5364
5364
5370
5374
5378
5378
5380
5382
5382
5392
5392
5392
5402
5402
5408
5414
5420
5428
5440
5446
5446
5462
5464
5466
5478
5478
5480
5488
5502
5504
5504
5510
5514
5518
5522
5534
5534
5540
5542
5542
5546
5550
5554
5562
5564
5584
5586
5602
5604
5610
5612
5616
5616
5616
5620
5624
5626
5626
5628
5638
5640
5646
5646
5668
5668
5672
5674
5682
5686
5700
5706
5708
5710
5712
5714
5734
5738
5778
5784
5784
5784
5790
5790
5794
5802
5804
5820
5828
5828
5838
5840
5860
5866
5868
5868
5872
5888
5890
5892
5892
5896
5898
5900
5906
5910
5912
5912
5914
5914
5922
5926
5926
5928
5928
5928
5930
5932
5932
5934
5962
5968
5970
5976
5992
5996
5998
5998
6000
6004
6018
6020
6036
6044
6046
6054
6058
6060
6062
6070
6080
6080
6082
6082
6086
6100
6102
6134
6136
6166
6174
6174
6180
6198
6202
6204
6208
6220
6242
6246
6256
6266
6270
6272
6274
6276
6302
6308
6320
6328
6358
6378
6450
6452
6478
6490
6500
6502
6506
6508
6560
6572
6574
6576
6582
6592
6618
6656
6660
6686
6726
6730
6746
6762
6770
6778
6806
6810
6812
6844
6850
6864
6876
6888
6894
6896
6898
6900
6902
6906
6914
6920
6934
6968
6986
7034
7072
7088
7092
7094
7100
7102
7102
7116
7118
7122
7130
7130
7136
7142
7144
7144
7164
7170
7188
7216
7240
7312
7322
7360
7362
7384
7402
7436
7450
7474
7486
7486
7516
7532
7540
7548
7572
7576
7578
7590
7592
7646
7654
7674
7718
7726
7726
7782
7786
7802
7806
7838
7874
7882
7930
7976
7992
7996
8000
8002
8012
8016
8034
8046
8098
8098
8146
8156
8176
8220
8220
8228
8234
8236
8236
8254
8268
8276
8284
8324
8334
8342
8376
8382
8436
8454
8470
8488
8506
8510
8538
8550
8580
8584
8598
8624
8670
8680
8702
8764
8766
8790
8794
8828
8882
8904
8934
8948
8960
8962
8990
9018
9068
9082
9092
9096
9120
9126
9162
9166
9186
9190
9294
9352
9360
9370
9376
9392
9426
9432
9464
9480
9482
9496
9524
9540
9556
9578
9580
9592
9592
9600
9608
9626
9628
9642
9644
9662
9692
9694
9706
9718
9762
9764
9766
9772
9788
9792
9836
9840
9846
9868
9868
9884
9910
9910
9940
9968
9974
9982
10010
10030
10060
10062
10064
10070
10098
10116
10132
10138
10170
10172
10174
10214
10218
10236
10294
10330
10334
10374
10408
10444
10458
10480
10484
10516
10518
10562
10594
10604
10632
10668
10704
10710
10724
10750
10766
10810
10824
10824
10862
10888
10906
10920
10936
10948
10982
10984
10988
11008
11014
11040
11120
11124
11124
11136
11138
11228
11236
11264
11264
11276
11284
11304
11352
11358
11360
11370
11396
11416
11422
11466
11524
11546
11548
11552
11632
11644
11652
11654
11660
11688
11724
11766
11766
11810
11812
11816
11820
11840
11870
11902
11924
11924
11930
11932
11940
11980
12034
12078
12078
12082
12090
12116
12138
12166
12180
12186
12196
12206
12208
12228
12238
12282
12282
12310
12332
12360
12362
12366
12368
12408
12474
12482
12522
12536
12560
12564
12586
12610
12632
12636
12680
12692
12710
12792
12812
12824
12846
12866
12878
12886
12912
12924
12946
12974
13002
13018
13044
13118
13168
13178
13208
13224
13238
13262
13302
13304
13458
13470
13500
13570
13584
13614
13628
13662
13668
13670
13750
13754
13784
13790
13792
13798
13810
13890
13894
13896
13966
13992
13992
14020
14032
14036
14068
14078
14088
14094
14100
14114
14116
14130
14130
14130
14142
14148
14164
14170
14170
14196
14196
14210
14216
14226
14244
14262
14280
14330
14352
14370
14380
14384
14388
14390
14392
14396
14406
14408
14416
14424
14426
14432
14440
14444
14468
14484
14492
14504
14508
14512
14512
14516
14518
14520
14522
14522
14534
14534
14536
14564
14572
14580
14586
14594
14594
14596
14596
14600
14614
14618
14622
14628
14632
14634
14638
14646
14648
14652
14654
14658
14660
14662
14666
14670
14680
14684
14684
14684
14692
14694
14700
14702
14702
14704
14706
14706
14708
14712
14712
14714
14716
14734
14734
14744
14760
14764
14766
14776
14784
14786
14792
14806
14810
14812
14828
14832
14836
14836
14848
14856
14864
14864
14874
14876
14888
14890
14890
14890
14894
14900
14900
14910
14910
14916
14918
14930
14930
14930
14940
14942
14942
14942
14942
14944
14952
14952
14960
14964
14966
14966
14970
14970
14978
14984
14990
14992
14994
14996
14998
15000
15008
15022
15026
15026
15026
15034
15034
15036
15040
15040
15042
15052
15060
15064
15066
15066
15072
15072
15076
15092
15094
15100
15102
15106
15110
15116
15120
15130
15130
15132
15132
15136
15142
15144
15144
15150
15150
15154
15158
15160
15160
15164
15176
15178
15194
15216
15218
15220
15222
15226
15226
15228
15232
15236
15248
15256
15264
15272
15276
15278
15280
15284
15298
15302
15306
15310
15310
15326
15332
15334
15334
15348
15354
15356
15368
15384
15386
15392
15394
15402
15406
15420
15424
15430
15432
15446
15468
15472
15476
15480
15484
15494
15500
15500
15504
15506
15508
15512
15524
15548
15554
15554
15554
15574
15588
15592
15600
15612
15614
15620
15632
15648
15664
15670
15676
15692
15700
15712
15714
15720
15722
15796
15816
15828
15868
15872
15912
15940
15944
15968
15972
16002
16068
16116
16134
16406
16572
17032
17072
17106
17422
17436
17444
18034
18118
18204
18590
19156
19452
19716
20082
20842
20984
22104
22114
22856
22996
23040
23122
23570
23580
23856
23954
24058
24104
24180
24218
24258
24352
24402
24410
24416
24538
24582
24772
24790
24800
24868
24878
24912
24970
24990
25020
25102
25186
25200
25238
25244
25276
25312
25356
25752
25796
26732
27222
31898
34100
34718
34848
34936
36246
36526
39352
40706
48446
48792
54470
665628
