Latencies
5280
5334
5404
5432
5436
5472
5530
5540
5548
5556
5558
5596
5618
5676
5712
5724
5744
5746
5760
5762
5782
5822
5842
5850
5930
5978
6116
6202
6234
6358
6362
6366
6380
6388
6400
6468
6506
6510
6522
6550
6570
6576
6622
6666
6732
6766
6776
6810
6812
6868
6870
6876
6908
6996
7030
7034
7134
7174
7274
7304
7382
7412
7454
7572
7598
7606
7610
7614
7634
7732
7858
7884
7884
7930
8196
8204
8218
8318
8320
8390
8508
8540
8542
8602
8608
8638
8736
8754
8808
8826
8948
8968
8996
9118
9124
9156
9306
9332
9412
9504
9526
9532
9566
9574
9718
9772
9830
9834
9876
9934
10066
10074
10100
10110
10114
10136
10144
10186
10194
10196
10218
10316
10316
10504
10532
10534
10600
10608
10688
10690
10712
10714
10730
10750
10768
10832
10964
11030
11060
11172
11204
11210
11286
11288
11308
11340
11368
11434
11466
11582
11620
11662
11744
11802
11852
11856
11944
11978
12062
12178
12186
12198
12216
12242
12280
12352
12386
12444
12488
12542
12556
12564
12586
12706
12802
12810
12886
12920
12954
12958
12962
12994
13012
13020
13074
13078
13084
13100
13114
13214
13388
13436
13590
13634
13634
13660
13662
13676
13720
13724
13742
13752
13812
13932
13934
13956
13962
14162
14196
14266
14280
14292
14324
14364
14370
14390
14394
14420
14426
14432
14432
14472
14486
14492
14494
14500
14508
14512
14548
14576
14592
14594
14610
14614
14646
14658
14670
14672
14724
14734
14744
14752
14752
14758
14764
14766
14802
14808
14818
14818
14820
14836
14842
14850
14852
14860
14868
14872
14874
14892
14902
14912
14914
14914
14920
14928
14934
14940
14946
14954
14964
14974
14978
14982
14982
14994
14996
14998
15002
15004
15006
15018
15030
15034
15034
15034
15036
15042
15054
15064
15068
15084
15084
15086
15088
15102
15108
15124
15128
15130
15134
15134
15138
15150
15154
15154
15156
15156
15158
15160
15162
15168
15168
15182
15184
15186
15188
15190
15194
15196
15200
15202
15232
15246
15252
15258
15276
15292
15292
15292
15298
15312
15326
15334
15340
15342
15348
15372
15390
15394
15418
15420
15422
15428
15432
15434
15442
15456
15460
15468
15492
15546
15574
15602
15640
15670
15716
15736
15760
15768
15800
15810
15832
15836
15842
15852
15854
15910
15942
15954
15988
15992
16022
16044
16124
16126
16146
16154
16188
16262
16284
16446
16460
16466
16486
16520
16542
16660
16712
16738
16744
16874
16998
17080
17108
17176
17236
17244
17274
17326
17334
17532
17558
17590
17614
17624
17652
17684
17698
17698
17794
17836
17870
17940
18018
18058
18074
18152
18182
18242
18278
18304
18426
18466
18552
18586
18598
18684
18742
18774
18824
18900
18936
18942
18990
19018
19072
19114
19178
19184
19200
19222
19258
19290
19304
19344
19344
19352
19354
19418
19444
19562
19562
19610
19706
19762
19780
19798
19814
19822
19834
19862
19868
19916
19934
19938
19940
19998
20032
20110
20136
20192
20318
20414
20532
20668
20726
20740
20796
20976
20978
21060
21186
21258
21370
21402
21418
21426
21546
21628
21660
21684
21704
21716
21808
21874
21954
21970
21988
22020
22076
22084
22278
22308
22352
22398
22406
22460
22490
22506
22518
22518
22532
22540
22654
22658
22720
22760
22770
22872
22918
22948
22958
22996
23150
23178
23370
23450
23464
23472
23502
23570
23578
23638
23706
23764
23778
23946
23982
24042
24076
24116
24144
24144
24282
24306
24338
24342
24430
24466
24468
24546
24590
24664
24672
24684
24726
24804
24838
24856
24874
24938
24946
24960
24962
24962
25016
25026
25030
25032
25040
25058
25094
25102
25114
25116
25146
25162
25168
25186
25198
25212
25244
25256
25270
25330
25358
25432
25458
25492
25500
25500
25538
25600
25648
25656
25684
25686
25714
25786
25868
25878
25944
25962
26064
26086
26098
26148
26158
26200
26236
26346
26394
26418
26426
26440
26440
26488
26526
26534
26634
26676
26688
26722
26862
26896
27012
27044
27102
27150
27154
27256
27304
27310
27316
27326
27400
27450
27476
27622
27676
27680
27784
27810
27814
27860
27908
27970
27974
28196
28276
28318
28352
28360
28408
28446
28450
28546
28580
28646
28658
28658
28682
28708
28762
28820
28832
28852
28872
28926
28942
28950
29016
29022
29106
29150
29154
29212
29372
29410
29476
29488
29508
29548
29614
29622
29658
29680
29684
29748
29792
29830
29834
29850
29854
29854
29858
29930
30024
30024
30046
30078
30086
30090
30160
30194
30550
30552
30590
30614
30738
30746
30790
30880
30886
30910
31072
31170
31186
31188
31194
31204
31320
31338
31422
31426
31594
31676
31688
31738
31782
31810
31840
31854
31862
31910
31950
32110
32166
32168
32374
32382
32390
32476
32482
32540
32602
32608
32610
32648
32656
32708
32748
32802
32836
32860
32916
32950
32986
33008
33008
33030
33072
33074
33118
33132
33152
33154
33164
33180
33264
33302
33316
33364
33380
33384
33424
33480
33544
33552
33602
33608
33648
33716
33728
33744
33788
33798
33844
33914
33928
33964
33968
34010
34058
34074
34086
34122
34130
34146
34168
34176
34224
34244
34250
34250
34256
34264
34272
34274
34294
34324
34330
34334
34352
34366
34398
34412
34412
34418
34424
34424
34454
34468
34468
34470
34476
34480
34492
34492
34494
34494
34500
34508
34512
34514
34530
34540
34540
34544
34546
34556
34580
34590
34602
34608
34610
34614
34616
34622
34624
34628
34632
34634
34646
34658
34684
34696
34698
34702
34704
34704
34732
34734
34742
34746
34748
34766
34780
34784
34802
34810
34814
34824
34840
34854
34854
34854
34864
34972
34974
34984
34992
35014
35024
35040
35056
35058
35060
35074
35108
35136
35194
35224
35246
35346
35466
35470
35494
35502
35568
35640
35644
35654
35748
35756
35874
36142
36158
36208
36766
38098
38262
38518
38546
38690
38840
38952
40092
40990
41424
41532
41572
41990
42020
42306
42498
42700
42982
43266
43648
43672
43676
43838
43926
44484
44784
44808
44998
45524
46224
52514
52938
55118
59940
60418
60934
66100
78902
83680
102920
235158
596472
925312
1442216
1699986
