Latencies
4980
4992
4994
4996
5000
5002
5004
5004
5008
5014
5016
5018
5022
5022
5028
5028
5030
5032
5032
5034
5036
5040
5040
5040
5042
5042
5048
5048
5048
5050
5050
5052
5052
5054
5054
5056
5056
5056
5058
5060
5060
5062
5062
5064
5064
5066
5068
5070
5070
5072
5074
5076
5076
5078
5080
5080
5080
5082
5084
5086
5086
5086
5088
5088
5092
5096
5096
5096
5098
5098
5098
5100
5100
5102
5104
5104
5104
5104
5106
5106
5106
5108
5108
5108
5108
5110
5110
5112
5114
5114
5114
5114
5114
5114
5116
5116
5116
5116
5118
5118
5120
5120
5120
5120
5120
5120
5120
5122
5126
5126
5128
5130
5130
5130
5130
5134
5134
5136
5136
5136
5136
5136
5136
5138
5138
5140
5140
5140
5142
5144
5144
5144
5144
5146
5148
5148
5150
5150
5150
5150
5150
5152
5152
5154
5154
5154
5154
5156
5156
5158
5158
5158
5158
5158
5160
5160
5160
5160
5160
5162
5162
5162
5162
5162
5162
5164
5164
5164
5164
5164
5164
5166
5166
5168
5168
5168
5168
5168
5168
5170
5170
5170
5170
5172
5172
5174
5174
5176
5176
5176
5178
5178
5178
5178
5178
5180
5180
5180
5182
5182
5184
5184
5184
5184
5184
5186
5188
5188
5188
5190
5190
5190
5194
5194
5194
5196
5198
5198
5198
5198
5198
5200
5200
5200
5200
5200
5200
5202
5202
5202
5202
5204
5204
5206
5206
5206
5206
5208
5208
5208
5208
5208
5208
5210
5210
5210
5210
5210
5210
5210
5210
5212
5212
5212
5212
5214
5214
5216
5218
5218
5218
5218
5218
5218
5218
5218
5218
5218
5220
5220
5220
5220
5220
5222
5222
5222
5222
5224
5224
5224
5224
5224
5224
5224
5224
5226
5226
5228
5228
5228
5228
5228
5228
5230
5230
5230
5230
5232
5232
5234
5234
5236
5238
5238
5238
5238
5238
5238
5240
5240
5240
5240
5242
5242
5242
5242
5242
5242
5242
5244
5244
5244
5246
5246
5246
5246
5246
5246
5248
5248
5250
5250
5250
5250
5250
5250
5250
5252
5252
5254
5256
5256
5258
5258
5258
5260
5260
5260
5260
5260
5262
5262
5262
5262
5262
5262
5264
5264
5264
5264
5264
5268
5268
5268
5268
5270
5270
5270
5270
5270
5272
5272
5272
5272
5272
5274
5276
5276
5276
5278
5282
5282
5282
5282
5284
5286
5286
5286
5288
5290
5290
5292
5294
5294
5296
5296
5296
5296
5298
5300
5300
5300
5304
5304
5306
5306
5308
5308
5308
5308
5310
5310
5312
5316
5316
5316
5316
5318
5320
5322
5324
5324
5324
5324
5326
5326
5326
5326
5328
5330
5330
5332
5332
5332
5334
5334
5334
5336
5336
5336
5338
5342
5344
5344
5344
5344
5346
5346
5346
5348
5348
5350
5350
5350
5350
5352
5352
5354
5354
5354
5358
5358
5362
5364
5366
5368
5370
5372
5372
5374
5374
5374
5376
5378
5380
5380
5380
5380
5380
5382
5382
5382
5384
5384
5384
5388
5390
5390
5390
5392
5392
5392
5394
5396
5396
5396
5398
5400
5402
5404
5408
5408
5408
5414
5416
5416
5420
5420
5422
5422
5424
5424
5426
5428
5428
5428
5428
5430
5434
5434
5434
5436
5436
5440
5440
5440
5442
5442
5442
5444
5446
5446
5448
5448
5458
5460
5466
5470
5472
5474
5474
5474
5474
5474
5476
5476
5476
5480
5482
5482
5482
5484
5486
5488
5488
5490
5490
5494
5496
5496
5496
5498
5504
5506
5510
5510
5514
5514
5514
5514
5516
5516
5518
5520
5524
5524
5526
5526
5528
5530
5534
5540
5542
5542
5544
5550
5550
5552
5556
5556
5558
5562
5564
5568
5568
5568
5570
5572
5572
5572
5574
5574
5576
5576
5576
5578
5580
5582
5582
5582
5588
5590
5592
5598
5604
5604
5604
5604
5612
5612
5612
5614
5616
5616
5618
5618
5626
5626
5626
5628
5638
5638
5638
5640
5642
5642
5644
5644
5644
5646
5646
5648
5654
5656
5656
5658
5664
5670
5670
5672
5676
5678
5680
5686
5686
5686
5686
5686
5688
5688
5688
5690
5690
5690
5692
5696
5698
5708
5708
5710
5710
5712
5718
5722
5722
5722
5724
5724
5724
5726
5728
5732
5734
5736
5738
5740
5744
5744
5748
5750
5754
5756
5760
5760
5760
5760
5766
5768
5770
5770
5770
5772
5772
5776
5778
5780
5786
5788
5790
5790
5794
5796
5796
5806
5808
5808
5810
5812
5816
5818
5818
5824
5826
5828
5828
5832
5834
5834
5840
5840
5842
5846
5848
5850
5850
5852
5854
5854
5854
5856
5856
5858
5860
5864
5866
5876
5884
5890
5890
5892
5892
5894
5894
5896
5896
5898
5900
5900
5900
5902
5906
5908
5910
5914
5916
5916
5918
5922
5922
5922
5924
5924
5926
5932
5934
5938
5940
5942
5942
5944
5948
5950
5950
5962
5962
5962
5964
5968
5972
5974
5976
5982
5982
5982
5986
5986
5986
5992
5992
5998
6002
6006
6008
6010
6014
6026
6030
6038
6042
6042
6066
6076
6076
6078
6080
6088
6092
6100
6106
6106
6112
6116
6118
6118
6128
6138
6138
6146
6164
6184
6198
6198
6220
6252
6266
6272
6284
6332
6338
6350
6352
6358
6412
6438
6438
6476
6486
6496
6520
6540
6558
6566
6580
6600
6604
6608
6610
6650
6672
6684
6718
6732
7024
7170
7182
7210
7370
7496
7584
7630
7640
7924
8266
8314
8928
9294
9312
9440
9676
9804
9888
9912
10036
10320
10334
10380
10808
11468
11496
11546
11690
11846
12374
12388
12572
12612
12728
12830
12972
13292
13980
14294
14350
14384
14388
14466
15134
15158
15298
15510
15562
16098
16332
16396
16444
16682
16920
17028
17220
17352
17400
17578
18174
18288
18366
18850
18852
19036
19762
19880
20274
20878
21010
21724
21868
22496
23346
24028
25284
25518
25738
26350
26350
26550
26798
26900
27052
27150
27192
27192
27350
28304
29458
30014
30108
30856
33018
33116
33836
33860
34558
35552
35754
36260
36400
39192
39982
