Latencies
5078
5092
5102
5106
5110
5114
5114
5124
5126
5128
5130
5130
5130
5132
5132
5132
5134
5136
5138
5138
5138
5140
5140
5140
5144
5144
5144
5146
5146
5146
5146
5148
5148
5150
5150
5152
5152
5152
5152
5154
5158
5158
5158
5158
5160
5162
5162
5164
5164
5164
5164
5166
5166
5166
5170
5170
5170
5172
5172
5172
5174
5174
5174
5176
5178
5178
5178
5180
5182
5182
5182
5182
5182
5186
5188
5188
5192
5192
5192
5194
5196
5198
5198
5200
5200
5200
5202
5202
5202
5202
5204
5204
5206
5208
5208
5208
5210
5210
5210
5212
5212
5214
5214
5214
5214
5214
5216
5216
5216
5218
5218
5218
5220
5222
5224
5224
5226
5226
5226
5226
5226
5228
5230
5230
5232
5232
5232
5234
5234
5234
5236
5236
5236
5238
5238
5238
5238
5240
5240
5240
5242
5242
5242
5242
5244
5244
5246
5246
5246
5246
5246
5248
5248
5248
5248
5250
5250
5250
5252
5252
5252
5254
5256
5258
5258
5258
5258
5258
5258
5260
5260
5260
5260
5262
5262
5262
5262
5262
5264
5264
5264
5266
5266
5268
5268
5270
5270
5270
5270
5270
5270
5270
5272
5272
5274
5274
5274
5274
5274
5276
5276
5276
5278
5278
5278
5280
5280
5280
5284
5284
5284
5284
5286
5286
5286
5286
5286
5286
5288
5288
5290
5290
5290
5292
5292
5292
5292
5292
5294
5294
5294
5296
5296
5296
5298
5298
5298
5300
5300
5300
5302
5304
5304
5304
5304
5306
5306
5306
5306
5306
5308
5308
5308
5308
5308
5310
5310
5310
5310
5310
5312
5312
5312
5314
5314
5314
5314
5314
5314
5314
5316
5316
5316
5316
5318
5318
5320
5320
5320
5322
5322
5322
5322
5322
5322
5324
5326
5326
5326
5326
5328
5328
5328
5330
5330
5330
5330
5332
5332
5332
5334
5334
5334
5336
5336
5336
5336
5338
5338
5340
5340
5340
5340
5340
5340
5340
5342
5342
5342
5342
5342
5342
5342
5344
5344
5344
5344
5346
5346
5346
5346
5346
5348
5348
5348
5350
5352
5352
5352
5354
5354
5356
5356
5356
5356
5356
5358
5360
5360
5360
5362
5362
5362
5362
5364
5364
5364
5364
5364
5364
5366
5366
5368
5370
5370
5370
5372
5372
5372
5372
5372
5372
5372
5374
5374
5374
5376
5376
5378
5378
5378
5378
5378
5378
5380
5380
5380
5382
5382
5382
5382
5384
5384
5384
5386
5386
5388
5390
5390
5390
5392
5392
5392
5394
5394
5396
5398
5400
5402
5402
5404
5404
5404
5406
5406
5410
5410
5412
5412
5412
5412
5414
5414
5416
5416
5416
5416
5416
5416
5418
5420
5420
5420
5422
5422
5422
5424
5426
5426
5428
5428
5428
5428
5428
5428
5430
5430
5430
5430
5432
5432
5432
5434
5434
5434
5436
5436
5436
5436
5438
5438
5440
5440
5440
5442
5442
5444
5444
5444
5446
5446
5446
5446
5446
5446
5448
5448
5448
5450
5450
5450
5452
5454
5454
5456
5458
5458
5458
5462
5462
5464
5466
5466
5468
5468
5472
5474
5474
5476
5478
5480
5480
5480
5484
5484
5484
5486
5490
5490
5492
5496
5496
5498
5498
5500
5502
5504
5504
5510
5512
5514
5516
5518
5522
5522
5522
5522
5524
5524
5524
5526
5528
5530
5530
5530
5530
5532
5536
5536
5536
5536
5538
5542
5544
5544
5546
5546
5550
5550
5552
5552
5554
5558
5560
5560
5560
5562
5566
5566
5568
5568
5574
5576
5578
5584
5584
5588
5588
5592
5592
5596
5598
5600
5602
5602
5604
5604
5604
5606
5606
5606
5606
5606
5608
5610
5612
5612
5614
5614
5616
5618
5620
5620
5622
5622
5624
5628
5628
5628
5630
5636
5642
5642
5642
5644
5648
5650
5650
5652
5652
5652
5656
5660
5662
5666
5666
5668
5670
5672
5672
5674
5676
5676
5680
5684
5684
5688
5690
5694
5694
5694
5696
5696
5700
5706
5706
5710
5710
5710
5712
5714
5714
5718
5720
5724
5724
5730
5730
5732
5732
5732
5736
5738
5738
5740
5740
5740
5742
5742
5746
5746
5750
5750
5752
5754
5754
5756
5756
5758
5760
5760
5762
5764
5774
5774
5776
5784
5788
5802
5802
5802
5804
5806
5806
5806
5808
5810
5812
5812
5812
5814
5816
5816
5818
5822
5826
5832
5840
5844
5846
5846
5854
5858
5858
5860
5862
5864
5868
5872
5872
5874
5876
5880
5882
5882
5886
5888
5890
5894
5896
5896
5902
5908
5908
5908
5908
5910
5910
5912
5916
5922
5924
5928
5928
5934
5934
5936
5938
5940
5942
5942
5946
5952
5952
5954
5954
5958
5962
5962
5962
5962
5966
5968
5970
5974
5976
5976
5980
5984
5984
5984
5992
5996
5998
6002
6004
6008
6008
6008
6008
6010
6014
6024
6026
6028
6030
6034
6038
6040
6040
6044
6044
6050
6066
6068
6072
6076
6084
6092
6094
6096
6098
6108
6108
6118
6120
6132
6144
6150
6150
6164
6170
6172
6194
6204
6206
6216
6216
6224
6224
6224
6230
6244
6246
6264
6266
6268
6286
6300
6314
6318
6324
6328
6334
6342
6344
6392
6402
6430
6432
6450
6456
6462
6484
6502
6514
6554
6560
6576
6662
6690
6738
6760
6890
6950
7006
7278
7370
7522
8006
8344
8568
8648
8842
9092
9110
9184
9324
9568
9580
9778
10052
10354
10644
10722
10888
11092
11208
11244
11392
11424
11836
11954
12022
12370
12806
12888
13004
13212
13426
14062
14460
14740
14836
15084
15112
15174
15456
15902
15914
15944
16162
16686
16894
16946
16954
17718
18200
18534
19706
20292
20498
20584
20586
20762
20794
20914
21620
22238
22374
22578
23018
23406
24324
24428
24632
24634
24772
25220
25286
25304
25380
25620
26064
26146
26440
26690
27292
27470
27482
27844
28414
28732
28892
29716
29900
30708
30928
31246
31648
31778
32384
32760
32984
34184
34340
34708
35192
35430
35738
35758
36056
36410
36526
36722
38032
38966
39418
40780
41206
51770
