Latencies
5036
5054
5056
5056
5068
5070
5088
5090
5090
5090
5094
5096
5098
5106
5106
5114
5114
5116
5120
5120
5120
5122
5124
5128
5128
5130
5134
5134
5134
5134
5136
5138
5140
5142
5144
5144
5148
5148
5150
5150
5154
5156
5166
5168
5168
5168
5170
5172
5172
5176
5176
5176
5176
5176
5178
5178
5178
5180
5182
5184
5186
5188
5188
5188
5190
5190
5192
5192
5194
5194
5194
5196
5196
5198
5200
5200
5200
5200
5200
5202
5204
5204
5204
5206
5206
5206
5206
5208
5208
5208
5208
5208
5208
5212
5212
5214
5214
5214
5216
5216
5218
5218
5218
5218
5218
5220
5220
5220
5220
5222
5222
5222
5222
5222
5224
5224
5224
5226
5226
5226
5228
5228
5230
5230
5232
5232
5232
5232
5232
5234
5234
5234
5234
5234
5236
5236
5236
5238
5238
5238
5238
5240
5242
5242
5244
5244
5244
5244
5244
5248
5248
5250
5250
5250
5252
5252
5252
5254
5254
5254
5254
5254
5254
5254
5254
5256
5256
5256
5258
5260
5260
5260
5260
5262
5262
5262
5262
5262
5264
5264
5264
5266
5266
5266
5266
5268
5268
5268
5268
5268
5270
5270
5270
5270
5270
5270
5270
5270
5272
5272
5272
5272
5272
5272
5272
5272
5274
5274
5274
5276
5276
5276
5276
5278
5278
5278
5280
5280
5280
5280
5282
5282
5282
5284
5284
5284
5284
5286
5286
5286
5288
5288
5288
5288
5288
5290
5290
5292
5292
5294
5294
5294
5294
5294
5294
5296
5296
5298
5300
5300
5300
5300
5300
5300
5300
5302
5304
5304
5306
5306
5308
5308
5308
5308
5308
5310
5310
5310
5310
5310
5310
5310
5312
5312
5312
5312
5312
5314
5314
5314
5314
5316
5316
5316
5316
5318
5320
5320
5320
5320
5320
5320
5322
5324
5324
5324
5324
5326
5326
5326
5328
5328
5328
5328
5328
5328
5328
5328
5330
5330
5330
5330
5332
5332
5332
5332
5332
5332
5334
5334
5334
5334
5334
5336
5336
5336
5336
5338
5338
5340
5340
5342
5342
5342
5342
5342
5344
5344
5344
5344
5344
5344
5346
5346
5346
5346
5346
5348
5350
5350
5352
5352
5352
5352
5354
5354
5354
5356
5356
5356
5356
5356
5356
5356
5358
5358
5360
5360
5360
5362
5362
5364
5364
5364
5364
5364
5366
5368
5368
5368
5368
5368
5368
5370
5370
5372
5372
5372
5372
5372
5372
5374
5374
5376
5376
5376
5378
5380
5380
5380
5380
5380
5380
5382
5382
5384
5384
5384
5384
5384
5384
5384
5386
5386
5386
5386
5386
5386
5386
5388
5388
5388
5388
5390
5390
5390
5392
5392
5392
5392
5392
5392
5394
5394
5394
5394
5394
5394
5394
5396
5396
5398
5398
5398
5398
5398
5400
5400
5400
5400
5400
5400
5402
5402
5404
5404
5406
5406
5406
5406
5406
5406
5408
5408
5408
5410
5410
5410
5410
5410
5410
5410
5412
5412
5414
5414
5414
5414
5414
5416
5416
5416
5418
5418
5418
5420
5420
5420
5420
5422
5424
5424
5424
5424
5426
5428
5428
5428
5430
5430
5430
5430
5430
5430
5434
5436
5438
5438
5438
5438
5438
5440
5440
5442
5442
5442
5444
5444
5446
5448
5450
5450
5452
5452
5452
5452
5452
5452
5454
5456
5460
5462
5462
5462
5464
5464
5466
5468
5468
5468
5468
5470
5474
5474
5474
5474
5476
5476
5476
5476
5480
5480
5480
5482
5482
5482
5484
5486
5486
5488
5488
5488
5490
5492
5496
5498
5498
5498
5498
5500
5502
5502
5508
5510
5512
5514
5516
5516
5516
5518
5518
5518
5520
5520
5522
5522
5528
5530
5530
5530
5532
5534
5536
5536
5538
5540
5542
5544
5550
5550
5552
5554
5556
5556
5556
5558
5560
5562
5562
5564
5564
5566
5568
5568
5570
5570
5572
5576
5578
5580
5580
5584
5584
5588
5588
5592
5592
5600
5604
5604
5606
5606
5606
5610
5614
5614
5616
5626
5626
5628
5632
5632
5634
5638
5640
5640
5642
5642
5642
5644
5646
5646
5648
5648
5648
5648
5650
5652
5654
5654
5656
5664
5666
5666
5668
5672
5674
5682
5682
5684
5684
5684
5684
5686
5688
5688
5694
5696
5698
5700
5706
5706
5710
5714
5714
5718
5722
5724
5726
5728
5728
5728
5730
5732
5734
5736
5736
5738
5738
5740
5744
5746
5746
5748
5752
5754
5754
5756
5758
5758
5760
5762
5762
5766
5770
5770
5770
5778
5778
5778
5782
5784
5786
5788
5792
5792
5794
5796
5798
5798
5800
5806
5810
5814
5822
5822
5822
5828
5828
5828
5830
5834
5838
5838
5840
5840
5842
5848
5848
5848
5848
5856
5856
5858
5862
5862
5862
5864
5866
5868
5872
5874
5874
5876
5878
5878
5880
5884
5886
5888
5888
5890
5892
5892
5892
5896
5898
5900
5900
5904
5908
5912
5912
5916
5916
5924
5932
5932
5934
5936
5936
5940
5944
5948
5960
5964
5964
5966
5966
5968
5970
5974
5978
5978
5980
5984
5986
5986
5992
5998
6000
6002
6002
6004
6006
6010
6014
6014
6020
6022
6024
6026
6028
6036
6038
6040
6044
6048
6050
6056
6056
6058
6060
6062
6072
6076
6080
6084
6084
6086
6094
6098
6104
6108
6110
6124
6130
6130
6144
6148
6150
6150
6160
6172
6174
6176
6178
6180
6186
6190
6200
6206
6208
6212
6212
6214
6222
6246
6272
6278
6280
6308
6318
6322
6328
6336
6372
6380
6432
6446
6528
6540
6576
6594
6608
6626
6660
6698
6722
6772
6886
6888
6912
6924
6930
7032
7052
7058
7092
7252
7556
7802
7848
8142
8512
8802
9182
9390
9476
9764
9978
9984
10092
10468
10504
10528
10636
11142
11522
11600
12064
12096
12154
12492
12550
12576
13088
13096
13830
14600
14848
14934
15018
15304
15334
15414
15894
16336
16412
16508
16676
16810
16826
17268
17316
17356
17372
17384
17550
17698
18356
18910
19546
20130
20530
20938
20946
21096
21850
22418
22462
22620
22922
23168
23464
23922
23940
23944
24006
24028
24102
24670
24694
24876
25328
25832
26122
26132
26370
27316
29260
29992
31760
31894
32842
33042
33362
33378
33454
33508
34840
35380
35696
35894
37484
37714
39436
40150
45808
49398
