Latencies
5188
5200
5204
5206
5210
5226
5228
5232
5234
5250
5260
5266
5268
5268
5276
5278
5302
5308
5336
5340
5342
5342
5346
5346
5348
5350
5350
5364
5366
5368
5368
5368
5370
5378
5378
5382
5384
5384
5384
5384
5386
5388
5390
5390
5390
5392
5402
5402
5414
5422
5426
5434
5436
5444
5460
5460
5466
5472
5476
5478
5480
5482
5488
5490
5492
5494
5494
5500
5502
5510
5526
5530
5534
5536
5536
5546
5552
5570
5582
5598
5600
5604
5606
5606
5606
5612
5630
5630
5630
5644
5646
5646
5654
5656
5658
5670
5678
5680
5704
5716
5720
5720
5724
5728
5730
5734
5736
5736
5744
5744
5744
5748
5750
5752
5752
5756
5756
5760
5764
5770
5774
5774
5780
5780
5782
5786
5786
5790
5790
5798
5804
5820
5820
5824
5832
5844
5844
5844
5852
5852
5854
5860
5866
5872
5876
5878
5886
5898
5916
5918
5920
5924
5932
5934
5936
5936
5938
5942
5942
5960
5962
5966
5968
5970
5972
5976
5996
6000
6002
6002
6008
6010
6012
6018
6034
6046
6052
6054
6064
6072
6072
6082
6096
6108
6110
6114
6144
6152
6168
6176
6176
6192
6206
6212
6248
6254
6262
6266
6276
6340
6344
6346
6376
6380
6392
6412
6438
6458
6460
6460
6480
6484
6494
6496
6512
6522
6524
6528
6538
6548
6558
6578
6600
6600
6638
6646
6652
6724
6734
6744
6764
6766
6770
6770
6810
6822
6832
6860
6878
6890
6908
6908
6926
6930
6940
6956
6962
7012
7014
7016
7024
7048
7052
7090
7116
7128
7128
7138
7172
7184
7212
7216
7224
7234
7246
7280
7300
7314
7322
7324
7334
7374
7430
7434
7452
7474
7524
7546
7552
7570
7632
7732
7734
7762
7784
7826
7856
7864
7882
7900
7902
7938
7954
7978
7988
7990
8000
8020
8048
8054
8058
8062
8068
8078
8092
8100
8122
8138
8138
8148
8150
8158
8164
8196
8196
8200
8232
8238
8244
8244
8274
8276
8300
8310
8334
8352
8356
8368
8378
8418
8448
8474
8478
8482
8484
8496
8500
8548
8574
8574
8590
8606
8686
8696
8710
8724
8748
8752
8762
8778
8788
8834
8866
8884
8886
8886
8888
8952
8974
8994
9004
9022
9094
9098
9102
9110
9118
9174
9196
9196
9216
9234
9244
9248
9284
9296
9298
9300
9312
9334
9340
9354
9376
9380
9384
9488
9550
9568
9580
9604
9608
9610
9618
9674
9710
9718
9726
9726
9732
9736
9810
9822
9860
9884
9888
9916
9950
9966
9968
9972
9996
10008
10026
10082
10096
10148
10170
10188
10200
10214
10248
10248
10252
10272
10272
10288
10292
10294
10304
10312
10314
10326
10404
10410
10418
10422
10422
10426
10446
10460
10488
10490
10506
10510
10526
10528
10536
10542
10554
10560
10572
10584
10594
10614
10632
10654
10672
10684
10704
10732
10738
10824
10824
10842
10900
10904
10908
10922
10936
10950
10952
10958
10976
10994
11002
11026
11046
11056
11064
11106
11114
11162
11164
11168
11232
11236
11242
11248
11250
11334
11334
11340
11372
11374
11392
11398
11442
11458
11466
11510
11510
11524
11530
11542
11542
11542
11546
11548
11568
11576
11578
11588
11606
11610
11622
11670
11672
11728
11756
11772
11782
11788
11796
11810
11826
11858
11858
11870
11894
11916
11926
11926
11948
12080
12098
12124
12174
12176
12252
12310
12320
12348
12354
12364
12366
12398
12400
12430
12436
12436
12440
12442
12448
12472
12520
12544
12546
12638
12648
12652
12652
12658
12660
12696
12702
12720
12732
12788
12820
12838
12850
12854
12862
12866
12904
12908
12934
12978
12990
13022
13024
13032
13044
13062
13090
13092
13100
13100
13120
13136
13154
13154
13190
13198
13206
13220
13224
13228
13294
13312
13350
13352
13384
13390
13400
13402
13426
13462
13506
13524
13536
13538
13562
13572
13578
13586
13624
13638
13684
13708
13738
13742
13752
13760
13762
13792
13804
13828
13870
13872
13902
13902
13904
13920
13954
13974
13978
14008
14008
14012
14014
14030
14032
14046
14054
14062
14082
14106
14108
14120
14146
14174
14178
14184
14208
14244
14294
14326
14332
14334
14334
14340
14362
14408
14412
14412
14412
14418
14420
14424
14424
14424
14424
14438
14450
14456
14458
14474
14478
14518
14534
14540
14542
14552
14556
14560
14564
14584
14584
14598
14604
14610
14634
14640
14656
14658
14660
14668
14668
14676
14678
14686
14694
14700
14702
14702
14702
14706
14714
14730
14736
14738
14760
14764
14764
14768
14772
14782
14782
14788
14790
14802
14816
14818
14818
14844
14846
14846
14848
14852
14852
14868
14874
14876
14878
14880
14880
14886
14890
14892
14892
14906
14910
14918
14922
14930
14930
14938
14942
14958
14964
14968
14972
14976
14980
14982
14984
14988
15000
15002
15010
15016
15026
15028
15034
15034
15040
15042
15042
15052
15064
15064
15064
15070
15076
15092
15100
15110
15110
15114
15118
15122
15124
15130
15136
15140
15142
15146
15146
15152
15154
15156
15160
15168
15168
15174
15176
15176
15180
15184
15196
15196
15202
15206
15206
15210
15214
15220
15222
15228
15232
15238
15242
15242
15244
15246
15246
15248
15266
15274
15280
15292
15302
15302
15302
15302
15310
15312
15316
15330
15352
15354
15370
15376
15376
15390
15400
15402
15408
15408
15412
15424
15426
15426
15426
15426
15432
15438
15442
15444
15446
15446
15462
15466
15472
15476
15476
15476
15476
15478
15480
15504
15506
15520
15522
15530
15540
15548
15556
15564
15564
15570
15574
15576
15584
15586
15588
15598
15604
15608
15620
15630
15634
15634
15646
15658
15678
15690
15692
15696
15714
15758
15768
15772
15774
15784
15792
15792
15796
15862
15900
15924
15948
15980
16048
16154
16230
16254
16356
16456
16624
16660
16840
17062
17130
17148
17212
17446
17536
17696
17890
17954
18108
18176
18178
18382
18404
18972
19228
19806
19858
19870
19950
20036
20120
20256
20426
20472
20512
20514
20528
20728
20750
21220
21264
21478
21660
21674
22110
22408
22452
22486
22488
22558
22860
22932
23030
23162
23318
23484
23600
23828
24238
24254
24260
24310
24314
24332
24376
24424
24436
24502
24634
24736
24738
24770
24774
24796
24864
24970
25056
25094
25166
27212
27260
29436
29940
30144
33038
33994
34646
35450
37358
39462
41058
43658
97354
102666
116944
139266
