Latencies
5464
5478
5682
5792
5870
6000
6038
6044
6078
6168
6244
6314
6334
6420
6522
6534
6550
6604
6614
6636
6742
6750
6816
6946
6976
6984
7000
7126
7134
7176
7360
7408
7416
7434
7446
7448
7510
7526
7590
7600
7618
7624
7650
7714
7734
7822
7868
7922
7942
8014
8036
8096
8110
8132
8136
8138
8180
8200
8260
8352
8392
8398
8400
8460
8476
8512
8520
8570
8588
8630
8634
8634
8642
8750
8780
8782
8816
8822
8834
8864
8870
8884
8910
8934
8940
8942
8956
8972
8992
9004
9044
9124
9136
9144
9190
9200
9202
9208
9212
9218
9220
9252
9274
9388
9454
9460
9466
9472
9494
9508
9522
9550
9564
9568
9602
9640
9692
9706
9712
9748
9770
9802
9814
9884
9890
9896
9990
10036
10156
10272
10312
10370
10370
10392
10420
10428
10462
10470
10490
10494
10524
10524
10532
10564
10698
10752
10782
10810
10846
10866
10882
10892
10894
10914
10968
11094
11126
11128
11154
11170
11246
11286
11328
11338
11402
11484
11590
11628
11640
11686
11738
11740
11778
11788
11834
11836
11854
11856
11858
11944
11962
11964
12004
12012
12032
12066
12082
12100
12100
12174
12178
12270
12312
12462
12494
12580
12682
12704
12724
12744
12796
12800
12898
12924
12946
13032
13056
13106
13114
13124
13150
13262
13270
13274
13310
13358
13382
13394
13504
13508
13522
13558
13564
13590
13612
13620
13704
13744
13746
13766
13770
13770
13792
13852
13866
13880
13888
13896
14090
14104
14156
14190
14212
14216
14220
14224
14242
14248
14248
14322
14396
14420
14464
14474
14476
14492
14502
14530
14566
14582
14596
14596
14614
14636
14636
14650
14672
14686
14742
14758
14774
14780
14818
14850
14852
14854
14866
14902
14912
14916
14924
14928
14976
14980
14986
14996
15000
15002
15012
15022
15066
15084
15110
15130
15150
15160
15164
15186
15200
15244
15258
15272
15312
15326
15360
15398
15406
15422
15426
15454
15474
15516
15546
15550
15552
15566
15580
15630
15662
15692
15694
15710
15710
15750
15756
15758
15758
15772
15804
15858
15864
15880
15896
15984
15996
16002
16070
16116
16126
16152
16202
16240
16240
16270
16276
16442
16460
16492
16512
16522
16532
16554
16556
16604
16624
16664
16672
16686
16728
16754
16758
16786
16824
16838
17034
17144
17146
17160
17176
17202
17252
17380
17562
17588
17682
17728
17850
17854
17890
17892
17958
18092
18092
18096
18108
18118
18182
18198
18212
18216
18220
18254
18256
18280
18394
18420
18488
18496
18534
18562
18656
18666
18704
18826
18984
19016
19018
19018
19050
19100
19186
19210
19338
19352
19408
19572
19630
19632
19642
19678
19710
19738
19748
19810
19832
19848
19868
19884
19888
19906
19960
19994
20002
20006
20044
20080
20094
20110
20172
20220
20270
20282
20292
20434
20460
20510
20658
20670
20692
20710
20748
20834
20876
20902
20910
20910
21006
21048
21052
21070
21080
21120
21190
21214
21222
21268
21308
21326
21374
21378
21386
21458
21492
21560
21610
21666
21686
21742
21774
21816
21968
22004
22018
22028
22058
22080
22150
22166
22170
22180
22224
22262
22298
22330
22372
22378
22446
22484
22510
22630
22666
22682
22740
22768
22770
22776
22804
22814
22848
22852
22894
22902
22956
23004
23046
23056
23116
23120
23132
23152
23166
23190
23196
23196
23300
23302
23306
23328
23356
23368
23396
23418
23528
23560
23572
23586
23664
23704
23742
23798
23816
23832
23840
23844
23868
23912
24004
24010
24020
24032
24062
24074
24102
24130
24150
24154
24198
24220
24312
24332
24346
24380
24396
24410
24424
24434
24444
24444
24448
24452
24470
24478
24484
24488
24490
24496
24508
24522
24544
24554
24584
24584
24586
24594
24596
24620
24622
24622
24648
24656
24668
24670
24684
24704
24708
24708
24744
24750
24752
24754
24766
24772
24776
24778
24780
24784
24790
24792
24794
24810
24816
24820
24850
24860
24864
24866
24866
24876
24878
24882
24904
24910
24928
24930
24934
24938
24940
24944
24950
24972
24974
24984
24992
25008
25010
25024
25030
25038
25044
25056
25062
25078
25082
25092
25096
25124
25130
25138
25142
25150
25170
25172
25190
25192
25198
25222
25234
25234
25258
25260
25266
25270
25284
25286
25310
25318
25330
25370
25372
25422
25456
25460
25488
25490
25542
25554
25578
25610
25612
25642
25644
25656
25660
25660
25660
25672
25740
25864
25876
25886
25892
25906
26032
26046
26090
26096
26206
26260
26316
26328
26358
26396
26700
26732
26742
26812
26922
26926
26932
26940
26974
26984
27008
27094
27224
27272
27354
27386
27452
27576
27666
27880
27934
28026
28068
28078
28228
28286
28320
28348
28350
28368
28434
28440
28518
28554
28786
28808
28908
28938
28958
28984
28998
29070
29100
29100
29170
29222
29250
29306
29312
29316
29446
29512
29588
29596
29604
29608
29610
29634
29734
29816
29982
30012
30044
30252
30274
30310
30342
30692
30696
30746
30802
30860
30994
31072
31076
31198
31240
31262
31266
31298
31368
31368
31384
31474
31504
31526
31560
31648
31804
31824
31866
31876
31934
32030
32042
32054
32216
32292
32362
32386
32402
32474
32506
32556
32598
32664
32664
32848
32872
32894
32908
32954
33024
33044
33088
33100
33152
33170
33192
33214
33230
33252
33400
33454
33458
33482
33526
33566
33568
33644
33686
33758
33784
33836
33842
33896
33902
33936
33940
33998
34002
34016
34020
34022
34044
34078
34132
34158
34162
34194
34200
34216
34222
34224
34224
34262
34304
34306
34308
34310
34358
34376
34390
34410
34436
34438
34440
34440
34458
34458
34462
34474
34486
34488
34490
34538
34598
34618
34628
34640
34642
34656
34658
34662
34674
34680
34718
34750
34760
34770
34770
34790
34812
34822
34846
34864
34866
34878
34890
34946
34950
34980
35028
35030
35066
35130
35136
35136
35196
35202
35244
35248
35268
35336
35338
35338
35482
35502
35538
35544
35550
35556
35718
36168
36350
36600
37008
37482
37690
37888
38062
38728
38822
38900
39366
39726
39764
39862
40156
40732
40986
40986
41410
41666
41678
41778
42084
42324
42426
43472
43542
43568
43750
44098
44172
44272
44292
44348
44438
44440
44534
44830
45126
45270
45306
45474
45874
46082
46132
46742
47378
48020
48136
48914
48916
49476
49772
52086
52248
53514
54386
54436
54588
55258
55710
60086
61650
63150
63250
66156
69528
79040
90348
116052
156750
198854
806230
2206568
