Latencies
5002
5012
5020
5022
5028
5034
5036
5038
5040
5044
5052
5052
5056
5060
5060
5066
5066
5068
5068
5068
5070
5070
5076
5076
5080
5082
5082
5084
5092
5094
5094
5098
5098
5100
5102
5108
5108
5108
5110
5112
5114
5116
5116
5116
5118
5118
5122
5124
5124
5126
5126
5130
5134
5136
5136
5136
5136
5138
5140
5142
5142
5142
5142
5144
5146
5148
5148
5148
5150
5150
5152
5152
5152
5154
5156
5156
5158
5158
5158
5160
5162
5162
5164
5164
5166
5166
5168
5168
5170
5172
5172
5172
5172
5174
5176
5176
5178
5180
5182
5182
5182
5182
5184
5184
5184
5184
5186
5186
5186
5188
5188
5190
5190
5192
5192
5192
5192
5194
5194
5194
5194
5196
5196
5196
5196
5196
5198
5198
5198
5200
5200
5200
5200
5202
5202
5204
5204
5206
5206
5206
5206
5208
5208
5208
5210
5210
5210
5210
5212
5212
5212
5214
5214
5214
5216
5216
5216
5216
5216
5218
5218
5220
5220
5222
5224
5224
5226
5226
5226
5228
5228
5230
5230
5230
5230
5230
5230
5230
5232
5232
5232
5232
5232
5232
5234
5234
5236
5236
5236
5236
5238
5238
5240
5240
5240
5240
5240
5240
5242
5242
5242
5242
5242
5242
5244
5246
5246
5246
5248
5248
5248
5250
5250
5250
5252
5252
5252
5252
5252
5252
5252
5254
5254
5254
5256
5256
5256
5256
5256
5256
5258
5258
5258
5258
5258
5258
5258
5258
5258
5260
5260
5260
5262
5262
5262
5262
5262
5262
5262
5264
5264
5264
5264
5266
5266
5266
5266
5268
5268
5268
5268
5268
5268
5270
5270
5270
5270
5270
5272
5272
5272
5272
5272
5272
5272
5272
5272
5272
5274
5274
5274
5274
5274
5274
5274
5274
5276
5276
5276
5276
5276
5276
5276
5276
5276
5278
5278
5278
5280
5280
5280
5280
5282
5282
5282
5284
5284
5286
5286
5286
5288
5290
5290
5290
5290
5290
5290
5292
5292
5292
5292
5294
5294
5294
5294
5294
5296
5296
5296
5296
5296
5296
5300
5300
5300
5302
5302
5302
5302
5304
5304
5304
5304
5306
5306
5306
5306
5306
5308
5308
5308
5308
5308
5308
5308
5308
5308
5310
5310
5310
5310
5312
5312
5312
5312
5314
5314
5314
5316
5316
5316
5316
5316
5316
5316
5318
5320
5320
5322
5324
5326
5326
5326
5326
5328
5330
5330
5330
5330
5332
5332
5332
5334
5334
5334
5334
5336
5338
5340
5342
5344
5344
5346
5346
5348
5348
5350
5350
5350
5352
5352
5356
5356
5356
5358
5358
5358
5358
5360
5360
5362
5362
5364
5366
5366
5366
5366
5366
5366
5368
5368
5370
5370
5370
5372
5372
5372
5372
5372
5372
5374
5374
5374
5376
5378
5378
5378
5378
5378
5380
5380
5380
5380
5382
5382
5384
5386
5386
5388
5390
5390
5390
5390
5390
5392
5392
5392
5392
5394
5394
5394
5396
5396
5396
5396
5396
5398
5402
5402
5402
5404
5404
5404
5404
5404
5406
5406
5406
5408
5408
5408
5412
5412
5414
5414
5414
5414
5416
5416
5416
5418
5418
5418
5418
5418
5420
5420
5424
5424
5424
5426
5426
5428
5428
5428
5428
5430
5430
5430
5430
5430
5432
5434
5438
5440
5442
5442
5444
5446
5446
5446
5446
5446
5448
5448
5448
5448
5450
5450
5450
5452
5454
5454
5454
5454
5456
5458
5458
5458
5458
5464
5466
5468
5474
5474
5474
5476
5476
5476
5478
5478
5480
5480
5482
5484
5484
5486
5486
5486
5486
5490
5490
5492
5492
5494
5498
5498
5500
5504
5506
5508
5508
5510
5510
5512
5512
5514
5514
5516
5516
5516
5518
5518
5522
5524
5526
5528
5528
5532
5534
5534
5540
5544
5544
5544
5544
5544
5546
5548
5548
5548
5554
5554
5556
5556
5558
5560
5562
5566
5566
5566
5568
5570
5572
5572
5574
5574
5576
5576
5578
5580
5580
5582
5586
5588
5588
5588
5588
5592
5596
5598
5598
5600
5600
5600
5600
5600
5600
5602
5602
5606
5608
5610
5612
5612
5612
5612
5612
5614
5614
5616
5616
5620
5620
5622
5622
5624
5626
5626
5628
5628
5630
5630
5634
5634
5636
5640
5640
5642
5646
5646
5650
5654
5654
5656
5660
5660
5662
5662
5664
5666
5668
5672
5672
5672
5674
5678
5678
5680
5680
5684
5684
5686
5688
5688
5690
5690
5692
5694
5696
5698
5698
5700
5700
5702
5706
5706
5708
5712
5714
5716
5716
5718
5722
5724
5726
5732
5736
5742
5742
5746
5746
5746
5748
5748
5752
5756
5758
5764
5770
5770
5772
5772
5778
5778
5778
5782
5786
5786
5786
5788
5790
5792
5792
5794
5796
5798
5800
5800
5802
5808
5808
5808
5808
5810
5810
5812
5814
5818
5824
5826
5840
5842
5844
5846
5846
5846
5846
5848
5848
5848
5850
5852
5854
5856
5858
5858
5864
5864
5866
5868
5870
5870
5872
5872
5872
5872
5874
5874
5874
5876
5876
5878
5880
5880
5882
5884
5884
5884
5888
5890
5892
5894
5894
5898
5904
5906
5908
5910
5916
5918
5918
5918
5918
5922
5922
5924
5924
5924
5930
5936
5936
5940
5942
5944
5948
5950
5956
5958
5962
5966
5966
5966
5966
5968
5972
5974
5974
5974
5976
5984
5986
5992
5994
6002
6006
6014
6022
6024
6030
6038
6038
6042
6044
6046
6048
6050
6058
6060
6066
6070
6082
6084
6084
6084
6090
6094
6094
6096
6110
6112
6112
6120
6126
6140
6140
6154
6154
6160
6162
6166
6178
6192
6202
6210
6226
6236
6240
6254
6290
6334
6346
6366
6380
6394
6396
6410
6442
6462
6484
6504
6540
6554
6574
6742
6932
7158
7222
7266
7336
7412
7418
7432
7436
7546
7574
7612
7646
7768
7924
7996
7996
8632
8712
9026
9162
9288
9332
9670
9738
9882
9914
9962
10100
10230
10308
10404
10414
10420
10420
10452
10606
10802
11034
11198
11402
11564
11776
11790
11828
11840
11862
11862
11906
11922
11932
12104
12114
12124
12138
12304
12958
13784
13960
14242
14402
14486
14494
14724
15060
16142
17582
17630
17718
17876
18160
18942
20714
21372
21506
22386
22652
23090
24702
25306
25402
25760
29108
29146
34502
