Latencies
5002
5036
5042
5050
5054
5054
5058
5068
5072
5074
5074
5076
5076
5078
5084
5084
5094
5100
5102
5104
5108
5112
5112
5116
5118
5120
5122
5124
5126
5130
5132
5132
5134
5138
5140
5140
5142
5142
5142
5144
5144
5152
5152
5156
5158
5160
5162
5164
5164
5164
5168
5170
5170
5170
5172
5172
5174
5174
5176
5176
5176
5180
5182
5184
5184
5184
5186
5186
5188
5188
5188
5190
5192
5192
5192
5194
5194
5194
5194
5194
5196
5196
5196
5198
5200
5200
5202
5202
5204
5204
5204
5204
5204
5204
5206
5206
5206
5206
5210
5210
5212
5212
5212
5214
5214
5214
5214
5216
5216
5216
5216
5216
5218
5218
5218
5218
5218
5218
5220
5220
5220
5222
5222
5222
5222
5222
5222
5222
5224
5224
5224
5224
5226
5226
5226
5226
5226
5226
5228
5228
5228
5228
5228
5228
5228
5230
5230
5230
5232
5232
5232
5232
5234
5234
5234
5234
5234
5234
5234
5236
5236
5236
5236
5236
5236
5236
5236
5236
5236
5236
5238
5238
5238
5238
5238
5238
5238
5240
5240
5240
5240
5240
5240
5242
5242
5242
5242
5242
5244
5244
5244
5246
5246
5246
5246
5246
5246
5248
5248
5248
5248
5248
5248
5248
5248
5248
5248
5250
5250
5250
5252
5252
5252
5252
5252
5252
5252
5252
5254
5256
5256
5256
5256
5256
5256
5256
5256
5258
5258
5258
5258
5258
5258
5258
5258
5260
5260
5260
5260
5260
5260
5262
5262
5264
5264
5264
5264
5264
5264
5264
5264
5266
5266
5266
5266
5266
5266
5266
5266
5268
5268
5268
5268
5268
5270
5270
5270
5270
5270
5270
5272
5272
5272
5272
5272
5272
5272
5272
5274
5274
5274
5274
5274
5274
5274
5274
5276
5276
5276
5276
5276
5276
5278
5278
5278
5278
5278
5278
5280
5280
5280
5280
5280
5280
5280
5282
5282
5282
5282
5282
5282
5282
5282
5284
5284
5284
5284
5286
5286
5286
5286
5286
5286
5288
5288
5288
5288
5288
5288
5288
5288
5288
5288
5290
5290
5290
5290
5290
5290
5290
5290
5290
5292
5292
5292
5292
5294
5294
5294
5294
5296
5296
5296
5296
5298
5298
5298
5300
5300
5300
5302
5302
5302
5302
5304
5304
5304
5304
5304
5306
5306
5306
5306
5306
5306
5306
5306
5308
5308
5308
5310
5312
5312
5314
5314
5314
5314
5314
5314
5316
5316
5316
5316
5316
5316
5316
5316
5316
5318
5318
5318
5318
5318
5318
5318
5320
5322
5324
5324
5324
5324
5326
5326
5326
5326
5326
5326
5330
5330
5330
5330
5332
5332
5332
5332
5334
5334
5334
5334
5336
5338
5338
5338
5338
5338
5338
5338
5340
5342
5342
5342
5342
5342
5342
5342
5344
5346
5346
5348
5348
5348
5348
5348
5350
5350
5350
5350
5350
5350
5352
5354
5354
5356
5358
5358
5360
5360
5360
5362
5364
5364
5366
5366
5368
5368
5370
5370
5370
5372
5372
5372
5372
5372
5374
5374
5376
5376
5376
5380
5380
5380
5380
5382
5384
5386
5386
5388
5388
5388
5390
5390
5392
5392
5392
5392
5394
5394
5396
5396
5398
5400
5402
5406
5408
5408
5410
5412
5412
5414
5416
5418
5420
5422
5426
5428
5428
5430
5432
5432
5432
5432
5432
5432
5432
5434
5434
5436
5438
5440
5440
5442
5444
5446
5446
5446
5448
5448
5450
5450
5450
5452
5452
5454
5458
5462
5462
5464
5464
5464
5466
5466
5466
5472
5474
5474
5476
5476
5476
5476
5476
5478
5478
5480
5480
5482
5484
5484
5486
5486
5486
5488
5488
5490
5490
5494
5498
5498
5500
5504
5504
5508
5510
5512
5514
5516
5518
5518
5518
5520
5522
5522
5524
5526
5528
5528
5532
5538
5540
5540
5542
5544
5546
5546
5546
5550
5552
5556
5558
5558
5558
5558
5560
5562
5562
5562
5564
5564
5564
5568
5570
5572
5572
5574
5576
5578
5580
5582
5584
5588
5590
5594
5594
5598
5602
5602
5604
5606
5606
5612
5612
5620
5620
5626
5630
5632
5638
5640
5640
5640
5642
5642
5646
5650
5650
5654
5656
5658
5660
5660
5662
5664
5666
5666
5668
5670
5672
5672
5674
5674
5678
5680
5682
5684
5684
5686
5686
5690
5692
5694
5698
5700
5702
5704
5704
5704
5710
5712
5714
5716
5716
5720
5722
5724
5726
5730
5730
5732
5732
5736
5736
5736
5738
5740
5750
5750
5752
5754
5756
5756
5758
5758
5758
5760
5764
5772
5772
5774
5778
5778
5782
5784
5786
5790
5792
5794
5794
5796
5796
5796
5796
5798
5806
5806
5812
5812
5814
5818
5820
5822
5824
5828
5830
5830
5832
5834
5834
5834
5836
5838
5838
5840
5844
5846
5848
5848
5850
5856
5858
5864
5864
5864
5866
5866
5868
5870
5876
5878
5882
5888
5892
5892
5896
5902
5902
5902
5904
5906
5908
5910
5910
5912
5912
5914
5918
5920
5920
5922
5922
5924
5926
5930
5938
5938
5940
5946
5946
5948
5952
5954
5958
5966
5966
5966
5966
5968
5968
5970
5974
5976
5982
5982
5984
6004
6006
6006
6008
6010
6010
6012
6012
6014
6018
6022
6022
6024
6024
6028
6028
6032
6036
6038
6040
6042
6046
6050
6052
6056
6058
6058
6064
6066
6066
6068
6074
6080
6086
6090
6092
6092
6096
6098
6100
6102
6102
6104
6106
6108
6110
6112
6124
6130
6130
6130
6134
6136
6150
6150
6160
6164
6172
6174
6176
6180
6186
6204
6208
6220
6222
6226
6230
6256
6260
6280
6310
6326
6328
6378
6432
6452
6516
6552
6602
6610
6626
6644
6652
6664
6742
6764
6866
6904
6934
7108
7188
7612
7672
7906
8038
8206
8362
8406
8470
8622
8650
8754
8818
9140
9624
9688
9760
9858
9904
9922
10160
10236
10454
10546
11078
11820
11874
11994
12080
12738
12752
12896
13066
13198
13312
13420
13510
13618
14086
14098
14248
14622
14808
15060
15258
15292
15520
16002
16180
16486
16548
17226
17480
17726
17970
18016
18330
19358
19660
19822
20494
20580
20972
21308
21540
22138
22740
22788
23076
23432
24462
24798
25544
26270
28426
29220
30046
31526
32376
32618
32794
33630
33662
35906
36566
36744
42162
