Latencies
4974
4976
4984
4998
5000
5004
5004
5006
5010
5012
5012
5012
5012
5012
5014
5016
5016
5022
5022
5024
5024
5024
5026
5026
5026
5026
5028
5030
5030
5030
5030
5032
5034
5034
5034
5036
5036
5040
5042
5042
5042
5042
5042
5044
5046
5046
5046
5048
5050
5052
5052
5052
5052
5054
5054
5054
5058
5060
5062
5062
5064
5064
5064
5064
5066
5066
5066
5066
5068
5074
5074
5074
5074
5076
5076
5076
5076
5078
5078
5082
5082
5084
5084
5084
5086
5088
5088
5088
5090
5090
5090
5092
5092
5094
5096
5096
5096
5096
5098
5100
5100
5100
5100
5102
5104
5104
5104
5104
5104
5104
5106
5108
5108
5108
5110
5110
5110
5112
5112
5112
5114
5114
5114
5114
5114
5114
5114
5116
5118
5118
5122
5122
5122
5122
5124
5124
5124
5124
5124
5124
5126
5126
5126
5126
5128
5128
5128
5128
5130
5130
5130
5130
5130
5130
5130
5130
5132
5132
5132
5132
5134
5134
5136
5136
5136
5138
5138
5138
5140
5140
5142
5142
5142
5144
5144
5144
5144
5144
5144
5146
5146
5146
5148
5150
5150
5152
5152
5152
5152
5152
5154
5154
5154
5154
5154
5156
5156
5156
5156
5156
5158
5160
5160
5160
5162
5162
5162
5162
5162
5164
5164
5164
5164
5166
5166
5166
5168
5168
5168
5170
5170
5172
5172
5172
5174
5174
5174
5174
5174
5174
5174
5174
5174
5176
5176
5176
5176
5176
5176
5176
5176
5178
5178
5178
5178
5178
5180
5180
5182
5182
5182
5184
5184
5184
5184
5186
5186
5188
5188
5188
5188
5188
5190
5190
5190
5190
5190
5192
5194
5194
5194
5194
5194
5194
5194
5194
5196
5196
5196
5196
5198
5198
5198
5198
5198
5198
5198
5198
5200
5200
5200
5200
5200
5200
5202
5202
5202
5202
5202
5202
5204
5204
5204
5204
5206
5206
5206
5208
5208
5208
5208
5208
5210
5210
5210
5210
5210
5210
5210
5212
5212
5212
5212
5212
5214
5214
5214
5214
5216
5216
5216
5218
5218
5218
5218
5218
5218
5220
5220
5220
5220
5220
5220
5220
5222
5222
5222
5224
5224
5224
5224
5224
5226
5226
5226
5226
5226
5228
5228
5228
5228
5230
5230
5230
5230
5230
5230
5230
5230
5230
5232
5232
5232
5232
5234
5234
5234
5234
5234
5234
5234
5236
5236
5236
5236
5238
5238
5238
5238
5238
5240
5240
5240
5240
5240
5242
5242
5242
5242
5242
5242
5244
5244
5244
5244
5246
5246
5246
5246
5248
5248
5250
5250
5250
5250
5252
5254
5254
5256
5256
5256
5258
5258
5258
5260
5260
5260
5260
5260
5262
5262
5262
5264
5266
5266
5266
5266
5266
5268
5268
5268
5270
5270
5270
5270
5270
5270
5270
5270
5272
5272
5274
5274
5274
5274
5276
5276
5276
5276
5276
5278
5278
5280
5280
5280
5282
5282
5282
5282
5282
5286
5286
5286
5286
5288
5290
5290
5290
5290
5290
5292
5292
5292
5292
5292
5294
5294
5294
5296
5296
5296
5298
5298
5300
5300
5300
5300
5300
5302
5302
5302
5302
5302
5304
5306
5306
5308
5308
5308
5310
5312
5314
5314
5314
5316
5316
5316
5318
5320
5320
5324
5324
5326
5326
5328
5328
5330
5330
5330
5332
5332
5334
5336
5338
5338
5338
5340
5340
5342
5342
5342
5344
5344
5346
5346
5346
5346
5348
5348
5350
5350
5352
5354
5354
5356
5356
5358
5358
5358
5358
5358
5362
5364
5364
5368
5370
5372
5372
5376
5376
5378
5380
5382
5384
5386
5388
5392
5392
5394
5396
5398
5402
5404
5404
5404
5404
5406
5408
5408
5408
5410
5410
5410
5412
5412
5412
5414
5416
5416
5416
5426
5428
5428
5428
5430
5432
5432
5434
5438
5438
5442
5446
5450
5452
5452
5456
5456
5456
5462
5462
5464
5466
5466
5470
5470
5476
5476
5488
5488
5488
5488
5490
5490
5492
5492
5494
5494
5496
5496
5496
5500
5506
5508
5508
5510
5512
5512
5514
5514
5516
5516
5516
5518
5518
5518
5520
5520
5522
5524
5534
5538
5538
5542
5546
5546
5550
5550
5552
5552
5556
5558
5558
5560
5562
5566
5566
5568
5574
5574
5576
5576
5580
5588
5588
5588
5588
5594
5594
5596
5596
5598
5604
5606
5608
5610
5610
5612
5614
5616
5620
5626
5626
5628
5630
5634
5634
5638
5640
5644
5650
5654
5654
5658
5662
5664
5670
5672
5672
5676
5688
5690
5696
5698
5700
5702
5704
5704
5706
5706
5708
5712
5716
5716
5716
5718
5718
5722
5724
5730
5732
5738
5740
5740
5740
5750
5752
5758
5758
5760
5762
5764
5764
5768
5772
5778
5780
5784
5786
5788
5788
5790
5794
5798
5798
5798
5798
5798
5804
5810
5816
5824
5826
5826
5826
5834
5836
5836
5844
5846
5852
5852
5870
5876
5880
5882
5886
5888
5892
5894
5894
5896
5900
5904
5906
5912
5932
5932
5934
5934
5936
5938
5944
5944
5946
5950
5950
5952
5956
5960
5968
5970
5988
6002
6006
6020
6022
6038
6040
6044
6046
6046
6050
6062
6078
6082
6084
6108
6114
6118
6120
6146
6166
6190
6200
6208
6214
6232
6334
6394
6538
6562
6624
6672
6796
7056
7062
7224
7260
7290
7574
7720
7752
7756
7866
8004
8576
8612
8808
8850
8862
8870
8942
9182
9392
9618
9682
9706
9734
10132
10212
10252
10340
10448
10680
10720
10964
11094
11156
11260
11276
11434
11652
11722
11754
11768
11872
11974
12014
12074
12160
12252
12368
12866
12948
12954
13656
13874
13874
13926
14022
14130
14358
14434
14542
14598
14644
14800
15156
15668
15964
16836
17878
18342
18852
18972
19570
20048
20510
21686
21900
23164
23190
24304
24708
25490
26374
26424
29758
30228
31572
31958
32144
32636
33628
34158
35266
35760
36162
36490
61132
