Latencies
5240
5242
5282
5436
5446
5496
5530
5546
5592
5596
5606
5612
5614
5640
5656
5716
5724
5744
5754
5770
5782
5784
5784
5814
5822
5848
5872
5886
5886
5890
5894
5918
5920
5932
5934
5988
6010
6014
6040
6058
6092
6110
6116
6144
6162
6226
6226
6242
6258
6266
6266
6270
6272
6322
6324
6328
6346
6358
6372
6386
6400
6408
6416
6444
6446
6454
6458
6466
6476
6482
6496
6500
6504
6522
6524
6544
6558
6576
6586
6594
6612
6628
6636
6646
6652
6670
6672
6674
6686
6688
6702
6704
6718
6726
6726
6728
6742
6744
6760
6766
6778
6796
6804
6808
6808
6812
6818
6820
6840
6848
6848
6852
6870
6876
6878
6878
6880
6884
6896
6906
6930
6930
6944
6946
6946
6946
6954
6966
6966
6990
6990
7028
7034
7080
7082
7082
7084
7090
7136
7140
7146
7146
7158
7162
7164
7172
7180
7184
7188
7196
7200
7204
7208
7220
7256
7258
7258
7264
7274
7290
7292
7304
7306
7308
7308
7332
7334
7350
7354
7372
7372
7374
7384
7398
7412
7438
7440
7444
7446
7450
7454
7456
7458
7486
7494
7500
7508
7532
7560
7568
7578
7582
7586
7620
7622
7624
7624
7624
7642
7650
7654
7670
7692
7708
7710
7712
7714
7716
7742
7742
7748
7774
7780
7794
7798
7812
7854
7864
7884
7884
7924
7924
7924
7934
7936
7944
7952
7984
7998
8016
8018
8020
8026
8038
8042
8052
8080
8086
8088
8090
8102
8102
8108
8118
8136
8138
8150
8160
8172
8176
8200
8270
8276
8286
8296
8298
8302
8308
8316
8320
8334
8338
8350
8356
8366
8368
8378
8448
8450
8452
8468
8484
8488
8494
8504
8510
8518
8520
8526
8540
8540
8562
8568
8582
8622
8628
8632
8638
8642
8650
8656
8670
8672
8678
8690
8704
8708
8718
8746
8758
8764
8766
8772
8802
8816
8822
8828
8830
8842
8860
8860
8866
8878
8898
8918
8924
8936
8964
8970
8980
8980
8982
8986
9016
9018
9026
9030
9036
9042
9056
9058
9068
9078
9082
9084
9096
9100
9110
9128
9130
9136
9138
9138
9142
9144
9198
9202
9206
9210
9210
9232
9268
9304
9334
9346
9354
9362
9376
9408
9434
9436
9446
9450
9464
9472
9478
9482
9534
9534
9542
9570
9574
9582
9592
9594
9600
9606
9610
9616
9616
9622
9630
9632
9638
9640
9666
9692
9692
9694
9696
9712
9728
9728
9730
9754
9756
9758
9810
9818
9822
9832
9838
9842
9852
9860
9862
9866
9884
9892
9898
9898
9906
9910
9916
9916
9926
9934
9960
9966
9972
9974
9980
9984
9988
9992
10000
10004
10010
10018
10022
10028
10036
10046
10052
10056
10086
10090
10096
10102
10110
10114
10124
10126
10164
10172
10180
10198
10214
10214
10214
10220
10222
10236
10262
10268
10296
10308
10322
10322
10326
10330
10330
10342
10358
10366
10376
10384
10404
10416
10434
10448
10450
10452
10456
10458
10462
10464
10466
10472
10474
10482
10494
10528
10544
10546
10546
10566
10590
10600
10616
10648
10654
10662
10668
10676
10690
10696
10702
10706
10740
10754
10766
10766
10770
10786
10820
10828
10840
10858
10870
10874
10884
10892
10896
10896
10906
10928
10928
10942
10948
10966
10966
10976
10986
11000
11026
11050
11050
11050
11080
11090
11096
11100
11108
11110
11150
11160
11190
11218
11218
11222
11260
11296
11298
11302
11310
11318
11334
11342
11350
11352
11358
11364
11394
11394
11396
11396
11402
11406
11414
11440
11442
11456
11458
11474
11480
11480
11482
11516
11516
11518
11530
11548
11562
11582
11610
11614
11616
11618
11636
11640
11646
11652
11652
11682
11696
11698
11700
11708
11708
11714
11730
11730
11730
11732
11766
11778
11790
11806
11806
11816
11824
11826
11826
11840
11852
11854
11892
11892
11892
11928
11930
11934
11938
11938
11940
11946
11950
11960
11964
11974
11994
11994
11994
12004
12006
12012
12056
12072
12080
12082
12086
12104
12118
12122
12126
12142
12148
12160
12164
12164
12168
12186
12196
12200
12208
12212
12220
12232
12232
12242
12250
12274
12278
12290
12306
12306
12308
12312
12338
12356
12382
12382
12410
12418
12424
12426
12434
12436
12436
12462
12478
12500
12508
12514
12524
12532
12532
12534
12540
12542
12554
12562
12566
12584
12616
12618
12640
12640
12644
12674
12676
12678
12686
12694
12710
12716
12722
12728
12748
12762
12776
12780
12782
12806
12814
12816
12826
12828
12848
12852
12872
12890
12896
12906
12918
12918
12918
12944
12954
12958
12962
12966
12982
13002
13012
13032
13038
13044
13062
13074
13082
13108
13138
13172
13178
13196
13198
13212
13234
13234
13266
13268
13268
13282
13302
13302
13302
13308
13336
13342
13352
13382
13394
13410
13418
13424
13424
13432
13454
13474
13484
13500
13526
13544
13586
13604
13604
13616
13632
13640
13658
13686
13688
13704
13706
13710
13730
13734
13738
13740
13752
13756
13756
13760
13788
13790
13794
13810
13828
13832
13866
13880
13882
13900
13908
13942
13970
13986
13992
13992
13998
14000
14026
14044
14050
14060
14086
14096
14098
14116
14132
14144
14144
14150
14152
14154
14158
14162
14194
14226
14236
14240
14290
14308
14310
14322
14324
14324
14326
14338
14350
14358
14360
14376
14378
14380
14380
14384
14400
14400
14440
14444
14452
14452
14454
14468
14470
14476
14482
14492
14506
14512
14516
14524
14526
14538
14562
14568
14570
14580
14584
14590
14608
14636
14638
14640
14642
14656
14656
14658
14676
14690
14708
14712
14724
14734
14746
14758
14766
14768
14780
14784
14784
14794
14810
14818
14824
14828
14838
14856
14856
14862
14864
14868
14876
14884
14898
14912
14912
14912
14914
14918
14934
14934
14946
14972
14974
14978
14992
15002
15016
15022
15084
15088
15090
15118
15128
15134
15140
15146
15176
15178
15204
15204
15216
15238
15246
15246
15250
15252
15252
15262
15266
15294
15298
15306
15326
15326
15328
15334
15344
15350
15400
15400
15416
15456
15470
15520
15526
15532
15556
15568
15594
15632
15652
15658
15664
15676
15714
15734
15834
16032
16190
16298
16378
17276
17432
17658
18672
19092
20320
20624
21200
21432
21892
21958
22440
22662
22670
22828
24664
24946
25050
25710
26144
29208
30806
31516
31994
34006
34300
34430
34844
35014
35442
40334
51464
