Latencies
5380
5430
6286
6398
7048
7382
7606
7960
8184
8906
9118
9920
10050
10156
11460
11522
11548
12176
12420
12586
12918
13298
14484
14500
15184
15214
15440
15496
15512
15588
15608
15716
15734
15752
15764
15784
15792
15818
15840
15848
15862
15892
15894
15904
15916
15916
15940
15974
16052
16066
16086
16102
16114
16158
16214
16250
16268
16312
16368
16388
16388
16518
16546
16600
16600
16614
16616
16620
16636
16638
16640
16650
16666
16678
16682
16700
16710
16710
16712
16718
16730
16762
16766
16774
16780
16782
16834
16848
16930
16950
16998
17074
17134
17164
17172
17182
17212
17230
17250
17288
17304
17304
17342
17352
17382
17384
17418
17458
17458
17468
17470
17490
17492
17514
17552
17568
17608
17612
17632
17764
17766
17804
17810
17826
17838
17842
17886
17902
17942
17952
17974
17990
17994
18018
18042
18048
18076
18106
18166
18226
18266
18274
18286
18366
18398
18400
18420
18424
18424
18450
18476
18482
18518
18534
18566
18572
18602
18630
18638
18650
18718
18730
18736
18748
18750
18846
18862
18910
18930
18948
18980
18994
19010
19040
19060
19082
19094
19118
19164
19242
19292
19340
19378
19410
19436
19478
19524
19526
19528
19548
19550
19562
19594
19636
19650
19658
19660
19670
19706
19724
19742
19780
19796
19848
19852
19860
19950
19980
19982
20030
20040
20058
20256
20412
20448
20458
20486
20496
20516
20560
20600
20610
20646
20650
20680
20682
20700
20720
20764
20790
20800
20814
20820
20848
20888
20910
20972
20980
20994
20998
21018
21022
21046
21050
21052
21088
21118
21126
21160
21166
21192
21210
21220
21288
21356
21356
21370
21374
21392
21420
21462
21476
21496
21522
21536
21592
21642
21664
21666
21678
21706
21748
21750
21764
21828
21836
21860
21872
21916
21944
21956
21958
21998
22000
22006
22028
22032
22050
22070
22086
22106
22114
22142
22144
22152
22152
22202
22228
22320
22334
22396
22424
22444
22512
22562
22574
22576
22582
22586
22606
22616
22630
22632
22650
22666
22672
22674
22674
22684
22718
22742
22746
22784
22796
22816
22852
22860
22884
22886
22888
22900
22904
22908
22916
22930
22932
22936
22950
22950
23066
23082
23112
23150
23176
23216
23250
23268
23306
23318
23322
23322
23358
23374
23378
23394
23406
23524
23524
23534
23550
23560
23586
23602
23620
23622
23642
23676
23722
23742
23772
23784
23792
23872
23872
23872
23896
23902
23928
23962
23980
23984
23986
24056
24100
24142
24148
24160
24164
24192
24204
24246
24266
24292
24302
24306
24308
24360
24432
24434
24466
24486
24502
24536
24568
24578
24596
24614
24616
24620
24650
24658
24664
24666
24678
24686
24692
24734
24746
24786
24834
24854
24868
24876
24910
24976
24980
24994
25042
25056
25084
25088
25090
25116
25118
25144
25158
25160
25182
25188
25202
25236
25248
25270
25326
25328
25350
25378
25386
25414
25424
25440
25454
25470
25482
25490
25494
25508
25542
25558
25558
25602
25626
25650
25650
25660
25678
25744
25764
25770
25820
25878
25894
25908
25946
25962
25988
25992
25992
26020
26028
26076
26124
26152
26226
26308
26318
26338
26392
26406
26418
26422
26442
26450
26472
26480
26574
26586
26596
26598
26628
26702
26802
26822
26868
26870
26888
26894
26904
26972
26974
26974
27004
27032
27066
27072
27224
27224
27226
27226
27250
27292
27312
27334
27350
27354
27370
27374
27382
27400
27446
27462
27466
27476
27498
27518
27572
27622
27662
27686
27698
27732
27744
27748
27754
27782
27828
27834
27868
27876
27878
27906
27912
27926
27942
27944
28024
28066
28080
28080
28130
28142
28164
28168
28182
28234
28280
28300
28306
28312
28346
28352
28422
28424
28472
28502
28508
28568
28596
28612
28626
28662
28686
28718
28740
28750
28774
28800
28902
28906
28956
29038
29082
29094
29108
29112
29126
29164
29166
29192
29204
29278
29302
29318
29362
29410
29412
29428
29444
29448
29452
29482
29524
29558
29558
29636
29652
29728
29746
29824
29874
29958
29974
29992
30050
30084
30088
30102
30104
30106
30134
30154
30154
30156
30174
30204
30252
30264
30294
30300
30342
30362
30410
30418
30462
30486
30508
30516
30518
30600
30600
30646
30724
30790
30790
30824
30838
30838
30882
30912
30914
30954
30956
30994
31014
31028
31058
31064
31070
31150
31154
31174
31178
31204
31220
31222
31254
31286
31310
31324
31326
31350
31390
31442
31496
31500
31516
31528
31564
31586
31610
31610
31626
31630
31670
31672
31680
31718
31724
31732
31786
31818
31824
31830
31866
31872
31926
31956
31966
31970
31988
31990
32014
32078
32080
32086
32090
32116
32124
32124
32174
32202
32218
32226
32230
32288
32298
32312
32354
32358
32366
32394
32404
32438
32522
32576
32590
32600
32658
32756
32758
32758
32804
32846
32874
32882
32898
32920
32926
32936
32970
32978
32986
33006
33048
33066
33078
33080
33146
33190
33190
33220
33222
33228
33250
33250
33250
33280
33284
33290
33296
33316
33330
33356
33362
33374
33386
33430
33452
33478
33512
33514
33516
33550
33566
33578
33616
33624
33664
33682
33696
33732
33758
33764
33770
33776
33794
33816
33820
33824
33830
33832
33838
33840
33850
33874
33876
33876
33878
33898
33908
33940
33940
33970
33984
33990
34002
34020
34054
34054
34096
34098
34140
34152
34158
34158
34168
34176
34182
34200
34200
34202
34214
34220
34222
34242
34246
34250
34276
34280
34290
34318
34348
34354
34354
34358
34366
34376
34424
34464
34468
34486
34502
34512
34518
34520
34520
34528
34550
34568
34584
34592
34598
34610
34616
34622
34652
34668
34668
34676
34678
34712
34728
34754
34762
34768
34770
34770
34772
34832
34840
34842
34850
34852
34856
34872
34882
34900
34906
34906
34942
34944
34946
34950
34950
34956
34968
34968
34974
35002
35056
35080
35094
35122
35134
35138
35146
35240
35352
35480
35482
35518
35540
35662
35866
35880
36234
36340
36440
36528
36800
36866
38590
38610
39400
40108
40646
40860
41406
41506
41548
42610
42910
42962
43144
43236
44498
44604
44620
45142
45468
46516
46846
46958
47248
47998
48342
48914
49712
50200
50772
50994
52634
52684
52898
54194
54674
54932
55454
67178
67768
153278
174354
