Latencies
5370
5394
5396
5396
5404
5416
5420
5438
5438
5440
5448
5468
5476
5476
5480
5482
5484
5484
5490
5490
5494
5510
5510
5514
5518
5524
5530
5542
5554
5556
5560
5568
5568
5578
5586
5588
5590
5598
5600
5600
5608
5620
5620
5624
5632
5644
5650
5654
5656
5658
5668
5670
5682
5704
5704
5714
5724
5736
5738
5760
5766
5800
5812
5822
5830
5830
5836
5846
5846
5850
5880
5884
5888
5894
5900
5908
5908
5916
5918
5922
5936
5946
5952
5952
5966
5984
5990
5994
6008
6036
6036
6036
6040
6040
6058
6074
6082
6084
6104
6110
6122
6122
6148
6164
6186
6186
6196
6202
6238
6242
6244
6246
6246
6268
6268
6314
6326
6354
6402
6418
6508
6514
6560
6566
6568
6570
6642
6716
6716
6718
6720
6736
6766
6772
6818
6860
6892
6900
6902
6916
6944
6980
6992
7024
7028
7082
7082
7114
7144
7164
7188
7202
7232
7234
7382
7384
7464
7484
7516
7522
7536
7564
7698
7910
7910
7962
7994
8056
8068
8112
8134
8176
8190
8298
8374
8404
8412
8452
8478
8490
8520
8538
8630
8644
8674
8676
8780
8822
8858
8884
8906
8926
8962
8986
9030
9064
9076
9094
9124
9124
9142
9164
9166
9204
9220
9232
9334
9336
9342
9342
9368
9384
9420
9426
9484
9492
9498
9558
9602
9606
9614
9672
9686
9690
9714
9738
9744
9786
9796
9878
9918
9944
10014
10100
10108
10156
10158
10214
10274
10274
10274
10330
10402
10410
10498
10510
10528
10628
10652
10668
10704
10706
10708
10728
10756
10830
10846
10888
10896
10904
10988
11058
11066
11094
11108
11150
11190
11276
11302
11374
11390
11408
11426
11470
11478
11486
11516
11530
11654
11672
11712
11726
11750
11778
11788
11830
11876
11888
11966
12000
12060
12144
12266
12300
12320
12324
12334
12354
12360
12386
12388
12408
12424
12490
12504
12526
12538
12558
12564
12610
12646
12674
12696
12706
12752
12754
12790
12796
12844
12856
12860
12902
12918
12920
12948
13008
13020
13074
13100
13112
13118
13162
13208
13228
13240
13262
13292
13300
13318
13366
13406
13426
13458
13458
13468
13474
13506
13518
13522
13526
13628
13712
13714
13724
13726
13732
13742
13744
13772
13808
13832
13844
13850
13874
13906
13916
13924
13984
14018
14020
14024
14028
14036
14040
14064
14068
14106
14110
14114
14116
14124
14136
14144
14158
14180
14208
14230
14236
14254
14260
14264
14264
14266
14268
14274
14276
14290
14306
14308
14312
14318
14324
14342
14342
14342
14364
14386
14388
14390
14394
14422
14428
14434
14434
14438
14438
14442
14446
14450
14452
14454
14466
14466
14472
14484
14496
14496
14502
14516
14520
14524
14536
14540
14544
14552
14566
14566
14576
14578
14578
14578
14582
14588
14598
14600
14602
14602
14606
14608
14612
14612
14616
14616
14616
14618
14618
14624
14624
14626
14644
14650
14654
14656
14658
14658
14660
14662
14662
14668
14674
14674
14676
14680
14680
14690
14692
14692
14694
14694
14694
14698
14704
14706
14708
14712
14714
14722
14724
14726
14732
14732
14736
14736
14738
14740
14744
14744
14746
14752
14754
14756
14758
14758
14760
14760
14764
14770
14770
14770
14772
14778
14778
14778
14778
14780
14788
14790
14790
14794
14794
14796
14798
14800
14800
14802
14804
14806
14810
14810
14810
14812
14812
14812
14812
14816
14822
14824
14824
14826
14828
14830
14830
14832
14834
14836
14836
14838
14840
14844
14848
14848
14850
14850
14850
14850
14852
14852
14856
14858
14858
14858
14858
14858
14860
14860
14860
14862
14864
14874
14876
14878
14884
14884
14888
14888
14890
14892
14892
14894
14896
14896
14898
14898
14900
14902
14902
14902
14902
14904
14904
14904
14908
14908
14910
14914
14914
14920
14920
14926
14926
14926
14928
14928
14928
14928
14938
14940
14940
14940
14942
14944
14944
14944
14946
14948
14950
14950
14954
14956
14956
14964
14964
14968
14970
14970
14970
14970
14972
14972
14974
14974
14976
14978
14978
14980
14980
14982
14982
14984
14986
14986
14992
14992
14992
14996
14996
14996
14998
14998
14998
14998
14998
15000
15000
15006
15008
15010
15012
15014
15014
15014
15016
15016
15018
15018
15018
15022
15022
15024
15024
15028
15028
15030
15032
15034
15034
15036
15042
15044
15044
15046
15048
15050
15052
15052
15054
15054
15054
15056
15056
15056
15056
15058
15060
15064
15066
15068
15074
15076
15080
15084
15084
15084
15086
15088
15090
15090
15092
15098
15100
15106
15106
15108
15110
15112
15112
15114
15118
15118
15118
15120
15124
15124
15124
15128
15130
15134
15134
15140
15140
15142
15144
15144
15146
15148
15148
15148
15152
15156
15156
15156
15164
15164
15164
15166
15168
15168
15172
15176
15176
15178
15178
15186
15186
15188
15188
15190
15190
15202
15204
15204
15206
15208
15208
15210
15210
15214
15214
15218
15220
15220
15220
15222
15226
15234
15240
15244
15246
15248
15252
15254
15264
15266
15268
15268
15274
15276
15278
15282
15282
15284
15286
15290
15294
15298
15302
15304
15306
15326
15328
15328
15328
15330
15334
15334
15334
15336
15338
15338
15340
15346
15348
15348
15350
15358
15376
15382
15386
15386
15392
15396
15400
15404
15426
15426
15432
15434
15436
15438
15438
15456
15474
15478
15490
15492
15492
15494
15494
15530
15538
15542
15546
15552
15554
15564
15568
15574
15596
15598
15606
15610
15622
15626
15658
15660
15674
15700
15726
15726
15740
15748
15758
15764
15772
15806
15808
15816
15828
15860
15862
15966
15998
16024
16062
16292
16322
16356
16500
16626
16788
17078
17730
17844
18198
18726
18790
18968
18980
19200
19242
19638
22916
24234
24292
24292
24318
24330
24366
24598
24636
24664
24754
24768
24934
25214
25292
25336
25410
25498
26900
27810
27918
31450
33580
33758
34174
34390
34412
34500
34576
34608
34680
34704
35386
39274
44956
60250
816770
1683658
2374598
