Latencies
6684
7330
8630
8754
8894
9468
10134
10918
12008
12182
12338
13084
13140
13318
13528
13686
14206
14516
14898
15458
15496
15508
15560
15832
15956
16074
16096
16394
16432
16594
16608
16860
16912
16928
17022
17196
17612
17832
17850
17892
17950
17974
18050
18088
18206
18536
18902
19006
19178
20002
20416
20504
20818
20896
20968
21376
21406
21460
21544
21592
21656
21688
21828
21878
21984
22010
22014
22116
22156
22244
22274
22308
22546
22636
22702
22748
22780
22952
23054
23066
23086
23314
24080
24228
24258
24276
24328
24336
24578
24592
24642
24642
24662
24674
24802
24842
24862
24872
24878
24934
25020
25054
25150
25162
25216
25250
25300
25312
25350
25376
25412
25464
25478
25682
25730
25904
25910
26002
26184
26196
26368
26630
26816
27066
27244
27270
27318
27484
27534
27626
27638
27658
28010
28130
28330
28482
28830
29050
29104
29136
29414
29550
29608
29748
29754
30190
30474
30510
30928
31022
31080
31128
31190
32098
32218
32240
32348
32370
32540
32726
32782
32814
32874
32956
33082
33156
33332
33568
33638
33650
33654
33776
33820
33824
33840
33876
33952
33970
34010
34014
34054
34056
34102
34124
34148
34210
34242
34246
34250
34324
34330
34374
34376
34382
34394
34398
34414
34450
34456
34468
34468
34476
34478
34502
34504
34538
34550
34554
34560
34564
34572
34592
34604
34606
34610
34616
34634
34640
34654
34668
34740
34742
34750
34752
34770
34774
34776
34784
34856
34890
34890
34900
34934
34968
34972
34980
35016
35028
35086
35148
35152
35158
35164
35192
35210
35350
35374
35392
35416
35504
35512
35546
35628
35636
35976
36210
36476
36482
36586
36594
36656
37062
37210
37264
37358
37706
37922
38554
39058
39218
39264
39760
39820
40014
40218
40330
40460
40840
41390
41426
41506
41738
41802
42080
42112
42288
42534
42610
42846
43044
43140
43292
43374
43440
43456
43464
43512
43522
43640
43670
43680
43692
43700
43748
43766
43948
43976
43988
44008
44036
44058
44086
44128
44144
44144
44166
44242
44242
44276
44284
44320
44348
44376
44376
44398
44406
44416
44442
44444
44450
44458
44476
44524
44552
44576
44666
44674
44682
44686
44688
44692
44754
44754
44804
44806
44808
44930
44930
44954
44962
44992
45088
45108
45132
45190
45256
45260
45276
45284
45478
45480
45484
45532
45616
45974
46016
46124
46196
46254
46266
46944
47032
47364
47762
47894
48090
48210
48248
48390
48424
48642
48750
48816
48976
49210
49524
49638
50174
51196
51350
51498
51644
51662
51754
51864
51882
52630
52728
52784
52826
52838
52960
52976
53068
53134
53234
53270
53436
53452
53504
53528
53562
53564
53604
53626
53634
53668
53670
53680
53698
53710
53724
53752
53760
53770
53776
53780
53788
53788
53830
53832
53846
53852
53866
53874
53876
53878
53910
53922
53924
53926
53952
53956
53960
53968
53990
54016
54022
54032
54034
54036
54036
54038
54072
54078
54084
54098
54100
54102
54106
54118
54162
54164
54226
54240
54250
54264
54280
54300
54310
54326
54342
54350
54408
54414
54418
54462
54472
54474
54476
54492
54514
54524
54594
54650
54666
54674
54696
54760
54834
54874
54876
54890
54974
54990
55004
55024
55112
55112
55140
55198
55268
55342
55376
55382
55444
55562
56670
56928
57596
58868
58952
59138
59410
59774
59784
60170
60772
60794
60820
60980
61118
61424
62054
62060
62654
62758
62974
62990
63004
63118
63120
63194
63226
63276
63338
63412
63460
63476
63480
63604
63654
63678
63714
63740
63752
63856
63906
63922
63932
64010
64018
64162
64170
64184
64196
64262
64322
64376
64408
64492
64510
64584
64866
64914
65128
65146
65206
65222
65238
65270
65402
65542
65620
65672
65930
66266
66596
66778
67582
68300
69492
70330
70778
70792
70876
71392
71882
71952
72146
72400
72616
72622
72690
72728
72740
72748
72748
72780
72844
72904
72922
72950
72972
72974
73022
73030
73042
73056
73062
73090
73124
73156
73160
73170
73200
73202
73212
73214
73220
73232
73240
73252
73262
73264
73266
73282
73282
73284
73286
73304
73312
73320
73338
73338
73368
73388
73404
73440
73456
73456
73478
73480
73488
73488
73496
73500
73502
73512
73518
73528
73534
73542
73584
73600
73612
73648
73660
73668
73682
73692
73692
73698
73700
73702
73702
73706
73708
73712
73718
73732
73758
73770
73780
73788
73794
73796
73796
73820
73836
73872
73892
73894
73928
73970
74016
74022
74030
74076
74082
74092
74094
74134
74156
74180
74182
74222
74254
74276
74342
74354
74358
74404
74500
74530
74546
74552
74810
74822
74858
74896
75566
75960
76608
77196
78874
79418
79552
80356
81332
82132
82428
82486
82632
82688
82752
82768
82958
82986
83230
83374
83532
83636
83754
83882
84006
84192
84710
84734
86054
86072
86102
88048
89020
89378
89574
90108
90842
90940
91516
91520
91522
91722
91760
91782
91800
91800
91928
92100
92104
92112
92150
92224
92242
92246
92294
92322
92344
92352
92362
92370
92390
92428
92432
92434
92440
92458
92476
92484
92498
92512
92536
92536
92548
92614
92624
92640
92672
92672
92700
92704
92724
92754
92766
92770
92772
92782
92832
92868
92868
92878
92884
92894
92906
92910
92910
92920
92920
92950
92966
92972
92972
92980
93002
93028
93046
93058
93080
93102
93106
93114
93162
93166
93184
93192
93198
93260
93266
93288
93294
93302
93312
93332
93340
93358
93358
93368
93390
93418
93452
93474
93476
93476
93526
93702
93712
93714
93716
93734
93746
93748
93766
93778
93790
93840
93856
93994
94000
94020
94044
94058
94076
94116
94116
94120
94250
94252
94334
94354
94354
94390
94740
94942
95106
95444
96074
96882
97048
97642
99218
100632
100722
101344
101898
102012
102128
102972
103308
103864
103988
108360
108368
108920
110608
111408
111576
111672
111848
111882
111892
111922
111950
111962
111992
112068
112078
112098
112130
112148
112154
112156
112238
112244
112268
112288
112298
112310
112314
112398
112408
112450
112470
112472
112474
112480
112484
112492
112528
112536
112556
112584
112586
112600
112644
112780
112802
112806
112884
112924
112942
113036
113112
113132
113150
113272
113370
113478
113530
113534
113576
116086
118640
118868
122190
122268
122278
122302
129778
130838
131102
131174
131490
131542
131696
131718
131916
131926
131956
132002
132024
132056
132162
132190
132196
132262
132308
132358
132406
132476
132728
132742
133134
133452
134438
141308
141876
146486
152130
161478
196878
224410
249114
293242
302144
499346
527192
551954
712246
1593674
3822568
