Latencies
5950
5810
5530
6006
5410
5716
6026
5714
5516
6146
5880
5552
5702
6026
5690
5480
5466
5546
5442
5968
5456
5856
5634
6176
5478
5998
5376
7350
5642
5934
5590
5976
5778
5976
5836
5454
5768
6062
5810
5552
5672
5438
6964
5682
6438
6714
5822
5382
5446
5808
6256
6358
6230
6118
5928
5560
6616
5400
6004
5564
5734
5462
5552
5976
5702
5376
6722
6436
5420
6128
5496
5368
5774
6194
6016
5438
5546
5392
5720
6700
5780
5906
8122
5352
5448
6796
5764
5376
5902
5702
6092
5394
5894
5366
5420
5648
5948
5426
5836
5876
5664
6154
5408
6210
6210
5388
6068
5994
5514
6192
6494
5324
5392
6248
5368
5722
5622
5504
5388
5370
5492
5418
5648
7362
6574
5472
5942
6626
5566
6130
5518
6758
8478
5434
5342
5408
5302
5496
6208
5906
7800
6230
5450
5804
5730
5376
5978
6180
5782
5680
5342
5384
5410
5618
5714
5466
5266
5592
5668
5352
6482
5480
5390
5502
6056
5738
5798
6204
5794
5378
5412
6430
5448
5764
6060
5452
5514
6092
5322
5286
6904
5412
5964
5400
5408
5928
5574
5482
5754
5932
5710
5570
6710
5754
5800
6198
5736
5480
7066
5384
5286
6580
5824
5382
5900
5580
5650
5378
6702
5438
5548
5514
5678
5428
5508
5766
6220
5368
6020
13340
5532
5960
5956
5756
5612
5478
5628
6226
5476
12768
5592
5472
6466
5408
5420
6448
5782
5540
5804
5492
5938
6066
5388
6826
5398
5918
6196
6110
5702
6248
5540
6134
5642
5882
5440
6102
5396
7440
5450
6616
6170
5382
5706
8610
5518
5506
5466
5318
42322
5394
24398
6510
5486
6000
5474
5866
5724
5396
5396
6156
5536
5424
5488
5422
5384
5666
5410
5984
5368
5558
5344
6492
5414
5904
5382
5418
5438
6304
6212
6650
6126
5878
5546
6898
5554
5942
6146
6800
5684
5428
5510
5918
6164
6482
5670
6596
5878
5764
49896
7966
8344
118720
10062
9734
9444
9296
9658
9096
45138
104396
8632
7394
6800
6800
7316
5888
5574
5648
5566
6892
5510
6790
5534
6326
5446
5514
5600
5478
5498
5520
6330
5536
5864
5638
6032
5406
6090
5432
6120
6846
5464
5898
5404
5502
5366
6020
5266
5974
5410
5448
5486
5820
5602
5704
6198
5470
5436
7040
5748
6214
15014
6036
5382
5462
5492
6224
5778
5476
5312
5444
6160
5938
5758
5428
6428
5998
5574
5436
9028
5438
5698
5452
5524
5976
5486
5534
5534
5478
5382
6276
5344
5344
5596
5472
5558
5532
5366
6140
5404
6014
6202
5824
5682
5410
5580
5588
5296
5628
5444
6312
5748
5350
5380
5362
5854
6110
5736
5698
5648
5938
6256
5884
5442
5632
6124
7052
6374
5390
5706
16960
5502
5412
5412
5404
5428
5922
5806
5380
5446
5718
5660
5418
5290
5574
5392
5310
5534
5336
6406
6870
5552
5806
5718
5340
6022
5456
6206
6478
6282
6276
7070
5462
5462
5756
5282
7126
5420
6272
5302
5466
6782
5966
5820
5842
5702
12498
5618
5368
5370
5362
7202
5412
5402
5954
5400
5542
5738
5314
5832
5416
5326
5368
5552
5840
6484
5326
5354
6172
5694
5438
5520
5274
5322
5510
5390
5696
5338
5768
5368
5260
5552
5744
5514
5438
5772
5444
5916
5378
5396
6126
5734
5512
6182
5846
13308
6198
5402
5534
5796
7590
6034
5590
5720
5392
5694
5322
5578
5278
5370
5490
6210
5402
5438
5388
5960
5722
5386
5998
5850
6620
5212
5718
5766
5370
5538
5742
5418
6456
5556
5288
5338
5714
5976
5714
5750
5296
5770
5242
5606
5380
32212
5554
5336
5394
5416
5454
5446
6270
6266
5550
5430
6056
5898
6126
5340
5282
6792
5262
5812
5472
5444
5340
5352
6254
5228
5984
5494
5414
5488
6186
5960
5668
6262
5836
6288
5454
5396
5346
6784
6402
5722
5434
5480
5508
5558
5386
5448
5630
5380
5252
5550
5346
5334
32302
6206
5150
5428
6210
5544
5408
5262
5450
5366
5366
5630
5790
5448
5966
6048
6220
7066
6160
5278
5442
5458
6508
5740
6216
5752
34414
6248
5498
6004
5392
5420
5418
5584
6228
5654
6330
5404
5812
5302
5620
5790
6114
5386
5446
5334
5548
23574
5366
5392
5398
5340
5452
5942
5984
5972
5448
5322
5974
5404
5358
6414
5378
31552
5296
5908
5774
5338
5372
6288
6274
5236
5348
5496
5378
6360
5332
5360
6054
5406
5362
5858
5426
5554
5498
5428
5492
5510
5374
5470
5532
5402
5414
5528
5632
5348
5454
6216
5434
5490
5944
5476
5430
7966
6734
9706
5652
5916
5710
6010
5726
5416
5388
5370
5662
5414
5470
5352
6440
5704
5860
5746
5366
5946
5416
5496
5442
5400
5306
5380
23586
5472
5290
5484
5348
5924
5198
5286
12294
6784
6732
5416
5950
5656
6206
5408
5394
5596
5252
5292
5476
5334
5210
5606
5176
5300
5416
5904
6362
5404
6036
5402
5992
5790
5456
5644
5634
5408
5582
5524
5500
6158
5758
5574
5566
5554
5828
5808
5312
5356
37166
6714
5964
5274
6686
5492
5704
5742
5598
5602
6214
5546
5182
5778
5890
5348
5578
6174
5538
5470
5494
6156
5744
6422
5446
5364
5362
6390
5394
5524
5310
5458
5340
5378
5448
5466
5670
5306
5438
6008
6368
6274
5456
5400
5616
5296
5820
5394
5330
5306
5392
5900
5772
5450
5348
5288
5962
5942
5640
5638
6208
5516
5962
6142
5896
6120
5506
6002
6108
5876
5742
5524
5558
5928
5994
5910
6178
7482
7010
5712
5520
5702
5402
6868
5914
6120
5984
5468
5498
5376
5626
5576
6420
5860
5498
6458
5394
5598
5418
5542
6620
5322
5588
5734
5578
5730
5766
5600
5944
6232
5366
5602
5408
10634
5306
6172
5440
5386
5992
6082
5388
5310
5698
5378
5450
5362
6280
5458
5500
5564
5740
6220
5986
5430
5440
5494
5984
5354
5350
6434
5824
5380
5782
5414
6182
6006
6200
6700
5476
5710
5322
5878
16524
5984
