Latencies
7120
5474
5468
5522
5672
5362
5356
5326
6204
5358
5416
5396
6050
5874
5420
5998
5380
5366
5596
5418
5876
5294
5368
5468
5420
5990
5386
5512
5828
5440
6840
5406
5840
5454
5358
5560
5460
5964
6096
5894
5474
6106
5306
5530
5694
5878
6020
5326
6180
7008
5880
5650
5494
6304
5926
6128
5574
5774
5870
6104
5836
5836
5802
5962
5942
6022
6232
5662
5816
6066
5488
5516
5812
5840
5744
5698
5654
5748
5460
6370
6410
5996
5868
5468
6104
5334
6952
5742
5464
6386
5316
5752
5396
5616
6282
5322
6436
5656
5484
5508
5758
5560
5444
5538
5398
5828
5558
6548
5540
5800
5710
5484
5414
5840
5660
5468
5430
5958
5506
5982
5606
5572
6160
5496
5548
5838
5440
5816
12108
5460
5670
6058
6248
5658
5896
5772
5894
5814
6258
5562
5396
5658
5544
5774
5518
5786
6874
5906
5804
6342
5900
6132
6172
6416
6528
5542
5364
5542
5862
5812
6010
5618
5962
6018
5754
5352
6030
5528
6310
5466
5582
13224
5532
5474
6910
6142
5812
5468
6152
5926
5804
5508
5340
5862
5398
5946
6242
5502
5518
5496
5284
5770
5342
5922
5636
5574
6054
5586
5668
5430
5334
5364
5392
6134
5696
6190
5484
5322
5930
6140
5734
5682
5784
5728
5936
5580
6486
6454
5378
5814
5386
5958
5440
5396
6356
6012
5350
5596
5536
5898
5378
5544
5506
5398
5542
5952
6198
5506
5420
5426
6018
5822
5776
6146
5932
5580
5514
6036
5906
5512
5850
5656
5486
5454
5924
5422
5670
5948
5846
5352
5472
5468
5534
5834
6192
6158
5368
5916
6082
7162
5962
5340
5470
5626
5678
6166
5352
14466
5816
6470
5882
6190
5858
5426
5354
5638
6516
5848
5670
6126
6258
5864
6154
6156
5554
5910
5266
5944
5490
6252
6080
6068
5350
5626
6176
5510
5858
5806
5372
6016
5494
5358
5566
5388
5714
5446
5496
5312
5772
5856
5374
6344
6112
5292
5868
5520
5552
5494
5482
5532
5260
5990
5452
5832
5842
5362
5782
5364
5412
5818
6306
6430
5622
5414
6314
5548
5480
5502
6076
6130
5486
6380
5922
5342
5476
6122
5750
5408
5514
6384
5518
5518
5836
5708
5690
5496
5536
5930
5806
6468
5398
5602
5550
5838
5388
5460
5526
6298
6192
5738
5422
5520
5754
5348
6830
5328
5770
5352
5574
5228
5414
5362
6026
5316
5562
5416
5738
6370
5926
5412
5464
5574
5796
5666
6244
15306
6306
5470
5384
5278
6266
6594
5474
5770
5292
5278
5804
5908
5352
6512
5554
6796
5826
5874
5842
5690
5792
5730
5846
5750
5552
5558
5436
6042
6190
5498
5486
5300
6972
5810
5546
5998
5598
5518
5736
5574
5434
6074
6034
23844
6022
5514
5696
5254
5554
5364
6192
5510
5428
6010
6044
5604
6678
5996
5518
5344
5650
5492
5574
5822
6604
5658
14654
5412
5854
5400
5326
5380
5540
5834
6542
5450
5828
5790
6370
6194
5330
5710
5794
6330
5314
5544
5334
8420
5476
5682
5396
5502
5850
5524
5574
5396
5948
5420
5372
5650
6130
5802
5540
5696
5548
5826
5986
6208
5476
5652
5456
5548
5780
6054
5460
5808
6208
5572
6594
5850
5852
5402
5996
5404
6260
5362
6152
5680
6848
6124
5748
5530
5530
6266
5610
5772
5368
5924
5848
5810
5292
6038
5944
5834
5514
5676
5676
5790
5912
6168
5516
6106
6114
5348
6408
5672
6238
5670
5660
5502
5322
5486
6504
5454
6026
7322
5502
5632
5634
5416
5406
5464
6010
5442
5242
6310
5724
5458
5740
5742
5484
5684
5880
6094
7028
5404
5480
5516
6036
5678
5642
5986
5730
5672
15346
5512
5574
5394
6168
5728
5550
5704
5426
5366
5520
5906
5552
5572
5890
5524
5748
5796
6150
15794
5482
5934
5590
5768
5498
5616
5504
5596
5394
6198
5736
6274
5774
5440
5700
6036
5440
5506
5366
5794
5440
5618
5528
6382
5550
5526
17240
5930
5500
6210
5702
6152
6528
5650
5534
5496
6236
5718
6016
6020
5968
6322
5778
6144
6290
5890
5700
5626
6228
5576
5308
5462
6074
5996
5510
6106
5674
5818
5592
5458
5590
5590
5568
5980
5918
10388
5434
5868
5382
5490
5598
5658
5458
5492
5836
5634
5594
5400
5434
5902
5418
5662
6076
5514
5660
5828
5562
5704
5926
5494
6224
5710
5994
5778
5700
5558
5522
6180
6044
5750
6012
5380
6116
8718
6058
5492
5356
5692
5452
6502
5536
6344
5950
5530
6778
5504
5538
5574
5458
5404
5614
6214
5830
5482
5872
6190
5736
5630
5806
6110
6004
5620
5522
6116
5604
5300
5314
5994
5490
5428
5562
5922
6834
6040
5546
5812
6284
5764
5756
5668
5574
5814
5612
5402
5710
5736
5382
5796
5732
5372
5570
5452
7564
5468
5826
6016
5984
5402
6500
5412
5366
5328
5658
5304
6228
5344
5518
5486
6232
6842
5866
5656
5508
5484
5618
5480
5496
6102
5434
5750
6048
6146
5510
5908
5878
5358
5950
5622
6712
5812
5546
6332
6296
6156
6660
5424
5478
6042
5290
5434
5396
6006
6706
5590
5596
5594
5516
5454
5938
5900
5704
5546
5564
5442
5330
5312
6294
5442
6134
6064
6142
5342
6048
5416
5574
5484
5492
5736
5616
5386
5498
5544
5606
6066
5982
5736
5670
5508
5812
6062
5326
5640
5670
5226
5488
5922
7328
5876
5574
5544
5592
5414
5944
6348
5886
5658
6592
5846
5796
5702
9708
8346
6078
5800
6032
7026
6492
5880
6044
5728
9858
8598
7258
6276
5554
5898
5554
5716
5504
5858
5914
5564
5394
5802
5428
5460
5468
5914
5616
6126
5416
5392
5712
6014
5934
5982
5492
5736
5774
5378
5472
5730
5554
7354
6120
5750
6032
6252
5408
5402
5562
5722
5530
5994
6084
6330
5602
6020
5374
6278
5440
5640
5522
5492
6178
6032
5536
5758
5508
5492
5578
5550
5516
6336
6014
5366
5628
5648
6132
5372
5342
6806
5376
5742
6832
6002
5456
6056
5550
5828
5578
5858
5758
5494
5656
6104
6086
6796
5878
5590
6350
5914
