Latencies
6292
8900
14654
12280
11712
6098
14746
13768
7790
13962
15544
8892
10734
11396
7758
9290
10972
6362
6728
11114
15116
8894
6484
6152
5558
7712
9498
6182
5952
5650
6972
6008
7250
7120
14380
5864
13964
5484
7362
9360
8530
16254
5774
13056
17544
9842
12616
26762
10664
5988
18794
14918
7426
9458
15516
19422
11302
6278
9010
14976
19844
9486
15036
13630
15314
11530
10174
11882
10746
8720
7018
6378
6892
7700
5422
15832
9648
19872
19454
7510
10910
16208
12334
13730
7886
7556
7910
7296
7542
7796
7484
7476
11122
18152
9150
12920
15012
14406
15172
15008
34804
13840
6442
6042
6898
11242
13892
14374
6026
14810
19280
6202
13408
12026
6258
16672
13342
8236
12654
10034
13464
11624
9928
10792
9548
12758
8634
9004
8134
7554
7974
5798
7974
5678
5998
5696
7468
5918
8544
6200
7670
6624
7036
6266
5754
5636
5848
5532
5990
5898
6256
5352
5904
5570
5842
5424
6076
6460
5408
9508
14062
7338
5634
5554
15022
15462
8374
10854
14592
15682
14696
9736
24734
15032
15248
186046
23594
11742
15136
23478
7068
6766
14430
15042
24608
15068
14258
15236
53058
15014
6084
7974
6884
12734
11772
5874
5728
5994
5696
6196
5442
5370
9834
15254
10198
13100
5714
7992
13660
10166
10110
14570
7212
11104
12040
7558
6162
11514
15278
15098
14994
7620
7576
14292
5466
5726
7680
12890
9380
13494
14836
14076
23914
15036
7756
14104
12912
23514
12790
10802
11844
5428
5950
6088
5422
5620
6302
6882
7010
13830
8606
9384
6818
6286
15018
8766
13380
8264
9930
22976
11182
5510
5658
15196
8420
14712
6390
12708
14086
8184
14202
9372
12078
8530
9634
12994
9120
12558
8010
11510
8848
15214
5740
6254
12066
10688
14056
11152
9896
5570
12848
6286
7784
6780
7268
9156
14650
9858
14380
18386
13636
6356
5888
24274
15300
14584
14920
7420
14236
14692
14038
8730
9714
8994
12276
14832
6000
5458
5514
5406
10526
10646
2351904
14708
15066
15442
11560
5506
12492
9818
11332
5428
6466
14030
7460
6138
15636
15194
14584
15096
14980
14950
5698
5454
5590
14346
14244
12728
15382
10516
9520
15264
12926
13416
9946
14418
14940
15400
12850
11544
13622
5716
10096
8384
13238
11032
24216
14666
15044
14414
15074
15066
14798
14860
15064
15070
15028
14424
7056
13136
9746
6062
5430
6478
9974
12968
13946
9916
8438
7450
11234
14660
9632
8636
7558
1550768
6238
5504
8022
15882
17714
16234
10320
11792
6580
14714
25264
15824
14218
13410
11122
15684
10042
11710
12830
13262
11262
7856
6390
12720
13570
14314
6946
5542
6274
6028
6008
5798
6224
5406
5624
6158
5528
5482
5598
9016
14674
8986
7648
8082
12196
11176
8258
14442
7416
8450
9360
18258
24254
13410
11478
6324
9482
14970
14886
14658
5970
13932
10524
10556
11244
7290
14800
12408
14394
14516
6722
14086
11548
13294
14480
9206
6744
10710
11260
21686
13426
15634
14732
15020
15048
5862
13294
10030
15058
8138
9158
6056
9090
6202
9750
7876
10084
14486
8474
6990
7002
13390
5444
5616
5558
5898
6234
5910
5800
11386
14536
6866
12360
14940
10878
7202
11406
9062
13322
15762
11862
14994
14664
14550
13458
5874
8240
5388
15010
24476
15050
15016
14706
14780
14840
15072
15022
15060
15126
14986
6258
6598
15340
10140
9100
5868
5548
14656
6532
8272
9542
8108
5736
15736
5394
5832
5388
5430
5458
5338
5378
5372
5616
5774
5456
6618
5448
5378
5484
5508
5844
5534
5446
6144
6262
6340
5624
5448
15398
13492
15690
7176
16032
6712
14144
11158
5784
14768
6984
10664
15282
15162
11596
14798
12232
33738
15086
14694
14804
15300
14802
15140
14780
13030
14668
11016
6434
5480
5558
6502
5644
14774
12464
11558
6232
5902
5832
5628
7766
15172
24928
14368
13526
6400
10162
9752
5994
5456
5866
5442
5724
5550
15592
10188
8778
11764
14410
7234
8262
14346
13020
14822
15552
10040
20028
6136
6602
12188
10674
6142
5326
15104
7980
20120
16046
9184
14082
20358
12286
15578
5558
10126
14852
15182
15298
14366
25254
14072
14614
14590
16016
14674
15090
13102
14454
9766
5958
10238
12762
6916
5732
5864
5490
6030
5428
5578
5448
5968
5356
5440
5534
6216
6178
5426
6176
5516
5644
5728
15192
14340
14818
11822
22708
8014
12762
6002
13198
11318
14242
14836
6750
9976
5882
5384
14054
6432
13800
15130
14612
11426
7132
24268
12148
15598
14850
12590
11314
14080
5986
9434
13834
5540
11364
8310
5422
5546
6040
6124
10444
10544
12672
9882
9830
13582
14598
14558
15112
15720
15610
14732
15538
6660
8050
6878
14818
11820
14742
14534
13990
6600
6032
5534
5644
5528
5818
5556
5568
5466
5444
5508
11134
6894
5668
6244
5832
5418
5772
6000
5392
5790
5740
30850
6344
5506
5520
5456
5414
5924
6356
5542
5438
5732
5484
5704
5648
5934
5796
5790
5336
6200
5662
5792
5394
5836
5664
10998
13390
15382
6474
6610
24282
25036
14540
14382
14730
15742
14946
15036
14846
14860
15256
14598
14986
15020
15424
14776
14678
15590
14846
14590
14906
14776
15198
11988
15822
15026
15114
14056
10072
11406
11432
6628
13544
6928
6050
5820
6018
24512
15024
14972
15062
14672
14774
15254
8024
9510
28142
14548
12466
5628
5350
5548
6004
6210
5444
24226
14884
14608
15126
14316
15334
14876
15276
10630
9688
12010
15324
10826
14110
5784
5762
7218
14442
9546
6398
12768
8516
10942
13472
11844
11706
11532
25022
14250
15054
14836
14858
15076
15016
15038
24640
14852
14924
15142
14936
15052
13252
9620
14268
13352
8548
7648
13254
5342
7034
6246
14122
8570
11676
9606
14512
10846
7582
9248
10526
13184
13974
6212
10660
21846
14044
13686
6920
11350
13826
15218
8384
10774
9536
7896
9584
6290
5668
6270
14784
11266
14234
24416
14596
14150
15036
14826
15066
15146
15026
14940
6074
13664
9186
14750
12580
14642
7016
10712
15350
11656
5990
5610
6104
8438
6584
12278
8342
22072
7022
10988
12510
14144
8928
174380
5474
6360
5732
14440
11324
14552
15794
14582
14738
8426
6338
15290
14272
14428
5440
9028
6324
7316
6000
5484
6028
6260
5668
