Latencies
25138
56318
7780
13290
51730
14790
15624
34436
15146
16656
14740
9382
7844
13286
6160
5188
5580
6530
15058
10134
10574
12470
10106
8224
6758
15484
9794
11594
6784
8150
15450
11848
9996
6668
7552
8904
11452
12574
15410
11624
13604
9750
14076
8446
7930
13792
5944
15580
13534
13114
17858
13784
12016
10610
9048
6000
10214
14516
8306
9902
1634914
5558
25488
5840
6018
8722
14016
7754
6642
12036
11326
15872
7370
10216
8002
14482
9536
14638
14852
6024
5826
5222
5490
11460
13814
15628
6184
6700
6040
25380
15184
15270
14896
6032
6434
12066
11386
6012
13354
11794
9156
15298
8656
7304
15278
15096
15022
15072
23674
223924
14868
11626
6428
5508
5540
15538
13170
8098
9452
7666
20944
7946
14014
5922
24578
14508
14910
10230
15318
15668
15028
15040
11268
14018
14208
11136
11352
7990
8244
8222
11840
11336
14208
14380
9224
25018
14836
15226
15190
14626
14672
15240
15246
14780
9068
10552
13294
8962
23332
14180
14262
14796
14982
11254
7252
15100
6200
13058
14408
8772
5558
5608
5346
5876
5508
10610
7220
7188
14986
15568
11340
13588
10286
15514
11256
8514
7866
9138
14124
8924
12784
15216
11136
9150
14994
9292
15864
6024
5882
5436
6258
5318
6090
5306
8812
15838
9696
15528
10668
9848
5974
6224
10498
6734
6666
11098
14644
21838
15148
10634
12596
15646
10982
10082
15910
16226
19972
5842
25062
15764
15210
24228
24424
12298
11894
12084
8950
8896
15174
11418
5226
5908
5576
5672
6476
6054
14500
8270
6830
15410
15486
13080
9926
7504
11038
14130
15616
14984
11796
12824
8000
7388
5774
10966
8350
5354
9250
7474
9996
8954
8346
14376
9380
11938
14966
7874
10406
13126
12684
12708
10904
5604
5562
5340
5886
30608
10086
5626
9236
8356
15500
8038
12864
15732
9084
12806
14024
18768
10468
13920
14682
9202
5302
5976
5278
5252
15356
28020
14080
5512
5674
15242
10994
7400
11502
6910
5864
14260
12422
9424
9214
6100
9240
10300
15476
14910
14732
14588
15826
39064
6976
14830
9142
14752
13204
17846
13630
7096
8218
15686
11304
11324
15474
14694
13242
5270
5292
5884
20162
14566
12116
7184
13924
9360
6346
15122
9194
14542
6690
10268
10916
43150
13190
5622
5616
5540
5754
7688
5772
12272
14516
14496
15900
15084
15074
14724
14736
10818
10298
8338
13236
32742
15716
12424
14520
7570
9512
6906
10670
9450
6370
14486
11886
6906
13116
15566
11528
15600
13392
11272
5358
5588
6128
6772
11600
7156
12328
13922
7516
12616
10380
11154
6730
9816
14534
15534
7212
17364
8910
10812
10724
5342
8100
13488
9350
12742
7298
11666
12994
11188
14250
11522
6310
226132
5440
5892
5564
5888
5954
5358
5884
5518
5576
18814
12934
8170
12224
15052
13220
7750
7402
6448
11406
11350
13790
25080
14664
14928
15082
15594
12070
21314
10944
5600
5852
5578
6568
7754
9804
15004
6990
7982
7550
7318
23892
15784
12994
8150
11984
10948
14544
6408
13680
13028
14984
13212
7620
13310
10380
15202
17388
8812
7156
5986
7164
10470
15522
15544
6100
11374
6018
6382
15372
9062
34512
14912
15250
12060
7172
24980
14388
15666
14900
14890
15100
14808
14770
15262
15192
15838
15076
7136
10054
9666
8186
7304
7164
5690
6428
5292
5896
5726
5638
5416
5890
5624
5416
11824
14952
9076
6494
5614
5196
5528
5694
5300
5726
5376
5334
5362
5732
5572
5238
5444
5242
5842
6012
5304
5772
5318
5674
5270
7830
11538
9430
8404
7618
6484
7664
12068
6842
6420
6832
8302
8812
12220
24468
15484
15910
15220
15564
15660
14758
15124
14872
14914
15186
15228
15550
14900
15218
15416
13130
10998
13068
10454
11600
15282
11790
7490
11262
14040
14340
12666
13374
12574
5758
5330
8878
9008
8384
14594
6988
5476
5840
5750
5734
5618
5870
5252
5686
5276
5600
5254
5392
5278
5322
5300
5286
8016
7210
7708
9068
8474
10202
12930
5948
12838
9640
5848
10462
14036
10410
9942
9784
11712
7150
6950
5536
6136
5750
5312
5574
5560
5438
5432
5880
5476
5446
15354
8908
5490
9676
11808
9192
39300
13680
15174
8830
13918
12042
7390
7742
14776
15080
15178
15374
14638
15530
14632
15556
14864
15718
14630
15550
14828
15586
15230
15426
14872
15098
14780
15586
5864
5988
5472
5510
5314
5374
5846
10934
9346
10108
9480
13274
6718
10810
13898
13862
5732
24418
14694
15294
14784
15018
15148
14906
14874
15262
14980
14780
38776
10802
10700
8126
8288
5498
5576
5922
5428
5394
5276
5850
6688
6414
6478
5676
5500
5480
5576
6016
8350
13078
7916
5866
5472
9052
5430
7234
6080
5482
5476
5518
5342
6078
5314
5810
5486
5514
5362
5634
5594
5808
5514
6154
5448
5536
5174
5662
5530
5258
7382
5518
6050
5240
5678
5694
6006
5380
5750
15318
15268
15262
15106
14494
9122
6542
11012
12428
14956
7014
8352
10358
13618
6202
5740
6308
5796
5270
5390
5594
5668
5362
5346
5488
5604
5442
5394
5396
5328
5358
8274
10270
6196
15296
14786
15030
14618
15418
15422
9020
7516
12152
14784
13720
13010
15470
9768
9742
8826
5544
6072
5690
5380
5398
15542
14786
14898
14716
14940
14982
14878
14830
15208
15174
15604
15272
14900
12254
9076
7244
12230
15130
11548
8370
11982
14608
12224
5958
13032
5878
5420
6070
6142
5700
6030
5606
6116
5840
6170
5480
6086
5916
5506
5394
5834
5518
6594
5648
5480
10196
12948
5762
8194
12346
7060
14792
16490
14120
21812
14368
24522
14778
15332
15370
15260
14818
15492
15234
15402
14994
15182
15478
15092
5404
5714
6118
5584
5676
5846
14906
6730
9952
15858
12816
6432
6612
6664
6174
6150
5778
5804
6152
6240
6262
6368
6084
6122
6482
5630
10494
10792
9806
13484
14162
5972
9642
10950
14860
15632
10986
5842
6118
5874
5818
5954
5432
5840
6640
5686
5404
5374
5506
5294
5296
5322
5928
5368
5316
5486
5534
5374
5360
5888
5784
5366
5436
6100
