Latencies
24138
10074
12170
7600
21770
11046
59008
7426
14668
7198
6098
14646
10332
6194
9732
7576
13852
11050
24982
15072
14994
14422
14886
14194
9786
10022
7300
8778
9008
13642
7564
11170
12036
7004
7248
5768
13530
10370
15598
10426
8366
6164
15244
10598
5822
9610
12734
9716
6500
12420
7842
5848
9246
15188
5452
15374
15142
9182
10344
12150
10628
9068
11946
12854
6666
20182
11744
6596
6038
5388
5266
5338
5594
5230
14784
7888
5284
7060
8014
14402
10766
13406
5896
10306
14872
11482
14764
9780
7316
12684
11504
6434
14464
9878
14868
9006
11726
8650
14886
14918
14768
15062
13348
6710
5682
15324
15712
14630
8968
15212
15150
14792
15114
15168
14936
5418
5688
6014
5864
5276
15268
11842
6530
6834
6072
6514
14986
14750
10008
12842
24640
15242
14870
15478
11100
12338
11574
10546
10788
14380
15982
5464
14958
6504
8992
15736
12000
12714
7254
8034
6888
8770
5358
5488
5544
5856
14740
15304
14910
15420
11084
5912
5526
14166
7640
5810
5450
6028
14156
6090
5544
6956
6026
8216
16400
11844
14358
15466
5690
9434
7182
9742
14682
10156
13880
11328
15314
13618
15144
11202
9978
13000
13632
13100
12600
5462
6128
5524
5520
6182
6690
14698
15314
15090
10904
5804
15184
15514
10610
18416
11242
13856
12060
7886
10874
5644
6674
13300
7676
14386
14050
7248
9636
5718
5636
15076
13082
12616
9634
14646
14038
12856
7744
11508
11180
8078
13884
24334
15528
14814
9572
14842
15370
15292
15030
15206
15330
15086
15264
14984
9280
6192
5276
5770
5580
5830
10498
7458
12522
11652
9222
5990
14538
9794
13074
10188
9948
9496
8438
5874
14662
5336
10352
10794
8890
11702
9516
15194
15100
14982
15142
14694
15108
15310
6220
5710
5302
5384
13404
6188
12006
7766
15466
14724
14266
5780
11686
12160
9496
11322
7252
5332
5282
6258
11408
14344
13636
10472
8332
14182
7634
15316
6126
7900
8076
13638
7938
7410
14374
7044
13796
5714
13152
12248
15288
15362
14878
14760
15230
14544
7544
12760
10074
11136
5640
15134
9766
5720
6534
15422
7890
11168
11496
6510
5364
9846
17146
9756
5820
5722
5514
5394
5404
9874
6056
5470
5248
12718
5798
9404
5952
8806
12692
14638
7670
10628
7846
7010
10334
7388
6070
14858
15080
9600
11952
8526
9980
13156
6158
14960
14742
15064
14978
14256
11762
14680
15940
15100
6374
13050
13140
10240
10094
11822
9978
5824
6474
5480
5742
5818
5650
15724
15154
15716
15420
15418
6970
5834
5512
5852
5504
5898
5616
6614
6286
5448
6026
5606
6722
5238
5686
5384
5682
5396
5570
7026
5454
18348
11098
6192
5416
5428
5264
5478
6250
10368
12532
12042
14420
11112
11368
7830
12822
9116
13938
10616
8874
14600
9796
14862
5598
14346
18186
7764
5710
5722
5320
5698
5450
5492
5532
5896
5948
5324
10228
7454
14744
15034
10204
10382
11926
5856
5950
8966
5620
5658
5454
5486
5394
5520
5440
15468
13568
10466
15532
6442
13054
9156
12432
9872
12622
14854
11750
5890
5696
5502
5314
5396
10596
15274
8454
11678
8762
13948
7318
10762
6986
5414
14196
7130
5396
6600
8738
11546
6138
8774
8440
5746
14650
11370
8426
5994
5830
5418
12154
7000
7508
14540
13516
12264
9152
11540
7718
9846
47508
6250
14434
15022
15868
6910
14878
15786
5694
9610
13424
15032
5840
14766
5574
5310
6252
15468
5752
14830
15662
15076
15038
16188
15234
15258
6018
5420
5384
5406
7800
7502
11406
7748
5906
23498
13750
11482
12258
8694
11526
10070
10808
13714
10918
13460
14936
6868
13212
6836
6344
6440
5988
14024
5898
5834
5640
6128
6658
14662
11500
16688
8110
6662
6276
6112
6852
5630
5298
5464
22670
13122
7426
5560
10918
1268834
12204
5864
14734
14910
15014
13000
11326
15176
14900
6184
7134
11656
7406
10848
14770
5818
9424
5536
10356
7624
11596
13772
13870
5852
8658
8956
13878
13464
15010
10568
10164
14946
15032
15184
15214
15262
14908
15226
7608
6440
15320
7060
11256
6318
10670
6192
5822
5478
6424
5584
5354
5436
9972
9956
13970
11560
12830
14024
7292
14196
14862
8710
14120
14408
14414
6620
5342
5314
13142
9426
12342
13492
6706
15194
13144
8848
11210
14364
14302
14786
9540
11652
10648
14374
6268
10740
7856
6044
8888
8206
12322
12396
15590
15186
14944
13412
14296
5660
10238
5602
15094
13516
7006
13606
10766
14334
15386
15134
15294
5552
14850
15552
15186
15316
10456
6312
5268
5582
5244
5384
5224
14636
8074
14704
11780
6282
6268
5812
5802
6532
6148
5454
8658
9490
10192
5552
8798
5898
14792
5234
9822
7006
3458416
14396
15104
11096
7780
6964
15028
12742
7136
5740
6432
5720
5552
5504
5508
5660
6296
5994
5934
8026
6176
11920
9298
6678
10978
5296
12530
24720
14922
5410
14200
14364
13778
5780
15268
9410
6054
7688
14080
14920
14854
14732
15484
15344
14692
15224
6722
15452
9734
11768
12064
7086
14514
14644
15192
11476
8130
15732
9432
14386
14972
14596
14784
9502
15130
14430
10812
14598
13848
5878
5860
5230
5390
5160
5590
5918
2274218
15642
10200
24622
5612
14280
15096
14846
14652
14756
14698
15092
15210
14672
15412
15064
15366
15512
14994
15256
15446
14696
15086
15518
14986
15066
15426
15096
15032
14926
14866
14844
14736
15270
15412
15352
7034
5376
8378
7894
13566
5692
13098
13826
11664
9228
5640
9222
9254
8936
10478
6164
12864
9280
7786
14362
14542
15060
9720
14512
7764
13184
11314
9034
12280
8934
7996
6008
7176
12038
5768
15128
14916
15380
9906
10048
15548
7992
5754
5480
5482
5424
14778
14088
7392
5790
14696
14226
