Latencies
34016
8884
9370
5572
14630
10544
8324
12764
14380
6228
5784
11914
12180
7688
8092
5808
14578
14718
7464
5806
5586
9280
6180
5546
5548
5944
31656
5802
5580
6096
12586
5586
6002
6302
5464
6254
6392
5888
5790
5748
6050
5656
6418
5868
8900
6950
9352
14860
12938
11048
13624
8810
13194
14364
6034
15098
7364
11302
5738
24542
25410
77610
14364
14500
25218
14918
14406
14560
14580
14464
16128
15072
15162
15122
14330
15214
15090
8994
10196
12010
10840
10744
8558
14096
5954
7044
5444
5426
6420
15108
13054
6484
6858
6152
7448
8990
6668
14324
6684
12106
6526
14916
12444
6174
5452
5468
22404
5778
6060
5574
5866
10212
5716
12738
7306
9740
11318
15050
14394
14926
14510
14534
14702
14750
390112
14188
23856
14646
15242
15046
14500
15192
5476
14540
14848
14574
14800
14474
8032
6600
5522
5922
5826
5462
5550
5668
5638
5652
5554
6422
13044
13570
9338
13812
7414
22762
7042
11986
7288
10294
6010
8076
8062
7694
7914
7314
5544
24388
14578
14900
14866
137924
5686
7290
6050
5394
5702
6148
10024
7666
6410
5558
5486
6172
6122
5436
5852
5500
5494
6040
5418
5980
5722
5588
5734
6102
5434
5586
5590
5554
5442
6094
5776
6214
5864
6020
5682
13104
10766
24218
15348
14732
15192
14818
14710
14958
15132
14754
15034
14924
17330
5732
14400
12018
6510
9674
14686
6920
23206
11874
13126
15774
10234
12404
12600
14920
9172
9748
6778
5398
5474
5506
5990
5460
5888
5566
5386
5622
6036
12198
13226
11750
8182
12634
6472
10600
9430
5674
5860
5432
9904
11588
5894
13502
12992
5516
5672
13304
14346
5714
11904
18468
10838
7538
14662
12230
14940
10834
13274
8250
12840
5432
11838
12872
7946
14752
14896
14542
10728
14680
12118
13748
9892
10654
11108
10218
14044
10302
8584
9118
13292
14590
15038
13358
14786
7544
9596
8216
11756
6498
15764
16222
12056
24940
14472
14696
14870
14702
14826
12334
6020
9912
18662
6870
5566
5546
5630
6044
5514
6126
6164
7702
5816
8190
8492
14482
13958
6694
11320
24344
5730
14320
11776
10554
7676
10512
13500
7310
5500
5984
15532
14992
13258
13732
11314
7344
5462
5560
5886
5676
5582
5682
5662
5528
5726
5842
5456
5500
5958
5668
7702
11166
24568
14852
11344
6330
6050
5882
5384
5844
13956
14382
5452
5868
6138
5802
5488
5832
9230
9086
13606
6428
5504
5404
5488
6166
5950
5466
5976
5554
5462
5442
5674
5418
5326
5636
5688
10738
14868
13314
8708
12764
7510
13940
6540
6426
5676
11666
10364
14164
6412
8668
14022
10452
6608
6154
5420
6894
5520
14974
11838
14396
14654
14514
5882
22822
14796
13082
14892
15386
14934
15044
13840
7754
25086
14472
14528
14746
14298
14332
14706
14462
14694
14704
14370
7870
9264
7254
14190
5970
6232
5818
6184
5560
5582
14438
14020
14588
7560
14288
9482
13398
15230
13000
5690
14910
10882
6422
13934
13934
12524
13300
6394
23906
14656
15038
10880
9220
13940
8974
8654
11432
6038
5742
5564
5858
6656
5988
5584
5444
6314
5512
7640
5822
5936
15284
14554
14548
14646
14636
14592
14088
5636
13172
7304
5424
5848
5696
6446
6182
9062
7108
14738
14376
15390
14128
14940
14522
14818
14712
14980
6960
7822
11330
14898
13518
13428
7928
6480
5814
5812
12810
24316
14508
14858
5640
14634
6498
10500
15322
6178
6760
9018
12782
11406
12708
5866
5738
14244
8562
7984
9646
7558
15536
10224
11232
11640
13708
15420
8828
12608
5700
5382
10006
15546
12690
7204
11482
13546
11092
10044
9268
15282
14580
14242
14244
23778
15482
14694
14902
5560
5420
5454
7672
9050
24350
14876
6570
5964
15450
15438
14998
20010
5764
33516
24082
14622
14600
14836
14208
14758
14674
14740
14636
14930
11056
14156
5526
12100
8614
25010
5690
14370
15082
14776
14700
14692
14890
13370
6666
6444
5406
24748
14854
14864
14574
14824
6412
5498
14916
14644
14328
22152
24486
6634
13294
5682
7248
6052
5540
6232
14536
5484
6134
5532
5576
5764
5836
5544
5584
5990
11788
14074
12676
10352
14984
11032
5618
34100
14418
14240
14416
14756
14574
14654
14690
14642
14700
14702
6002
5626
5866
6854
5544
5508
5492
5572
5762
5950
9314
86956
14552
14634
14570
14628
15924
14974
15500
14958
14664
5540
5530
6398
6190
5514
10668
10794
7568
14456
11576
13624
14804
8240
14658
14532
10994
9562
6278
10384
5838
11040
8838
15224
14780
14602
14610
14640
14734
12412
6404
5698
6052
5502
6376
6566
5564
6108
7914
10222
6792
14782
5448
11768
14286
15244
5666
9172
11326
24038
14086
14440
14788
14384
14014
14588
14756
14626
14544
12388
6504
11090
11122
5782
15842
9564
8930
8150
14944
5852
11514
10588
9560
7960
12852
8284
6288
10788
5940
13980
14458
13830
10770
7058
9354
13744
16022
15830
14780
5658
9202
6034
6332
5578
7842
8304
6198
7680
5962
8974
24288
15112
14562
15078
14810
14644
14210
5696
10736
6130
13988
12236
16192
19518
6280
5998
6046
6432
6404
5930
5926
5892
9804
9366
5940
5844
6170
6194
12792
11964
15094
6398
14314
8816
10942
9034
10736
14458
24118
14636
14922
13770
12172
6200
21342
10382
14248
10824
8264
10194
8650
7312
5842
13822
24476
14640
14700
14786
14382
14782
14244
15294
10634
14222
18034
11562
11432
5762
7632
9854
12694
15278
5692
14762
14400
14830
14898
13136
6582
8650
15466
13994
5686
6860
6556
5454
5492
5624
5656
5594
5490
5908
6164
6370
6232
5914
6194
6090
14414
15092
5472
5446
6132
5842
11826
7518
9716
9260
13198
14818
6340
5456
5630
5814
5516
9482
15018
14620
14774
6358
9732
34242
15252
14784
14660
15040
14866
15270
14962
10266
14154
7104
11024
12122
15160
7740
