Latencies
10692
6284
5282
5404
5054
35790
5388
5340
5432
5488
5736
5484
28822
5086
5052
5668
5102
5230
5122
5058
5142
5920
15106
12830
5206
5098
5000
5262
5312
5012
5620
5480
5034
4982
5264
5382
12276
5010
18384
5042
5210
30924
5498
5092
5298
5202
5136
5152
5430
5216
5860
4958
5180
5104
6300
5202
5740
5500
5022
5120
5480
5256
25826
5504
5090
5096
5924
9736
5554
5432
5334
14474
5622
7028
5816
5238
5306
5224
5814
5878
5368
5200
5126
5308
5102
7626
5308
5740
5232
5156
5324
5938
5040
5116
5428
5264
5142
5158
4992
4946
5080
5402
5216
5032
5300
5064
5094
5028
6846
5158
5106
5068
5020
5466
4956
5542
5196
5078
9586
36008
5096
5118
5038
5466
5748
5030
5014
5498
5488
9348
5452
5412
5238
5080
5162
5058
5034
5022
5806
6810
5088
5242
6004
5380
5888
5408
23146
5020
5160
5264
5278
5196
5490
5054
5938
5062
5520
25622
9472
5542
5366
5024
6044
5330
5162
5066
5006
5626
5048
21700
5314
5284
5026
5040
5144
6042
5198
5380
5244
5122
5662
15940
5184
4984
5374
5476
6418
30980
5546
6256
5364
5370
5220
5442
5074
5376
34270
6178
5174
13534
5002
5446
5386
17986
5564
35730
5274
5122
5200
38366
5286
9232
5164
5370
5698
5242
5270
5072
7292
5246
5650
5058
4950
5348
35142
5474
5158
5074
16538
5594
5018
5030
6034
5016
5250
5234
15308
5050
5476
5054
5978
7154
35174
5168
5884
5286
5104
5568
5074
5140
4988
5002
5034
5012
5080
5698
5844
5688
5552
5558
5010
5782
5068
10674
5056
5308
15904
5806
29020
5446
5038
5168
5124
5576
35284
5186
5622
5016
5604
5064
5146
6686
7028
5484
20544
5264
5280
20296
5946
5136
7306
5128
5742
5306
5156
5018
5214
5542
5256
5916
5074
5316
5290
5326
4946
5156
14030
5180
5650
5488
5040
5144
5096
5120
5130
5072
9136
5016
5038
7854
5210
5046
5212
5936
5054
5068
5002
5062
5144
5130
5106
5862
5286
5118
5490
5198
5412
5082
5212
12242
6176
5040
5128
5050
5732
5346
5334
5502
8584
40322
5362
15234
5076
5236
5992
5714
4924
5698
5086
5336
5344
4966
5198
6740
5176
35764
5144
5348
5092
5182
10250
5246
5004
5442
5186
5324
5212
5642
8906
20152
6160
5358
5086
11344
14118
20304
5044
5200
21204
13666
5256
5140
5180
5110
5004
5034
5222
5688
5830
5146
5092
8218
5242
5208
4984
5800
5278
5104
6584
25522
5492
6186
5876
5274
5658
5124
5342
5174
5046
5226
5466
9932
5562
5450
4984
5162
5034
35570
5674
4972
6788
5482
5282
5540
5274
5450
5310
5206
5160
5330
5074
27990
5814
6382
5268
5164
5042
5014
25408
5538
5012
5592
5254
5286
6502
5778
5804
5022
19238
5334
5666
5174
5144
20876
5142
5148
5414
5314
4966
5612
5026
5834
5602
5058
5320
20992
5254
20246
5070
5488
20930
5234
5048
5900
5666
5024
4978
5034
5234
5128
5160
5078
5338
5022
5156
5024
5086
7306
5102
5042
5804
5210
21534
5284
5382
5144
5256
5156
5656
5224
5350
6144
5134
27834
5548
5056
5004
5454
5094
5864
5090
5200
5578
5004
5004
5498
9964
5726
5248
5098
10336
5080
5504
5024
5272
4992
22688
23806
5168
5278
6652
5052
5038
5374
5176
5874
5518
5488
5378
5188
8834
5018
5202
5036
5276
5108
5030
5138
5192
5332
5126
5260
5250
5444
5126
6348
5242
5238
26140
8706
5450
5226
41446
5196
5820
5526
5890
5150
38164
5456
14516
5320
5506
5228
5144
5018
5090
5638
5126
5108
5802
5952
5650
5542
5008
5038
5166
5186
5394
5182
5564
5024
5420
5102
33452
75298
5186
6076
5336
23296
10122
5078
5192
31898
5096
5256
5398
5036
5312
5058
5492
10934
23252
5272
23238
5156
6098
5122
5144
5046
5862
5428
5092
5964
5258
6054
5252
5572
5146
5858
5508
14196
5136
5690
5344
22676
13656
5112
5656
5076
5014
6464
33862
5220
5072
5196
5332
5558
5200
5914
5540
5096
5190
5006
5064
5060
5546
5192
5140
5240
5036
5054
5032
5778
5438
5274
5522
5174
5276
5940
5026
5010
15480
5424
4982
35706
5216
11928
5130
29330
5220
5230
5538
5102
5064
5070
5068
5138
5054
11980
5122
5042
5226
5102
5104
6074
5160
25500
5256
6436
6370
5388
5594
5132
5498
5178
5396
5206
5132
5012
5214
5092
5026
36006
5126
20058
5006
5102
5056
38780
12106
5008
5250
5460
5796
5376
4964
5070
5032
5386
5116
5144
10448
5332
22674
5244
14626
25092
31744
5226
5504
5244
7308
5102
15538
5024
5178
13140
5042
5126
5110
5082
5356
5160
5338
6316
5204
5874
5734
5200
5186
5426
5090
5046
5048
5222
5038
6164
5232
5686
5124
5068
5324
5138
5908
4990
5842
5750
5142
13394
5022
5162
6650
5296
5484
5146
6444
5120
7520
5032
5264
5380
5210
5296
5868
5190
5110
27800
19516
6456
6038
5160
5098
5144
5246
5232
5242
5174
5118
5700
5322
5264
5162
27042
5398
5232
5074
5100
5220
5188
6082
5034
5594
5040
20362
5202
5214
5194
5148
14858
5234
5924
5254
10844
6034
5396
5350
5248
5580
5972
5328
5270
5758
5044
5174
5382
5226
5050
5400
5840
5160
5070
5352
5694
5150
5232
12232
5006
5288
6194
5210
22686
5328
5670
5352
5064
9014
5038
5278
5554
5212
5384
5230
5284
5232
5332
6858
5070
5038
5100
5072
25168
29138
5372
5364
5310
5198
5198
5376
5220
5872
5564
5272
5594
5154
5266
5498
5358
5732
5602
5698
5238
5156
5188
5138
5370
6466
5702
5450
5034
5584
5566
5254
24148
19802
5240
5490
5566
5976
5292
8330
5168
26246
5166
5478
5516
5702
6410
5042
5168
5150
5026
5022
