Latencies
7710
7276
5420
5940
6136
5298
5410
24858
5188
5492
5686
6140
5566
5798
6148
29714
5292
5224
5752
5662
5640
5266
6152
5518
5194
5516
6088
5760
5686
5584
20242
5228
5850
5278
5934
5644
6214
5400
5586
5362
5758
5710
5756
5346
5202
25986
5450
5278
5234
5348
13872
5350
5528
6544
10420
5580
5426
5594
5916
27368
5300
5718
5256
5728
5866
5684
5248
6128
5338
10226
5382
31090
6070
5258
5440
5692
5768
5406
5444
5836
5404
5968
5454
6034
5458
5888
6020
5872
5712
6884
5570
5334
5468
5642
5330
5370
5350
5294
5810
5330
5510
5918
5758
5568
6082
5424
5368
5172
5570
5322
5896
5378
5372
5294
5874
5422
5264
5150
5216
5178
5478
13804
5242
39678
27728
5350
5890
5954
5262
14966
5406
5258
5198
5294
5350
6250
5378
5528
9920
5344
14954
5370
5348
5428
5258
5268
5422
5616
5436
5190
5164
5222
5140
5442
5368
5270
5282
5448
5918
39178
6278
5716
5888
5234
5356
5196
5690
5392
5764
5152
5182
5272
5382
5212
5448
5648
5372
26116
5620
5806
5222
5390
16772
5574
5734
5326
5412
5508
5198
5242
5440
5274
5486
5138
5318
5694
5312
5258
5164
5206
5242
5410
5920
6308
6218
6110
5624
5582
5448
30952
5286
5336
5298
5310
5406
5982
5622
5460
6190
5704
9780
5308
5950
18108
7994
5506
5414
6180
5388
5400
5378
6072
5250
5404
6332
5452
5354
5534
17106
5440
5742
5828
5826
5218
5492
5210
5178
5580
5378
5358
9522
5848
5564
5180
5338
5250
5616
5290
5408
6020
5834
5350
5438
5786
31320
6410
15898
5912
5510
24068
5338
6098
5552
5174
5220
5164
15754
5304
5194
5432
5270
5494
6184
5564
6628
5278
5376
5342
5942
5430
5982
5550
5334
5618
6142
5300
5552
5260
5304
5324
5578
5310
5260
5402
5344
5236
5336
5866
5892
5482
19388
5968
5982
5510
5398
5344
5380
5462
6306
5666
5200
5536
5654
5374
5512
5486
5930
5486
5296
25994
5378
6716
31724
5448
6094
6356
5618
5658
21890
5664
5948
6170
5286
5346
5618
5358
5206
5548
5440
20652
5886
5468
5342
5170
5452
5210
5794
5468
5354
5540
5446
5272
5218
5910
6130
5520
5254
6118
5900
5434
5408
5732
5186
5866
5326
5840
5584
6346
5402
5602
5506
5638
5456
5860
20582
5380
5596
5168
5304
5590
25596
20428
5252
6100
19816
5884
6138
5320
5442
5238
5920
6310
5822
6158
5524
5500
5506
6122
5230
5164
5358
5762
5310
5246
6310
5358
5300
5456
5406
5236
5924
5382
36134
5784
7354
5840
5372
5862
5378
5648
5238
6642
5976
5688
22234
7272
5928
5282
5358
5750
5738
5920
5522
6200
5864
17218
5488
25408
6056
5618
5210
5336
6260
5202
5380
5728
5450
5330
5576
5212
5414
5222
5838
5648
5274
5372
5314
5548
5280
5812
5396
5906
5254
5540
5766
5310
5348
6770
5330
5772
5564
6068
5488
5474
6176
6102
5962
8140
5946
5872
5502
6224
5954
5968
5530
5618
5214
5372
5788
5258
5450
24486
5588
5274
5566
5366
5418
5574
6046
6014
5486
5326
5996
5256
5328
5456
35260
6986
41108
10556
5868
5414
5404
5806
6154
5246
5408
5348
30478
5446
5370
6360
5792
5502
5892
5672
5240
5376
5436
5944
5844
5356
5428
5236
5256
31834
5874
5448
5304
6154
5226
5908
5510
5182
5712
5406
5450
5922
5662
6052
5376
5524
5372
5170
5384
6774
5378
5398
5234
5998
5322
5470
25902
5682
13196
5572
5620
5424
32852
5624
5398
5680
5584
6392
5320
6012
6450
6848
5424
5608
5320
5956
5556
5618
36452
25126
5810
18028
5648
5340
5230
25624
12918
5332
6136
10148
9092
5338
5340
5336
5314
40862
5854
5712
6014
5590
5394
5446
5876
5430
5374
5472
7048
5864
5390
5430
5298
5440
5986
6074
6454
5542
5790
5322
5418
5470
6036
7318
5350
5216
5194
5810
5396
6096
5614
5272
5206
6302
5198
5366
5222
5732
5400
5806
25350
35048
5388
5264
5340
5512
5386
5638
5254
5308
5348
5152
5364
5262
5278
5350
14736
5884
5650
6056
5522
5498
6464
5334
22218
5358
5172
18492
5828
5222
5736
5512
5370
5822
5398
5312
24770
5304
5198
6006
5270
5338
5290
5510
5364
5786
29032
5388
6466
5420
5366
5362
12320
5672
5666
5478
33430
5406
5908
5524
5920
5838
5352
5788
5676
5176
5158
5666
7038
6052
5210
5314
5288
5534
5122
5460
21452
18826
21938
5274
5308
5544
5974
5180
28904
10880
5348
5348
5520
5408
5476
5328
5896
5352
5174
19902
5508
5222
5222
5326
5682
5294
5844
5430
5204
6182
5346
5364
5452
5546
10308
5144
5158
5246
5474
5520
5288
5818
5466
11740
5334
42696
5656
5954
5322
5494
5394
6030
12014
37578
5202
5854
5232
5430
5084
10794
5432
5324
8468
16226
5456
5696
5690
19372
5634
5810
5726
5258
5256
5332
5302
5176
5430
5170
10032
6228
5910
5368
24766
35300
5592
5612
5320
5348
5768
5352
5210
5636
5972
5380
5422
5970
9454
5190
5278
6008
6410
10064
5212
5890
5268
5572
5376
13936
26214
5560
5812
6340
27754
5366
5820
26294
5362
7998
5578
5380
5742
5616
5512
5352
5476
5178
5310
5312
5600
5464
5240
9318
5246
23446
5178
5428
5596
16918
5416
5628
6040
5858
5962
6208
5818
10792
5446
5374
5736
5988
5422
5258
5482
5410
5406
5510
5554
5646
5170
5744
5332
5272
5924
5512
5714
5888
16714
14692
5342
25522
20312
5434
5274
5350
5334
18504
5586
6232
5324
5974
5388
5288
5486
25582
12420
5160
5500
6124
5544
5736
5394
5216
5592
5526
5322
5334
13202
5192
5312
5232
5412
5232
5282
11238
5332
5370
5120
5636
5258
5384
5266
5352
5416
5258
5486
5504
5472
5148
6014
5186
7956
5312
5590
5720
5474
5210
5298
5220
5600
5748
5622
5386
5352
5364
5300
5392
5216
5128
5678
5318
5240
5640
5608
35706
5322
5222
5210
5114
5300
20430
5220
5286
5404
5150
5376
5318
5346
22942
27590
5112
5474
5404
5542
19510
6960
5200
5254
5554
18692
5176
