Latencies
34222
5414
5116
5172
5964
5160
5046
5352
5394
5290
5414
5060
5022
5198
5754
5330
16888
5068
5094
5192
5174
5204
5114
5042
5082
5270
5700
5668
5118
5008
5294
5038
5226
5066
5494
5050
5048
5114
15002
5156
5418
5132
5036
5182
5280
14812
5822
4990
5090
5466
5642
5286
8500
5216
5188
5094
5178
5160
5042
5050
5570
5518
5654
5228
5820
5610
5484
5190
5150
5114
20506
5270
5616
5348
5014
5216
5338
5212
5174
5968
5688
23264
5432
5236
5052
5594
5230
5622
5282
5100
5168
10934
5092
5664
5244
6150
5052
5190
5010
5374
5598
5610
5118
5100
5356
5184
5250
5192
5122
5804
5012
5036
5314
6526
5010
5036
5080
4978
5458
5044
5098
5326
5284
5170
6036
5392
18442
5012
16420
5450
5336
5066
5478
5082
14830
5154
5348
6772
5446
5470
6240
5058
5100
5122
5108
18920
7366
5518
5032
35858
5234
5214
5992
5180
9682
5088
5540
5914
21202
5502
5438
17542
5336
5312
5106
5190
5106
5524
17400
5504
5348
5166
11256
5270
5072
5560
5952
5654
5122
5218
5236
5282
5020
5048
6798
5128
5058
5032
5144
5886
5086
5052
5234
25170
5042
5278
33346
5728
5030
6890
6888
7000
5190
5296
5980
5596
5250
6124
5142
5236
5184
5240
7120
15780
5486
5018
5100
5326
5030
6866
5012
5690
5090
5598
5438
5256
5208
5068
5326
5102
5030
5044
6172
5292
33360
5224
5204
5308
5184
5222
5652
5832
5206
5152
5150
5398
5274
5006
5656
17064
4978
5042
5036
5008
35694
5148
5354
35564
5144
5264
5046
4982
5144
5250
5152
23178
5526
5364
10414
5026
5270
5106
6594
5132
5202
5740
16262
5130
5022
5080
5412
22662
11552
5286
5492
5034
5242
5380
6216
20258
5280
5302
5330
6306
5138
5558
5194
5288
5270
5102
5224
5214
20674
5090
5726
5302
5476
5220
5814
5220
5130
5126
5014
5216
5552
5016
4984
5932
5258
5266
5114
21454
5880
5504
5636
5208
6254
5376
5250
49018
5186
5120
6268
5590
5530
5210
10486
5308
9834
5264
5282
5308
5234
5696
5280
5208
5196
5314
5300
5328
8368
5598
23606
15934
5128
5192
34222
6322
5822
5232
5238
5292
6202
5364
5436
17172
6006
5906
6608
6050
5866
5264
5284
5896
5278
7346
35976
5388
5306
5246
5228
5364
5280
5576
5640
5556
5404
5146
5240
5302
6202
12142
5272
5176
5162
5236
20692
5262
6402
5312
5234
5302
25932
5820
12934
5140
5232
5248
5226
5344
5534
6656
5190
5308
5164
7024
5232
16298
5602
5238
5190
5774
5326
5172
5228
5978
5204
5198
5216
5264
5214
19210
7764
5216
5190
5186
11550
5512
5758
5642
6094
5186
5060
5072
5000
5704
5048
5566
5494
6054
5250
5230
5194
5156
5570
6878
5286
5278
5152
5456
5722
5692
5236
5236
5372
5630
5252
5182
5252
5320
5298
5272
6310
5106
5208
5244
5232
5120
5134
5478
5994
5136
5328
5204
5924
5250
5552
5260
5474
5392
5166
5596
5320
5206
5184
5650
5530
5116
6280
5130
5724
5222
5482
18428
5256
5288
5164
5246
6036
5224
5028
5192
31172
22844
5230
5032
5512
5188
6220
5882
5204
5338
5292
5154
5028
5018
5188
5266
6246
5148
5168
5160
5704
5858
5268
5180
32864
5098
5208
5076
13536
5194
5538
5116
5046
6218
5640
5734
5222
5120
7148
5474
5730
5082
10992
5008
5688
5068
5134
5232
5058
5090
5500
5276
5172
5008
5136
5136
5138
5156
5050
5192
5098
5290
5242
5292
6128
5148
5372
5802
24886
5876
5160
5228
5612
5098
5322
5122
15402
12004
5202
5202
34092
5102
5110
5158
5120
5804
5038
5016
5158
5344
5248
6098
7928
5058
5140
5100
15238
5080
5590
5794
5190
31310
5024
5516
5160
5198
5038
5204
5594
5266
5680
6248
5024
5160
5258
5884
5236
18304
5204
5260
5328
5264
5854
30022
5216
23024
28504
5460
5588
5370
5078
5514
5034
5846
5148
10222
5158
5304
5624
5222
5152
5044
5124
5020
5180
5042
7034
5046
5080
6634
5154
5046
5114
5490
5938
5102
7704
5164
5414
5540
22660
5216
24560
5326
5650
5216
12906
5350
26850
5578
5092
4996
5026
4984
4972
5192
5042
5784
4980
5082
5028
5012
5050
5594
5158
5210
5104
6538
5154
5086
5174
15622
5242
5466
5194
35432
5114
5140
6258
5090
5256
5236
5232
18560
6340
5058
5058
8866
5170
5746
41128
5082
5192
5288
35264
5074
38822
5288
5294
11034
5130
5584
5440
20218
5128
5080
5176
5240
5266
5548
5030
5230
5168
4978
5542
5318
5224
5150
5194
5088
5036
5050
5028
5028
5086
5102
37588
7040
5010
5266
5454
5302
5064
5522
5096
6068
5222
9692
5204
5600
5122
5212
22958
5036
5134
5052
5228
5440
5058
5054
5234
6760
5078
5914
5034
5044
5024
5038
5054
5110
5044
5194
5230
5254
5246
5204
5026
5172
10950
5576
5280
5250
5130
5110
5006
5078
5234
5264
4986
5024
5062
5038
5790
5010
5204
5278
5112
5124
5036
5446
5184
5642
5944
5036
5870
6430
5058
4998
5210
5144
5926
5134
5080
5060
5034
5226
5040
5090
5222
5276
5422
5266
5150
5456
5178
5046
5386
5002
5314
5256
5070
17380
5112
5130
5016
6174
5300
5172
5382
24646
5774
4990
5962
5894
5298
5500
16874
6276
5138
5040
5272
13584
32782
5044
4984
5102
39404
5806
5036
5094
5042
5222
5038
5114
5050
5348
5032
5738
8858
5742
5030
5026
7064
5550
5314
5048
5326
5006
19664
5172
5072
5024
5018
5068
5032
5036
5656
5072
5178
5192
5522
5140
5014
5170
5048
5684
5050
5138
5352
5042
5010
5160
9454
5360
5142
5778
5118
5916
5168
6300
5014
5058
5090
5030
5868
5038
5042
5092
4978
24288
10798
8072
5712
5302
5868
5216
6042
5086
5230
5022
5220
5312
5320
6046
5072
5132
5064
5122
5112
5326
5274
5106
5030
5046
5058
5064
5034
5052
