Latencies
4924
4974
4990
4992
5000
5002
5004
5012
5014
5016
5016
5016
5022
5024
5024
5034
5034
5036
5036
5038
5042
5044
5044
5044
5048
5052
5054
5058
5058
5062
5066
5068
5072
5074
5074
5074
5076
5076
5076
5076
5080
5080
5082
5082
5082
5084
5084
5084
5084
5084
5084
5086
5086
5086
5088
5090
5092
5092
5092
5092
5094
5094
5096
5096
5098
5098
5098
5098
5100
5102
5102
5102
5106
5106
5106
5108
5108
5110
5114
5116
5116
5116
5118
5118
5118
5118
5118
5118
5118
5120
5122
5122
5122
5122
5122
5122
5122
5122
5124
5124
5124
5124
5126
5126
5126
5128
5130
5130
5134
5134
5134
5134
5136
5138
5138
5140
5142
5142
5142
5142
5144
5144
5144
5144
5144
5144
5144
5146
5146
5146
5146
5148
5148
5148
5148
5150
5150
5150
5150
5150
5150
5150
5152
5152
5154
5154
5154
5154
5156
5156
5156
5156
5158
5158
5158
5158
5158
5158
5158
5158
5160
5160
5160
5162
5164
5164
5164
5164
5166
5168
5168
5168
5168
5168
5168
5170
5170
5170
5170
5170
5172
5172
5172
5172
5172
5172
5174
5174
5174
5174
5176
5176
5176
5176
5176
5176
5178
5178
5178
5178
5180
5180
5180
5180
5180
5182
5182
5184
5184
5184
5184
5184
5184
5186
5186
5186
5186
5186
5186
5188
5190
5190
5192
5192
5192
5192
5192
5194
5196
5196
5196
5196
5196
5198
5198
5198
5198
5198
5200
5200
5200
5202
5202
5202
5202
5204
5204
5204
5204
5206
5206
5206
5208
5208
5208
5208
5208
5208
5208
5208
5208
5208
5210
5210
5210
5210
5212
5212
5212
5212
5212
5212
5214
5214
5214
5214
5216
5216
5216
5218
5218
5218
5218
5220
5220
5220
5220
5220
5222
5222
5222
5222
5224
5224
5226
5226
5226
5226
5226
5226
5228
5228
5228
5230
5230
5230
5232
5232
5232
5232
5234
5234
5234
5234
5234
5234
5234
5236
5236
5236
5236
5236
5236
5238
5238
5238
5238
5238
5238
5240
5242
5242
5242
5244
5244
5244
5244
5244
5244
5246
5246
5246
5246
5246
5246
5248
5248
5248
5250
5250
5250
5250
5250
5252
5252
5252
5252
5254
5254
5254
5254
5254
5254
5254
5254
5256
5256
5256
5256
5258
5258
5258
5258
5260
5260
5260
5260
5260
5260
5262
5262
5262
5262
5262
5262
5264
5264
5264
5264
5266
5266
5268
5268
5268
5270
5272
5272
5272
5274
5274
5274
5274
5276
5278
5278
5280
5280
5282
5282
5282
5282
5282
5282
5282
5284
5284
5284
5286
5286
5286
5288
5288
5288
5288
5288
5288
5288
5288
5290
5292
5294
5296
5298
5298
5300
5300
5300
5300
5300
5302
5302
5302
5302
5304
5304
5304
5306
5306
5306
5306
5308
5310
5310
5310
5312
5312
5314
5314
5316
5316
5316
5316
5316
5318
5320
5322
5322
5324
5324
5324
5324
5324
5326
5326
5328
5328
5328
5330
5330
5330
5332
5332
5332
5334
5334
5334
5336
5336
5336
5336
5336
5338
5338
5342
5342
5342
5344
5344
5346
5346
5348
5348
5350
5350
5352
5354
5354
5354
5354
5354
5354
5356
5356
5360
5360
5360
5362
5364
5366
5370
5370
5372
5372
5372
5374
5374
5374
5378
5378
5380
5380
5380
5382
5384
5386
5386
5388
5388
5388
5390
5390
5392
5394
5394
5394
5396
5396
5398
5398
5402
5402
5402
5402
5406
5408
5408
5408
5408
5412
5414
5414
5416
5416
5416
5416
5416
5420
5422
5422
5422
5424
5424
5424
5426
5426
5428
5428
5428
5430
5430
5438
5440
5440
5440
5442
5446
5448
5448
5448
5448
5448
5450
5452
5454
5454
5456
5458
5458
5460
5462
5462
5462
5464
5464
5464
5464
5466
5468
5468
5468
5470
5470
5470
5472
5474
5474
5476
5476
5478
5480
5480
5480
5484
5488
5488
5488
5488
5490
5492
5494
5500
5502
5506
5506
5506
5510
5514
5514
5516
5518
5524
5526
5532
5536
5536
5540
5542
5542
5552
5554
5560
5562
5562
5564
5566
5566
5570
5572
5574
5576
5576
5576
5580
5582
5584
5584
5584
5584
5588
5588
5588
5590
5590
5594
5594
5598
5600
5604
5610
5610
5612
5616
5616
5624
5624
5626
5628
5628
5630
5630
5632
5632
5632
5636
5638
5638
5640
5642
5650
5650
5654
5656
5658
5662
5664
5664
5666
5666
5666
5668
5674
5678
5680
5682
5688
5688
5690
5690
5694
5698
5698
5704
5704
5704
5704
5706
5708
5708
5710
5710
5712
5712
5718
5718
5720
5720
5722
5722
5722
5726
5732
5736
5740
5740
5744
5746
5746
5750
5750
5750
5752
5752
5752
5754
5756
5766
5768
5772
5772
5776
5782
5782
5786
5786
5788
5788
5794
5796
5798
5804
5804
5812
5812
5814
5816
5818
5820
5820
5822
5830
5836
5836
5838
5838
5840
5840
5842
5850
5860
5864
5866
5872
5874
5874
5878
5880
5882
5890
5896
5898
5904
5906
5906
5908
5912
5914
5914
5922
5922
5930
5930
5932
5934
5936
5938
5942
5942
5952
5960
5968
5974
5974
5976
5978
5980
5982
5984
5986
5990
5992
5992
5994
5996
6002
6004
6004
6006
6020
6024
6024
6030
6030
6032
6032
6038
6040
6048
6058
6064
6068
6072
6072
6074
6078
6082
6084
6084
6086
6088
6090
6096
6106
6108
6122
6126
6138
6146
6158
6158
6174
6176
6178
6198
6202
6204
6206
6232
6240
6244
6246
6258
6260
6290
6318
6334
6352
6354
6390
6422
6428
6444
6456
6490
6506
6514
6554
6558
6558
6628
6752
6924
7092
7194
7214
7230
7390
7550
7660
7714
7884
8016
8058
8462
9034
9070
9090
9128
9170
9178
9190
9320
9434
9508
9598
10244
10410
10440
10456
10690
10694
10922
11316
11424
12126
12182
12244
12480
13152
13288
13320
13632
13738
13772
14228
14246
14738
14804
15192
15372
15780
15840
16788
17276
18116
19032
19250
19512
19562
21800
21852
22036
22050
22222
22262
22410
22894
22926
23076
23804
24236
24702
24774
24922
25250
25324
25408
26324
26452
26852
27884
29132
29900
30636
31124
31606
32740
33380
34738
35052
35306
35440
35496
35866
36044
40402
42174
42298
