Latencies
5042
5058
5064
5064
5068
5082
5090
5096
5096
5102
5106
5114
5114
5118
5120
5124
5130
5132
5132
5132
5136
5136
5140
5142
5146
5148
5150
5154
5156
5156
5158
5160
5162
5164
5168
5168
5172
5176
5178
5178
5178
5178
5180
5182
5188
5188
5188
5188
5188
5190
5192
5192
5192
5194
5194
5194
5194
5194
5194
5194
5194
5194
5196
5198
5198
5198
5200
5200
5202
5204
5204
5206
5206
5206
5208
5212
5212
5214
5214
5216
5218
5220
5222
5224
5224
5224
5226
5226
5226
5228
5228
5228
5230
5232
5232
5234
5234
5234
5236
5236
5236
5236
5236
5236
5238
5238
5238
5240
5240
5242
5244
5244
5246
5246
5246
5246
5246
5246
5246
5248
5248
5248
5248
5250
5250
5252
5254
5254
5254
5254
5256
5256
5256
5256
5256
5258
5258
5258
5260
5262
5262
5262
5262
5264
5264
5264
5264
5266
5266
5266
5266
5268
5268
5268
5268
5270
5270
5270
5272
5272
5272
5272
5274
5274
5274
5274
5276
5276
5276
5276
5276
5276
5278
5280
5280
5280
5280
5280
5280
5280
5280
5280
5282
5282
5282
5282
5284
5284
5284
5284
5286
5286
5286
5286
5286
5286
5286
5286
5288
5288
5288
5288
5290
5290
5292
5292
5292
5294
5294
5296
5296
5296
5298
5298
5298
5298
5300
5300
5300
5300
5300
5300
5302
5302
5304
5304
5304
5306
5306
5306
5306
5308
5308
5310
5310
5312
5312
5314
5314
5314
5314
5316
5316
5316
5316
5316
5318
5320
5320
5320
5320
5320
5322
5322
5322
5322
5324
5324
5324
5324
5326
5326
5326
5326
5328
5330
5330
5330
5330
5332
5332
5332
5334
5334
5334
5336
5336
5336
5338
5338
5338
5338
5338
5340
5340
5340
5340
5340
5342
5342
5344
5344
5344
5344
5346
5348
5348
5348
5348
5350
5350
5350
5350
5350
5352
5354
5354
5354
5354
5356
5356
5358
5358
5360
5360
5360
5362
5362
5362
5362
5362
5362
5364
5364
5364
5366
5366
5366
5366
5366
5366
5368
5368
5370
5372
5372
5372
5374
5374
5374
5374
5376
5376
5378
5378
5378
5380
5380
5380
5382
5382
5384
5386
5386
5386
5386
5386
5390
5390
5392
5392
5394
5394
5396
5396
5398
5398
5400
5402
5402
5404
5406
5406
5408
5408
5408
5408
5412
5412
5412
5414
5414
5414
5416
5416
5418
5418
5418
5420
5420
5420
5422
5422
5422
5424
5424
5424
5424
5424
5426
5428
5428
5430
5430
5432
5432
5432
5432
5432
5434
5434
5434
5436
5438
5440
5440
5442
5444
5444
5446
5448
5448
5448
5448
5450
5450
5450
5454
5456
5458
5458
5458
5458
5460
5460
5464
5466
5466
5466
5470
5470
5470
5470
5472
5474
5474
5474
5474
5476
5476
5478
5480
5480
5482
5482
5484
5484
5486
5488
5488
5488
5490
5490
5490
5492
5494
5494
5496
5496
5496
5496
5498
5498
5498
5498
5500
5500
5502
5506
5508
5508
5510
5510
5510
5510
5510
5512
5512
5512
5512
5514
5514
5514
5516
5518
5520
5524
5524
5528
5532
5532
5532
5534
5534
5538
5540
5540
5542
5542
5544
5544
5544
5544
5544
5546
5546
5548
5550
5556
5556
5558
5558
5560
5560
5562
5564
5564
5564
5566
5566
5568
5568
5568
5574
5574
5574
5576
5576
5576
5578
5580
5580
5580
5580
5584
5590
5590
5590
5592
5592
5594
5598
5600
5600
5600
5602
5604
5606
5608
5608
5608
5612
5614
5616
5616
5616
5616
5616
5616
5618
5618
5618
5618
5622
5624
5624
5624
5626
5628
5628
5630
5630
5630
5630
5634
5634
5634
5636
5636
5636
5638
5638
5638
5644
5644
5644
5648
5652
5652
5654
5654
5654
5656
5658
5658
5660
5662
5664
5668
5670
5674
5674
5676
5678
5678
5682
5682
5684
5684
5684
5684
5690
5696
5702
5702
5702
5702
5704
5704
5704
5706
5708
5712
5712
5712
5718
5718
5720
5728
5728
5732
5732
5738
5740
5742
5744
5756
5758
5758
5760
5760
5762
5762
5764
5764
5764
5766
5768
5768
5770
5772
5774
5774
5774
5776
5782
5784
5784
5784
5786
5786
5790
5792
5794
5796
5798
5800
5804
5806
5808
5810
5810
5812
5816
5818
5818
5818
5820
5820
5820
5824
5824
5824
5824
5834
5836
5838
5838
5840
5842
5842
5842
5848
5848
5850
5850
5854
5856
5856
5856
5864
5866
5870
5870
5870
5874
5876
5878
5878
5880
5882
5882
5882
5884
5886
5886
5888
5888
5892
5894
5894
5900
5900
5900
5900
5902
5904
5904
5906
5908
5908
5912
5914
5916
5916
5920
5920
5922
5922
5930
5930
5930
5932
5934
5936
5936
5938
5940
5946
5946
5948
5948
5952
5956
5958
5958
5964
5966
5968
5972
5974
5978
5982
5984
5986
5986
5990
5992
5992
5994
5994
5994
6000
6004
6014
6018
6020
6020
6020
6022
6024
6026
6028
6032
6034
6034
6036
6038
6040
6042
6046
6048
6050
6050
6054
6056
6058
6058
6064
6064
6064
6066
6068
6068
6076
6078
6078
6080
6082
6088
6106
6114
6114
6114
6126
6138
6142
6148
6150
6156
6158
6160
6164
6164
6166
6166
6172
6178
6180
6184
6188
6192
6196
6200
6206
6210
6218
6228
6228
6232
6244
6250
6256
6264
6280
6288
6292
6316
6328
6358
6382
6410
6432
6440
6440
6452
6484
6490
6510
6510
6554
6594
6604
6606
6606
6634
6636
6662
6684
6730
6734
6746
6774
6834
6868
6892
6902
6904
6922
6946
7022
7026
7028
7032
7040
7044
7090
7106
7122
7136
7150
7176
7206
7226
7252
7260
7274
7368
7374
7408
7412
7460
7502
7580
7582
7620
7706
7708
7726
7730
7738
7758
7844
7864
7918
7924
8000
8008
8056
8092
8144
8190
8200
8302
8488
8498
8542
8596
9094
9590
9656
9830
10078
10120
10698
11866
11956
12058
12510
12542
12912
13124
13364
13576
13730
13960
14280
14598
15082
15556
15964
16410
16522
16778
17286
18726
18770
19040
19282
20398
20618
20776
21944
22278
23012
23308
24052
24104
25868
26018
26364
28680
31126
31456
32882
34938
35222
40576
