Latencies
5134
5164
5168
5174
5180
5188
5196
5196
5200
5202
5204
5204
5206
5214
5216
5222
5224
5228
5230
5232
5232
5238
5238
5240
5242
5242
5242
5244
5248
5250
5258
5260
5262
5262
5264
5264
5268
5270
5270
5274
5276
5278
5282
5282
5288
5290
5292
5292
5292
5294
5298
5300
5300
5300
5300
5300
5302
5304
5304
5306
5306
5308
5308
5308
5310
5310
5310
5312
5314
5314
5314
5314
5318
5320
5322
5322
5322
5322
5322
5322
5322
5324
5326
5326
5326
5326
5328
5328
5328
5330
5332
5334
5334
5334
5334
5334
5336
5338
5338
5338
5338
5338
5340
5340
5342
5342
5342
5342
5342
5344
5346
5346
5346
5348
5350
5350
5350
5352
5352
5354
5354
5356
5356
5356
5356
5358
5358
5358
5360
5360
5360
5360
5360
5362
5362
5364
5366
5366
5366
5366
5366
5366
5368
5368
5368
5368
5368
5370
5370
5370
5370
5370
5370
5372
5372
5372
5372
5374
5374
5374
5374
5376
5376
5376
5376
5376
5376
5378
5378
5380
5380
5380
5380
5382
5382
5382
5384
5384
5384
5384
5384
5384
5386
5386
5386
5386
5388
5388
5388
5388
5390
5390
5390
5390
5392
5392
5392
5392
5392
5394
5394
5394
5394
5396
5396
5398
5398
5400
5400
5400
5400
5402
5402
5402
5402
5404
5404
5404
5404
5406
5406
5408
5408
5410
5410
5410
5410
5410
5412
5412
5412
5412
5412
5412
5414
5414
5414
5414
5414
5418
5418
5418
5420
5422
5422
5422
5424
5424
5424
5424
5424
5426
5426
5426
5428
5428
5428
5430
5430
5430
5432
5432
5432
5432
5432
5434
5438
5438
5438
5438
5440
5440
5442
5442
5442
5444
5444
5446
5446
5446
5448
5448
5448
5448
5448
5450
5450
5450
5450
5452
5452
5452
5452
5452
5454
5454
5454
5456
5458
5458
5458
5458
5460
5460
5460
5460
5462
5464
5464
5464
5466
5468
5470
5470
5470
5470
5470
5472
5474
5474
5474
5476
5476
5476
5476
5478
5480
5480
5480
5480
5480
5482
5482
5482
5482
5482
5482
5482
5482
5484
5484
5486
5486
5486
5486
5486
5486
5488
5488
5488
5488
5490
5490
5492
5492
5492
5492
5492
5492
5492
5492
5494
5494
5494
5496
5496
5496
5496
5496
5496
5498
5500
5500
5500
5500
5502
5502
5502
5502
5502
5502
5502
5504
5506
5506
5508
5508
5508
5508
5508
5508
5510
5510
5512
5512
5512
5512
5512
5512
5512
5514
5514
5516
5516
5516
5516
5516
5518
5518
5518
5520
5520
5520
5520
5520
5520
5520
5522
5522
5522
5522
5522
5522
5522
5524
5524
5526
5526
5528
5528
5528
5528
5528
5530
5530
5530
5532
5532
5532
5532
5536
5536
5538
5538
5538
5538
5538
5538
5540
5540
5540
5542
5542
5542
5542
5542
5544
5544
5544
5544
5544
5546
5546
5548
5550
5550
5550
5552
5552
5554
5554
5556
5556
5556
5558
5560
5562
5562
5562
5562
5564
5564
5566
5566
5568
5568
5568
5568
5570
5572
5574
5574
5574
5576
5576
5576
5580
5582
5584
5584
5584
5584
5588
5588
5590
5592
5592
5592
5594
5598
5600
5600
5600
5602
5606
5606
5606
5606
5608
5610
5610
5610
5614
5614
5614
5616
5618
5618
5618
5624
5624
5624
5624
5624
5624
5626
5628
5634
5634
5634
5636
5640
5640
5640
5640
5640
5640
5644
5648
5648
5648
5650
5650
5652
5656
5658
5658
5658
5658
5658
5660
5660
5662
5662
5662
5664
5664
5666
5666
5668
5674
5676
5676
5676
5676
5680
5682
5684
5692
5692
5696
5696
5700
5700
5700
5700
5700
5702
5702
5702
5702
5704
5704
5710
5712
5712
5714
5716
5716
5718
5718
5720
5736
5738
5740
5740
5746
5748
5748
5748
5754
5758
5760
5760
5762
5764
5764
5766
5766
5768
5768
5768
5768
5770
5770
5772
5772
5774
5776
5776
5776
5776
5780
5784
5784
5788
5788
5796
5800
5800
5800
5802
5804
5806
5806
5808
5810
5810
5810
5812
5816
5816
5816
5816
5818
5820
5822
5836
5836
5840
5842
5842
5850
5850
5854
5854
5856
5858
5858
5858
5864
5866
5866
5868
5868
5870
5872
5874
5878
5878
5880
5880
5884
5884
5888
5890
5890
5890
5892
5892
5894
5894
5894
5896
5900
5902
5904
5910
5910
5914
5920
5920
5922
5922
5924
5924
5926
5928
5930
5932
5936
5936
5940
5944
5948
5950
5950
5958
5960
5964
5964
5964
5966
5966
5968
5968
5970
5972
5974
5976
5976
5978
5986
5988
5990
5990
5990
5992
5994
5996
5998
6002
6002
6002
6004
6006
6010
6010
6010
6010
6012
6016
6016
6020
6022
6028
6028
6034
6034
6038
6042
6044
6050
6054
6058
6064
6066
6068
6070
6072
6072
6076
6076
6078
6078
6082
6084
6086
6086
6088
6088
6092
6094
6098
6098
6100
6102
6106
6110
6112
6112
6114
6114
6118
6118
6120
6122
6126
6130
6130
6136
6136
6138
6140
6146
6148
6154
6154
6154
6170
6174
6176
6176
6178
6180
6190
6198
6198
6200
6202
6202
6208
6210
6220
6220
6226
6252
6260
6260
6264
6268
6270
6272
6274
6284
6292
6312
6324
6324
6326
6326
6330
6334
6338
6338
6340
6344
6358
6360
6364
6366
6374
6374
6378
6386
6394
6394
6400
6408
6416
6432
6434
6440
6470
6476
6482
6518
6528
6562
6602
6622
6626
6658
6714
6718
6728
6736
6744
6760
6774
6798
6808
6812
6840
6868
6884
6938
7020
7020
7056
7076
7164
7202
7232
7300
7348
7406
7486
7796
7910
8344
8348
8386
8422
8540
8582
8856
8898
9008
9018
9218
9442
9450
9562
9724
9846
10270
10500
10518
10630
10850
11086
11212
11612
11700
12248
13292
13704
14088
14556
14728
14948
15584
16054
16172
16670
17834
18552
18712
18936
19052
19538
20118
20310
22128
22638
22800
22954
23102
23108
23172
23276
24740
24918
25750
25956
26364
26442
26578
27890
29466
29776
30308
30612
30760
31566
32068
34714
34780
34856
35566
35660
36102
37582
50864
76248
85496
