Latencies
4964
4984
4984
4984
4988
4994
4996
5004
5006
5006
5008
5012
5012
5018
5018
5020
5022
5022
5024
5024
5024
5026
5026
5030
5030
5032
5032
5034
5034
5034
5036
5038
5038
5040
5040
5042
5042
5042
5042
5042
5042
5044
5046
5046
5046
5048
5048
5048
5048
5050
5050
5052
5052
5052
5052
5052
5054
5054
5054
5054
5056
5058
5058
5060
5062
5064
5066
5066
5070
5070
5072
5072
5074
5076
5076
5076
5078
5078
5078
5078
5080
5080
5080
5082
5084
5084
5084
5084
5086
5088
5088
5090
5090
5090
5092
5092
5094
5096
5096
5096
5098
5098
5100
5100
5100
5100
5102
5104
5104
5104
5106
5106
5108
5108
5108
5110
5110
5112
5114
5116
5116
5118
5118
5118
5122
5122
5122
5122
5122
5124
5124
5124
5124
5126
5126
5128
5128
5130
5132
5132
5134
5134
5134
5136
5138
5138
5140
5140
5140
5140
5144
5144
5144
5144
5144
5146
5146
5146
5146
5146
5146
5148
5148
5150
5150
5150
5152
5152
5152
5154
5154
5154
5154
5154
5154
5154
5156
5156
5156
5158
5158
5158
5160
5160
5162
5162
5162
5162
5162
5162
5164
5166
5166
5168
5168
5168
5168
5168
5168
5168
5168
5170
5172
5172
5172
5174
5176
5176
5176
5178
5180
5180
5180
5182
5182
5182
5182
5184
5184
5184
5184
5184
5186
5186
5186
5188
5190
5190
5192
5192
5194
5194
5194
5194
5194
5194
5196
5196
5196
5196
5198
5198
5198
5198
5200
5200
5200
5200
5202
5202
5204
5204
5204
5204
5204
5204
5204
5206
5206
5206
5206
5206
5208
5208
5208
5210
5212
5212
5212
5212
5212
5214
5216
5216
5216
5216
5218
5218
5218
5220
5220
5220
5220
5220
5222
5222
5222
5222
5222
5224
5224
5224
5226
5228
5228
5228
5228
5228
5228
5230
5230
5230
5230
5230
5230
5232
5232
5232
5232
5232
5232
5232
5234
5234
5234
5234
5236
5236
5236
5236
5236
5236
5238
5238
5238
5240
5240
5240
5240
5242
5242
5242
5242
5242
5242
5242
5242
5242
5244
5244
5246
5246
5246
5248
5248
5248
5248
5250
5250
5250
5252
5252
5252
5252
5252
5254
5254
5254
5256
5256
5256
5256
5256
5256
5258
5258
5258
5258
5258
5258
5260
5262
5262
5262
5262
5262
5262
5262
5264
5266
5266
5266
5266
5266
5268
5268
5268
5268
5268
5270
5270
5270
5270
5270
5272
5272
5274
5274
5274
5274
5276
5276
5276
5276
5276
5278
5280
5280
5280
5280
5280
5282
5282
5284
5284
5284
5286
5286
5286
5286
5286
5288
5290
5290
5290
5290
5292
5292
5294
5294
5294
5294
5296
5296
5296
5296
5296
5296
5298
5298
5298
5300
5300
5300
5302
5302
5302
5304
5304
5304
5304
5306
5308
5310
5310
5310
5312
5312
5312
5312
5314
5314
5314
5314
5314
5318
5320
5322
5322
5326
5326
5326
5328
5330
5332
5332
5332
5334
5334
5338
5338
5338
5340
5342
5342
5342
5342
5342
5346
5346
5348
5348
5348
5348
5350
5350
5350
5354
5354
5354
5354
5358
5362
5364
5364
5364
5366
5366
5368
5372
5372
5374
5374
5380
5380
5382
5384
5386
5386
5386
5386
5388
5390
5392
5392
5392
5394
5396
5396
5396
5396
5398
5398
5398
5400
5402
5402
5404
5404
5406
5406
5408
5412
5412
5414
5414
5414
5418
5418
5418
5422
5422
5422
5424
5424
5426
5428
5428
5430
5430
5430
5432
5432
5436
5438
5438
5438
5440
5440
5442
5444
5444
5444
5446
5446
5448
5448
5450
5450
5452
5454
5454
5454
5456
5458
5458
5458
5460
5462
5462
5464
5464
5466
5466
5474
5476
5484
5486
5486
5490
5490
5490
5494
5494
5496
5498
5500
5500
5500
5500
5504
5506
5506
5510
5512
5512
5512
5514
5514
5516
5516
5524
5532
5534
5534
5536
5536
5540
5544
5544
5544
5548
5550
5552
5552
5554
5554
5556
5558
5566
5570
5570
5572
5580
5582
5584
5590
5590
5596
5598
5600
5604
5606
5608
5608
5608
5610
5612
5616
5618
5618
5618
5618
5620
5620
5622
5622
5636
5636
5638
5642
5646
5648
5652
5652
5660
5664
5666
5668
5672
5682
5688
5688
5688
5692
5694
5698
5698
5698
5700
5700
5704
5706
5706
5708
5712
5714
5716
5716
5722
5724
5734
5736
5740
5742
5742
5742
5742
5748
5752
5756
5760
5762
5764
5764
5766
5766
5776
5776
5786
5790
5798
5800
5802
5804
5814
5814
5816
5818
5818
5820
5826
5828
5830
5836
5836
5836
5838
5842
5842
5844
5846
5846
5848
5848
5858
5864
5866
5868
5870
5872
5880
5880
5882
5882
5882
5888
5888
5890
5892
5894
5896
5896
5898
5904
5910
5912
5912
5920
5920
5920
5920
5928
5932
5932
5934
5934
5944
5944
5946
5948
5952
5958
5958
5960
5972
5974
5976
5976
5976
5976
5978
5978
5996
6004
6006
6008
6012
6012
6012
6016
6022
6022
6028
6034
6040
6040
6046
6050
6052
6052
6058
6064
6064
6066
6068
6068
6070
6080
6086
6094
6098
6098
6098
6102
6124
6124
6130
6144
6154
6156
6164
6186
6192
6214
6238
6242
6242
6258
6284
6294
6314
6332
6342
6354
6370
6374
6414
6432
6434
6442
6460
6482
6490
6556
6570
6782
6862
6900
7104
7220
7406
7456
7810
7926
8090
8150
8240
8258
8396
8442
8560
8566
8578
8718
8768
9016
9264
9336
9468
9512
9598
9744
9838
9892
9968
10228
10260
10280
10304
10340
10380
10480
10560
10626
10642
10724
10902
10910
10950
11114
11422
11542
11582
11658
11672
11692
11750
11770
11778
11812
11824
11926
12646
12810
13000
13300
13538
13782
14042
14194
14326
14376
14392
14508
14510
14610
14656
15042
15488
15506
15648
15814
15856
16240
16706
17120
17196
17390
17586
17628
17690
17694
18392
18722
18746
18800
18944
19942
19986
20104
20198
20260
20298
20368
20390
20508
20526
21108
21134
21634
21700
21792
22132
22534
22726
23954
24104
26940
27304
27546
28542
28660
30602
31260
31316
31678
32862
32982
33198
33206
33270
33428
34062
34224
34816
34860
34900
35116
35460
36422
36780
37042
39888
42474
42832
43698
44498
69564
