Latencies
5116
5128
5128
5128
5130
5136
5142
5142
5142
5142
5146
5150
5152
5154
5158
5160
5160
5164
5164
5166
5166
5168
5168
5168
5170
5172
5172
5174
5174
5174
5174
5178
5180
5180
5180
5182
5182
5182
5182
5184
5186
5188
5188
5188
5190
5190
5190
5190
5190
5192
5194
5194
5194
5194
5194
5196
5196
5196
5198
5198
5198
5198
5200
5200
5200
5202
5202
5204
5204
5206
5206
5208
5208
5208
5208
5210
5210
5212
5214
5214
5214
5216
5218
5218
5218
5220
5220
5220
5220
5220
5220
5222
5222
5222
5222
5224
5224
5226
5226
5226
5226
5228
5228
5228
5228
5228
5230
5230
5230
5230
5230
5230
5232
5232
5234
5234
5236
5236
5238
5238
5238
5242
5242
5244
5244
5244
5244
5246
5246
5246
5246
5248
5250
5250
5252
5252
5254
5254
5254
5254
5256
5256
5256
5258
5258
5258
5258
5260
5262
5262
5264
5264
5264
5264
5264
5266
5266
5268
5268
5268
5270
5272
5272
5272
5272
5272
5274
5274
5274
5274
5274
5274
5276
5276
5278
5278
5278
5280
5280
5280
5282
5282
5282
5282
5282
5284
5284
5284
5286
5286
5286
5286
5286
5286
5288
5288
5290
5290
5290
5290
5292
5292
5292
5294
5294
5294
5294
5294
5294
5294
5294
5296
5296
5296
5298
5298
5298
5298
5298
5298
5300
5300
5300
5300
5300
5300
5300
5302
5302
5302
5304
5304
5304
5306
5306
5306
5306
5306
5310
5310
5312
5312
5312
5312
5312
5312
5312
5314
5314
5314
5314
5318
5318
5318
5318
5318
5320
5320
5320
5320
5322
5322
5322
5324
5324
5324
5324
5326
5328
5330
5330
5330
5330
5330
5332
5332
5332
5334
5334
5334
5336
5336
5336
5338
5338
5338
5338
5338
5338
5340
5340
5340
5342
5342
5342
5342
5344
5344
5344
5344
5346
5346
5348
5348
5348
5348
5350
5350
5352
5354
5354
5354
5354
5354
5356
5358
5360
5360
5362
5362
5362
5362
5362
5364
5364
5364
5364
5364
5364
5368
5368
5370
5370
5370
5370
5370
5372
5372
5372
5372
5372
5376
5376
5376
5376
5378
5378
5380
5380
5382
5382
5384
5386
5386
5386
5388
5388
5388
5388
5390
5390
5390
5390
5390
5390
5392
5392
5392
5392
5392
5392
5394
5394
5394
5394
5394
5396
5396
5396
5398
5398
5400
5400
5400
5402
5402
5404
5404
5404
5406
5406
5408
5408
5408
5410
5410
5410
5412
5414
5414
5414
5414
5414
5414
5418
5418
5420
5420
5420
5422
5422
5422
5426
5430
5430
5432
5432
5436
5438
5438
5438
5440
5440
5440
5442
5442
5442
5442
5442
5442
5444
5444
5444
5446
5446
5446
5448
5450
5450
5450
5452
5452
5452
5454
5454
5456
5456
5456
5456
5456
5456
5456
5458
5460
5460
5460
5460
5460
5462
5462
5462
5464
5464
5466
5466
5468
5468
5470
5472
5474
5474
5474
5474
5474
5474
5476
5480
5482
5484
5484
5484
5484
5486
5490
5490
5490
5492
5492
5492
5492
5492
5494
5494
5494
5494
5500
5504
5504
5504
5504
5506
5508
5510
5510
5510
5512
5514
5514
5516
5516
5518
5518
5520
5520
5520
5522
5522
5522
5524
5524
5526
5526
5528
5530
5530
5530
5532
5534
5534
5536
5536
5540
5542
5542
5544
5544
5544
5546
5548
5548
5550
5550
5552
5554
5554
5554
5556
5556
5556
5558
5558
5560
5562
5564
5564
5566
5566
5566
5568
5570
5572
5572
5576
5580
5580
5582
5582
5582
5584
5584
5584
5584
5586
5588
5594
5596
5598
5598
5602
5602
5602
5602
5604
5604
5606
5606
5606
5606
5608
5608
5608
5610
5614
5614
5618
5620
5624
5624
5626
5626
5626
5628
5628
5634
5634
5636
5636
5638
5638
5640
5642
5642
5648
5650
5650
5652
5652
5654
5654
5656
5656
5658
5658
5660
5662
5662
5662
5664
5666
5676
5678
5680
5680
5680
5684
5684
5684
5686
5688
5690
5690
5692
5696
5702
5702
5704
5704
5704
5708
5710
5710
5712
5712
5714
5718
5720
5722
5724
5724
5728
5728
5730
5732
5740
5740
5744
5744
5750
5750
5756
5758
5760
5760
5762
5764
5766
5768
5768
5768
5772
5774
5780
5782
5782
5782
5784
5784
5784
5788
5788
5790
5792
5800
5800
5804
5804
5806
5808
5808
5810
5812
5812
5814
5816
5820
5824
5826
5828
5834
5838
5838
5842
5844
5846
5846
5850
5856
5858
5858
5860
5862
5870
5872
5874
5876
5878
5880
5882
5882
5894
5896
5896
5896
5898
5898
5900
5900
5910
5914
5914
5914
5918
5920
5926
5926
5930
5932
5934
5936
5936
5938
5944
5944
5948
5954
5962
5962
5964
5968
5968
5970
5974
5974
5976
5980
5982
5986
5986
5988
5994
6000
6004
6008
6012
6014
6020
6020
6028
6032
6034
6034
6034
6034
6038
6052
6054
6054
6054
6058
6058
6062
6064
6066
6076
6078
6080
6080
6088
6092
6094
6094
6098
6106
6108
6114
6114
6116
6116
6124
6130
6130
6132
6134
6134
6134
6142
6146
6148
6150
6174
6176
6180
6182
6184
6190
6192
6192
6198
6206
6206
6210
6214
6218
6226
6244
6266
6282
6286
6288
6296
6308
6318
6364
6368
6368
6370
6374
6380
6388
6420
6428
6452
6508
6514
6628
6654
6710
6722
6778
6808
6810
6914
6930
6940
7008
7034
7060
7136
7214
7274
7328
7402
7416
7700
7772
8248
8264
8496
8522
8626
8746
8750
8782
8832
8880
9086
9324
9506
9692
9736
9818
9960
10144
10246
10298
10316
10474
10714
11184
11320
11442
11492
11824
11852
11942
11990
12012
12154
12254
12658
12836
12958
13300
13302
13306
13482
13680
13858
14048
14438
14488
14666
14754
14940
15072
15080
15268
15388
15474
15770
15818
15888
16472
16506
16622
16718
17172
17628
17672
17968
18076
18080
18616
19768
19800
20078
20144
20780
21112
21580
21824
22376
23172
23532
23576
23780
23880
23910
24068
24274
24720
25498
25544
25772
25948
26008
26224
26756
26794
26908
27236
28130
29246
29278
30266
30332
30340
31046
31560
31602
31708
31982
32218
32512
32620
32948
33484
34352
34500
34586
34896
35764
36096
36296
36424
36446
38666
41062
43114
10059582
