Latencies
5110
5124
5128
5140
5142
5144
5146
5146
5148
5150
5158
5158
5160
5160
5162
5162
5164
5164
5166
5166
5166
5170
5172
5182
5184
5184
5184
5192
5192
5192
5192
5194
5196
5196
5200
5202
5202
5204
5204
5204
5206
5206
5206
5206
5206
5206
5206
5208
5208
5210
5210
5212
5212
5214
5214
5214
5216
5216
5216
5218
5220
5220
5220
5220
5222
5224
5224
5226
5230
5232
5232
5232
5232
5234
5236
5238
5238
5238
5242
5242
5244
5244
5244
5244
5246
5246
5246
5248
5248
5248
5252
5252
5254
5256
5256
5256
5258
5260
5260
5262
5264
5264
5264
5264
5266
5266
5266
5268
5270
5270
5270
5270
5270
5270
5272
5274
5274
5276
5276
5278
5278
5278
5278
5280
5280
5280
5282
5282
5282
5282
5282
5284
5284
5284
5286
5286
5286
5288
5288
5288
5290
5290
5290
5290
5292
5292
5294
5294
5294
5296
5296
5296
5298
5298
5300
5300
5300
5300
5302
5302
5304
5304
5304
5304
5304
5306
5306
5306
5308
5308
5308
5308
5308
5310
5312
5312
5312
5314
5314
5314
5314
5314
5316
5316
5316
5318
5318
5320
5322
5322
5322
5322
5322
5324
5324
5324
5324
5324
5324
5324
5326
5326
5326
5326
5326
5328
5328
5328
5330
5330
5330
5330
5332
5332
5334
5334
5334
5334
5336
5336
5336
5338
5338
5338
5338
5338
5338
5340
5340
5342
5342
5344
5344
5348
5350
5350
5350
5350
5350
5350
5350
5354
5354
5356
5356
5356
5356
5356
5358
5358
5360
5360
5360
5360
5360
5362
5362
5362
5362
5364
5364
5364
5366
5366
5366
5366
5368
5368
5368
5368
5368
5368
5370
5370
5370
5370
5370
5372
5372
5372
5374
5376
5376
5376
5376
5376
5376
5378
5378
5378
5378
5378
5378
5380
5380
5380
5380
5382
5382
5382
5384
5386
5386
5388
5388
5388
5390
5390
5390
5390
5390
5390
5392
5392
5392
5392
5392
5392
5392
5392
5392
5392
5394
5394
5394
5394
5394
5394
5394
5396
5396
5396
5398
5398
5398
5400
5400
5400
5400
5400
5402
5404
5404
5406
5406
5406
5406
5406
5408
5408
5408
5408
5410
5410
5414
5414
5414
5416
5416
5416
5416
5418
5418
5418
5422
5422
5422
5424
5424
5424
5424
5424
5424
5426
5426
5426
5428
5428
5428
5430
5430
5430
5432
5432
5432
5436
5436
5438
5440
5440
5440
5442
5442
5444
5444
5444
5444
5446
5446
5446
5450
5450
5450
5450
5450
5450
5450
5450
5452
5452
5452
5452
5454
5456
5456
5456
5456
5456
5456
5458
5458
5462
5464
5464
5464
5466
5466
5466
5468
5470
5470
5470
5472
5474
5476
5476
5476
5482
5486
5486
5486
5486
5488
5488
5490
5490
5492
5492
5492
5494
5494
5494
5496
5496
5498
5500
5500
5502
5502
5502
5504
5504
5506
5506
5506
5508
5508
5508
5512
5514
5516
5516
5518
5518
5520
5520
5522
5522
5522
5522
5524
5524
5526
5526
5530
5532
5532
5532
5534
5534
5534
5534
5534
5536
5538
5538
5540
5540
5540
5540
5542
5542
5542
5544
5544
5548
5548
5548
5548
5550
5550
5552
5554
5554
5554
5556
5558
5558
5558
5558
5560
5560
5562
5562
5566
5566
5566
5570
5574
5574
5574
5574
5576
5580
5584
5586
5588
5588
5590
5592
5596
5600
5600
5602
5604
5608
5610
5612
5614
5614
5616
5618
5620
5622
5622
5622
5626
5628
5628
5630
5636
5638
5638
5638
5640
5642
5644
5648
5650
5652
5654
5656
5656
5656
5656
5658
5658
5658
5658
5658
5660
5662
5664
5664
5666
5668
5670
5674
5674
5674
5676
5676
5676
5676
5682
5684
5686
5686
5690
5692
5692
5694
5698
5700
5704
5704
5704
5704
5708
5708
5710
5714
5716
5716
5718
5722
5722
5722
5724
5724
5724
5724
5724
5726
5728
5730
5734
5738
5738
5738
5746
5748
5750
5750
5750
5750
5756
5756
5760
5762
5764
5766
5768
5774
5788
5788
5788
5790
5792
5796
5800
5802
5804
5804
5806
5808
5810
5810
5812
5814
5814
5814
5814
5814
5816
5820
5822
5822
5826
5830
5830
5836
5848
5848
5850
5850
5852
5856
5858
5858
5860
5860
5862
5862
5866
5868
5868
5868
5870
5872
5872
5876
5876
5876
5876
5878
5880
5880
5884
5888
5898
5898
5900
5902
5906
5908
5912
5916
5918
5918
5928
5934
5934
5934
5938
5940
5940
5942
5942
5944
5946
5946
5948
5950
5952
5952
5954
5958
5960
5962
5968
5974
5976
5978
5982
5982
5990
5992
5994
5994
5994
6000
6000
6006
6008
6016
6020
6020
6022
6024
6024
6032
6034
6038
6038
6038
6040
6040
6042
6042
6044
6046
6048
6052
6062
6066
6068
6068
6070
6072
6076
6080
6080
6082
6082
6084
6084
6084
6090
6092
6094
6106
6106
6110
6110
6112
6114
6120
6124
6128
6132
6142
6146
6148
6150
6152
6154
6158
6170
6176
6178
6180
6180
6182
6196
6200
6216
6222
6228
6234
6248
6262
6264
6276
6280
6290
6292
6298
6328
6332
6332
6334
6340
6348
6352
6376
6386
6410
6424
6446
6472
6472
6476
6504
6520
6522
6558
6610
6614
6616
6632
6650
6658
6660
6674
6680
6694
6712
6720
6722
6732
6752
6752
6820
6836
6866
6920
6972
7028
7030
7036
7058
7120
7122
7288
7304
7380
7448
7458
7644
7688
7794
7816
7842
7868
7896
7950
8238
8396
9226
9360
9420
9850
10002
10020
10060
10252
10410
10466
10720
10828
10930
10934
10982
11082
11442
11462
11548
11836
11972
12014
12098
12110
12320
13164
13300
13320
13718
13818
13918
13966
14014
14226
14408
14854
15196
15490
15732
16778
16942
17276
17610
19166
19328
19858
20134
20280
20524
21114
21266
21318
21406
22196
22618
22678
23396
23484
23514
23684
23748
24242
24296
24398
24870
24908
25744
25818
25990
26158
26224
26698
27038
27340
27928
28226
28282
28554
28706
28936
29014
29066
30206
30500
30608
32380
32692
32930
33120
33224
33842
35888
36212
37284
37304
39726
41752
50716
91974
10066806
10430608
