Latencies
5108
5118
5124
5128
5128
5128
5130
5134
5134
5134
5134
5134
5136
5138
5140
5140
5142
5142
5142
5144
5144
5146
5148
5148
5150
5150
5154
5154
5156
5156
5158
5158
5158
5158
5158
5158
5160
5160
5160
5162
5164
5166
5168
5170
5170
5170
5172
5172
5172
5174
5174
5174
5174
5176
5176
5180
5180
5180
5180
5182
5182
5182
5184
5184
5184
5184
5184
5184
5186
5186
5186
5190
5192
5192
5194
5194
5194
5194
5194
5194
5194
5194
5196
5198
5202
5202
5202
5204
5208
5208
5208
5208
5208
5210
5210
5210
5212
5214
5214
5214
5214
5216
5216
5216
5216
5218
5218
5220
5222
5222
5222
5224
5224
5226
5226
5226
5228
5228
5230
5230
5232
5234
5234
5234
5234
5240
5242
5242
5242
5242
5246
5246
5248
5250
5252
5252
5252
5254
5256
5258
5258
5260
5262
5262
5264
5266
5266
5268
5268
5268
5270
5270
5274
5276
5276
5276
5278
5278
5280
5282
5282
5284
5284
5288
5288
5290
5292
5294
5296
5298
5300
5302
5302
5302
5306
5306
5306
5306
5306
5308
5310
5310
5310
5312
5312
5312
5312
5312
5316
5316
5316
5318
5320
5320
5320
5320
5322
5322
5322
5324
5324
5324
5324
5326
5326
5326
5326
5328
5328
5330
5330
5330
5330
5330
5332
5332
5332
5334
5334
5334
5334
5336
5336
5336
5338
5338
5338
5338
5338
5338
5342
5344
5344
5344
5344
5344
5346
5346
5346
5348
5348
5348
5350
5350
5350
5350
5352
5354
5354
5354
5354
5354
5356
5356
5356
5358
5358
5358
5358
5360
5360
5362
5362
5362
5362
5364
5364
5366
5366
5368
5370
5370
5370
5372
5372
5372
5372
5374
5374
5376
5376
5376
5378
5380
5380
5380
5380
5382
5382
5382
5384
5384
5384
5384
5384
5386
5386
5386
5386
5386
5386
5386
5386
5386
5386
5388
5388
5388
5388
5390
5390
5390
5392
5392
5392
5392
5392
5394
5396
5396
5396
5398
5398
5398
5398
5398
5398
5398
5400
5400
5400
5402
5402
5402
5402
5404
5404
5404
5406
5406
5406
5408
5408
5408
5410
5410
5410
5410
5410
5410
5412
5412
5412
5412
5414
5414
5414
5414
5416
5416
5416
5416
5418
5420
5420
5420
5422
5422
5424
5424
5424
5424
5424
5424
5424
5428
5430
5430
5430
5430
5432
5432
5434
5434
5434
5434
5436
5436
5436
5438
5438
5438
5440
5442
5442
5442
5442
5442
5442
5442
5442
5446
5446
5446
5448
5448
5450
5450
5452
5452
5452
5454
5454
5454
5454
5456
5456
5456
5460
5462
5462
5464
5464
5464
5466
5466
5468
5468
5468
5470
5470
5472
5472
5472
5472
5474
5474
5474
5474
5474
5474
5476
5478
5480
5480
5480
5480
5480
5482
5482
5484
5484
5486
5486
5488
5488
5488
5490
5490
5492
5492
5492
5494
5494
5496
5496
5498
5498
5500
5500
5500
5502
5502
5502
5502
5502
5504
5504
5506
5508
5508
5508
5510
5512
5512
5514
5516
5516
5516
5516
5518
5518
5518
5518
5518
5518
5518
5520
5520
5520
5520
5522
5522
5524
5524
5526
5528
5528
5530
5530
5532
5532
5536
5536
5536
5536
5536
5536
5538
5538
5540
5540
5540
5540
5542
5542
5542
5542
5542
5544
5546
5548
5550
5552
5552
5554
5554
5556
5556
5556
5556
5556
5558
5558
5560
5562
5566
5566
5570
5570
5570
5572
5572
5574
5574
5574
5576
5578
5578
5580
5586
5590
5590
5590
5592
5594
5598
5598
5600
5600
5602
5608
5610
5610
5612
5612
5612
5614
5614
5618
5620
5620
5620
5622
5622
5624
5626
5630
5630
5630
5630
5632
5632
5636
5636
5638
5644
5646
5646
5646
5648
5650
5652
5652
5652
5652
5658
5658
5658
5660
5670
5672
5672
5676
5680
5682
5682
5684
5684
5686
5690
5690
5690
5692
5698
5700
5702
5704
5706
5706
5708
5712
5714
5718
5720
5722
5724
5726
5728
5730
5730
5734
5736
5738
5740
5742
5744
5744
5748
5750
5750
5756
5756
5760
5760
5762
5770
5772
5776
5776
5782
5784
5784
5788
5796
5816
5818
5820
5826
5826
5826
5832
5834
5836
5840
5840
5848
5852
5854
5856
5856
5858
5858
5862
5866
5870
5870
5878
5878
5882
5884
5884
5886
5886
5888
5890
5894
5902
5904
5910
5910
5914
5916
5922
5924
5924
5924
5928
5932
5940
5942
5952
5954
5964
5968
5974
5976
5984
5984
5986
5988
5988
5990
5996
6000
6008
6010
6016
6024
6026
6028
6034
6038
6038
6042
6042
6044
6050
6050
6056
6058
6064
6068
6068
6070
6070
6072
6076
6082
6084
6088
6090
6098
6102
6118
6120
6124
6138
6150
6152
6158
6166
6168
6170
6172
6182
6186
6190
6190
6190
6216
6220
6228
6238
6240
6242
6248
6256
6260
6260
6262
6270
6276
6278
6278
6280
6292
6300
6318
6326
6336
6360
6388
6398
6406
6412
6412
6428
6436
6446
6448
6454
6464
6500
6514
6526
6530
6578
6608
6646
6660
6672
6684
6696
6702
6716
6760
6770
6818
6900
6938
6968
7044
7050
7056
7148
7168
7174
7240
7248
7316
7432
7500
7706
7718
7718
7788
7878
7938
8172
8366
8606
8862
8910
8998
9266
9292
9434
9560
9700
9822
9994
10200
10422
10492
10576
10674
10900
11050
11072
11096
11184
11366
11370
11632
11708
11748
11936
11982
12150
12188
12676
12834
12986
13330
13658
13870
14270
14428
14432
14438
14540
14586
14672
14692
14732
14748
14974
14984
15330
15362
15508
15678
15754
16194
16296
16652
17414
17762
18028
18150
18682
19366
19700
20314
20474
20542
20602
20666
20766
20776
21252
21426
21698
21740
21926
21998
22520
22714
22854
22866
23124
23166
24088
24122
24246
24484
24562
25124
25194
25284
25362
25452
25472
25932
25964
26298
27444
27530
27542
27624
27814
28162
29470
29672
30154
30778
31218
31236
31326
31476
33110
33136
33694
33778
34118
34404
35462
36030
40296
41264
43208
43228
43776
45032
52646
52682
52952
