Latencies
5326
5526
5528
5596
5638
5642
5650
5686
5718
5756
5756
5766
5770
5844
5854
5864
5890
5962
5986
6014
6038
6038
6038
6092
6094
6130
6134
6146
6208
6216
6222
6340
6346
6348
6408
6434
6444
6528
6600
6630
6652
6710
6714
6732
6744
6818
6820
6866
6936
6968
6990
7024
7048
7064
7066
7140
7344
7344
7348
7370
7474
7518
7584
7608
7646
7682
7720
7762
7830
7898
7956
7976
8038
8048
8052
8076
8086
8110
8148
8154
8196
8208
8220
8226
8226
8272
8298
8330
8350
8422
8434
8490
8506
8526
8592
8602
8624
8624
8696
8744
8768
8776
8810
8822
8868
8894
8898
8916
8974
8984
8990
9024
9076
9104
9132
9136
9154
9174
9200
9208
9264
9300
9310
9328
9350
9394
9446
9468
9496
9516
9538
9590
9594
9720
9818
9868
9888
9892
9904
9916
9938
10012
10016
10202
10252
10272
10272
10284
10314
10404
10452
10476
10494
10506
10516
10602
10612
10614
10628
10652
10674
10748
10768
10826
10866
11000
11008
11072
11076
11148
11162
11184
11258
11302
11338
11350
11380
11382
11406
11408
11436
11508
11562
11578
11668
11688
11702
11710
11734
11752
11778
11790
11800
11808
11838
11860
11912
11932
12042
12042
12092
12106
12116
12198
12220
12328
12390
12414
12476
12550
12618
12642
12672
12682
12742
12744
12752
12918
12926
12978
12994
13062
13078
13080
13176
13180
13222
13252
13296
13316
13322
13358
13362
13390
13412
13440
13460
13460
13468
13510
13516
13588
13594
13598
13640
13766
13768
13804
13828
13848
13874
13876
13964
13966
13982
13986
13986
13990
14018
14020
14098
14098
14118
14118
14136
14168
14168
14174
14188
14188
14212
14238
14242
14248
14302
14308
14310
14326
14330
14336
14340
14346
14366
14382
14420
14452
14468
14488
14496
14510
14510
14518
14518
14520
14544
14556
14572
14582
14594
14612
14616
14642
14698
14700
14700
14720
14726
14740
14760
14766
14768
14774
14788
14810
14814
14816
14818
14834
14840
14848
14848
14852
14868
14882
14910
14934
14938
14944
14954
14964
14968
14970
14970
14978
14996
15028
15028
15042
15044
15058
15064
15070
15072
15090
15100
15124
15128
15152
15158
15176
15178
15186
15192
15192
15194
15218
15230
15242
15242
15250
15274
15306
15308
15320
15322
15324
15326
15332
15362
15380
15402
15410
15430
15440
15466
15480
15498
15504
15520
15530
15542
15546
15566
15576
15580
15596
15598
15602
15606
15618
15630
15644
15654
15654
15660
15662
15722
15740
15744
15754
15786
15812
15828
15830
15836
15858
15864
15868
15890
15918
15924
15928
15938
15958
15990
15992
16066
16076
16142
16158
16184
16192
16212
16224
16356
16356
16434
16476
16510
16524
16626
16626
16642
16648
16724
16774
16798
16880
16904
16944
16996
17038
17056
17066
17080
17084
17116
17118
17124
17142
17156
17218
17226
17262
17292
17320
17350
17406
17424
17434
17518
17582
17602
17754
17766
17890
17928
17946
17964
17980
18030
18074
18074
18106
18134
18186
18200
18258
18262
18280
18302
18338
18348
18446
18592
18604
18612
18622
18770
18794
18804
18820
18822
18850
18866
18928
18972
19022
19044
19058
19062
19082
19102
19106
19128
19154
19252
19292
19298
19336
19382
19444
19490
19668
19760
19818
19884
19936
19992
19996
20008
20032
20098
20166
20166
20442
20514
20518
20568
20606
20700
20702
20736
20788
20788
20812
20816
20870
20872
20964
20994
21070
21130
21200
21240
21416
21458
21484
21516
21542
21564
21592
21636
21718
21806
21926
21990
21990
22004
22056
22080
22124
22190
22228
22246
22252
22300
22340
22444
22464
22468
22486
22488
22592
22622
22704
22796
22804
22844
22868
22878
22934
22956
23034
23046
23184
23188
23230
23236
23274
23288
23488
23530
23534
23568
23582
23598
23646
23680
23682
23694
23700
23702
23704
23728
23740
23742
23744
23782
23802
23870
23872
23876
23976
24034
24050
24084
24124
24128
24138
24194
24228
24236
24240
24242
24250
24250
24270
24282
24288
24294
24314
24314
24314
24344
24344
24346
24364
24392
24408
24420
24430
24442
24444
24448
24460
24472
24476
24498
24508
24516
24524
24580
24586
24592
24594
24600
24604
24620
24648
24654
24662
24680
24688
24702
24708
24712
24722
24738
24740
24742
24782
24784
24786
24792
24802
24810
24816
24822
24840
24842
24842
24846
24848
24852
24862
24888
24896
24902
24928
24936
24944
24956
24966
24972
24980
24982
24984
24988
24994
25000
25006
25010
25014
25014
25020
25022
25026
25026
25076
25106
25112
25124
25130
25138
25144
25146
25150
25164
25166
25166
25182
25184
25186
25202
25230
25240
25242
25310
25318
25334
25340
25350
25350
25354
25356
25360
25366
25374
25380
25414
25426
25446
25460
25470
25494
25496
25562
25568
25576
25590
25592
25604
25618
25650
25652
25704
25710
25762
25762
25824
25858
26074
26342
26348
26476
26566
26816
26994
27030
27080
27284
27350
27352
27360
27408
27424
27542
27588
27624
27860
27892
27914
27976
28000
28138
28222
28236
28238
28426
28458
28474
28562
28638
28654
28712
28724
28740
28768
28918
29076
29110
29226
29240
29426
29434
29540
29608
29628
29850
29984
30000
30034
30092
30222
30382
30600
30806
31056
31102
31310
31422
31464
31514
31916
31938
32002
32232
32242
32258
32272
32330
32394
32416
32624
32638
32652
32704
32728
32798
32902
32946
32968
32984
33036
33044
33110
33194
33282
33310
33348
33372
33392
33416
33466
33470
33588
33670
33688
33730
33826
33860
33864
33886
33918
33924
33988
34030
34044
34048
34058
34058
34068
34094
34100
34102
34106
34140
34204
34250
34296
34314
34416
34418
34424
34426
34464
34466
34480
34484
34488
34566
34590
34596
34622
34652
34656
34688
34720
34774
34900
34938
34958
34968
35008
35032
35086
35094
35154
35168
35170
35262
35302
35344
35362
35394
35402
35452
35482
35504
35566
35634
35672
35742
35876
36042
36148
36280
36422
36888
37556
37776
38586
38962
39020
39180
39362
39404
39518
39528
39918
40660
41504
41710
41756
42296
43000
43094
43262
43352
43410
43414
43844
43860
43992
44104
44824
45082
45384
45456
46752
46858
47174
47718
48402
48580
49162
52084
52714
53276
53354
54354
54618
55218
58040
64850
65368
69092
71894
74398
93436
565202
866494
