Latencies
5874
6122
6164
6298
7158
8040
8780
9686
10316
10440
10762
11320
12690
12962
13598
14228
14450
14670
15088
15510
15626
15670
15818
15918
15926
16078
16136
16136
16250
16290
16510
16524
16564
16656
16668
16760
16912
16976
17012
17108
17120
17136
17232
17244
17246
17464
17474
17476
17618
17644
17692
17748
17796
17880
17988
18190
18258
18272
18342
18360
18374
18416
18538
18586
18608
18634
18664
18676
18826
18900
19204
19294
19668
19740
19808
19974
20072
20098
20120
20158
20210
20278
20282
20312
20432
20452
20464
20498
20542
20606
20670
20708
20774
20866
20918
20926
20956
21032
21252
21398
21402
21408
21470
21514
21590
21636
21764
21878
21882
22010
22224
22340
22396
22550
22554
22564
22582
22732
22734
22742
22760
22776
22786
22862
22998
23056
23100
23144
23152
23234
23264
23292
23294
23296
23330
23432
23464
23490
23736
23762
23792
23796
23874
23890
24002
24124
24150
24212
24232
24260
24298
24336
24412
24450
24452
24454
24536
24570
24576
24590
24658
24660
24674
24710
24728
24734
24784
24794
24796
24804
24880
24956
24960
25008
25076
25164
25180
25182
25378
25412
25434
25516
25538
25598
25622
25626
25734
25776
25790
25842
25898
25904
26002
26012
26016
26030
26038
26044
26092
26218
26226
26302
26410
26462
26568
26636
26734
26742
26766
26780
26788
26952
27006
27048
27178
27192
27242
27290
27294
27336
27536
27558
27692
27696
27704
27804
27932
27976
28050
28112
28144
28250
28274
28288
28298
28334
28364
28464
28532
28714
28718
28720
28728
28744
28840
28860
28904
29002
29036
29054
29102
29158
29162
29186
29540
29548
29550
29588
29692
29702
29746
29756
29766
29846
29968
30030
30080
30294
30330
30342
30364
30366
30390
30408
30482
30574
30662
30808
30864
30940
31058
31112
31178
31214
31394
31396
31470
31612
31652
31732
31760
31998
32006
32008
32056
32152
32258
32270
32406
32408
32442
32478
32592
32630
32716
32718
32764
32820
32828
32844
32846
32942
33022
33024
33026
33076
33370
33374
33382
33404
33424
33488
33524
33590
33598
33652
33982
34012
34012
34018
34020
34036
34058
34088
34112
34148
34174
34184
34234
34256
34264
34294
34302
34312
34380
34386
34450
34454
34460
34506
34524
34534
34548
34562
34576
34600
34640
34652
34672
34676
34732
34742
34758
34766
34792
34794
34812
34848
34868
34868
34882
34920
34948
34952
34956
34970
34972
35016
35036
35078
35090
35094
35096
35172
35204
35216
35230
35266
35274
35298
35316
35338
35348
35352
35422
35424
35452
35488
35508
35512
35558
35602
35642
35742
35832
35858
35864
35922
35992
36040
36054
36072
36108
36150
36190
36222
36250
36294
36362
36396
36462
36496
36574
36628
36784
36808
36944
37158
37236
37278
37284
37434
37686
37716
37750
37808
37854
37856
37894
37916
38070
38074
38078
38100
38168
38276
38290
38480
38864
38906
38940
38980
39108
39172
39326
39362
39372
39398
39400
39616
39760
39888
40020
40122
40164
40178
40454
40590
40616
40632
40672
40676
40766
40844
41070
41092
41092
41116
41264
41526
41624
41650
41852
41888
41992
42042
42048
42114
42156
42228
42334
42440
42454
42474
42614
42660
42892
42964
42986
42994
43008
43048
43070
43088
43108
43206
43284
43322
43384
43416
43452
43468
43522
43586
43648
43660
43708
43748
43874
43874
43902
43948
43950
43986
43988
43992
44034
44036
44066
44176
44238
44304
44312
44374
44394
44444
44472
44472
44480
44560
44592
44614
44630
44632
44664
44666
44720
44740
44758
44830
44836
44904
44914
44968
44982
45032
45092
45094
45104
45130
45156
45174
45202
45216
45400
45406
45690
45696
45710
45722
45762
45916
45940
45988
46250
46302
46340
46416
46456
46480
46540
46550
46608
46610
46618
46658
46852
46856
46882
46896
47072
47076
47088
47124
47156
47162
47228
47336
47552
47562
47700
47702
47754
47824
47928
48046
48092
48162
48264
48274
48368
48430
48450
48474
48500
48556
48652
48684
48782
48836
48904
48990
49004
49006
49058
49152
49282
49318
49360
49466
49782
49910
49982
50038
50050
50052
50082
50110
50148
50198
50222
50224
50252
50274
50280
50616
50668
50704
50760
50772
50794
50818
50916
50948
51000
51088
51144
51162
51212
51378
51492
51550
51628
51780
51862
51992
52096
52436
52438
52468
52528
52568
52696
52740
52760
52866
52902
52992
53014
53016
53142
53216
53504
53514
53546
53554
53646
53662
53684
53728
53734
53734
53734
53754
53756
53790
53808
53930
53990
54046
54068
54122
54126
54126
54126
54154
54158
54172
54174
54208
54248
54254
54266
54268
54288
54294
54298
54302
54316
54330
54366
54420
54460
54492
54514
54550
54610
54686
54744
54748
54842
54862
54968
54970
55010
55050
55060
55064
55236
55242
55278
55318
55480
55488
55494
55504
55518
55564
55570
55634
55788
55828
55854
55970
55974
55996
56016
56216
56282
56378
56408
56454
56518
56596
56624
56664
56698
56724
57222
57332
57416
57468
57612
57696
57798
57870
58114
58172
58226
58638
58748
59144
59214
59250
59250
59598
59856
59876
59940
60156
60306
60526
60534
60666
60772
60830
60954
61202
61248
61312
61952
62048
62268
62274
62294
62346
62404
62560
62792
62806
62940
63092
63160
63244
63256
63288
63386
63420
63452
63550
63632
63732
63874
63908
64130
64248
64282
64404
64728
64852
65040
65078
65202
65244
65278
65402
65456
65576
65672
65708
65722
65846
65886
66134
66312
66332
66392
66538
66650
66988
66998
67364
67418
67496
67654
67734
67806
67940
68286
68336
68348
68350
68528
69138
69220
69304
69338
69460
69568
69658
69732
69738
69808
70056
70244
70562
70616
70784
71054
71100
71212
71246
71358
71416
71722
71782
72192
72208
72240
72332
72382
72402
72470
72686
72706
72708
72832
72854
72924
72926
72932
73052
73116
73120
73196
73236
73348
73356
73474
73480
73520
73534
73612
73622
73646
73650
73680
73752
73868
73942
73948
73972
74106
74198
74224
74362
74510
74558
74708
74996
75020
75062
75074
75144
75186
75760
77164
77740
78236
79276
79416
79858
80374
81118
81816
82122
82182
84296
85514
86696
88458
90274
90486
91124
91260
92712
93972
94146
95932
97534
98248
98996
101440
104288
105136
107768
107794
114130
114228
117450
121360
159822
171928
204662
214466
346320
363890
380584
800444
1172462
1220332
2512290
3057306
5778544
