Latencies
5190
5210
5214
5220
5232
5234
5236
5236
5238
5242
5242
5246
5260
5260
5266
5268
5270
5272
5272
5274
5278
5280
5282
5282
5284
5284
5284
5286
5288
5290
5292
5296
5296
5300
5300
5300
5302
5302
5304
5306
5312
5312
5312
5318
5318
5318
5320
5322
5322
5322
5324
5324
5324
5324
5324
5326
5326
5326
5326
5326
5328
5334
5334
5336
5336
5336
5336
5338
5338
5340
5340
5342
5342
5344
5344
5346
5346
5348
5348
5348
5350
5352
5352
5352
5352
5352
5352
5352
5354
5354
5356
5356
5356
5356
5356
5358
5360
5364
5364
5366
5366
5366
5366
5366
5366
5368
5368
5368
5368
5368
5368
5370
5370
5370
5372
5372
5372
5372
5374
5374
5376
5376
5376
5378
5378
5378
5378
5378
5380
5382
5382
5382
5382
5382
5384
5386
5386
5386
5386
5388
5388
5390
5390
5392
5392
5392
5392
5392
5392
5392
5394
5394
5394
5396
5396
5396
5396
5396
5396
5396
5396
5398
5398
5398
5398
5400
5400
5400
5402
5402
5402
5404
5404
5404
5404
5404
5406
5406
5406
5406
5406
5406
5408
5408
5410
5410
5412
5412
5412
5412
5412
5414
5414
5414
5414
5414
5414
5414
5414
5416
5416
5416
5416
5416
5418
5418
5418
5420
5420
5420
5422
5422
5424
5424
5424
5424
5424
5424
5426
5426
5426
5426
5426
5428
5428
5428
5428
5428
5428
5430
5430
5432
5432
5432
5434
5434
5436
5436
5438
5438
5438
5438
5438
5438
5438
5438
5440
5440
5440
5440
5440
5440
5442
5442
5442
5442
5444
5444
5444
5444
5444
5444
5446
5446
5446
5446
5448
5448
5448
5448
5448
5450
5450
5450
5450
5450
5450
5452
5452
5452
5452
5452
5452
5452
5452
5454
5454
5454
5456
5456
5456
5456
5458
5458
5458
5458
5460
5460
5462
5462
5464
5464
5464
5466
5466
5466
5468
5468
5470
5472
5474
5474
5476
5478
5478
5478
5478
5478
5478
5480
5480
5480
5480
5480
5480
5482
5482
5482
5482
5484
5484
5486
5486
5486
5486
5486
5488
5488
5488
5490
5492
5492
5494
5494
5496
5498
5498
5498
5500
5500
5500
5500
5500
5502
5502
5502
5504
5504
5504
5504
5506
5506
5506
5508
5508
5508
5510
5510
5510
5510
5512
5512
5514
5514
5514
5514
5514
5514
5516
5516
5516
5516
5516
5518
5518
5518
5518
5518
5520
5520
5520
5520
5522
5522
5524
5524
5524
5524
5524
5526
5526
5528
5528
5528
5530
5530
5530
5530
5530
5532
5532
5532
5534
5534
5534
5534
5534
5534
5536
5536
5538
5538
5538
5538
5538
5538
5538
5538
5540
5540
5542
5542
5542
5544
5544
5544
5544
5546
5546
5546
5548
5548
5548
5548
5550
5550
5550
5552
5554
5554
5554
5556
5556
5556
5558
5558
5558
5558
5558
5560
5560
5562
5564
5564
5564
5566
5566
5566
5566
5566
5568
5568
5568
5568
5568
5570
5570
5570
5572
5572
5572
5574
5574
5576
5576
5578
5578
5578
5580
5580
5580
5580
5580
5582
5582
5582
5586
5586
5586
5586
5590
5592
5592
5596
5598
5598
5598
5600
5600
5600
5600
5600
5602
5602
5606
5608
5608
5610
5612
5612
5616
5618
5618
5618
5620
5620
5622
5624
5624
5626
5626
5626
5628
5628
5628
5628
5628
5630
5630
5632
5632
5634
5640
5640
5640
5642
5642
5644
5646
5648
5648
5650
5652
5652
5652
5652
5652
5656
5656
5656
5658
5658
5664
5666
5668
5668
5668
5670
5670
5676
5678
5684
5686
5686
5692
5692
5692
5696
5696
5696
5696
5698
5700
5702
5704
5706
5706
5706
5706
5710
5716
5718
5718
5720
5722
5724
5726
5730
5730
5732
5734
5734
5736
5738
5738
5738
5738
5740
5740
5744
5744
5746
5746
5746
5750
5752
5760
5762
5762
5764
5766
5766
5768
5770
5774
5774
5774
5778
5780
5784
5786
5792
5794
5796
5800
5802
5804
5806
5808
5808
5808
5812
5814
5814
5816
5816
5816
5818
5818
5826
5828
5836
5836
5836
5838
5838
5844
5846
5850
5854
5856
5858
5864
5866
5868
5870
5872
5872
5872
5872
5878
5878
5878
5878
5880
5894
5894
5896
5898
5900
5900
5900
5904
5906
5908
5920
5920
5928
5928
5928
5930
5932
5932
5934
5934
5938
5940
5940
5942
5944
5946
5946
5948
5950
5952
5952
5954
5954
5960
5960
5960
5964
5964
5972
5972
5974
5974
5980
5980
5980
5984
5984
5984
5988
5992
5994
6000
6000
6006
6012
6012
6016
6018
6022
6022
6026
6026
6028
6030
6036
6038
6040
6040
6042
6044
6046
6050
6050
6054
6054
6056
6058
6058
6062
6066
6066
6066
6068
6068
6074
6074
6074
6078
6080
6082
6084
6086
6086
6088
6088
6088
6090
6094
6094
6102
6102
6106
6108
6108
6116
6118
6118
6120
6120
6124
6124
6126
6126
6132
6132
6134
6140
6140
6144
6148
6148
6152
6154
6158
6166
6170
6170
6180
6186
6188
6192
6200
6208
6214
6216
6222
6224
6226
6226
6238
6242
6246
6250
6258
6272
6276
6276
6282
6284
6286
6290
6294
6298
6302
6302
6306
6316
6322
6330
6334
6344
6360
6360
6364
6366
6374
6382
6394
6412
6420
6420
6426
6434
6444
6452
6454
6466
6478
6484
6542
6554
6574
6582
6596
6598
6606
6618
6622
6632
6660
6676
6706
6732
6766
6794
6798
6800
6814
6850
6854
6900
6918
6932
7008
7020
7030
7080
7096
7152
7290
7304
7316
7376
7408
7408
7442
7556
7672
7692
7694
7730
7862
7958
8056
8120
8122
8146
8262
8290
8348
8458
8524
8670
8758
8990
9182
9290
9342
9650
9666
10010
10082
10106
10282
10458
10998
11028
11362
11566
11748
12032
12172
12290
12372
12400
12658
12986
13094
13342
13394
13748
14116
14216
14262
14334
14512
14520
14972
15128
15458
15520
15640
15870
16010
16838
17470
17602
17978
18210
18312
18952
19438
19608
20654
20800
20848
21076
21130
21396
21542
22064
22780
22896
23332
25032
25302
25576
25656
26056
26290
26318
26494
27752
27886
28080
28192
29004
29080
29550
29572
29766
30218
30762
32282
33240
33868
34048
34076
34830
35162
52752
53676
58836
76270
98288
