Latencies
4986
4992
5000
5010
5016
5020
5022
5028
5030
5034
5040
5040
5042
5044
5046
5050
5052
5052
5054
5054
5056
5058
5058
5058
5058
5060
5060
5062
5062
5062
5062
5064
5064
5066
5068
5068
5068
5070
5070
5070
5072
5072
5072
5074
5074
5076
5078
5080
5080
5084
5086
5088
5088
5088
5090
5090
5090
5090
5094
5094
5094
5098
5098
5098
5098
5100
5100
5102
5102
5102
5104
5104
5104
5104
5106
5108
5112
5112
5114
5114
5114
5114
5116
5116
5116
5120
5120
5120
5122
5122
5124
5124
5126
5126
5128
5128
5128
5130
5132
5132
5134
5134
5136
5136
5140
5140
5142
5142
5142
5144
5144
5144
5146
5146
5148
5148
5148
5150
5150
5150
5152
5152
5158
5158
5160
5162
5162
5162
5162
5162
5164
5164
5164
5166
5168
5168
5168
5170
5170
5170
5170
5172
5174
5174
5174
5176
5176
5176
5176
5176
5176
5178
5178
5180
5180
5180
5182
5184
5184
5186
5188
5188
5188
5188
5190
5190
5190
5190
5190
5192
5192
5192
5194
5194
5198
5198
5198
5200
5200
5200
5200
5200
5200
5202
5204
5206
5208
5208
5208
5208
5210
5210
5212
5212
5212
5216
5216
5216
5216
5216
5218
5218
5218
5218
5220
5220
5220
5220
5224
5224
5224
5226
5226
5226
5228
5228
5228
5230
5230
5230
5230
5232
5232
5232
5232
5234
5234
5234
5236
5236
5236
5236
5236
5238
5238
5238
5238
5240
5240
5240
5240
5240
5240
5240
5240
5242
5242
5242
5242
5244
5244
5244
5244
5244
5244
5244
5244
5246
5246
5246
5248
5248
5248
5248
5248
5248
5248
5250
5250
5250
5250
5250
5250
5250
5250
5252
5252
5254
5254
5254
5254
5254
5254
5256
5256
5256
5256
5258
5258
5258
5258
5258
5258
5260
5260
5260
5262
5262
5262
5262
5264
5264
5264
5264
5264
5266
5266
5266
5266
5266
5266
5266
5268
5268
5268
5268
5268
5270
5270
5270
5270
5270
5272
5272
5272
5272
5274
5274
5276
5276
5276
5276
5276
5276
5278
5278
5278
5280
5280
5280
5282
5282
5282
5284
5284
5284
5284
5286
5286
5286
5288
5288
5288
5288
5288
5288
5288
5290
5290
5292
5294
5294
5294
5296
5296
5296
5296
5296
5296
5298
5298
5298
5298
5300
5300
5302
5302
5304
5304
5304
5304
5306
5306
5308
5308
5308
5308
5310
5310
5310
5310
5310
5310
5314
5314
5316
5318
5318
5318
5320
5320
5322
5322
5322
5322
5324
5324
5324
5326
5326
5326
5326
5328
5330
5332
5332
5332
5334
5334
5334
5334
5334
5334
5336
5336
5336
5336
5336
5338
5338
5338
5340
5342
5342
5342
5342
5342
5344
5344
5344
5344
5344
5346
5346
5346
5346
5346
5346
5348
5350
5352
5352
5352
5352
5352
5352
5354
5354
5354
5356
5356
5358
5358
5358
5360
5360
5360
5360
5362
5362
5362
5362
5364
5364
5364
5366
5366
5366
5368
5370
5370
5372
5372
5374
5374
5374
5374
5374
5376
5376
5376
5376
5378
5378
5378
5380
5382
5382
5384
5384
5386
5386
5388
5388
5388
5390
5390
5390
5390
5392
5392
5394
5394
5394
5394
5394
5396
5398
5398
5398
5398
5400
5402
5402
5406
5406
5408
5410
5410
5410
5410
5410
5412
5412
5414
5414
5414
5414
5414
5414
5416
5416
5418
5420
5420
5420
5420
5420
5420
5420
5422
5422
5424
5424
5426
5426
5426
5426
5430
5432
5432
5432
5432
5434
5434
5436
5436
5438
5440
5442
5442
5442
5442
5446
5446
5446
5448
5448
5450
5450
5450
5452
5454
5456
5458
5460
5462
5462
5464
5464
5466
5466
5468
5470
5474
5474
5476
5478
5478
5480
5480
5480
5482
5482
5486
5486
5488
5490
5490
5490
5490
5492
5496
5496
5500
5500
5502
5508
5510
5514
5514
5518
5520
5520
5520
5522
5524
5526
5526
5528
5530
5530
5530
5532
5532
5534
5534
5538
5538
5542
5542
5548
5552
5552
5556
5558
5562
5562
5564
5564
5566
5570
5570
5570
5572
5572
5574
5574
5578
5582
5582
5588
5590
5592
5598
5600
5600
5602
5610
5614
5616
5616
5616
5620
5620
5622
5628
5634
5634
5634
5634
5636
5636
5638
5640
5640
5644
5644
5652
5652
5652
5656
5658
5658
5660
5660
5662
5666
5672
5674
5674
5676
5676
5678
5684
5688
5690
5690
5690
5694
5696
5696
5698
5700
5700
5702
5704
5704
5708
5708
5710
5714
5716
5722
5724
5728
5728
5734
5734
5736
5736
5740
5746
5746
5752
5754
5756
5758
5760
5760
5766
5768
5774
5774
5778
5778
5784
5784
5784
5786
5786
5792
5796
5796
5796
5800
5804
5808
5810
5816
5816
5816
5818
5818
5822
5822
5830
5840
5840
5842
5848
5848
5848
5860
5860
5862
5862
5864
5868
5868
5868
5870
5870
5878
5878
5882
5882
5882
5888
5890
5890
5892
5896
5898
5904
5904
5906
5910
5916
5918
5924
5926
5934
5936
5938
5944
5952
5954
5962
5964
5968
5968
5970
5974
5982
5986
5996
5998
6008
6022
6022
6024
6026
6028
6036
6044
6044
6054
6056
6058
6062
6072
6078
6084
6086
6090
6092
6092
6094
6094
6096
6096
6098
6106
6124
6148
6148
6148
6158
6158
6160
6162
6192
6202
6210
6216
6228
6232
6232
6242
6250
6252
6260
6266
6270
6276
6292
6350
6356
6364
6380
6390
6402
6434
6464
6478
6490
6514
6536
6542
6550
6576
6588
6598
6622
6636
6662
6676
6688
6730
6772
6820
6982
7116
7288
7300
7506
7560
7628
7778
7972
7974
8100
8162
8416
8622
8934
9336
9530
9830
10240
10284
10378
11222
11404
11546
11582
11586
11664
11870
11940
12250
12430
12620
12878
12960
12970
12982
13036
13108
13120
13246
13646
13754
13856
13880
14034
14638
14824
14970
15144
15216
15830
15874
16002
16566
17606
18098
18250
18292
18444
18448
19386
19482
19576
19638
19660
19864
20002
20114
20576
20924
21392
21506
21746
23530
23842
24098
24394
24596
25320
25750
26234
26946
27592
28112
28132
28400
28478
30222
32406
33246
34496
35384
36130
36444
36468
37206
40950
41546
42088
44164
45156
60240
