Latencies
5116
5140
5140
5142
5144
5150
5152
5156
5158
5162
5162
5166
5168
5168
5168
5176
5176
5180
5182
5186
5190
5192
5196
5196
5196
5198
5198
5206
5208
5210
5214
5214
5214
5214
5214
5216
5224
5224
5226
5226
5228
5228
5228
5230
5230
5236
5240
5244
5244
5244
5246
5248
5248
5250
5250
5250
5252
5252
5254
5258
5260
5262
5262
5264
5268
5268
5270
5270
5272
5274
5274
5276
5276
5276
5278
5278
5280
5280
5282
5282
5282
5284
5284
5284
5284
5286
5286
5286
5286
5288
5288
5290
5290
5290
5290
5292
5292
5296
5296
5296
5296
5298
5298
5298
5298
5298
5298
5300
5300
5300
5300
5300
5300
5302
5302
5302
5304
5306
5308
5308
5308
5308
5310
5310
5310
5312
5312
5314
5314
5314
5314
5316
5316
5316
5318
5318
5318
5320
5322
5322
5322
5322
5322
5324
5324
5324
5326
5328
5328
5328
5328
5328
5330
5330
5330
5332
5332
5332
5332
5332
5334
5334
5334
5336
5336
5336
5338
5338
5338
5338
5338
5340
5340
5340
5340
5340
5342
5342
5342
5344
5344
5344
5344
5346
5348
5348
5348
5348
5348
5348
5350
5350
5350
5350
5350
5350
5350
5350
5350
5350
5350
5352
5352
5352
5352
5352
5352
5352
5352
5354
5354
5354
5354
5354
5354
5354
5356
5356
5358
5358
5358
5358
5358
5358
5358
5360
5360
5360
5360
5362
5362
5362
5362
5364
5364
5364
5364
5366
5366
5366
5366
5366
5366
5366
5366
5368
5368
5368
5370
5370
5370
5370
5370
5372
5372
5372
5372
5374
5374
5374
5374
5376
5376
5378
5378
5378
5378
5380
5380
5380
5380
5380
5382
5382
5382
5384
5384
5384
5384
5384
5384
5384
5386
5386
5386
5386
5388
5390
5390
5392
5392
5392
5394
5394
5394
5394
5394
5396
5396
5396
5398
5398
5398
5398
5398
5398
5400
5400
5400
5400
5400
5402
5402
5402
5404
5404
5404
5406
5406
5408
5408
5408
5408
5412
5412
5412
5414
5414
5414
5414
5416
5416
5416
5418
5420
5420
5420
5420
5420
5420
5422
5422
5422
5422
5422
5422
5424
5424
5424
5426
5426
5428
5428
5428
5428
5430
5430
5430
5430
5432
5434
5434
5434
5434
5438
5438
5438
5438
5442
5442
5442
5442
5444
5444
5444
5444
5446
5446
5448
5450
5452
5452
5454
5454
5454
5454
5456
5456
5458
5458
5458
5458
5460
5460
5462
5462
5462
5462
5462
5462
5462
5464
5464
5464
5466
5466
5466
5468
5468
5468
5468
5470
5472
5472
5472
5474
5474
5474
5474
5476
5476
5478
5478
5478
5478
5480
5482
5484
5484
5484
5484
5486
5486
5486
5486
5488
5488
5488
5490
5492
5492
5494
5494
5496
5496
5496
5496
5496
5498
5498
5498
5498
5500
5500
5502
5502
5504
5504
5504
5504
5504
5504
5506
5506
5506
5508
5510
5510
5512
5512
5514
5514
5516
5516
5516
5518
5518
5520
5522
5522
5524
5524
5526
5526
5528
5528
5528
5528
5530
5530
5530
5530
5530
5530
5532
5532
5532
5532
5534
5534
5534
5536
5536
5536
5536
5538
5538
5540
5540
5542
5542
5544
5546
5548
5548
5550
5550
5550
5554
5554
5556
5558
5558
5560
5562
5564
5566
5566
5566
5570
5570
5570
5572
5572
5572
5574
5578
5582
5582
5584
5584
5586
5586
5590
5590
5592
5594
5594
5594
5596
5600
5600
5600
5602
5602
5602
5602
5606
5608
5608
5610
5610
5610
5612
5614
5616
5618
5618
5620
5622
5622
5628
5628
5630
5632
5632
5636
5636
5636
5638
5640
5640
5642
5642
5644
5644
5644
5644
5646
5646
5646
5648
5650
5650
5650
5652
5656
5658
5664
5664
5664
5666
5666
5666
5666
5668
5668
5670
5672
5674
5680
5686
5692
5692
5692
5692
5694
5694
5694
5698
5700
5700
5700
5708
5710
5710
5712
5712
5714
5714
5720
5720
5726
5726
5726
5728
5728
5730
5732
5732
5734
5736
5736
5736
5738
5740
5742
5742
5742
5748
5748
5750
5752
5754
5760
5760
5764
5766
5766
5766
5766
5768
5768
5768
5768
5770
5772
5774
5776
5776
5780
5784
5784
5790
5794
5794
5796
5796
5798
5798
5802
5806
5812
5814
5814
5814
5814
5816
5818
5818
5820
5822
5824
5826
5828
5828
5830
5832
5832
5838
5840
5842
5844
5844
5846
5846
5846
5848
5850
5856
5856
5856
5858
5860
5864
5868
5868
5870
5870
5872
5872
5874
5874
5874
5876
5878
5882
5884
5894
5894
5896
5898
5898
5898
5902
5904
5910
5916
5920
5922
5922
5922
5924
5924
5926
5930
5932
5932
5934
5934
5938
5938
5940
5940
5942
5942
5950
5950
5958
5968
5968
5976
5980
5982
5984
5984
5986
5988
5988
5992
5994
6000
6000
6000
6002
6004
6006
6008
6014
6018
6020
6022
6024
6026
6030
6034
6036
6044
6046
6048
6050
6052
6054
6054
6056
6062
6062
6062
6066
6068
6070
6070
6070
6072
6072
6074
6076
6078
6080
6082
6084
6084
6086
6086
6096
6096
6100
6104
6108
6110
6112
6112
6114
6118
6118
6118
6120
6120
6122
6124
6126
6130
6132
6134
6144
6144
6148
6150
6150
6152
6168
6172
6172
6176
6186
6188
6208
6216
6220
6222
6226
6256
6258
6262
6266
6282
6284
6298
6308
6336
6344
6350
6352
6378
6388
6392
6396
6418
6444
6454
6460
6468
6482
6492
6494
6498
6506
6506
6574
6604
6608
6626
6626
6638
6670
6714
6740
6760
6776
6798
6804
6820
6826
6904
6908
6918
6924
6992
7054
7056
7120
7124
7128
7138
7198
7310
7344
7464
7524
7778
7984
8418
8616
8682
8690
8934
8940
9054
9250
9302
9404
9670
9798
10010
10224
10400
10428
10508
10540
10580
10642
11034
11428
11446
11490
11528
11552
11582
11984
12130
12580
12580
12730
13026
13186
13474
13576
13696
13724
13726
14076
14234
14516
14544
14594
14700
14760
15008
15134
15180
15236
15936
16934
17712
17900
18326
18500
19002
19598
20418
21840
22840
23546
23742
24716
25060
25080
25506
26984
27146
27716
28594
29434
29684
30648
31288
31672
32074
33146
34510
35840
36170
36338
36832
37544
38756
39938
40010
42320
45178
