Latencies
5178
5250
5256
5272
5272
5274
5274
5284
5286
5286
5288
5294
5302
5304
5304
5306
5308
5310
5316
5316
5316
5316
5326
5326
5328
5328
5330
5330
5332
5332
5332
5334
5340
5344
5344
5346
5346
5348
5352
5352
5356
5360
5360
5362
5364
5364
5364
5366
5366
5366
5366
5368
5370
5370
5370
5370
5372
5372
5372
5374
5374
5376
5376
5376
5376
5376
5376
5378
5378
5380
5380
5382
5382
5384
5384
5384
5386
5386
5386
5386
5386
5388
5390
5392
5392
5394
5394
5396
5396
5396
5398
5398
5398
5398
5400
5400
5400
5402
5402
5404
5404
5404
5406
5406
5406
5408
5408
5408
5408
5408
5410
5410
5410
5414
5414
5416
5416
5416
5416
5416
5416
5418
5418
5418
5418
5418
5418
5422
5422
5422
5422
5424
5424
5424
5424
5426
5426
5428
5428
5428
5430
5430
5430
5430
5430
5432
5432
5432
5432
5432
5434
5434
5434
5434
5434
5434
5436
5436
5436
5436
5438
5438
5438
5440
5440
5440
5440
5442
5442
5442
5444
5446
5446
5448
5450
5450
5452
5454
5456
5456
5456
5456
5456
5458
5458
5458
5458
5458
5460
5460
5460
5460
5462
5462
5462
5462
5462
5464
5464
5466
5466
5466
5466
5466
5468
5468
5468
5468
5468
5468
5470
5470
5470
5472
5474
5474
5474
5474
5474
5476
5476
5476
5476
5476
5476
5478
5478
5478
5478
5478
5478
5478
5478
5478
5480
5480
5480
5482
5482
5482
5482
5484
5484
5486
5486
5488
5488
5488
5488
5490
5490
5490
5490
5490
5492
5492
5492
5494
5494
5494
5494
5496
5496
5496
5498
5500
5500
5502
5502
5502
5502
5502
5504
5504
5504
5504
5506
5506
5506
5506
5506
5506
5508
5508
5510
5510
5512
5512
5512
5512
5512
5512
5512
5514
5514
5516
5516
5518
5518
5518
5518
5518
5518
5522
5522
5522
5522
5522
5522
5524
5524
5524
5524
5524
5526
5526
5526
5528
5530
5530
5534
5534
5534
5534
5534
5536
5536
5536
5536
5536
5538
5538
5540
5540
5540
5540
5540
5540
5542
5544
5544
5546
5546
5548
5548
5550
5550
5550
5550
5552
5552
5554
5554
5556
5556
5556
5558
5558
5558
5558
5558
5560
5560
5562
5564
5564
5564
5564
5566
5566
5566
5566
5568
5568
5568
5570
5570
5570
5570
5574
5574
5574
5576
5576
5576
5576
5578
5578
5580
5582
5582
5584
5584
5584
5584
5584
5586
5588
5590
5592
5592
5592
5592
5592
5594
5594
5594
5596
5596
5596
5596
5598
5598
5602
5604
5604
5606
5606
5608
5608
5610
5612
5612
5614
5614
5616
5618
5622
5622
5622
5624
5624
5624
5626
5626
5626
5630
5632
5632
5632
5632
5634
5634
5636
5636
5638
5640
5644
5648
5648
5650
5652
5652
5652
5652
5654
5654
5656
5658
5660
5660
5662
5664
5664
5664
5666
5666
5670
5670
5672
5672
5672
5674
5676
5678
5678
5680
5680
5680
5682
5684
5684
5686
5688
5688
5690
5694
5696
5696
5698
5698
5700
5704
5706
5706
5708
5708
5718
5720
5720
5720
5720
5720
5722
5724
5724
5730
5734
5734
5734
5740
5740
5742
5744
5746
5746
5748
5752
5752
5754
5756
5756
5756
5756
5758
5758
5758
5758
5760
5764
5764
5768
5768
5768
5768
5768
5768
5770
5772
5772
5772
5776
5778
5778
5780
5780
5780
5782
5786
5788
5790
5792
5792
5794
5798
5798
5798
5802
5804
5812
5812
5812
5814
5816
5816
5816
5818
5818
5820
5820
5822
5824
5824
5826
5828
5828
5830
5832
5832
5832
5834
5834
5834
5838
5838
5838
5838
5838
5840
5840
5840
5840
5842
5842
5846
5846
5848
5850
5852
5852
5854
5854
5854
5854
5856
5856
5856
5858
5860
5866
5866
5866
5868
5872
5872
5872
5872
5874
5876
5876
5878
5880
5882
5884
5884
5886
5886
5888
5888
5888
5888
5890
5890
5890
5892
5892
5894
5896
5896
5898
5898
5900
5900
5902
5906
5906
5908
5908
5910
5914
5916
5916
5918
5918
5920
5924
5924
5930
5932
5942
5944
5948
5948
5948
5950
5956
5962
5964
5964
5964
5964
5968
5972
5972
5976
5976
5980
5980
5982
5982
5984
5986
5988
5990
5990
5992
5994
5994
5996
5998
5998
5998
6000
6000
6002
6004
6006
6006
6006
6008
6010
6010
6012
6012
6014
6016
6016
6020
6020
6022
6022
6022
6026
6028
6028
6030
6030
6030
6032
6032
6034
6034
6034
6034
6036
6036
6036
6036
6040
6040
6042
6046
6048
6050
6052
6056
6058
6060
6062
6062
6062
6066
6068
6068
6070
6072
6074
6076
6078
6080
6080
6080
6080
6082
6082
6084
6084
6084
6084
6086
6088
6088
6090
6092
6096
6100
6100
6100
6104
6108
6114
6114
6116
6120
6122
6122
6128
6128
6132
6132
6134
6136
6138
6140
6140
6142
6142
6146
6146
6148
6148
6150
6150
6152
6152
6156
6162
6166
6166
6168
6168
6172
6172
6174
6178
6184
6186
6186
6188
6196
6198
6204
6204
6206
6208
6210
6210
6218
6226
6228
6238
6238
6238
6240
6242
6242
6242
6246
6248
6250
6254
6256
6258
6268
6272
6278
6286
6292
6292
6294
6296
6296
6296
6304
6308
6308
6320
6322
6326
6328
6332
6332
6334
6338
6340
6350
6358
6364
6382
6386
6392
6398
6398
6406
6410
6412
6412
6418
6434
6468
6486
6488
6510
6512
6518
6524
6566
6578
6578
6682
6688
6688
6708
6734
6736
6752
6768
6772
6838
6906
6938
6950
7080
7116
7140
7154
7182
7208
7244
7296
7322
7420
7430
7474
7570
7576
7686
7742
8296
8572
8622
8740
8862
8998
9610
9776
10352
10420
10536
11218
11260
11632
12184
12740
13236
15412
15490
16062
16102
16292
16302
16524
16720
17316
17392
17562
17664
18390
19010
19380
20248
20252
20620
21146
21638
21912
21968
23518
23780
24206
24302
25558
25730
25872
25918
26546
26832
27156
27238
28246
28544
30698
31050
32582
33500
34204
34888
37646
37770
37932
52040
448512
