Latencies
4952
4982
5000
5002
5008
5010
5036
5040
5044
5046
5046
5050
5050
5050
5052
5054
5054
5058
5062
5062
5064
5066
5066
5068
5068
5070
5076
5080
5080
5082
5084
5084
5088
5092
5092
5094
5094
5096
5098
5098
5098
5100
5100
5100
5104
5104
5106
5106
5110
5110
5110
5110
5110
5112
5116
5118
5118
5118
5118
5120
5120
5122
5124
5128
5128
5128
5130
5132
5132
5134
5134
5138
5140
5140
5142
5142
5144
5144
5144
5144
5144
5146
5146
5146
5148
5150
5150
5152
5152
5152
5152
5152
5152
5154
5154
5156
5156
5158
5158
5158
5158
5158
5160
5160
5162
5162
5162
5162
5164
5164
5166
5166
5166
5166
5168
5168
5168
5170
5170
5170
5170
5170
5172
5172
5172
5172
5172
5172
5172
5172
5174
5174
5174
5174
5176
5178
5178
5178
5180
5180
5180
5180
5180
5180
5180
5182
5182
5182
5184
5184
5184
5184
5186
5186
5186
5186
5186
5188
5188
5188
5188
5190
5190
5190
5190
5190
5190
5190
5190
5190
5192
5192
5192
5192
5192
5192
5192
5192
5192
5194
5194
5196
5196
5196
5196
5198
5198
5198
5198
5198
5198
5200
5200
5200
5200
5200
5200
5202
5202
5202
5204
5204
5204
5204
5204
5204
5206
5208
5208
5208
5208
5208
5210
5210
5210
5210
5212
5212
5214
5214
5214
5214
5216
5216
5216
5216
5216
5218
5218
5218
5218
5218
5220
5220
5220
5220
5222
5222
5222
5224
5224
5224
5224
5224
5224
5224
5224
5226
5226
5226
5226
5226
5226
5228
5228
5228
5228
5228
5228
5228
5230
5230
5230
5230
5230
5232
5232
5232
5232
5232
5234
5234
5234
5236
5236
5236
5236
5236
5238
5238
5238
5238
5240
5240
5242
5242
5242
5244
5244
5244
5246
5246
5246
5246
5248
5248
5248
5248
5250
5250
5250
5250
5250
5250
5250
5250
5252
5252
5252
5254
5254
5254
5254
5254
5256
5258
5260
5260
5260
5260
5262
5262
5262
5264
5264
5266
5266
5268
5270
5272
5272
5272
5272
5274
5274
5274
5274
5274
5274
5276
5280
5282
5282
5282
5282
5284
5284
5284
5284
5284
5284
5286
5286
5286
5286
5288
5290
5290
5292
5292
5292
5294
5294
5294
5296
5296
5302
5302
5302
5302
5304
5304
5304
5304
5304
5304
5306
5306
5306
5308
5308
5310
5312
5314
5316
5316
5316
5318
5318
5318
5318
5320
5320
5320
5320
5320
5322
5322
5324
5324
5326
5326
5326
5326
5328
5328
5330
5330
5330
5330
5332
5332
5334
5336
5336
5336
5336
5338
5342
5342
5342
5344
5344
5344
5346
5348
5348
5348
5348
5350
5350
5352
5352
5352
5354
5354
5356
5356
5356
5356
5358
5360
5360
5360
5362
5364
5366
5366
5368
5368
5370
5370
5370
5372
5374
5374
5376
5376
5376
5378
5378
5380
5382
5384
5384
5386
5386
5388
5388
5388
5390
5390
5392
5392
5392
5392
5394
5394
5396
5398
5400
5402
5402
5402
5404
5404
5406
5408
5414
5414
5416
5416
5416
5418
5418
5420
5422
5422
5422
5422
5424
5426
5426
5430
5432
5432
5434
5436
5436
5438
5438
5438
5438
5440
5442
5442
5442
5442
5442
5442
5442
5444
5444
5448
5448
5450
5458
5460
5460
5462
5462
5462
5464
5464
5468
5468
5470
5472
5472
5472
5478
5482
5486
5486
5486
5486
5486
5492
5492
5500
5500
5502
5502
5504
5506
5506
5508
5510
5510
5512
5516
5518
5520
5520
5520
5528
5528
5528
5530
5530
5532
5532
5534
5534
5536
5536
5540
5540
5540
5542
5546
5548
5552
5552
5552
5554
5556
5558
5564
5564
5564
5566
5570
5574
5574
5580
5582
5584
5584
5588
5588
5588
5590
5590
5590
5592
5592
5598
5598
5600
5600
5602
5602
5604
5606
5606
5606
5608
5608
5610
5610
5614
5614
5618
5620
5622
5622
5624
5624
5624
5626
5630
5640
5640
5642
5642
5642
5646
5648
5650
5650
5652
5654
5654
5654
5656
5656
5656
5666
5666
5668
5672
5676
5676
5676
5678
5678
5684
5684
5686
5690
5692
5692
5696
5698
5698
5706
5706
5708
5708
5710
5712
5712
5712
5712
5714
5714
5716
5718
5720
5722
5728
5730
5732
5736
5738
5738
5738
5740
5740
5744
5744
5744
5748
5750
5750
5750
5754
5754
5754
5758
5758
5758
5760
5762
5766
5768
5770
5772
5772
5776
5778
5778
5778
5778
5778
5780
5780
5782
5782
5784
5790
5790
5796
5798
5800
5802
5806
5816
5818
5818
5822
5822
5828
5828
5830
5830
5830
5830
5832
5832
5834
5836
5838
5840
5844
5850
5850
5850
5852
5852
5852
5852
5856
5858
5858
5858
5862
5868
5868
5876
5882
5886
5886
5888
5894
5894
5896
5896
5900
5900
5900
5902
5910
5912
5918
5920
5920
5922
5924
5924
5926
5928
5932
5932
5934
5936
5938
5938
5940
5942
5944
5946
5948
5948
5960
5962
5964
5964
5970
5972
5976
5976
5978
5978
5980
5986
5992
5994
6000
6002
6004
6008
6012
6024
6024
6026
6026
6038
6040
6042
6050
6058
6066
6068
6068
6068
6072
6086
6088
6096
6096
6096
6098
6100
6108
6108
6110
6120
6138
6146
6146
6154
6154
6156
6158
6166
6178
6180
6206
6212
6214
6246
6256
6268
6314
6332
6336
6340
6350
6352
6394
6420
6424
6452
6468
6470
6486
6532
6554
6564
6582
6700
6704
6712
6718
6756
6848
6888
6926
7042
7080
7136
7166
7182
7242
7298
7328
7388
7636
7664
7934
7946
7966
8078
8232
8322
8374
8400
8580
9030
9134
9330
9338
9460
9872
10036
10192
10416
10788
10908
11376
11378
11420
11464
11486
11544
11546
11686
11690
12066
12094
12270
12334
12486
12770
13450
13748
13842
13956
14118
14136
14312
14442
14636
14742
14966
15006
15028
15030
15124
15248
15356
15558
15670
15906
15980
16166
16360
16868
17172
17376
17798
18234
18934
19424
19620
19818
20038
20600
20860
20934
21222
21358
21510
21926
22274
22316
22914
22938
23138
23208
23484
23670
24080
24488
24872
25874
26904
28208
28316
29278
29426
30438
31958
32914
33070
33842
34490
35292
35480
35696
35798
36060
37616
38370
42532
43308
46252
247184
