Latencies
4962
5000
5002
5046
5050
5076
5082
5092
5094
5094
5094
5104
5104
5108
5118
5126
5128
5130
5130
5132
5134
5138
5138
5140
5144
5146
5150
5156
5156
5156
5158
5158
5158
5158
5166
5168
5170
5170
5172
5172
5172
5174
5174
5174
5176
5178
5180
5180
5182
5186
5186
5188
5188
5188
5188
5190
5190
5190
5190
5192
5192
5192
5194
5194
5196
5198
5198
5200
5202
5202
5202
5204
5204
5206
5206
5206
5206
5206
5208
5208
5208
5210
5210
5212
5212
5214
5214
5216
5216
5216
5216
5218
5218
5218
5218
5220
5220
5220
5220
5222
5224
5224
5226
5226
5226
5226
5228
5228
5228
5230
5232
5232
5234
5234
5234
5234
5234
5234
5234
5236
5236
5236
5236
5238
5238
5238
5238
5238
5238
5238
5238
5238
5238
5238
5240
5240
5240
5240
5240
5240
5242
5242
5242
5242
5242
5244
5244
5244
5244
5246
5246
5246
5246
5248
5248
5248
5250
5250
5250
5250
5250
5252
5252
5252
5254
5254
5254
5254
5256
5256
5256
5256
5256
5258
5258
5260
5260
5260
5260
5260
5262
5262
5262
5262
5262
5264
5264
5264
5266
5266
5266
5266
5266
5266
5266
5268
5268
5268
5268
5268
5270
5270
5270
5272
5272
5272
5274
5274
5274
5274
5274
5276
5276
5276
5276
5276
5276
5278
5278
5278
5278
5278
5280
5282
5282
5282
5282
5282
5282
5284
5284
5284
5284
5286
5286
5286
5286
5286
5286
5286
5288
5288
5288
5288
5288
5290
5290
5290
5290
5290
5292
5292
5294
5294
5294
5294
5296
5296
5296
5296
5298
5298
5300
5300
5300
5300
5300
5300
5302
5302
5302
5302
5302
5304
5304
5306
5308
5308
5308
5310
5310
5310
5310
5312
5312
5312
5312
5314
5314
5314
5316
5316
5316
5316
5318
5318
5320
5320
5320
5322
5322
5322
5324
5324
5324
5324
5324
5324
5326
5326
5326
5326
5328
5328
5330
5330
5332
5332
5332
5332
5334
5336
5336
5336
5336
5336
5338
5338
5338
5340
5340
5340
5342
5342
5342
5344
5344
5344
5344
5344
5344
5346
5346
5346
5348
5350
5350
5350
5350
5350
5350
5350
5352
5352
5356
5356
5356
5358
5358
5358
5360
5360
5362
5362
5362
5364
5364
5366
5366
5366
5366
5366
5368
5368
5370
5372
5372
5372
5372
5372
5372
5374
5376
5376
5376
5376
5376
5378
5378
5380
5380
5382
5382
5384
5384
5384
5386
5386
5386
5386
5388
5388
5390
5390
5390
5390
5392
5392
5392
5392
5394
5394
5394
5398
5398
5398
5400
5400
5400
5402
5402
5402
5402
5406
5406
5406
5408
5408
5408
5408
5408
5408
5412
5412
5412
5414
5414
5416
5416
5416
5416
5416
5418
5418
5420
5420
5422
5422
5424
5424
5424
5430
5430
5432
5432
5432
5432
5434
5434
5436
5440
5442
5444
5444
5444
5446
5446
5448
5450
5452
5452
5452
5452
5452
5454
5456
5456
5458
5458
5464
5466
5468
5472
5472
5474
5476
5476
5476
5480
5480
5482
5482
5484
5484
5484
5484
5490
5492
5492
5494
5496
5496
5496
5498
5498
5498
5500
5500
5502
5504
5504
5506
5510
5510
5516
5518
5520
5522
5522
5522
5522
5524
5526
5526
5530
5530
5532
5532
5534
5538
5538
5542
5542
5542
5548
5550
5550
5552
5552
5552
5554
5554
5554
5556
5556
5556
5558
5558
5560
5560
5560
5562
5564
5564
5566
5566
5568
5574
5574
5576
5576
5576
5576
5578
5584
5586
5592
5594
5596
5598
5598
5604
5606
5608
5608
5608
5610
5614
5614
5618
5620
5624
5626
5626
5626
5628
5630
5630
5630
5630
5632
5638
5638
5640
5642
5644
5644
5648
5650
5652
5654
5654
5654
5656
5656
5658
5658
5658
5660
5666
5666
5666
5668
5668
5672
5678
5680
5682
5682
5682
5682
5684
5686
5686
5688
5692
5694
5694
5696
5696
5698
5698
5698
5704
5704
5706
5708
5708
5708
5710
5714
5716
5716
5716
5720
5724
5724
5726
5726
5728
5728
5730
5730
5742
5744
5744
5752
5752
5754
5754
5760
5762
5762
5764
5766
5768
5770
5770
5770
5772
5774
5774
5774
5776
5776
5778
5788
5788
5790
5792
5792
5792
5794
5794
5794
5796
5798
5798
5800
5800
5804
5804
5808
5810
5810
5812
5812
5814
5816
5816
5816
5818
5820
5820
5820
5822
5824
5828
5830
5830
5832
5832
5832
5834
5838
5838
5842
5842
5844
5850
5850
5852
5856
5856
5862
5864
5866
5866
5866
5866
5868
5880
5882
5884
5884
5890
5894
5896
5898
5898
5898
5900
5904
5904
5914
5918
5920
5924
5932
5932
5936
5936
5940
5940
5944
5944
5956
5960
5960
5962
5962
5966
5968
5968
5968
5968
5968
5970
5970
5970
5970
5972
5976
5976
5976
5982
5984
5986
6004
6006
6008
6016
6018
6018
6022
6022
6022
6024
6026
6026
6028
6034
6034
6038
6038
6042
6042
6042
6046
6048
6050
6062
6062
6068
6074
6078
6078
6078
6090
6098
6098
6104
6108
6110
6112
6114
6120
6124
6130
6136
6144
6150
6156
6176
6178
6188
6190
6200
6208
6208
6210
6226
6232
6236
6238
6242
6246
6248
6254
6290
6296
6322
6328
6338
6388
6412
6432
6458
6472
6472
6510
6526
6622
6644
6756
6764
6786
6932
6980
7320
7770
7792
8018
8182
8486
8816
9004
9228
9478
9672
9958
9998
10036
10098
10234
10398
10648
10702
10710
10782
10826
10850
11110
11124
11264
11266
11490
11914
11946
12384
12522
12650
12810
12934
13130
13330
13410
13708
14150
14254
14266
14322
14428
14568
14574
14600
14652
14708
14720
14942
15044
15316
15324
15510
16364
16488
16520
18126
18172
18814
19038
19742
20264
20584
20744
21644
21792
22060
22230
22674
22872
23800
24560
24760
24772
25088
25634
26436
27544
27922
28312
28522
29596
29796
30536
32020
32424
34450
34796
35088
35168
35382
37712
40480
42238
42870
45082
50156
60718
62782
