Latencies
5140
5184
5220
5234
5234
5266
5278
5292
5298
5298
5302
5308
5310
5322
5326
5330
5334
5338
5338
5340
5344
5350
5352
5356
5364
5368
5372
5380
5382
5382
5388
5390
5396
5400
5400
5402
5402
5404
5406
5406
5408
5412
5418
5420
5420
5428
5430
5436
5436
5440
5444
5446
5454
5460
5462
5468
5470
5472
5488
5488
5488
5488
5490
5492
5492
5494
5504
5508
5510
5520
5524
5530
5530
5536
5552
5554
5558
5564
5566
5576
5582
5592
5596
5608
5624
5628
5630
5632
5632
5640
5646
5654
5656
5658
5662
5670
5670
5672
5674
5676
5676
5678
5682
5684
5686
5688
5698
5710
5712
5716
5718
5720
5732
5736
5738
5738
5766
5770
5776
5784
5790
5800
5802
5806
5812
5816
5818
5828
5830
5848
5848
5854
5856
5858
5868
5868
5874
5886
5894
5894
5896
5900
5902
5902
5904
5910
5914
5920
5924
5928
5936
5936
5948
5950
5968
5998
5998
6002
6004
6004
6010
6014
6018
6036
6048
6056
6058
6060
6064
6068
6076
6080
6082
6084
6090
6092
6092
6098
6104
6104
6126
6140
6152
6176
6178
6180
6188
6188
6190
6190
6234
6234
6236
6238
6244
6256
6258
6272
6276
6286
6288
6290
6302
6306
6342
6358
6360
6404
6406
6426
6444
6450
6450
6462
6484
6486
6512
6514
6524
6550
6572
6574
6576
6580
6628
6650
6658
6682
6690
6696
6700
6706
6716
6742
6754
6756
6764
6778
6790
6804
6810
6812
6816
6820
6824
6826
6852
6860
6878
6880
6900
6908
6958
6968
6968
6992
6994
7000
7014
7020
7024
7028
7032
7034
7040
7058
7058
7078
7116
7120
7120
7130
7130
7182
7190
7204
7224
7242
7274
7286
7298
7308
7314
7346
7352
7354
7370
7382
7388
7400
7404
7404
7406
7420
7424
7424
7430
7484
7488
7490
7510
7514
7536
7540
7550
7550
7562
7564
7564
7572
7590
7592
7596
7600
7632
7636
7652
7654
7684
7706
7718
7724
7744
7800
7838
7862
7894
7894
7914
7914
7984
7986
8008
8022
8024
8046
8046
8054
8066
8082
8110
8162
8226
8232
8236
8244
8256
8286
8292
8308
8318
8336
8360
8380
8390
8406
8416
8424
8442
8456
8470
8486
8498
8512
8552
8552
8558
8592
8608
8612
8624
8654
8660
8700
8704
8712
8728
8734
8746
8746
8784
8812
8852
8870
8878
8904
8904
8912
8942
8944
8950
8972
8980
8986
8988
8998
9014
9088
9094
9100
9118
9122
9130
9154
9158
9162
9164
9178
9178
9184
9186
9188
9220
9226
9228
9318
9318
9318
9358
9368
9368
9392
9402
9412
9422
9428
9496
9500
9530
9532
9544
9550
9560
9568
9568
9572
9598
9618
9632
9644
9646
9646
9648
9664
9666
9690
9700
9712
9732
9732
9764
9764
9776
9788
9788
9792
9798
9806
9808
9828
9854
9892
9900
9988
10018
10030
10042
10062
10092
10118
10122
10124
10126
10144
10164
10180
10186
10224
10226
10262
10266
10282
10310
10334
10346
10356
10370
10374
10382
10390
10406
10420
10426
10430
10492
10502
10546
10590
10602
10620
10626
10632
10636
10638
10652
10658
10666
10674
10676
10714
10750
10756
10762
10764
10770
10784
10784
10786
10800
10802
10810
10820
10822
10824
10882
10918
10930
10940
10954
10972
10976
10976
10994
11012
11034
11048
11076
11094
11106
11112
11128
11164
11194
11196
11202
11204
11206
11246
11250
11260
11272
11288
11304
11314
11316
11328
11348
11420
11454
11458
11464
11466
11468
11470
11488
11494
11496
11504
11520
11540
11548
11548
11556
11568
11576
11588
11592
11594
11594
11600
11604
11610
11626
11638
11660
11662
11698
11698
11738
11770
11774
11776
11804
11808
11824
11828
11854
11858
11866
11888
11888
11896
11902
11926
11930
11956
11974
12020
12036
12056
12058
12064
12066
12078
12080
12080
12084
12090
12120
12126
12152
12168
12188
12194
12298
12300
12314
12320
12320
12336
12344
12366
12384
12424
12444
12474
12484
12484
12490
12498
12514
12534
12592
12598
12606
12624
12636
12664
12720
12764
12770
12774
12784
12800
12802
12802
12810
12818
12844
12870
12882
12884
12912
12912
12944
12952
12954
12958
12962
12978
12986
13034
13074
13094
13096
13104
13106
13116
13132
13138
13146
13166
13168
13174
13174
13186
13212
13224
13228
13234
13244
13248
13258
13260
13274
13280
13288
13290
13310
13324
13348
13366
13370
13374
13384
13432
13444
13454
13464
13474
13512
13550
13556
13578
13592
13602
13602
13634
13672
13682
13684
13720
13756
13764
13772
13806
13812
13822
13828
13832
13856
13858
13878
13882
13892
13896
13920
13922
13942
13952
13974
14000
14008
14026
14030
14034
14044
14052
14064
14084
14090
14110
14136
14170
14186
14186
14208
14212
14236
14238
14240
14246
14262
14272
14288
14322
14330
14342
14356
14358
14394
14418
14424
14468
14476
14484
14504
14508
14512
14522
14524
14548
14564
14568
14586
14618
14622
14624
14644
14648
14660
14672
14682
14684
14692
14706
14706
14714
14714
14740
14740
14746
14746
14748
14750
14756
14758
14760
14764
14770
14774
14780
14806
14810
14822
14828
14830
14868
14892
14898
14904
14920
14926
14934
14934
14938
14950
14954
14954
14958
14960
14966
14976
14992
15002
15020
15022
15024
15030
15038
15046
15046
15046
15048
15106
15136
15138
15146
15148
15150
15156
15164
15176
15200
15200
15222
15226
15228
15240
15242
15264
15268
15278
15290
15306
15342
15346
15348
15358
15366
15374
15378
15380
15448
15452
15456
15460
15502
15506
15510
15528
15534
15544
15552
15562
15564
15576
15592
15628
15658
15658
15750
15784
15844
15900
15924
15948
15954
15996
16016
16028
16146
16150
16216
16268
16334
17038
17512
17678
18460
18666
19442
19556
20196
20920
21230
21240
21348
21854
22218
22734
23252
23842
24078
24208
24470
24660
25306
25410
25684
29498
29694
30124
30346
31542
31852
32016
33408
33522
33864
33958
33998
34214
34428
34932
35228
35712
35732
36150
38774
38922
38964
39648
40932
41198
41300
43344
43478
43644
44388
44842
63696
