Latencies
6878
8776
9684
10238
11056
12492
12600
14676
15300
15506
15552
15750
15848
16194
16280
16648
16686
16696
16740
16756
16760
16788
16894
16964
17070
17100
17140
17304
17668
17704
18010
18036
18040
18064
18162
18288
18494
18494
18496
18528
18758
19226
19266
19572
19586
19632
19658
19678
19722
19828
19846
19846
19864
19918
19944
20148
20270
20916
21128
21270
21276
21426
21432
21506
21600
21878
22058
22134
22218
22248
22318
22372
22388
22446
22448
22506
22674
22758
22972
23002
23204
23214
23254
23266
23310
23508
23716
23808
23878
23888
24026
24032
24126
24138
24142
24160
24176
24200
24304
24438
24474
24568
24606
24644
24726
24898
24908
24950
24964
24996
24998
25014
25108
25152
25190
25194
25258
25378
25466
25502
25550
25578
25714
25850
25932
26104
26134
26222
26420
26516
26624
26636
26636
26722
26766
26774
27160
27438
27512
27566
27636
28210
28272
28354
28446
28474
28510
28580
28588
28610
28666
28742
28782
28998
29150
29202
29210
29238
29344
29568
29650
29662
29670
29836
29850
29888
29988
30300
30340
30352
30622
30700
30810
31018
31062
31256
31558
31634
31674
31842
31882
32032
32064
32186
32286
32342
32424
32602
32704
32766
32924
33138
33160
33168
33180
33202
33252
33292
33358
33430
33456
33606
33692
33762
33780
33802
33888
33890
33968
33978
34112
34180
34238
34242
34328
34376
34394
34404
34420
34432
34458
34460
34568
34646
34658
34694
34758
34786
34802
34842
34906
34924
34950
35034
35036
35400
35544
35562
35680
35742
35986
35986
35988
36020
36078
36342
36462
36528
36536
36644
36682
36732
36762
36976
36984
37108
37140
37406
37500
37522
37668
37670
37710
37736
37752
37922
38136
38188
38200
38236
38348
38352
38392
38526
38678
38798
38818
38920
39406
39660
39682
39750
39788
40010
40050
40320
40456
40610
40786
40938
41014
41026
41110
41220
41344
41370
41430
41602
41704
41816
41844
41908
41992
42068
42086
42148
42326
42540
42596
42624
42870
42890
42896
43170
43540
43726
43784
43848
43970
44000
44080
44164
44164
44230
44402
44472
44658
44866
44886
44908
44920
44924
45000
45012
45018
45082
45170
45220
45264
45334
45342
45350
45472
45476
45606
45652
45756
45984
46136
46244
46618
46618
47048
47292
47378
47502
47510
47646
47676
47984
48154
48240
48408
48648
48848
48866
49122
49130
49366
49452
49708
49752
49844
49948
50100
50200
50210
50330
50340
50350
50406
50476
50528
50676
50716
50732
50828
50832
51098
51196
51224
51306
51660
51756
51928
52024
52068
52116
52120
52236
52330
52376
52408
52430
52460
52498
52500
52588
52672
53006
53092
53248
53280
53296
53312
53374
53386
53414
53426
53452
53508
53558
53562
53574
53664
53676
53682
53688
53762
53788
53798
53858
53886
53894
53928
53942
53964
53976
54012
54014
54038
54056
54066
54084
54104
54114
54160
54188
54218
54228
54306
54374
54378
54386
54414
54476
54484
54492
54568
54570
54574
54612
54638
54850
54890
54896
54912
55216
55332
55542
56078
56114
56260
56360
56394
56786
56824
56866
56866
56930
57698
57890
57988
58032
58110
58304
58556
58600
58604
58638
58782
58862
59448
59524
59706
59706
60010
60098
60100
60424
60438
60524
60622
60656
60676
60724
60806
61064
61076
61106
61200
61208
61216
61366
61646
61794
61984
61998
62314
62354
62488
62496
62528
62660
62918
62996
63006
63016
63076
63160
63238
63272
63474
63492
63700
63808
63834
63866
63900
63960
63982
64032
64068
64068
64218
64558
64572
64588
64628
64656
64690
64842
64886
65018
65026
65076
65114
65124
65626
65636
66356
66376
66738
67238
67332
67582
67624
67684
67766
68008
68414
68528
68910
68960
69122
69470
69574
69792
69920
70458
70476
70554
70566
70594
70804
70892
71028
71116
71384
71840
72166
72270
72366
72406
72446
72584
72590
72736
72820
72840
72874
72878
72908
73018
73024
73056
73086
73104
73124
73160
73164
73168
73192
73194
73222
73222
73252
73272
73284
73286
73290
73300
73324
73338
73342
73372
73388
73388
73420
73432
73444
73450
73456
73456
73470
73490
73496
73524
73532
73534
73536
73544
73604
73644
73678
73726
73742
73752
73766
73768
73774
73792
73858
73874
73890
73928
73944
73990
73994
74008
74044
74076
74096
74104
74136
74190
74236
74252
74256
74372
74382
74390
74504
74634
74734
74946
75016
75446
75474
75524
75658
75708
75734
75992
76518
76660
76694
76742
77068
77084
77140
77232
77532
77552
77574
77738
77882
78084
78236
78260
78388
78408
78432
78918
78926
79680
79826
80270
80574
80884
81630
81642
82008
82306
82330
82352
82686
82836
82950
82952
82964
83174
83226
83260
83292
83322
83354
83424
83448
83490
83516
83526
83746
84028
84132
84210
84222
84912
85240
85414
85472
85904
85974
86016
86088
86626
87562
87722
87928
88078
88078
88390
88754
88962
89424
89690
89858
90204
90604
90632
90904
91448
91494
91622
91626
91638
91662
91666
91670
91956
92122
92172
92258
92342
92448
92448
92460
92484
92542
92588
92606
92612
92628
92696
92730
92744
92750
92814
92824
92848
92884
92890
92896
92998
93018
93034
93044
93062
93068
93072
93076
93100
93112
93118
93128
93128
93138
93172
93196
93246
93254
93270
93332
93346
93388
93432
93486
93486
93510
93570
93592
93618
93648
93702
93712
93720
93736
93770
93772
93874
93920
93980
94110
94132
94208
94256
94406
94454
94504
94528
95280
95412
95716
95796
96232
96236
96262
96878
97000
97964
98282
98476
101310
101490
101588
101838
102286
102718
102802
103102
103122
103132
103158
103332
103342
103692
104642
104806
105546
105592
105994
106724
107498
107634
108638
108934
109066
110044
110210
111022
111054
111126
111208
111274
111390
111494
111544
111596
111600
111686
111696
111756
111790
111826
111850
111856
111948
111958
112028
112040
112048
112068
112090
112126
112144
112160
112160
112184
112264
112284
112302
112306
112364
112410
112418
112430
112456
112478
112506
112512
112518
112532
112554
112562
112580
112588
112598
112600
112674
112702
112734
112740
112740
112742
112744
112746
112780
112804
112806
112816
112820
112840
112862
112906
112914
112948
112950
112972
113086
113132
113206
113302
113394
113396
113482
113522
113546
113556
113654
113700
113800
113848
114020
114114
114138
114370
114966
115356
119534
121342
126752
131754
131992
132062
132294
132542
132836
132858
133230
133262
141116
143970
145768
147134
155148
155812
164700
170834
224544
318056
481732
529292
577606
701444
1082420
1133596
1518482
1744890
1853522
11304440
