Latencies
5136
5142
5142
5144
5156
5160
5162
5164
5164
5170
5172
5180
5184
5188
5188
5194
5198
5198
5202
5208
5208
5212
5216
5220
5224
5226
5226
5228
5232
5232
5232
5234
5238
5242
5242
5244
5244
5246
5246
5246
5248
5248
5250
5250
5252
5254
5254
5256
5258
5258
5260
5260
5260
5260
5262
5264
5264
5266
5266
5268
5270
5272
5276
5276
5278
5278
5280
5284
5284
5286
5286
5288
5290
5290
5292
5292
5292
5294
5294
5294
5294
5294
5296
5296
5298
5300
5300
5300
5302
5302
5302
5302
5302
5302
5302
5304
5304
5306
5306
5308
5308
5308
5308
5308
5310
5310
5312
5312
5314
5314
5314
5316
5316
5316
5320
5320
5320
5320
5320
5320
5322
5322
5322
5322
5324
5324
5324
5324
5324
5324
5324
5324
5326
5328
5330
5330
5332
5332
5332
5332
5332
5332
5332
5334
5334
5334
5336
5336
5336
5338
5340
5340
5340
5340
5340
5342
5342
5342
5342
5342
5346
5348
5348
5348
5348
5348
5348
5350
5350
5350
5350
5350
5350
5350
5352
5352
5354
5354
5356
5356
5358
5358
5358
5358
5358
5358
5360
5360
5360
5362
5362
5364
5364
5364
5364
5364
5366
5366
5366
5366
5366
5366
5366
5366
5366
5368
5368
5368
5368
5370
5370
5370
5372
5372
5372
5372
5372
5374
5374
5374
5374
5374
5374
5374
5374
5376
5376
5376
5376
5378
5380
5380
5380
5380
5380
5380
5382
5382
5382
5382
5384
5384
5384
5384
5384
5384
5384
5386
5386
5386
5386
5388
5388
5388
5388
5390
5390
5390
5390
5390
5392
5392
5394
5394
5394
5396
5396
5396
5396
5396
5398
5398
5400
5400
5400
5400
5400
5400
5400
5402
5402
5402
5402
5402
5402
5404
5404
5406
5406
5406
5406
5408
5408
5408
5410
5412
5412
5412
5414
5414
5416
5416
5416
5416
5418
5418
5418
5420
5420
5420
5420
5420
5422
5422
5424
5424
5426
5426
5426
5428
5428
5428
5428
5428
5428
5430
5430
5432
5432
5436
5436
5436
5436
5436
5436
5438
5438
5440
5440
5440
5440
5440
5442
5442
5444
5444
5444
5444
5444
5446
5446
5446
5448
5448
5450
5450
5450
5450
5450
5452
5452
5454
5456
5456
5456
5456
5456
5456
5458
5460
5460
5464
5464
5466
5466
5468
5468
5468
5468
5470
5472
5472
5472
5474
5474
5474
5476
5476
5476
5476
5478
5478
5478
5478
5480
5480
5480
5480
5482
5482
5482
5484
5484
5484
5484
5484
5484
5486
5486
5486
5488
5490
5490
5492
5492
5494
5494
5494
5494
5494
5494
5494
5496
5496
5496
5500
5500
5500
5502
5502
5506
5506
5506
5508
5508
5510
5512
5512
5512
5512
5512
5512
5514
5516
5518
5518
5518
5520
5522
5522
5524
5524
5524
5526
5526
5528
5528
5530
5530
5530
5530
5532
5532
5532
5536
5536
5538
5538
5540
5540
5542
5544
5544
5544
5546
5546
5546
5548
5548
5550
5550
5552
5552
5554
5556
5556
5558
5558
5558
5560
5560
5562
5562
5562
5564
5564
5566
5566
5566
5568
5572
5572
5574
5574
5574
5574
5578
5578
5578
5580
5580
5580
5582
5586
5586
5588
5588
5588
5588
5590
5592
5592
5592
5596
5598
5598
5600
5600
5602
5602
5602
5604
5606
5608
5610
5610
5612
5612
5614
5614
5616
5618
5618
5618
5620
5620
5620
5620
5622
5622
5622
5624
5626
5628
5630
5632
5632
5634
5636
5638
5638
5640
5640
5644
5644
5648
5648
5648
5648
5650
5652
5652
5656
5656
5656
5658
5660
5664
5666
5666
5672
5672
5674
5674
5676
5676
5678
5678
5680
5682
5684
5686
5686
5688
5688
5690
5698
5700
5700
5706
5708
5710
5712
5714
5714
5716
5718
5720
5734
5734
5736
5740
5740
5742
5746
5750
5754
5764
5766
5768
5770
5772
5772
5774
5776
5778
5778
5780
5784
5784
5784
5786
5786
5788
5788
5790
5792
5794
5794
5796
5796
5800
5800
5802
5806
5808
5808
5810
5810
5814
5814
5814
5818
5824
5824
5824
5826
5826
5828
5828
5828
5830
5832
5836
5838
5840
5842
5844
5850
5852
5856
5856
5858
5860
5860
5862
5864
5866
5866
5868
5868
5872
5872
5874
5876
5882
5882
5882
5888
5888
5890
5900
5900
5900
5900
5904
5910
5912
5914
5918
5918
5918
5920
5922
5926
5926
5926
5934
5934
5942
5948
5952
5952
5954
5954
5958
5958
5958
5958
5958
5960
5966
5972
5972
5974
5980
5984
5984
5984
5990
5996
6004
6004
6010
6012
6016
6018
6018
6018
6020
6020
6022
6026
6026
6030
6034
6034
6036
6038
6038
6044
6046
6046
6046
6046
6048
6050
6052
6054
6054
6056
6058
6060
6060
6062
6064
6064
6064
6068
6072
6076
6078
6078
6082
6084
6086
6092
6096
6098
6100
6106
6116
6118
6118
6120
6122
6124
6124
6130
6132
6134
6136
6150
6156
6156
6158
6160
6160
6162
6168
6170
6170
6170
6172
6174
6180
6182
6182
6182
6186
6188
6194
6198
6206
6206
6212
6218
6218
6222
6224
6226
6228
6230
6234
6236
6238
6242
6242
6248
6250
6260
6262
6264
6266
6274
6286
6286
6290
6296
6296
6310
6312
6320
6320
6322
6330
6340
6366
6366
6368
6374
6374
6378
6378
6384
6384
6384
6404
6414
6416
6418
6426
6426
6432
6432
6442
6450
6462
6466
6492
6514
6538
6560
6566
6576
6586
6600
6620
6644
6650
6686
6732
6762
6764
6840
6852
6856
6866
6946
6984
7088
7090
7172
7262
7276
7302
7508
7606
7626
7790
8084
8744
9346
9460
9594
9810
10116
10738
11222
11486
11488
11692
11886
11958
12464
12502
12728
12812
13308
13864
14078
14352
14422
14654
14784
14928
15086
15698
16280
16480
17000
17484
17540
18132
18140
18830
19002
19366
20638
23034
23382
23410
23534
24092
24654
24686
24698
24830
25296
25530
25684
26132
26142
26438
27746
27800
27838
28520
29544
29804
30666
30680
31848
33478
33786
33830
34072
34248
34828
35704
35922
36104
50946
58600
