Latencies
5110
5128
5132
5140
5140
5140
5144
5148
5150
5154
5158
5158
5160
5166
5166
5166
5168
5168
5168
5170
5170
5172
5172
5172
5178
5184
5184
5190
5190
5194
5196
5196
5198
5200
5200
5204
5206
5208
5210
5212
5212
5216
5220
5222
5224
5226
5228
5230
5232
5232
5232
5234
5236
5238
5238
5240
5240
5244
5244
5244
5246
5246
5248
5252
5252
5254
5254
5254
5256
5256
5258
5258
5260
5260
5260
5262
5262
5262
5266
5266
5266
5266
5268
5268
5270
5270
5270
5270
5270
5272
5272
5272
5272
5274
5274
5274
5274
5278
5278
5278
5278
5280
5280
5280
5280
5280
5280
5282
5282
5284
5284
5284
5286
5286
5288
5292
5292
5292
5294
5294
5294
5294
5296
5296
5296
5298
5298
5298
5298
5300
5300
5300
5300
5300
5300
5302
5302
5302
5302
5302
5304
5304
5304
5304
5304
5304
5304
5306
5306
5308
5308
5308
5308
5308
5308
5308
5308
5310
5310
5310
5310
5310
5312
5312
5312
5312
5312
5314
5314
5314
5314
5314
5314
5316
5316
5316
5316
5318
5318
5318
5320
5320
5320
5320
5320
5322
5322
5322
5322
5322
5322
5324
5324
5324
5324
5326
5326
5326
5326
5328
5328
5328
5328
5328
5328
5328
5328
5328
5328
5330
5332
5332
5332
5332
5332
5332
5332
5332
5332
5332
5334
5334
5334
5334
5334
5336
5336
5336
5336
5336
5336
5336
5338
5338
5338
5338
5338
5338
5340
5340
5340
5340
5340
5342
5342
5342
5342
5342
5344
5344
5344
5344
5346
5346
5346
5346
5348
5348
5348
5348
5348
5348
5348
5348
5348
5348
5348
5350
5350
5350
5352
5352
5352
5352
5352
5352
5354
5354
5354
5354
5354
5354
5354
5356
5356
5356
5356
5356
5356
5358
5358
5358
5358
5360
5360
5360
5360
5360
5360
5362
5362
5362
5362
5362
5364
5364
5364
5364
5364
5364
5364
5364
5366
5366
5366
5366
5366
5366
5368
5368
5370
5370
5372
5372
5372
5374
5374
5374
5374
5374
5374
5376
5376
5378
5378
5378
5378
5378
5378
5380
5380
5382
5382
5386
5386
5386
5386
5388
5388
5388
5390
5390
5390
5390
5392
5392
5392
5392
5392
5394
5394
5394
5394
5394
5396
5396
5396
5396
5396
5396
5396
5398
5398
5398
5398
5398
5398
5398
5400
5400
5400
5400
5400
5400
5402
5402
5402
5404
5404
5404
5406
5406
5406
5406
5408
5408
5410
5410
5412
5412
5412
5414
5414
5414
5414
5416
5416
5416
5418
5418
5420
5420
5422
5422
5422
5422
5422
5424
5424
5424
5428
5428
5430
5430
5430
5432
5432
5432
5434
5434
5434
5434
5436
5436
5436
5436
5436
5436
5438
5438
5438
5440
5440
5440
5440
5440
5442
5442
5444
5444
5444
5446
5448
5448
5448
5450
5450
5450
5450
5450
5450
5452
5452
5452
5454
5454
5454
5456
5456
5458
5458
5458
5460
5460
5460
5460
5462
5462
5462
5462
5464
5464
5464
5464
5464
5464
5466
5466
5466
5466
5468
5468
5468
5470
5472
5472
5474
5474
5474
5476
5476
5478
5478
5478
5478
5478
5480
5480
5482
5482
5484
5484
5484
5486
5488
5488
5494
5494
5494
5494
5494
5494
5496
5496
5498
5498
5498
5498
5498
5500
5502
5502
5506
5506
5508
5510
5512
5512
5514
5516
5516
5520
5520
5520
5520
5522
5524
5524
5524
5526
5526
5530
5532
5532
5536
5538
5542
5542
5544
5544
5548
5550
5550
5550
5554
5554
5554
5554
5556
5558
5558
5562
5564
5564
5564
5566
5568
5568
5570
5570
5572
5572
5574
5578
5580
5580
5582
5582
5588
5590
5590
5594
5596
5596
5596
5596
5596
5604
5604
5606
5606
5606
5608
5610
5610
5610
5610
5610
5612
5614
5614
5618
5618
5618
5620
5622
5628
5636
5636
5638
5638
5638
5640
5642
5642
5644
5644
5644
5646
5646
5646
5648
5650
5652
5652
5654
5654
5656
5658
5660
5664
5668
5668
5672
5672
5674
5674
5676
5678
5678
5684
5684
5684
5686
5690
5692
5692
5692
5694
5696
5700
5700
5708
5710
5710
5710
5712
5714
5718
5718
5718
5722
5724
5724
5724
5726
5726
5732
5732
5736
5736
5740
5758
5760
5760
5762
5768
5772
5772
5776
5780
5784
5788
5790
5794
5798
5800
5808
5814
5818
5828
5828
5828
5828
5830
5832
5832
5832
5836
5838
5840
5840
5842
5844
5844
5844
5846
5848
5848
5850
5850
5854
5854
5858
5860
5864
5866
5870
5874
5876
5878
5878
5880
5886
5888
5890
5894
5896
5898
5898
5898
5900
5902
5904
5904
5906
5906
5908
5912
5912
5912
5916
5916
5920
5920
5922
5922
5922
5924
5924
5926
5930
5934
5936
5938
5940
5942
5942
5942
5956
5964
5964
5966
5970
5972
5972
5972
5978
5982
5982
5982
5988
5990
5992
6000
6002
6002
6008
6008
6010
6010
6012
6016
6016
6020
6022
6024
6026
6030
6040
6048
6056
6058
6062
6066
6066
6070
6080
6082
6088
6096
6098
6098
6100
6100
6104
6108
6110
6112
6118
6122
6122
6124
6130
6132
6134
6136
6140
6150
6152
6156
6164
6166
6170
6172
6184
6208
6208
6208
6222
6222
6228
6228
6228
6230
6230
6232
6232
6236
6238
6242
6252
6256
6256
6272
6274
6278
6280
6282
6288
6314
6316
6336
6342
6374
6376
6458
6518
6518
6540
6560
6560
6568
6596
6606
6610
6628
6658
6672
6732
6818
6818
6830
6834
6860
6878
6878
6894
6964
6986
6986
6986
7016
7034
7040
7060
7298
7312
7328
7328
7356
7468
7484
7678
7810
7818
7820
7896
7920
7924
8010
8178
9006
9180
9402
9472
9574
10352
10400
10612
10906
11178
11296
11364
11566
11858
11940
12108
12958
13306
13616
13988
14222
14312
14314
14614
14718
14842
14874
15244
15266
15694
15942
16028
17002
17474
17784
18254
18488
18722
18844
19032
19482
19688
19752
19950
20344
20902
21388
21584
21638
21990
22242
22732
22918
22954
23076
23128
23316
23880
24296
24740
24914
25120
25448
25480
25486
25964
26036
26074
28332
28504
29598
29608
29688
30094
30468
32288
32484
35308
35416
36236
36440
38902
39274
40908
41458
47788
70366
74756
