Latencies
5144
5200
5210
5230
5242
5244
5246
5250
5252
5266
5270
5272
5274
5278
5282
5284
5288
5296
5296
5296
5302
5302
5302
5304
5306
5306
5306
5306
5308
5308
5310
5316
5316
5318
5324
5324
5324
5324
5324
5324
5328
5328
5328
5330
5334
5334
5336
5338
5338
5338
5338
5338
5340
5340
5342
5344
5348
5348
5348
5348
5348
5350
5352
5352
5354
5354
5354
5354
5356
5356
5356
5358
5358
5358
5358
5358
5358
5358
5360
5360
5360
5360
5362
5364
5364
5364
5364
5366
5366
5366
5370
5372
5372
5372
5372
5372
5374
5374
5374
5374
5374
5376
5376
5376
5376
5376
5376
5376
5376
5378
5378
5378
5378
5378
5378
5380
5380
5380
5380
5380
5380
5382
5382
5384
5384
5384
5384
5384
5384
5386
5386
5386
5386
5386
5388
5390
5390
5392
5392
5392
5392
5394
5394
5394
5394
5396
5396
5398
5398
5398
5398
5400
5400
5402
5402
5402
5402
5404
5404
5404
5404
5406
5406
5406
5406
5408
5408
5408
5408
5410
5410
5410
5410
5412
5412
5412
5412
5412
5414
5414
5414
5414
5416
5416
5416
5416
5418
5418
5418
5418
5422
5422
5424
5424
5424
5424
5426
5426
5428
5430
5430
5430
5430
5432
5432
5432
5432
5434
5434
5436
5436
5436
5436
5438
5438
5438
5440
5442
5442
5442
5442
5442
5442
5444
5444
5444
5444
5444
5444
5444
5446
5446
5446
5446
5446
5448
5448
5448
5448
5448
5450
5450
5450
5450
5452
5452
5452
5452
5452
5452
5454
5454
5454
5454
5454
5454
5456
5458
5458
5458
5458
5458
5458
5458
5460
5460
5460
5460
5462
5462
5464
5464
5466
5466
5466
5466
5466
5468
5468
5468
5470
5470
5470
5470
5470
5472
5472
5472
5474
5474
5476
5476
5478
5478
5478
5478
5478
5480
5480
5482
5484
5484
5484
5484
5486
5486
5486
5486
5488
5488
5490
5490
5490
5494
5494
5496
5496
5496
5496
5498
5498
5498
5500
5500
5500
5500
5502
5502
5504
5504
5504
5506
5506
5506
5506
5506
5508
5508
5508
5510
5510
5510
5512
5512
5516
5516
5516
5516
5516
5516
5516
5518
5518
5520
5522
5522
5522
5522
5524
5524
5524
5524
5524
5528
5528
5528
5528
5530
5530
5530
5530
5530
5532
5532
5532
5532
5532
5534
5534
5534
5534
5536
5536
5538
5540
5540
5540
5542
5544
5544
5544
5546
5546
5546
5546
5548
5550
5550
5550
5550
5550
5550
5552
5554
5554
5554
5554
5556
5558
5558
5560
5560
5560
5562
5562
5562
5564
5564
5564
5564
5566
5566
5566
5566
5568
5568
5570
5570
5572
5572
5574
5576
5576
5578
5578
5578
5580
5580
5582
5582
5584
5584
5586
5586
5586
5586
5588
5588
5588
5590
5590
5590
5592
5594
5594
5596
5596
5600
5600
5600
5604
5606
5606
5608
5610
5610
5612
5612
5614
5614
5614
5614
5616
5616
5616
5616
5618
5618
5618
5618
5618
5620
5622
5624
5624
5624
5624
5628
5630
5630
5630
5632
5632
5632
5632
5634
5634
5636
5642
5646
5648
5650
5652
5652
5654
5658
5658
5658
5660
5660
5660
5662
5664
5664
5666
5666
5670
5670
5672
5672
5672
5674
5676
5678
5678
5680
5680
5682
5682
5682
5684
5684
5686
5688
5688
5690
5690
5690
5690
5692
5692
5694
5696
5696
5696
5698
5700
5702
5704
5706
5706
5706
5706
5712
5712
5714
5716
5718
5718
5718
5720
5720
5720
5722
5722
5724
5724
5726
5726
5728
5730
5738
5738
5742
5742
5744
5744
5744
5744
5744
5746
5746
5746
5748
5750
5752
5754
5756
5758
5758
5760
5762
5762
5764
5764
5764
5764
5766
5766
5770
5770
5772
5776
5776
5778
5780
5780
5780
5780
5784
5784
5784
5784
5786
5786
5790
5792
5792
5796
5796
5798
5798
5800
5804
5804
5808
5808
5808
5808
5810
5810
5814
5818
5822
5822
5824
5824
5824
5826
5826
5828
5830
5830
5832
5832
5834
5836
5836
5836
5838
5838
5840
5840
5840
5842
5842
5842
5842
5842
5844
5844
5846
5848
5848
5850
5852
5854
5856
5858
5860
5862
5864
5866
5866
5868
5870
5870
5872
5874
5874
5876
5878
5878
5880
5880
5884
5886
5886
5890
5892
5892
5898
5900
5900
5900
5902
5904
5906
5908
5908
5908
5908
5912
5914
5914
5914
5916
5916
5918
5918
5920
5920
5926
5926
5926
5928
5930
5932
5934
5938
5938
5942
5942
5942
5944
5944
5946
5948
5952
5952
5952
5954
5956
5958
5968
5970
5972
5972
5974
5978
5978
5980
5984
5990
5990
5990
5992
5994
5994
5996
6004
6006
6006
6008
6010
6012
6012
6012
6016
6018
6020
6020
6020
6022
6022
6022
6024
6024
6024
6024
6028
6036
6038
6038
6038
6038
6038
6040
6042
6048
6050
6050
6054
6054
6054
6054
6056
6058
6058
6060
6060
6066
6068
6068
6070
6072
6072
6074
6082
6084
6086
6088
6092
6094
6094
6098
6100
6102
6102
6104
6106
6110
6112
6114
6114
6116
6116
6116
6116
6118
6122
6122
6124
6124
6130
6130
6136
6136
6140
6142
6144
6144
6146
6150
6150
6152
6152
6154
6156
6158
6158
6158
6160
6170
6170
6172
6172
6174
6174
6174
6176
6178
6180
6190
6190
6192
6196
6196
6198
6208
6208
6214
6220
6224
6226
6228
6232
6238
6238
6238
6238
6242
6242
6244
6244
6246
6246
6250
6250
6252
6256
6256
6258
6258
6258
6264
6266
6268
6274
6274
6276
6278
6280
6294
6298
6308
6308
6308
6312
6318
6324
6324
6328
6340
6344
6350
6354
6354
6360
6382
6394
6396
6402
6406
6406
6422
6432
6444
6456
6462
6470
6480
6490
6492
6494
6504
6514
6534
6546
6562
6596
6612
6616
6616
6638
6666
6756
6844
6886
6924
6960
7000
7064
7164
7200
7264
7298
7342
7602
7646
8008
8490
8642
8990
9210
9330
9404
9848
10458
10750
10830
11934
12518
13030
13952
14776
15190
15406
16658
20362
20784
20998
22396
23030
23466
23764
27410
28142
28294
31440
32116
34380
36088
