Latencies
5130
5204
5204
5246
5268
5268
5270
5270
5272
5272
5272
5278
5280
5280
5286
5288
5304
5304
5306
5306
5308
5318
5322
5322
5324
5326
5328
5328
5330
5332
5334
5334
5336
5336
5336
5336
5336
5336
5338
5338
5338
5340
5340
5342
5344
5344
5346
5346
5348
5348
5348
5348
5350
5350
5352
5354
5354
5356
5356
5358
5360
5360
5362
5362
5362
5362
5362
5362
5364
5364
5366
5366
5366
5366
5368
5368
5370
5370
5372
5374
5374
5376
5376
5376
5376
5378
5378
5378
5378
5378
5380
5382
5382
5384
5384
5384
5384
5386
5388
5390
5390
5390
5390
5392
5392
5392
5394
5394
5394
5394
5396
5396
5400
5400
5400
5402
5402
5406
5406
5406
5408
5408
5408
5410
5410
5412
5412
5412
5412
5414
5414
5414
5414
5416
5416
5416
5416
5418
5420
5420
5420
5422
5422
5424
5424
5424
5426
5426
5428
5428
5428
5428
5430
5432
5434
5434
5434
5434
5434
5436
5436
5436
5436
5436
5438
5440
5440
5440
5440
5442
5444
5444
5444
5444
5446
5446
5446
5450
5450
5450
5450
5450
5450
5452
5452
5452
5452
5456
5458
5458
5458
5458
5458
5460
5460
5460
5460
5460
5460
5462
5464
5464
5466
5468
5468
5470
5470
5472
5472
5474
5474
5476
5476
5476
5478
5478
5478
5480
5480
5482
5484
5484
5488
5490
5490
5492
5492
5492
5494
5494
5494
5496
5496
5498
5498
5498
5500
5500
5500
5502
5502
5502
5502
5504
5504
5504
5504
5506
5506
5506
5506
5508
5508
5508
5510
5510
5512
5512
5512
5512
5514
5514
5516
5516
5516
5518
5520
5522
5522
5522
5522
5522
5524
5524
5526
5526
5526
5530
5530
5534
5534
5534
5534
5536
5536
5536
5538
5538
5538
5540
5540
5540
5540
5546
5546
5546
5546
5546
5546
5548
5548
5548
5548
5550
5550
5552
5552
5552
5552
5552
5554
5554
5554
5554
5556
5556
5556
5556
5560
5560
5560
5562
5562
5562
5566
5568
5568
5570
5570
5572
5574
5574
5574
5574
5576
5576
5576
5576
5578
5580
5580
5580
5582
5584
5586
5586
5590
5590
5592
5594
5594
5594
5596
5598
5598
5598
5598
5598
5598
5600
5600
5602
5602
5604
5606
5606
5608
5610
5610
5610
5610
5612
5612
5616
5618
5618
5618
5626
5626
5628
5628
5630
5630
5630
5630
5632
5632
5632
5632
5634
5636
5636
5640
5642
5644
5646
5648
5648
5648
5648
5650
5650
5650
5650
5650
5652
5652
5652
5652
5658
5662
5664
5664
5664
5668
5670
5672
5674
5674
5676
5676
5678
5678
5680
5680
5682
5684
5686
5686
5688
5688
5692
5692
5694
5694
5694
5698
5698
5698
5702
5706
5708
5712
5712
5716
5716
5718
5720
5722
5722
5722
5724
5724
5726
5726
5726
5728
5728
5728
5728
5730
5732
5732
5734
5734
5736
5736
5738
5740
5740
5740
5740
5742
5742
5744
5744
5746
5746
5746
5752
5752
5754
5754
5758
5758
5758
5758
5762
5764
5768
5768
5772
5774
5776
5776
5776
5778
5778
5786
5786
5792
5792
5796
5796
5800
5800
5800
5800
5802
5804
5804
5806
5806
5808
5808
5808
5814
5814
5816
5816
5818
5820
5824
5824
5824
5826
5826
5826
5828
5828
5828
5832
5832
5834
5834
5840
5840
5842
5842
5842
5844
5846
5846
5846
5848
5852
5854
5854
5854
5854
5856
5856
5856
5858
5858
5860
5864
5866
5866
5870
5870
5870
5874
5874
5876
5876
5876
5876
5878
5878
5878
5878
5882
5882
5884
5884
5884
5884
5884
5888
5888
5890
5892
5892
5892
5892
5892
5894
5896
5898
5898
5900
5900
5900
5900
5904
5904
5906
5908
5908
5912
5916
5916
5916
5918
5920
5920
5920
5922
5926
5926
5928
5930
5932
5932
5932
5934
5936
5936
5936
5938
5938
5940
5942
5942
5942
5944
5944
5950
5952
5956
5956
5960
5960
5960
5960
5964
5966
5970
5970
5970
5972
5974
5974
5974
5976
5976
5978
5982
5984
5984
5990
5992
5996
5998
5998
5998
5998
6000
6002
6002
6004
6008
6008
6008
6008
6010
6010
6012
6014
6018
6018
6020
6020
6020
6024
6030
6032
6036
6036
6040
6044
6044
6044
6046
6048
6050
6050
6054
6056
6056
6058
6058
6060
6060
6060
6062
6062
6062
6062
6064
6066
6066
6068
6068
6070
6072
6074
6076
6078
6078
6078
6080
6080
6080
6084
6086
6088
6088
6090
6090
6094
6094
6096
6100
6102
6102
6104
6106
6108
6110
6112
6116
6116
6118
6120
6122
6126
6126
6126
6134
6136
6138
6142
6144
6148
6148
6156
6156
6160
6160
6160
6166
6166
6168
6170
6170
6170
6172
6174
6174
6176
6176
6178
6180
6182
6186
6188
6188
6190
6192
6204
6206
6220
6222
6222
6224
6224
6224
6226
6228
6230
6232
6238
6244
6244
6244
6256
6258
6260
6260
6266
6266
6270
6272
6272
6272
6274
6282
6282
6284
6288
6290
6292
6300
6306
6310
6312
6316
6316
6320
6332
6332
6334
6334
6334
6354
6370
6376
6378
6380
6386
6392
6396
6414
6416
6426
6426
6430
6458
6460
6462
6464
6482
6498
6508
6518
6520
6530
6534
6536
6566
6600
6610
6624
6626
6658
6664
6668
6722
6734
6792
6804
6816
6840
6844
6876
6892
6952
6974
6986
7024
7048
7064
7078
7080
7084
7116
7124
7142
7154
7158
7164
7168
7184
7186
7254
7262
7272
7274
7276
7280
7290
7298
7328
7328
7332
7332
7338
7354
7382
7464
7470
7474
7486
7502
7516
7530
7558
7584
7596
7622
7660
7666
7676
7700
7728
7738
7754
7818
7836
7846
7856
7904
7912
7916
7930
7986
8038
8088
8132
8224
8254
8298
8320
8328
8542
8594
8738
8890
9250
9268
9560
9980
10680
10958
11068
12802
12966
13626
14626
14662
15262
15492
15874
16002
16008
16236
16624
18668
21800
22500
23928
24144
25244
25390
26426
35474
35674
