Latencies
5154
5180
5186
5196
5198
5204
5206
5212
5214
5214
5216
5218
5220
5226
5234
5234
5236
5238
5246
5248
5250
5252
5258
5264
5264
5266
5268
5270
5270
5270
5274
5274
5274
5274
5276
5278
5278
5280
5280
5282
5286
5286
5290
5290
5292
5292
5294
5296
5296
5298
5298
5298
5300
5300
5302
5306
5308
5308
5310
5310
5312
5314
5316
5316
5320
5320
5322
5322
5324
5324
5324
5330
5330
5332
5332
5334
5334
5336
5336
5336
5336
5338
5338
5342
5344
5344
5344
5346
5346
5348
5348
5350
5350
5352
5354
5354
5356
5356
5356
5358
5358
5358
5360
5360
5360
5362
5362
5364
5364
5366
5366
5366
5366
5366
5366
5368
5368
5368
5368
5368
5368
5368
5370
5370
5372
5372
5374
5374
5374
5376
5376
5378
5378
5378
5380
5380
5380
5380
5380
5382
5382
5382
5382
5382
5384
5384
5384
5384
5384
5384
5384
5386
5386
5386
5388
5388
5390
5390
5390
5392
5394
5394
5394
5394
5394
5394
5394
5396
5396
5398
5398
5398
5398
5398
5398
5398
5398
5398
5400
5400
5402
5402
5402
5402
5404
5404
5404
5404
5404
5406
5406
5406
5408
5408
5408
5410
5410
5410
5410
5410
5410
5410
5412
5412
5412
5412
5412
5412
5412
5414
5414
5414
5416
5416
5416
5416
5416
5416
5418
5418
5418
5418
5418
5418
5418
5418
5418
5418
5420
5420
5420
5420
5422
5422
5422
5422
5422
5422
5422
5422
5424
5424
5424
5426
5426
5426
5428
5428
5428
5428
5432
5432
5434
5436
5436
5436
5438
5438
5440
5440
5440
5442
5442
5442
5442
5442
5442
5444
5444
5450
5450
5450
5450
5450
5452
5452
5452
5452
5452
5454
5456
5456
5456
5456
5458
5458
5458
5458
5458
5460
5460
5460
5460
5462
5462
5464
5464
5464
5464
5464
5466
5466
5468
5468
5468
5468
5470
5470
5470
5472
5472
5472
5474
5474
5474
5476
5476
5478
5478
5480
5480
5482
5482
5484
5484
5488
5488
5488
5488
5488
5488
5492
5492
5492
5492
5492
5494
5494
5494
5496
5496
5496
5498
5500
5500
5502
5502
5504
5504
5504
5506
5508
5508
5508
5510
5512
5516
5516
5518
5518
5518
5518
5520
5520
5522
5522
5522
5524
5526
5526
5526
5526
5526
5526
5526
5528
5528
5528
5530
5530
5532
5532
5532
5532
5532
5532
5534
5534
5536
5536
5536
5536
5538
5538
5540
5540
5540
5542
5542
5542
5542
5542
5542
5542
5542
5542
5544
5544
5544
5546
5548
5548
5548
5548
5548
5550
5550
5550
5550
5552
5554
5554
5554
5558
5558
5558
5560
5560
5560
5560
5562
5562
5562
5562
5562
5564
5566
5566
5568
5568
5568
5568
5570
5572
5572
5572
5572
5574
5576
5576
5578
5582
5582
5584
5584
5584
5586
5586
5586
5586
5586
5592
5592
5592
5594
5594
5596
5596
5598
5598
5600
5600
5604
5604
5604
5606
5606
5606
5608
5610
5610
5610
5610
5616
5616
5618
5618
5618
5618
5620
5620
5622
5622
5624
5624
5628
5628
5628
5630
5630
5632
5632
5632
5634
5634
5636
5636
5640
5642
5644
5644
5648
5648
5648
5650
5652
5652
5652
5654
5654
5656
5656
5658
5660
5660
5660
5662
5664
5664
5664
5668
5670
5672
5672
5674
5674
5674
5674
5674
5676
5676
5678
5678
5680
5684
5686
5688
5692
5692
5696
5696
5698
5698
5700
5702
5702
5704
5704
5706
5706
5708
5710
5710
5712
5714
5714
5716
5720
5722
5722
5722
5724
5724
5726
5728
5730
5732
5732
5736
5736
5738
5738
5738
5740
5742
5742
5742
5746
5748
5750
5750
5752
5754
5754
5756
5758
5758
5760
5760
5764
5768
5768
5768
5770
5770
5770
5772
5776
5776
5778
5780
5784
5784
5788
5790
5792
5794
5794
5800
5800
5800
5800
5802
5802
5804
5804
5804
5806
5806
5810
5810
5816
5820
5820
5822
5824
5826
5828
5828
5836
5836
5838
5838
5840
5840
5842
5844
5850
5852
5852
5852
5856
5856
5858
5858
5858
5858
5866
5870
5870
5872
5876
5880
5884
5884
5892
5892
5894
5896
5896
5908
5910
5910
5912
5912
5914
5914
5914
5914
5916
5918
5922
5922
5924
5926
5926
5930
5932
5932
5934
5938
5940
5944
5944
5944
5950
5958
5962
5964
5968
5968
5974
5974
5976
5978
5982
5984
5988
5992
5994
5994
5998
6000
6002
6002
6004
6006
6010
6014
6014
6018
6022
6022
6022
6024
6030
6030
6032
6032
6036
6038
6040
6040
6044
6046
6048
6050
6050
6052
6052
6054
6058
6064
6066
6068
6072
6074
6074
6074
6074
6076
6078
6078
6080
6084
6084
6086
6086
6086
6088
6090
6096
6104
6104
6108
6108
6110
6120
6120
6126
6126
6130
6134
6136
6136
6136
6138
6152
6154
6156
6158
6162
6164
6172
6176
6182
6188
6192
6196
6198
6202
6206
6208
6212
6212
6218
6220
6224
6226
6228
6228
6236
6238
6238
6238
6238
6240
6244
6244
6246
6250
6260
6260
6264
6278
6278
6286
6288
6296
6298
6300
6310
6314
6316
6320
6322
6324
6324
6328
6336
6356
6356
6364
6374
6394
6398
6400
6408
6416
6418
6418
6422
6440
6446
6452
6458
6480
6484
6498
6506
6508
6508
6520
6522
6554
6566
6584
6586
6590
6592
6594
6614
6618
6620
6628
6648
6658
6668
6674
6678
6678
6724
6744
6750
6798
6810
6820
6820
6836
6840
6840
6846
6876
6902
6904
6912
6914
6924
6952
6956
6966
6988
6998
7034
7044
7060
7170
7178
7208
7216
7282
7356
7368
7504
7538
7558
7562
7590
7616
7636
7696
7700
7714
7724
7766
7812
7980
8016
8070
8166
8200
8522
8652
8864
8976
9116
9216
10380
10394
10440
10446
10468
10502
10530
11034
11062
11124
11346
11488
12188
12528
13134
13424
13460
13540
13648
13838
14694
14722
14964
15052
15470
16100
18508
19254
20084
21662
21990
22464
23526
24670
25218
25788
27554
40050
50680
