Latencies
5208
5212
5220
5220
5224
5226
5228
5250
5252
5254
5254
5254
5256
5260
5262
5264
5266
5266
5274
5276
5278
5278
5278
5280
5280
5284
5286
5288
5288
5292
5294
5294
5294
5296
5296
5300
5300
5300
5300
5306
5306
5310
5312
5318
5318
5318
5318
5320
5322
5322
5324
5326
5326
5328
5328
5328
5330
5330
5332
5332
5334
5336
5336
5338
5338
5338
5340
5340
5340
5342
5344
5344
5346
5346
5346
5350
5350
5350
5350
5352
5352
5352
5352
5358
5358
5358
5358
5362
5362
5364
5364
5366
5368
5368
5368
5368
5370
5370
5372
5372
5376
5376
5376
5378
5382
5382
5384
5384
5386
5386
5388
5388
5392
5392
5394
5394
5396
5396
5396
5396
5396
5398
5398
5398
5398
5398
5400
5400
5402
5404
5406
5406
5408
5414
5414
5416
5416
5418
5418
5420
5420
5426
5428
5428
5430
5434
5434
5436
5436
5440
5440
5440
5440
5444
5446
5448
5450
5452
5454
5456
5456
5458
5458
5460
5464
5464
5464
5464
5472
5474
5476
5480
5480
5482
5482
5484
5488
5490
5492
5492
5500
5500
5502
5504
5508
5510
5512
5516
5518
5526
5532
5532
5534
5534
5538
5540
5540
5544
5544
5546
5546
5550
5552
5554
5556
5556
5558
5564
5564
5568
5570
5570
5572
5574
5576
5582
5588
5592
5596
5602
5604
5606
5610
5610
5614
5614
5616
5616
5616
5618
5620
5620
5620
5622
5624
5626
5626
5628
5634
5636
5642
5644
5646
5646
5646
5648
5648
5648
5650
5656
5658
5662
5664
5664
5676
5678
5682
5682
5684
5688
5692
5700
5700
5700
5702
5704
5706
5706
5712
5712
5714
5716
5716
5716
5720
5724
5724
5724
5726
5726
5726
5728
5730
5732
5740
5740
5742
5750
5750
5752
5752
5762
5764
5764
5764
5766
5770
5774
5778
5778
5778
5780
5782
5788
5792
5800
5802
5802
5802
5810
5810
5814
5822
5822
5824
5824
5828
5830
5830
5832
5834
5834
5838
5838
5840
5844
5846
5846
5854
5856
5862
5862
5862
5864
5864
5866
5868
5868
5878
5878
5878
5880
5882
5884
5888
5888
5894
5902
5910
5914
5914
5916
5920
5922
5924
5934
5934
5936
5938
5944
5944
5946
5946
5948
5956
5956
5960
5972
5980
5980
5980
5988
5990
5994
5998
5998
6000
6000
6006
6006
6012
6020
6028
6030
6042
6048
6062
6064
6076
6080
6090
6090
6094
6096
6098
6104
6104
6106
6106
6110
6112
6112
6112
6124
6130
6140
6146
6146
6154
6160
6166
6166
6166
6174
6180
6194
6196
6204
6206
6220
6222
6224
6226
6232
6236
6238
6256
6260
6270
6278
6284
6306
6318
6320
6326
6340
6360
6370
6422
6422
6430
6438
6446
6474
6496
6500
6508
6532
6560
6588
6592
6596
6636
6660
6666
6670
6676
6680
6710
6724
6744
6768
6768
6774
6774
6804
6816
6838
6860
6872
6878
6896
6918
6938
6940
6958
6964
6994
7058
7058
7072
7078
7106
7126
7144
7184
7192
7194
7198
7198
7210
7238
7288
7288
7288
7292
7330
7334
7334
7494
7502
7518
7526
7546
7580
7590
7592
7592
7624
7638
7690
7700
7724
7728
7764
7802
7822
7870
7904
7944
7968
7982
7998
8012
8062
8078
8078
8112
8114
8134
8162
8178
8182
8186
8214
8222
8292
8328
8352
8378
8548
8548
8624
8636
8690
8748
8750
8806
8818
8958
8972
9034
9106
9138
9156
9170
9170
9284
9324
9342
9380
9400
9506
9552
9608
9618
9624
9766
9776
9788
9800
9884
9986
9990
10058
10220
10248
10264
10324
10362
10398
10436
10448
10534
10554
10564
10586
10606
10626
10634
10648
10680
10694
10706
10706
10784
10816
10876
10906
10918
10952
10960
11008
11128
11208
11232
11274
11282
11284
11302
11332
11338
11358
11364
11374
11414
11478
11516
11566
11600
11616
11616
11658
11672
11686
11738
11772
11838
11900
11906
11914
12008
12038
12042
12050
12122
12178
12182
12186
12188
12210
12224
12278
12280
12290
12300
12308
12312
12350
12442
12458
12510
12550
12610
12612
12646
12652
12660
12674
12686
12718
12790
12828
12876
12924
12992
13028
13068
13086
13100
13112
13124
13138
13146
13156
13168
13210
13342
13358
13402
13436
13454
13478
13566
13608
13612
13628
13666
13708
13730
13736
13776
13794
13842
13914
13938
13948
13980
13992
14054
14124
14134
14168
14168
14216
14230
14240
14246
14248
14248
14250
14264
14274
14330
14338
14342
14380
14396
14408
14408
14452
14456
14458
14458
14474
14474
14480
14488
14508
14510
14512
14528
14530
14530
14540
14568
14578
14580
14580
14582
14594
14650
14652
14668
14674
14678
14686
14696
14700
14704
14710
14714
14716
14716
14724
14726
14742
14746
14746
14768
14784
14796
14796
14798
14804
14806
14808
14814
14824
14826
14826
14832
14834
14846
14856
14864
14866
14874
14878
14884
14884
14886
14890
14892
14894
14898
14904
14910
14912
14914
14918
14922
14924
14924
14926
14934
14938
14938
14940
14940
14944
14950
14954
14958
14960
14960
14972
14976
14976
14978
14986
14988
15000
15006
15016
15018
15022
15024
15024
15028
15030
15034
15040
15040
15042
15050
15054
15058
15058
15064
15072
15074
15076
15080
15084
15098
15100
15112
15116
15122
15124
15128
15130
15138
15144
15144
15154
15154
15158
15170
15178
15184
15184
15192
15194
15194
15196
15196
15196
15206
15208
15212
15216
15216
15216
15216
15218
15222
15222
15224
15230
15232
15234
15236
15242
15246
15246
15250
15252
15256
15258
15260
15264
15270
15294
15300
15304
15308
15312
15314
15316
15316
15324
15324
15336
15348
15350
15352
15352
15358
15374
15384
15386
15422
15434
15436
15462
15468
15472
15474
15482
15482
15482
15494
15496
15502
15512
15528
15530
15534
15538
15582
15588
15594
15616
15618
15622
15624
15638
15652
15658
15666
15678
15706
15712
15716
15734
15764
15792
15984
16002
16086
16112
16250
16456
16510
19010
19204
20200
21086
23254
23906
24008
24124
24192
24204
24334
24416
24436
24538
24624
24788
24848
24900
24970
24978
25016
25246
25340
25348
25386
25618
25830
26438
28250
32364
33962
33980
34074
34324
34658
47890
58406
60344
2082896
