Latencies
5334
5360
5364
5380
5382
5386
5388
5390
5392
5398
5398
5400
5408
5408
5412
5412
5418
5418
5418
5426
5426
5428
5428
5428
5430
5432
5432
5434
5436
5436
5438
5440
5442
5442
5448
5452
5456
5456
5458
5462
5462
5464
5466
5466
5468
5468
5470
5470
5472
5474
5476
5476
5476
5476
5478
5482
5484
5488
5492
5496
5500
5502
5502
5504
5506
5506
5506
5506
5508
5514
5514
5514
5514
5516
5516
5516
5518
5518
5518
5518
5522
5522
5526
5528
5530
5538
5538
5540
5542
5544
5544
5546
5550
5552
5554
5556
5558
5562
5562
5564
5572
5574
5574
5576
5580
5580
5582
5582
5584
5584
5584
5588
5590
5592
5596
5596
5600
5600
5600
5614
5614
5616
5616
5616
5620
5620
5622
5626
5628
5630
5632
5634
5634
5634
5636
5638
5638
5640
5648
5648
5664
5668
5668
5674
5676
5676
5678
5684
5684
5684
5692
5696
5700
5702
5704
5706
5708
5712
5720
5726
5730
5730
5744
5746
5748
5756
5760
5764
5776
5778
5780
5782
5784
5786
5790
5790
5792
5794
5794
5798
5798
5800
5808
5830
5830
5834
5840
5842
5848
5850
5854
5858
5862
5866
5866
5868
5868
5870
5874
5876
5882
5882
5884
5902
5902
5902
5902
5902
5908
5910
5914
5918
5924
5924
5928
5934
5938
5938
5940
5944
5944
5954
5956
5956
5956
5962
5980
5982
5982
5984
5990
5998
6000
6002
6004
6004
6008
6018
6022
6024
6034
6034
6036
6038
6060
6066
6080
6082
6082
6104
6128
6130
6134
6134
6142
6144
6146
6154
6154
6158
6162
6166
6176
6186
6190
6190
6196
6208
6208
6222
6224
6224
6224
6228
6236
6240
6244
6250
6254
6258
6262
6264
6268
6274
6274
6274
6276
6286
6292
6296
6296
6298
6304
6308
6326
6328
6332
6336
6346
6362
6364
6378
6378
6384
6394
6424
6428
6440
6444
6452
6502
6508
6508
6516
6554
6578
6620
6626
6668
6708
6730
6732
6796
6810
6816
6848
6868
6878
6898
6924
6938
6948
6948
6950
6956
7002
7046
7066
7082
7098
7156
7162
7202
7210
7232
7258
7260
7268
7276
7340
7402
7418
7512
7532
7542
7574
7620
7650
7678
7678
7736
7766
7884
7892
7900
7920
7924
7960
7982
8006
8042
8052
8080
8088
8158
8158
8170
8190
8192
8210
8216
8236
8270
8282
8306
8334
8364
8432
8432
8434
8450
8456
8524
8534
8536
8542
8570
8588
8628
8646
8648
8678
8694
8752
8760
8770
8772
8792
8824
8862
8910
8918
8922
8960
9068
9148
9188
9216
9222
9264
9270
9340
9358
9368
9394
9394
9448
9478
9614
9722
9740
9742
9746
9748
9768
9776
9822
9860
9930
9944
9976
9992
10004
10022
10038
10066
10094
10132
10134
10208
10210
10288
10290
10306
10306
10314
10352
10378
10408
10440
10452
10456
10466
10500
10562
10610
10644
10724
10726
10738
10778
10780
11012
11038
11142
11180
11222
11228
11264
11320
11384
11394
11404
11408
11472
11496
11536
11540
11564
11590
11634
11652
11678
11680
11684
11692
11724
11776
11784
11804
11818
11880
11882
11946
11948
12050
12088
12094
12164
12186
12194
12200
12266
12272
12338
12370
12402
12404
12448
12504
12506
12548
12642
12686
12708
12736
12754
12774
12782
12870
12888
12926
12978
12980
12986
13090
13094
13178
13222
13224
13248
13302
13324
13332
13346
13388
13402
13426
13462
13464
13500
13510
13558
13598
13608
13614
13620
13628
13724
13830
13834
13854
13884
13904
13906
13908
13918
13932
13934
13958
13996
14034
14074
14076
14102
14106
14116
14120
14122
14122
14160
14166
14180
14182
14218
14232
14234
14238
14254
14258
14296
14320
14336
14354
14404
14430
14474
14484
14486
14494
14500
14526
14528
14532
14532
14542
14550
14566
14574
14576
14578
14584
14598
14600
14610
14624
14628
14634
14640
14640
14642
14644
14646
14656
14664
14672
14672
14674
14674
14676
14698
14714
14716
14732
14736
14740
14746
14746
14756
14762
14766
14768
14768
14772
14772
14772
14780
14784
14788
14790
14790
14792
14806
14810
14816
14824
14826
14828
14834
14836
14836
14836
14836
14842
14842
14848
14850
14854
14854
14854
14854
14856
14856
14858
14860
14860
14864
14864
14868
14878
14880
14884
14888
14894
14896
14898
14900
14900
14900
14906
14914
14914
14914
14920
14926
14928
14932
14932
14934
14936
14936
14938
14950
14950
14956
14960
14966
14966
14972
14972
14974
14974
14976
14980
14984
14984
14986
14990
14994
15006
15010
15010
15012
15018
15018
15018
15020
15024
15024
15026
15028
15030
15038
15040
15042
15050
15050
15052
15054
15054
15056
15056
15058
15058
15058
15058
15060
15060
15066
15068
15070
15076
15078
15084
15086
15086
15088
15090
15092
15092
15094
15094
15100
15100
15102
15104
15104
15110
15112
15112
15114
15114
15118
15124
15124
15128
15130
15132
15132
15144
15156
15156
15158
15162
15166
15170
15172
15176
15176
15180
15184
15184
15190
15190
15190
15192
15198
15198
15206
15210
15214
15216
15218
15218
15220
15222
15250
15256
15258
15266
15266
15274
15274
15278
15286
15298
15300
15302
15310
15318
15326
15328
15338
15338
15338
15344
15346
15350
15352
15360
15368
15368
15368
15372
15376
15384
15398
15402
15402
15404
15412
15414
15416
15422
15422
15428
15436
15448
15454
15472
15478
15482
15484
15490
15492
15496
15498
15502
15502
15510
15514
15522
15526
15526
15530
15530
15550
15576
15578
15584
15586
15594
15602
15630
15648
15654
15668
15668
15670
15704
15712
15736
15772
15782
15806
15838
15884
15954
16002
16020
16052
16116
16230
16260
16632
16916
17268
17572
17968
18618
18816
20988
21570
21592
21786
21962
22222
22270
22472
23142
23176
23836
23912
23984
24036
24100
24200
24342
24360
24448
24496
24512
24520
24596
24610
24666
24702
24766
24770
24846
24880
24934
24936
24960
25284
25288
33202
33418
34172
34394
34778
34956
35448
36950
41246
80084
84660
229362
252314
262732
3780880
19494586
