Latencies
5230
5234
5236
5248
5250
5252
5254
5256
5258
5266
5274
5274
5274
5276
5278
5280
5280
5280
5284
5286
5286
5288
5290
5292
5292
5298
5300
5306
5308
5310
5310
5312
5314
5314
5314
5316
5318
5320
5324
5324
5326
5326
5328
5330
5330
5332
5334
5334
5340
5340
5340
5342
5342
5346
5346
5348
5352
5354
5356
5358
5358
5362
5366
5368
5368
5372
5374
5374
5378
5378
5378
5380
5382
5382
5384
5384
5388
5388
5390
5392
5392
5394
5396
5396
5396
5398
5400
5402
5408
5420
5420
5420
5424
5426
5426
5432
5434
5436
5438
5440
5444
5446
5448
5448
5450
5480
5482
5484
5486
5486
5488
5492
5516
5518
5518
5522
5532
5542
5550
5550
5554
5554
5554
5564
5574
5574
5590
5606
5618
5620
5624
5634
5634
5642
5648
5654
5656
5660
5664
5670
5676
5684
5688
5688
5694
5702
5706
5710
5724
5730
5746
5746
5746
5752
5754
5768
5770
5770
5774
5790
5798
5798
5804
5856
5856
5860
5876
5878
5878
5886
5888
5892
5906
5914
5914
5920
5930
5934
5936
5938
5940
5942
5954
5964
5966
5970
5974
5982
5998
6008
6020
6044
6048
6050
6064
6064
6076
6084
6098
6150
6152
6156
6160
6194
6198
6214
6234
6244
6324
6334
6342
6344
6348
6374
6462
6466
6546
6640
6644
6644
6686
6716
6722
6724
6748
6794
6816
6870
6878
6884
6892
6904
6920
6972
7008
7030
7116
7124
7190
7292
7334
7360
7362
7396
7620
7738
7764
7794
7826
7832
7994
7996
8110
8140
8146
8150
8200
8202
8214
8312
8312
8344
8586
8606
8608
8614
8744
8860
8920
8932
9018
9058
9116
9116
9426
9496
9508
9578
9696
9708
9870
9884
9908
10022
10148
10240
10290
10332
10396
10422
10506
10604
10650
10858
10968
10972
10978
11034
11128
11182
11274
11308
11430
11496
11498
11558
11574
11582
11598
11656
11676
11922
12108
12110
12142
12148
12240
12276
12296
12320
12326
12418
12600
12764
12954
13066
13242
13396
13402
13430
13460
13482
13498
13516
13562
13590
13636
13658
13792
13924
13940
14028
14048
14090
14110
14120
14146
14204
14224
14226
14294
14316
14338
14384
14456
14476
14528
14552
14558
14596
14596
14600
14610
14614
14614
14634
14636
14648
14652
14656
14658
14660
14668
14670
14676
14682
14692
14694
14694
14700
14704
14706
14720
14722
14726
14732
14750
14750
14750
14750
14754
14764
14772
14778
14782
14784
14794
14794
14796
14798
14804
14816
14824
14828
14830
14836
14844
14846
14848
14852
14854
14854
14856
14862
14862
14862
14870
14872
14872
14872
14878
14880
14882
14886
14890
14890
14890
14890
14896
14900
14902
14906
14908
14908
14910
14912
14914
14914
14918
14920
14920
14922
14926
14938
14942
14948
14952
14956
14962
14962
14964
14966
14966
14966
14970
14976
14984
14984
14988
14992
14992
14996
14996
14998
15002
15004
15008
15010
15014
15016
15016
15018
15018
15022
15026
15030
15030
15030
15030
15036
15036
15038
15038
15038
15038
15042
15044
15048
15052
15054
15060
15062
15066
15068
15072
15072
15074
15080
15080
15088
15088
15088
15094
15104
15106
15108
15110
15112
15114
15120
15120
15120
15120
15122
15122
15126
15126
15126
15134
15134
15138
15140
15142
15146
15146
15146
15146
15146
15152
15156
15162
15164
15170
15170
15172
15172
15178
15180
15180
15182
15184
15184
15184
15186
15190
15192
15192
15194
15196
15198
15198
15200
15202
15202
15202
15204
15204
15204
15208
15212
15216
15218
15218
15220
15220
15222
15222
15222
15224
15226
15226
15226
15228
15230
15232
15234
15236
15240
15240
15244
15244
15246
15248
15248
15248
15254
15254
15260
15260
15260
15262
15264
15266
15266
15270
15270
15272
15272
15272
15274
15274
15276
15276
15278
15280
15280
15284
15284
15286
15290
15292
15300
15300
15302
15306
15306
15306
15308
15308
15310
15310
15310
15312
15314
15322
15324
15326
15328
15340
15346
15348
15352
15352
15354
15356
15358
15358
15362
15362
15364
15368
15370
15370
15376
15382
15384
15388
15388
15392
15398
15400
15402
15402
15412
15422
15426
15430
15434
15436
15436
15442
15446
15452
15454
15456
15458
15462
15464
15466
15472
15472
15476
15486
15502
15506
15512
15512
15516
15522
15526
15548
15548
15562
15578
15588
15590
15592
15612
15614
15618
15676
15712
15724
15728
15758
15770
15780
15800
15876
15892
15992
16196
16344
17154
17450
17892
18772
19214
19320
19558
19558
19566
19686
19794
19892
20688
20700
20762
21606
21752
22076
22232
22318
22410
22462
22542
22568
22852
22942
22990
23574
23772
23806
23840
23864
23938
23998
24160
24210
24222
24256
24350
24370
24460
24466
24480
24492
24506
24546
24586
24588
24616
24616
24620
24684
24694
24720
24776
24802
24860
24874
24876
24910
24918
24946
24952
24974
24998
25028
25158
25210
25218
25230
25328
25516
25600
25670
25678
25856
25872
25888
25890
26468
26654
26796
26800
26860
27142
27536
27570
28344
28796
28816
28918
29262
29616
29688
29846
29932
29970
30138
30160
30502
31002
31150
31504
31574
31714
32396
32438
32764
32920
32932
33044
33456
33472
33490
33646
33778
33820
33826
33836
33848
33912
33978
34010
34016
34022
34064
34126
34130
34146
34182
34188
34190
34194
34212
34212
34254
34258
34262
34264
34308
34336
34374
34388
34390
34392
34400
34416
34426
34434
34436
34450
34466
34476
34482
34482
34488
34494
34496
34522
34532
34532
34532
34534
34538
34540
34542
34556
34562
34564
34566
34566
34570
34574
34574
34574
34594
34602
34606
34612
34612
34614
34614
34614
34642
34644
34646
34670
34684
34688
34694
34696
34698
34702
34704
34722
34726
34730
34732
34734
34734
34742
34742
34750
34756
34758
34758
34758
34768
34780
34788
34790
34792
34794
34800
34802
34804
34808
34808
34812
34812
34814
34818
34820
34820
34830
34836
34844
34848
34850
34854
34856
34862
34862
34864
34876
34876
34884
34886
34898
34912
34916
34934
34938
34984
34986
35000
35008
35010
35012
35030
35044
35052
35072
35080
35082
35102
35120
35124
35140
35154
35176
35176
35176
35198
35248
35260
35282
35286
35288
35292
35314
35326
35344
35396
35454
35466
35500
35526
35584
35608
35704
36328
43104
43984
44066
44266
44342
51076
53854
54058
54144
63614
77994
86902
126446
347026
3290110
