Latencies
5096
5106
5126
5128
5164
5164
5166
5170
5172
5176
5180
5182
5188
5190
5194
5196
5202
5210
5210
5212
5214
5214
5214
5224
5224
5224
5226
5228
5228
5230
5230
5232
5234
5234
5234
5236
5242
5242
5244
5248
5250
5256
5258
5258
5258
5262
5264
5268
5270
5274
5276
5278
5278
5278
5282
5282
5286
5286
5288
5290
5292
5294
5296
5296
5298
5298
5298
5298
5298
5300
5300
5302
5302
5306
5308
5308
5310
5310
5310
5312
5312
5312
5312
5314
5316
5316
5316
5316
5316
5318
5322
5322
5324
5324
5324
5326
5330
5332
5332
5334
5342
5344
5344
5354
5356
5358
5360
5366
5366
5372
5374
5376
5382
5382
5384
5384
5390
5390
5392
5392
5392
5396
5396
5396
5398
5398
5406
5406
5408
5410
5410
5412
5414
5416
5416
5418
5420
5422
5424
5426
5428
5428
5428
5430
5432
5434
5434
5448
5450
5454
5460
5460
5476
5476
5478
5480
5484
5484
5484
5486
5488
5490
5492
5496
5498
5500
5506
5510
5520
5522
5528
5534
5538
5542
5542
5544
5546
5550
5550
5556
5558
5564
5564
5564
5566
5568
5570
5572
5578
5578
5578
5582
5588
5590
5592
5592
5604
5604
5606
5614
5622
5626
5632
5634
5636
5638
5640
5640
5644
5644
5650
5650
5650
5670
5672
5674
5674
5678
5678
5682
5682
5688
5688
5690
5704
5708
5716
5718
5720
5722
5738
5744
5746
5752
5754
5756
5756
5760
5762
5764
5766
5768
5768
5768
5770
5774
5774
5778
5782
5786
5790
5794
5794
5796
5798
5804
5810
5814
5816
5822
5830
5830
5834
5838
5842
5858
5860
5860
5862
5864
5866
5868
5870
5874
5878
5884
5884
5886
5888
5892
5900
5908
5912
5918
5922
5924
5924
5928
5928
5930
5930
5932
5938
5942
5946
5950
5956
5964
5994
6012
6014
6018
6024
6034
6040
6040
6056
6058
6064
6066
6068
6070
6076
6078
6098
6100
6122
6144
6152
6154
6166
6166
6180
6190
6198
6200
6202
6210
6212
6234
6240
6240
6248
6258
6260
6260
6264
6276
6282
6286
6290
6306
6316
6330
6332
6332
6340
6340
6366
6368
6370
6376
6378
6390
6400
6404
6418
6438
6450
6462
6486
6496
6504
6506
6506
6506
6526
6530
6540
6542
6550
6552
6572
6590
6596
6598
6602
6602
6616
6624
6626
6642
6648
6664
6666
6756
6756
6760
6770
6772
6776
6784
6818
6824
6824
6830
6846
6850
6876
6878
6880
6884
6906
6910
6912
6912
6956
6974
7016
7022
7038
7046
7060
7086
7108
7118
7120
7144
7178
7192
7288
7312
7328
7328
7366
7410
7416
7472
7474
7482
7492
7590
7626
7646
7646
7654
7656
7662
7684
7690
7728
7734
7766
7766
7790
7842
7866
7874
7924
7926
7968
7984
7992
8000
8086
8098
8122
8216
8226
8250
8258
8266
8304
8316
8332
8372
8408
8420
8452
8468
8484
8488
8498
8500
8522
8562
8572
8576
8622
8658
8662
8676
8676
8700
8710
8718
8742
8776
8780
8784
8790
8798
8798
8812
8854
8886
8924
8942
8946
8954
8962
8974
8974
8984
8996
8996
9002
9028
9088
9092
9098
9110
9164
9166
9200
9202
9204
9204
9210
9224
9224
9224
9258
9292
9312
9332
9374
9376
9396
9422
9422
9426
9532
9554
9632
9648
9656
9664
9668
9718
9742
9764
9776
9778
9784
9786
9802
9816
9850
9860
9872
9896
9900
9934
9998
10068
10074
10086
10094
10110
10140
10164
10174
10194
10206
10254
10258
10296
10306
10322
10328
10342
10348
10360
10362
10408
10412
10450
10452
10454
10470
10550
10564
10566
10568
10574
10576
10580
10628
10628
10644
10646
10668
10684
10704
10716
10762
10800
10868
10908
10926
10930
10948
10970
10986
10992
11084
11102
11110
11114
11118
11124
11134
11148
11170
11174
11204
11232
11258
11328
11338
11388
11388
11414
11418
11428
11440
11462
11468
11496
11516
11526
11526
11536
11536
11556
11574
11588
11628
11644
11668
11672
11730
11752
11752
11792
11794
11802
11846
11872
11910
11920
11928
11936
11960
12012
12014
12032
12058
12088
12094
12098
12126
12128
12134
12138
12144
12170
12184
12222
12224
12236
12246
12260
12270
12278
12288
12326
12336
12374
12400
12404
12454
12460
12524
12536
12554
12602
12662
12680
12704
12744
12762
12768
12790
12810
12834
12856
12898
12912
12914
12918
12924
12940
12940
12966
12992
13014
13018
13032
13046
13046
13050
13054
13058
13058
13072
13078
13078
13088
13088
13112
13148
13156
13160
13170
13180
13194
13204
13216
13222
13252
13264
13294
13306
13322
13334
13374
13390
13476
13534
13546
13548
13554
13568
13582
13582
13590
13592
13606
13612
13656
13658
13760
13782
13784
13808
13818
13844
13856
13872
13892
13892
13920
13940
13952
13958
13966
13976
13994
14018
14034
14040
14040
14050
14054
14058
14076
14076
14084
14098
14110
14124
14148
14170
14182
14182
14242
14252
14258
14274
14274
14280
14304
14416
14420
14424
14438
14440
14444
14446
14454
14460
14462
14462
14486
14498
14506
14510
14512
14516
14522
14524
14542
14546
14554
14558
14560
14564
14576
14582
14582
14588
14590
14596
14600
14612
14626
14648
14648
14656
14676
14678
14728
14730
14732
14736
14740
14748
14754
14770
14774
14814
14834
14846
14858
14864
14864
14872
14876
14876
14886
14888
14888
14904
14908
14914
14920
14926
14930
14930
14932
14936
14936
14948
14950
14954
14962
14964
14970
14972
14976
14992
14998
15028
15038
15042
15044
15050
15066
15074
15080
15082
15084
15094
15094
15096
15112
15116
15122
15122
15124
15128
15134
15154
15156
15186
15188
15192
15194
15202
15208
15218
15224
15232
15246
15252
15262
15294
15298
15306
15330
15352
15366
15370
15372
15378
15392
15404
15406
15412
15414
15434
15442
15442
15456
15458
15466
15468
15472
15472
15482
15492
15506
15536
15538
15538
15538
15548
15550
15558
15570
15574
15636
15642
15678
15688
15710
15720
15736
15772
15794
15810
15866
15938
15978
16044
16068
16204
16482
16620
16842
17924
23842
24108
24156
24296
24384
24658
25002
25126
25224
25302
25728
34344
34630
34708
45298
49256
836582
2656652
