Latencies
5220
5256
5264
5264
5274
5284
5284
5302
5302
5304
5308
5316
5320
5324
5324
5332
5340
5344
5350
5354
5362
5362
5362
5364
5366
5368
5370
5372
5372
5380
5382
5384
5386
5388
5390
5394
5400
5408
5414
5420
5422
5424
5426
5428
5430
5432
5436
5438
5446
5456
5456
5456
5462
5470
5470
5470
5476
5490
5492
5492
5502
5504
5504
5506
5514
5522
5530
5534
5540
5540
5548
5552
5558
5558
5560
5562
5568
5576
5576
5576
5584
5586
5586
5588
5592
5594
5604
5604
5614
5618
5622
5626
5626
5626
5628
5630
5634
5634
5642
5642
5644
5652
5666
5672
5674
5684
5686
5688
5688
5700
5700
5702
5704
5708
5716
5716
5718
5726
5726
5728
5734
5736
5740
5746
5752
5752
5756
5758
5758
5760
5760
5766
5770
5772
5772
5772
5772
5772
5776
5778
5778
5780
5786
5788
5790
5794
5794
5794
5802
5808
5808
5814
5818
5834
5836
5848
5852
5852
5860
5860
5862
5862
5864
5870
5870
5872
5874
5880
5882
5884
5884
5884
5886
5888
5890
5894
5898
5904
5906
5912
5916
5916
5918
5918
5926
5930
5946
5958
5958
5960
5964
5964
5974
5976
5982
5982
5982
5984
5988
5990
5994
6008
6016
6020
6022
6022
6026
6026
6028
6030
6034
6044
6046
6056
6070
6084
6090
6096
6104
6106
6106
6112
6114
6122
6124
6134
6138
6142
6150
6152
6156
6160
6168
6180
6216
6218
6220
6228
6278
6286
6286
6288
6310
6328
6348
6362
6374
6416
6442
6456
6468
6480
6486
6488
6502
6566
6594
6608
6624
6624
6670
6682
6684
6690
6690
6726
6742
6756
6774
6796
6826
6858
6860
6872
6884
6892
6902
6902
6916
6918
6938
6942
6950
6954
6958
6990
7018
7024
7024
7034
7064
7068
7074
7080
7096
7114
7122
7138
7140
7150
7208
7258
7268
7274
7300
7312
7350
7352
7382
7398
7402
7454
7458
7462
7512
7530
7572
7574
7582
7598
7600
7634
7642
7648
7662
7706
7716
7730
7742
7742
7742
7766
7782
7802
7812
7834
7838
7842
7844
7874
7922
7932
7934
7944
7956
7960
7990
7996
8002
8038
8054
8082
8092
8098
8128
8130
8150
8162
8170
8172
8174
8180
8206
8218
8234
8262
8268
8268
8290
8300
8302
8332
8336
8348
8380
8384
8388
8398
8412
8424
8454
8546
8550
8562
8576
8578
8638
8638
8642
8658
8660
8674
8686
8702
8704
8766
8768
8770
8772
8786
8790
8804
8824
8854
8882
8888
8890
8936
8946
8950
8954
8984
9014
9022
9036
9058
9084
9086
9092
9092
9104
9118
9152
9160
9166
9176
9178
9190
9204
9222
9260
9264
9274
9300
9310
9326
9354
9356
9362
9388
9402
9450
9462
9482
9506
9508
9562
9582
9586
9588
9606
9638
9638
9652
9656
9660
9676
9678
9690
9722
9726
9730
9756
9784
9786
9812
9838
9880
9880
9890
9896
9904
9912
9924
9936
9960
9980
9980
9996
10004
10030
10030
10030
10050
10060
10082
10086
10086
10118
10120
10166
10170
10194
10200
10214
10256
10298
10326
10338
10340
10394
10422
10426
10448
10460
10468
10472
10476
10484
10486
10496
10504
10510
10532
10562
10566
10582
10586
10596
10598
10610
10680
10700
10706
10712
10726
10730
10734
10826
10840
10850
10870
10954
10954
10956
10978
10980
10986
11030
11036
11050
11052
11064
11068
11074
11082
11126
11158
11158
11190
11194
11212
11220
11228
11234
11252
11258
11272
11380
11382
11384
11396
11420
11442
11462
11470
11490
11496
11534
11552
11560
11566
11572
11576
11578
11580
11618
11644
11682
11700
11734
11774
11794
11826
11838
11916
11926
11932
11938
11944
11944
11950
11954
12022
12032
12038
12044
12046
12060
12064
12082
12132
12140
12152
12156
12166
12170
12184
12204
12222
12264
12266
12280
12306
12314
12334
12342
12362
12366
12382
12398
12406
12406
12420
12424
12424
12426
12430
12450
12486
12498
12500
12500
12518
12526
12546
12568
12574
12574
12582
12606
12612
12614
12620
12622
12654
12718
12728
12740
12774
12814
12830
12832
12854
12866
12872
12874
12890
12934
12958
12990
13012
13038
13044
13064
13076
13094
13114
13120
13150
13158
13160
13172
13174
13184
13208
13224
13262
13262
13272
13296
13312
13328
13352
13386
13388
13410
13450
13454
13464
13466
13476
13514
13522
13548
13554
13568
13614
13634
13652
13682
13690
13702
13704
13708
13736
13738
13742
13744
13744
13748
13812
13814
13818
13820
13822
13828
13834
13838
13866
13868
13874
13876
13880
13880
13882
13962
14018
14018
14036
14048
14092
14110
14114
14140
14166
14192
14204
14220
14222
14228
14242
14254
14256
14258
14272
14288
14306
14320
14332
14334
14360
14374
14402
14412
14426
14442
14442
14452
14464
14470
14472
14478
14492
14498
14508
14514
14524
14568
14572
14574
14580
14584
14586
14610
14612
14622
14624
14626
14642
14642
14654
14656
14656
14658
14668
14676
14688
14692
14714
14724
14728
14730
14738
14738
14740
14752
14754
14766
14766
14768
14774
14776
14778
14782
14788
14792
14796
14800
14812
14814
14824
14826
14832
14838
14840
14842
14856
14862
14866
14874
14880
14880
14882
14882
14884
14884
14888
14894
14902
14908
14914
14920
14928
14934
14934
14942
14944
14952
14954
14960
14962
14964
14978
14978
14984
14988
14988
14994
15004
15010
15016
15024
15024
15026
15032
15038
15052
15062
15062
15070
15072
15072
15078
15094
15098
15100
15108
15108
15120
15122
15122
15156
15158
15162
15170
15178
15186
15188
15190
15192
15194
15202
15208
15214
15222
15222
15228
15234
15258
15262
15274
15278
15280
15296
15302
15304
15312
15312
15314
15320
15330
15332
15354
15418
15430
15444
15450
15452
15462
15462
15470
15504
15514
15514
15514
15518
15534
15536
15550
15560
15562
15564
15618
15658
15664
15674
15692
15694
15716
15730
15748
15800
15862
15984
15996
16164
16176
16184
16224
16252
16278
16378
16610
16740
18084
20210
21716
22822
23456
23678
24164
24336
24446
24534
24558
24750
24998
25024
25258
25326
25484
25734
26018
69652
106904
107120
206442
3683240
