Latencies
5190
5224
5230
5252
5288
5332
5334
5342
5348
5350
5350
5374
5378
5398
5400
5452
5476
5492
5510
5516
5552
5554
5574
5580
5580
5600
5634
5646
5658
5662
5672
5682
5690
5704
5712
5716
5736
5752
5766
5774
5778
5780
5786
5858
5860
5872
5882
5894
5910
5912
5914
5936
5940
5944
5952
5956
5972
5982
5988
5998
6000
6018
6020
6030
6030
6044
6076
6098
6150
6162
6190
6216
6252
6274
6286
6288
6322
6328
6338
6376
6386
6388
6404
6408
6410
6480
6530
6530
6536
6570
6582
6626
6628
6648
6666
6722
6744
6756
6768
6796
6798
6810
6816
6818
6846
6876
6916
6954
6966
6990
7008
7010
7010
7050
7058
7064
7080
7084
7118
7132
7196
7286
7326
7340
7366
7390
7426
7428
7446
7452
7458
7466
7474
7500
7536
7580
7588
7608
7650
7706
7716
7752
7770
7792
7854
7866
7890
7900
7902
7958
7966
7978
7980
8012
8014
8030
8042
8090
8092
8194
8198
8200
8212
8218
8262
8282
8302
8306
8324
8326
8332
8334
8344
8382
8386
8420
8426
8486
8496
8538
8544
8556
8590
8590
8592
8594
8658
8678
8678
8692
8800
8868
8884
8928
8942
9012
9080
9096
9098
9118
9140
9166
9196
9222
9230
9230
9236
9250
9250
9270
9288
9298
9374
9414
9438
9442
9442
9446
9488
9512
9570
9584
9612
9614
9646
9664
9680
9690
9694
9726
9728
9778
9804
9820
9826
9856
9870
9920
9920
9936
9952
9962
9970
9984
9996
10062
10090
10096
10124
10148
10206
10228
10250
10252
10252
10276
10302
10304
10328
10338
10364
10370
10388
10408
10416
10416
10448
10470
10502
10504
10514
10522
10530
10532
10544
10554
10558
10620
10634
10650
10678
10706
10728
10728
10734
10748
10766
10778
10782
10792
10796
10822
10822
10834
10946
10958
10960
10970
10994
11008
11046
11096
11100
11136
11140
11170
11188
11258
11290
11304
11384
11406
11420
11464
11472
11570
11576
11624
11642
11658
11676
11736
11740
11752
11764
11768
11816
11828
11918
11924
11962
12010
12016
12018
12028
12034
12050
12058
12108
12118
12128
12130
12166
12168
12188
12198
12252
12290
12292
12364
12368
12376
12418
12422
12454
12460
12520
12522
12542
12576
12610
12634
12762
12806
12876
12898
12910
12960
12964
12982
12984
13122
13176
13192
13194
13208
13232
13280
13292
13300
13306
13312
13318
13332
13360
13366
13412
13428
13462
13492
13508
13512
13532
13564
13610
13630
13682
13684
13698
13740
13772
13808
13812
13822
13870
13892
13902
13922
13930
13966
13996
14016
14082
14084
14094
14110
14120
14148
14152
14168
14170
14176
14190
14190
14192
14210
14212
14214
14220
14222
14226
14228
14238
14242
14266
14266
14268
14276
14286
14298
14306
14306
14318
14322
14340
14340
14342
14344
14350
14350
14356
14362
14372
14378
14388
14388
14390
14392
14394
14396
14398
14400
14402
14408
14424
14424
14428
14428
14436
14438
14438
14438
14440
14440
14440
14440
14444
14446
14448
14450
14450
14452
14456
14458
14458
14462
14470
14474
14478
14478
14482
14482
14488
14490
14492
14494
14496
14500
14502
14510
14510
14510
14512
14512
14514
14522
14534
14538
14548
14550
14554
14556
14556
14558
14560
14560
14560
14562
14564
14568
14572
14574
14580
14580
14590
14596
14598
14606
14608
14612
14614
14620
14626
14626
14634
14636
14638
14650
14660
14662
14662
14664
14668
14682
14686
14686
14696
14696
14712
14712
14718
14724
14730
14734
14736
14738
14746
14750
14752
14752
14754
14756
14756
14756
14758
14760
14766
14768
14782
14790
14796
14800
14804
14810
14812
14816
14818
14824
14826
14828
14828
14832
14832
14834
14836
14840
14840
14842
14844
14848
14848
14852
14854
14858
14858
14858
14876
14876
14878
14880
14880
14882
14888
14888
14890
14894
14894
14896
14896
14898
14898
14900
14902
14904
14906
14916
14916
14920
14924
14928
14930
14930
14936
14942
14944
14944
14956
14958
14960
14964
14972
14972
14974
14976
14980
14982
14984
15004
15006
15008
15012
15016
15018
15020
15020
15024
15026
15026
15030
15030
15030
15030
15038
15038
15040
15040
15042
15046
15048
15048
15050
15052
15052
15052
15054
15056
15060
15062
15062
15064
15068
15074
15074
15078
15078
15082
15092
15092
15094
15094
15094
15098
15100
15104
15108
15108
15110
15110
15110
15112
15118
15120
15122
15124
15126
15128
15128
15136
15150
15150
15150
15156
15156
15158
15160
15164
15164
15168
15170
15170
15182
15184
15186
15188
15190
15198
15198
15204
15208
15210
15214
15216
15220
15222
15224
15236
15240
15248
15254
15256
15280
15294
15298
15300
15306
15316
15320
15320
15324
15324
15324
15330
15332
15332
15332
15350
15354
15362
15372
15378
15384
15394
15396
15404
15432
15434
15444
15446
15446
15448
15452
15456
15456
15458
15470
15512
15520
15522
15522
15526
15552
15578
15578
15586
15592
15608
15626
15634
15690
15700
15700
15730
15766
15780
15816
15820
15836
15840
15868
16086
16096
16140
16150
16166
16174
16174
16240
16282
17064
17298
17470
17642
17782
17858
18220
18354
18862
19228
19604
19870
19894
20064
20084
20348
20360
20430
20432
20654
20656
20658
20704
20892
21018
21060
21328
21834
22012
22292
22462
22854
23124
23382
23392
23538
23638
23772
23842
23892
23894
23918
23944
24012
24148
24272
24356
24376
24444
24464
24540
24648
24680
24752
25092
25266
25330
25380
25418
25782
25926
26338
26500
26514
27168
27420
27512
27800
28016
28134
28284
28454
28514
28616
29036
29218
29892
30044
30160
30418
30562
30736
31020
31640
31842
31958
32060
32306
32314
32694
32808
33318
33474
33662
33754
33848
33912
33974
34002
34004
34038
34248
34276
34290
34306
34314
34444
34472
34580
34604
34616
34626
34664
34776
34860
34868
34890
34896
35056
35128
35180
35608
35738
35974
36216
36266
36428
36602
36676
36710
36734
36758
36802
39308
39426
39680
39692
39756
39900
40110
40238
40272
40608
40832
41258
41598
42044
42442
43422
43426
43800
44094
44180
44202
44204
44214
44364
44594
44772
44806
44992
45064
45068
45082
45292
45362
45454
45454
45470
45538
45664
45874
46022
46826
47126
49312
49688
49980
50008
50018
50186
50530
50726
50876
50996
51134
51590
52510
54246
54680
55672
58836
59164
60088
63252
63378
64856
64862
70266
74210
81908
93422
