Latencies
5132
5146
5150
5158
5164
5168
5170
5174
5182
5182
5188
5194
5194
5200
5202
5202
5202
5202
5206
5210
5216
5218
5220
5222
5224
5224
5224
5226
5226
5228
5230
5230
5230
5236
5238
5238
5242
5242
5244
5244
5244
5246
5246
5248
5248
5248
5250
5250
5250
5250
5252
5252
5254
5254
5256
5256
5258
5258
5260
5262
5264
5264
5264
5266
5266
5270
5270
5270
5272
5272
5272
5274
5274
5274
5274
5276
5276
5276
5278
5278
5278
5278
5280
5280
5282
5282
5282
5284
5284
5284
5284
5286
5286
5286
5288
5288
5288
5288
5290
5292
5292
5292
5292
5292
5294
5294
5298
5298
5298
5298
5300
5302
5302
5304
5304
5304
5306
5306
5308
5308
5308
5308
5308
5308
5310
5312
5314
5314
5314
5316
5316
5318
5318
5318
5320
5320
5320
5320
5320
5320
5322
5322
5322
5322
5324
5324
5326
5326
5326
5326
5328
5328
5328
5328
5328
5330
5332
5334
5334
5334
5334
5334
5336
5336
5336
5336
5336
5336
5340
5340
5342
5342
5346
5346
5346
5348
5348
5348
5350
5350
5350
5350
5350
5350
5350
5352
5352
5352
5354
5356
5356
5356
5356
5356
5358
5358
5358
5358
5358
5358
5358
5358
5358
5358
5358
5358
5360
5360
5360
5360
5360
5362
5362
5362
5362
5362
5362
5364
5364
5364
5364
5364
5364
5366
5366
5366
5368
5368
5368
5368
5368
5370
5370
5370
5370
5370
5370
5372
5372
5372
5372
5374
5374
5378
5378
5378
5378
5380
5380
5380
5380
5382
5382
5382
5382
5382
5384
5386
5386
5386
5386
5386
5386
5386
5388
5388
5388
5388
5388
5388
5388
5390
5390
5390
5390
5390
5392
5392
5394
5394
5394
5394
5394
5394
5394
5394
5396
5396
5396
5396
5396
5398
5400
5400
5400
5400
5400
5402
5402
5402
5402
5402
5404
5404
5404
5404
5404
5404
5404
5406
5406
5406
5406
5406
5406
5408
5408
5410
5410
5410
5410
5410
5414
5414
5414
5416
5416
5418
5418
5418
5418
5418
5418
5418
5420
5420
5422
5422
5422
5422
5422
5422
5422
5424
5426
5426
5428
5428
5428
5428
5428
5428
5430
5430
5430
5430
5430
5432
5432
5434
5436
5436
5436
5436
5436
5436
5438
5438
5438
5440
5440
5440
5440
5442
5442
5442
5444
5444
5446
5446
5446
5446
5446
5446
5448
5448
5450
5450
5450
5452
5452
5452
5454
5454
5454
5454
5454
5456
5456
5456
5458
5458
5460
5460
5462
5462
5464
5464
5464
5468
5470
5472
5476
5476
5478
5480
5480
5480
5480
5480
5484
5484
5486
5486
5486
5486
5486
5486
5486
5488
5488
5490
5492
5492
5492
5494
5494
5494
5496
5496
5496
5496
5498
5498
5500
5500
5502
5502
5502
5504
5506
5508
5508
5512
5512
5512
5512
5518
5520
5520
5520
5522
5522
5524
5524
5524
5526
5526
5526
5528
5528
5528
5530
5530
5530
5532
5536
5536
5536
5538
5538
5542
5546
5546
5548
5548
5550
5550
5554
5554
5556
5556
5558
5558
5560
5560
5562
5564
5564
5566
5568
5570
5570
5570
5570
5572
5574
5574
5574
5576
5576
5578
5578
5578
5578
5580
5580
5580
5580
5584
5584
5584
5584
5586
5588
5590
5590
5592
5592
5592
5594
5604
5604
5608
5608
5608
5610
5610
5612
5614
5616
5618
5618
5618
5620
5620
5624
5624
5626
5630
5630
5632
5632
5632
5634
5634
5636
5638
5638
5640
5640
5640
5642
5644
5644
5646
5646
5648
5648
5648
5654
5656
5656
5658
5660
5660
5664
5666
5666
5666
5668
5672
5672
5674
5674
5674
5676
5680
5682
5684
5684
5684
5686
5686
5686
5686
5686
5690
5692
5696
5696
5696
5702
5702
5702
5704
5708
5710
5710
5712
5714
5716
5718
5720
5720
5722
5732
5732
5734
5734
5738
5738
5740
5742
5742
5744
5744
5746
5748
5750
5750
5752
5758
5758
5758
5758
5760
5760
5760
5760
5764
5764
5764
5766
5768
5774
5776
5776
5778
5778
5778
5778
5780
5784
5786
5786
5792
5794
5796
5796
5798
5800
5802
5808
5808
5810
5812
5814
5818
5818
5820
5822
5824
5826
5828
5830
5830
5832
5834
5838
5844
5852
5854
5856
5856
5856
5856
5856
5858
5858
5860
5862
5862
5864
5876
5878
5880
5880
5880
5882
5884
5886
5888
5892
5896
5898
5902
5904
5904
5906
5906
5908
5912
5914
5916
5922
5924
5926
5932
5936
5936
5936
5936
5940
5940
5940
5944
5944
5946
5946
5950
5952
5954
5954
5956
5958
5962
5964
5968
5970
5976
5978
5978
5982
5982
5984
5984
5990
5990
5998
6000
6000
6000
6002
6002
6002
6002
6004
6004
6006
6010
6012
6018
6022
6022
6026
6028
6032
6032
6034
6036
6036
6038
6038
6040
6040
6042
6042
6044
6044
6044
6048
6050
6050
6056
6058
6058
6058
6060
6066
6068
6070
6072
6080
6082
6084
6086
6094
6096
6098
6100
6104
6106
6114
6116
6122
6130
6130
6136
6136
6138
6138
6140
6146
6154
6174
6178
6192
6198
6198
6198
6208
6208
6210
6212
6212
6216
6218
6220
6224
6232
6234
6236
6246
6248
6248
6250
6258
6258
6260
6262
6264
6270
6274
6286
6286
6290
6292
6298
6308
6310
6316
6334
6342
6348
6352
6354
6372
6382
6382
6402
6408
6408
6422
6450
6454
6472
6520
6544
6568
6574
6574
6582
6614
6622
6710
6712
6724
6728
6776
6798
6826
6870
6900
6986
7340
7472
7476
7488
7614
7646
7656
7754
7806
8510
8598
8610
8778
9476
9484
9544
9608
9672
9742
10098
10212
10268
10700
10950
11064
11216
11252
12124
12138
12886
13016
13134
13364
13486
13932
14172
14944
15090
15198
15328
15416
16508
17756
17774
17780
17996
18380
18656
18722
19004
19206
19426
19506
19606
20162
20316
21272
21410
22144
22882
23028
23264
23768
24036
24390
24518
24658
25986
27084
27178
27640
29414
29744
29876
30492
30762
31102
33680
35104
35322
35900
36260
37554
39606
41422
41870
44202
44532
51010
68916
