Latencies
5150
5152
5160
5162
5162
5170
5176
5178
5178
5186
5188
5190
5194
5196
5200
5202
5202
5202
5208
5208
5214
5224
5228
5232
5234
5236
5238
5238
5240
5240
5242
5248
5248
5256
5256
5258
5258
5258
5264
5266
5272
5272
5274
5274
5276
5276
5276
5278
5282
5282
5284
5284
5284
5286
5286
5286
5288
5290
5292
5294
5294
5294
5296
5296
5298
5300
5300
5300
5300
5300
5300
5302
5302
5302
5302
5304
5304
5304
5306
5306
5308
5308
5310
5310
5310
5312
5312
5312
5312
5312
5312
5312
5314
5314
5316
5316
5316
5316
5316
5316
5316
5318
5320
5320
5320
5320
5320
5322
5324
5324
5324
5324
5324
5324
5326
5326
5328
5328
5330
5330
5330
5332
5332
5332
5332
5332
5334
5334
5334
5334
5336
5336
5336
5338
5340
5340
5342
5342
5342
5342
5342
5342
5342
5344
5344
5344
5344
5344
5346
5346
5346
5346
5346
5348
5348
5348
5350
5350
5350
5350
5350
5352
5352
5354
5354
5356
5356
5358
5358
5358
5358
5360
5360
5360
5360
5360
5362
5362
5362
5362
5364
5364
5364
5364
5366
5366
5366
5366
5366
5366
5366
5366
5368
5368
5368
5370
5370
5370
5370
5370
5372
5372
5372
5372
5374
5374
5374
5374
5376
5376
5376
5378
5378
5378
5378
5378
5378
5380
5380
5380
5380
5380
5380
5380
5382
5382
5384
5384
5386
5386
5388
5388
5388
5388
5388
5388
5388
5390
5390
5392
5392
5392
5394
5394
5394
5394
5396
5396
5396
5396
5398
5398
5398
5398
5398
5400
5400
5400
5400
5400
5402
5402
5404
5404
5406
5406
5406
5408
5408
5408
5408
5410
5410
5414
5414
5414
5414
5414
5416
5416
5416
5418
5418
5418
5418
5420
5420
5422
5422
5422
5422
5424
5424
5424
5426
5426
5428
5428
5428
5430
5430
5430
5430
5432
5432
5432
5434
5434
5434
5434
5436
5436
5436
5438
5438
5438
5438
5440
5440
5442
5442
5442
5444
5446
5446
5446
5448
5448
5448
5448
5452
5452
5452
5452
5454
5454
5454
5456
5456
5460
5462
5464
5464
5464
5466
5466
5466
5468
5468
5468
5470
5470
5472
5472
5472
5472
5474
5474
5474
5474
5476
5478
5478
5480
5480
5480
5480
5482
5484
5484
5484
5484
5486
5486
5486
5486
5486
5488
5488
5490
5490
5490
5492
5492
5492
5494
5494
5494
5498
5500
5500
5500
5508
5508
5512
5512
5512
5514
5514
5514
5516
5518
5518
5518
5520
5522
5522
5524
5526
5526
5526
5526
5528
5528
5528
5530
5530
5530
5532
5532
5534
5534
5534
5538
5538
5538
5538
5540
5542
5544
5552
5552
5552
5554
5554
5556
5558
5558
5560
5562
5564
5564
5568
5568
5570
5570
5572
5572
5572
5578
5580
5582
5582
5584
5584
5584
5586
5588
5590
5590
5590
5590
5590
5592
5594
5594
5596
5596
5598
5598
5600
5600
5600
5602
5602
5602
5608
5612
5612
5614
5616
5616
5618
5618
5618
5618
5620
5622
5622
5622
5624
5624
5624
5624
5626
5628
5630
5632
5632
5634
5640
5640
5640
5642
5642
5642
5642
5644
5646
5646
5648
5650
5650
5652
5654
5656
5656
5658
5660
5660
5660
5662
5664
5664
5664
5666
5668
5668
5668
5668
5670
5674
5676
5678
5678
5678
5680
5684
5686
5686
5688
5690
5690
5692
5694
5694
5694
5696
5698
5702
5702
5704
5706
5706
5708
5708
5710
5714
5714
5714
5714
5714
5718
5718
5718
5722
5722
5722
5724
5724
5728
5728
5728
5730
5732
5732
5734
5736
5738
5738
5740
5740
5744
5750
5750
5750
5752
5754
5754
5758
5758
5762
5768
5770
5770
5778
5780
5786
5786
5788
5788
5790
5790
5792
5794
5794
5794
5796
5798
5798
5798
5804
5806
5806
5806
5808
5808
5810
5810
5812
5812
5814
5814
5816
5818
5818
5818
5820
5820
5822
5822
5824
5828
5830
5834
5834
5834
5834
5836
5836
5840
5840
5840
5840
5842
5842
5842
5842
5844
5844
5846
5846
5846
5858
5858
5860
5860
5864
5868
5870
5870
5870
5872
5872
5874
5876
5882
5884
5884
5884
5888
5888
5888
5892
5892
5892
5894
5894
5896
5896
5902
5904
5904
5906
5908
5908
5910
5910
5910
5914
5914
5916
5916
5920
5920
5922
5926
5930
5934
5934
5934
5942
5942
5944
5948
5952
5954
5956
5956
5956
5958
5960
5960
5960
5962
5962
5964
5964
5966
5966
5970
5972
5974
5976
5976
5980
5982
5982
5984
5984
5990
5992
5996
5996
6000
6006
6008
6010
6016
6016
6018
6018
6020
6022
6026
6026
6030
6036
6036
6038
6038
6040
6040
6042
6042
6042
6044
6046
6048
6056
6056
6060
6062
6066
6068
6070
6076
6076
6078
6078
6078
6080
6084
6086
6086
6092
6096
6096
6100
6100
6104
6106
6108
6110
6110
6110
6110
6114
6114
6116
6116
6118
6118
6120
6120
6122
6122
6122
6124
6124
6126
6134
6134
6136
6140
6144
6146
6150
6154
6158
6160
6160
6164
6168
6170
6172
6172
6180
6180
6182
6184
6188
6194
6196
6196
6206
6212
6214
6218
6222
6230
6230
6236
6246
6250
6252
6252
6258
6258
6258
6264
6272
6274
6276
6280
6290
6290
6292
6304
6308
6320
6346
6348
6352
6358
6358
6360
6360
6366
6372
6376
6382
6392
6396
6398
6426
6444
6446
6458
6464
6504
6506
6522
6556
6558
6564
6574
6580
6610
6618
6622
6644
6648
6662
6696
6700
6704
6706
6710
6748
6754
6868
6874
6912
6928
6928
6996
7020
7094
7164
7164
7296
7310
7332
7348
7360
7384
7440
7462
7494
7498
7572
7590
7608
7646
7718
7732
7836
7842
7852
7916
8034
8148
8236
8524
8750
8828
8856
8870
9188
9430
9544
9786
10192
10442
10536
10720
11618
12366
13312
13312
13388
13398
14308
15534
16194
16546
16666
19890
20818
21020
21068
21282
21362
22196
22318
22472
22946
22966
23318
24372
24698
24770
24864
24918
25254
26056
26254
26278
28074
30656
30702
31278
32502
33116
33654
34650
34890
35662
37172
45418
