Latencies
5138
5158
5170
5174
5174
5176
5178
5182
5188
5190
5196
5198
5202
5202
5202
5204
5206
5206
5210
5212
5212
5220
5228
5232
5232
5234
5234
5238
5238
5238
5240
5242
5244
5246
5246
5246
5248
5248
5250
5250
5252
5254
5254
5256
5256
5258
5258
5258
5260
5262
5264
5264
5266
5266
5266
5266
5266
5268
5268
5268
5272
5274
5274
5276
5276
5276
5280
5280
5282
5282
5282
5284
5286
5286
5288
5290
5290
5290
5290
5290
5290
5290
5292
5292
5296
5296
5298
5298
5298
5300
5300
5300
5302
5302
5302
5304
5304
5304
5304
5306
5306
5308
5308
5310
5310
5312
5312
5314
5314
5314
5316
5316
5316
5316
5318
5320
5320
5320
5320
5322
5322
5322
5324
5324
5324
5326
5326
5328
5328
5328
5328
5328
5330
5330
5330
5330
5330
5330
5332
5332
5332
5332
5336
5336
5336
5336
5336
5338
5338
5338
5338
5338
5338
5338
5338
5338
5338
5340
5340
5340
5340
5340
5340
5342
5342
5342
5342
5342
5342
5344
5344
5344
5346
5346
5346
5348
5348
5348
5348
5348
5348
5350
5352
5352
5354
5354
5354
5354
5354
5356
5356
5356
5358
5358
5358
5358
5358
5358
5360
5360
5360
5360
5360
5360
5362
5364
5364
5366
5366
5366
5366
5366
5366
5368
5368
5368
5368
5368
5368
5370
5370
5370
5370
5370
5370
5370
5372
5372
5372
5372
5372
5374
5376
5376
5376
5378
5378
5378
5380
5380
5380
5382
5382
5382
5382
5384
5384
5384
5384
5384
5384
5386
5386
5386
5388
5388
5388
5388
5390
5390
5392
5392
5392
5394
5394
5394
5394
5394
5396
5396
5396
5396
5398
5398
5398
5398
5400
5400
5400
5400
5402
5404
5404
5404
5406
5406
5406
5406
5406
5406
5408
5410
5410
5410
5410
5410
5412
5412
5412
5414
5414
5414
5416
5416
5416
5416
5418
5418
5418
5420
5420
5424
5424
5426
5426
5426
5426
5426
5428
5428
5430
5434
5434
5436
5436
5436
5438
5440
5440
5440
5440
5440
5442
5444
5446
5446
5448
5448
5450
5450
5450
5452
5452
5454
5454
5454
5454
5454
5456
5458
5460
5460
5460
5462
5462
5462
5464
5464
5466
5466
5466
5468
5468
5468
5470
5470
5470
5470
5472
5472
5472
5476
5476
5476
5478
5478
5480
5480
5480
5486
5486
5486
5486
5488
5488
5490
5490
5490
5492
5492
5492
5494
5494
5494
5494
5494
5494
5494
5496
5496
5498
5498
5498
5498
5498
5500
5502
5502
5504
5506
5506
5508
5508
5510
5512
5514
5516
5516
5518
5520
5520
5520
5522
5522
5524
5524
5524
5526
5526
5528
5528
5532
5532
5534
5534
5536
5536
5538
5542
5542
5544
5544
5544
5546
5548
5548
5548
5548
5550
5550
5550
5550
5550
5552
5552
5554
5558
5558
5558
5558
5560
5560
5560
5560
5562
5568
5570
5572
5572
5572
5572
5572
5574
5574
5576
5576
5576
5578
5578
5578
5580
5582
5584
5584
5584
5584
5588
5588
5590
5592
5592
5594
5598
5598
5598
5598
5600
5602
5602
5604
5604
5606
5606
5606
5608
5608
5610
5614
5614
5616
5616
5618
5618
5620
5620
5620
5620
5622
5624
5624
5624
5626
5634
5636
5636
5636
5640
5640
5640
5640
5644
5648
5648
5652
5654
5654
5654
5656
5658
5658
5658
5660
5662
5664
5666
5666
5666
5668
5668
5670
5672
5672
5674
5676
5678
5678
5682
5682
5684
5686
5686
5686
5688
5690
5690
5690
5692
5692
5696
5696
5700
5700
5702
5702
5704
5706
5706
5706
5710
5714
5714
5714
5714
5716
5716
5718
5718
5720
5720
5722
5722
5722
5722
5724
5726
5726
5726
5728
5730
5730
5734
5734
5736
5736
5736
5736
5740
5744
5748
5750
5750
5750
5752
5758
5762
5762
5766
5768
5770
5772
5776
5776
5776
5778
5778
5782
5784
5784
5784
5786
5786
5790
5790
5790
5792
5792
5794
5796
5796
5802
5804
5804
5804
5808
5816
5820
5822
5822
5824
5824
5824
5824
5826
5826
5828
5830
5830
5832
5836
5836
5842
5844
5844
5846
5846
5846
5848
5848
5848
5850
5850
5852
5852
5852
5856
5862
5864
5868
5868
5872
5872
5872
5874
5874
5876
5876
5880
5886
5888
5888
5890
5890
5894
5894
5898
5898
5902
5902
5908
5910
5916
5916
5922
5924
5924
5926
5928
5928
5928
5930
5932
5932
5932
5934
5934
5942
5946
5950
5954
5956
5958
5958
5962
5964
5964
5966
5968
5970
5970
5970
5970
5972
5972
5972
5976
5986
5986
5986
5994
5994
6000
6000
6002
6004
6008
6008
6010
6012
6012
6016
6018
6028
6028
6028
6030
6032
6032
6032
6034
6036
6038
6038
6038
6038
6040
6040
6044
6044
6048
6048
6048
6054
6056
6056
6058
6058
6066
6068
6068
6072
6074
6074
6076
6078
6078
6078
6080
6080
6082
6084
6084
6088
6092
6100
6106
6106
6110
6116
6116
6118
6120
6130
6136
6136
6138
6140
6144
6152
6154
6156
6158
6162
6176
6176
6180
6180
6184
6186
6190
6192
6194
6198
6200
6206
6208
6212
6220
6234
6236
6238
6238
6244
6246
6252
6254
6254
6264
6270
6278
6278
6286
6288
6290
6296
6298
6304
6322
6322
6334
6334
6334
6350
6356
6360
6370
6370
6374
6374
6386
6390
6392
6396
6400
6402
6416
6424
6430
6434
6442
6478
6488
6490
6496
6524
6528
6538
6540
6558
6570
6592
6612
6638
6646
6658
6670
6680
6686
6700
6720
6728
6748
6752
6764
6772
6806
6818
6840
6892
6916
6944
6980
7000
7062
7068
7108
7120
7142
7210
7248
7252
7272
7300
7302
7324
7348
7364
7390
7400
7438
7462
7484
7540
7654
7770
7876
7878
8134
8518
8590
8746
8754
8782
8942
9278
9760
9834
10036
10130
10144
10172
10656
10734
10742
11016
11078
11104
11516
11588
11642
12092
12170
12476
13090
13550
14042
14432
14744
15238
16216
16548
16766
16944
17768
18258
19060
19336
20236
20242
20646
21238
21382
21558
21638
21964
22612
24004
24202
24404
24660
24882
25150
25284
25468
25930
26036
26202
28082
28390
28806
29612
33064
34538
35166
35476
35664
35726
36396
38942
52740
54328
