Latencies
5190
5212
5220
5238
5258
5274
5278
5278
5286
5300
5302
5306
5310
5318
5322
5330
5336
5338
5340
5344
5348
5350
5362
5366
5372
5374
5378
5380
5382
5382
5384
5400
5400
5414
5420
5422
5428
5432
5436
5438
5440
5442
5448
5448
5450
5452
5454
5454
5456
5460
5462
5466
5474
5482
5486
5488
5500
5506
5512
5520
5520
5520
5526
5530
5532
5536
5540
5542
5548
5548
5550
5558
5558
5558
5562
5572
5576
5578
5584
5586
5586
5600
5616
5618
5622
5630
5632
5646
5672
5674
5682
5690
5704
5710
5720
5724
5726
5726
5728
5728
5730
5732
5736
5742
5750
5760
5764
5766
5774
5776
5782
5792
5800
5802
5808
5814
5828
5832
5848
5850
5850
5860
5868
5868
5870
5874
5880
5898
5904
5910
5916
5916
5936
5942
5950
5952
5958
5960
5962
5970
5976
5980
5986
5988
5992
5996
5998
6006
6010
6016
6016
6020
6024
6028
6030
6050
6052
6060
6064
6064
6072
6074
6080
6088
6090
6092
6096
6098
6102
6102
6108
6110
6120
6120
6122
6124
6136
6142
6142
6146
6162
6184
6184
6186
6188
6194
6200
6238
6244
6260
6262
6288
6294
6298
6302
6322
6334
6348
6368
6368
6400
6404
6406
6412
6414
6456
6456
6478
6484
6492
6498
6512
6544
6548
6552
6576
6578
6584
6584
6586
6604
6610
6612
6652
6652
6660
6660
6678
6680
6702
6708
6710
6720
6738
6750
6764
6768
6786
6792
6796
6818
6858
6872
6880
6880
6896
6898
6900
6902
6942
6970
6978
7008
7020
7022
7042
7054
7058
7088
7122
7126
7142
7156
7156
7168
7170
7178
7180
7208
7210
7214
7220
7256
7264
7278
7282
7292
7304
7330
7338
7340
7354
7362
7374
7384
7420
7430
7446
7480
7490
7500
7508
7512
7542
7552
7566
7598
7610
7620
7622
7622
7638
7652
7658
7658
7670
7670
7694
7694
7698
7756
7764
7834
7866
7900
7910
7934
7948
7948
7964
7970
7978
7996
8000
8030
8042
8080
8092
8102
8110
8140
8174
8180
8210
8254
8256
8298
8308
8398
8464
8482
8502
8528
8542
8544
8604
8608
8616
8626
8716
8752
8772
8794
8806
8812
8844
8864
8874
8892
8914
8924
8938
8950
9002
9038
9038
9074
9086
9130
9150
9242
9256
9284
9296
9316
9344
9418
9442
9444
9456
9522
9524
9528
9538
9556
9560
9566
9606
9618
9630
9670
9674
9674
9730
9736
9756
9760
9760
9764
9768
9784
9802
9842
9852
9856
9902
9938
9944
9950
9972
9980
9996
10006
10060
10064
10106
10120
10136
10142
10174
10192
10250
10282
10326
10344
10400
10434
10446
10512
10512
10574
10594
10594
10630
10638
10644
10646
10682
10692
10694
10708
10708
10724
10766
10776
10776
10778
10788
10812
10836
10838
10862
10872
10886
10918
10932
10952
10956
10980
11020
11020
11028
11034
11040
11050
11076
11112
11146
11160
11194
11208
11218
11226
11230
11258
11264
11276
11290
11306
11312
11330
11350
11352
11370
11370
11384
11394
11398
11402
11438
11442
11444
11478
11518
11526
11532
11550
11558
11574
11692
11696
11700
11702
11708
11718
11720
11726
11736
11754
11766
11776
11786
11872
11872
11888
11896
11954
11964
12034
12036
12046
12050
12070
12122
12146
12148
12160
12190
12234
12244
12266
12278
12304
12314
12320
12350
12360
12364
12376
12394
12396
12404
12428
12460
12476
12482
12484
12492
12524
12572
12592
12606
12616
12632
12656
12704
12726
12742
12752
12754
12774
12826
12834
12900
12932
12974
12976
12986
13084
13098
13102
13136
13138
13144
13176
13192
13208
13216
13216
13218
13230
13236
13238
13248
13332
13338
13340
13342
13352
13356
13372
13388
13402
13412
13414
13446
13452
13482
13508
13538
13552
13574
13582
13590
13624
13626
13630
13636
13640
13642
13654
13680
13680
13684
13712
13720
13760
13764
13784
13808
13820
13820
13828
13840
13848
13894
13896
13934
13948
13998
14020
14024
14058
14062
14118
14124
14134
14134
14140
14144
14172
14198
14200
14212
14222
14238
14264
14292
14342
14360
14362
14400
14412
14416
14418
14424
14426
14428
14436
14454
14462
14486
14488
14494
14510
14516
14528
14542
14584
14594
14596
14606
14632
14642
14650
14654
14670
14692
14692
14694
14708
14708
14710
14720
14736
14758
14764
14764
14766
14766
14770
14774
14778
14780
14788
14792
14794
14796
14798
14800
14812
14812
14814
14818
14818
14824
14826
14834
14834
14846
14846
14854
14856
14860
14860
14864
14874
14876
14880
14884
14884
14894
14896
14898
14902
14904
14908
14908
14920
14936
14940
14940
14942
14948
14948
14950
14960
14964
14970
14974
14978
14978
14986
14994
14994
15002
15006
15008
15008
15026
15030
15048
15050
15052
15054
15056
15058
15066
15066
15066
15070
15076
15084
15090
15090
15090
15092
15096
15100
15102
15104
15104
15110
15116
15128
15130
15130
15132
15134
15134
15150
15160
15166
15166
15166
15166
15174
15180
15182
15182
15184
15188
15192
15194
15196
15198
15204
15204
15204
15216
15216
15218
15220
15220
15222
15224
15224
15236
15246
15254
15254
15258
15260
15266
15270
15270
15272
15276
15278
15280
15282
15296
15300
15302
15306
15312
15312
15316
15318
15320
15320
15332
15332
15336
15338
15340
15340
15344
15354
15356
15362
15368
15378
15390
15394
15408
15418
15430
15434
15438
15440
15446
15448
15450
15458
15468
15474
15480
15492
15496
15510
15514
15516
15524
15524
15546
15560
15560
15564
15572
15576
15576
15590
15592
15622
15628
15660
15666
15682
15692
15698
15740
15742
15766
15782
15784
15790
15792
15796
15802
15814
15844
15854
15868
15900
15944
15954
15966
16000
16010
16028
16072
16090
16164
16164
16182
16190
16224
16250
16312
16390
16394
16568
16644
16840
16880
17286
17608
17808
17850
17890
17908
17960
18176
18802
19148
19780
20178
20260
20322
20638
20650
20712
20804
21602
21602
22110
22146
22274
22356
22416
22480
22530
22778
22850
22884
22942
23058
23126
23290
23522
23692
23790
23878
23964
24038
24164
24168
24228
24230
24250
24294
24306
24308
24318
24382
24534
24538
24594
24706
24748
24768
24896
25094
25098
25122
25144
25272
25396
25494
25550
25568
26196
26326
26866
29366
29502
29928
30238
31988
33864
34766
35314
37992
51410
354874
377364
585234
1580848
2748664
