Latencies
5116
5130
5130
5138
5142
5142
5144
5146
5162
5162
5164
5166
5170
5174
5174
5186
5186
5186
5188
5190
5190
5190
5194
5194
5196
5196
5198
5198
5200
5202
5202
5204
5204
5204
5208
5212
5212
5214
5216
5216
5216
5218
5218
5218
5218
5218
5222
5222
5222
5226
5226
5228
5228
5228
5230
5230
5232
5232
5232
5232
5234
5234
5234
5236
5236
5238
5238
5242
5244
5246
5246
5246
5248
5248
5250
5250
5250
5250
5252
5252
5254
5254
5256
5256
5258
5258
5260
5260
5260
5262
5262
5262
5262
5262
5264
5266
5266
5266
5266
5266
5266
5268
5270
5270
5272
5272
5272
5272
5272
5272
5272
5274
5276
5278
5280
5282
5282
5282
5282
5282
5282
5284
5284
5286
5286
5286
5286
5286
5288
5290
5290
5292
5294
5296
5296
5296
5298
5298
5298
5298
5298
5298
5300
5302
5302
5302
5302
5302
5304
5304
5304
5306
5306
5306
5308
5308
5308
5310
5310
5312
5312
5312
5312
5314
5314
5314
5314
5316
5316
5316
5316
5316
5318
5318
5320
5320
5320
5320
5322
5322
5322
5322
5322
5324
5326
5326
5326
5328
5328
5328
5328
5330
5330
5332
5332
5332
5332
5332
5332
5332
5332
5334
5334
5336
5336
5336
5336
5336
5336
5338
5338
5338
5340
5340
5342
5342
5344
5344
5344
5344
5346
5346
5346
5346
5346
5348
5348
5348
5348
5348
5350
5350
5350
5350
5350
5350
5352
5352
5352
5352
5354
5354
5354
5354
5360
5360
5362
5362
5362
5362
5362
5362
5364
5366
5366
5366
5366
5366
5368
5368
5368
5368
5368
5370
5370
5370
5372
5372
5372
5374
5376
5378
5378
5378
5378
5378
5380
5380
5382
5382
5382
5382
5384
5384
5384
5386
5386
5386
5388
5388
5388
5388
5390
5390
5390
5392
5392
5392
5392
5394
5394
5394
5396
5396
5396
5396
5400
5400
5402
5402
5402
5404
5404
5404
5404
5404
5408
5408
5408
5408
5410
5410
5410
5410
5410
5412
5416
5416
5416
5418
5418
5418
5420
5420
5420
5420
5422
5422
5424
5424
5424
5426
5426
5426
5426
5426
5428
5428
5432
5432
5432
5432
5434
5434
5436
5438
5438
5440
5440
5440
5442
5442
5442
5442
5442
5442
5442
5444
5444
5446
5446
5446
5448
5448
5448
5448
5450
5450
5450
5450
5452
5452
5452
5452
5454
5456
5456
5456
5456
5456
5458
5458
5458
5458
5458
5460
5460
5462
5462
5462
5464
5466
5466
5470
5470
5470
5472
5472
5472
5472
5474
5476
5476
5476
5478
5480
5480
5480
5480
5484
5486
5486
5492
5492
5494
5496
5498
5498
5498
5500
5502
5504
5504
5504
5506
5510
5512
5512
5512
5512
5514
5514
5514
5516
5516
5518
5520
5520
5520
5520
5520
5522
5522
5524
5526
5526
5526
5528
5530
5532
5532
5534
5534
5536
5536
5538
5540
5544
5544
5544
5546
5546
5548
5550
5550
5550
5552
5552
5554
5554
5558
5558
5558
5564
5564
5566
5566
5566
5568
5568
5568
5568
5570
5574
5576
5578
5578
5578
5578
5580
5582
5584
5584
5588
5588
5588
5590
5590
5590
5592
5594
5596
5596
5598
5598
5602
5602
5602
5604
5606
5608
5608
5608
5610
5610
5614
5614
5614
5614
5616
5616
5616
5620
5620
5622
5622
5624
5630
5630
5632
5632
5632
5634
5634
5636
5636
5638
5638
5640
5640
5642
5642
5644
5644
5648
5648
5650
5650
5652
5652
5656
5660
5660
5662
5664
5664
5666
5670
5672
5672
5674
5676
5676
5676
5676
5678
5678
5688
5690
5692
5694
5694
5694
5696
5696
5696
5698
5700
5700
5704
5704
5704
5706
5708
5708
5708
5710
5710
5710
5716
5716
5718
5718
5720
5720
5720
5720
5726
5726
5726
5730
5730
5732
5734
5734
5736
5738
5738
5740
5740
5742
5742
5748
5750
5754
5756
5756
5762
5764
5764
5764
5766
5766
5768
5778
5778
5780
5784
5786
5786
5786
5790
5792
5796
5798
5800
5800
5800
5808
5810
5812
5814
5818
5820
5822
5824
5826
5828
5830
5834
5834
5848
5854
5856
5858
5860
5862
5862
5866
5866
5868
5870
5870
5872
5872
5872
5872
5874
5878
5878
5880
5880
5886
5888
5894
5896
5900
5900
5904
5910
5912
5914
5916
5916
5920
5922
5924
5928
5934
5934
5938
5940
5942
5942
5944
5944
5944
5948
5950
5950
5950
5952
5954
5956
5966
5966
5966
5968
5972
5972
5976
5976
5978
5980
5982
5982
5982
5984
5990
5992
5994
5994
5998
6000
6002
6004
6006
6006
6018
6026
6028
6032
6034
6036
6040
6042
6044
6044
6048
6048
6050
6050
6056
6058
6062
6064
6066
6074
6080
6080
6082
6084
6088
6088
6088
6092
6092
6096
6106
6106
6108
6112
6114
6118
6118
6124
6126
6130
6130
6136
6136
6138
6142
6142
6146
6148
6152
6160
6170
6170
6178
6182
6190
6190
6194
6194
6210
6212
6222
6232
6238
6246
6248
6252
6270
6280
6280
6286
6288
6296
6302
6306
6310
6316
6316
6318
6320
6326
6332
6354
6368
6372
6372
6388
6394
6400
6436
6452
6472
6472
6472
6482
6498
6526
6558
6568
6630
6660
6668
6716
6736
6766
6772
6784
6804
6814
6816
6896
6906
6962
7038
7058
7084
7142
7202
7390
7394
7464
7466
7472
7508
7752
7946
7966
8126
8206
8730
8860
8948
9392
9482
9614
9928
10048
10060
10318
10424
10510
10580
10602
10730
10732
11020
11256
11840
11942
12424
12442
12772
12856
12894
12976
13206
13334
13428
13936
13956
14018
14034
14088
14196
14372
14442
14446
14486
14582
14590
14704
14954
15176
15652
15722
15886
16436
16480
16988
17090
17162
17654
17812
18220
18710
18784
19306
20018
20326
20532
21312
22556
22760
23028
23414
23532
23864
24106
24232
24498
24784
25626
25708
25720
25912
26800
26962
28046
28684
35138
35732
42628
48036
50620
53040
53900
