Latencies
5090
5106
5132
5138
5140
5148
5156
5172
5178
5186
5190
5192
5198
5206
5208
5208
5212
5218
5218
5220
5222
5228
5230
5234
5236
5238
5240
5244
5244
5244
5244
5248
5248
5248
5248
5256
5256
5258
5266
5268
5270
5272
5274
5274
5274
5276
5276
5276
5278
5278
5280
5282
5282
5282
5282
5284
5286
5288
5288
5290
5290
5292
5292
5294
5296
5298
5298
5298
5300
5300
5302
5302
5302
5302
5302
5304
5304
5306
5306
5308
5308
5310
5310
5312
5312
5312
5314
5314
5314
5314
5316
5316
5316
5316
5316
5318
5318
5318
5318
5320
5320
5322
5322
5328
5328
5328
5328
5328
5330
5330
5330
5332
5332
5332
5332
5332
5332
5332
5332
5334
5336
5336
5340
5340
5340
5342
5342
5342
5344
5344
5344
5348
5348
5348
5350
5350
5350
5350
5352
5352
5352
5352
5354
5354
5354
5354
5354
5356
5356
5358
5358
5358
5360
5360
5360
5360
5362
5362
5362
5362
5362
5362
5364
5364
5364
5364
5364
5364
5366
5368
5370
5372
5372
5372
5372
5372
5372
5374
5374
5376
5376
5378
5378
5378
5380
5380
5380
5382
5382
5382
5382
5382
5384
5388
5388
5388
5390
5390
5390
5390
5390
5390
5392
5392
5392
5392
5394
5394
5394
5394
5396
5396
5396
5396
5398
5398
5400
5400
5400
5400
5400
5400
5402
5404
5404
5404
5406
5406
5406
5406
5406
5408
5408
5410
5410
5410
5410
5412
5412
5414
5414
5416
5416
5416
5416
5416
5416
5416
5418
5418
5418
5418
5420
5422
5422
5422
5422
5422
5422
5422
5424
5424
5424
5424
5424
5424
5424
5426
5426
5426
5426
5426
5428
5428
5428
5428
5428
5430
5430
5430
5432
5432
5432
5434
5434
5434
5438
5438
5438
5438
5440
5440
5442
5444
5444
5444
5444
5444
5446
5446
5448
5448
5448
5450
5450
5450
5450
5450
5452
5452
5452
5452
5452
5452
5454
5454
5456
5458
5458
5458
5458
5458
5458
5460
5460
5460
5460
5460
5462
5464
5464
5466
5468
5468
5470
5470
5470
5472
5472
5472
5474
5476
5476
5476
5478
5480
5480
5482
5482
5482
5482
5482
5482
5484
5484
5484
5486
5486
5486
5486
5490
5490
5492
5492
5492
5494
5494
5494
5496
5496
5496
5496
5496
5498
5498
5500
5500
5500
5500
5502
5502
5502
5504
5504
5504
5506
5506
5508
5508
5508
5508
5510
5510
5510
5510
5512
5512
5514
5514
5516
5518
5520
5520
5522
5522
5522
5522
5524
5524
5526
5526
5526
5526
5526
5528
5528
5528
5528
5528
5530
5532
5534
5534
5534
5536
5536
5536
5536
5538
5538
5540
5540
5542
5544
5544
5544
5544
5548
5548
5548
5548
5548
5548
5550
5550
5550
5552
5552
5552
5554
5554
5554
5556
5558
5560
5560
5560
5562
5564
5564
5564
5564
5564
5566
5568
5568
5568
5568
5570
5570
5570
5570
5574
5574
5576
5576
5576
5576
5578
5578
5580
5580
5580
5584
5584
5586
5588
5588
5588
5590
5590
5590
5592
5594
5594
5596
5596
5598
5600
5600
5602
5602
5604
5604
5606
5606
5608
5608
5612
5612
5612
5614
5614
5614
5614
5616
5616
5618
5620
5620
5620
5622
5622
5622
5622
5622
5626
5626
5628
5630
5632
5638
5638
5638
5640
5640
5642
5644
5644
5644
5646
5648
5648
5650
5652
5656
5656
5656
5658
5658
5660
5662
5662
5670
5670
5674
5674
5678
5678
5678
5680
5680
5682
5682
5686
5686
5688
5692
5696
5696
5700
5700
5702
5702
5704
5704
5704
5704
5704
5706
5708
5708
5710
5712
5712
5714
5716
5716
5716
5718
5718
5718
5722
5724
5724
5726
5726
5728
5732
5732
5732
5732
5734
5734
5736
5740
5740
5742
5744
5748
5748
5748
5748
5748
5752
5754
5756
5758
5760
5760
5764
5766
5770
5774
5774
5776
5780
5788
5790
5790
5790
5792
5794
5794
5798
5800
5802
5802
5804
5804
5806
5810
5810
5812
5812
5814
5814
5814
5816
5818
5818
5822
5822
5822
5824
5824
5826
5828
5830
5832
5834
5836
5838
5840
5840
5842
5842
5846
5850
5852
5852
5854
5854
5854
5856
5858
5860
5864
5864
5872
5872
5874
5874
5876
5876
5876
5876
5876
5876
5878
5880
5880
5882
5882
5884
5886
5888
5892
5892
5894
5894
5896
5900
5900
5902
5902
5904
5904
5906
5910
5910
5912
5916
5916
5916
5918
5918
5918
5918
5920
5920
5920
5922
5926
5926
5928
5930
5932
5934
5934
5938
5942
5942
5944
5946
5946
5948
5948
5950
5952
5958
5960
5960
5966
5968
5968
5970
5970
5974
5974
5976
5978
5982
5984
5986
5986
5988
5990
5990
5992
5994
5994
5996
6006
6006
6008
6008
6012
6014
6014
6020
6030
6030
6034
6034
6034
6040
6044
6044
6044
6044
6046
6046
6050
6056
6056
6058
6060
6062
6062
6062
6064
6074
6074
6084
6086
6086
6088
6088
6088
6096
6106
6108
6108
6110
6112
6112
6112
6118
6126
6130
6134
6148
6154
6156
6160
6162
6162
6164
6166
6168
6168
6170
6172
6178
6186
6190
6190
6192
6194
6198
6200
6202
6202
6202
6204
6204
6206
6208
6210
6212
6218
6226
6244
6264
6270
6280
6290
6296
6302
6302
6308
6312
6316
6324
6334
6340
6340
6340
6348
6354
6356
6368
6372
6376
6378
6386
6388
6388
6394
6396
6410
6430
6432
6444
6448
6478
6486
6490
6496
6506
6520
6544
6554
6568
6584
6590
6604
6618
6620
6624
6650
6682
6706
6720
6740
6748
6760
6832
6838
6838
6858
6864
6928
6940
7010
7044
7100
7106
7110
7126
7210
7252
7286
7298
7462
7538
7670
7846
7916
8216
8292
8554
8680
8722
9404
9468
9706
10242
10464
10586
10762
10928
11276
11450
11520
11846
11920
12456
12490
12760
13814
13892
14196
14292
14414
14500
14554
14716
14870
14988
15108
15784
15928
17276
18004
18188
19336
19948
20010
20848
22216
22312
23126
23378
25536
26332
26514
28402
29690
29698
29920
30482
31432
31524
31650
33014
33704
35330
35510
37152
38724
43496
46476
