Latencies
5294
5310
5340
5342
5346
5348
5350
5352
5362
5370
5378
5378
5380
5380
5380
5384
5386
5386
5390
5390
5390
5392
5398
5398
5400
5400
5402
5402
5404
5404
5406
5406
5408
5408
5408
5408
5410
5410
5410
5412
5412
5412
5414
5414
5416
5416
5416
5416
5418
5418
5418
5420
5420
5422
5422
5422
5422
5424
5424
5424
5424
5426
5426
5426
5428
5428
5430
5432
5432
5432
5434
5436
5436
5438
5440
5442
5442
5442
5442
5444
5446
5446
5450
5450
5450
5450
5452
5452
5452
5454
5454
5454
5454
5454
5456
5456
5456
5456
5458
5458
5458
5458
5460
5460
5460
5462
5462
5464
5464
5464
5464
5466
5466
5468
5468
5468
5468
5468
5468
5468
5472
5472
5472
5472
5472
5474
5474
5474
5474
5474
5478
5478
5478
5480
5480
5480
5482
5482
5482
5484
5486
5486
5488
5488
5488
5490
5490
5490
5490
5492
5492
5492
5492
5494
5494
5494
5494
5496
5498
5498
5498
5500
5500
5500
5500
5504
5504
5504
5504
5506
5506
5506
5506
5506
5508
5508
5508
5510
5510
5510
5514
5514
5514
5514
5516
5516
5516
5516
5516
5516
5518
5518
5520
5522
5522
5522
5522
5524
5524
5526
5526
5528
5528
5530
5530
5532
5532
5532
5534
5534
5534
5534
5534
5534
5534
5536
5536
5538
5538
5540
5540
5540
5540
5540
5540
5540
5542
5542
5542
5544
5544
5544
5544
5546
5548
5548
5548
5548
5550
5554
5554
5554
5554
5554
5556
5556
5558
5560
5562
5564
5564
5566
5568
5568
5568
5568
5568
5568
5570
5570
5570
5574
5574
5576
5576
5576
5578
5578
5580
5580
5580
5582
5582
5584
5584
5584
5584
5586
5586
5590
5590
5590
5592
5592
5592
5594
5594
5596
5596
5596
5598
5598
5602
5602
5604
5604
5606
5610
5610
5610
5610
5612
5614
5614
5616
5618
5622
5622
5624
5624
5628
5630
5632
5634
5634
5636
5636
5636
5640
5640
5642
5642
5644
5646
5650
5652
5652
5652
5652
5654
5654
5654
5656
5656
5658
5658
5658
5660
5660
5662
5664
5666
5670
5670
5672
5674
5676
5678
5678
5678
5680
5680
5684
5684
5688
5688
5688
5692
5692
5694
5696
5696
5696
5698
5700
5706
5710
5710
5710
5710
5710
5712
5716
5716
5718
5726
5726
5726
5732
5736
5738
5740
5740
5744
5746
5746
5746
5748
5748
5756
5758
5758
5758
5758
5762
5762
5762
5764
5764
5764
5766
5766
5772
5776
5776
5778
5778
5780
5786
5790
5790
5790
5790
5792
5794
5796
5800
5800
5802
5806
5808
5810
5810
5816
5818
5822
5826
5826
5832
5832
5834
5834
5836
5836
5838
5838
5842
5842
5842
5844
5844
5846
5846
5846
5848
5850
5850
5852
5854
5856
5862
5866
5866
5866
5868
5876
5880
5882
5888
5890
5890
5890
5892
5892
5892
5894
5894
5894
5904
5908
5910
5912
5914
5916
5916
5918
5920
5924
5924
5928
5930
5934
5934
5936
5938
5938
5940
5940
5942
5944
5948
5948
5956
5962
5964
5970
5970
5970
5972
5972
5974
5974
5974
5974
5974
5976
5976
5984
5986
5992
5992
5994
5996
5996
5996
6000
6002
6002
6004
6004
6010
6010
6014
6020
6022
6022
6024
6026
6026
6030
6030
6030
6030
6032
6036
6040
6042
6042
6046
6046
6048
6048
6052
6054
6054
6056
6056
6058
6058
6060
6060
6064
6064
6066
6072
6072
6074
6074
6078
6080
6082
6082
6088
6096
6096
6096
6096
6098
6100
6100
6102
6102
6104
6106
6108
6108
6110
6118
6120
6120
6122
6122
6122
6124
6124
6130
6132
6134
6134
6136
6138
6140
6140
6140
6140
6140
6142
6142
6146
6148
6148
6150
6150
6152
6154
6154
6156
6158
6160
6170
6176
6178
6180
6180
6184
6184
6196
6196
6198
6200
6204
6206
6210
6212
6216
6218
6220
6220
6224
6228
6240
6240
6244
6252
6258
6258
6270
6272
6276
6276
6276
6278
6284
6286
6294
6298
6298
6302
6304
6306
6316
6316
6320
6332
6334
6334
6346
6346
6358
6358
6366
6374
6386
6386
6390
6396
6398
6410
6416
6430
6436
6440
6446
6458
6482
6504
6526
6530
6544
6548
6554
6568
6568
6586
6588
6600
6622
6636
6662
6674
6686
6690
6704
6748
6750
6762
6764
6820
6824
6856
6860
6916
6942
6946
6976
7034
7064
7070
7178
7220
7248
7252
7310
7360
7362
7386
7396
7402
7410
7432
7444
7476
7502
7534
7536
7542
7556
7560
7572
7648
7684
7690
7690
7702
7712
7720
7752
7824
7828
7836
7860
7894
7928
7970
7984
7992
7998
7998
8048
8058
8070
8162
8178
8234
8252
8256
8268
8298
8334
8386
8398
8408
8430
8496
8638
8668
8676
8722
8844
8970
8986
9140
9158
9392
9534
9594
9636
9664
9674
9738
9768
9832
9894
9922
10030
10044
10138
10228
10266
10374
10508
10538
10638
10682
10912
10978
11092
11130
11190
11202
11234
11460
11584
11716
11850
11892
11902
12016
12078
12116
12186
12200
12236
12356
12400
12452
12622
12644
12672
12746
12752
12842
13006
13158
13204
13314
13406
13660
13666
13722
13760
13916
14026
14032
14198
14228
14316
14340
14422
14466
14564
14566
14568
14642
14666
14694
14694
14710
14710
14742
14750
14756
14774
14782
14782
14788
14790
14800
14806
14808
14818
14818
14820
14820
14824
14824
14834
14842
14860
14862
14870
14870
14882
14884
14886
14892
14904
14916
14920
14920
14924
14930
14930
14936
14936
14938
14940
14944
14948
14950
14950
14960
14962
14964
14964
14966
14970
14970
14970
14972
14972
14982
15000
15006
15022
15024
15024
15028
15038
15040
15040
15042
15042
15046
15054
15064
15070
15082
15088
15098
15100
15100
15102
15114
15116
15120
15122
15124
15126
15132
15142
15156
15158
15168
15174
15184
15196
15226
15230
15252
15256
15258
15258
15270
15276
15322
15336
15348
15356
15384
15390
15396
15418
15442
15470
15478
15478
15486
15496
15522
15536
15536
15550
15564
15566
15580
15582
15584
15634
15638
15642
15644
15646
15656
15682
15706
15732
15764
15824
15842
15872
15914
16008
16078
16412
16480
18642
20192
21044
24808
25000
25152
26248
34212
34722
35206
122900
276814
301556
374224
