Latencies
5258
5272
5276
5284
5290
5300
5310
5310
5340
5344
5346
5346
5346
5348
5350
5350
5352
5354
5356
5358
5358
5360
5360
5366
5368
5368
5370
5372
5374
5376
5378
5380
5382
5382
5382
5382
5384
5384
5386
5386
5390
5396
5400
5400
5402
5402
5406
5412
5416
5420
5422
5422
5422
5422
5424
5424
5426
5426
5426
5426
5428
5430
5432
5434
5436
5436
5436
5438
5440
5440
5444
5446
5446
5450
5450
5450
5454
5454
5462
5464
5466
5468
5468
5470
5472
5472
5476
5482
5484
5486
5490
5492
5500
5504
5504
5506
5508
5526
5536
5538
5552
5556
5562
5566
5576
5582
5588
5592
5592
5602
5606
5610
5618
5624
5630
5632
5634
5636
5638
5658
5672
5680
5680
5684
5688
5694
5698
5698
5712
5716
5720
5722
5724
5730
5736
5744
5746
5746
5748
5754
5762
5766
5772
5774
5774
5780
5780
5788
5790
5792
5792
5796
5798
5808
5812
5818
5818
5820
5834
5854
5862
5876
5878
5880
5882
5884
5886
5890
5894
5896
5902
5902
5904
5908
5926
5930
5932
5934
5940
5950
5966
5974
5986
5988
5998
6000
6000
6000
6004
6004
6016
6024
6024
6028
6028
6028
6030
6032
6034
6054
6054
6060
6064
6068
6072
6084
6110
6112
6118
6126
6134
6142
6144
6152
6158
6172
6176
6182
6198
6212
6214
6214
6214
6216
6218
6242
6254
6260
6266
6294
6296
6328
6336
6342
6350
6370
6378
6388
6412
6424
6430
6458
6468
6480
6484
6492
6522
6532
6552
6556
6600
6708
6714
6742
6754
6818
6832
6838
6842
6878
6914
6954
6970
7006
7012
7028
7040
7088
7104
7138
7150
7206
7214
7238
7274
7290
7296
7300
7358
7362
7378
7390
7440
7450
7456
7472
7546
7578
7600
7672
7758
7790
7840
7864
7866
7918
7962
7996
7996
8030
8166
8206
8226
8230
8282
8292
8388
8466
8522
8550
8560
8602
8612
8688
8714
8782
8798
8822
8822
8838
8882
8888
8920
8956
8958
9028
9044
9052
9052
9142
9176
9186
9222
9250
9342
9398
9426
9460
9466
9530
9600
9630
9668
9690
9732
9778
9782
9786
9836
9842
9872
9886
9936
9940
9940
10044
10060
10104
10126
10184
10190
10204
10242
10256
10300
10338
10416
10428
10442
10514
10608
10610
10614
10630
10646
10674
10686
10778
10784
10806
10830
10862
10886
10916
10950
11002
11002
11022
11078
11108
11152
11258
11264
11268
11478
11502
11672
11716
11754
11778
11782
11824
11834
11834
11972
12038
12042
12106
12176
12190
12240
12280
12288
12300
12370
12378
12404
12406
12468
12472
12488
12506
12584
12600
12628
12642
12668
12714
12720
12828
12862
12896
12898
12906
12916
12930
12934
12966
12980
13006
13088
13126
13154
13196
13222
13238
13254
13314
13342
13356
13380
13454
13508
13576
13580
13586
13608
13628
13780
13794
13828
13848
13864
13876
13922
13940
13956
14028
14040
14054
14080
14102
14104
14154
14168
14242
14272
14336
14370
14394
14396
14400
14404
14430
14438
14460
14468
14502
14528
14534
14554
14556
14562
14568
14574
14580
14592
14594
14598
14606
14618
14628
14640
14650
14652
14656
14658
14676
14692
14694
14700
14702
14702
14702
14714
14724
14724
14728
14734
14736
14736
14740
14770
14776
14776
14776
14778
14778
14784
14786
14786
14786
14790
14792
14798
14808
14808
14810
14812
14820
14824
14836
14838
14846
14848
14850
14854
14854
14856
14858
14866
14868
14870
14870
14872
14872
14874
14874
14876
14886
14890
14894
14896
14902
14902
14910
14912
14930
14938
14942
14946
14948
14950
14952
14952
14958
14966
14974
14976
14982
14984
14990
14990
14992
14996
15002
15010
15024
15024
15032
15036
15042
15042
15046
15052
15054
15066
15076
15078
15080
15084
15088
15096
15102
15108
15116
15118
15120
15124
15124
15126
15126
15132
15134
15134
15134
15136
15136
15142
15144
15158
15164
15164
15168
15174
15176
15178
15178
15178
15182
15184
15188
15196
15204
15214
15216
15220
15222
15222
15228
15228
15230
15232
15232
15236
15244
15244
15256
15260
15270
15272
15284
15290
15290
15292
15298
15302
15308
15308
15312
15316
15328
15330
15338
15338
15340
15344
15344
15346
15358
15362
15366
15384
15402
15408
15420
15420
15454
15486
15492
15504
15532
15536
15536
15542
15550
15554
15558
15560
15566
15582
15590
15592
15594
15594
15618
15634
15642
15650
15670
15676
15684
15690
15694
15696
15734
15740
15740
15770
15812
15814
15816
15820
15824
15864
15868
15970
15982
16004
16048
16104
16126
16268
16288
16332
16388
16442
16504
16562
16728
16758
16774
16798
16842
16930
16958
17000
17054
17116
17124
17184
17220
17232
17456
17470
17638
17660
17670
17704
17950
17950
18194
18198
18300
18326
18366
18416
18422
18670
18770
18814
18854
19098
19192
19314
19570
19600
19816
19850
19936
20092
20284
20628
20752
20944
21036
21278
21292
21302
21316
21400
21484
21498
21550
21628
21748
21914
21988
22112
22446
22470
22538
22584
22588
22618
22932
22988
23196
23424
23426
23450
23458
23494
23518
23670
23724
23768
23770
23794
23846
23912
23924
23926
23946
23950
23984
24060
24064
24094
24114
24116
24128
24154
24166
24206
24210
24212
24234
24260
24270
24296
24300
24330
24334
24362
24368
24372
24410
24436
24446
24458
24460
24464
24474
24520
24524
24534
24534
24566
24600
24610
24648
24648
24662
24704
24740
24750
24752
24764
24776
24796
24826
24850
24874
24878
24890
24894
24896
24936
24960
24982
25006
25048
25066
25090
25092
25098
25116
25124
25146
25156
25168
25170
25218
25224
25226
25234
25244
25260
25300
25322
25326
25328
25328
25330
25368
25402
25418
25518
25564
25584
25732
25758
25798
25804
25884
25920
26090
26438
26498
27290
27604
27906
28300
28584
29022
29074
29942
31652
32340
33086
33708
33762
33864
33882
34018
34036
34094
34122
34150
34248
34338
34390
34436
34436
34472
34500
34580
34590
34714
34750
34756
34760
34830
34852
35010
35300
35388
36082
36434
36434
38074
40652
45274
45910
47878
53404
53478
62342
72394
332278
1369934
2090944
12916422
