Latencies
5458
5608
5638
5648
5712
5732
5746
5838
5950
5974
5976
6076
6086
6164
6166
6180
6180
6216
6262
6306
6316
6432
6442
6452
6538
6570
6604
6788
7326
7344
7370
7616
7626
7794
7798
7884
7950
8114
8124
8128
8324
8372
8644
8674
8698
8744
8844
8968
9588
9616
9666
9690
9732
9746
9762
9944
10144
10154
10274
10320
10324
10384
10652
10662
10684
10738
10818
10824
10856
11064
11086
11104
11236
11324
11334
11510
11710
11898
11984
12034
12070
12104
12218
12234
12284
12322
12468
12564
12632
12658
12696
12700
12720
12910
12978
13030
13076
13106
13174
13222
13386
13450
13604
13614
13736
13816
14060
14066
14152
14194
14214
14220
14364
14366
14410
14424
14434
14442
14484
14516
14522
14580
14582
14592
14608
14620
14638
14642
14646
14682
14686
14688
14734
14738
14768
14836
14844
14858
14868
14874
14886
14888
14914
14924
14930
14948
14952
14960
14970
14980
14984
14988
15032
15046
15050
15058
15062
15090
15106
15118
15130
15156
15162
15170
15194
15202
15228
15240
15246
15250
15254
15316
15328
15330
15342
15342
15360
15364
15410
15436
15442
15444
15450
15494
15512
15526
15552
15606
15622
15674
15684
15864
15866
15972
16044
16058
16174
16212
16270
16306
16342
16366
16474
16480
16482
16592
16622
16628
16682
16686
16748
16754
16786
17130
17194
17236
17284
17330
17374
17420
17530
17610
17720
17754
17766
17804
17914
17922
17942
17950
18006
18008
18040
18042
18326
18550
18562
18584
18618
18658
18930
18944
18974
19092
19114
19124
19192
19196
19246
19248
19256
19314
19356
19394
19462
19480
19492
19634
19766
19810
19830
19856
19980
20016
20032
20158
20162
20196
20276
20304
20366
20394
20418
20424
20582
20732
20830
20870
20886
20920
21066
21186
21206
21226
21330
21354
21400
21508
21534
21576
21594
21650
21652
21678
21688
21942
21952
21954
22118
22130
22146
22184
22294
22310
22396
22574
22618
22636
22676
22692
22704
22744
22754
22792
22810
22850
22922
22926
23016
23140
23144
23174
23198
23290
23360
23402
23434
23452
23460
23488
23524
23532
23588
23634
23642
23814
23848
23890
23898
23926
23934
23964
23966
24038
24048
24050
24058
24084
24118
24126
24150
24156
24190
24228
24230
24324
24332
24416
24466
24478
24496
24518
24554
24644
24650
24680
24700
24706
24720
24726
24734
24754
24768
24780
24828
24898
24912
24932
24960
24962
24992
25016
25038
25042
25070
25070
25072
25072
25114
25152
25162
25176
25184
25202
25206
25242
25248
25278
25302
25302
25342
25348
25414
25434
25436
25476
25512
25580
25638
25650
25658
25668
25690
25732
25758
25834
25874
25930
25956
25992
26002
26036
26048
26196
26198
26280
26386
26394
26472
26474
26612
26624
26728
26758
26836
26868
26974
27058
27090
27168
27200
27232
27248
27328
27354
27390
27470
27662
27810
27834
27934
27972
27992
28170
28282
28310
28392
28564
28580
28582
28590
28662
28714
28720
28836
28836
28924
28926
28942
28992
29090
29104
29114
29272
29274
29350
29416
29442
29528
29644
29668
29846
29860
29888
29954
30064
30138
30160
30172
30206
30218
30240
30246
30264
30370
30442
30494
30502
30508
30548
30548
30636
30650
30682
30684
30690
30852
30862
30874
30910
30918
30966
31010
31352
31386
31424
31476
31520
31546
31572
31628
31668
31682
31740
31800
31822
31848
31864
31992
32020
32040
32084
32098
32144
32176
32198
32256
32262
32304
32320
32486
32648
32692
32782
32808
32840
32870
32918
32988
33092
33110
33152
33194
33254
33370
33396
33398
33400
33434
33478
33506
33580
33608
33612
33654
33680
33692
33804
33860
33890
33944
33954
33960
34012
34014
34016
34038
34044
34046
34060
34068
34074
34106
34128
34134
34156
34160
34164
34164
34182
34198
34200
34200
34210
34214
34218
34230
34232
34234
34240
34258
34264
34266
34326
34330
34354
34356
34374
34374
34382
34384
34386
34390
34394
34396
34416
34436
34446
34466
34476
34492
34494
34506
34510
34510
34510
34534
34548
34550
34552
34564
34584
34588
34594
34614
34622
34630
34632
34640
34648
34656
34660
34664
34670
34674
34686
34688
34690
34704
34704
34704
34706
34708
34718
34720
34722
34738
34750
34768
34768
34784
34786
34816
34820
34822
34822
34826
34826
34828
34848
34850
34852
34856
34858
34864
34878
34884
34904
34908
34910
34910
34930
34934
34948
34950
34958
34958
34978
34998
35018
35018
35020
35026
35030
35044
35052
35066
35088
35112
35158
35166
35196
35200
35216
35256
35272
35292
35336
35392
35406
35448
35482
35486
35508
35516
35516
35528
35552
35558
35702
35722
35722
35730
35750
35758
35874
35942
36324
36462
36528
36582
36600
36688
36706
36818
36834
36842
36940
36970
37206
37270
37354
37374
37446
37450
37646
37818
37964
38012
38230
38308
38524
38554
38732
38808
38884
39124
39340
39592
39680
39828
39932
40158
40174
40186
40202
40330
40390
40464
40512
40956
41302
41322
41390
41590
41618
41622
41728
41744
41748
41816
41866
41890
41918
42152
42182
42418
42652
43276
43284
43326
43340
43348
43464
43470
43516
43520
43536
43642
43686
43696
43704
43710
43746
43814
43816
43858
43862
43902
44032
44100
44106
44122
44142
44154
44236
44320
44322
44446
44568
44678
44732
44760
44842
44896
44960
44970
45042
45086
45396
45524
45560
45574
45580
45652
45712
45910
46160
46528
46752
47172
47214
47636
47732
47772
47784
47804
48352
48532
48556
48770
49220
49252
49492
49496
49764
50100
50474
50738
50886
51100
51660
51710
51716
52170
52196
52270
52284
52482
52600
52626
52680
52870
53150
53152
53174
53246
53310
53318
53352
53390
53436
53586
53602
53610
53664
53668
53672
53688
53696
53700
53734
53774
53786
53808
53826
53832
53834
53842
53846
53880
53886
53888
53892
53910
53910
53922
53942
53944
53980
53988
53996
53998
54004
54016
54018
54028
54038
54052
54062
54070
54070
54082
54086
54092
54108
54136
54150
54166
54192
54224
54250
54256
54264
54268
54338
54350
54366
54422
54460
54474
54484
54504
54508
54532
54534
54538
54556
54580
54592
54642
54646
54664
54692
54712
54748
54760
54884
54890
54910
54922
55086
55124
55190
55266
55362
55428
55450
55518
56354
57092
58544
59152
59464
62148
62654
62988
63536
63960
65086
65724
73350
73386
73712
74152
113606
128330
136382
195232
232822
282688
322054
378316
407950
1219232
3988936
