Latencies
5042
5086
5090
5104
5122
5138
5140
5140
5142
5146
5146
5148
5150
5154
5154
5158
5158
5160
5160
5160
5162
5164
5164
5166
5168
5172
5172
5174
5174
5174
5174
5176
5176
5178
5180
5180
5180
5180
5182
5182
5182
5182
5182
5184
5186
5186
5188
5190
5190
5192
5192
5192
5192
5194
5194
5194
5194
5194
5196
5196
5196
5198
5198
5200
5200
5200
5202
5204
5206
5208
5208
5208
5210
5210
5210
5212
5212
5218
5220
5220
5220
5220
5222
5222
5222
5224
5224
5224
5226
5226
5226
5226
5226
5228
5230
5232
5232
5232
5234
5234
5234
5238
5238
5238
5240
5242
5244
5244
5244
5244
5244
5246
5246
5250
5250
5250
5250
5250
5252
5252
5252
5252
5252
5254
5254
5254
5256
5256
5256
5256
5258
5258
5260
5260
5260
5260
5262
5262
5262
5264
5264
5264
5264
5264
5266
5266
5268
5268
5268
5270
5270
5270
5270
5270
5272
5274
5274
5274
5274
5274
5276
5276
5278
5278
5278
5278
5280
5280
5280
5280
5280
5282
5282
5282
5282
5284
5284
5286
5286
5288
5288
5288
5288
5290
5290
5290
5290
5290
5292
5292
5294
5294
5296
5296
5296
5298
5300
5300
5300
5300
5302
5302
5302
5304
5304
5304
5306
5306
5306
5306
5306
5306
5306
5306
5306
5306
5306
5308
5310
5312
5312
5312
5312
5312
5314
5314
5314
5316
5316
5316
5316
5316
5318
5318
5320
5320
5320
5320
5322
5322
5324
5324
5328
5330
5330
5330
5330
5332
5332
5332
5332
5332
5334
5334
5336
5340
5342
5342
5342
5344
5344
5346
5346
5348
5348
5348
5348
5348
5350
5352
5352
5352
5352
5352
5354
5354
5356
5356
5356
5356
5356
5356
5358
5358
5358
5358
5358
5358
5360
5360
5360
5360
5362
5362
5362
5364
5364
5364
5364
5364
5364
5366
5366
5366
5366
5366
5368
5368
5368
5370
5370
5370
5370
5372
5372
5374
5374
5376
5376
5378
5380
5380
5382
5382
5382
5382
5384
5384
5384
5384
5386
5386
5386
5386
5388
5388
5388
5390
5390
5392
5392
5392
5394
5394
5394
5396
5396
5396
5396
5396
5398
5398
5398
5402
5402
5402
5404
5404
5404
5404
5406
5408
5408
5408
5408
5410
5410
5410
5410
5410
5412
5412
5412
5412
5416
5418
5418
5420
5420
5422
5424
5424
5424
5426
5428
5428
5428
5432
5432
5434
5434
5434
5434
5434
5436
5440
5442
5442
5444
5444
5446
5448
5450
5454
5454
5454
5454
5456
5456
5456
5456
5458
5460
5460
5462
5464
5464
5464
5466
5466
5466
5466
5466
5468
5468
5468
5470
5470
5470
5470
5470
5472
5472
5474
5474
5476
5478
5478
5478
5480
5480
5482
5482
5484
5484
5486
5486
5486
5490
5492
5492
5492
5494
5496
5500
5500
5500
5500
5500
5500
5502
5502
5502
5504
5504
5504
5506
5506
5506
5508
5508
5508
5510
5510
5512
5514
5514
5514
5516
5518
5518
5518
5520
5522
5522
5524
5524
5526
5526
5528
5530
5530
5534
5534
5534
5536
5538
5538
5544
5544
5544
5546
5546
5546
5548
5548
5548
5550
5550
5550
5550
5550
5552
5556
5558
5560
5560
5560
5560
5562
5562
5564
5566
5568
5568
5568
5570
5574
5576
5576
5576
5576
5578
5580
5580
5582
5584
5586
5586
5588
5588
5590
5594
5600
5602
5604
5606
5606
5606
5608
5608
5610
5610
5610
5610
5610
5612
5612
5616
5618
5618
5618
5620
5620
5620
5622
5622
5624
5624
5624
5626
5628
5628
5628
5630
5630
5632
5632
5634
5636
5638
5640
5642
5644
5644
5646
5646
5650
5650
5650
5650
5652
5652
5652
5654
5656
5656
5656
5660
5662
5674
5674
5676
5676
5676
5676
5676
5678
5680
5682
5682
5684
5684
5684
5688
5690
5690
5692
5694
5700
5702
5704
5706
5706
5708
5708
5710
5710
5710
5712
5712
5712
5714
5716
5716
5718
5724
5726
5726
5728
5728
5728
5728
5730
5730
5730
5736
5736
5738
5742
5742
5748
5750
5752
5754
5754
5754
5756
5756
5758
5760
5760
5762
5766
5768
5770
5774
5774
5776
5776
5776
5776
5778
5780
5782
5782
5782
5784
5784
5784
5786
5786
5788
5790
5790
5792
5792
5792
5794
5794
5798
5800
5802
5802
5804
5804
5804
5806
5808
5810
5810
5812
5812
5814
5818
5820
5820
5822
5822
5824
5824
5824
5826
5826
5826
5828
5828
5828
5830
5832
5832
5834
5834
5836
5836
5838
5842
5842
5842
5842
5846
5846
5850
5852
5856
5856
5856
5858
5862
5864
5870
5870
5874
5876
5876
5880
5884
5884
5884
5886
5886
5890
5892
5896
5898
5898
5902
5906
5906
5910
5910
5914
5914
5918
5926
5926
5926
5928
5928
5930
5930
5930
5934
5934
5936
5938
5938
5940
5944
5944
5946
5948
5952
5954
5960
5960
5962
5966
5966
5970
5976
5976
5976
5980
5984
5986
5988
5990
5990
5994
5994
5996
6000
6012
6016
6016
6016
6018
6018
6024
6026
6030
6032
6034
6038
6042
6048
6056
6056
6058
6060
6064
6066
6068
6070
6070
6078
6086
6090
6094
6096
6106
6108
6110
6112
6114
6118
6118
6120
6124
6128
6128
6130
6134
6138
6144
6162
6170
6178
6186
6188
6192
6194
6196
6204
6208
6212
6224
6228
6234
6238
6258
6274
6274
6278
6298
6300
6308
6330
6360
6434
6462
6474
6490
6560
6580
6588
6626
6676
6702
6704
6770
6792
6804
6850
6886
6904
6912
6956
6970
7076
7100
7156
7250
7300
7356
7724
7794
8562
8902
9064
9110
9254
9294
9358
9600
9824
10156
10200
11438
12358
12856
13056
13220
13752
13910
14296
14622
14642
14930
15304
15502
16160
16308
17188
17794
18652
19508
19940
20024
20568
20598
21392
22542
23466
23496
23974
24160
24552
25102
25278
25940
26414
28034
28174
28176
29388
30768
31288
32152
32876
33418
34810
34934
39944
41036
43082
49954
