Latencies
5050
5066
5068
5074
5078
5086
5092
5092
5094
5098
5106
5110
5126
5126
5130
5134
5136
5138
5140
5144
5146
5150
5150
5152
5162
5162
5164
5164
5166
5166
5168
5168
5168
5168
5168
5174
5174
5176
5176
5178
5178
5178
5180
5182
5184
5184
5184
5184
5190
5190
5192
5192
5192
5192
5196
5198
5200
5204
5204
5206
5206
5208
5208
5210
5212
5212
5212
5214
5214
5214
5214
5216
5216
5216
5216
5218
5218
5218
5218
5218
5218
5220
5220
5220
5220
5220
5222
5224
5224
5226
5228
5228
5228
5228
5230
5230
5230
5230
5230
5232
5234
5234
5234
5234
5234
5236
5236
5236
5238
5238
5238
5240
5240
5240
5242
5242
5242
5242
5244
5244
5244
5244
5246
5246
5248
5248
5248
5248
5248
5250
5250
5250
5252
5252
5252
5252
5252
5252
5252
5254
5254
5254
5256
5256
5256
5256
5260
5260
5260
5262
5262
5262
5264
5264
5264
5266
5266
5266
5268
5268
5268
5268
5268
5268
5268
5270
5270
5270
5272
5274
5274
5274
5274
5274
5274
5276
5276
5276
5276
5276
5278
5280
5280
5280
5282
5284
5284
5284
5284
5286
5286
5286
5286
5288
5288
5290
5290
5292
5292
5294
5294
5296
5296
5296
5296
5296
5296
5296
5296
5298
5298
5298
5298
5298
5298
5300
5300
5300
5302
5302
5302
5302
5304
5304
5304
5306
5306
5306
5306
5308
5308
5308
5308
5308
5310
5312
5312
5312
5312
5312
5312
5312
5314
5314
5316
5318
5318
5318
5318
5320
5322
5324
5324
5324
5324
5326
5326
5326
5326
5326
5328
5330
5330
5330
5330
5332
5332
5332
5334
5336
5336
5336
5338
5340
5340
5340
5340
5342
5344
5346
5346
5346
5346
5346
5348
5350
5352
5352
5352
5352
5354
5354
5356
5356
5356
5358
5358
5360
5360
5360
5360
5360
5360
5362
5362
5362
5362
5362
5364
5364
5364
5366
5366
5366
5368
5368
5370
5370
5370
5370
5370
5372
5374
5374
5374
5374
5376
5378
5378
5378
5378
5380
5380
5382
5382
5382
5384
5386
5386
5386
5388
5388
5388
5390
5390
5390
5392
5392
5394
5394
5394
5394
5396
5396
5396
5398
5398
5400
5400
5404
5404
5406
5406
5406
5406
5408
5408
5408
5408
5410
5410
5412
5414
5414
5414
5416
5416
5418
5418
5420
5420
5420
5420
5420
5420
5422
5422
5422
5422
5424
5424
5424
5426
5426
5428
5428
5428
5430
5430
5432
5432
5432
5434
5434
5434
5434
5436
5436
5436
5438
5440
5444
5446
5446
5448
5448
5448
5450
5450
5452
5452
5452
5454
5454
5456
5456
5456
5458
5458
5458
5458
5458
5458
5460
5460
5460
5462
5462
5462
5462
5464
5464
5464
5466
5466
5468
5472
5476
5476
5476
5478
5478
5480
5482
5482
5482
5484
5484
5484
5486
5486
5488
5488
5488
5488
5490
5490
5490
5494
5494
5498
5498
5498
5500
5502
5502
5506
5506
5508
5508
5510
5512
5512
5514
5514
5514
5514
5516
5516
5516
5516
5516
5520
5520
5520
5522
5522
5522
5522
5524
5524
5526
5526
5526
5528
5528
5534
5534
5534
5536
5536
5538
5538
5538
5538
5540
5542
5546
5548
5550
5554
5558
5560
5560
5562
5562
5562
5562
5562
5562
5564
5564
5564
5568
5572
5572
5574
5574
5574
5576
5578
5578
5578
5578
5578
5580
5580
5582
5584
5588
5592
5594
5594
5594
5596
5598
5602
5602
5606
5606
5610
5612
5612
5612
5612
5614
5614
5616
5618
5620
5620
5620
5622
5626
5626
5628
5628
5628
5628
5630
5630
5630
5634
5646
5646
5650
5652
5652
5652
5656
5656
5662
5666
5668
5668
5670
5672
5674
5684
5686
5688
5690
5692
5692
5692
5694
5696
5700
5700
5700
5706
5708
5710
5712
5712
5716
5718
5720
5720
5720
5722
5722
5724
5724
5724
5726
5728
5732
5734
5734
5736
5740
5740
5740
5740
5744
5746
5746
5746
5748
5752
5752
5756
5756
5756
5758
5758
5760
5762
5764
5764
5764
5764
5766
5768
5768
5770
5774
5776
5776
5776
5776
5780
5782
5782
5784
5786
5786
5788
5792
5792
5794
5796
5796
5798
5800
5800
5800
5802
5802
5802
5804
5806
5806
5810
5810
5812
5816
5816
5818
5820
5822
5822
5826
5828
5832
5834
5834
5836
5838
5838
5838
5838
5840
5844
5848
5850
5852
5854
5856
5856
5858
5860
5868
5868
5870
5872
5874
5876
5878
5882
5884
5892
5894
5894
5894
5896
5898
5906
5908
5908
5910
5910
5910
5912
5912
5914
5916
5918
5920
5926
5926
5928
5928
5932
5932
5934
5936
5936
5950
5956
5958
5962
5968
5976
5976
5980
5984
5984
5984
5984
5992
5996
6000
6000
6002
6012
6014
6014
6016
6018
6020
6020
6022
6024
6026
6026
6026
6032
6032
6036
6038
6040
6048
6050
6050
6052
6052
6054
6066
6070
6072
6076
6078
6088
6092
6096
6096
6096
6100
6108
6116
6116
6120
6130
6132
6136
6148
6150
6152
6152
6158
6164
6172
6172
6174
6176
6180
6180
6186
6190
6194
6194
6194
6198
6198
6208
6226
6238
6268
6274
6276
6282
6284
6294
6302
6310
6314
6346
6348
6356
6364
6392
6394
6402
6406
6412
6424
6432
6486
6488
6498
6514
6514
6526
6542
6548
6586
6588
6596
6624
6672
6718
6720
6732
6858
6884
6954
6960
6982
7040
7248
7484
7692
7702
7842
7928
7984
8154
8196
8290
8474
8560
8572
8630
8860
9492
9724
10412
10580
10852
11076
11468
11478
11502
11532
11538
11626
11924
11940
12188
12192
12196
12218
12446
12514
12692
13526
13826
13958
14136
14322
14372
14376
14526
14562
14758
14784
15030
15054
15084
15088
15282
15694
15698
16074
16802
17026
18244
19286
21604
21688
21896
22034
22528
22580
22748
24086
24438
25598
25698
26556
30524
31450
35466
35702
35708
37282
66684
