Latencies
5130
5146
5172
5182
5192
5192
5196
5208
5210
5226
5228
5228
5230
5232
5236
5238
5240
5240
5242
5246
5250
5250
5250
5252
5252
5254
5256
5262
5262
5264
5266
5268
5268
5272
5274
5278
5278
5282
5284
5286
5286
5286
5286
5288
5288
5292
5292
5292
5292
5294
5296
5298
5298
5300
5300
5300
5302
5304
5304
5304
5304
5304
5304
5308
5308
5308
5308
5310
5310
5310
5314
5314
5314
5316
5318
5318
5320
5320
5320
5320
5322
5324
5326
5326
5326
5328
5330
5330
5330
5332
5332
5332
5332
5332
5334
5336
5336
5336
5336
5338
5338
5338
5338
5340
5340
5342
5342
5342
5344
5344
5346
5346
5346
5346
5346
5346
5348
5348
5348
5348
5348
5350
5350
5350
5350
5352
5352
5352
5352
5354
5354
5354
5356
5356
5356
5356
5358
5358
5358
5358
5358
5358
5360
5362
5362
5364
5364
5364
5364
5364
5364
5366
5366
5366
5366
5368
5368
5368
5368
5370
5370
5370
5370
5370
5372
5374
5374
5376
5376
5376
5376
5376
5378
5378
5378
5378
5378
5380
5380
5382
5382
5382
5382
5382
5382
5384
5384
5384
5384
5384
5384
5386
5386
5386
5388
5388
5388
5388
5390
5392
5392
5392
5394
5396
5396
5398
5398
5398
5398
5398
5398
5398
5400
5400
5400
5402
5402
5404
5404
5404
5404
5404
5404
5406
5406
5406
5406
5408
5408
5408
5408
5410
5410
5412
5412
5412
5414
5414
5414
5414
5414
5416
5416
5416
5416
5416
5416
5418
5418
5418
5420
5420
5420
5420
5420
5422
5422
5424
5424
5424
5424
5424
5426
5426
5426
5426
5428
5428
5428
5430
5430
5434
5434
5436
5436
5436
5438
5440
5440
5440
5440
5442
5442
5442
5442
5444
5444
5446
5446
5446
5446
5448
5448
5448
5448
5448
5450
5450
5450
5450
5452
5452
5454
5454
5454
5454
5456
5456
5456
5456
5458
5458
5458
5458
5458
5458
5460
5460
5462
5462
5462
5464
5464
5464
5466
5466
5466
5466
5466
5468
5468
5468
5468
5468
5470
5470
5470
5470
5470
5470
5470
5472
5472
5474
5474
5474
5474
5474
5476
5476
5476
5476
5476
5476
5478
5478
5478
5478
5478
5480
5480
5480
5480
5482
5482
5482
5482
5482
5484
5484
5484
5484
5486
5486
5486
5488
5488
5490
5490
5490
5490
5492
5492
5496
5496
5496
5498
5498
5500
5500
5502
5502
5502
5502
5504
5504
5504
5506
5506
5506
5506
5508
5508
5508
5508
5510
5510
5512
5514
5516
5518
5518
5520
5522
5522
5522
5522
5522
5522
5522
5522
5524
5526
5526
5526
5526
5528
5528
5528
5528
5528
5530
5532
5534
5534
5536
5536
5540
5540
5542
5542
5544
5546
5546
5546
5548
5550
5550
5550
5550
5552
5552
5552
5552
5552
5554
5554
5554
5556
5558
5558
5560
5560
5560
5560
5562
5562
5562
5562
5564
5566
5570
5570
5570
5570
5570
5570
5570
5572
5572
5580
5580
5580
5584
5586
5588
5588
5588
5588
5590
5590
5592
5592
5594
5594
5594
5596
5596
5600
5600
5602
5604
5606
5606
5608
5610
5612
5612
5612
5614
5614
5618
5618
5618
5622
5622
5626
5628
5630
5630
5632
5636
5638
5642
5644
5646
5646
5650
5650
5650
5650
5650
5652
5654
5654
5656
5656
5656
5658
5658
5660
5666
5666
5666
5666
5668
5670
5672
5672
5674
5676
5676
5678
5678
5678
5678
5680
5682
5684
5684
5684
5686
5686
5688
5688
5690
5690
5690
5690
5690
5692
5694
5696
5698
5700
5702
5702
5704
5706
5708
5708
5708
5710
5710
5712
5714
5714
5716
5716
5716
5718
5720
5722
5726
5728
5730
5730
5730
5732
5732
5732
5742
5742
5742
5744
5746
5746
5750
5750
5752
5752
5754
5754
5756
5760
5766
5768
5768
5770
5770
5770
5772
5772
5774
5774
5778
5780
5780
5780
5782
5784
5784
5784
5786
5786
5794
5796
5800
5800
5802
5806
5806
5808
5810
5810
5810
5812
5814
5814
5818
5818
5820
5822
5824
5830
5832
5834
5834
5834
5836
5838
5838
5840
5840
5842
5842
5844
5844
5846
5846
5848
5852
5856
5858
5862
5864
5866
5866
5870
5872
5874
5876
5878
5878
5878
5878
5880
5890
5892
5894
5896
5900
5900
5904
5904
5906
5908
5910
5912
5918
5918
5924
5924
5924
5926
5930
5932
5932
5934
5934
5946
5948
5950
5950
5952
5954
5954
5954
5956
5958
5958
5960
5960
5960
5962
5966
5966
5970
5972
5976
5976
5980
5980
5980
5982
5984
5990
5990
5992
5992
5992
5992
5994
5994
5996
5996
5998
6000
6002
6006
6008
6008
6008
6010
6012
6012
6014
6016
6018
6018
6026
6026
6028
6032
6038
6040
6044
6048
6052
6054
6058
6060
6060
6068
6068
6072
6078
6080
6080
6086
6086
6088
6088
6088
6090
6090
6090
6090
6094
6098
6098
6110
6110
6112
6112
6112
6114
6114
6118
6120
6120
6122
6122
6122
6126
6126
6128
6132
6132
6134
6138
6138
6140
6142
6144
6146
6148
6148
6150
6152
6156
6162
6166
6166
6166
6170
6170
6180
6196
6198
6204
6206
6208
6210
6222
6228
6234
6236
6236
6236
6236
6244
6244
6248
6250
6254
6258
6260
6262
6264
6278
6278
6280
6280
6286
6286
6294
6300
6306
6306
6306
6308
6314
6318
6330
6332
6334
6336
6338
6342
6350
6350
6350
6360
6360
6368
6410
6428
6442
6454
6462
6464
6466
6520
6600
6602
6616
6616
6702
6732
6754
6760
6818
6822
6872
6878
6896
7064
7072
7084
7144
7148
7390
7592
8410
8440
8440
8552
8644
8784
8856
9062
9196
9612
9954
10402
10578
10840
10962
11644
12538
12994
14274
14474
14544
14880
14936
14952
15294
15326
15720
18312
18404
19484
19754
20720
20908
21036
21236
21874
22282
22328
22892
23280
23548
23796
24332
24392
24644
24910
24962
24972
27738
28584
30484
31342
32046
32710
33808
33986
34290
34598
34810
34930
35418
35806
35828
35850
36256
44692
51934
51974
