Latencies
5134
5136
5142
5158
5170
5170
5172
5174
5182
5184
5192
5192
5192
5212
5214
5214
5224
5228
5230
5230
5232
5232
5236
5240
5242
5242
5244
5246
5246
5248
5248
5248
5250
5252
5254
5254
5254
5256
5260
5262
5266
5270
5270
5270
5272
5274
5276
5280
5280
5280
5282
5284
5284
5284
5286
5286
5286
5288
5290
5292
5294
5296
5298
5298
5300
5300
5304
5304
5304
5308
5308
5308
5310
5310
5310
5310
5310
5312
5314
5314
5314
5316
5316
5316
5316
5316
5316
5316
5318
5318
5318
5320
5320
5322
5324
5324
5324
5324
5324
5328
5330
5332
5334
5334
5338
5338
5340
5340
5340
5340
5340
5340
5342
5342
5342
5344
5346
5348
5348
5350
5350
5350
5350
5352
5352
5352
5354
5354
5354
5354
5356
5358
5360
5360
5362
5362
5364
5364
5364
5366
5366
5366
5366
5368
5368
5368
5368
5370
5370
5370
5370
5370
5370
5372
5372
5374
5374
5374
5374
5374
5374
5374
5376
5376
5376
5376
5378
5378
5378
5378
5378
5380
5380
5382
5382
5384
5384
5384
5384
5384
5384
5384
5384
5386
5388
5388
5388
5388
5390
5390
5390
5390
5392
5392
5392
5392
5394
5394
5394
5394
5396
5396
5396
5398
5398
5398
5398
5400
5400
5400
5402
5402
5402
5404
5404
5404
5404
5404
5406
5406
5408
5408
5408
5408
5408
5408
5410
5410
5410
5412
5412
5414
5414
5414
5416
5418
5418
5418
5420
5420
5420
5422
5422
5422
5424
5424
5424
5424
5426
5426
5426
5426
5428
5428
5428
5432
5432
5432
5432
5434
5434
5434
5434
5436
5436
5438
5438
5440
5440
5440
5440
5442
5442
5442
5444
5444
5444
5444
5444
5444
5446
5446
5446
5448
5450
5450
5450
5450
5452
5452
5452
5452
5452
5452
5454
5454
5454
5456
5456
5456
5456
5458
5458
5458
5460
5460
5462
5462
5462
5462
5462
5464
5466
5466
5466
5468
5468
5468
5468
5470
5470
5472
5472
5472
5476
5478
5478
5478
5478
5478
5478
5478
5480
5482
5482
5482
5484
5484
5484
5484
5484
5484
5486
5486
5486
5486
5488
5488
5488
5488
5490
5490
5490
5490
5492
5492
5494
5494
5496
5496
5496
5498
5498
5498
5498
5498
5498
5498
5500
5500
5500
5500
5500
5500
5502
5502
5506
5506
5506
5508
5508
5508
5508
5510
5512
5512
5514
5514
5516
5516
5518
5518
5518
5518
5520
5520
5522
5524
5524
5524
5526
5526
5528
5528
5530
5530
5532
5534
5534
5534
5534
5534
5536
5536
5536
5538
5538
5540
5540
5542
5542
5542
5542
5542
5542
5542
5542
5544
5544
5544
5544
5544
5546
5546
5546
5546
5550
5550
5550
5552
5552
5552
5552
5552
5552
5552
5554
5554
5554
5554
5558
5558
5558
5558
5560
5560
5562
5564
5564
5564
5566
5566
5566
5566
5566
5566
5568
5568
5570
5572
5572
5574
5574
5576
5576
5576
5576
5576
5578
5580
5582
5582
5582
5582
5584
5586
5586
5588
5590
5590
5592
5598
5598
5600
5600
5600
5600
5604
5606
5608
5608
5610
5610
5610
5610
5612
5612
5612
5614
5616
5618
5620
5620
5622
5622
5624
5626
5628
5628
5628
5628
5630
5632
5632
5632
5634
5636
5636
5638
5640
5640
5642
5642
5644
5646
5650
5650
5650
5650
5652
5654
5654
5654
5656
5656
5658
5660
5660
5662
5662
5664
5664
5666
5666
5666
5666
5668
5668
5668
5670
5672
5672
5676
5676
5678
5678
5680
5680
5680
5682
5682
5684
5684
5686
5686
5686
5686
5686
5688
5690
5690
5692
5694
5694
5696
5696
5698
5698
5698
5702
5702
5704
5704
5704
5704
5704
5706
5706
5708
5708
5708
5710
5712
5716
5716
5716
5720
5720
5722
5730
5730
5732
5734
5734
5734
5736
5736
5738
5738
5740
5740
5740
5746
5748
5748
5756
5762
5762
5766
5766
5768
5768
5768
5770
5772
5772
5772
5778
5778
5778
5778
5778
5778
5780
5780
5782
5782
5784
5786
5788
5788
5792
5794
5796
5796
5800
5800
5802
5804
5806
5806
5814
5816
5816
5816
5816
5822
5824
5828
5836
5838
5840
5842
5842
5844
5844
5844
5844
5846
5846
5846
5848
5848
5850
5850
5850
5852
5852
5852
5852
5854
5854
5860
5862
5862
5864
5866
5868
5870
5872
5872
5876
5876
5878
5878
5880
5882
5882
5886
5886
5886
5888
5890
5890
5892
5896
5906
5906
5908
5910
5916
5916
5918
5918
5918
5920
5920
5922
5924
5926
5926
5928
5928
5928
5932
5932
5934
5936
5946
5948
5948
5950
5954
5956
5958
5966
5968
5970
5972
5974
5976
5976
5976
5976
5980
5982
5986
5986
5992
5996
6004
6004
6004
6004
6006
6008
6008
6012
6012
6012
6018
6020
6024
6024
6026
6028
6028
6030
6030
6032
6034
6040
6044
6048
6048
6050
6056
6060
6062
6064
6066
6068
6074
6076
6078
6080
6082
6088
6088
6088
6092
6092
6092
6092
6094
6096
6096
6096
6096
6106
6108
6118
6120
6124
6126
6128
6130
6138
6144
6146
6146
6148
6148
6150
6150
6150
6152
6160
6164
6166
6168
6168
6180
6186
6186
6194
6194
6194
6196
6204
6206
6208
6212
6212
6214
6222
6228
6228
6232
6234
6236
6242
6242
6254
6254
6258
6258
6268
6268
6270
6274
6284
6286
6296
6306
6308
6316
6318
6324
6326
6340
6344
6356
6356
6360
6366
6390
6390
6390
6392
6396
6398
6402
6404
6436
6450
6454
6458
6460
6472
6474
6474
6510
6514
6540
6558
6562
6578
6588
6590
6594
6600
6618
6626
6642
6692
6694
6700
6720
6752
6762
6776
6800
6802
6810
6856
6904
6932
6938
6948
6990
6992
7084
7130
7146
7152
7156
7190
7196
7244
7252
7254
7284
7304
7320
7380
7392
7394
7408
7418
7498
7536
7588
7678
7684
7714
7718
7720
7740
7834
7960
8048
8100
8256
8550
8656
8702
10410
10996
11114
12296
12782
12840
12896
13082
13318
14130
14428
14460
14950
15316
15320
16176
16412
18512
19222
19690
20566
20724
21394
23532
24804
24840
25412
26458
27022
28336
29072
29300
30368
33102
33414
34320
36574
37084
38550
40182
41136
54022
55506
