Latencies
5078
5092
5092
5100
5122
5130
5142
5146
5154
5154
5158
5158
5160
5162
5162
5164
5166
5170
5170
5172
5180
5186
5192
5192
5196
5202
5202
5202
5204
5204
5206
5208
5210
5210
5210
5210
5214
5216
5216
5218
5218
5218
5220
5222
5222
5224
5224
5226
5226
5228
5228
5230
5234
5234
5236
5236
5236
5236
5238
5238
5240
5242
5242
5242
5242
5244
5244
5246
5246
5248
5248
5250
5250
5252
5252
5256
5256
5256
5256
5256
5258
5258
5260
5260
5260
5262
5262
5262
5262
5262
5262
5262
5264
5264
5264
5264
5266
5266
5266
5266
5266
5266
5268
5268
5268
5268
5270
5270
5272
5272
5272
5272
5274
5274
5274
5274
5276
5276
5276
5276
5276
5276
5276
5278
5278
5278
5278
5278
5278
5278
5280
5280
5280
5282
5282
5284
5284
5284
5286
5286
5286
5288
5288
5290
5290
5290
5290
5292
5292
5292
5292
5292
5294
5294
5294
5294
5294
5294
5296
5296
5296
5298
5298
5300
5300
5302
5302
5302
5302
5302
5302
5302
5304
5304
5304
5304
5304
5304
5306
5306
5308
5308
5308
5308
5310
5310
5310
5310
5312
5312
5312
5314
5316
5316
5316
5316
5316
5316
5318
5318
5318
5320
5320
5320
5322
5322
5324
5324
5324
5324
5324
5326
5328
5328
5328
5328
5330
5330
5330
5332
5332
5332
5332
5334
5334
5334
5334
5334
5334
5334
5336
5336
5336
5336
5336
5338
5338
5338
5338
5340
5340
5344
5344
5344
5346
5346
5346
5346
5346
5348
5350
5350
5350
5350
5350
5352
5352
5352
5354
5356
5356
5356
5356
5356
5358
5358
5360
5360
5360
5360
5362
5362
5362
5362
5364
5366
5366
5366
5366
5366
5366
5366
5368
5368
5368
5370
5370
5370
5370
5370
5370
5372
5372
5374
5374
5374
5374
5376
5376
5376
5376
5376
5378
5378
5378
5378
5378
5382
5382
5384
5384
5384
5386
5386
5388
5388
5388
5390
5392
5392
5392
5392
5392
5394
5394
5394
5394
5394
5394
5396
5396
5398
5398
5398
5398
5398
5400
5400
5400
5400
5400
5400
5402
5402
5404
5406
5406
5408
5410
5412
5412
5414
5414
5416
5416
5416
5420
5420
5420
5420
5420
5422
5424
5424
5424
5424
5426
5426
5428
5428
5428
5430
5432
5432
5432
5432
5434
5434
5434
5436
5438
5438
5440
5440
5440
5440
5440
5440
5440
5442
5444
5444
5444
5446
5446
5446
5448
5448
5448
5450
5450
5452
5452
5452
5454
5456
5456
5456
5458
5458
5462
5462
5462
5462
5464
5464
5464
5466
5466
5468
5468
5470
5470
5472
5472
5474
5474
5476
5478
5478
5478
5478
5480
5480
5482
5484
5484
5484
5486
5486
5490
5490
5492
5496
5496
5496
5496
5500
5500
5502
5504
5506
5506
5508
5510
5512
5512
5512
5512
5514
5516
5518
5520
5520
5522
5522
5524
5524
5528
5528
5528
5530
5530
5530
5532
5532
5532
5534
5534
5534
5536
5536
5542
5542
5542
5544
5544
5544
5546
5546
5546
5546
5548
5548
5550
5552
5552
5552
5552
5552
5554
5554
5554
5556
5556
5558
5560
5562
5562
5562
5564
5564
5566
5566
5566
5566
5568
5568
5568
5568
5568
5570
5570
5574
5574
5576
5578
5578
5580
5582
5582
5584
5586
5588
5588
5588
5590
5590
5590
5590
5590
5590
5590
5592
5592
5592
5596
5598
5598
5600
5602
5606
5608
5608
5608
5610
5612
5614
5614
5614
5618
5618
5618
5624
5628
5628
5630
5630
5632
5632
5636
5636
5638
5640
5642
5644
5646
5648
5650
5650
5650
5650
5652
5652
5652
5654
5654
5654
5660
5660
5662
5666
5666
5666
5666
5668
5672
5676
5676
5676
5676
5680
5684
5690
5690
5694
5694
5700
5700
5700
5700
5702
5702
5704
5706
5706
5706
5708
5708
5708
5710
5710
5710
5710
5710
5712
5714
5716
5716
5716
5718
5718
5718
5720
5720
5720
5722
5724
5724
5724
5724
5726
5728
5728
5736
5738
5740
5742
5744
5746
5746
5756
5756
5760
5760
5768
5774
5776
5780
5782
5782
5782
5784
5784
5786
5786
5788
5788
5790
5792
5792
5796
5798
5800
5800
5802
5806
5806
5806
5806
5808
5810
5814
5818
5820
5820
5822
5824
5824
5824
5826
5828
5832
5834
5834
5836
5838
5838
5838
5838
5842
5844
5844
5844
5848
5850
5850
5852
5854
5856
5856
5860
5862
5862
5862
5864
5864
5866
5866
5866
5868
5870
5872
5872
5874
5876
5876
5878
5878
5880
5884
5886
5888
5890
5890
5890
5892
5892
5894
5894
5894
5896
5898
5898
5902
5902
5902
5902
5902
5904
5904
5906
5906
5906
5908
5912
5916
5916
5920
5922
5924
5926
5926
5928
5928
5928
5932
5932
5932
5934
5936
5936
5938
5940
5942
5944
5944
5948
5950
5952
5952
5954
5956
5958
5958
5958
5960
5962
5964
5964
5968
5970
5970
5972
5974
5976
5976
5978
5982
5982
5984
5988
5992
5992
5994
5994
5996
5996
6004
6004
6006
6010
6010
6012
6016
6018
6020
6020
6020
6022
6028
6028
6028
6032
6036
6040
6042
6042
6044
6044
6046
6052
6054
6058
6058
6060
6060
6062
6064
6072
6072
6074
6080
6092
6094
6096
6098
6098
6102
6102
6104
6106
6106
6110
6114
6116
6116
6118
6120
6136
6138
6138
6142
6146
6152
6152
6154
6154
6156
6158
6164
6168
6186
6194
6200
6204
6204
6212
6220
6220
6230
6236
6238
6248
6250
6250
6258
6258
6260
6266
6268
6274
6276
6280
6288
6304
6312
6322
6332
6332
6352
6354
6356
6368
6374
6382
6384
6384
6386
6392
6396
6400
6406
6410
6424
6444
6452
6490
6498
6498
6506
6508
6510
6516
6534
6548
6576
6592
6596
6616
6626
6638
6650
6720
6740
6750
6752
6810
6830
6838
6878
6878
6888
6890
6970
7132
7176
7246
7290
8216
8964
9134
9242
9352
9894
10368
10618
10730
10756
11316
11614
11796
12212
12568
13202
13436
13518
13968
14252
14326
14474
14566
14570
14724
14754
15220
15408
15596
15676
16216
17220
20026
20512
21462
21970
22156
23314
25036
25492
25592
26852
28734
35252
36094
