Latencies
5364
5430
5492
5494
5508
5510
5530
5564
5574
5610
5634
5638
5642
5694
5712
5732
5806
5832
5836
5888
5912
5934
5936
5980
5998
6028
6030
6032
6054
6074
6094
6094
6120
6138
6142
6200
6256
6264
6302
6338
6400
6402
6426
6484
6522
6560
6580
6686
6696
6728
6758
6762
6840
6910
6930
7020
7030
7040
7090
7108
7136
7142
7156
7202
7250
7310
7382
7386
7424
7476
7588
7686
7820
8030
8072
8174
8372
8434
8494
8556
8570
8588
8604
8708
8708
8732
8750
8816
8870
8880
9126
9150
9258
9326
9334
9342
9494
9564
9662
9688
9692
9834
9974
10080
10112
10354
10710
10738
10794
10810
10928
10954
11328
11342
11346
11384
11398
11550
11608
11752
11840
11886
11992
12108
12160
12226
12622
12748
12772
12818
12920
12924
12986
13068
13126
13162
13312
13328
13344
13354
13424
13714
13812
13836
13866
13876
13884
13934
13958
13996
14134
14158
14168
14174
14174
14190
14218
14218
14234
14238
14256
14290
14324
14338
14350
14396
14402
14408
14416
14426
14440
14440
14466
14476
14488
14494
14500
14500
14508
14508
14510
14512
14520
14540
14544
14544
14546
14556
14560
14560
14562
14564
14570
14580
14588
14590
14590
14602
14608
14610
14620
14628
14628
14630
14632
14632
14636
14642
14652
14654
14664
14668
14670
14670
14672
14674
14674
14674
14676
14676
14678
14688
14688
14690
14690
14692
14694
14694
14700
14700
14702
14704
14706
14724
14726
14728
14730
14736
14736
14742
14742
14744
14744
14744
14744
14746
14748
14748
14754
14758
14758
14764
14770
14776
14776
14778
14780
14782
14784
14790
14792
14792
14794
14794
14798
14802
14804
14806
14816
14816
14818
14818
14820
14824
14828
14830
14832
14832
14840
14846
14850
14850
14852
14852
14858
14858
14860
14862
14868
14870
14870
14870
14874
14874
14878
14880
14884
14884
14894
14900
14904
14910
14912
14918
14918
14920
14926
14926
14926
14930
14934
14936
14938
14940
14944
14946
14946
14948
14950
14950
14956
14956
14958
14958
14962
14970
14972
14974
14978
14982
14982
14982
14984
14986
14986
14990
14990
14992
14994
14994
14994
14996
15004
15006
15008
15008
15012
15014
15018
15022
15024
15034
15034
15034
15038
15040
15046
15048
15052
15054
15056
15058
15060
15062
15062
15062
15064
15066
15070
15074
15074
15078
15078
15080
15082
15084
15084
15086
15090
15092
15096
15096
15096
15098
15100
15102
15102
15106
15108
15108
15110
15112
15114
15130
15130
15130
15130
15132
15136
15136
15138
15150
15150
15154
15154
15154
15156
15156
15166
15168
15172
15176
15178
15184
15184
15190
15190
15190
15192
15192
15194
15196
15196
15202
15202
15204
15208
15210
15214
15214
15218
15226
15226
15228
15230
15230
15234
15238
15240
15240
15242
15248
15250
15252
15256
15258
15260
15264
15266
15266
15268
15274
15276
15276
15286
15302
15308
15308
15308
15312
15316
15320
15330
15332
15332
15350
15352
15356
15360
15362
15364
15366
15368
15370
15378
15384
15384
15388
15390
15400
15410
15414
15420
15444
15446
15450
15452
15458
15460
15464
15468
15472
15478
15496
15508
15510
15530
15534
15536
15544
15560
15566
15570
15584
15584
15588
15594
15602
15604
15610
15626
15626
15640
15654
15668
15676
15678
15692
15696
15702
15702
15708
15720
15736
15752
15760
15762
15764
15782
15808
15810
15828
15832
15836
15866
15876
15894
15906
15906
15908
15910
15928
15928
15932
15938
15938
15942
15950
15980
16018
16154
16184
16240
16326
16392
16538
16588
16634
16758
16760
16950
17110
17158
17410
17496
17506
17838
17928
18038
18078
18164
18374
18506
18528
18568
18658
18834
18882
19008
19084
19210
19330
19450
19498
19720
19918
19974
20174
20314
20318
20322
20634
20634
20652
20786
20900
20906
20908
20912
20966
20986
21012
21048
21182
21262
21356
21440
21442
21500
21644
21776
22214
22250
22284
22504
22606
22964
23092
23272
23452
23518
23538
23610
23622
23650
23812
23886
24000
24092
24256
24262
24360
24380
24436
24438
24450
24528
24584
24652
24692
24726
24764
24780
24790
24800
24822
24824
24834
24842
24866
24974
24988
25032
25048
25074
25078
25080
25152
25226
25240
25304
25312
25316
25322
25410
25440
25444
25472
25494
25628
25638
25798
25806
25826
25834
25848
26168
26298
26306
26398
26506
26624
26818
26856
26858
26860
26968
27104
27222
27230
27284
27600
27628
27650
27850
27932
28092
28178
28506
28566
28654
28784
28970
29146
29150
29294
29706
29776
29860
29872
29940
29948
30032
30076
30194
30356
30540
30540
30562
30588
30772
30820
30910
31030
31294
31440
31532
31786
31886
32134
32664
32672
32696
32806
33100
33164
33284
33290
33302
33334
33368
33468
33478
33570
33578
33618
33682
33748
33770
33848
33874
33886
33886
33920
33934
33950
33952
33954
33964
33964
33974
33986
34018
34036
34042
34044
34046
34046
34048
34084
34088
34094
34098
34106
34108
34130
34134
34134
34146
34148
34156
34172
34172
34182
34182
34182
34190
34190
34192
34202
34210
34220
34224
34226
34240
34242
34250
34254
34254
34276
34280
34292
34294
34294
34302
34306
34320
34320
34330
34342
34362
34364
34364
34372
34392
34400
34406
34418
34420
34422
34430
34436
34440
34444
34444
34452
34456
34462
34466
34474
34480
34482
34492
34508
34516
34518
34520
34524
34532
34532
34536
34552
34554
34558
34562
34564
34578
34594
34596
34598
34604
34606
34612
34614
34638
34646
34654
34656
34660
34662
34684
34700
34702
34702
34718
34720
34720
34722
34724
34726
34732
34732
34734
34754
34756
34766
34776
34776
34786
34790
34798
34838
34838
34842
34844
34848
34850
34868
34876
34876
34878
34892
34916
34928
34932
34950
34964
34994
35040
35058
35062
35080
35102
35140
35150
35176
35178
35178
35182
35216
35216
35236
35240
35250
35298
35300
35306
35306
35322
35326
35332
35348
35354
35356
35368
35398
35422
35434
35446
35478
35510
35584
35714
35736
35820
36130
36150
36204
36250
36438
37152
37358
37576
37836
38136
38214
39308
39406
39676
41040
41392
42458
42582
43218
43742
44342
44884
44976
45232
45384
45506
46750
53370
54180
54426
54546
58276
63246
74140
78464
214390
4556170
84770878
