Latencies
5346
5376
5378
5380
5384
5390
5396
5398
5398
5406
5408
5418
5420
5422
5422
5430
5438
5442
5442
5444
5446
5448
5452
5466
5466
5466
5470
5476
5476
5478
5496
5498
5504
5510
5518
5522
5530
5532
5534
5538
5540
5540
5542
5558
5566
5568
5568
5570
5580
5588
5592
5608
5608
5610
5618
5622
5626
5626
5628
5638
5670
5700
5708
5720
5736
5750
5766
5778
5780
5780
5784
5786
5802
5804
5806
5806
5808
5818
5822
5844
5848
5848
5860
5862
5876
5898
5902
5908
5922
5930
5934
5934
5950
5950
5952
5954
5958
5964
5982
5990
5992
5996
5996
6002
6012
6018
6022
6026
6030
6034
6036
6048
6064
6064
6076
6080
6088
6090
6092
6096
6096
6118
6142
6154
6168
6182
6196
6228
6242
6258
6306
6320
6332
6350
6352
6372
6374
6408
6426
6466
6468
6474
6572
6588
6608
6628
6656
6658
6676
6690
6722
6726
6732
6748
6750
6768
6836
6852
6864
6876
6892
6912
6916
6918
6922
6924
6946
6970
6996
7004
7032
7088
7112
7114
7134
7152
7214
7220
7244
7270
7312
7384
7398
7412
7438
7464
7464
7474
7496
7544
7556
7588
7610
7614
7622
7660
7676
7712
7750
7764
7778
7842
7914
7960
7962
7992
8016
8024
8024
8068
8074
8110
8140
8144
8222
8286
8288
8292
8298
8312
8336
8344
8374
8406
8410
8442
8452
8456
8464
8512
8514
8558
8560
8580
8584
8586
8642
8668
8724
8758
8840
8850
8974
8976
8980
9024
9072
9092
9136
9158
9160
9166
9166
9166
9200
9204
9254
9364
9374
9378
9384
9398
9408
9452
9454
9506
9520
9550
9552
9584
9592
9596
9596
9598
9634
9766
9834
9862
9872
9876
9882
9914
9924
9994
10012
10120
10146
10200
10232
10256
10276
10318
10330
10370
10390
10426
10458
10486
10488
10510
10520
10578
10596
10604
10608
10650
10668
10674
10694
10716
10780
10790
10802
10850
10888
10940
10950
11014
11028
11064
11104
11232
11264
11270
11272
11302
11302
11328
11350
11370
11384
11438
11478
11508
11554
11554
11606
11632
11652
11680
11692
11742
11774
11776
11794
11794
11806
11874
11878
11892
11904
11918
11996
12000
12004
12022
12060
12158
12188
12188
12194
12234
12266
12292
12382
12390
12408
12408
12410
12426
12446
12454
12492
12508
12518
12572
12674
12692
12758
12800
12834
12854
12882
12882
12898
12906
12910
12950
12984
12996
13014
13030
13084
13106
13126
13154
13166
13176
13184
13188
13198
13276
13394
13450
13460
13484
13538
13546
13548
13608
13630
13636
13672
13690
13700
13702
13710
13740
13746
13778
13786
13924
13926
13960
13980
13984
13996
14040
14060
14160
14170
14184
14200
14210
14216
14220
14236
14256
14264
14278
14282
14328
14352
14378
14378
14394
14410
14412
14422
14432
14434
14450
14484
14498
14508
14522
14544
14544
14564
14564
14576
14592
14596
14606
14616
14666
14666
14666
14668
14682
14682
14686
14700
14714
14722
14722
14728
14748
14758
14760
14768
14770
14774
14778
14780
14780
14790
14802
14806
14808
14810
14812
14816
14826
14828
14834
14844
14848
14854
14862
14878
14878
14884
14884
14892
14900
14906
14906
14908
14910
14918
14918
14920
14928
14928
14930
14938
14938
14942
14946
14946
14970
14972
14976
14976
14984
14990
14996
15008
15018
15018
15024
15026
15028
15042
15048
15058
15062
15072
15074
15106
15108
15110
15126
15128
15136
15138
15144
15148
15152
15156
15156
15166
15166
15168
15190
15190
15198
15204
15210
15216
15222
15226
15226
15228
15242
15244
15244
15248
15248
15252
15252
15260
15272
15274
15276
15276
15276
15280
15280
15282
15290
15314
15324
15342
15342
15374
15392
15400
15414
15426
15434
15450
15476
15478
15482
15488
15488
15496
15498
15504
15522
15530
15544
15556
15560
15562
15576
15582
15588
15606
15608
15612
15626
15628
15654
15688
15722
15782
15784
15810
15818
15822
15856
15884
15890
15906
15998
16020
16070
16116
16168
16292
16334
16338
16370
16540
16542
16566
16618
16796
16970
17026
17078
17440
17472
17500
17504
17596
17650
17802
17868
18012
18154
18184
18286
18328
18430
18560
18744
19034
19192
19216
19304
19366
19380
19400
19404
19410
19436
19604
19708
19758
19776
19840
19894
19980
20138
20234
20298
20580
20808
20822
21034
21124
21164
21280
21344
21484
21504
21514
21608
21758
21770
21928
21960
22128
22208
22322
22334
22610
22634
22718
22870
22900
22906
23070
23172
23194
23340
23462
23548
23608
23624
23640
23690
23816
23854
23860
23892
23900
23916
23932
23936
23950
24064
24182
24210
24246
24276
24378
24392
24440
24448
24450
24556
24584
24590
24670
24670
24696
24738
24744
24748
24810
24820
24824
24832
24836
24852
25022
25058
25098
25216
25242
25266
25352
25352
25362
25424
25446
25502
25504
25620
25690
25734
25766
25792
25920
25974
26022
26346
26358
26434
26460
26468
26488
26646
26674
26816
26870
27074
27198
27224
27300
27432
27440
27504
27524
27554
27574
27726
27892
27988
28096
28234
28274
28290
28346
28364
28872
28988
29132
29250
29296
29708
29756
29786
29996
30004
30008
30096
30100
30304
30752
30788
30864
30916
30954
31116
31142
31144
31266
31280
31384
31434
31518
31946
32044
32138
32686
32758
32854
32862
32872
32884
32890
32904
33008
33018
33032
33064
33150
33218
33250
33278
33380
33472
33550
33602
33614
33664
33714
33744
33760
33812
33890
33908
33918
33928
33946
33972
33976
33984
34010
34038
34048
34060
34082
34092
34100
34130
34142
34156
34162
34188
34196
34196
34198
34202
34206
34206
34206
34260
34270
34272
34298
34318
34344
34354
34358
34366
34378
34380
34398
34450
34454
34458
34482
34490
34500
34504
34506
34514
34516
34532
34536
34540
34542
34546
34546
34546
34548
34550
34552
34556
34562
34646
34666
34670
34676
34694
34720
34750
34780
34804
34812
34830
34836
34848
34858
34914
34986
34998
35004
35054
35058
35078
35122
35248
35278
35282
35298
35320
35328
43266
43724
43842
43966
43974
44036
44354
44790
44982
45048
47208
53660
54460
68076
79042
87736
123888
252196
7192230
15713076
40385972
