Latencies
5126
5164
5188
5206
5220
5222
5240
5274
5274
5286
5290
5326
5334
5354
5354
5360
5364
5374
5386
5388
5398
5400
5408
5410
5410
5422
5438
5444
5450
5460
5472
5498
5504
5506
5506
5508
5514
5520
5520
5540
5546
5548
5558
5588
5590
5592
5626
5630
5636
5668
5686
5698
5702
5718
5720
5732
5740
5752
5758
5774
5780
5792
5800
5802
5804
5808
5808
5816
5820
5820
5820
5826
5828
5832
5840
5862
5880
5882
5896
5924
5928
5950
5966
5966
5968
5968
5978
5978
5980
5986
5986
5996
5998
6000
6000
6018
6018
6026
6030
6034
6036
6040
6048
6058
6070
6078
6080
6084
6086
6086
6098
6100
6114
6116
6120
6142
6142
6164
6166
6200
6200
6208
6236
6244
6256
6260
6318
6324
6330
6334
6344
6360
6368
6370
6380
6394
6394
6414
6418
6420
6432
6432
6432
6448
6452
6452
6454
6454
6460
6476
6484
6484
6496
6502
6508
6520
6534
6556
6570
6590
6608
6650
6652
6668
6674
6692
6700
6710
6716
6736
6740
6762
6764
6788
6804
6836
6880
6918
6922
6964
6970
6974
6978
6980
6988
6998
7000
7000
7014
7014
7034
7036
7042
7050
7068
7074
7084
7098
7098
7112
7126
7162
7172
7178
7198
7206
7220
7266
7270
7292
7320
7332
7338
7344
7402
7408
7408
7414
7424
7450
7464
7464
7470
7474
7474
7482
7484
7484
7486
7490
7492
7504
7510
7526
7532
7534
7546
7600
7608
7646
7736
7740
7740
7756
7762
7774
7824
7832
7850
7862
7870
7876
7886
7988
8002
8018
8022
8044
8046
8064
8070
8096
8098
8138
8140
8146
8148
8180
8212
8222
8230
8230
8232
8236
8244
8246
8252
8278
8308
8310
8312
8316
8326
8332
8360
8380
8384
8384
8418
8428
8444
8446
8446
8450
8458
8458
8508
8542
8548
8550
8556
8556
8562
8564
8566
8570
8578
8580
8596
8618
8630
8672
8714
8732
8742
8762
8772
8776
8786
8796
8796
8816
8826
8860
8874
8918
8954
8954
8976
9020
9068
9076
9082
9088
9098
9098
9124
9154
9158
9160
9172
9172
9188
9194
9194
9204
9206
9206
9212
9252
9254
9268
9268
9296
9312
9312
9374
9380
9382
9396
9426
9428
9434
9444
9494
9528
9570
9580
9582
9630
9690
9692
9700
9774
9786
9792
9792
9804
9844
9892
9926
9948
9970
9982
9986
9988
10018
10026
10040
10054
10066
10080
10098
10100
10106
10112
10120
10154
10158
10164
10172
10220
10224
10258
10266
10268
10276
10304
10310
10368
10376
10388
10398
10406
10428
10466
10476
10544
10552
10556
10558
10566
10570
10580
10628
10638
10640
10640
10648
10684
10684
10780
10838
10840
10858
10880
10892
10904
10906
10994
11044
11062
11140
11144
11152
11172
11178
11226
11226
11246
11278
11308
11314
11328
11390
11404
11426
11442
11470
11472
11474
11478
11538
11546
11558
11560
11572
11612
11614
11654
11664
11672
11680
11690
11716
11722
11736
11780
11788
11820
11868
11876
11918
11922
11926
11936
11940
11958
11988
11990
11990
12046
12052
12080
12080
12086
12108
12126
12150
12154
12160
12164
12168
12188
12264
12292
12292
12292
12300
12324
12334
12344
12442
12448
12472
12474
12482
12482
12484
12492
12520
12618
12662
12722
12736
12748
12756
12784
12820
12832
12858
12876
12878
12890
12908
12914
12916
12920
12946
12948
12968
12974
12978
12982
12990
13020
13022
13052
13064
13066
13070
13082
13096
13108
13110
13112
13166
13190
13196
13216
13222
13230
13248
13252
13286
13292
13334
13372
13404
13448
13450
13462
13470
13478
13488
13552
13562
13568
13582
13614
13700
13706
13710
13750
13774
13792
13796
13802
13804
13822
13824
13826
13826
13836
13854
13912
13932
13958
13962
13964
13972
13972
13982
14012
14042
14074
14076
14084
14086
14094
14112
14124
14128
14134
14142
14142
14162
14168
14186
14194
14216
14232
14260
14290
14328
14332
14382
14382
14388
14390
14402
14410
14410
14414
14414
14440
14440
14442
14446
14470
14476
14476
14508
14516
14520
14542
14544
14546
14546
14566
14568
14584
14594
14602
14604
14608
14608
14612
14624
14628
14636
14644
14646
14648
14654
14656
14676
14676
14684
14684
14688
14690
14692
14694
14696
14698
14706
14708
14722
14722
14724
14726
14730
14742
14744
14746
14746
14748
14748
14750
14758
14758
14768
14782
14786
14786
14788
14794
14796
14796
14796
14802
14802
14806
14806
14814
14820
14820
14836
14842
14846
14854
14860
14860
14864
14868
14874
14878
14884
14886
14888
14892
14914
14920
14920
14928
14928
14930
14938
14942
14950
14954
14954
14958
14958
14960
14962
14974
14980
14984
14984
14986
14996
15000
15006
15006
15020
15024
15024
15030
15030
15032
15038
15040
15046
15048
15050
15054
15054
15058
15070
15070
15082
15088
15100
15104
15114
15118
15118
15118
15120
15122
15130
15132
15132
15140
15144
15144
15144
15150
15152
15158
15170
15172
15180
15190
15196
15200
15202
15204
15206
15208
15216
15218
15240
15250
15266
15268
15268
15270
15274
15314
15320
15330
15332
15344
15348
15354
15354
15362
15370
15402
15408
15416
15416
15420
15422
15424
15440
15442
15446
15454
15480
15480
15480
15482
15488
15500
15508
15510
15516
15520
15532
15562
15566
15586
15586
15604
15604
15610
15628
15634
15644
15658
15682
15714
15726
15730
15734
15742
15752
15756
15758
15772
15806
15824
15850
15882
15896
15922
15976
16048
16050
16058
16074
16084
16094
16102
16106
16144
16202
16250
16284
16296
16698
16758
16784
16818
17152
17268
17300
18282
18464
18714
18734
18848
19186
19408
19508
19512
19644
19690
20274
20838
21834
21966
22458
22896
23060
23600
23966
24102
24140
24150
24236
24360
24366
24514
24532
24556
24560
24582
24584
24700
24754
24766
24880
24960
24978
24996
25020
25034
25064
25150
25328
25428
25520
26104
27592
27598
29664
34554
35160
35584
35788
36286
42072
44328
46162
66490
79432
238560
