Latencies
5184
5316
5322
5326
5336
5338
5346
5350
5354
5354
5356
5356
5372
5374
5376
5380
5382
5384
5400
5400
5400
5410
5414
5422
5430
5436
5440
5442
5446
5464
5466
5468
5468
5472
5486
5498
5510
5512
5514
5524
5536
5538
5542
5544
5546
5550
5554
5554
5556
5560
5564
5570
5570
5590
5612
5614
5618
5626
5628
5636
5640
5646
5672
5672
5696
5704
5752
5752
5756
5762
5762
5766
5768
5770
5774
5776
5794
5802
5804
5826
5836
5842
5862
5864
5866
5872
5872
5882
5888
5896
5906
5912
5912
5922
5922
5936
5936
5962
5986
5990
5994
5998
6014
6016
6028
6038
6042
6050
6050
6052
6058
6068
6076
6084
6088
6094
6094
6114
6130
6140
6148
6154
6158
6168
6178
6184
6186
6202
6234
6242
6256
6270
6282
6294
6314
6322
6338
6342
6370
6376
6378
6384
6426
6432
6438
6440
6460
6478
6480
6490
6494
6528
6530
6540
6542
6558
6586
6608
6622
6630
6630
6630
6634
6644
6650
6654
6694
6696
6716
6736
6754
6766
6774
6780
6782
6794
6822
6828
6840
6842
6844
6854
6860
6894
6898
6900
6906
6908
6920
6930
6932
6954
6956
6964
6968
6972
6982
6992
7010
7030
7040
7046
7048
7052
7054
7066
7070
7080
7100
7102
7116
7120
7122
7124
7128
7132
7158
7166
7190
7218
7236
7260
7280
7324
7336
7370
7376
7376
7392
7402
7428
7452
7454
7454
7464
7498
7504
7516
7572
7592
7610
7620
7630
7632
7640
7672
7676
7694
7716
7748
7754
7758
7768
7774
7776
7790
7800
7806
7808
7814
7824
7826
7834
7834
7838
7848
7856
7858
7862
7870
7872
7900
7970
7996
8034
8042
8062
8070
8094
8096
8116
8126
8208
8208
8218
8290
8362
8382
8404
8432
8434
8438
8490
8506
8512
8518
8546
8566
8592
8598
8602
8604
8610
8626
8674
8686
8722
8760
8780
8834
8834
8836
8846
8858
8864
8876
8898
8904
8908
8914
8922
8938
8942
8978
8982
8986
9020
9052
9072
9082
9096
9096
9102
9126
9144
9168
9172
9178
9198
9204
9216
9250
9256
9258
9282
9294
9300
9306
9330
9354
9362
9368
9378
9390
9410
9420
9424
9426
9428
9428
9430
9446
9482
9486
9500
9508
9520
9548
9566
9578
9582
9600
9604
9632
9634
9674
9680
9680
9696
9698
9704
9708
9720
9724
9728
9732
9810
9810
9812
9860
9862
9910
9928
9936
9954
9960
9962
9976
10000
10008
10026
10036
10042
10092
10094
10108
10110
10128
10136
10138
10152
10184
10186
10202
10206
10224
10246
10252
10268
10284
10286
10300
10332
10344
10370
10384
10384
10422
10442
10448
10460
10492
10494
10518
10528
10534
10582
10598
10600
10616
10640
10674
10676
10690
10702
10742
10742
10778
10796
10808
10808
10824
10826
10834
10858
10866
10892
10924
10924
10966
10986
10994
11014
11022
11034
11052
11054
11056
11078
11138
11166
11178
11186
11192
11212
11326
11396
11406
11416
11418
11422
11460
11476
11490
11496
11498
11556
11586
11600
11622
11644
11658
11698
11710
11716
11722
11752
11752
11764
11798
11806
11810
11826
11826
11840
11840
11856
11864
11866
11882
11918
11940
11954
11964
11966
12030
12034
12046
12050
12050
12052
12068
12116
12126
12126
12132
12154
12186
12192
12192
12214
12216
12226
12238
12282
12300
12324
12338
12378
12380
12394
12410
12454
12462
12484
12486
12512
12514
12516
12518
12562
12564
12566
12578
12596
12604
12640
12658
12662
12678
12686
12710
12732
12734
12742
12770
12770
12786
12800
12836
12854
12900
12912
12928
12948
12976
12984
12986
12994
13004
13016
13046
13052
13074
13084
13092
13098
13122
13134
13144
13144
13166
13194
13200
13214
13218
13222
13224
13228
13230
13238
13250
13292
13368
13402
13406
13406
13442
13464
13468
13470
13480
13524
13550
13572
13580
13590
13606
13636
13640
13642
13662
13674
13676
13692
13692
13702
13770
13786
13808
13824
13834
13846
13846
13866
13870
13902
13934
13934
14010
14024
14036
14038
14038
14046
14156
14166
14166
14166
14190
14208
14208
14210
14218
14232
14234
14244
14244
14250
14252
14258
14260
14268
14304
14308
14316
14322
14326
14328
14332
14342
14344
14352
14354
14356
14366
14378
14392
14400
14402
14402
14404
14414
14416
14420
14424
14428
14434
14452
14464
14466
14470
14480
14490
14508
14514
14516
14524
14524
14526
14546
14566
14574
14580
14580
14584
14586
14586
14586
14590
14594
14598
14598
14602
14608
14610
14622
14628
14636
14638
14640
14642
14648
14658
14660
14664
14674
14684
14692
14706
14712
14714
14714
14724
14724
14736
14738
14744
14750
14750
14760
14772
14776
14788
14788
14790
14790
14794
14808
14810
14810
14810
14814
14818
14820
14820
14824
14830
14830
14842
14850
14852
14858
14858
14874
14878
14880
14886
14892
14892
14892
14898
14898
14898
14900
14904
14904
14908
14912
14920
14922
14928
14932
14934
14936
14936
14938
14940
14940
14946
14950
14956
14960
14962
14964
14964
14976
14978
14982
14990
14994
15010
15018
15024
15032
15034
15034
15038
15038
15046
15048
15048
15050
15054
15056
15062
15062
15064
15064
15068
15072
15084
15084
15086
15090
15090
15092
15094
15096
15098
15102
15102
15106
15126
15128
15128
15136
15140
15142
15146
15152
15154
15158
15164
15164
15172
15174
15176
15178
15178
15184
15188
15190
15198
15204
15206
15208
15216
15222
15226
15228
15232
15232
15238
15242
15244
15248
15250
15250
15258
15266
15272
15276
15282
15284
15286
15286
15296
15296
15302
15302
15304
15304
15306
15306
15308
15308
15316
15318
15328
15334
15344
15354
15354
15354
15370
15382
15388
15388
15392
15396
15400
15404
15408
15412
15414
15422
15428
15450
15458
15474
15476
15478
15480
15486
15494
15496
15500
15510
15516
15520
15524
15526
15526
15530
15540
15542
15558
15558
15562
15570
15572
15572
15584
15592
15604
15634
15636
15648
15678
15688
15692
15698
15702
15710
15718
15724
15738
15744
15752
15772
15772
15810
15814
15846
15862
15864
15894
15910
15914
15948
15956
15978
15988
16014
16018
16050
16228
16262
16276
16368
16464
16492
17136
17596
18310
23856
24744
24828
24850
24904
24974
25178
25330
25636
25684
26480
35168
40442
50788
53888
58714
68566
85588
127238
130844
139840
506496
555276
3233298
