Latencies
5414
5622
5972
6034
6050
6058
6082
6108
6142
6144
6296
6330
6414
6452
6482
6496
6646
6714
6750
6802
6956
6996
7146
7188
7290
7294
7306
7320
7352
7508
7524
7578
7740
7896
8100
8176
8208
8234
8530
8540
8544
8758
8916
8942
9072
9210
9220
9696
9898
10042
10144
10194
10198
10336
10416
10418
10432
10490
10600
10706
10936
10948
10974
11000
11246
11280
11304
11438
11570
11608
11702
11710
11848
11914
11922
12066
12294
12378
12454
12736
12834
12866
12886
12924
12988
13214
13250
13348
13358
13432
13708
13738
13842
13852
13870
13960
14228
14330
14352
14378
14392
14396
14520
14542
14556
14558
14564
14626
14652
14658
14676
14680
14682
14700
14700
14702
14714
14718
14720
14722
14732
14742
14758
14764
14772
14778
14778
14782
14804
14816
14818
14822
14840
14856
14868
14868
14872
14876
14880
14882
14886
14896
14904
14914
14916
14928
14944
14946
14952
14960
14974
14980
14984
14988
14998
15004
15020
15024
15042
15062
15080
15084
15142
15154
15160
15166
15216
15226
15256
15258
15258
15280
15286
15288
15302
15308
15372
15376
15386
15416
15454
15456
15460
15480
15504
15540
15542
15578
15610
15612
15616
15622
15624
15636
15654
15672
15692
15704
15710
15734
15736
15738
15760
15764
15774
15828
15860
15878
15910
15924
15948
15968
15982
15998
16032
16096
16102
16184
16222
16278
16472
16534
16660
16664
16686
16800
16832
16900
16934
17094
17152
17162
17210
17216
17452
17508
17528
17748
17896
18016
18044
18086
18102
18134
18136
18196
18352
18356
18476
18622
18786
18806
18838
19180
19228
19248
19260
19350
19356
19576
19602
19608
19638
19784
19866
19872
19886
19902
20000
20056
20168
20192
20318
20412
20440
20462
20514
20676
20714
20742
20758
20838
20862
20902
21024
21072
21158
21290
21324
21468
21626
21634
21822
21918
21934
22038
22120
22136
22220
22300
22418
22432
22492
22528
22544
22584
22588
22620
22634
22862
22864
23016
23080
23090
23136
23194
23256
23416
23472
23502
23532
23632
23634
23714
23754
23754
23808
23828
23842
24012
24022
24064
24070
24096
24100
24120
24146
24164
24166
24166
24178
24210
24246
24254
24278
24280
24282
24292
24300
24302
24340
24348
24368
24380
24384
24402
24416
24454
24480
24508
24530
24532
24578
24580
24592
24594
24602
24602
24618
24630
24634
24682
24702
24704
24748
24752
24760
24766
24774
24780
24780
24792
24814
24852
24862
24866
24872
24890
24914
24946
25024
25048
25100
25102
25134
25168
25172
25200
25230
25234
25238
25270
25284
25294
25324
25334
25338
25360
25394
25422
25446
25452
25496
25498
25520
25580
25622
25640
25732
25738
25906
25908
26000
26034
26050
26052
26080
26192
26286
26306
26350
26482
26490
26542
26568
26598
26650
26710
26726
27050
27070
27094
27110
27134
27150
27244
27262
27314
27392
27428
27516
27606
27642
27674
27698
27708
27782
27784
27836
28008
28062
28162
28174
28232
28232
28260
28294
28546
28562
28602
28620
28662
28666
28724
28732
28738
28740
28776
28900
29024
29228
29258
29308
29438
29498
29574
29608
29632
29696
29746
29762
30104
30106
30332
30336
30768
30852
30960
31042
31188
31226
31244
31278
31386
31618
31792
31808
31828
31944
32166
32184
32244
32476
32484
32622
32662
32694
32806
32902
32958
32992
33040
33146
33152
33198
33268
33354
33360
33510
33564
33626
33650
33702
33734
33740
33768
33788
33816
33828
33832
33838
33898
33920
33992
34004
34014
34032
34056
34086
34092
34094
34098
34110
34114
34116
34126
34140
34160
34164
34180
34192
34196
34204
34220
34240
34252
34272
34280
34308
34316
34340
34348
34358
34360
34362
34402
34426
34442
34444
34450
34452
34454
34468
34478
34480
34484
34492
34496
34502
34512
34512
34558
34564
34582
34614
34650
34672
34674
34674
34682
34686
34690
34692
34716
34738
34744
34752
34760
34768
34832
34850
34864
34868
34868
34884
34904
34926
34932
34940
34958
34966
34974
34974
35022
35026
35048
35054
35062
35098
35156
35172
35186
35216
35218
35236
35286
35294
35322
35352
35356
35404
35498
35514
35594
35700
35700
35710
35954
35956
35970
36016
36086
36120
36284
36296
36392
36436
36660
36696
36710
36714
36968
37094
37170
37236
37300
37306
38154
38248
38536
38634
38646
38704
39228
39296
39430
39472
39746
39816
39872
40038
40048
40088
40118
40440
40494
40526
40768
41320
42002
42496
42690
42780
43118
43118
43162
43276
43454
43488
43550
43556
43570
43684
43820
43834
43946
43964
43968
44010
44092
44176
44340
44414
44426
44492
44508
44524
44590
44696
44784
44790
44798
44832
44926
44944
45238
45248
45250
45442
45626
45668
46050
46128
46334
46504
46578
46798
46906
47010
47156
47156
47238
47322
47802
47974
48468
48548
48752
48752
48782
49744
49802
49930
50006
50016
50106
50316
50344
50556
50732
50744
51196
51548
51672
51796
51848
51856
52420
52546
52636
52746
52830
52890
53024
53112
53126
53146
53164
53176
53200
53248
53324
53396
53424
53512
53540
53568
53588
53598
53654
53668
53672
53674
53708
53748
53752
53808
53934
53948
53990
53990
54008
54008
54056
54084
54084
54100
54112
54118
54120
54124
54126
54130
54132
54142
54144
54152
54168
54174
54192
54192
54206
54222
54228
54248
54264
54266
54270
54310
54344
54468
54478
54510
54534
54536
54544
54548
54584
54606
54616
54630
54670
54694
54708
54724
54768
54768
54768
54778
54870
54904
54998
55026
55036
55136
55156
55200
55262
55310
55454
56494
56500
56570
56700
57512
57808
58496
58600
59136
59252
59730
59928
60194
60226
61214
62018
62480
62992
63170
63190
63368
63392
63496
63614
63796
63904
63938
64298
64448
64614
65476
65486
65800
65828
66478
66670
66938
67110
67626
67774
67976
68184
69680
69682
69986
70114
71000
72678
72868
72916
73046
73084
73114
73216
73230
73240
73266
73290
73332
73438
73478
73496
73506
73650
73682
73758
73826
73828
73838
73956
74000
74008
74082
74102
74132
74232
74318
74510
74574
75608
75618
75886
76226
80006
90174
91850
93186
93216
96210
98322
107736
116668
129640
145860
168942
176084
191284
263078
275180
280858
311660
338908
340692
365354
470424
653838
667510
1253900
1366872
2546590
7394400
