Latencies
5162
5176
5240
5284
5284
5370
5570
5636
5674
5722
5734
5736
5764
5768
5788
5826
5830
5856
5864
5868
5894
5908
5922
5924
5934
5948
5950
5960
5998
6000
6018
6020
6020
6046
6064
6074
6076
6092
6138
6148
6178
6246
6252
6266
6284
6374
6406
6410
6432
6482
6490
6492
6496
6550
6584
6596
6608
6610
6660
6720
6722
6726
6746
6758
6770
6770
6774
6800
6802
6808
6842
6844
6846
6870
6888
6904
6908
6910
6948
6960
6966
7002
7028
7030
7038
7102
7116
7160
7190
7198
7212
7234
7256
7294
7302
7306
7344
7384
7394
7400
7416
7434
7462
7466
7474
7514
7526
7528
7610
7616
7618
7622
7626
7626
7634
7654
7690
7708
7712
7724
7778
7806
7850
7852
7870
7892
7976
7994
8014
8020
8038
8050
8064
8080
8094
8154
8172
8206
8216
8240
8262
8266
8266
8272
8326
8340
8340
8340
8348
8360
8382
8384
8388
8392
8398
8406
8434
8462
8468
8504
8512
8572
8582
8602
8612
8632
8634
8644
8652
8656
8740
8760
8778
8810
8810
8818
8820
8862
8874
8880
8894
8900
8934
8944
8976
9010
9036
9060
9076
9138
9156
9158
9232
9270
9278
9286
9360
9364
9384
9396
9396
9398
9412
9420
9438
9466
9466
9470
9474
9492
9540
9552
9582
9624
9662
9710
9730
9770
9776
9812
9898
9932
9964
9966
9972
9974
9980
10000
10002
10026
10050
10054
10084
10184
10194
10232
10236
10286
10324
10350
10390
10418
10462
10464
10472
10472
10478
10502
10514
10520
10532
10586
10612
10614
10616
10646
10700
10712
10756
10794
10858
10870
10906
10932
10940
10942
10950
10968
11026
11078
11088
11092
11098
11128
11128
11130
11138
11160
11200
11234
11244
11308
11334
11334
11360
11360
11406
11442
11456
11476
11508
11528
11558
11628
11642
11648
11680
11696
11718
11764
11780
11782
11788
11850
11878
11940
11944
11946
11946
11956
11984
12018
12032
12032
12034
12046
12048
12058
12060
12068
12076
12076
12148
12148
12148
12186
12226
12228
12242
12266
12308
12312
12334
12336
12342
12342
12346
12348
12366
12376
12420
12434
12502
12508
12554
12554
12566
12574
12576
12636
12640
12644
12672
12676
12696
12698
12712
12734
12758
12792
12812
12820
12840
12860
12874
12894
12920
12948
12952
12952
12978
12996
13002
13016
13058
13100
13144
13186
13212
13234
13286
13290
13322
13330
13356
13372
13374
13396
13402
13440
13446
13450
13450
13474
13500
13502
13528
13540
13542
13548
13564
13580
13600
13680
13726
13734
13794
13824
13834
13856
13862
13882
13896
13942
13986
13996
14000
14034
14058
14064
14094
14100
14100
14138
14144
14156
14208
14234
14264
14270
14292
14304
14320
14330
14344
14376
14388
14390
14390
14400
14404
14418
14418
14426
14428
14438
14450
14472
14494
14500
14512
14514
14518
14524
14534
14540
14544
14546
14560
14584
14596
14606
14628
14634
14642
14644
14646
14652
14658
14664
14672
14672
14676
14700
14714
14716
14718
14718
14726
14732
14734
14734
14736
14736
14746
14786
14802
14806
14806
14838
14842
14846
14856
14866
14868
14878
14906
14912
14912
14912
14922
14922
14928
14928
14930
14940
14942
14946
14962
14962
14974
14982
14990
14998
15004
15016
15016
15026
15030
15032
15034
15034
15038
15042
15050
15050
15052
15054
15060
15062
15086
15096
15096
15098
15098
15100
15100
15106
15108
15126
15142
15142
15144
15180
15180
15192
15200
15204
15220
15226
15242
15266
15266
15282
15292
15294
15294
15308
15314
15318
15322
15326
15342
15352
15360
15364
15370
15370
15382
15384
15390
15390
15392
15394
15408
15416
15418
15434
15438
15440
15448
15450
15452
15456
15460
15478
15484
15498
15518
15542
15556
15558
15562
15576
15580
15586
15588
15588
15592
15604
15638
15642
15648
15672
15678
15692
15706
15728
15732
15744
15746
15748
15766
15774
15792
15796
15800
15812
15840
15850
15856
15986
15986
16000
16002
16004
16004
16006
16008
16052
16058
16076
16076
16086
16122
16190
16192
16222
16242
16246
16250
16252
16290
16294
16302
16322
16372
16388
16486
16488
16532
16558
16698
16794
16828
16844
16882
17056
17066
17076
17118
17140
17144
17190
17192
17216
17244
17252
17334
17398
17552
17552
17734
17776
17840
17982
18050
18060
18092
18098
18106
18130
18132
18164
18268
18428
18474
18482
18484
18486
18540
18580
18664
18688
18714
18820
18828
18900
18976
18986
19034
19184
19242
19246
19454
19500
19514
19618
19622
19636
19646
19854
19916
19954
19980
20034
20156
20220
20222
20244
20248
20264
20396
20412
20492
20494
20560
20618
20654
20734
20738
20778
20782
20802
20848
20850
20850
20858
20884
21034
21082
21132
21212
21226
21388
21394
21476
21514
21540
21566
21628
21662
21664
21680
21686
21706
21738
21822
21902
22010
22056
22086
22104
22180
22224
22250
22336
22388
22436
22444
22556
22562
22580
22622
22634
22668
22910
22926
22948
23062
23124
23142
23210
23216
23252
23318
23388
23404
23474
23494
23538
23636
23724
23806
23846
23858
23872
23956
24022
24038
24058
24060
24092
24124
24138
24140
24146
24148
24150
24152
24162
24168
24188
24204
24206
24212
24216
24224
24278
24310
24328
24344
24358
24408
24426
24436
24448
24448
24462
24468
24480
24500
24502
24508
24510
24528
24532
24532
24546
24550
24556
24572
24582
24584
24586
24606
24606
24644
24648
24676
24684
24712
24716
24734
24740
24742
24770
24776
24778
24794
24800
24808
24812
24816
24820
24828
24832
24834
24838
24840
24860
24878
24896
24902
24922
24924
24940
24940
24944
24984
25000
25024
25036
25038
25060
25072
25084
25120
25126
25146
25146
25148
25152
25170
25192
25206
25208
25226
25226
25228
25234
25264
25290
25316
25324
25348
25354
25358
25372
25430
25448
25450
25538
25556
25578
25582
25582
25592
25608
25610
25654
25682
25684
25686
25720
25742
25826
25840
25844
25854
25874
26216
26448
26542
26590
26604
26642
26712
26806
28028
28064
28300
28434
28566
29186
29490
29818
30220
30292
30344
30574
30878
30912
31008
31132
31608
31616
32598
32610
32830
32902
32976
33008
33020
33558
33742
33748
33752
33844
34100
34108
34358
34376
34516
34532
34622
34748
34822
34870
35046
35200
35236
35892
37318
38794
39912
40506
43352
44140
45380
51810
53110
53614
54584
57248
58118
58578
109818
334802
905044
