Latencies
5238
5242
5254
5262
5266
5268
5272
5274
5276
5276
5280
5286
5286
5292
5304
5306
5306
5308
5308
5310
5312
5314
5314
5318
5320
5322
5326
5326
5326
5326
5328
5328
5332
5332
5332
5336
5340
5342
5346
5350
5352
5356
5356
5356
5360
5360
5360
5370
5370
5370
5372
5384
5388
5388
5390
5392
5398
5400
5402
5404
5406
5406
5406
5408
5410
5412
5412
5414
5416
5416
5420
5420
5420
5422
5422
5432
5432
5434
5436
5438
5438
5440
5442
5442
5442
5444
5450
5452
5458
5464
5466
5468
5474
5478
5490
5490
5492
5496
5496
5496
5498
5500
5500
5502
5512
5514
5520
5520
5530
5532
5538
5538
5540
5550
5554
5556
5562
5566
5570
5590
5596
5596
5600
5602
5604
5606
5612
5614
5622
5624
5626
5634
5646
5650
5658
5658
5670
5676
5680
5682
5682
5686
5688
5696
5696
5698
5700
5708
5712
5716
5718
5732
5736
5738
5740
5746
5746
5762
5768
5772
5774
5774
5782
5784
5786
5796
5804
5812
5816
5820
5824
5830
5832
5840
5842
5844
5852
5872
5872
5872
5874
5878
5878
5878
5880
5890
5890
5900
5902
5902
5904
5904
5906
5908
5910
5912
5914
5920
5920
5924
5924
5924
5928
5936
5936
5944
5954
5962
5966
5988
5990
5992
5992
6002
6008
6012
6012
6016
6026
6028
6034
6036
6046
6048
6048
6054
6056
6058
6060
6062
6062
6066
6066
6068
6070
6072
6072
6074
6078
6078
6080
6082
6084
6084
6086
6092
6098
6106
6116
6122
6124
6126
6132
6138
6148
6150
6152
6172
6184
6184
6184
6188
6196
6210
6212
6214
6220
6224
6228
6232
6236
6246
6252
6270
6282
6284
6286
6288
6290
6304
6312
6316
6320
6364
6378
6388
6410
6446
6468
6472
6474
6476
6480
6486
6486
6490
6500
6508
6510
6512
6518
6550
6566
6568
6576
6612
6628
6632
6660
6670
6684
6706
6734
6740
6742
6746
6764
6766
6784
6786
6810
6816
6818
6828
6840
6846
6850
6856
6866
6870
6886
6912
6968
6990
7000
7006
7008
7018
7034
7042
7068
7076
7082
7120
7140
7148
7178
7220
7220
7226
7270
7270
7286
7286
7306
7330
7340
7346
7356
7358
7378
7390
7394
7418
7460
7466
7472
7492
7506
7510
7526
7532
7544
7556
7604
7640
7664
7670
7692
7692
7722
7738
7746
7752
7772
7792
7794
7800
7810
7830
7860
7864
7868
7872
7874
7876
7910
7920
7924
7978
7996
8002
8042
8048
8072
8082
8094
8098
8112
8122
8176
8186
8200
8238
8274
8306
8368
8404
8406
8486
8502
8512
8540
8546
8570
8572
8654
8658
8658
8682
8692
8708
8718
8740
8742
8760
8812
8830
8862
8922
8936
8942
8944
8966
8990
9064
9066
9066
9126
9184
9196
9200
9204
9210
9216
9218
9244
9274
9320
9334
9334
9342
9424
9444
9456
9464
9468
9482
9510
9580
9602
9612
9616
9658
9786
9786
9870
9882
9902
9914
9996
10064
10088
10142
10154
10178
10200
10212
10272
10272
10296
10312
10336
10344
10348
10372
10390
10464
10468
10470
10474
10502
10526
10526
10528
10550
10564
10648
10680
10716
10732
10732
10748
10752
10786
10810
10898
10926
10936
11004
11020
11044
11062
11070
11074
11082
11084
11094
11112
11154
11154
11160
11254
11276
11286
11336
11404
11406
11430
11440
11454
11480
11482
11492
11512
11518
11520
11534
11626
11668
11676
11692
11708
11726
11730
11778
11790
11792
11806
11842
11876
11886
11908
11950
11956
11960
11962
12022
12068
12124
12152
12158
12176
12210
12224
12268
12294
12310
12352
12360
12384
12394
12402
12428
12434
12434
12436
12472
12520
12528
12538
12578
12582
12594
12642
12658
12714
12744
12754
12760
12762
12780
12784
12790
12828
12850
12854
12864
12892
12908
12928
12960
12966
12984
13002
13026
13030
13042
13054
13056
13060
13080
13080
13098
13112
13132
13180
13182
13266
13284
13304
13308
13318
13320
13326
13336
13344
13350
13374
13400
13416
13438
13454
13478
13494
13512
13550
13576
13592
13616
13618
13628
13640
13676
13684
13696
13714
13732
13738
13744
13752
13792
13806
13814
13820
13844
13882
13892
13898
13920
13924
13936
13936
13964
14026
14026
14066
14068
14116
14122
14148
14164
14168
14174
14190
14204
14222
14252
14254
14258
14272
14276
14282
14294
14298
14314
14322
14332
14342
14346
14352
14382
14388
14388
14402
14408
14412
14468
14476
14480
14484
14490
14490
14508
14524
14538
14548
14554
14570
14572
14586
14602
14604
14608
14610
14610
14614
14616
14618
14620
14624
14634
14640
14642
14652
14684
14690
14698
14698
14708
14712
14718
14726
14728
14732
14734
14736
14736
14738
14752
14766
14766
14768
14768
14770
14790
14808
14822
14822
14840
14840
14842
14846
14850
14850
14854
14860
14862
14888
14888
14892
14900
14904
14912
14914
14914
14932
14958
14980
14982
14984
14984
14992
14996
14998
14998
15008
15010
15022
15024
15030
15034
15046
15048
15052
15066
15068
15078
15082
15086
15094
15100
15104
15108
15110
15110
15116
15118
15122
15132
15132
15142
15148
15148
15166
15176
15176
15178
15180
15184
15186
15186
15198
15206
15212
15216
15216
15222
15226
15250
15252
15252
15256
15262
15276
15286
15294
15296
15306
15314
15340
15360
15382
15388
15388
15400
15404
15406
15416
15418
15430
15430
15434
15434
15450
15452
15456
15466
15474
15482
15486
15516
15518
15532
15536
15542
15546
15560
15562
15568
15580
15596
15610
15620
15656
15672
15674
15674
15696
15700
15702
15714
15732
15750
15772
15812
15824
15872
15888
15896
15900
15918
15926
15930
15950
15950
16064
16070
16140
16148
16152
16236
16276
16328
16612
16710
17044
17218
17322
17612
17846
18062
18560
18622
18874
19070
20024
20100
20396
20482
21288
21468
21596
21606
21610
21634
21670
21834
21950
21982
22042
22160
22828
23010
23082
23160
23328
23408
23442
23460
23474
23566
23640
23662
23962
23994
24020
24036
24154
24208
24324
24382
24436
24492
24510
24614
24630
24694
24824
24830
25088
25152
25460
32878
33796
33994
68346
98202
158452
176250
311312
1343880
