Latencies
4976
4994
5006
5028
5032
5038
5040
5042
5042
5048
5048
5050
5052
5054
5054
5056
5064
5066
5068
5068
5072
5074
5082
5082
5082
5082
5090
5092
5094
5096
5098
5102
5104
5104
5106
5106
5106
5108
5110
5112
5112
5112
5112
5114
5114
5114
5116
5116
5118
5124
5124
5128
5132
5136
5138
5140
5142
5142
5142
5142
5144
5146
5146
5146
5150
5154
5156
5158
5158
5160
5162
5164
5166
5166
5166
5166
5166
5168
5168
5170
5170
5172
5172
5172
5174
5174
5176
5176
5176
5178
5178
5178
5180
5180
5180
5182
5182
5184
5186
5186
5186
5186
5186
5186
5188
5188
5188
5188
5188
5188
5188
5188
5190
5190
5190
5192
5192
5194
5194
5194
5194
5196
5196
5198
5198
5198
5200
5200
5200
5202
5202
5202
5204
5204
5206
5206
5206
5206
5206
5208
5208
5208
5210
5210
5210
5212
5212
5214
5214
5214
5214
5214
5214
5214
5216
5216
5216
5218
5218
5218
5218
5218
5218
5220
5222
5222
5224
5224
5224
5224
5224
5226
5226
5228
5228
5228
5228
5230
5230
5230
5232
5232
5232
5234
5234
5234
5234
5236
5236
5236
5238
5238
5238
5240
5240
5240
5240
5240
5240
5240
5240
5242
5242
5242
5242
5242
5242
5242
5242
5244
5244
5244
5244
5244
5244
5244
5244
5244
5246
5246
5248
5248
5248
5248
5248
5248
5248
5248
5250
5250
5250
5250
5252
5252
5252
5254
5254
5254
5254
5254
5256
5256
5258
5258
5258
5260
5260
5260
5262
5262
5262
5262
5264
5264
5264
5266
5266
5266
5268
5268
5268
5268
5268
5268
5270
5270
5270
5270
5270
5270
5272
5274
5274
5274
5274
5276
5276
5278
5278
5280
5280
5280
5280
5280
5280
5282
5282
5282
5282
5282
5282
5284
5284
5284
5284
5284
5286
5286
5286
5286
5286
5288
5288
5288
5288
5290
5290
5290
5290
5290
5292
5292
5292
5292
5292
5292
5294
5294
5294
5294
5294
5296
5296
5296
5296
5298
5300
5300
5300
5300
5300
5300
5300
5302
5302
5304
5304
5306
5306
5306
5306
5308
5308
5310
5310
5310
5312
5312
5316
5316
5318
5318
5322
5324
5324
5324
5326
5328
5328
5328
5328
5330
5330
5332
5332
5334
5334
5334
5336
5336
5336
5340
5340
5340
5340
5340
5342
5342
5344
5346
5350
5350
5352
5354
5354
5354
5356
5356
5360
5362
5362
5362
5364
5364
5368
5368
5368
5370
5372
5372
5372
5374
5374
5376
5376
5378
5378
5380
5380
5380
5380
5382
5382
5382
5384
5384
5384
5384
5386
5388
5388
5390
5390
5392
5392
5392
5394
5396
5396
5398
5398
5400
5400
5402
5402
5402
5404
5404
5406
5408
5408
5408
5410
5410
5410
5410
5412
5412
5412
5412
5414
5416
5418
5418
5420
5420
5420
5420
5422
5424
5426
5426
5426
5428
5428
5430
5430
5432
5434
5434
5436
5438
5442
5444
5446
5448
5450
5452
5452
5454
5454
5456
5456
5458
5458
5458
5460
5462
5462
5464
5464
5468
5468
5472
5472
5472
5474
5474
5476
5476
5476
5478
5480
5484
5484
5486
5486
5486
5488
5490
5490
5490
5494
5496
5498
5500
5500
5504
5506
5508
5510
5510
5512
5516
5516
5516
5518
5518
5518
5520
5524
5524
5526
5526
5526
5528
5530
5532
5532
5532
5532
5534
5534
5540
5540
5542
5544
5544
5552
5552
5552
5554
5554
5558
5560
5560
5560
5564
5568
5570
5572
5572
5572
5576
5576
5580
5582
5588
5588
5588
5590
5592
5592
5594
5594
5596
5598
5598
5600
5600
5600
5600
5602
5602
5606
5606
5610
5610
5610
5614
5614
5618
5622
5624
5626
5630
5632
5634
5634
5634
5636
5638
5640
5640
5640
5640
5642
5642
5644
5644
5646
5648
5650
5650
5652
5654
5660
5660
5664
5664
5664
5674
5676
5678
5680
5682
5682
5682
5686
5688
5688
5688
5690
5692
5694
5696
5700
5700
5702
5706
5714
5714
5720
5722
5730
5734
5742
5744
5744
5746
5746
5748
5748
5748
5748
5750
5750
5750
5750
5752
5752
5752
5752
5756
5756
5756
5758
5760
5766
5766
5766
5768
5770
5772
5772
5774
5774
5774
5780
5780
5782
5784
5786
5788
5790
5790
5798
5798
5804
5808
5808
5810
5812
5812
5814
5816
5816
5818
5818
5818
5820
5822
5822
5822
5826
5828
5838
5838
5842
5844
5848
5848
5848
5850
5850
5856
5866
5866
5868
5872
5874
5884
5884
5884
5886
5890
5890
5892
5892
5896
5898
5902
5912
5918
5920
5924
5926
5926
5930
5932
5940
5942
5944
5946
5946
5952
5960
5962
5962
5962
5962
5964
5968
5974
5974
5978
5980
5988
5990
6000
6000
6002
6002
6004
6004
6006
6010
6016
6022
6024
6024
6032
6042
6054
6054
6056
6064
6066
6066
6068
6070
6082
6084
6084
6084
6088
6090
6092
6092
6094
6100
6106
6106
6112
6114
6116
6120
6122
6122
6126
6130
6132
6132
6136
6140
6142
6154
6156
6166
6172
6186
6188
6190
6192
6192
6208
6216
6232
6242
6246
6250
6254
6266
6282
6292
6296
6296
6300
6308
6308
6310
6330
6344
6346
6374
6400
6404
6406
6408
6460
6484
6492
6510
6524
6542
6570
6572
6576
6604
6610
6620
6652
6658
6658
6734
6736
6740
6748
6750
6776
6800
6824
6830
6850
6882
6894
6898
6956
6976
7198
7202
7262
7404
7528
7692
7722
7972
8716
9298
9526
9672
10116
10246
10600
10600
10620
11104
11252
11480
11516
11678
12334
12336
12808
12942
13494
14102
14218
14296
14474
14780
14852
14888
14928
15066
15266
15294
15446
15632
17398
18716
19830
20060
21646
24354
24434
25268
25346
25458
25698
25840
29336
30036
31134
33906
38314
44556
