Latencies
5382
5402
5424
5448
5454
5458
5458
5460
5472
5478
5482
5486
5504
5504
5506
5512
5512
5516
5522
5526
5528
5534
5540
5540
5544
5568
5574
5576
5580
5584
5588
5592
5596
5600
5602
5614
5618
5624
5628
5632
5632
5640
5644
5664
5680
5684
5684
5692
5694
5700
5712
5720
5728
5750
5780
5780
5786
5792
5794
5800
5804
5810
5856
5858
5862
5866
5874
5896
5908
5910
5922
5924
5940
5942
5944
5958
5976
5978
5986
6000
6022
6030
6040
6040
6046
6050
6054
6066
6076
6078
6082
6084
6108
6124
6138
6138
6142
6152
6156
6158
6178
6196
6200
6224
6230
6236
6248
6254
6254
6274
6310
6328
6338
6338
6362
6398
6426
6444
6450
6454
6460
6492
6514
6516
6534
6544
6550
6576
6584
6628
6648
6658
6676
6696
6702
6742
6754
6778
6836
6840
6842
6868
6880
6930
6950
6996
7008
7034
7092
7112
7126
7134
7152
7172
7188
7198
7200
7262
7326
7372
7390
7404
7424
7426
7446
7482
7518
7602
7602
7630
7634
7642
7646
7650
7652
7718
7720
7756
7796
7826
7862
7932
7932
7956
7964
7968
8000
8026
8074
8082
8104
8104
8110
8142
8182
8190
8192
8228
8242
8312
8346
8348
8372
8392
8428
8432
8434
8434
8456
8490
8496
8508
8510
8530
8548
8554
8558
8584
8616
8630
8634
8654
8676
8700
8734
8736
8752
8764
8804
8810
8820
8838
8852
8852
8864
8880
8884
8924
8950
9034
9070
9076
9084
9190
9238
9260
9284
9286
9294
9330
9400
9428
9454
9486
9506
9520
9520
9554
9592
9596
9636
9648
9672
9720
9742
9766
9782
9818
9828
9838
9850
9884
9898
9910
9942
9994
10000
10056
10060
10062
10080
10112
10118
10138
10150
10198
10200
10208
10238
10284
10332
10432
10466
10500
10526
10660
10696
10726
10776
10830
10850
10874
10874
10888
10934
10950
10962
10980
10998
11000
11002
11080
11080
11086
11100
11164
11194
11394
11406
11422
11426
11430
11438
11492
11532
11552
11562
11568
11636
11656
11664
11702
11710
11762
11792
11832
11844
11886
11908
11994
12042
12066
12072
12072
12074
12076
12114
12120
12142
12244
12254
12258
12324
12340
12374
12394
12400
12446
12500
12548
12548
12578
12588
12612
12716
12720
12732
12776
12794
12820
12836
12846
12864
12872
12872
12874
12900
12904
13024
13052
13070
13096
13106
13108
13158
13190
13200
13200
13202
13204
13224
13248
13256
13276
13310
13316
13320
13348
13366
13384
13400
13410
13430
13450
13450
13460
13468
13490
13556
13588
13600
13612
13640
13654
13686
13706
13712
13718
13772
13792
13810
13830
13852
13876
13894
13912
13962
13962
13994
14024
14030
14070
14086
14108
14108
14120
14150
14152
14188
14202
14208
14226
14228
14230
14230
14244
14244
14254
14262
14270
14300
14302
14312
14312
14316
14328
14344
14372
14382
14388
14388
14394
14434
14450
14466
14476
14486
14492
14504
14508
14508
14528
14538
14538
14548
14548
14568
14582
14584
14632
14642
14646
14648
14654
14660
14676
14678
14694
14708
14710
14710
14730
14732
14736
14770
14782
14786
14790
14794
14808
14812
14816
14818
14820
14822
14822
14824
14826
14830
14830
14834
14844
14848
14848
14852
14866
14876
14880
14880
14884
14884
14884
14890
14894
14898
14914
14916
14926
14926
14934
14950
14952
14966
14966
14968
14974
14976
14980
14988
14994
14996
14998
15008
15008
15010
15014
15046
15050
15056
15056
15062
15080
15090
15092
15102
15112
15118
15120
15130
15142
15150
15170
15174
15174
15180
15182
15192
15196
15200
15200
15200
15210
15236
15258
15262
15262
15268
15282
15284
15284
15286
15296
15320
15320
15344
15364
15364
15368
15372
15376
15378
15380
15382
15394
15400
15426
15430
15432
15446
15464
15466
15470
15472
15474
15476
15494
15502
15532
15536
15552
15576
15584
15620
15622
15648
15664
15670
15696
15716
15722
15730
15742
15744
15772
15780
15780
15796
15814
15834
15860
15878
15902
15914
15920
15950
15952
15956
15984
16036
16068
16098
16112
16136
16144
16146
16192
16322
16434
16488
16508
16562
16610
16612
16668
16720
16816
16850
16920
16956
16974
17042
17050
17078
17094
17390
17474
17532
17582
17724
17738
17878
18080
18138
18142
18160
18176
18306
18632
18650
18702
18730
18990
19104
19126
19134
19192
19308
19320
19398
19424
19494
19708
19762
19774
19854
19944
19944
19948
20018
20068
20230
20254
20266
20284
20330
20348
20370
20384
20414
20500
20530
20588
20870
21022
21116
21118
21126
21182
21338
21352
21392
21436
21466
21482
21696
21936
21954
22086
22116
22142
22652
22670
22854
22980
22990
23024
23102
23190
23350
23358
23374
23522
23598
23628
23788
23844
23872
23874
23902
23916
24070
24106
24112
24162
24168
24172
24224
24230
24252
24276
24294
24334
24366
24390
24408
24426
24442
24464
24496
24584
24588
24606
24616
24642
24644
24654
24662
24678
24706
24722
24766
24768
24838
24856
24874
24922
24932
24966
24966
24992
25002
25014
25072
25084
25096
25118
25144
25180
25220
25360
25404
25452
25474
25492
25498
25520
25572
25582
25590
25682
25750
25870
25934
26010
26048
26068
26306
26318
26352
26452
26626
26648
26788
26806
26920
27018
27122
27298
27330
27338
27802
27904
28070
28192
28220
28238
28292
28436
28440
28464
28486
28548
28680
28754
28932
28980
29026
29432
29460
29730
29782
29814
29856
29866
29868
29936
29966
29970
30136
30298
30380
30796
30872
31034
31140
31182
31400
31434
31616
31628
31644
31646
31958
31974
32272
32342
32366
32682
32830
32848
32906
33018
33028
33114
33514
33558
33612
33682
33702
33736
33742
33790
33808
33880
33916
33982
33984
33988
33990
34016
34064
34072
34078
34096
34106
34126
34190
34226
34230
34236
34240
34240
34248
34256
34266
34272
34282
34298
34334
34344
34344
34350
34352
34380
34380
34388
34390
34392
34394
34396
34396
34448
34478
34542
34564
34578
34586
34622
34632
34646
34652
34656
34668
34680
34700
34702
34706
34710
34748
34782
34790
34792
34818
34844
34856
34874
34884
34924
34930
34962
34986
35106
35122
35138
35156
35358
35404
35678
35740
35932
35948
36236
36674
36750
36934
37152
37262
43816
44214
44754
44754
45356
50264
53968
54018
54220
62588
62662
91484
96340
144252
155992
197460
233500
360488
458158
759772
2062502
3321830
4392518
