Latencies
5334
5334
5346
5348
5352
5354
5356
5364
5366
5366
5380
5380
5380
5390
5392
5394
5400
5408
5424
5434
5436
5442
5450
5452
5464
5472
5478
5478
5480
5490
5496
5498
5500
5502
5504
5504
5524
5526
5530
5534
5536
5538
5542
5544
5544
5548
5550
5550
5566
5566
5570
5570
5572
5584
5586
5588
5592
5592
5604
5606
5608
5614
5618
5626
5630
5630
5648
5652
5658
5660
5668
5680
5696
5702
5708
5712
5718
5720
5724
5730
5740
5740
5750
5764
5776
5780
5784
5790
5792
5800
5800
5804
5814
5816
5818
5822
5826
5838
5856
5858
5860
5864
5884
5884
5894
5906
5906
5908
5912
5934
5952
5954
5954
5958
5964
5988
5992
6006
6006
6006
6010
6014
6014
6028
6040
6042
6042
6044
6060
6076
6082
6098
6098
6110
6110
6110
6112
6114
6118
6118
6122
6124
6126
6134
6144
6176
6190
6200
6200
6214
6222
6222
6228
6230
6248
6252
6256
6262
6266
6276
6278
6286
6286
6302
6314
6318
6320
6322
6346
6372
6378
6402
6458
6468
6468
6480
6484
6496
6540
6578
6600
6602
6610
6614
6626
6628
6648
6664
6690
6742
6816
6838
6926
6932
6946
6952
6958
6960
6972
7010
7032
7060
7094
7118
7142
7152
7194
7198
7202
7212
7228
7230
7238
7240
7248
7254
7260
7276
7290
7310
7316
7320
7326
7376
7392
7400
7430
7444
7458
7488
7492
7520
7562
7568
7590
7676
7714
7768
7790
7804
7812
7836
7852
7890
7906
7922
7934
7958
7966
7970
7992
7998
8068
8124
8136
8136
8154
8194
8212
8252
8258
8268
8276
8276
8292
8346
8380
8406
8418
8458
8466
8492
8514
8528
8532
8538
8588
8608
8636
8650
8678
8742
8758
8760
8764
8780
8816
8838
8868
8878
8880
8898
8902
8924
8962
8976
8978
8996
9004
9022
9034
9036
9052
9056
9074
9088
9124
9136
9146
9156
9160
9166
9172
9200
9226
9240
9252
9274
9286
9302
9312
9324
9330
9348
9370
9388
9402
9424
9448
9458
9460
9472
9492
9512
9526
9534
9536
9564
9588
9596
9610
9614
9654
9694
9702
9718
9734
9740
9780
9788
9816
9830
9832
9832
9834
9912
9912
9942
10020
10044
10056
10064
10072
10074
10084
10102
10120
10128
10134
10166
10184
10232
10302
10308
10320
10334
10340
10354
10378
10380
10394
10398
10422
10424
10438
10448
10476
10476
10484
10698
10712
10728
10740
10752
10758
10778
10846
10856
10866
10874
10878
10902
10920
10922
10928
10978
10988
10990
10994
11002
11006
11034
11074
11092
11092
11116
11176
11182
11184
11206
11270
11294
11296
11316
11334
11336
11362
11410
11432
11482
11484
11506
11522
11560
11568
11602
11646
11672
11672
11694
11706
11716
11732
11738
11738
11748
11764
11768
11778
11792
11802
11814
11876
11922
11926
11932
11940
11994
11998
12012
12012
12016
12020
12022
12038
12042
12044
12056
12096
12120
12132
12176
12178
12192
12334
12348
12348
12396
12404
12452
12452
12458
12478
12508
12528
12542
12570
12582
12648
12650
12656
12664
12678
12728
12728
12734
12740
12752
12790
12798
12806
12820
12828
12908
12942
12956
12962
12992
12994
13004
13032
13036
13036
13040
13058
13118
13150
13192
13210
13214
13244
13248
13252
13282
13304
13308
13324
13332
13340
13344
13380
13394
13426
13452
13460
13462
13474
13474
13486
13500
13506
13534
13544
13644
13660
13660
13664
13668
13680
13684
13738
13762
13776
13808
13826
13854
13856
13880
13906
14026
14064
14072
14092
14104
14106
14114
14116
14118
14142
14150
14174
14180
14184
14206
14216
14218
14222
14226
14250
14290
14292
14326
14332
14354
14358
14364
14370
14372
14376
14376
14376
14382
14424
14436
14436
14444
14446
14448
14460
14470
14476
14490
14498
14502
14510
14512
14512
14512
14518
14520
14522
14528
14528
14528
14532
14536
14538
14544
14544
14550
14578
14578
14580
14584
14586
14592
14594
14610
14616
14620
14624
14638
14652
14666
14692
14706
14706
14708
14710
14720
14724
14726
14734
14734
14748
14750
14752
14762
14766
14770
14772
14776
14780
14790
14796
14798
14798
14802
14808
14810
14816
14820
14826
14834
14838
14852
14852
14856
14858
14860
14862
14864
14864
14872
14876
14876
14878
14878
14878
14880
14882
14882
14888
14902
14906
14906
14920
14932
14934
14934
14938
14942
14948
14950
14952
14952
14952
14954
14966
14970
14972
14978
14980
14982
14984
14984
14988
14998
15000
15006
15006
15012
15014
15016
15016
15018
15018
15022
15022
15026
15028
15032
15032
15040
15046
15046
15046
15060
15060
15060
15064
15070
15072
15076
15092
15098
15104
15104
15106
15112
15112
15114
15118
15118
15118
15124
15124
15126
15128
15128
15130
15132
15134
15136
15136
15140
15142
15148
15154
15162
15162
15162
15168
15170
15172
15172
15174
15180
15180
15188
15190
15190
15194
15196
15198
15198
15204
15206
15216
15218
15222
15222
15224
15230
15230
15232
15248
15250
15250
15252
15262
15268
15272
15280
15282
15286
15296
15296
15304
15310
15312
15326
15326
15336
15338
15340
15344
15358
15364
15368
15372
15374
15380
15384
15400
15402
15418
15418
15420
15426
15432
15434
15434
15472
15478
15478
15482
15484
15484
15486
15490
15506
15520
15524
15558
15560
15560
15560
15580
15616
15642
15672
15680
15680
15684
15684
15700
15726
15736
15748
15766
15766
15766
15774
15776
15778
15782
15790
15796
15798
15800
15804
15804
15834
15836
15842
15842
15846
15868
15892
15900
15914
15938
15954
16002
16008
16008
16016
16022
16088
16102
16178
16186
16190
16190
16202
16204
16234
16312
16350
16360
16408
16466
16618
16688
16760
16760
16788
16980
17004
17356
17634
17646
17654
17862
18094
19578
19624
19888
20094
20426
20432
20684
20684
21086
21648
21682
21872
22098
22170
22222
22458
22540
22688
23028
23262
23386
23626
23690
23770
23910
24020
24072
24074
24286
24438
24468
24550
24648
24672
24698
24746
24828
24846
24938
25086
25192
25210
25230
25326
25350
25398
25400
25406
25576
25642
25642
28706
29802
31020
34130
34862
36424
45168
66922
103762
176904
602576
3099592
