Latencies
5332
5366
5370
5376
5376
5384
5406
5424
5426
5444
5446
5448
5450
5456
5460
5466
5474
5484
5486
5500
5506
5512
5514
5520
5526
5544
5548
5548
5594
5612
5622
5636
5640
5674
5676
5684
5686
5698
5708
5722
5732
5736
5750
5750
5750
5760
5772
5784
5808
5824
5842
5882
5886
5892
5914
5942
5956
5956
5974
5982
6020
6022
6026
6042
6062
6068
6090
6150
6152
6154
6172
6172
6174
6182
6188
6196
6200
6206
6226
6318
6322
6352
6392
6408
6408
6428
6486
6498
6522
6572
6590
6610
6626
6756
6816
6820
6828
6830
6854
7076
7126
7170
7236
7274
7286
7334
7338
7346
7354
7372
7380
7422
7450
7452
7476
7490
7518
7532
7566
7624
7680
7812
7824
7894
7908
7910
7916
7962
8056
8062
8068
8118
8134
8154
8188
8254
8398
8410
8418
8418
8468
8594
8622
8622
8718
8778
8784
8798
8820
8858
8892
8902
8970
8996
9034
9042
9130
9132
9208
9324
9426
9566
9576
9582
9628
9720
9900
9908
9944
9996
10006
10066
10088
10094
10156
10228
10352
10402
10412
10424
10428
10464
10512
10550
10574
10576
10578
10658
10710
10712
10808
10922
10934
10966
10966
10978
11016
11048
11050
11060
11168
11170
11262
11308
11316
11322
11364
11398
11416
11536
11542
11542
11572
11734
11742
11782
11800
11822
11828
11900
11920
11942
12012
12016
12018
12160
12222
12250
12290
12374
12390
12392
12436
12494
12504
12516
12564
12614
12634
12646
12654
12656
12752
12790
12792
12796
12826
12828
12842
12842
12854
12874
12888
12944
12970
12972
13032
13042
13054
13064
13128
13128
13134
13138
13166
13190
13250
13342
13366
13388
13480
13504
13514
13530
13542
13598
13612
13634
13652
13666
13700
13724
13726
13734
13754
13774
13788
13850
13858
13862
13896
13970
14058
14080
14090
14106
14124
14162
14230
14256
14282
14292
14298
14308
14314
14342
14350
14350
14366
14408
14420
14434
14446
14466
14474
14478
14484
14498
14502
14530
14532
14534
14544
14556
14566
14592
14592
14594
14600
14608
14610
14612
14636
14660
14672
14680
14690
14696
14730
14738
14768
14768
14770
14782
14786
14800
14822
14842
14846
14848
14860
14896
14912
14930
14930
14932
14934
14934
14934
14938
14940
14962
14964
14964
14970
14984
14990
14992
15006
15020
15024
15032
15034
15040
15040
15056
15062
15064
15068
15074
15078
15080
15082
15088
15094
15108
15120
15122
15124
15124
15128
15140
15154
15158
15166
15166
15180
15184
15196
15204
15210
15212
15218
15220
15228
15238
15282
15284
15290
15290
15296
15298
15298
15314
15314
15318
15348
15360
15364
15402
15406
15412
15418
15424
15450
15452
15454
15474
15476
15530
15536
15550
15554
15556
15560
15580
15620
15646
15694
15760
15772
15786
15874
15876
15906
15938
15968
15976
16068
16146
16158
16228
16242
16262
16450
16516
16580
16582
16588
16596
16706
16754
16858
16866
16880
17102
17102
17188
17296
17310
17330
17372
17488
17616
17692
17698
17780
17882
17946
17964
17964
18006
18038
18116
18186
18196
18206
18212
18290
18330
18376
18406
18498
18504
18558
18592
18654
18674
18714
18848
18884
18914
18982
19012
19304
19496
19584
19692
19694
19698
19730
19940
19944
20084
20172
20208
20236
20360
20368
20386
20406
20544
20726
20894
20910
21126
21358
21474
21502
21510
21528
21566
21592
21596
21658
21744
21754
21968
21976
22030
22052
22086
22108
22140
22182
22226
22250
22266
22336
22424
22440
22518
22672
22772
22858
22870
22896
22900
22958
22980
23006
23380
23382
23410
23608
23626
23690
23720
23720
23734
23812
23830
23856
23914
23920
23980
24020
24020
24074
24078
24128
24146
24150
24160
24206
24234
24254
24258
24308
24370
24388
24396
24410
24410
24416
24442
24532
24548
24570
24584
24592
24616
24634
24636
24638
24690
24738
24780
24788
24830
24840
24848
24854
24866
24878
24906
24932
24956
24992
25064
25078
25108
25144
25186
25192
25212
25214
25228
25244
25254
25282
25328
25384
25400
25476
25514
25556
25564
25570
25656
25676
25706
25726
25742
25760
25800
25848
25882
25964
25976
26028
26078
26452
26458
26494
26496
26498
26558
26684
26700
26812
27012
27018
27018
27094
27210
27242
27316
27336
27588
27718
27758
27838
27892
27910
28024
28168
28210
28214
28240
28350
28470
28498
28676
28694
28792
28818
28866
28872
28928
29278
29330
29574
29608
29616
29622
29664
29722
29746
29806
30008
30016
30062
30070
30070
30072
30112
30150
30178
30392
30412
30426
30500
30550
30578
30582
30602
30630
30664
30706
30762
30854
30860
30862
30900
30912
30946
30970
31014
31052
31182
31276
31312
31314
31382
31410
31498
31604
31604
31628
31702
31718
31792
31986
32000
32038
32100
32134
32146
32160
32216
32286
32350
32418
32552
32690
32712
32712
33000
33062
33082
33090
33102
33172
33196
33248
33274
33316
33338
33382
33406
33418
33432
33456
33466
33470
33490
33494
33570
33614
33642
33666
33668
33694
33700
33770
33774
33800
33902
33910
33918
33922
33932
33958
34002
34032
34070
34074
34082
34140
34158
34168
34208
34214
34218
34234
34234
34236
34236
34242
34246
34248
34274
34286
34306
34320
34322
34330
34338
34350
34352
34354
34358
34358
34360
34366
34382
34400
34424
34446
34456
34460
34466
34470
34490
34502
34514
34514
34516
34526
34526
34526
34532
34542
34556
34566
34568
34576
34582
34598
34618
34620
34622
34626
34632
34636
34646
34654
34660
34666
34682
34694
34700
34702
34714
34728
34738
34738
34740
34746
34748
34750
34786
34788
34856
34858
34866
34878
34894
34894
34910
34910
34926
34942
34952
34960
34996
35086
35102
35164
35170
35192
35250
35260
35282
35282
35300
35328
35374
35392
35412
35420
35462
35486
35494
35748
35796
36088
36398
37116
37150
37224
37808
38066
39178
39658
39670
40386
40644
40712
41108
41150
41580
41668
42374
42578
42654
42674
42908
42990
43670
43938
44658
44740
45456
45562
47858
52008
52288
52832
52956
53272
53570
53742
53858
54034
54334
54926
58844
64862
65970
69588
72334
81662
89062
126468
143600
235900
243972
428910
536108
851442
4107146
10504732
