Latencies
5234
5276
5314
5320
5332
5332
5338
5380
5384
5398
5400
5402
5406
5426
5428
5452
5484
5486
5506
5510
5528
5534
5540
5548
5554
5560
5576
5594
5600
5614
5634
5650
5654
5668
5672
5686
5690
5708
5742
5750
5764
5768
5782
5816
5824
5852
5854
5876
5902
5918
5952
5964
5980
5992
6004
6022
6024
6054
6054
6074
6082
6082
6090
6094
6112
6114
6122
6124
6128
6138
6238
6272
6346
6350
6358
6384
6392
6392
6414
6452
6512
6528
6534
6542
6546
6552
6576
6592
6598
6600
6630
6650
6722
6724
6726
6734
6820
6822
6826
6826
6834
6836
6856
6858
6868
6878
6910
6922
7000
7008
7050
7068
7074
7076
7078
7088
7102
7170
7182
7240
7300
7326
7400
7416
7478
7480
7492
7566
7570
7630
7632
7640
7644
7670
7690
7714
7714
7754
7798
7820
7822
7848
7922
7950
7958
7958
7958
7962
7974
7998
8002
8014
8056
8064
8088
8094
8130
8152
8216
8242
8300
8336
8384
8388
8392
8470
8476
8480
8506
8540
8564
8578
8590
8602
8622
8638
8672
8812
8826
8830
8834
8914
8928
8970
8994
8998
9032
9034
9060
9068
9088
9154
9162
9172
9176
9180
9192
9202
9242
9288
9302
9350
9364
9374
9414
9440
9480
9486
9520
9546
9574
9600
9606
9648
9670
9680
9852
9852
9858
9860
9880
9886
9892
9908
9924
9944
9972
9982
10020
10040
10070
10224
10292
10292
10314
10320
10324
10352
10382
10390
10430
10432
10476
10498
10524
10542
10572
10588
10598
10608
10644
10672
10680
10684
10718
10840
10890
10966
10990
10992
11026
11106
11118
11118
11198
11212
11254
11270
11276
11310
11368
11430
11490
11514
11632
11640
11674
11710
11712
11712
11714
11780
11804
11824
11846
11872
11904
11948
11968
11974
11986
12008
12016
12040
12100
12114
12122
12126
12162
12190
12198
12226
12334
12356
12380
12380
12386
12408
12422
12446
12458
12462
12518
12540
12570
12590
12600
12630
12632
12664
12674
12684
12686
12688
12700
12718
12808
12812
12872
12882
12886
12928
13004
13008
13048
13062
13122
13122
13132
13134
13150
13156
13168
13190
13242
13320
13352
13374
13384
13462
13464
13472
13474
13558
13576
13580
13636
13700
13702
13704
13774
13776
13810
13816
13818
13832
13894
13894
13900
13906
13924
13928
13928
13930
13930
13948
13966
13970
13972
13994
14014
14030
14050
14054
14080
14120
14152
14176
14188
14190
14230
14250
14252
14254
14272
14272
14306
14324
14328
14330
14334
14334
14334
14350
14360
14368
14374
14378
14402
14420
14432
14460
14472
14476
14484
14524
14530
14542
14560
14560
14566
14592
14598
14606
14618
14618
14628
14634
14644
14648
14658
14664
14666
14670
14682
14692
14694
14704
14706
14714
14716
14728
14730
14730
14742
14746
14748
14754
14758
14760
14772
14784
14784
14792
14800
14804
14808
14810
14810
14824
14826
14838
14852
14858
14860
14866
14868
14876
14876
14880
14884
14890
14892
14910
14914
14914
14916
14920
14932
14934
14936
14936
14952
14954
14956
14958
14960
14962
14964
14964
14966
14970
14970
14976
14980
14986
14988
14988
14990
14994
14996
14996
15002
15014
15020
15026
15026
15034
15040
15050
15054
15058
15068
15070
15072
15072
15072
15072
15090
15092
15094
15102
15104
15104
15104
15108
15110
15118
15118
15120
15124
15126
15130
15132
15134
15136
15148
15152
15154
15156
15158
15166
15170
15170
15172
15174
15174
15178
15184
15184
15184
15190
15190
15190
15192
15194
15196
15196
15206
15208
15208
15212
15214
15216
15218
15218
15222
15226
15234
15244
15254
15258
15258
15270
15270
15270
15282
15284
15292
15294
15302
15302
15310
15320
15324
15336
15336
15342
15342
15350
15368
15374
15376
15386
15386
15388
15392
15394
15416
15418
15420
15422
15422
15434
15434
15436
15436
15436
15442
15446
15446
15448
15454
15458
15462
15464
15466
15468
15470
15470
15484
15486
15506
15510
15514
15516
15534
15534
15536
15538
15556
15570
15572
15600
15608
15636
15654
15668
15674
15674
15690
15702
15726
15762
15776
15780
15786
15796
15824
15854
15864
15870
15870
15890
15892
15900
15922
15922
15940
15982
16014
16034
16090
16128
16140
16162
16178
16218
16242
16254
16290
16306
16354
16424
16482
16600
16618
16668
16770
16784
16806
16942
17034
17102
17176
17272
17298
17334
17502
17526
17528
17542
17612
17616
17718
17740
17964
17966
18084
18264
18272
18342
18372
18530
18672
18712
18842
19062
19164
19212
19290
19624
19632
19632
19634
19658
19668
19718
20214
20456
20550
20608
20642
20732
20828
20874
20888
20968
21000
21068
21142
21150
21296
21420
21512
21542
21554
21694
21810
21868
21890
21982
22062
22086
22122
22214
22304
22550
22660
22758
22880
22930
22980
23048
23100
23130
23174
23264
23286
23368
23374
23376
23488
23546
23652
23664
23714
23742
23748
23882
23912
23970
24040
24068
24104
24106
24124
24170
24174
24192
24208
24210
24214
24234
24242
24266
24268
24286
24294
24296
24310
24312
24318
24328
24352
24352
24364
24376
24382
24390
24392
24396
24400
24406
24418
24422
24424
24450
24454
24488
24494
24496
24512
24512
24520
24526
24534
24546
24550
24554
24554
24568
24580
24590
24592
24594
24600
24608
24610
24616
24616
24620
24630
24634
24666
24678
24706
24706
24708
24712
24712
24722
24754
24758
24768
24768
24770
24780
24790
24808
24810
24810
24818
24826
24838
24840
24848
24848
24848
24856
24872
24882
24886
24890
24894
24896
24898
24904
24908
24912
24922
24930
24938
24946
24956
24960
24966
24984
24990
24996
25018
25020
25024
25024
25026
25028
25032
25034
25038
25044
25060
25084
25086
25088
25110
25126
25168
25168
25186
25198
25216
25218
25230
25234
25234
25240
25250
25250
25264
25266
25268
25298
25306
25364
25378
25396
25414
25420
25424
25424
25460
25464
25478
25498
25506
25520
25532
25534
25540
25608
25696
25756
25824
25870
25962
26004
26006
26132
26168
26172
26480
26648
27374
27524
27588
27930
27934
28570
29310
29762
30238
30608
31748
31884
31988
32696
32824
32844
32966
33054
33472
33940
34294
34320
34412
34416
34508
34568
34604
34688
34750
34768
34922
35048
35130
35360
36184
43022
43946
44036
44196
44332
44354
44466
44528
47434
54178
55762
57706
64480
117036
316714
748634
2026376
2674138
13268894
