Latencies
5300
5334
5354
5392
5396
5398
5410
5430
5434
5444
5460
5494
5520
5522
5584
5594
5682
5688
5698
5708
5734
5734
5740
5758
5818
5834
5836
5842
5886
5900
5922
5924
5944
5950
5952
5958
5960
5988
5988
6058
6084
6086
6108
6136
6138
6152
6178
6226
6238
6262
6292
6332
6384
6426
6478
6516
6546
6630
6664
6736
6846
6898
6928
6952
6988
7096
7140
7140
7158
7214
7248
7252
7348
7474
7526
7696
7720
7726
7898
7916
7952
8058
8082
8096
8098
8100
8186
8212
8262
8364
8388
8402
8444
8490
8518
8528
8574
8698
8722
8758
8842
8886
8908
8930
8966
8982
9058
9078
9114
9124
9162
9198
9252
9330
9342
9352
9406
9442
9444
9464
9502
9550
9608
9754
9926
9928
9942
9960
10006
10040
10146
10164
10206
10244
10274
10304
10400
10438
10472
10472
10558
10608
10628
10656
10658
10682
10706
10778
10848
10928
10936
10974
10974
10996
11066
11128
11204
11242
11320
11322
11430
11600
11636
11648
11650
11784
11874
11978
11980
12162
12206
12256
12314
12338
12344
12432
12492
12512
12558
12608
12616
12624
12632
12646
12648
12656
12682
12686
12698
12732
12744
12808
12950
13046
13160
13178
13184
13242
13278
13300
13304
13328
13370
13388
13408
13410
13414
13480
13512
13554
13556
13598
13618
13674
13704
13734
13760
13762
13770
13796
13800
13850
13874
13882
13882
13922
13930
13970
13992
14026
14074
14084
14130
14154
14162
14162
14200
14202
14204
14218
14220
14222
14232
14232
14236
14258
14262
14290
14302
14312
14364
14392
14396
14434
14434
14438
14440
14440
14444
14446
14462
14480
14486
14492
14494
14552
14552
14554
14554
14556
14558
14560
14576
14578
14582
14584
14588
14590
14592
14602
14604
14606
14610
14620
14620
14622
14628
14634
14636
14642
14642
14652
14654
14656
14658
14658
14662
14664
14664
14668
14672
14672
14672
14678
14682
14682
14684
14688
14694
14700
14700
14700
14702
14704
14718
14722
14728
14732
14732
14740
14748
14750
14752
14756
14760
14764
14766
14772
14774
14776
14778
14778
14780
14780
14782
14784
14788
14798
14800
14802
14812
14814
14814
14816
14818
14824
14830
14830
14830
14834
14834
14834
14838
14844
14852
14852
14862
14862
14868
14868
14870
14870
14872
14878
14878
14880
14884
14890
14900
14902
14910
14910
14912
14912
14912
14918
14932
14936
14942
14942
14944
14944
14952
14952
14954
14964
14972
14974
14976
14976
14978
14980
14982
14982
15006
15014
15014
15016
15018
15018
15022
15024
15024
15026
15026
15030
15032
15034
15034
15040
15042
15044
15044
15048
15048
15050
15054
15064
15064
15066
15066
15074
15076
15078
15080
15082
15084
15094
15096
15098
15100
15100
15102
15102
15110
15112
15116
15124
15128
15136
15136
15138
15138
15142
15146
15150
15152
15152
15154
15156
15156
15158
15166
15166
15166
15168
15170
15178
15178
15178
15182
15182
15184
15190
15190
15192
15194
15196
15216
15216
15220
15222
15222
15226
15228
15228
15232
15232
15232
15238
15240
15242
15244
15246
15246
15258
15260
15282
15284
15288
15294
15300
15302
15304
15304
15308
15308
15308
15310
15316
15318
15322
15324
15330
15336
15338
15340
15344
15348
15350
15362
15362
15376
15382
15386
15390
15396
15400
15402
15418
15422
15424
15424
15430
15434
15434
15440
15442
15454
15458
15462
15468
15480
15482
15484
15486
15488
15494
15494
15504
15516
15546
15552
15556
15558
15574
15574
15596
15602
15612
15614
15624
15644
15648
15662
15668
15668
15756
15770
15780
15790
15798
15818
15824
15856
15882
15902
16002
16038
16040
16042
16086
16142
16164
16188
16208
16214
16480
16486
16524
16576
16736
16840
16966
17036
17056
17070
17394
17418
17710
17812
17842
17904
17942
17976
18026
18144
18152
18242
18272
18286
18402
18646
18678
18712
19090
19396
19402
19504
19658
19670
19778
19844
19922
19948
20062
20090
20098
20200
20258
20274
20316
20354
20474
20494
20540
20656
20662
21066
21140
21142
21498
21552
21600
21630
21666
21694
21778
21966
22024
22130
22138
22672
22712
22766
22830
23070
23202
23306
23378
23406
23558
23692
23792
23820
23852
23876
23904
23926
23940
23960
23998
24058
24084
24144
24156
24190
24222
24302
24344
24402
24414
24454
24486
24486
24578
24594
24630
24644
24648
24656
24658
24666
24666
24758
24758
24794
24798
24842
24926
24954
24980
24998
25034
25036
25054
25054
25138
25208
25230
25256
25292
25310
25430
25448
25458
25478
25544
25576
25578
25694
25776
25800
25998
26036
26070
26126
26280
26286
26350
26530
26576
26588
26692
26692
26708
26708
26784
26904
26940
27070
27112
27298
27410
27462
27482
27722
27774
27788
27892
27942
27960
28040
28046
28072
28220
28434
28544
28664
28678
28916
28930
29024
29308
29310
29316
29576
29924
29960
30016
30194
30340
30434
30468
30518
30668
30752
31026
31126
31150
31166
31212
31346
31586
31694
31696
31758
31786
31874
31928
32228
32324
32346
32404
32414
32468
32612
32824
32908
33182
33200
33358
33362
33390
33396
33414
33420
33468
33474
33478
33484
33562
33572
33602
33626
33640
33710
33726
33728
33736
33742
33788
33794
33794
33796
33840
33860
33868
33878
33892
33908
33910
33926
33974
33978
33984
34002
34004
34040
34046
34058
34080
34092
34102
34106
34112
34128
34128
34132
34158
34162
34190
34192
34202
34208
34214
34232
34238
34246
34254
34254
34260
34262
34264
34266
34278
34298
34300
34306
34310
34312
34326
34328
34340
34344
34352
34378
34382
34390
34398
34404
34408
34440
34444
34446
34458
34464
34468
34470
34472
34480
34536
34538
34556
34556
34558
34560
34568
34580
34590
34598
34600
34612
34620
34624
34630
34634
34636
34654
34656
34660
34662
34664
34672
34672
34674
34678
34688
34690
34698
34704
34710
34718
34720
34734
34736
34740
34740
34740
34752
34756
34800
34802
34828
34832
34838
34840
34856
34858
34858
34864
34864
34864
34866
34878
34878
34892
34896
34900
34906
34912
34914
34968
34990
34996
35010
35010
35012
35034
35036
35040
35074
35078
35130
35156
35162
35176
35198
35264
35270
35316
35436
35538
35542
35578
35580
35580
35592
35670
35728
35956
36198
36954
37238
39126
40650
40790
41658
42144
42864
43372
43898
43950
44082
44086
44210
44756
45152
45708
51766
52004
53298
53592
54146
54274
73578
96044
380400
4457714
10696248
