Latencies
5198
5200
5200
5206
5212
5222
5228
5228
5230
5232
5240
5248
5248
5250
5254
5256
5260
5260
5262
5262
5264
5282
5282
5288
5290
5294
5300
5302
5302
5302
5302
5304
5304
5306
5308
5308
5310
5310
5312
5314
5316
5318
5318
5320
5320
5322
5322
5322
5326
5328
5330
5330
5332
5332
5332
5334
5336
5336
5336
5336
5338
5338
5338
5338
5338
5338
5340
5340
5340
5342
5342
5342
5342
5344
5344
5344
5344
5346
5346
5346
5346
5348
5348
5348
5348
5350
5352
5352
5352
5354
5356
5356
5356
5358
5358
5360
5362
5362
5362
5364
5364
5364
5364
5366
5366
5366
5366
5368
5368
5368
5368
5370
5370
5370
5370
5370
5370
5372
5372
5374
5374
5374
5376
5376
5376
5376
5378
5378
5378
5378
5380
5380
5384
5384
5384
5384
5386
5386
5386
5386
5386
5386
5388
5390
5390
5390
5392
5392
5392
5392
5392
5392
5394
5394
5394
5394
5394
5396
5396
5398
5398
5398
5398
5398
5398
5398
5400
5400
5402
5402
5404
5404
5406
5408
5408
5408
5410
5410
5412
5412
5412
5414
5414
5414
5414
5414
5414
5416
5416
5416
5416
5418
5418
5418
5418
5420
5420
5420
5420
5420
5420
5422
5424
5424
5426
5426
5426
5426
5426
5426
5426
5426
5428
5428
5428
5428
5430
5430
5430
5430
5430
5432
5432
5432
5432
5434
5436
5442
5444
5444
5444
5444
5446
5446
5446
5446
5446
5448
5448
5450
5450
5450
5450
5452
5452
5454
5456
5456
5456
5456
5458
5458
5458
5458
5458
5460
5460
5462
5464
5464
5464
5464
5464
5466
5468
5468
5470
5470
5470
5472
5472
5474
5474
5474
5474
5474
5474
5476
5476
5476
5478
5478
5478
5480
5480
5480
5482
5482
5482
5486
5486
5486
5486
5486
5486
5488
5488
5488
5488
5488
5490
5490
5490
5490
5492
5494
5494
5494
5496
5496
5496
5498
5500
5500
5500
5502
5504
5504
5504
5504
5504
5506
5508
5508
5508
5508
5510
5510
5510
5512
5512
5512
5514
5514
5514
5516
5516
5516
5518
5518
5518
5520
5520
5520
5520
5520
5520
5522
5522
5522
5522
5524
5524
5526
5528
5530
5530
5532
5532
5532
5534
5534
5536
5536
5538
5538
5538
5538
5540
5540
5540
5542
5542
5542
5544
5544
5544
5546
5546
5548
5548
5548
5550
5550
5550
5550
5550
5552
5554
5554
5554
5554
5556
5556
5556
5560
5560
5560
5562
5562
5564
5566
5566
5566
5568
5568
5568
5570
5570
5570
5570
5572
5572
5574
5574
5574
5574
5578
5578
5580
5580
5580
5584
5586
5586
5586
5586
5588
5588
5590
5590
5594
5596
5602
5604
5604
5604
5606
5606
5608
5610
5610
5612
5612
5612
5612
5614
5614
5614
5614
5614
5616
5616
5616
5616
5616
5616
5618
5620
5620
5622
5624
5624
5626
5628
5628
5630
5630
5630
5630
5634
5634
5636
5636
5638
5638
5638
5640
5646
5646
5648
5648
5648
5648
5648
5650
5650
5650
5652
5652
5654
5656
5658
5662
5662
5666
5666
5666
5668
5672
5674
5674
5674
5674
5676
5678
5682
5682
5684
5686
5686
5686
5688
5690
5690
5692
5694
5698
5698
5700
5700
5702
5702
5704
5704
5704
5704
5706
5710
5710
5710
5710
5710
5710
5712
5714
5714
5714
5716
5720
5724
5728
5728
5730
5732
5734
5736
5736
5738
5738
5738
5742
5742
5742
5744
5746
5748
5750
5750
5750
5752
5752
5754
5756
5760
5760
5760
5762
5764
5764
5766
5766
5766
5768
5768
5770
5772
5772
5772
5774
5774
5776
5778
5780
5782
5784
5784
5786
5788
5790
5790
5790
5792
5796
5796
5798
5798
5804
5804
5806
5808
5810
5812
5812
5814
5814
5814
5816
5816
5816
5820
5822
5822
5824
5826
5826
5832
5832
5832
5834
5836
5836
5836
5836
5836
5842
5842
5842
5848
5850
5852
5852
5854
5856
5858
5858
5860
5860
5862
5862
5866
5868
5868
5872
5874
5878
5878
5878
5880
5880
5880
5880
5880
5882
5884
5886
5890
5890
5890
5892
5892
5896
5898
5898
5900
5900
5902
5902
5902
5902
5904
5904
5906
5906
5906
5908
5908
5910
5914
5916
5916
5918
5920
5920
5922
5924
5926
5926
5928
5928
5932
5934
5942
5942
5944
5944
5946
5950
5950
5950
5952
5952
5956
5958
5964
5968
5970
5970
5970
5974
5974
5974
5976
5976
5976
5978
5980
5980
5980
5982
5984
5984
5988
5988
5990
5990
5990
5992
5998
5998
6000
6002
6002
6004
6004
6006
6006
6006
6006
6006
6006
6008
6008
6010
6012
6014
6014
6018
6018
6018
6018
6020
6020
6022
6024
6024
6026
6026
6028
6028
6028
6036
6036
6036
6038
6042
6042
6042
6042
6046
6046
6048
6050
6050
6050
6050
6052
6054
6056
6062
6062
6066
6068
6068
6068
6070
6074
6078
6078
6078
6082
6082
6084
6084
6084
6086
6092
6094
6094
6094
6096
6098
6100
6118
6118
6120
6120
6120
6126
6136
6138
6142
6142
6146
6146
6146
6152
6152
6156
6156
6158
6158
6162
6164
6166
6168
6168
6168
6168
6174
6174
6174
6180
6182
6184
6184
6198
6198
6202
6202
6204
6206
6208
6214
6214
6214
6218
6218
6220
6222
6232
6234
6236
6240
6242
6246
6246
6250
6256
6258
6270
6272
6280
6284
6288
6298
6302
6322
6328
6330
6334
6344
6344
6346
6352
6352
6354
6360
6372
6374
6374
6384
6386
6388
6392
6392
6392
6396
6402
6414
6414
6420
6436
6462
6478
6484
6494
6496
6496
6498
6498
6502
6502
6510
6510
6526
6526
6530
6558
6568
6570
6584
6624
6630
6636
6650
6686
6686
6746
6748
6782
6782
6784
6790
6804
6832
6858
6860
6892
6902
6912
6922
6970
7000
7058
7062
7122
7174
7216
7224
7412
7434
7610
7704
7858
8008
8102
8232
8788
8876
9490
9692
10220
10382
10506
10736
11226
11588
11698
12078
12160
12494
12760
13188
13274
14390
14998
15600
16464
19458
19500
20424
20712
21292
21788
22408
22844
22914
23082
23132
25268
25656
31456
32656
33572
34332
37872
38056
38784
