Latencies
5186
5206
5208
5210
5216
5222
5224
5228
5244
5250
5262
5262
5264
5266
5268
5268
5270
5272
5272
5274
5274
5278
5282
5282
5286
5286
5288
5292
5292
5294
5296
5296
5298
5304
5304
5306
5308
5312
5316
5316
5318
5318
5318
5318
5320
5320
5324
5326
5328
5328
5328
5328
5330
5330
5330
5330
5330
5334
5334
5336
5336
5336
5336
5338
5338
5338
5340
5346
5346
5348
5348
5348
5350
5350
5350
5352
5352
5352
5352
5354
5354
5354
5356
5356
5356
5358
5358
5358
5360
5360
5360
5364
5364
5364
5366
5366
5366
5366
5366
5368
5368
5368
5368
5370
5370
5370
5372
5374
5374
5374
5374
5376
5376
5376
5376
5378
5378
5378
5380
5382
5382
5382
5382
5382
5382
5382
5384
5384
5384
5384
5384
5384
5384
5384
5386
5386
5388
5388
5388
5388
5388
5390
5390
5390
5392
5392
5392
5394
5394
5394
5396
5396
5398
5398
5398
5398
5398
5398
5400
5400
5402
5402
5402
5404
5404
5404
5404
5406
5406
5406
5408
5410
5410
5410
5410
5410
5412
5412
5412
5414
5414
5414
5416
5416
5416
5418
5418
5418
5418
5418
5418
5418
5418
5418
5418
5420
5420
5420
5420
5420
5422
5422
5422
5424
5424
5424
5424
5424
5424
5426
5428
5430
5430
5430
5430
5430
5432
5432
5432
5432
5432
5436
5436
5436
5436
5436
5438
5440
5440
5442
5444
5444
5444
5446
5446
5446
5448
5448
5450
5450
5450
5450
5450
5450
5452
5452
5454
5456
5456
5458
5458
5460
5460
5460
5460
5460
5460
5462
5462
5462
5462
5462
5464
5464
5464
5464
5464
5464
5464
5464
5466
5466
5466
5466
5466
5468
5468
5468
5468
5470
5470
5470
5472
5472
5472
5472
5474
5474
5474
5474
5474
5476
5476
5476
5478
5478
5478
5480
5480
5480
5480
5480
5480
5482
5484
5486
5488
5488
5488
5490
5492
5492
5492
5492
5492
5492
5494
5494
5496
5498
5500
5500
5500
5502
5502
5502
5504
5508
5508
5508
5510
5510
5512
5512
5514
5514
5516
5516
5518
5518
5518
5518
5520
5520
5520
5520
5520
5520
5520
5522
5522
5522
5524
5524
5524
5526
5526
5526
5528
5528
5528
5528
5530
5530
5530
5534
5534
5534
5534
5534
5536
5536
5536
5536
5538
5538
5538
5540
5540
5540
5542
5542
5544
5544
5546
5546
5546
5546
5546
5550
5550
5550
5552
5554
5554
5556
5558
5558
5558
5558
5560
5560
5562
5562
5562
5562
5564
5564
5566
5568
5568
5568
5568
5570
5570
5570
5572
5572
5574
5574
5576
5576
5576
5582
5582
5582
5584
5584
5586
5588
5590
5592
5596
5596
5598
5600
5600
5600
5600
5602
5602
5602
5602
5604
5604
5604
5604
5606
5606
5608
5610
5610
5610
5612
5614
5616
5618
5620
5620
5622
5624
5624
5628
5628
5630
5630
5632
5634
5634
5636
5640
5640
5642
5642
5644
5646
5648
5652
5652
5652
5652
5654
5654
5656
5656
5662
5662
5662
5662
5664
5664
5666
5666
5666
5672
5674
5674
5674
5676
5678
5680
5680
5680
5682
5682
5682
5684
5686
5690
5692
5692
5692
5694
5696
5696
5696
5698
5698
5704
5704
5706
5710
5710
5710
5710
5714
5714
5716
5716
5718
5718
5718
5718
5718
5720
5720
5722
5722
5722
5722
5726
5726
5728
5730
5730
5738
5740
5740
5742
5742
5746
5746
5748
5748
5750
5754
5756
5758
5758
5758
5758
5760
5760
5760
5764
5764
5766
5768
5768
5770
5770
5772
5772
5774
5774
5774
5776
5778
5780
5780
5784
5784
5784
5784
5786
5788
5788
5790
5792
5794
5794
5794
5796
5796
5798
5804
5804
5806
5806
5808
5810
5810
5814
5816
5816
5818
5818
5820
5820
5822
5822
5822
5824
5824
5824
5824
5826
5826
5826
5826
5830
5832
5832
5832
5832
5832
5832
5832
5834
5838
5838
5840
5842
5844
5846
5846
5846
5848
5850
5852
5854
5854
5854
5860
5862
5864
5864
5868
5868
5868
5872
5872
5874
5878
5878
5878
5880
5882
5882
5882
5882
5884
5886
5886
5890
5890
5894
5894
5894
5896
5898
5898
5898
5898
5900
5900
5902
5902
5904
5904
5904
5906
5908
5908
5910
5912
5912
5912
5912
5914
5914
5914
5916
5920
5928
5928
5930
5932
5934
5934
5936
5936
5942
5942
5942
5944
5944
5944
5944
5946
5946
5948
5954
5956
5958
5958
5960
5960
5962
5964
5968
5978
5982
5982
5982
5984
5990
5992
5994
5996
5998
5998
5998
5998
6000
6002
6002
6004
6004
6008
6008
6010
6010
6010
6014
6016
6018
6020
6022
6022
6024
6024
6028
6030
6030
6034
6036
6038
6042
6046
6048
6054
6054
6054
6060
6060
6062
6062
6066
6068
6070
6070
6072
6078
6084
6086
6090
6090
6092
6100
6102
6104
6114
6114
6116
6116
6118
6122
6122
6124
6126
6132
6138
6138
6142
6142
6146
6146
6148
6150
6152
6152
6156
6160
6160
6160
6162
6162
6168
6170
6174
6174
6176
6178
6182
6182
6188
6188
6188
6190
6192
6202
6206
6208
6208
6222
6224
6226
6226
6228
6238
6240
6240
6242
6242
6244
6244
6246
6246
6248
6260
6260
6262
6266
6274
6284
6286
6302
6302
6306
6312
6314
6316
6318
6322
6326
6326
6328
6334
6338
6354
6364
6374
6380
6390
6402
6402
6404
6408
6414
6422
6424
6424
6462
6472
6472
6472
6474
6476
6482
6488
6510
6510
6512
6566
6578
6608
6610
6620
6642
6650
6656
6678
6680
6688
6692
6694
6700
6708
6738
6794
6824
6882
6938
6944
6954
6956
6976
7020
7024
7058
7108
7144
7164
7172
7178
7184
7220
7266
7362
7368
7440
7460
7466
7470
7666
7800
7816
7864
7884
8252
9230
10560
11476
12850
14050
14096
15916
17108
17704
17964
18006
18434
19508
20418
21138
21194
22540
23980
24842
25182
25300
25388
25390
25436
25462
29114
29140
35608
52270
287012
298672
