Latencies
5182
5232
5234
5242
5248
5248
5248
5250
5250
5254
5254
5256
5258
5262
5268
5270
5270
5272
5276
5292
5304
5304
5308
5314
5316
5316
5318
5322
5324
5336
5336
5338
5342
5342
5344
5346
5354
5354
5354
5356
5358
5358
5360
5364
5364
5368
5370
5378
5380
5394
5394
5394
5396
5402
5404
5410
5412
5414
5418
5420
5420
5430
5432
5434
5438
5440
5442
5444
5452
5452
5458
5466
5476
5482
5488
5492
5500
5506
5510
5512
5522
5524
5528
5528
5530
5536
5548
5552
5564
5568
5568
5574
5576
5590
5594
5596
5598
5606
5608
5610
5622
5622
5634
5640
5640
5650
5652
5658
5664
5668
5672
5674
5676
5682
5682
5684
5690
5702
5706
5718
5722
5722
5730
5734
5736
5740
5752
5762
5784
5784
5796
5798
5800
5806
5808
5834
5862
5876
5878
5878
5878
5882
5892
5908
5910
5910
5914
5922
5922
5926
5930
5932
5932
5932
5940
5940
5950
5970
5972
5974
5978
5980
5982
5990
6000
6004
6036
6042
6054
6056
6084
6090
6098
6102
6104
6110
6120
6120
6120
6134
6158
6166
6178
6194
6234
6236
6238
6238
6240
6250
6258
6280
6282
6284
6286
6290
6296
6298
6300
6310
6324
6410
6416
6440
6458
6486
6486
6522
6530
6536
6540
6544
6552
6554
6558
6568
6576
6582
6582
6592
6598
6604
6612
6612
6642
6670
6678
6690
6694
6706
6716
6732
6754
6788
6800
6804
6810
6828
6844
6850
6856
6858
6874
6926
6948
6952
7014
7018
7024
7034
7038
7040
7044
7044
7046
7082
7104
7110
7120
7158
7164
7216
7222
7228
7228
7256
7288
7296
7300
7316
7442
7442
7458
7490
7496
7500
7526
7536
7550
7612
7632
7682
7718
7728
7768
7796
7804
7810
7820
7844
7874
7916
7958
8028
8036
8040
8046
8058
8104
8144
8176
8182
8184
8194
8200
8202
8238
8244
8250
8310
8310
8316
8324
8348
8378
8384
8456
8462
8468
8472
8508
8538
8540
8550
8568
8600
8646
8650
8664
8672
8674
8686
8714
8716
8730
8782
8784
8798
8820
8832
8834
8876
8938
8962
8990
9030
9044
9062
9070
9076
9086
9092
9094
9120
9172
9186
9224
9228
9278
9284
9330
9330
9332
9346
9354
9398
9408
9420
9452
9454
9480
9484
9484
9486
9488
9506
9578
9622
9628
9686
9688
9768
9770
9814
9820
9820
9822
9826
9830
9880
9880
9888
9898
9898
9932
9982
10004
10050
10076
10096
10128
10140
10140
10152
10162
10178
10236
10238
10344
10356
10424
10434
10458
10552
10560
10570
10594
10604
10612
10624
10634
10634
10638
10658
10674
10674
10706
10754
10802
10806
10816
10880
10922
10936
10976
11034
11098
11108
11136
11142
11144
11150
11168
11176
11178
11190
11228
11232
11256
11260
11284
11286
11316
11352
11370
11372
11388
11398
11426
11438
11440
11476
11478
11480
11494
11512
11522
11530
11576
11582
11590
11628
11706
11824
11848
11852
11868
11870
11940
11948
12064
12068
12070
12094
12096
12150
12196
12224
12230
12250
12284
12344
12350
12386
12394
12396
12406
12424
12428
12470
12472
12476
12520
12544
12576
12582
12610
12612
12626
12640
12644
12646
12646
12648
12658
12674
12680
12702
12726
12732
12752
12766
12790
12800
12838
12844
12846
12852
12858
12886
12892
12918
12922
12926
12938
12958
12978
12984
13002
13054
13108
13148
13150
13192
13194
13204
13206
13248
13274
13274
13300
13340
13344
13368
13388
13388
13406
13418
13430
13446
13560
13592
13716
13774
13780
13782
13796
13806
13812
13814
13828
13830
13834
13854
13918
13944
13950
13952
13964
13974
13974
13980
14008
14016
14046
14052
14070
14074
14078
14086
14090
14092
14096
14100
14102
14152
14168
14172
14188
14194
14220
14222
14236
14242
14254
14282
14286
14288
14292
14296
14296
14298
14310
14314
14316
14340
14354
14366
14374
14376
14388
14394
14400
14412
14414
14422
14428
14432
14438
14450
14450
14456
14462
14462
14476
14480
14484
14486
14488
14500
14508
14508
14514
14518
14518
14542
14544
14544
14546
14550
14554
14560
14562
14578
14578
14592
14594
14604
14614
14618
14622
14626
14626
14630
14630
14632
14634
14636
14638
14642
14646
14654
14656
14660
14660
14662
14664
14672
14674
14680
14680
14684
14688
14692
14696
14700
14702
14704
14704
14710
14710
14710
14718
14718
14718
14728
14732
14734
14734
14738
14740
14742
14754
14758
14768
14770
14770
14778
14780
14780
14782
14784
14790
14792
14808
14812
14814
14816
14818
14820
14822
14830
14830
14830
14830
14834
14840
14858
14860
14874
14876
14886
14892
14896
14906
14926
14928
14930
14936
14938
14940
14944
14950
14952
14952
14956
14956
14960
14962
14968
14968
14970
14972
14976
14980
14980
14982
14984
14984
14986
14992
14994
14994
15004
15006
15008
15008
15010
15012
15020
15020
15022
15024
15034
15036
15038
15038
15038
15046
15050
15050
15052
15062
15062
15068
15068
15074
15074
15078
15078
15078
15084
15094
15096
15096
15098
15102
15102
15108
15114
15116
15120
15128
15132
15136
15136
15140
15144
15146
15148
15152
15156
15160
15164
15168
15168
15170
15172
15174
15174
15174
15176
15188
15188
15198
15198
15200
15202
15210
15214
15214
15216
15228
15230
15244
15244
15248
15256
15258
15258
15258
15258
15260
15260
15272
15278
15280
15282
15286
15286
15290
15292
15294
15296
15298
15308
15312
15314
15316
15316
15318
15328
15330
15346
15350
15350
15352
15374
15376
15382
15384
15384
15392
15392
15392
15398
15412
15412
15416
15416
15426
15426
15440
15452
15454
15454
15460
15476
15484
15484
15518
15520
15528
15536
15538
15542
15576
15590
15592
15596
15598
15600
15618
15624
15636
15638
15648
15678
15678
15686
15690
15710
15712
15738
15738
15740
15748
15762
15762
15768
15768
15780
15788
15806
15818
15866
15910
16024
16040
16042
16474
16772
17186
17612
17918
19054
19126
20082
21532
21674
21902
21932
22980
23312
23576
23726
23982
24002
24144
24166
24172
24214
24266
24270
24278
24340
24350
24608
24654
24724
24732
24756
24784
24892
25116
25210
25218
25336
25364
25472
27864
30272
30772
68628
87198
134648
213312
228614
302996
347226
614214
1745746
3716262
37377076
