Latencies
5320
5334
5342
5346
5356
5392
5400
5404
5406
5410
5418
5426
5430
5430
5446
5450
5472
5478
5480
5484
5488
5496
5496
5522
5546
5614
5618
5626
5626
5628
5634
5646
5648
5654
5668
5682
5692
5694
5700
5700
5702
5704
5740
5746
5752
5754
5772
5786
5816
5824
5834
5864
5868
5878
5888
5894
5910
5944
5946
5948
5974
5988
5998
6002
6010
6048
6068
6110
6118
6152
6186
6188
6194
6214
6236
6280
6284
6288
6290
6340
6388
6512
6542
6560
6568
6738
6756
6808
6896
6956
6968
6976
7012
7036
7132
7198
7230
7298
7312
7324
7350
7374
7378
7382
7416
7432
7452
7494
7506
7508
7542
7558
7666
7742
7760
7834
7850
7852
7894
7898
7902
7988
8074
8110
8112
8114
8116
8154
8188
8228
8268
8328
8336
8374
8386
8390
8430
8466
8566
8654
8658
8662
8664
8686
8728
8758
8866
8928
8938
8948
9034
9034
9040
9052
9076
9090
9148
9158
9158
9172
9200
9220
9296
9332
9378
9432
9454
9474
9490
9562
9606
9628
9686
9806
9900
10022
10024
10042
10086
10132
10212
10216
10218
10238
10294
10302
10302
10362
10388
10420
10434
10462
10478
10486
10500
10522
10564
10612
10620
10648
10660
10664
10692
10740
10742
10788
10838
10846
10878
10912
10944
10952
10952
10980
10996
11012
11012
11162
11172
11196
11224
11266
11288
11304
11332
11352
11398
11436
11448
11470
11660
11670
11692
11706
11706
11712
11716
11720
11760
11940
11984
11988
12002
12016
12036
12078
12092
12098
12168
12200
12210
12248
12316
12330
12340
12382
12442
12452
12474
12512
12514
12516
12588
12652
12678
12738
12760
12786
12806
12810
12830
12836
12884
12952
12960
13068
13110
13152
13172
13194
13244
13382
13402
13420
13422
13506
13562
13592
13626
13626
13628
13682
13712
13720
13774
13832
13844
13930
13986
14026
14052
14104
14136
14146
14200
14202
14222
14230
14268
14324
14374
14374
14386
14406
14442
14466
14468
14498
14518
14530
14530
14538
14544
14550
14552
14594
14618
14622
14630
14632
14684
14722
14748
14776
14782
14784
14788
14790
14794
14806
14808
14878
14882
14884
14888
14908
14908
14916
14934
14960
14990
15006
15006
15022
15050
15092
15100
15106
15108
15116
15116
15118
15132
15146
15150
15154
15158
15160
15170
15196
15242
15252
15254
15256
15260
15266
15266
15274
15278
15306
15312
15318
15328
15330
15348
15360
15360
15370
15370
15370
15386
15390
15404
15410
15434
15466
15510
15522
15576
15582
15584
15590
15624
15628
15634
15642
15672
15710
15716
15746
15768
15784
15784
15804
15812
15824
15832
15862
15936
15936
15984
15986
16024
16140
16148
16176
16262
16284
16342
16500
16534
16562
16604
16668
16670
16738
16794
16816
16868
16918
16966
16994
17010
17072
17094
17108
17174
17264
17292
17324
17356
17410
17430
17512
17520
17566
17608
17646
17710
17728
17730
17762
17850
17910
17934
17952
18056
18058
18074
18112
18310
18312
18314
18330
18334
18358
18370
18394
18402
18542
18580
18590
18686
18700
18784
18814
18816
18816
18832
18850
18888
18936
18986
19034
19270
19280
19306
19342
19354
19364
19404
19490
19532
19544
19550
19614
19630
19744
19752
19830
19854
19966
20006
20054
20150
20222
20226
20238
20246
20250
20284
20422
20424
20460
20460
20478
20562
20578
20604
20814
20858
20908
20918
20984
20988
21000
21056
21060
21098
21110
21158
21206
21250
21250
21320
21334
21376
21440
21450
21508
21554
21566
21582
21582
21610
21660
21682
21716
21730
21840
21868
21924
22090
22170
22182
22232
22240
22360
22368
22388
22398
22582
22650
22652
22760
22842
22880
22924
22938
22980
22990
23042
23100
23152
23160
23192
23350
23512
23512
23520
23540
23560
23628
23892
23918
23946
23978
23994
24022
24058
24138
24138
24184
24240
24350
24396
24468
24530
24594
24606
24616
24628
24646
24648
24654
24656
24660
24698
24760
24778
24786
24802
24866
24904
24912
24942
24962
25014
25024
25030
25032
25044
25066
25066
25102
25182
25222
25248
25294
25368
25374
25510
25542
25570
25582
25582
25582
25604
25610
25658
25696
25724
25968
26004
26004
26066
26088
26104
26152
26170
26170
26248
26268
26362
26368
26392
26490
26522
26554
26556
26598
26608
26624
26672
26734
26752
26812
26880
26898
26898
26984
26986
26986
27136
27236
27268
27466
27472
27478
27486
27496
27528
27570
27580
27626
27654
27720
27728
27736
27754
27774
27804
28052
28060
28120
28182
28314
28494
28508
28558
28566
28578
28628
28686
28738
28756
28778
28822
28864
28956
28972
28984
29064
29072
29148
29152
29218
29258
29276
29318
29380
29410
29412
29414
29514
29548
29572
29624
29626
29706
29708
29724
29726
29768
29768
29864
29958
30044
30124
30142
30184
30234
30262
30366
30504
30522
30542
30574
30588
30592
30608
30688
30698
30726
30752
30768
30796
30806
30852
30872
30886
30920
31042
31156
31230
31288
31368
31410
31414
31428
31546
31576
31704
31712
31720
31732
31800
31810
31950
32078
32194
32356
32364
32380
32410
32508
32516
32550
32554
32586
32598
32778
32796
32980
33010
33026
33050
33182
33368
33442
33448
33500
33568
33614
33634
33662
33668
33762
33902
33918
33920
33930
33952
33958
34032
34046
34046
34052
34064
34118
34142
34168
34174
34232
34246
34248
34252
34258
34262
34270
34280
34292
34292
34300
34326
34342
34348
34424
34438
34448
34470
34486
34490
34494
34494
34522
34544
34550
34562
34570
34578
34592
34604
34604
34616
34626
34630
34652
34666
34666
34670
34696
34716
34722
34740
34750
34762
34764
34770
34784
34796
34812
34814
34820
34840
34850
34860
34862
34892
34898
34922
34922
34942
34946
34974
34988
35000
35028
35032
35050
35060
35076
35080
35080
35104
35134
35194
35224
35260
35266
35286
35304
35318
35340
35356
35410
35470
35474
35482
35522
35542
35548
35632
35640
35654
35668
35700
35766
35796
35952
35964
36020
36126
36206
36230
36286
36318
36348
36500
36698
36944
37022
37152
37178
37252
37334
37410
37692
38322
38484
38518
39628
40088
40562
41054
41682
41866
41914
42324
42424
42476
42484
42504
42622
42672
42736
42884
42964
43102
43206
43218
43320
43354
43440
43738
43838
43864
44226
44338
44492
44530
44574
44742
44776
45076
45148
45274
50180
53800
56042
58218
62774
63648
65428
102652
135954
226472
420344
4794574
7689008
