Latencies
8100
6044
5220
10974
5774
35094
5342
5394
5158
5558
5312
5292
5814
5206
5194
8324
5436
5206
5476
5956
5326
5378
14600
6770
5226
6544
6024
5370
5580
5426
5196
5234
5276
5862
5960
5634
5310
5336
5600
5234
5558
5218
44900
5096
5212
5220
5462
5066
5130
5690
5716
5744
23816
5284
5864
6058
5506
5248
5306
5850
5246
25398
5744
5106
5314
5620
5790
5252
5186
7556
19810
6440
5090
5378
5244
5156
5080
48914
6300
51300
32644
5262
14526
5150
5340
5416
5546
5308
5632
6046
27232
6072
5520
5192
5140
5254
5624
5274
5428
5224
10544
5196
5322
5272
28822
5422
5474
9014
5248
5234
5184
5228
5234
5370
5258
8068
5308
5684
5490
6328
5164
5912
32278
5084
6012
5272
5294
5512
5254
5376
5634
5354
5356
5224
6052
5362
5884
5098
6434
35742
35286
5384
5358
5864
25316
5962
5272
5824
30660
5118
5112
5524
5338
5248
5264
5978
5140
5626
5646
5304
5244
5252
36176
5052
19504
5100
5338
5704
5298
5282
6092
5494
5190
5076
5132
5206
5162
5222
5246
5028
5178
18562
5494
5866
5188
6150
5630
5408
5802
27674
5228
5288
5566
5416
6036
5776
5812
5196
12216
5178
5082
13778
5180
5180
5892
5638
5732
5364
5248
6052
5080
24268
6348
5080
6026
29192
5256
5228
5504
5720
5122
5270
5468
5178
5368
5168
6040
5232
6466
5154
5150
5158
5150
5156
5238
5118
26220
5268
6162
5268
5152
6136
5408
5310
20656
5080
19572
5844
5294
13988
5378
5192
18124
5144
5568
5660
5112
5186
5218
5292
5702
22400
5344
6160
5380
10808
5992
5748
5446
5890
5698
5640
6072
6262
6320
5428
5708
6646
10758
7060
8280
8944
7986
6954
8714
7314
5934
7492
9336
8000
8732
6322
5720
5292
5968
6000
5528
5732
5758
7850
6408
6096
5878
6326
5386
5324
8122
5262
6352
9138
5476
6178
5286
5398
6036
5858
7060
5492
5362
5906
18664
5382
5774
5294
5532
5136
5422
5712
5306
5844
5380
6012
5528
5376
5204
5332
5226
5396
5492
24594
5468
5678
6166
5638
5286
5470
5136
5174
5314
5860
5910
5270
5446
5392
5072
5276
5294
5272
5168
5168
5234
5234
5216
5308
5660
5718
5194
5186
32166
5220
5130
5584
7162
5296
5536
5062
5814
77664
5452
5224
5216
5336
5256
5248
5350
5546
5344
5256
5856
5352
5830
5282
5738
5232
5262
5328
5138
14196
21318
19510
5362
5170
6390
5096
5544
5648
5080
5414
5474
8142
5034
5626
38884
5256
5882
5200
5718
9158
7108
5514
5142
6366
5450
5238
5526
5464
5244
5212
7196
5132
5412
5294
5056
5448
5736
5350
5464
5320
5356
22350
5150
5352
5172
5288
25830
5992
6030
5322
25408
5260
24068
5826
5724
6208
5668
5270
33300
28924
5622
5376
5322
5282
5206
5412
6066
5526
17870
8384
35580
5756
5244
5340
5418
5954
5918
5604
24268
5182
5296
5122
5222
29504
32420
10156
5618
5044
5240
5242
39564
5474
5140
5332
5256
37140
5300
11998
5270
5552
5312
6118
5200
5398
5310
5262
5910
5520
5268
17504
5498
5266
5244
5700
24704
5280
5294
5266
32076
5912
5934
5116
5286
5314
5790
5304
5580
5254
5306
6120
5276
17062
5346
5472
5158
5502
5940
5914
5200
6122
12098
5058
5142
5548
5214
5042
21814
5364
5260
5176
5256
10548
5236
5528
5266
192066
5656
5334
5436
5290
5200
5290
5300
6948
17884
5602
5164
5298
5214
5252
5208
6266
5262
5220
5190
5290
10584
6144
5018
5366
5644
319922
5284
15044
5330
5244
5092
5162
5070
5608
5238
5234
32978
5742
5388
5184
5714
5496
20500
5232
5080
5130
10380
5242
5236
5416
5722
15626
5300
5744
5544
5482
5308
15226
5498
14606
5278
5324
5224
5276
5336
5738
5274
5706
189580
5288
5050
23722
5516
5282
5360
5392
5500
21846
5830
6330
5156
5716
5810
5034
33920
5552
5942
27172
11110
5462
5312
7498
5524
5430
5268
5304
5204
5678
5848
5926
5346
12506
5258
5204
5266
5256
5370
5082
5108
5288
5294
5210
5180
5270
5552
5230
5850
5804
5200
5266
5146
26816
5722
5052
5172
5736
5220
5598
5482
5478
5580
5116
5248
5082
5458
5078
5064
25748
5066
15824
5150
5180
18598
5922
5274
5478
5498
5284
5222
5732
10196
35176
5404
5166
5814
5452
5030
5826
5126
5126
5366
15470
5338
5064
5624
5396
5596
5902
5274
5318
5288
5296
5298
5578
5962
5292
5274
5954
5998
5478
5362
5912
5716
5412
29382
33694
6510
5528
6666
5344
5228
5726
5104
5640
71268
5360
6376
6116
5290
5042
5258
5180
5070
5606
16110
9476
5130
5420
5674
5260
5286
5236
6350
5242
9016
5284
15148
5124
5872
5126
5270
5416
5304
5380
5212
5284
5276
5070
5264
28474
5178
5262
5318
5310
5084
5732
5400
5200
6050
5228
5150
5240
5314
5238
24934
5246
5262
5898
5318
5314
5770
5642
5578
5356
5792
5228
5152
5218
5494
5080
7366
6328
5850
7166
6446
6774
6080
6172
6596
10134
5438
6356
5438
5476
5518
5862
5132
5422
6880
6092
32504
5374
5632
5066
5288
5906
5112
5436
5678
5340
5302
6300
5782
5258
5266
5174
5144
5156
5154
5166
5566
5062
13838
22948
5192
5708
5460
5152
5202
5554
5222
5034
5680
5158
11610
5652
5258
8604
5278
21450
11756
5246
5094
5264
5320
6160
5220
5292
5662
5658
13176
5284
5082
5526
5836
5276
5190
5342
6044
31550
5416
6036
5538
5036
5978
5062
5178
6580
5064
5264
26476
5288
5310
5420
6372
5268
24812
5326
6096
5250
5830
21258
5166
5592
5378
5066
5714
5080
5340
6024
5208
10788
5224
5178
5572
5580
5636
5740
5274
5420
6038
18304
5964
11484
24354
5738
5708
5242
5480
5212
5282
5080
5186
5874
5238
52418
5214
5160
5442
5280
5860
5220
5274
5154
5560
5116
5130
5966
5664
5494
5330
5134
5180
5092
15808
5126
5076
5072
5298
6566
12856
5188
5484
5680
21614
10880
5194
5712
35796
5192
5632
5210
5562
5140
5876
5612
5540
5208
5276
5236
5270
5250
5044
23632
41164
5078
5078
5292
5380
5330
5240
5792
6300
5364
5458
5100
12126
5070
5618
27516
5660
6430
5722
11778
5272
11340
5722
5262
5122
5232
5056
5236
5436
19100
5088
21150
5394
14780
5104
5530
5468
5750
5190
5360
5192
19624
5964
5748
5208
5180
5246
5180
50770
5280
5404
20562
5162
17156
5186
5482
27956
5436
23692
5956
5320
5258
28850
5414
20672
5320
5502
9642
5278
176794
24286
5364
5118
5714
5136
5262
5196
5040
5304
16684
5352
5348
5256
6258
5160
5428
5624
21586
5262
5202
5170
5102
5258
5750
5202
5070
5696
5372
5170
5230
5330
5492
5290
5290
5080
5162
5236
5342
6090
5876
5218
6008
5440
5484
5244
5622
5242
5508
5780
5446
17626
5110
5470
14488
5758
5394
5684
5234
6052
5276
5324
5658
6458
5372
5282
5688
5900
5908
5728
5598
5246
5706
5286
5226
5086
5402
5694
5314
5778
5286
5352
5366
36274
5598
5344
5340
5206
5474
24782
5238
6034
5648
5484
5216
5208
5344
5148
5274
5360
5152
5746
5286
5078
5610
23642
6184
5534
40908
5388
5298
5262
5402
5858
5240
5128
5284
5258
6010
5340
5716
5602
5440
5330
5968
5638
5320
5976
5276
5284
5222
12640
5140
5234
5666
5226
23606
5048
5440
5780
10156
5258
5546
5264
5522
5252
5884
5488
18232
5268
5266
5294
5170
5206
5206
5974
5416
24080
5368
40966
5284
25736
5244
5406
5584
10772
5854
5428
5244
5416
5690
5352
20390
5110
5338
5794
5220
5638
5150
5160
5964
5370
35500
6186
6196
6072
5296
5382
5448
5792
5092
5240
23798
5118
10810
5450
9064
5306
24206
5302
5854
5388
5220
5662
5236
20020
5246
5324
5386
5292
5780
5126
6094
5130
5246
18814
5306
6084
5310
5828
5272
5998
5382
5164
5778
5370
5528
25914
5672
5156
5264
26488
5170
5210
5546
5222
5448
10842
5590
12730
5498
16398
5302
5722
5528
6166
5428
18552
5566
20346
5954
6204
5184
5684
5430
5340
5388
5550
5254
5662
5642
5708
21378
5316
5554
5508
5260
6260
5548
5160
5776
5364
29618
5268
5276
5510
5384
5234
5150
5144
5334
5308
5090
6008
22954
5420
5064
5070
6180
5952
5398
5186
5322
5876
17626
5214
5118
5288
5216
5152
6046
6196
5744
5322
5238
5498
5300
5516
5090
32922
6634
5184
5972
5326
9448
5290
5340
5230
5340
16882
6440
5550
5386
5058
5854
5438
6370
5850
6274
5322
5298
5450
30704
5168
5250
16468
9238
18122
5610
5086
25720
5986
6068
5234
6008
5332
5508
5458
5236
5382
5374
5988
5270
5304
16632
6010
5332
5526
5890
5226
5198
5416
5784
5844
5542
6236
5642
5162
6036
5778
5834
5308
5490
5814
34330
5216
5266
5382
5428
5230
5628
5550
5346
5910
5372
5342
5108
5930
5162
33004
5224
5744
26052
5064
5224
5976
5236
5840
5140
5922
5670
6088
5206
8502
6104
5616
5282
5490
28998
5240
5076
15358
5244
10766
5318
13100
5142
5220
5226
5506
5456
5912
31408
5204
5514
5356
5476
5268
5610
5280
5266
5260
5652
6030
5716
5296
6198
5598
5226
15396
5320
5488
5310
5412
6150
5714
5328
5680
5968
5402
5572
5960
32756
5838
5174
5304
5082
5850
5236
5324
5156
5390
5900
12348
5704
5134
5510
5248
6660
5208
5850
5102
5216
5170
5140
5092
5692
5154
6222
5418
5820
5394
5778
5516
5330
5428
5334
5306
5732
7076
5196
5396
5168
5338
6446
15530
5446
6148
5286
5268
24730
5566
5238
5170
5436
5362
5026
5160
5502
5214
6062
5584
5520
5620
5322
5210
5904
5248
5394
6368
5236
5128
5154
5278
5198
5256
5088
5102
12436
5682
5318
5484
5132
5062
5298
6184
5276
5378
5746
5244
6214
6008
5208
5082
5384
5584
5348
5198
6002
5232
5518
6070
21748
6080
5966
5304
5238
5250
5698
5542
5474
5262
5208
5444
5102
5370
5290
5940
5250
12252
6218
5382
5208
5900
33246
5290
5290
18550
6314
6024
5796
6178
5634
5076
5232
5624
5252
6148
5994
5424
5310
5364
5318
5142
5262
5468
5250
5244
5152
26612
5292
5818
5150
5342
5090
5142
5704
5248
5182
5360
5188
5060
5108
5130
5304
5484
5236
5416
5494
5404
5304
5182
5780
5880
6406
17814
5148
6136
5216
5250
5694
5378
5674
5172
5260
5246
5222
5982
5894
21408
5542
7594
5386
5184
5276
5224
5438
6220
5156
5488
5278
5190
6746
5124
5316
5312
5390
5132
5620
5464
5574
5754
39664
5084
5854
5358
5364
5328
5878
5620
5356
5256
5250
5170
5112
5258
5328
5244
5252
5518
37284
5454
5354
5414
7774
6676
6120
5148
5670
5338
6280
5182
6024
5598
5450
6026
19018
5320
5376
5358
5224
5016
10828
5730
5774
31148
5474
5222
5494
14626
16506
5306
5790
5282
6058
5412
32940
13866
5338
5234
5298
5366
5256
5906
6136
5274
6372
5544
5292
5526
5462
5468
5414
5236
5278
37300
6552
5906
5402
35948
31004
5194
5226
5954
29598
5388
24792
6220
5380
5840
5346
5570
5714
5184
5938
5254
29788
5306
12632
5402
5696
5454
5182
6224
9022
5408
5476
6118
5144
6238
5142
5190
5200
5170
5192
5496
5726
5854
5114
5348
5242
5378
5938
5646
5368
6098
5552
5306
35056
31478
6072
5524
5668
5778
5272
5280
5296
5422
5780
5212
6084
5926
32798
5572
23380
5900
5288
5566
5362
5316
5364
5392
5392
5160
5148
6940
5348
27888
5358
5304
5574
5754
19122
12768
5286
6076
5556
6092
5946
6572
5204
5276
5296
5834
5270
5556
12662
5292
5444
5264
23698
5210
5516
5250
5422
5554
32184
10848
5250
8392
5364
5686
5392
5140
5256
5368
6000
5926
5834
5232
6170
5328
6102
5288
11094
5354
5412
5364
5424
5436
5666
5250
5396
22790
5276
5254
5376
5636
5318
5286
5360
5716
5336
6256
5406
5414
5224
5612
5430
5348
5256
5234
5102
5460
5148
12334
14540
10874
5290
5574
5456
5272
5388
5246
5880
5762
5410
5434
5252
5708
5404
5246
5294
5254
5548
5154
7194
5370
5978
5326
5612
5940
5456
39772
5222
5278
