Latencies
6706
5968
5106
5114
5246
5622
5102
5150
5164
5156
5060
37590
5230
5210
5094
5056
16072
5460
5420
5210
5120
5904
19702
5552
5144
5260
5340
5776
5368
5308
5328
5048
5260
5390
5002
26754
6192
5372
18198
5570
5362
5398
5102
5110
5914
5082
5156
5124
5038
5400
5060
5272
5042
8598
5046
20016
5266
8306
5222
5126
5224
5054
5076
11004
5118
5866
35126
5266
5304
5372
5504
5352
5222
5302
6022
5350
5138
23214
5220
5216
5436
5366
5238
5256
20980
5032
5038
10062
5288
5284
5294
5246
5250
5548
5916
5542
5126
5298
5912
5560
5556
5436
5186
5344
5284
5124
5384
5378
5020
5964
4990
5036
4982
5058
5074
5576
5370
5356
5124
5324
5360
5272
5128
5166
5064
5360
6280
5118
5046
5356
5078
5634
5026
5352
5612
5474
5208
5750
5082
6202
5198
5492
5300
5524
5184
5288
5580
5806
5116
25380
5460
6234
5300
14684
5570
34418
5822
10888
5226
5944
6012
5054
5450
6394
5968
5364
5080
5042
5108
6164
5690
5856
35434
5248
5170
6962
30314
5120
5106
5116
5388
6568
6218
5214
5218
17606
30524
5050
4936
5460
5078
5444
6108
5380
5182
5032
5508
5030
5540
26294
38876
5704
6280
5064
5384
21528
5048
5214
5476
5206
28294
5034
5058
5612
5946
5428
13830
5118
5128
5322
5176
5394
5884
37392
5090
5134
5380
5056
24222
4978
5088
5036
5064
5058
5004
4980
5008
17472
5072
5636
5474
5168
5102
5104
5078
5672
5130
5878
5620
28086
5658
5066
5110
5202
5278
5010
5472
5826
5056
5560
5046
5826
5212
5726
5102
14048
5120
5316
20358
5370
5076
5224
7956
5228
5244
7324
5620
5238
5810
5844
5144
5264
6244
18248
5340
5014
9194
5106
5192
5690
5402
5194
5958
5028
5182
26514
5194
5556
5206
5690
5046
5260
5072
5040
5138
5058
5020
25324
5038
9642
5668
5996
5316
5244
5206
5190
5446
5044
17362
5190
5108
5856
5076
17812
13078
5024
5668
5466
5372
5112
5614
18692
8336
15700
5118
16800
5360
5298
5280
5122
5206
5170
5128
5832
13902
5942
5812
5152
5196
5390
5110
5010
5154
5036
5028
11582
6130
5106
5218
5208
4978
5634
11476
5036
5212
5430
6094
4990
5512
5024
5396
5262
5350
5836
5110
5218
5074
5356
5114
5824
5190
5836
6908
5342
5438
5358
5278
6150
9312
5476
5390
11024
5234
5436
5322
5080
5022
6262
5170
5424
6702
5234
5238
5110
5028
5064
5186
5290
13550
5404
5196
5220
6046
5050
24838
5190
5802
5342
5416
5154
5174
32112
5078
6078
5286
5394
24180
5284
21020
22678
5382
5128
5740
5102
5018
12210
5560
5266
19208
5110
5672
5772
5678
28508
5088
5820
25830
5494
5100
8552
5172
6086
10730
18852
5050
5008
5402
5214
5522
6076
5616
5980
5346
5500
5182
5800
5114
5736
5302
5228
5036
5434
5076
5284
5144
5040
6170
5066
5210
5008
4992
5096
14032
5412
5636
5440
12248
5596
5042
5416
5258
5202
5216
5624
5172
5232
5220
5074
24186
8684
5020
5452
5174
5082
5200
5704
5028
5054
5314
5230
5096
5934
5366
5624
8450
5314
12200
5876
5200
5218
5102
5012
5198
5202
5374
5534
26740
6244
5724
6382
5166
5490
5684
5256
5026
5696
5192
5036
5342
5892
5184
5158
39326
21680
5478
5256
5052
5218
5902
5138
5384
5826
5028
5176
5520
5068
6066
5246
5048
5062
12000
5304
5494
6064
5364
5232
5116
5356
5186
6470
23128
5286
5186
5130
5886
5474
5454
5392
49978
5034
25502
5794
5552
5136
5022
5322
5314
5588
5194
5356
5160
5030
5146
5816
5422
5976
8814
5130
5412
5026
5596
5410
5066
4990
5024
22406
5120
15566
20354
23282
5466
5220
5784
5008
5002
5030
22472
5016
15174
5160
16700
5016
5370
5624
5030
5106
5396
4964
38982
5220
5210
5766
5586
6272
5090
18600
5222
5108
26614
5572
5132
5174
4970
5600
5738
8418
5904
5196
4982
21968
5026
5734
5212
5066
21650
5100
5144
5016
5074
7076
5116
5328
5098
19680
23402
31494
5248
5166
5854
22630
6458
5796
14078
5020
5774
5056
5228
5780
5012
5010
5116
6180
5146
5042
35862
14458
5496
5298
5210
5892
4994
5256
5180
5126
5272
5004
5082
5156
5034
5084
5544
5608
6046
5032
5288
5318
5876
5770
15670
5696
5596
5126
4986
5718
5272
5192
5226
5056
17898
5112
4934
5490
4992
5024
5358
5012
10255322
5366
5740
5122
5270
5242
5056
5028
5236
5060
5208
5016
5736
5836
5090
5498
5136
5022
5220
5028
5020
5444
21636
6756
5602
5522
6002
5852
18700
5060
5452
30792
5136
21376
4966
10010
4994
5146
5036
5022
5004
5562
18860
5124
5262
5216
10688
5328
5978
5248
5266
5158
5724
5048
5284
5936
5006
5786
5002
5714
4996
5360
5148
31098
5450
5244
5338
5024
5318
5476
5408
5030
5220
4990
5260
5476
5086
5070
7584
5890
5426
5154
5072
5358
5178
5286
4958
5254
5062
5782
5180
5014
4988
4996
5902
5006
9536
5006
5018
5692
4998
21238
20142
5830
5134
5816
5024
5266
22718
5154
7278
27046
17958
5240
5042
20346
7038
5192
5198
5176
5230
5034
25398
5038
5454
25804
5018
4986
13700
5012
5208
6044
29418
5260
5420
6032
17818
5696
5328
5566
5580
23536
5730
5156
32464
5314
5268
9256
5590
5206
5846
5558
5662
5276
6996
5552
5164
5056
5646
5366
5566
5614
27668
5760
5464
5236
6054
5210
5184
5286
5428
5794
4996
5066
8362
5532
5020
6696
5210
5426
12822
5494
5688
30988
5672
5064
5208
5030
24330
7042
5592
5198
5224
5710
5142
35538
5582
5374
5306
35682
5216
5462
5034
5270
5120
5060
5168
25490
5124
5072
5214
5074
5150
5104
51230
5208
5168
5882
5540
5120
5348
5548
5602
5240
16298
8344
5744
6256
5140
5240
5058
5382
5768
5250
5640
5132
5128
5506
5416
5090
5176
5216
5310
5652
5478
5060
5144
5366
5960
5290
5342
29090
5478
11354
16678
18828
21372
6050
5314
9282
5814
6318
5248
5300
5116
5590
5092
5262
5076
5288
5276
5324
5032
25200
5414
5578
5204
5096
5604
5234
5236
5306
5772
16264
5528
5968
5724
5222
5796
5882
5356
5220
5536
5970
5602
5206
5182
5272
5680
5210
5832
5276
5214
5262
5510
5268
19504
5904
5278
5452
6206
5236
5652
5166
5244
5366
5390
7598
5696
5350
13656
5210
6124
5232
5188
5126
5404
9204
5116
5090
5796
5950
5498
5534
5220
5702
5398
5444
5514
5302
5164
5268
5308
5200
5018
5134
5568
5254
5514
5234
5782
5820
5122
5270
5278
39126
5112
5364
5116
5720
5600
5250
5054
5026
5074
5522
5254
5360
5588
5088
5494
5058
5300
5126
5064
5142
5408
5244
5250
5920
5054
5900
5160
14774
5168
38190
11076
5296
5414
5500
5560
5396
5232
5030
5208
5334
5248
6028
5272
5090
5172
6402
5136
17398
19496
5152
5760
5084
5122
5980
5200
5332
5072
5176
5060
5104
5412
22442
5530
5384
5440
5098
5062
12176
5210
5456
5362
8394
5882
5066
5544
5368
5170
5936
4950
5846
5086
5640
5268
5200
7150
30044
5128
11452
5348
5162
5166
7282
5246
5944
5938
5166
5334
5432
5032
5842
5010
15344
5074
5008
5366
5570
5636
5110
5404
4972
5030
5018
12342
5130
5556
5322
5094
5008
5574
5020
7090
5780
7912
5516
5168
5566
9708
5080
5048
5074
5136
20250
6228
5366
13770
24660
5066
5062
5212
5036
5260
49300
5582
5716
5338
68648
5450
5248
5154
5216
5314
5030
5022
5020
5128
5032
4992
5112
23130
5116
5276
24368
4998
5182
5100
5032
5174
5106
5116
5656
11246
5008
5238
5156
5392
8794
5194
5994
5314
5520
5846
15772
5326
5330
5290
5898
5262
5162
5742
5232
5694
5194
5150
5200
5220
5398
5078
5092
5310
33014
5128
5070
5134
5022
6096
5334
5232
5134
5222
5220
5042
5272
5316
5262
18746
5930
5656
5396
5818
5034
5240
14334
5062
5104
16178
5038
5400
5874
6176
5258
5408
5066
5020
5454
8018
5160
22444
6590
5454
5062
5206
5010
5078
5290
5290
5738
5446
5226
5190
5152
16662
5144
5088
6492
5170
5176
5054
5186
5332
5896
5064
5574
35624
5336
5868
5324
5246
5270
5260
5246
5090
4998
5826
5888
5236
5386
5194
5638
5116
5056
5242
5026
12498
8686
5012
5026
5010
4992
5162
5090
5766
5214
5066
5124
5078
5446
5192
32692
5272
5210
5570
5242
5448
5132
23462
5592
5008
5158
5098
5198
5244
5834
5044
4998
26546
5164
5210
5190
6168
5346
6170
5266
5358
5432
6462
5188
5300
5786
5080
5162
5266
5206
5168
5208
5086
8656
5186
5332
5092
5356
5184
5404
21336
5334
5150
5186
5692
5176
5214
19052
5174
5142
5444
6080
5088
5262
11748
5502
5184
5324
5294
5258
5496
26806
5068
5514
5430
5180
5064
5144
5028
5528
5200
5480
5568
5562
5192
5242
5284
6002
5328
5502
5224
5440
5454
5132
5052
5166
5298
5474
5894
5052
5232
5530
5116
5150
20824
5814
6032
5018
5146
5880
6084
16588
5176
5046
5466
5378
5434
5636
5134
5518
5138
5280
26742
5066
5258
5234
5996
5152
5228
5584
5172
5210
5532
5082
5982
6016
6092
5198
5108
5232
5662
5642
5076
5442
5210
5268
5070
5180
5016
5072
14344
6034
5228
5130
5148
5098
5186
5190
9104
5276
5228
5318
5316
5278
5324
5280
6102
5258
5352
42966
5886
5548
5168
20436
5416
5456
6102
5790
5288
5184
5502
5628
5150
5254
5190
5116
5774
5820
6240
6026
5388
5308
8122
5552
5450
5500
6664
5206
11256
5062
5160
5812
5292
6322
5554
5620
5702
5264
5240
5326
6022
5078
5174
12224
5642
5188
6650
5184
5134
5248
20228
5020
5274
5430
5132
43904
5282
5356
6138
6056
5264
5388
5266
25182
5324
5070
5610
5250
19496
5296
5604
6572
5126
5076
5552
5082
5534
5362
5154
5188
6334
5460
5222
5258
5300
5210
23928
5226
6102
5312
6084
6114
5836
5318
5418
5300
5236
5480
6130
5238
17668
30100
5232
5984
5798
5542
7436
16782
29830
5186
19514
5502
5292
5194
5150
5202
7814
5078
5838
5324
5572
5136
5078
5282
5534
5208
5876
14902
5042
5130
5046
5460
5426
5158
5724
5256
5458
5078
5526
5088
5134
5122
5184
6482
5130
5798
5106
5244
5124
7552
5400
5280
5902
5230
5980
5028
23880
5044
5308
5064
5050
5382
5096
5350
5228
5020
5102
5192
5118
44156
5590
6114
5042
5148
4986
5018
5106
5182
5014
5914
5328
5460
6112
5526
5138
31774
6344
5054
5040
6892
5130
6310
5312
5446
7258
5064
5236
5542
5200
5838
5714
5172
5170
5252
5236
5154
5228
5318
5672
5002
6290
5032
5224
5196
4994
5014
5006
5116
5076
5272
5304
12250
5142
5052
5050
5058
5066
5768
5434
5896
5434
5592
5170
4994
6108
5552
5824
5888
5538
5670
5386
6102
5098
27898
5356
5372
5904
5202
5366
5234
10872
5160
20898
6148
5506
5572
8896
5432
6318
5500
6294
5688
6174
5278
5296
5128
5102
5174
5050
5398
26034
5462
5526
5902
5232
5052
26550
20778
14676
28994
5590
6408
5074
6674
5028
5052
5216
5292
5490
17070
10600
5328
30346
5342
5278
5188
5240
5192
5456
5296
5242
5682
15096
5192
5358
74326
5988
5290
5178
5916
9318
5250
16588
5196
5926
5018
5198
5444
5590
5180
37010
5344
5080
22872
5718
5282
5000
8386
5186
5042
5326
5006
5000
16946
5050
5160
5064
5946
5070
15066
5628
6074
6018
6066
5802
5358
5126
5226
6154
5388
7500
5276
5810
5098
5208
5010
5104
5110
5664
5208
5816
5588
5422
5050
5050
5076
5434
5454
5470
5076
5194
5344
5528
5126
5450
5306
5338
6066
16492
5940
5194
5250
14554
5350
5438
5780
5106
5178
5040
5210
5134
19898
5200
5334
5092
5200
5618
5082
5088
5108
5368
5056
5108
4992
5274
5058
5366
11912
5336
5204
5036
5106
5174
6072
5138
5074
5062
5076
5278
5222
5732
9882
16700
5272
5596
5428
5204
5298
6088
5906
5270
6380
5610
5496
5512
5866
5426
5078
5234
6108
5274
7642
5116
5154
7290
5228
5262
29446
5594
5152
33324
5022
5034
5784
6920
5172
