Latencies
15806
43180
25134
24406
26004
24650
25094
24454
24714
24220
25514
25250
25038
24832
24940
24980
24148
25426
24808
25006
24866
15398
24794
24940
24956
24996
24668
24892
25332
13180
14440
18450
19718
22252
15530
11760
6842
5846
5298
5582
5566
5318
5480
9434
6866
24722
14178
12894
14934
14478
7812
10552
9506
8058
5378
5350
7706
8898
15128
10986
30242
7984
15702
14756
14512
15662
6124
5500
30706
17966
14702
24706
24820
24494
25192
25146
25816
24760
25148
24292
25174
23862
24944
24778
25862
24148
23938
24742
24170
25484
24626
25222
24938
26164
24604
24510
12896
16132
10538
14280
34406
14742
15350
14968
14966
14254
14894
15268
15628
15706
15590
14716
15304
14388
5472
5848
5392
5304
5358
5910
5398
5320
5382
5238
5474
5232
5394
5532
5526
5462
5414
5442
5394
5368
5310
23632
7416
14140
9524
13198
10646
6182
5518
5724
5280
5280
5630
5446
5552
5508
5466
5326
5576
5716
5716
5654
13504
11222
12534
11806
7696
7862
7370
7206
7568
15162
5856
19766
16490
31704
25628
11722
13756
15048
24628
15408
16584
13306
24958
23230
25148
24164
24172
15144
14822
14676
11656
7740
6814
10928
11034
11400
15184
25660
21302
10156
5576
12582
13542
21696
18164
10022
7740
25330
18270
22966
33112
14806
13512
15124
24012
10842
17772
10758
9824
15806
14276
24120
6682
14150
13148
7992
18974
11310
31312
24998
20980
17530
24820
24514
34892
24928
19822
24516
23604
6268
17490
10068
12124
11852
10410
19034
24682
18774
15358
24816
10262
6646
20590
21764
19750
11962
25346
12492
11128
24342
15052
14476
14998
15426
15078
24330
25258
24994
24362
14728
15264
15154
14896
14780
15124
12552
6552
9674
25562
10564
15094
11958
18422
24486
24696
28078
6478
9150
5748
6892
12578
23310
6412
12690
9002
33410
24402
16916
11724
14576
13316
12774
11476
11684
22908
22782
12494
14130
6438
14994
15898
15308
6996
6030
5816
21378
21140
25240
18494
15312
10810
13002
8414
14112
19034
9298
14776
11540
7188
15896
15332
15232
14752
10856
11072
24334
15180
13178
14486
5434
5352
11658
18356
17284
10438
22734
15128
11284
14642
14008
8834
13180
15600
13794
13140
19954
20768
14384
17872
21716
6948
24292
14158
15932
13840
7402
10204
15234
8370
7198
13714
8798
16000
6238
25102
24266
14984
15068
13638
24704
24522
24570
24362
24700
24762
24194
25070
24606
25648
25198
23718
6756
26052
24410
24758
24626
24602
24408
25786
23482
15032
14822
13770
12960
6138
7714
156688
17578
11392
13150
27706
15406
44374
9646
22028
11374
21904
6574
5424
5628
6086
5350
5810
5408
5400
5430
5738
5262
5584
5412
14652
24320
11958
13330
14782
12590
9608
9728
10422
10502
7526
15304
7822
6462
11598
8274
12958
6888
5472
5742
5540
5462
5502
10520
13240
8190
8318
8774
11874
10568
6224
12968
12062
5918
15342
15090
15384
15106
15000
15122
15210
15118
15026
15428
15058
15514
15156
15208
15948
14544
14544
15070
15306
9634
6074
14510
15092
11434
8496
6938
12258
11390
15480
11706
10876
11740
8300
15546
15302
14048
14694
15308
7090
15222
15310
14408
12158
7494
12498
13886
9936
15234
12736
15780
12764
14124
11810
6852
12394
13936
11174
11876
5364
5838
5332
13666
11330
13970
6004
9724
14344
14256
5746
8876
6780
5312
8544
6444
23256
10878
12400
8542
7204
10360
6380
11148
9928
15926
24340
14408
15604
15000
15084
6194
11160
9768
24414
22924
9794
13080
13882
15016
12618
11276
10236
176908
5954
5902
9930
7992
7534
7166
5678
5922
5402
5406
5378
5624
5332
5978
5766
5316
5450
6198
23712
25078
15530
15374
14552
14322
14582
14634
10006
14334
16006
10876
18466
5764
19640
16684
12882
13584
14916
8838
11538
7254
13194
19268
15592
25206
24452
25344
25244
24200
24624
25396
24386
8642
10442
7098
19286
9672
14418
15186
5924
5748
5366
20518
10548
14312
5556
8616
11528
22916
13848
9274
35114
15348
24722
24168
24674
24586
24926
24634
24884
24000
24866
24356
24720
214084
14536
24522
24598
25616
15232
18794
14400
13830
9380
14178
12270
15568
15584
15006
6614
12780
12906
15406
18794
10196
7698
7696
15916
23288
13564
12734
11022
6620
20166
8188
12100
16112
6932
5872
5996
6634
8710
14678
5820
12594
8242
13662
9304
15512
7170
5590
15002
15122
15690
22536
8748
12886
25812
15536
12288
10846
8028
22366
20860
17898
24380
15268
14762
14460
14472
15920
14626
14274
15340
15758
14312
14940
5954
13432
6140
11020
22672
23224
13374
25068
6020
15488
15626
24408
14494
24868
25558
24208
23832
25804
24276
25228
24604
25228
25048
24918
24760
24872
24756
24974
24072
5322
11870
19128
8432
10472
227294
14628
34204
24640
24810
24728
25108
25182
24502
15972
25192
13488
24284
14288
8502
12632
7086
5200
5348
6074
5356
15588
15236
14776
14428
14436
15662
15030
14926
15194
14906
15808
15404
14580
15320
15158
8348
12188
6570
18534
20594
13524
10010
13462
20010
24656
24178
7460
14194
17974
7894
9904
23066
18138
25152
15654
14596
20722
18172
19356
6534
14250
8408
11684
14548
7124
33060
22722
8890
10232
12538
12478
13282
13830
14030
48928
14148
6754
24440
22548
5878
13032
13822
15482
15032
15080
24414
16754
11736
8554
11126
11234
9066
8420
12844
6286
6414
7978
15866
6012
12506
12074
14906
6884
24158
15178
25290
24566
12902
19802
18760
17300
7108
14334
9318
22600
7578
15414
21628
12692
15038
23104
6292
20292
24896
7918
7202
8838
12614
9438
6988
16320
24754
5682
14000
15132
7846
15622
7008
14396
14324
22214
10002
19806
13606
24446
25562
22886
23954
16070
15548
15040
14924
15186
14730
14764
15074
14774
14670
8888
15266
24178
12738
7084
8738
16398
24370
5694
5692
6090
6924
12954
14402
15436
15194
22424
7860
15526
6722
24632
34898
13852
14718
15078
11390
10230
5260
14342
11864
10388
34342
14852
15254
14770
15028
15076
15006
15130
15190
15070
15272
14932
15270
15028
15270
15484
12918
6474
5982
6448
21416
5786
9378
7200
21252
14490
13372
11594
12740
8302
14242
21454
15388
23018
12772
22352
8876
9448
9500
15384
25196
25228
24638
25756
25116
24078
24320
19952
16646
11892
19034
18638
15174
17516
34256
18962
11724
14892
9390
10170
9148
10202
25490
15756
21532
12996
23288
16514
11802
13346
6458
18938
34444
24052
25420
14762
14452
14806
11982
13586
25034
14156
24710
14628
15026
15328
15316
14872
15144
15274
11622
6454
6296
20356
8292
6898
9846
8938
6464
5770
6008
7606
14756
7922
5820
6008
15588
8042
26270
27358
7932
34612
24682
24670
24772
24296
24288
25066
34420
7782
13382
44068
24738
24548
24866
24914
24888
25032
6440
22536
15898
14402
12614
7198
5548
5368
5350
6056
13514
15732
11190
34330
15100
25292
25368
24750
20440
18888
24820
14524
8234
13736
14090
15462
15226
14844
15128
15476
15280
14896
14284
12968
12974
14346
8088
7158
12764
11604
9628
6708
11044
15270
10060
7336
22300
24410
15826
15200
15124
15004
14870
14750
15180
14912
15152
14798
15422
14562
14706
15196
14950
15384
15028
15320
14992
14948
7674
5358
33962
24730
24050
13218
14356
10136
11580
15586
14972
10826
14874
6560
15004
6924
23144
15700
14364
24126
13498
7654
7658
7536
14644
14924
20840
15014
21800
21562
23998
24556
14482
7612
13508
12532
15978
5836
5574
6152
5594
5518
5738
5308
5348
5180
6068
5730
5540
5264
5340
5428
5246
5382
5342
5426
5352
5710
5424
5900
5906
5580
5778
5872
5786
5344
5338
5872
5500
5534
5218
23278
14518
11544
10664
11300
15390
34500
12926
13220
14846
6028
5416
6108
5748
5532
5260
5520
5812
5244
24630
15132
15012
14896
15500
15578
14852
14856
15356
5464
5378
5378
6018
5758
5346
5448
5702
5346
15006
5636
11756
15800
13566
16850
15832
15134
14932
15082
15178
14718
15004
10032
7950
10606
10290
15452
13848
12630
24634
14550
14864
12024
10198
14208
15256
20926
22890
15938
6366
6766
6114
15424
16130
17956
7472
15276
13480
14586
14280
15000
6146
10116
15158
8746
7748
14034
13310
8232
15750
23648
22286
15242
8242
15380
16974
25234
24422
25788
24638
25002
24278
25812
24612
25160
24542
32998
13654
5726
22556
20674
34372
15812
6870
14302
20840
6298
8880
5860
14330
23900
10566
8478
14344
20904
10518
17522
25578
12170
15008
13400
11710
16022
9370
15086
30380
15390
5776
5684
14148
13194
13244
10536
8416
15704
13620
6046
5364
5890
5322
5548
5238
6018
5452
13970
12328
8958
12744
8906
7276
11882
13620
14748
12550
6428
10918
20834
17624
10580
16236
14970
6388
13314
23684
17974
15132
12046
14662
15550
12890
14000
14290
6764
11246
13256
10662
18402
12624
6032
5402
7090
34366
15186
15076
14778
15156
15226
15042
25396
24298
24724
24478
23512
25282
24330
24254
25080
24206
25132
24772
25684
26018
24220
25570
16020
13160
19722
25272
24206
16884
14192
16276
13814
30426
25146
24454
24084
24210
24884
24154
15212
15028
13332
23190
6650
11492
13244
14916
15236
10918
10286
7162
10148
24150
15792
14920
24972
24426
7636
33198
14790
24202
19124
15952
24542
19374
32118
14700
15522
8720
12424
6688
13550
15094
14922
10038
15086
11780
9780
11164
14584
23396
33982
24834
7300
10962
8022
14132
19290
12126
8798
10266
22866
14510
15220
11410
8168
15520
6062
6268
8392
11188
11514
11260
10782
10488
15118
16594
15216
15292
59000
8690
14264
15282
11518
9448
6988
9830
15338
11546
15256
7454
11134
10852
25354
20100
10360
7426
13672
10564
7150
14986
12940
24332
20892
13258
14100
6664
15538
8748
15264
12316
5448
7036
6030
15496
13272
7430
13980
17368
19028
15154
14868
12146
17180
13472
6888
9428
29172
16614
14880
17840
21734
10476
18112
11480
11836
6100
9478
12442
15148
14662
11062
24672
15676
14698
15842
20234
15818
12710
11216
15672
14628
14220
9032
14408
9352
7348
7284
7562
12528
11834
6206
5280
5702
6238
5786
5226
5938
13764
12116
15016
12222
9776
11602
11404
6232
13522
8456
7826
34010
34010
20488
555892
15030
14518
34060
15220
15460
15928
8036
23958
24908
21666
15666
41442
25426
11598
17614
23998
31568
8448
18926
13270
5908
14168
9548
6494
10770
22310
25398
17882
17598
21948
7850
6162
20402
22822
13684
5238
6184
6128
5720
7244
14982
14882
15078
14554
9380
11738
8416
15204
23958
23886
15356
22550
25438
22656
23994
19660
22218
11986
5870
20074
24964
6148
13322
24408
18634
6928
32986
18930
13040
6886
14318
21628
24848
15708
15126
15110
13192
5308
11608
14308
5980
23800
25500
24852
24784
24992
25156
7294
5792
7824
6956
23312
22412
34042
24820
25438
24384
24978
9972
12668
12950
14756
14254
7564
15868
11100
20496
6484
5446
5326
5160
5778
29682
5530
15212
25004
9784
5664
8300
10924
14880
9526
15152
25106
24718
24996
24786
25138
25362
24950
24848
24954
25448
25230
7358
25280
14776
15134
14954
15206
15086
15314
14730
15006
15320
15364
15442
10368
8400
13484
5460
5434
5986
8420
7802
27282
9920
18348
18636
17986
8416
22710
33596
23374
22384
8788
6874
24708
11638
24742
15112
25002
24988
25396
24822
24346
25092
24328
24936
25100
24576
25642
25078
24948
24914
21352
20188
23482
15552
12412
752000
15136
9294
14356
18302
9984
25116
14822
14174
14458
15302
15258
14944
14896
15174
15154
15080
15106
15256
15100
15268
15202
15154
15170
14852
15282
15118
15186
15306
15126
15372
15012
14948
15262
15192
15174
15178
15162
15118
15184
14892
15216
15224
9242
25182
24128
24210
14120
17096
11590
25238
15584
14656
14608
14956
14558
14382
15976
14932
15104
15148
14570
14282
14552
15004
14798
14616
16274
15114
15150
15156
9358
11926
9004
25286
15582
14552
15062
15446
14926
14818
15196
15284
14658
15524
15384
14726
14804
15558
15082
15088
14642
15414
16084
15218
10456
8488
6506
5714
6348
5484
6860
7516
7942
5332
5286
5746
15470
7780
15148
18922
15226
9342
5882
5792
5586
7290
6260
6716
7134
12060
8468
12420
8908
16184
7838
24520
14350
24304
24020
16124
10738
25248
15702
15192
15058
5618
15318
15054
12788
14840
9450
23746
15618
23908
24716
12070
131342
11348
6898
6586
19048
24968
15362
15062
14812
14536
14954
15120
14722
25434
14432
25676
24006
26296
24134
24842
12948
11416
13352
12670
21988
22666
14822
18160
10122
11492
8088
8792
15646
20802
18910
14670
11494
16526
