Latencies
24130
27368
6146
24196
18862
37956
24804
18318
22360
9590
8058
15046
10432
12902
11356
10392
12344
26440
14016
25228
15544
24854
9916
9568
11112
8610
15280
13912
10748
50718
6752
13638
19110
23918
12860
14626
13884
7616
13378
25080
21452
17662
15780
11906
25416
18422
22352
34016
16824
21288
11132
30966
26420
14372
15862
15074
6554
8562
6172
17050
44274
16316
15768
14500
7152
12268
8248
10700
18824
15256
20736
22180
9728
18642
33660
14518
18174
26138
16250
21916
20586
35276
25290
25358
24402
25330
14878
7868
14444
14068
15472
15554
15122
25118
23222
25470
25156
7630
10256
14900
18580
14772
10810
10418
25346
7268
15286
15278
18318
25700
9822
42216
22226
28128
16806
14582
5534
7392
11880
12504
11126
14174
24998
15484
15156
15200
15210
5688
16948
12738
7598
10948
13250
31222
20410
15714
15784
14848
15034
15166
12696
11156
6180
6246
5356
23994
7984
11342
36372
9106
15622
6500
14026
12224
50382
14896
13420
11590
7978
49746
6112
7014
7876
15446
9390
15798
11302
10356
11768
5512
10022
15320
6726
22270
12248
7694
8630
14804
10158
24774
15424
15472
15148
15212
5532
5838
5468
6360
5370
11064
50582
9274
15274
9520
15502
15054
12432
8350
14478
9690
11672
15210
14602
6852
11314
11970
14516
14550
12138
6052
8976
10100
15430
15238
10728
8652
12756
17958
12696
6418
14272
13690
15404
14650
15548
14498
15178
16284
14288
14592
14922
13374
7310
10868
14790
10330
10024
13604
23262
8250
11128
13694
6838
9656
12158
6734
7920
12850
15722
6728
6122
8648
19104
12854
5626
5242
5710
6052
6114
5948
5462
5954
9070
12802
10294
8036
10804
30596
8058
12990
7380
6206
5750
5344
7154
5372
14792
15246
15100
7574
9830
15642
15448
14668
14228
14688
9928
15298
14382
20712
15212
13634
14886
10176
9092
6164
8860
10774
14832
14736
14730
8610
9226
15100
9472
14592
14906
9272
6440
13294
10432
7954
7798
11752
6082
5854
5522
5976
5556
12064
5976
6566
9076
8562
15796
10724
6174
15770
11326
24670
15290
15092
15110
15208
15152
15226
26130
14982
15658
10596
5488
12014
15844
5530
5718
5288
7960
11856
17248
15326
12000
14032
12740
9244
8078
9256
13658
11306
20340
14896
26052
15086
15184
14964
20996
8866
13304
14154
11078
7130
7074
7340
13768
15180
8032
12832
9430
10278
6972
8686
9244
8126
8178
5486
11834
10708
10764
6244
8516
8106
8942
15796
15334
14984
15576
13586
15658
6158
5298
5634
5352
5472
5826
5526
6436
10154
6614
10364
14916
14898
10534
30024
26520
13680
8060
7034
15146
15332
15158
15182
15180
13998
6642
14738
14934
21860
10652
12106
14546
11822
9222
5950
7112
11610
6076
7080
15072
9072
6894
10134
9398
6696
12748
7202
5392
8632
6206
13846
21538
13694
10336
15182
15616
46122
14658
15302
9432
7554
5774
5412
14916
7874
8804
9446
12174
12578
13998
6852
11112
6492
15022
24320
15134
14788
8658
8212
7600
14576
6460
10708
14400
12366
11648
14500
10114
8114
11166
19572
20540
13084
7324
14326
11590
9598
40916
25310
12414
15636
5518
6046
21154
9556
6464
6540
9586
7682
9512
6242
12814
24218
58726
17788
12854
5826
5406
5562
5756
6078
5326
16138
14984
14366
12046
15074
14970
9886
14344
24648
10530
11056
13066
9314
6604
14252
12852
13320
14804
9234
7026
15736
8706
14352
14196
9062
15794
7590
14540
23134
15886
14532
14902
5676
24814
14994
14892
15272
15270
15076
11368
5202
5206
5278
5624
5242
5322
9364
11476
15398
6338
15678
12108
15354
15690
15288
14930
15328
25024
14968
15210
15000
48838
24728
7784
15142
14674
5424
6156
6010
5386
5732
15326
10868
14992
12616
13868
15630
10114
33644
6564
14876
14810
8276
9776
9800
9058
10544
8432
5928
9024
6184
21430
15666
9484
12082
13634
15392
15364
14938
12058
6022
5972
6236
5592
6048
14194
24300
14782
15694
14684
12612
15612
11350
9730
8544
24148
8456
7090
10582
19560
6168
5850
6216
12836
14216
16184
13454
10172
6166
12122
14584
8642
24542
15902
15284
10066
8058
15090
8784
8334
6728
5664
9948
18472
15724
13522
11084
14298
15614
13892
24066
5578
5208
5568
5196
6038
14952
12824
8090
15296
15150
15422
11934
12252
7398
6342
23066
14442
13872
10926
5800
11186
11880
8842
14374
8602
5550
5318
6052
5868
5944
5758
5162
6052
5384
23298
7778
6474
5740
14226
10792
14384
9900
12028
12496
8670
10326
14428
5776
5372
5282
5482
12258
11720
7042
15554
8276
10814
7878
15414
15464
10778
8896
10924
24342
11148
9126
12136
15600
5328
5498
5362
5736
32484
7042
15638
9504
14714
8526
15158
23552
10276
10422
9472
26082
5222
5300
6118
5260
5614
5556
12338
6170
13334
15518
10506
10172
9930
7454
9646
30246
6070
7182
10942
11644
9254
6588
14694
8342
12072
8652
14414
11422
14462
6324
24646
5584
6736
5946
5784
5960
5276
14298
9798
14002
5646
24492
12678
6730
14728
8830
15842
15258
5364
18060
13174
13544
9484
7316
15980
6202
15518
25478
15060
15174
11614
15014
14710
14784
15604
7104
9632
8566
14684
13196
14198
14774
7684
15754
15446
5826
15642
14956
15188
14992
24594
15354
15372
15404
6172
5552
5332
6150
15368
6250
23840
13620
10492
42182
14688
8992
10254
28246
7708
15630
8134
11660
8060
11990
6322
5376
5170
5446
12098
14340
13514
14352
15680
6674
13830
7878
6336
12658
9424
14894
15808
15100
15362
15428
14668
15324
14840
19702
35236
6146
15740
10126
6988
15150
10354
14874
5574
9932
15660
15410
5838
6090
5542
5514
5364
9600
13342
9952
7064
6590
15260
13940
8242
12022
9756
12472
11170
10574
9332
11192
14660
15428
20418
8988
5890
5222
40012
9364
7010
10780
9252
6120
15158
15132
15164
6202
15268
15252
15198
13622
9170
9552
10052
7616
12158
11904
16260
7386
10630
13660
15164
13318
13394
20646
12280
13364
7724
14478
10046
9150
12522
14902
25960
5390
5510
5572
13062
14406
12116
10176
5868
11056
15088
24996
14518
15222
10154
13276
14814
15194
14352
9114
45572
8164
13100
15524
7584
16142
10858
14878
15590
15306
6346
25296
14876
14752
15358
15360
14656
14266
15068
12516
15234
16394
13132
24432
10322
15528
10880
13782
10758
13276
6086
6012
5800
15436
7626
10542
6016
12350
13952
14188
5918
6730
15068
15528
15216
14986
7510
15188
10392
5468
5200
6256
19316
5600
15392
13688
12070
15220
15192
11068
15456
6606
11828
15484
14946
14898
15134
9964
15186
5980
11506
10728
10636
12712
10400
15598
14926
8874
8828
10928
20012
7334
7332
10310
8376
11714
9788
14252
12228
5980
21502
5484
5306
5322
11138
10238
9790
9394
15346
13712
15482
15110
21270
15620
14822
14244
14904
7932
15400
9130
9264
14824
10282
14778
9114
11408
11988
13862
15496
15514
15078
5622
5880
5432
5960
6396
8140
9960
6212
9466
21930
5672
13108
15046
8778
6842
14902
15384
14844
15332
7744
5342
22724
7002
6500
5866
8984
10672
8770
15720
14880
15182
15210
14452
15214
24660
15198
15340
15118
6720
7856
13274
12564
38308
5930
6478
11544
6280
6416
13668
11998
7884
6356
7642
5870
10168
22672
17574
16648
5174
5346
5550
5620
6526
24490
12546
12192
14354
11186
7974
6534
11776
9686
31806
8600
6872
5816
5512
15394
5922
5216
5682
5260
5502
5282
5532
5182
5650
7002
7046
10324
14726
8554
8288
14978
6202
17128
7722
14422
13842
14046
6586
9696
19278
10094
10528
9480
15054
5340
14382
11484
15398
6902
15344
14298
14924
15112
5488
5444
5292
5494
5264
6032
9542
9822
9774
10138
13022
11260
5710
9310
12666
25162
24464
15342
15190
5656
5272
5208
13352
6588
6430
6860
9448
8538
5538
13144
6598
13188
20658
14278
12746
14588
10964
10060
15426
15078
16270
9208
6894
10278
14062
18730
7174
11452
13018
6762
15264
11654
14768
13758
11662
9974
15662
15140
15008
5758
5982
5176
5904
6110
5328
5822
9104
10524
5326
6810
8018
13080
11546
8276
16024
23560
12330
14002
9878
13488
12018
13464
6784
14486
5556
5790
5610
14558
11792
7274
6768
18662
12732
5884
13098
13448
11802
12402
8198
7702
14200
15306
14926
14510
11856
18038
14216
7064
15304
14820
15152
23010
14694
23456
6202
15260
6276
5458
5888
5758
5568
13314
14988
10188
21296
12684
13908
18616
14654
11492
21284
14772
15230
24810
15788
14886
56106
5980
5434
5532
5330
5354
6004
6842
15536
10286
11836
19466
7488
6172
15670
6262
9154
10688
9800
15052
7884
13934
21334
8728
7030
12638
6792
14352
13868
10944
15138
14554
14966
6810
11232
15068
5708
5488
15144
11410
14658
15332
11374
7890
20866
7740
8632
11322
12322
6790
5786
5246
5730
5290
5432
5254
5842
5674
5646
34492
7574
7738
15222
10284
14122
10972
11806
17290
17508
13008
29596
14584
15360
14044
27992
15116
8184
11574
8194
7678
7880
9750
12550
8592
7576
7490
12796
20806
14260
15668
7970
5656
5342
14418
13994
14190
14112
11184
14718
15098
13344
8702
15596
15128
5416
5444
10744
5774
11690
16210
10696
42960
14652
8018
8920
12008
8050
15082
13996
14958
5732
5804
11486
5942
8270
6010
11526
13418
6494
13300
7904
12940
14884
15718
5976
11650
5552
8576
15140
14960
14640
9372
5298
5396
5328
12072
13508
9192
11906
14890
15036
11368
7870
11874
15870
15314
15046
15090
15094
15134
15146
15112
5876
14678
6132
13508
10746
15224
9676
7682
15192
9228
9906
9158
14972
7742
8114
15050
15114
15110
11834
6876
14066
7980
8328
8714
10810
13046
6790
10490
6442
11138
7664
11914
7782
12204
6200
6576
6572
15132
13122
15552
15264
15068
14804
14992
15304
14936
15582
14894
14586
14732
5444
5350
5806
6272
13828
7886
11380
9374
11142
12160
10684
8120
11162
23076
15200
11126
9548
7124
7326
15486
9664
12108
14914
13802
6254
5738
5396
5652
5196
5476
6734
8640
11986
14772
12644
6092
40680
13400
9242
9286
5404
6126
5836
11188
15362
12466
11056
6954
9218
7704
10384
12356
7176
9730
11400
12946
8680
25138
15410
14638
14800
6164
5298
5810
5452
9788
15234
15522
7500
6048
15028
9752
13720
13616
13226
13220
8938
11584
73494
12228
5780
10868
9852
15504
7306
5770
5858
5524
5294
9018
11914
9982
6518
10454
9472
15304
14808
14438
13096
8480
9192
14914
10818
11724
11764
15110
15518
10280
9272
12882
14456
7716
8182
6704
5366
9838
24772
14682
15178
14910
14842
15164
15102
5326
5978
5794
5872
5360
5190
5718
14686
10924
7476
15100
14566
14708
6846
15522
15322
13326
9844
8616
7122
11536
16602
23580
11596
10684
13256
12580
12072
8270
14474
7724
14882
14890
14716
6176
8324
6212
6224
12784
12796
9036
14466
14628
15676
14704
14770
15150
15096
15328
15082
8360
7412
18604
11818
5826
5446
5222
5350
14776
5676
6452
16974
15954
8292
14732
9184
13930
15714
10084
15144
9440
10544
14236
11880
10402
8356
5940
5684
5232
5176
8898
23414
9068
6772
13542
8108
5644
5584
13950
19474
14434
15758
6516
8736
9060
24346
20662
11192
11730
7674
15170
24584
14498
23654
12876
14516
15828
7944
11864
13248
5666
5424
5938
5886
5872
5342
5702
10870
9050
14482
15614
11242
14072
14544
14376
14650
34062
5394
5360
5418
5552
5276
5842
5246
5300
5426
5928
12770
8310
6852
11582
14276
5734
13608
23214
13238
13100
15134
12952
8976
10300
13432
8786
10656
9410
15018
11898
11836
12016
14912
13296
6230
15532
236130
10028
11528
11682
24566
14884
25366
15022
15108
15194
5492
6352
5840
6108
6130
10440
14592
7528
12572
14616
13560
10628
24056
6212
14682
5208
5702
20988
24822
24256
6132
12586
10856
11040
11928
11798
14392
13610
24448
14782
15166
15174
14948
21696
18156
15338
7140
5940
14306
11112
15712
16414
15586
15652
6248
14276
8960
7248
10964
13028
12960
14550
13996
5896
5296
5672
5378
5900
12498
15374
5868
10102
9048
12102
27796
11508
7120
15504
6854
14850
11236
10772
12998
34810
15398
15116
15034
5520
5664
5540
15122
20542
17328
13892
8256
10566
10946
15608
7072
6628
9100
15518
15684
12410
19220
12008
16730
9214
