Latencies
5124
5130
5132
5142
5150
5154
5160
5164
5164
5166
5168
5172
5174
5174
5174
5176
5176
5180
5182
5182
5184
5184
5186
5186
5188
5190
5190
5192
5192
5192
5192
5194
5194
5198
5198
5200
5202
5202
5202
5202
5202
5204
5204
5204
5206
5206
5206
5206
5206
5206
5206
5206
5208
5208
5208
5208
5208
5210
5210
5210
5212
5212
5212
5212
5212
5212
5214
5214
5214
5214
5214
5216
5216
5216
5216
5216
5218
5218
5218
5218
5220
5220
5220
5220
5220
5220
5220
5222
5222
5222
5222
5222
5224
5224
5224
5224
5226
5226
5226
5226
5226
5226
5226
5226
5228
5228
5228
5228
5228
5228
5228
5230
5230
5230
5230
5230
5230
5230
5230
5232
5232
5232
5232
5232
5232
5234
5234
5234
5234
5236
5236
5236
5236
5236
5236
5236
5238
5238
5238
5240
5240
5240
5240
5240
5240
5242
5242
5242
5242
5244
5244
5244
5246
5246
5246
5246
5246
5246
5248
5248
5248
5250
5250
5250
5250
5252
5252
5252
5252
5254
5254
5256
5256
5256
5258
5258
5258
5258
5258
5260
5260
5260
5260
5260
5262
5262
5262
5262
5262
5264
5264
5264
5264
5264
5266
5268
5268
5270
5270
5270
5272
5272
5272
5272
5272
5274
5274
5274
5276
5276
5276
5276
5276
5276
5278
5278
5278
5278
5280
5280
5280
5282
5282
5282
5282
5282
5282
5282
5286
5286
5286
5286
5290
5290
5292
5292
5292
5292
5294
5294
5294
5294
5296
5298
5298
5298
5298
5298
5298
5298
5300
5300
5300
5300
5300
5300
5302
5302
5302
5302
5302
5302
5304
5304
5306
5306
5306
5306
5306
5308
5308
5308
5310
5310
5310
5310
5310
5312
5312
5314
5314
5314
5314
5316
5316
5318
5318
5320
5320
5320
5322
5322
5322
5322
5324
5324
5324
5324
5326
5326
5326
5326
5328
5328
5328
5328
5328
5330
5332
5332
5332
5332
5332
5334
5334
5338
5338
5338
5338
5338
5338
5340
5342
5342
5342
5342
5344
5344
5346
5346
5348
5348
5348
5348
5348
5350
5352
5352
5352
5352
5352
5356
5356
5358
5358
5358
5358
5360
5360
5360
5360
5360
5360
5362
5362
5362
5362
5362
5364
5364
5364
5364
5366
5366
5366
5366
5368
5368
5368
5370
5370
5372
5372
5374
5374
5376
5376
5376
5378
5378
5378
5380
5380
5380
5382
5382
5382
5382
5384
5384
5384
5384
5384
5386
5386
5386
5386
5386
5392
5392
5392
5392
5392
5394
5394
5396
5396
5398
5398
5398
5400
5400
5400
5400
5400
5402
5402
5402
5402
5404
5404
5406
5406
5406
5406
5406
5406
5408
5408
5408
5408
5410
5412
5412
5414
5414
5414
5416
5416
5418
5418
5418
5420
5420
5420
5420
5422
5424
5424
5428
5428
5428
5428
5432
5434
5434
5434
5434
5434
5436
5436
5436
5436
5436
5438
5438
5438
5438
5440
5440
5440
5440
5440
5440
5440
5442
5442
5444
5444
5444
5444
5448
5450
5450
5450
5454
5454
5454
5456
5456
5458
5460
5460
5460
5462
5464
5466
5466
5466
5466
5468
5468
5470
5472
5472
5474
5474
5474
5474
5476
5476
5476
5476
5478
5478
5478
5480
5480
5482
5482
5482
5482
5484
5484
5484
5486
5488
5490
5490
5490
5494
5494
5494
5496
5496
5496
5496
5496
5496
5498
5498
5498
5500
5502
5502
5502
5502
5506
5508
5508
5510
5512
5512
5514
5514
5516
5524
5528
5532
5534
5536
5536
5538
5540
5540
5540
5544
5544
5546
5552
5560
5562
5562
5564
5564
5566
5568
5570
5572
5574
5578
5578
5582
5584
5584
5584
5586
5588
5590
5592
5592
5592
5594
5594
5596
5598
5598
5600
5600
5602
5604
5604
5606
5608
5608
5608
5610
5614
5618
5618
5618
5618
5620
5620
5622
5624
5624
5626
5626
5628
5630
5632
5632
5634
5636
5636
5636
5642
5644
5648
5650
5650
5650
5656
5656
5656
5656
5658
5658
5664
5670
5672
5676
5676
5676
5678
5684
5686
5688
5696
5698
5698
5698
5700
5704
5706
5710
5714
5716
5720
5722
5724
5726
5730
5732
5736
5738
5740
5744
5746
5746
5748
5748
5748
5748
5748
5750
5752
5752
5758
5760
5764
5764
5770
5770
5796
5798
5802
5802
5808
5808
5818
5818
5818
5820
5822
5822
5824
5824
5838
5838
5842
5842
5846
5854
5858
5864
5868
5884
5884
5884
5888
5888
5892
5892
5894
5894
5894
5896
5898
5900
5900
5910
5910
5912
5922
5928
5930
5934
5934
5936
5938
5940
5940
5940
5946
5948
5950
5952
5964
5970
5976
5980
5984
5988
5988
5990
5990
5996
6008
6010
6010
6012
6014
6016
6024
6026
6028
6032
6038
6042
6042
6042
6042
6046
6048
6056
6056
6058
6058
6060
6064
6064
6076
6080
6084
6084
6098
6104
6112
6112
6122
6132
6144
6148
6152
6160
6162
6174
6176
6178
6182
6182
6204
6204
6236
6238
6242
6246
6250
6254
6264
6266
6274
6298
6298
6312
6312
6352
6366
6366
6374
6398
6408
6408
6416
6420
6486
6496
6504
6512
6540
6594
6648
6708
6712
6736
6796
6840
6958
6992
7024
7086
7106
7338
7458
7502
7642
7718
7808
7830
8166
8468
8518
8736
9012
9058
9178
9256
9282
9324
9520
9708
9790
9868
9870
10176
10760
10976
11246
11430
11716
11782
11996
12018
12238
12496
12724
12736
12750
12794
12982
13122
13178
13606
13794
13990
14080
14174
14216
14354
14412
14472
14586
14612
14756
14822
15122
15180
15234
15282
15448
15542
15590
15970
16040
16146
16250
16276
16950
17162
17406
17546
17648
17766
17846
18008
18454
18530
18604
18608
18912
19122
19144
19464
19728
20556
20742
20746
20848
21020
21186
21258
21328
21442
21728
21878
22452
22556
22682
22758
23304
23438
23494
24066
24204
24894
25010
25012
25132
25148
25206
25296
25320
25360
25464
25490
25512
25798
26046
26232
27860
28220
28736
28912
31042
31190
31436
31584
32842
33156
33204
33414
35412
35458
35594
35756
35774
35896
36516
36762
36848
37060
37394
38446
39832
39864
40172
41902
42268
59102
72796
