Latencies
5028
5036
5048
5050
5050
5068
5074
5078
5080
5082
5082
5084
5088
5092
5092
5092
5092
5092
5094
5096
5098
5100
5102
5106
5106
5106
5106
5108
5108
5110
5112
5114
5114
5114
5114
5118
5118
5120
5120
5122
5126
5126
5126
5128
5128
5128
5128
5130
5136
5140
5142
5142
5142
5144
5144
5152
5152
5154
5156
5156
5156
5156
5156
5158
5160
5160
5162
5164
5164
5164
5166
5166
5166
5166
5168
5168
5168
5170
5170
5172
5172
5174
5176
5176
5178
5178
5180
5182
5184
5184
5184
5184
5186
5188
5190
5190
5194
5194
5194
5194
5194
5194
5196
5196
5200
5200
5200
5200
5202
5202
5202
5202
5202
5204
5204
5204
5204
5206
5206
5208
5208
5208
5208
5210
5210
5210
5212
5212
5212
5214
5214
5214
5214
5216
5216
5218
5218
5218
5218
5218
5220
5220
5222
5222
5222
5222
5222
5224
5224
5224
5226
5226
5226
5226
5228
5228
5228
5228
5228
5228
5230
5232
5232
5232
5232
5232
5234
5234
5234
5236
5236
5238
5238
5238
5240
5240
5240
5240
5242
5242
5244
5244
5244
5244
5244
5246
5246
5246
5246
5248
5248
5250
5250
5250
5252
5252
5252
5252
5252
5252
5252
5252
5252
5254
5254
5256
5256
5256
5256
5258
5258
5258
5258
5258
5260
5260
5260
5262
5262
5264
5266
5266
5266
5266
5268
5268
5268
5270
5270
5270
5270
5272
5272
5272
5272
5274
5276
5276
5276
5276
5276
5276
5276
5276
5278
5278
5278
5278
5280
5280
5282
5282
5284
5286
5288
5288
5290
5290
5292
5292
5294
5294
5294
5294
5294
5294
5294
5296
5296
5296
5296
5296
5298
5300
5300
5300
5300
5302
5304
5304
5306
5308
5308
5310
5312
5312
5314
5316
5316
5318
5318
5320
5320
5322
5322
5324
5324
5324
5326
5328
5330
5330
5330
5330
5330
5332
5334
5334
5334
5336
5336
5338
5338
5338
5338
5338
5340
5340
5340
5340
5340
5348
5350
5352
5352
5354
5354
5354
5354
5356
5356
5358
5360
5360
5362
5362
5364
5364
5364
5366
5366
5368
5368
5368
5368
5370
5370
5372
5372
5372
5372
5374
5374
5374
5374
5376
5378
5378
5378
5380
5382
5384
5384
5384
5386
5386
5386
5388
5388
5390
5390
5392
5392
5392
5392
5394
5394
5394
5396
5396
5396
5396
5398
5398
5402
5402
5404
5404
5404
5404
5404
5406
5406
5406
5406
5408
5408
5408
5408
5408
5416
5416
5416
5418
5418
5418
5420
5420
5420
5422
5422
5424
5426
5426
5430
5432
5434
5434
5434
5434
5436
5436
5436
5442
5442
5442
5442
5446
5446
5448
5450
5450
5450
5452
5452
5452
5454
5454
5454
5454
5456
5458
5460
5460
5462
5466
5466
5466
5466
5468
5468
5470
5470
5470
5470
5474
5474
5476
5478
5478
5480
5480
5486
5488
5490
5490
5492
5492
5492
5492
5494
5494
5496
5496
5498
5506
5506
5510
5510
5512
5512
5512
5512
5514
5514
5516
5518
5520
5520
5520
5522
5526
5528
5530
5534
5534
5534
5536
5540
5540
5542
5542
5544
5546
5548
5550
5556
5556
5558
5560
5562
5562
5564
5564
5566
5566
5566
5570
5570
5570
5572
5572
5572
5572
5574
5574
5576
5576
5576
5576
5578
5578
5580
5582
5584
5586
5586
5588
5592
5600
5600
5600
5600
5602
5602
5604
5604
5604
5604
5606
5606
5608
5610
5610
5610
5610
5612
5612
5614
5614
5616
5616
5616
5620
5622
5622
5624
5624
5624
5624
5626
5628
5630
5632
5634
5636
5638
5642
5642
5652
5652
5654
5656
5656
5656
5658
5658
5658
5660
5662
5664
5664
5664
5666
5668
5670
5676
5678
5678
5680
5682
5682
5682
5682
5684
5688
5688
5688
5690
5692
5694
5696
5700
5704
5704
5706
5710
5710
5712
5716
5716
5716
5716
5718
5720
5722
5722
5724
5726
5726
5726
5728
5730
5730
5732
5732
5732
5734
5736
5738
5740
5740
5740
5742
5742
5742
5742
5744
5746
5748
5750
5750
5750
5750
5752
5758
5760
5760
5762
5762
5762
5764
5768
5768
5770
5770
5770
5770
5772
5774
5776
5776
5778
5780
5782
5782
5790
5792
5794
5798
5800
5800
5804
5806
5810
5810
5812
5814
5816
5816
5816
5818
5824
5824
5826
5826
5828
5828
5830
5836
5836
5838
5840
5842
5846
5852
5854
5854
5854
5856
5858
5858
5858
5860
5862
5868
5872
5872
5874
5876
5878
5882
5882
5884
5886
5886
5892
5898
5902
5904
5904
5906
5908
5910
5914
5916
5918
5918
5920
5920
5922
5924
5928
5928
5928
5928
5928
5932
5934
5934
5946
5948
5950
5952
5956
5956
5962
5962
5966
5966
5972
5980
5980
5982
5984
5986
5988
5988
5988
5990
5994
5998
6004
6006
6006
6008
6008
6008
6012
6016
6016
6018
6018
6028
6032
6036
6038
6042
6042
6050
6062
6074
6078
6080
6080
6084
6088
6088
6096
6100
6104
6114
6116
6122
6130
6132
6134
6144
6144
6148
6154
6156
6166
6168
6170
6174
6182
6202
6202
6206
6212
6220
6220
6224
6228
6232
6242
6246
6250
6252
6254
6262
6270
6272
6274
6284
6288
6296
6296
6302
6314
6318
6320
6326
6348
6362
6370
6372
6372
6418
6420
6422
6458
6482
6548
6572
6576
6598
6634
6644
6672
6692
6776
6784
6796
6806
6822
6844
6866
6878
6896
6948
7002
7074
7076
7122
7140
7174
7194
7228
7234
7238
7282
7316
7414
7500
7630
7792
7836
7896
7996
8216
8358
8660
8916
9358
9500
9710
9734
9822
9874
10308
10514
10694
10794
11118
11122
11478
11558
11708
11986
12032
12378
12728
12794
12918
13172
13334
13520
13736
13768
13846
13852
13902
14328
14342
14386
14410
14498
14624
15002
15138
15460
16396
16588
17116
17220
17504
17822
17910
17972
18044
18292
19090
19396
19564
20382
20416
20586
21714
23312
23510
23758
24182
24404
24700
24762
24884
25310
27178
28280
28388
28424
28940
29454
29536
30576
30900
31206
31244
31966
32036
34800
34820
34998
37782
40330
40900
44662
44910
