Latencies
5078
5126
5138
5140
5140
5142
5144
5144
5148
5156
5156
5156
5158
5160
5162
5164
5170
5170
5172
5174
5190
5190
5194
5194
5194
5198
5200
5200
5202
5202
5206
5206
5210
5210
5214
5214
5214
5218
5220
5226
5228
5228
5230
5230
5230
5232
5234
5236
5236
5238
5242
5244
5244
5244
5246
5246
5248
5250
5250
5250
5250
5252
5252
5254
5254
5254
5256
5258
5258
5258
5260
5262
5262
5266
5266
5266
5266
5268
5268
5270
5270
5270
5270
5272
5272
5274
5274
5274
5276
5276
5276
5276
5278
5278
5278
5278
5278
5280
5280
5280
5282
5282
5286
5286
5286
5286
5288
5288
5288
5290
5290
5290
5292
5292
5292
5294
5296
5296
5298
5300
5300
5302
5302
5304
5304
5304
5304
5306
5308
5308
5308
5308
5308
5310
5310
5310
5310
5312
5312
5312
5314
5314
5314
5316
5316
5316
5316
5316
5316
5318
5318
5318
5318
5320
5320
5320
5322
5322
5322
5322
5322
5324
5324
5324
5324
5324
5324
5324
5324
5326
5326
5326
5326
5326
5328
5328
5328
5328
5328
5330
5330
5332
5332
5332
5332
5332
5332
5332
5334
5336
5336
5336
5338
5338
5338
5338
5340
5340
5340
5342
5342
5342
5342
5344
5344
5344
5344
5344
5344
5346
5346
5346
5346
5346
5346
5346
5346
5346
5348
5348
5348
5348
5350
5350
5350
5350
5350
5352
5352
5354
5354
5354
5356
5356
5358
5358
5358
5358
5358
5358
5358
5358
5360
5360
5360
5360
5360
5362
5362
5362
5362
5364
5364
5364
5366
5366
5368
5368
5368
5368
5368
5370
5370
5370
5370
5370
5372
5372
5372
5372
5374
5374
5376
5376
5378
5378
5378
5380
5380
5380
5382
5382
5382
5382
5382
5384
5384
5384
5384
5384
5384
5384
5386
5386
5386
5388
5388
5388
5390
5390
5390
5390
5392
5392
5394
5394
5396
5396
5396
5396
5396
5398
5398
5400
5400
5400
5400
5402
5402
5402
5404
5404
5406
5406
5410
5410
5410
5410
5410
5410
5412
5412
5412
5412
5414
5414
5414
5414
5414
5416
5416
5416
5418
5418
5418
5418
5418
5418
5420
5420
5420
5422
5422
5422
5422
5424
5424
5424
5424
5426
5426
5426
5428
5428
5428
5432
5432
5434
5436
5436
5436
5436
5438
5438
5440
5440
5442
5442
5442
5444
5444
5444
5444
5446
5448
5448
5448
5448
5450
5450
5452
5454
5458
5458
5460
5460
5464
5466
5472
5474
5474
5476
5476
5476
5476
5476
5476
5476
5478
5480
5480
5482
5482
5482
5482
5484
5486
5486
5486
5488
5488
5490
5490
5490
5492
5492
5492
5494
5496
5498
5498
5500
5500
5500
5500
5500
5500
5502
5502
5502
5502
5502
5502
5504
5504
5508
5508
5510
5512
5512
5512
5512
5514
5514
5516
5516
5518
5518
5518
5520
5520
5520
5522
5522
5524
5524
5526
5526
5526
5528
5528
5528
5530
5532
5534
5534
5534
5536
5536
5538
5538
5540
5542
5544
5544
5544
5544
5544
5546
5548
5548
5548
5548
5548
5550
5550
5550
5552
5554
5554
5556
5556
5556
5558
5562
5566
5566
5566
5568
5570
5570
5570
5572
5572
5572
5574
5574
5580
5580
5582
5584
5584
5586
5588
5588
5588
5590
5592
5592
5592
5592
5594
5594
5598
5598
5600
5602
5602
5604
5606
5606
5612
5614
5614
5614
5616
5616
5616
5618
5620
5620
5622
5622
5624
5626
5628
5628
5630
5630
5632
5632
5638
5638
5638
5638
5642
5642
5644
5646
5646
5650
5650
5652
5652
5654
5656
5656
5660
5660
5660
5662
5662
5664
5666
5666
5668
5670
5672
5676
5678
5678
5678
5678
5680
5680
5682
5688
5688
5694
5696
5696
5698
5702
5702
5704
5704
5704
5704
5706
5706
5706
5706
5708
5708
5710
5714
5714
5716
5716
5716
5718
5722
5726
5728
5728
5730
5730
5732
5734
5738
5740
5740
5744
5748
5750
5750
5752
5756
5756
5756
5758
5758
5758
5758
5760
5766
5768
5768
5770
5772
5776
5776
5782
5784
5786
5788
5790
5796
5798
5798
5800
5800
5802
5802
5804
5804
5806
5808
5812
5812
5812
5814
5816
5822
5824
5826
5828
5830
5832
5834
5838
5842
5844
5846
5848
5850
5856
5856
5856
5856
5858
5858
5862
5862
5868
5876
5880
5882
5888
5888
5888
5890
5890
5892
5896
5898
5900
5900
5904
5908
5912
5912
5916
5918
5920
5920
5920
5922
5924
5926
5928
5932
5932
5934
5936
5936
5938
5944
5944
5946
5948
5950
5952
5954
5954
5956
5958
5958
5960
5960
5962
5962
5964
5968
5968
5968
5970
5970
5976
5976
5976
5982
5982
5982
5984
5988
5990
5990
5994
5996
5996
5998
5998
5998
6000
6000
6002
6006
6010
6010
6012
6014
6018
6020
6020
6026
6026
6028
6028
6030
6034
6034
6036
6036
6038
6040
6040
6040
6042
6044
6046
6046
6046
6050
6050
6054
6056
6056
6060
6064
6066
6066
6068
6070
6070
6072
6074
6078
6086
6086
6088
6094
6094
6100
6100
6102
6102
6104
6108
6108
6108
6114
6114
6118
6132
6132
6134
6134
6138
6140
6142
6146
6146
6156
6160
6174
6174
6174
6176
6186
6194
6202
6204
6210
6210
6218
6230
6240
6254
6258
6270
6274
6280
6282
6300
6304
6312
6318
6330
6348
6354
6360
6370
6378
6386
6390
6396
6398
6432
6434
6434
6442
6522
6532
6540
6572
6576
6602
6614
6614
6638
6640
6648
6698
6722
6758
6770
6790
6800
6894
6916
6968
7110
7118
7128
7444
7556
7624
7990
8210
8368
8570
8578
8692
8754
9004
9060
9346
9564
9678
10028
10082
10322
10442
10476
10666
10824
11072
11108
11184
11482
11704
12536
12764
12858
12930
12966
13072
13076
13096
13126
13216
13228
13414
13602
13640
13700
14190
14634
14658
14672
14728
14802
14896
15702
16172
16666
16746
17166
18928
19316
19414
20558
21006
21284
21294
21956
22236
22408
22482
22542
23214
23690
24266
24374
24500
24618
24832
25300
27000
27050
27530
27646
28206
29188
29198
29386
30166
31762
31870
32370
32410
32924
33706
34832
35580
35886
36008
36734
37582
37584
42062
43546
51956
53980
