Latencies
6492
7028
7068
8408
9096
11706
12798
12996
13164
13380
13456
13608
14330
14476
14588
14698
14754
14772
14838
14934
14936
14976
15046
15074
15268
15306
15422
15484
15602
15658
15680
15694
15722
15758
15758
16034
16064
16174
16222
16224
16350
16398
16484
16530
16652
16824
17090
17450
17676
17804
17848
17858
18032
18084
18110
18238
18276
18610
18618
18624
18816
19034
19048
19108
19376
19378
19444
19446
19470
19506
19550
19554
19706
19780
19780
19786
19936
20038
20066
20252
20286
20394
20416
20450
20648
20898
21120
21144
21238
21470
21488
21562
21588
21620
21626
21674
21676
21788
21790
21812
21866
21968
21982
22120
22328
22420
22562
22586
22612
22616
22736
22868
22956
22968
23032
23100
23158
23206
23278
23346
23352
23414
23566
23588
23600
23626
23796
23950
23972
24084
24094
24114
24162
24184
24206
24208
24228
24238
24272
24340
24346
24348
24438
24444
24462
24484
24494
24538
24542
24544
24552
24572
24592
24600
24606
24638
24660
24704
24714
24766
24822
24838
24900
24942
24950
24952
24998
25014
25056
25072
25076
25088
25132
25154
25190
25200
25234
25376
25384
25400
25418
25446
25458
25510
25620
25728
25822
25824
25880
25908
25914
25920
25966
26032
26118
26304
26432
26438
26648
26870
26936
26988
27014
27044
27088
27208
27310
27322
27342
27424
27466
27538
27574
27704
27804
28004
28152
28308
28326
28344
28406
28422
28464
28518
28526
28534
28612
28646
28690
28734
28744
28766
28790
28818
28828
28882
28884
28900
28914
28968
29028
29120
29138
29298
29336
29392
29400
29458
29484
29560
29600
29608
29670
29712
29720
29730
29928
29952
29954
30100
30144
30268
30360
30414
30424
30516
30530
30576
30646
30674
30700
30756
30756
31042
31056
31190
31258
31486
31556
31598
31618
31676
31690
31732
31900
31912
31922
32006
32008
32018
32056
32092
32100
32104
32108
32136
32148
32166
32182
32250
32346
32364
32402
32416
32448
32476
32556
32622
32696
32712
32732
32744
32808
32934
32940
33084
33086
33140
33164
33228
33294
33414
33470
33474
33492
33502
33536
33538
33624
33642
33670
33694
33706
33726
33822
33832
33838
33850
33884
33898
33902
33902
33904
33938
33976
34030
34032
34046
34070
34108
34146
34152
34164
34202
34210
34240
34256
34276
34290
34294
34306
34328
34330
34412
34412
34416
34432
34438
34448
34472
34476
34482
34484
34488
34532
34536
34542
34550
34578
34588
34590
34592
34612
34648
34674
34676
34696
34708
34710
34728
34752
34798
34810
34814
34878
34880
34908
34910
34916
34938
34950
34966
34998
35008
35030
35066
35094
35102
35104
35106
35118
35118
35146
35166
35184
35194
35198
35250
35350
35356
35372
35456
35578
35586
35658
35664
35764
35800
35808
35858
35968
35970
35990
36194
36248
36312
36356
36384
36396
36454
36742
36796
36822
36998
37010
37062
37096
37174
37260
37320
37508
37658
37662
37712
37736
37848
37902
38108
38152
38176
38198
38262
38358
38408
38550
38678
38710
38792
38926
39102
39138
39244
39308
39372
39442
39476
39780
39798
39800
39846
39944
40026
40194
40230
40392
40418
40430
40444
40508
40526
40578
40678
40748
40902
41152
41158
41160
41434
41464
41490
41572
41666
42038
42188
42558
42696
42950
43180
43210
43218
43268
43438
43570
43592
43650
43694
43742
43766
43766
43842
43870
43946
44106
44128
44140
44192
44278
44318
44338
44340
44350
44380
44442
44442
44452
44480
44506
44538
44544
44594
44604
44606
44630
44650
44658
44672
44676
44724
44768
44808
44848
44850
44870
44894
44896
44914
45046
45188
45198
45278
45354
45398
45408
45420
45442
45716
45736
45842
45886
45960
45976
45978
46026
46032
46092
46122
46160
46198
46212
46280
46382
46396
46428
46666
46680
46784
47040
47256
47390
47410
47510
47588
47634
47714
47852
47882
47904
47990
48060
48110
48140
48338
48368
48520
48604
48648
48654
48874
48922
49224
49226
49642
49680
49728
49764
49800
49832
49948
49950
50126
50210
50350
50442
50564
50850
51086
51108
51366
51454
51538
51598
51638
51748
51866
51930
52040
52168
52206
52312
52312
52432
52440
52574
52598
52648
52652
52750
52896
52900
52900
52904
52934
52974
53016
53028
53054
53058
53072
53098
53170
53190
53204
53222
53274
53280
53296
53336
53340
53388
53396
53400
53400
53402
53422
53428
53460
53508
53516
53580
53582
53592
53606
53652
53668
53674
53674
53702
53712
53714
53740
53740
53740
53760
53792
53814
53818
53848
53878
53882
53898
53920
53926
53940
53968
53978
53996
54010
54018
54030
54030
54082
54084
54112
54118
54128
54128
54186
54186
54190
54192
54220
54224
54230
54238
54244
54256
54316
54318
54332
54390
54392
54400
54416
54438
54444
54470
54528
54550
54560
54592
54612
54616
54674
54682
54688
54762
54846
54864
54890
54932
54940
55070
55310
55352
55354
55642
55784
56034
56060
56394
56496
56524
56528
56668
56814
56882
56938
57012
57106
57344
57638
57780
58054
58256
58344
58432
58492
58514
58722
58958
59008
59258
59304
59570
59836
59862
60186
60350
60820
60840
61054
61410
61670
61714
62590
62622
62676
62768
62790
62974
63274
63396
63448
63576
63652
63652
63666
63718
63744
63796
63820
63874
63904
63970
63992
64044
64048
64058
64168
64250
64260
64322
64450
64462
64500
64700
64764
64936
64992
65010
65124
65262
65374
65428
65448
65750
66076
66162
66188
66532
67386
67798
68308
69194
69902
70210
70388
70474
70668
70840
71016
71038
71058
71154
71200
71348
71620
71744
71764
72024
72132
72210
72352
72416
72468
72500
72738
72808
72850
72926
72938
72944
72986
73000
73002
73016
73094
73174
73232
73254
73316
73352
73356
73378
73384
73410
73414
73452
73472
73512
73516
73598
73602
73694
73778
73796
73808
73832
73840
73856
73874
73888
73896
73960
74098
74102
74116
74174
74184
74204
74220
74256
74308
74330
74360
74376
74548
74864
74892
75074
75328
75778
76008
77344
78896
80038
80374
80388
81556
82130
82970
83308
83680
84332
84528
84896
86224
90284
92054
92624
92994
93184
93758
95102
96466
96688
99920
105452
106298
107924
109504
111846
117574
124186
124314
124662
125592
135888
146656
150100
164046
165750
236186
289284
332312
346018
447060
545750
1285512
3658056
4218142
6271702
