Latencies
5482
5486
5642
6372
6750
6896
7274
7400
7832
7956
8532
8568
8610
8780
8806
8826
9272
9728
10032
10116
10428
10492
10748
10754
11176
11232
11312
11434
11948
12180
12652
12676
12794
13432
13622
13704
14018
14262
14374
14458
14470
14534
14568
14582
14704
14714
14970
15060
15090
15186
15218
15304
15342
15354
15380
15390
15404
15442
15472
15662
15736
15738
15896
15946
15968
15980
16076
16108
16340
16360
16412
16508
16600
16700
16740
16760
16782
16796
16828
16842
16860
16910
16916
16928
16956
17190
17214
17220
17228
17240
17244
17252
17268
17370
17384
17524
17528
17532
17578
17598
17604
17798
17800
17846
17892
17898
17940
17956
18028
18052
18092
18126
18184
18352
18366
18386
18414
18470
18504
18548
18564
18584
18606
18622
18732
18768
18884
18904
18908
19012
19032
19046
19062
19146
19164
19188
19190
19250
19256
19312
19312
19332
19388
19392
19408
19418
19472
19504
19518
19550
19564
19642
19698
19698
19730
19790
19820
19846
19852
19852
19864
19946
20044
20052
20092
20178
20182
20234
20336
20406
20420
20422
20450
20494
20590
20636
20846
20848
20854
20882
20910
20914
20960
20996
20996
21032
21032
21076
21088
21188
21280
21358
21414
21434
21472
21572
21580
21598
21616
21618
21652
21660
21686
21798
21812
21874
21926
21970
22002
22076
22088
22104
22188
22230
22356
22368
22474
22550
22612
22628
22656
22794
22848
22868
22886
22898
22928
22942
22980
22984
22996
23124
23144
23170
23178
23180
23194
23266
23304
23314
23370
23410
23416
23482
23492
23522
23558
23672
23688
23810
23852
23858
23918
23938
23944
23958
23988
24178
24310
24326
24358
24446
24502
24504
24532
24574
24636
24646
24654
24708
24728
24750
24760
24762
24776
24776
24788
24806
24824
24828
24864
24892
24894
24940
24978
24996
25190
25206
25236
25284
25344
25442
25442
25526
25534
25546
25572
25598
25600
25614
25614
25618
25726
25742
25828
25892
25960
26022
26024
26040
26056
26090
26096
26114
26150
26152
26172
26188
26208
26282
26378
26394
26462
26528
26576
26608
26650
26662
26670
26670
26676
26752
26796
26824
27014
27042
27088
27178
27198
27272
27276
27292
27296
27328
27374
27374
27394
27406
27474
27516
27520
27526
27554
27672
27676
27680
27696
27746
27746
27758
27762
27766
27790
27832
27880
27896
27942
27984
27990
28000
28096
28162
28168
28182
28228
28232
28248
28252
28286
28296
28380
28450
28492
28516
28584
28626
28664
28716
28736
28870
28876
28878
28890
28900
28950
28990
29016
29108
29120
29148
29232
29236
29250
29314
29320
29344
29424
29468
29576
29608
29616
29710
29728
29742
29750
29798
29846
29916
29942
30026
30040
30044
30082
30094
30104
30168
30170
30184
30208
30208
30292
30302
30316
30336
30364
30406
30476
30494
30498
30506
30516
30516
30516
30532
30566
30588
30600
30604
30612
30738
30760
30808
30824
30840
30876
30910
30926
30936
30938
30944
31010
31046
31220
31254
31322
31356
31394
31436
31438
31454
31458
31476
31482
31566
31604
31716
31784
31898
32056
32104
32116
32164
32174
32218
32222
32348
32376
32456
32524
32600
32638
32736
32768
32798
32812
32860
32890
32980
32996
33032
33060
33124
33128
33270
33302
33368
33372
33396
33420
33500
33508
33516
33580
33596
33628
33648
33676
33698
33716
33726
33734
33754
33776
33836
33876
33880
33896
33918
33930
33934
33936
33960
34008
34008
34036
34100
34110
34112
34118
34130
34192
34218
34218
34226
34228
34230
34248
34262
34298
34300
34384
34392
34400
34402
34418
34426
34434
34496
34506
34554
34572
34614
34616
34684
34722
34796
34814
34830
34886
34892
34898
34908
34936
34958
34968
34982
35026
35070
35154
35156
35184
35188
35258
35270
35298
35312
35516
35526
35592
35632
35634
35850
35852
35996
36032
36078
36096
36248
36274
36294
36334
36428
36436
36562
36596
36602
36680
36694
36732
36782
36860
37012
37042
37184
37200
37220
37384
37464
37632
38018
38052
38080
38092
38258
38310
38664
38766
39206
39294
39296
39340
39404
39434
39434
39444
39650
39672
39774
39822
39886
39920
39930
40002
40266
40338
40350
40488
40492
40576
40656
40658
40712
40730
40746
40748
40838
40920
40944
41308
41360
41366
41454
41534
41598
41656
41660
41680
41688
41688
41936
41964
42012
42100
42124
42164
42248
42394
42414
42492
42532
42542
42608
42886
42934
42956
43162
43230
43264
43266
43340
43382
43424
43462
43532
43630
43632
43734
43850
43928
43986
44034
44078
44090
44096
44154
44206
44218
44324
44324
44330
44336
44382
44502
44510
44512
44560
44664
44674
44682
44746
44784
44844
44876
44928
45036
45054
45076
45112
45136
45160
45188
45198
45256
45284
45368
45394
45440
45468
45522
45540
45584
45670
45754
45800
45820
45934
45942
46036
46128
46180
46278
46288
46400
46426
46660
46692
46742
46892
46984
46988
47152
47226
47346
47438
47524
47542
47578
47758
47852
47922
48090
48320
48330
48432
48458
48554
48642
48648
48712
48792
48804
48814
48868
49174
49534
49602
49658
49676
49750
49840
49848
49858
50004
50060
50060
50190
50382
50390
50420
50440
50590
50694
50768
50858
51022
51042
51046
51180
51314
51330
51360
51440
51454
51472
51492
51548
51918
52066
52148
52246
52412
52460
52676
52676
52714
52760
52778
52872
52876
52926
52982
52988
53038
53088
53106
53116
53124
53152
53178
53284
53320
53352
53356
53362
53384
53444
53488
53498
53512
53536
53578
53654
53666
53728
53746
53768
53786
53806
53810
53820
53842
53846
53872
53876
53894
53912
53914
53916
53918
53936
53950
53962
53964
54008
54034
54064
54080
54094
54108
54110
54112
54134
54154
54160
54166
54178
54188
54206
54210
54218
54254
54274
54288
54312
54314
54400
54566
54580
54624
54770
54782
54828
54946
54970
54980
55084
55088
55142
55168
55216
55544
55588
55698
55912
55916
56050
56148
56678
56944
57098
58362
58420
58434
58604
58726
58760
59138
59296
59652
59780
59862
60256
60278
60686
61330
61336
61652
62160
62272
62292
62576
62898
63092
63606
63720
64042
64144
64188
64226
64904
65130
65462
65588
67442
67498
67628
68664
69506
69708
70002
70602
72006
72184
72506
72888
73300
73744
73814
73888
74022
74298
75190
76252
77438
79422
81832
83642
84384
85380
86236
87126
89008
89042
89168
89900
94102
95754
103994
143980
147568
151296
224110
393792
1705064
