Latencies
5236
5332
5360
5468
5480
5482
5500
5624
5652
5676
5698
5716
5786
5792
5806
5808
5842
5892
5930
5992
6064
6078
6134
6158
6182
6254
6338
6392
6400
6498
6586
6634
6672
6766
6770
6784
6856
7036
7108
7176
7176
7218
7236
7238
7346
7386
7512
7728
7800
7876
7918
7950
8020
8022
8038
8184
8224
8308
8334
8348
8388
8392
8504
8516
8546
8834
8874
8984
9004
9036
9096
9124
9290
9428
9486
9670
9730
9778
9870
9892
10016
10034
10084
10122
10156
10240
10242
10244
10372
10398
10572
10598
10614
10650
10706
10728
10730
10738
10778
10860
10860
10902
10904
10974
11100
11174
11174
11184
11198
11230
11320
11338
11370
11458
11524
11570
11602
11920
12018
12052
12112
12120
12152
12174
12178
12206
12316
12410
12424
12430
12492
12506
12528
12560
12630
12808
12810
12826
12850
12936
13016
13044
13176
13270
13410
13494
13554
13654
13716
13802
13912
13920
14018
14114
14130
14134
14172
14182
14182
14242
14290
14294
14324
14338
14380
14408
14462
14580
14630
14650
14658
14668
14698
14726
14776
14814
14828
14838
14838
14852
14860
14896
14926
14942
14962
15016
15018
15038
15068
15070
15102
15106
15132
15162
15212
15218
15224
15256
15272
15284
15292
15296
15322
15336
15366
15376
15380
15436
15500
15508
15540
15542
15562
15700
15790
15858
15870
15914
15934
15950
15954
15994
15998
16018
16118
16216
16216
16230
16232
16414
16480
16504
16566
16600
16654
16726
16752
16772
16786
16820
16832
16842
16904
16910
16912
16972
16976
16984
16996
17096
17102
17148
17188
17244
17250
17302
17316
17332
17338
17432
17448
17474
17478
17532
17554
17574
17588
17620
17706
17732
17756
17760
17764
17802
17874
17906
17922
17988
18098
18130
18258
18298
18318
18352
18406
18408
18442
18448
18516
18528
18572
18584
18590
18608
18728
18750
18846
18874
18920
18920
19000
19006
19068
19074
19102
19200
19302
19304
19338
19350
19382
19394
19410
19412
19456
19502
19510
19518
19534
19546
19548
19554
19596
19622
19624
19646
19750
19778
19804
19808
19864
19874
19908
20032
20044
20068
20112
20148
20180
20226
20258
20276
20290
20312
20356
20432
20456
20468
20504
20544
20572
20626
20708
20734
20794
20836
20878
20892
20940
21000
21050
21090
21146
21232
21264
21328
21334
21340
21348
21348
21368
21530
21532
21768
21830
21842
21842
21902
21930
21978
22100
22140
22184
22254
22266
22362
22408
22476
22492
22572
22624
22638
22674
22686
22690
22742
22772
22788
22804
22806
22848
22856
22872
22914
22934
22986
22996
23110
23136
23148
23168
23174
23214
23218
23326
23476
23484
23494
23512
23550
23580
23592
23606
23622
23640
23660
23660
23720
23750
23760
23768
23786
23788
23804
23878
23902
24052
24056
24122
24134
24138
24168
24186
24216
24286
24294
24340
24352
24452
24490
24494
24500
24552
24558
24566
24576
24590
24598
24676
24682
24712
24750
24766
24774
24782
24798
24806
24818
24822
24868
24922
24948
24962
25014
25034
25034
25042
25080
25096
25174
25178
25196
25210
25214
25244
25258
25356
25360
25374
25376
25390
25492
25546
25564
25572
25584
25600
25614
25620
25644
25660
25754
25758
25764
25804
25816
25850
25892
25924
25950
25984
26006
26010
26018
26034
26040
26088
26178
26198
26242
26246
26260
26276
26292
26324
26376
26404
26406
26476
26516
26564
26666
26690
26710
26766
26816
26876
26896
26908
26910
26920
26924
26986
27004
27020
27078
27104
27196
27222
27232
27234
27238
27342
27342
27354
27396
27468
27470
27498
27500
27518
27622
27638
27724
27724
27756
27760
27782
27862
27886
27906
27912
27950
27998
28050
28054
28080
28136
28190
28214
28220
28242
28252
28258
28262
28340
28400
28402
28440
28446
28510
28590
28610
28626
28640
28696
28710
28788
28820
29008
29024
29064
29082
29156
29198
29234
29244
29266
29526
29528
29546
29618
29622
29660
29664
29710
29770
29792
29842
29884
29918
29936
29944
29944
29996
30018
30098
30120
30180
30230
30250
30286
30334
30374
30388
30414
30430
30442
30464
30500
30524
30532
30558
30572
30598
30740
30762
30778
30854
30876
30898
30898
30934
30968
30970
30972
31000
31012
31018
31046
31048
31072
31228
31288
31302
31318
31326
31328
31442
31496
31632
31720
31722
31914
31926
31956
32048
32056
32156
32166
32176
32180
32198
32212
32234
32274
32302
32366
32400
32456
32464
32468
32478
32534
32536
32564
32574
32620
32682
32690
32694
32700
32708
32754
32784
32792
32824
32864
32920
32950
32952
32984
33042
33058
33062
33194
33218
33222
33252
33288
33422
33430
33450
33458
33460
33474
33478
33480
33500
33500
33504
33520
33588
33600
33602
33660
33682
33696
33734
33782
33812
33848
33854
33860
33870
33876
33904
33912
33914
33930
33944
33956
33982
33992
34002
34022
34090
34104
34128
34140
34180
34214
34220
34224
34234
34238
34240
34248
34250
34262
34262
34264
34266
34294
34314
34346
34350
34364
34368
34408
34410
34412
34414
34418
34442
34468
34472
34478
34490
34494
34498
34512
34520
34524
34526
34560
34560
34564
34574
34588
34590
34592
34600
34604
34614
34616
34640
34652
34652
34654
34680
34704
34712
34734
34746
34756
34756
34762
34762
34766
34766
34794
34822
34830
34834
34854
34856
34870
34878
34900
34904
34928
34940
34940
34974
34978
34984
34986
34990
34996
35004
35008
35008
35014
35042
35064
35078
35116
35146
35166
35180
35210
35214
35216
35264
35284
35384
35408
35420
35436
35488
35496
35550
35590
35620
35668
35830
35874
35930
35956
36038
36106
36150
36178
36206
36264
36708
37742
38176
38432
38554
38650
39258
40158
40900
41026
41278
41348
41392
42106
42374
42724
42776
43076
43294
43360
43380
43388
43636
43712
43720
43770
43918
44064
44090
44262
44380
44788
47442
48930
48978
49158
50664
52762
53304
53894
54094
54224
54342
55414
59194
59400
64092
72316
86816
101096
120550
203582
264378
349312
1978058
3222204
