Latencies
5096
5114
5114
5132
5134
5148
5148
5156
5156
5160
5162
5162
5166
5166
5168
5168
5170
5172
5172
5178
5184
5184
5184
5184
5186
5188
5190
5190
5190
5194
5194
5196
5196
5196
5200
5200
5200
5200
5200
5200
5200
5206
5206
5206
5206
5206
5208
5208
5208
5208
5210
5210
5214
5214
5216
5216
5218
5218
5220
5222
5224
5224
5228
5228
5228
5230
5232
5232
5232
5236
5238
5238
5238
5240
5240
5242
5244
5246
5246
5246
5248
5250
5250
5250
5252
5252
5254
5256
5258
5258
5258
5260
5260
5262
5264
5264
5264
5264
5264
5266
5266
5266
5268
5272
5274
5276
5276
5276
5278
5278
5280
5280
5280
5282
5282
5284
5286
5286
5286
5288
5288
5288
5288
5290
5290
5290
5290
5290
5290
5292
5292
5294
5294
5294
5294
5296
5296
5296
5296
5296
5298
5298
5300
5300
5302
5302
5304
5304
5306
5306
5306
5306
5308
5308
5308
5310
5310
5310
5310
5310
5310
5310
5312
5312
5312
5312
5314
5314
5314
5316
5316
5316
5316
5318
5320
5320
5320
5322
5322
5322
5322
5322
5324
5324
5324
5324
5326
5326
5328
5328
5328
5328
5328
5328
5328
5330
5330
5330
5330
5330
5330
5330
5330
5332
5332
5334
5334
5334
5334
5334
5336
5336
5336
5336
5338
5338
5338
5338
5338
5338
5340
5340
5340
5340
5340
5342
5342
5342
5344
5344
5344
5344
5344
5344
5344
5344
5344
5344
5346
5346
5346
5348
5348
5348
5350
5350
5350
5350
5352
5352
5352
5352
5354
5354
5354
5354
5354
5354
5354
5354
5356
5356
5356
5358
5358
5358
5358
5360
5360
5360
5360
5360
5360
5360
5362
5362
5362
5364
5364
5364
5364
5364
5364
5366
5366
5368
5368
5368
5368
5368
5368
5372
5372
5372
5372
5372
5372
5372
5372
5372
5372
5372
5372
5374
5374
5374
5374
5374
5376
5376
5376
5378
5378
5378
5378
5380
5380
5380
5380
5382
5382
5382
5382
5382
5382
5382
5384
5384
5384
5384
5384
5384
5386
5386
5386
5386
5388
5388
5388
5388
5388
5388
5390
5390
5390
5390
5390
5390
5390
5390
5390
5392
5392
5394
5394
5394
5396
5396
5396
5396
5396
5396
5398
5398
5398
5400
5400
5400
5400
5400
5400
5402
5402
5402
5402
5402
5402
5402
5404
5406
5406
5406
5406
5406
5408
5408
5408
5408
5408
5408
5410
5410
5410
5410
5410
5412
5412
5412
5412
5414
5414
5414
5414
5414
5416
5416
5416
5416
5418
5420
5422
5424
5424
5424
5426
5426
5430
5430
5430
5432
5432
5432
5434
5434
5436
5436
5436
5436
5440
5440
5440
5440
5442
5444
5446
5446
5448
5450
5454
5454
5454
5456
5456
5456
5458
5458
5458
5458
5460
5460
5462
5464
5464
5466
5466
5466
5466
5468
5468
5468
5472
5472
5474
5476
5476
5478
5478
5478
5480
5482
5484
5488
5488
5490
5492
5492
5492
5494
5494
5496
5498
5498
5498
5498
5498
5500
5500
5502
5504
5504
5504
5506
5508
5508
5512
5512
5512
5512
5514
5516
5518
5518
5520
5524
5524
5524
5526
5528
5532
5534
5534
5536
5536
5538
5538
5540
5540
5540
5542
5542
5542
5546
5546
5548
5548
5550
5552
5554
5556
5558
5558
5560
5564
5564
5564
5566
5568
5568
5568
5570
5570
5570
5574
5574
5574
5576
5576
5578
5578
5582
5582
5584
5584
5586
5586
5588
5588
5590
5590
5590
5596
5600
5602
5602
5608
5608
5610
5612
5612
5614
5614
5614
5614
5618
5618
5620
5622
5622
5622
5628
5628
5628
5630
5630
5630
5632
5632
5638
5638
5638
5642
5642
5644
5644
5646
5646
5654
5654
5656
5660
5664
5668
5668
5672
5672
5674
5676
5676
5680
5682
5682
5688
5690
5690
5694
5698
5698
5698
5700
5702
5702
5702
5702
5706
5708
5710
5710
5712
5712
5714
5716
5718
5718
5718
5720
5722
5724
5732
5732
5732
5736
5736
5740
5742
5744
5746
5748
5748
5750
5754
5758
5764
5764
5764
5766
5768
5770
5770
5772
5772
5776
5776
5782
5784
5790
5790
5790
5792
5798
5798
5804
5806
5806
5808
5816
5820
5820
5820
5822
5826
5834
5834
5836
5838
5840
5840
5842
5842
5844
5850
5850
5850
5852
5854
5858
5858
5860
5860
5860
5864
5864
5866
5866
5866
5878
5880
5882
5882
5884
5886
5892
5896
5896
5898
5900
5904
5904
5906
5906
5908
5908
5922
5924
5934
5938
5942
5946
5946
5946
5964
5966
5966
5968
5970
5972
5972
5976
5978
5980
5982
5984
5988
5994
5996
6006
6012
6014
6020
6022
6024
6026
6028
6030
6040
6040
6042
6044
6052
6052
6058
6058
6066
6066
6068
6068
6078
6086
6088
6104
6106
6110
6110
6112
6112
6112
6116
6126
6130
6130
6138
6138
6146
6154
6156
6158
6162
6174
6174
6176
6194
6202
6202
6202
6204
6210
6210
6224
6226
6226
6238
6240
6240
6242
6258
6260
6260
6262
6266
6270
6270
6282
6284
6290
6290
6290
6300
6300
6306
6330
6368
6376
6390
6398
6408
6412
6424
6478
6486
6520
6530
6532
6536
6542
6544
6566
6572
6600
6620
6622
6688
6692
6718
6720
6722
6728
6740
6742
6746
6768
6786
6830
6848
6946
6966
6968
6998
7018
7028
7088
7300
7444
8156
8192
8500
8544
8616
8660
8804
8958
9068
9232
9282
9322
9598
9628
9846
9966
10044
10046
10080
10554
10606
10664
10692
10816
10826
10888
10906
11010
11596
11758
11934
11938
12358
12368
12466
12476
12524
12604
13172
13248
13298
13300
13762
13882
13940
14056
14126
14152
14204
14252
14350
14378
14396
14524
14642
14736
15038
15206
15294
15854
16108
16470
17002
17326
17426
17552
17622
17892
18002
18594
19186
19518
19952
20204
20426
20618
20686
21492
21658
21776
22234
22372
22662
23236
23242
23384
23408
23596
24112
24158
24426
24436
24600
24892
25118
25332
25804
26016
26130
26268
26386
26926
27116
27170
27606
28190
28852
29334
29360
29454
29918
30666
30688
32804
33548
33962
34154
34438
34750
35710
35826
36346
36756
37032
37470
39120
39396
39810
40568
40900
41004
41074
48808
58566
79234
273704
