Latencies
5074
5106
5106
5106
5112
5118
5132
5134
5134
5136
5136
5136
5138
5138
5142
5144
5146
5146
5146
5150
5152
5154
5154
5156
5158
5158
5158
5160
5162
5168
5168
5168
5170
5172
5172
5174
5174
5174
5176
5176
5176
5178
5178
5178
5182
5186
5186
5186
5186
5186
5194
5194
5194
5196
5198
5198
5198
5200
5200
5202
5202
5202
5204
5206
5206
5206
5206
5208
5208
5208
5208
5208
5210
5210
5210
5212
5212
5214
5218
5218
5220
5222
5222
5222
5224
5224
5224
5226
5226
5226
5230
5238
5238
5240
5240
5242
5242
5242
5242
5246
5248
5250
5250
5252
5252
5252
5252
5254
5258
5260
5260
5262
5262
5262
5262
5264
5264
5266
5266
5272
5272
5274
5274
5276
5278
5278
5278
5280
5280
5280
5280
5282
5284
5286
5286
5286
5286
5286
5286
5288
5290
5292
5292
5292
5292
5292
5294
5294
5296
5296
5298
5300
5300
5300
5300
5302
5304
5304
5304
5304
5308
5308
5308
5308
5310
5312
5312
5312
5312
5312
5312
5312
5314
5314
5314
5314
5316
5316
5316
5316
5316
5316
5316
5318
5318
5318
5320
5320
5320
5322
5322
5324
5326
5328
5330
5332
5332
5334
5334
5334
5334
5334
5336
5336
5336
5336
5338
5338
5338
5338
5340
5340
5340
5342
5342
5342
5342
5342
5344
5344
5344
5344
5344
5344
5346
5346
5346
5346
5346
5346
5346
5348
5348
5348
5350
5350
5352
5352
5352
5352
5352
5352
5354
5354
5356
5356
5356
5356
5358
5358
5358
5358
5358
5358
5358
5360
5360
5360
5360
5360
5360
5362
5364
5364
5364
5364
5366
5366
5366
5366
5366
5366
5366
5366
5366
5366
5366
5366
5368
5368
5368
5368
5368
5370
5370
5370
5372
5372
5372
5372
5374
5374
5374
5374
5374
5374
5374
5374
5376
5376
5378
5378
5380
5380
5382
5384
5384
5384
5384
5386
5386
5386
5386
5388
5388
5390
5390
5390
5390
5392
5392
5392
5392
5394
5394
5396
5396
5396
5396
5398
5398
5398
5400
5400
5400
5400
5400
5400
5400
5400
5402
5402
5402
5404
5404
5404
5406
5406
5408
5408
5412
5412
5414
5414
5414
5414
5414
5414
5414
5414
5416
5416
5416
5416
5418
5418
5418
5420
5420
5420
5420
5422
5422
5424
5424
5428
5428
5428
5428
5428
5428
5430
5430
5432
5432
5434
5434
5434
5434
5436
5436
5436
5436
5436
5438
5438
5438
5438
5440
5440
5442
5442
5444
5444
5446
5446
5446
5450
5450
5452
5454
5454
5454
5456
5456
5456
5458
5458
5458
5460
5462
5462
5462
5464
5464
5464
5466
5466
5466
5466
5468
5472
5474
5474
5476
5478
5478
5478
5480
5482
5482
5482
5482
5482
5484
5484
5486
5486
5490
5492
5492
5492
5492
5496
5496
5498
5500
5500
5502
5502
5504
5504
5504
5506
5506
5506
5508
5508
5508
5510
5512
5512
5512
5514
5514
5514
5516
5518
5520
5520
5522
5524
5526
5526
5528
5530
5530
5530
5532
5534
5534
5538
5540
5540
5540
5544
5544
5550
5550
5550
5550
5552
5556
5558
5560
5560
5564
5566
5566
5566
5568
5570
5572
5574
5574
5574
5574
5578
5578
5578
5578
5578
5580
5580
5580
5582
5584
5584
5584
5586
5586
5588
5590
5594
5594
5598
5598
5600
5604
5604
5604
5604
5604
5612
5612
5620
5622
5624
5626
5630
5630
5632
5632
5634
5636
5638
5638
5640
5640
5646
5650
5652
5654
5658
5660
5660
5662
5664
5670
5674
5676
5676
5676
5678
5678
5680
5680
5682
5682
5686
5686
5690
5692
5692
5692
5694
5694
5696
5696
5702
5704
5704
5704
5706
5706
5708
5708
5710
5714
5716
5722
5722
5724
5724
5726
5728
5730
5730
5734
5736
5736
5738
5750
5752
5754
5754
5756
5764
5766
5766
5768
5772
5774
5774
5774
5778
5778
5782
5786
5786
5788
5788
5792
5794
5794
5800
5800
5802
5804
5808
5810
5812
5816
5816
5816
5816
5818
5822
5824
5826
5828
5828
5830
5830
5830
5832
5834
5834
5836
5836
5840
5844
5846
5852
5856
5864
5866
5866
5866
5866
5870
5870
5876
5878
5882
5886
5890
5890
5896
5906
5906
5914
5914
5914
5922
5924
5924
5928
5930
5936
5938
5938
5940
5940
5942
5944
5944
5944
5946
5946
5948
5956
5960
5960
5960
5970
5970
5974
5980
5982
5990
5992
5992
5994
5996
5996
6002
6008
6008
6010
6012
6018
6022
6024
6026
6026
6028
6032
6032
6038
6044
6046
6052
6054
6054
6060
6062
6068
6068
6072
6074
6082
6092
6100
6102
6102
6106
6116
6116
6118
6118
6120
6122
6126
6126
6130
6136
6136
6136
6138
6138
6148
6148
6148
6156
6156
6158
6162
6164
6168
6168
6170
6172
6172
6176
6178
6178
6180
6180
6186
6192
6194
6204
6208
6212
6214
6216
6222
6228
6232
6246
6248
6256
6256
6258
6278
6284
6288
6290
6300
6300
6318
6324
6324
6364
6376
6388
6388
6392
6412
6432
6458
6472
6482
6500
6504
6516
6584
6606
6636
6638
6648
6698
6732
6788
6888
6896
6942
6944
6972
7030
7542
7730
7942
7968
8248
8314
8748
8958
9016
9032
9120
9272
9468
9596
9600
9764
9786
9844
9920
10046
10268
10290
10414
10618
10622
10642
10722
10932
11148
11174
11178
11230
11266
11360
11382
11454
11548
11876
12592
12606
13000
13052
13070
13072
13358
13400
14010
14178
14222
14534
15028
15140
15728
15870
16678
16770
16830
17072
17356
17642
17910
18108
18150
18210
18240
18344
18346
19156
19524
19848
19944
20056
20066
20218
20724
21058
21544
22068
22102
22192
22272
22458
22552
22814
23354
23864
24118
24192
24558
24606
24672
24992
25054
25070
25164
25316
25412
25768
25794
25800
26036
26422
26502
26920
27210
27962
28168
28318
28622
28678
29146
29684
30282
31254
31302
31892
32362
32560
33924
34796
34988
35404
35700
35776
36116
37594
38554
41574
42860
43826
66860
