Latencies
5136
5142
5144
5150
5152
5152
5156
5160
5160
5160
5160
5164
5166
5174
5176
5178
5188
5194
5196
5198
5206
5206
5206
5212
5214
5220
5222
5226
5226
5230
5230
5234
5236
5236
5242
5242
5244
5244
5246
5248
5250
5254
5256
5256
5256
5260
5262
5262
5262
5262
5264
5266
5274
5276
5276
5276
5276
5280
5282
5282
5282
5284
5284
5286
5288
5288
5288
5290
5292
5292
5294
5294
5296
5296
5296
5296
5296
5298
5300
5302
5302
5302
5302
5304
5304
5304
5306
5306
5306
5308
5308
5308
5310
5312
5312
5312
5312
5314
5316
5316
5318
5318
5320
5320
5320
5320
5320
5322
5322
5324
5324
5324
5324
5324
5324
5326
5326
5326
5328
5328
5328
5328
5328
5328
5328
5328
5328
5330
5330
5332
5332
5334
5334
5334
5334
5334
5334
5336
5336
5336
5336
5336
5338
5338
5338
5338
5340
5342
5342
5342
5342
5342
5344
5344
5344
5344
5344
5346
5346
5346
5346
5346
5346
5348
5348
5348
5350
5350
5350
5350
5350
5350
5350
5350
5352
5352
5354
5354
5354
5354
5354
5356
5356
5358
5358
5358
5358
5358
5358
5360
5360
5360
5360
5360
5360
5360
5362
5362
5362
5364
5364
5364
5364
5366
5366
5366
5366
5368
5368
5368
5368
5370
5370
5372
5372
5376
5376
5376
5376
5376
5376
5376
5378
5378
5380
5380
5380
5380
5380
5380
5380
5382
5382
5382
5382
5382
5382
5382
5382
5384
5384
5384
5384
5384
5386
5386
5388
5388
5388
5388
5388
5388
5388
5388
5390
5390
5390
5390
5390
5392
5392
5394
5394
5394
5394
5394
5396
5396
5398
5398
5398
5398
5400
5400
5400
5400
5402
5402
5402
5402
5402
5404
5404
5404
5404
5404
5406
5406
5408
5408
5408
5408
5408
5410
5410
5412
5414
5414
5414
5414
5414
5416
5416
5416
5416
5418
5418
5418
5418
5418
5420
5420
5422
5422
5422
5422
5424
5426
5426
5426
5426
5428
5428
5430
5432
5434
5434
5434
5434
5436
5436
5436
5436
5436
5438
5438
5438
5440
5440
5442
5442
5442
5442
5444
5444
5444
5446
5448
5448
5448
5450
5450
5450
5452
5452
5452
5454
5454
5454
5458
5458
5460
5460
5460
5462
5462
5464
5464
5466
5466
5468
5468
5468
5472
5472
5474
5474
5476
5476
5476
5476
5478
5478
5478
5478
5478
5480
5480
5480
5482
5482
5482
5482
5484
5484
5484
5484
5486
5486
5486
5488
5488
5490
5490
5492
5492
5492
5496
5498
5498
5500
5500
5500
5502
5504
5504
5506
5506
5508
5508
5508
5508
5510
5510
5512
5516
5516
5516
5516
5518
5520
5520
5522
5522
5522
5526
5526
5526
5526
5526
5526
5528
5528
5528
5532
5532
5534
5536
5536
5536
5536
5538
5540
5540
5540
5542
5542
5542
5544
5544
5544
5544
5546
5548
5548
5548
5550
5550
5550
5552
5554
5556
5558
5558
5558
5560
5560
5564
5564
5566
5566
5568
5570
5570
5572
5572
5572
5574
5576
5578
5580
5582
5584
5584
5586
5588
5588
5590
5590
5590
5592
5592
5592
5592
5594
5596
5598
5598
5600
5602
5602
5602
5604
5606
5608
5608
5610
5610
5610
5612
5612
5612
5614
5614
5616
5618
5618
5620
5620
5620
5620
5622
5622
5622
5624
5626
5626
5628
5630
5632
5632
5638
5638
5640
5640
5644
5644
5648
5650
5650
5652
5658
5658
5658
5660
5660
5664
5666
5666
5670
5670
5674
5676
5676
5678
5680
5680
5680
5682
5682
5682
5682
5682
5684
5688
5688
5688
5688
5694
5696
5696
5696
5698
5698
5698
5700
5700
5700
5700
5702
5702
5704
5704
5704
5710
5712
5712
5714
5714
5716
5716
5718
5718
5718
5718
5720
5722
5724
5724
5726
5730
5730
5732
5732
5732
5734
5736
5736
5738
5742
5742
5744
5748
5750
5750
5752
5754
5754
5756
5756
5756
5760
5768
5768
5770
5772
5772
5772
5774
5776
5776
5778
5778
5782
5782
5784
5788
5788
5790
5790
5790
5792
5794
5794
5796
5800
5800
5804
5804
5804
5806
5808
5810
5810
5812
5818
5818
5820
5822
5828
5828
5832
5832
5832
5834
5840
5840
5842
5842
5842
5844
5846
5848
5852
5852
5856
5856
5858
5864
5868
5870
5870
5872
5874
5874
5876
5878
5882
5882
5884
5884
5884
5888
5888
5890
5892
5898
5898
5900
5900
5902
5902
5904
5906
5906
5906
5908
5908
5908
5910
5910
5912
5916
5916
5918
5918
5920
5920
5924
5924
5926
5930
5930
5936
5938
5938
5940
5940
5940
5942
5944
5946
5946
5948
5948
5950
5950
5950
5952
5954
5960
5964
5966
5970
5970
5972
5972
5978
5982
5984
5986
5986
5988
5990
5998
5998
6004
6006
6010
6016
6016
6016
6018
6020
6028
6030
6032
6038
6040
6046
6046
6046
6048
6048
6050
6052
6054
6054
6058
6058
6066
6070
6072
6076
6078
6078
6078
6078
6080
6082
6086
6088
6092
6094
6110
6112
6114
6116
6120
6120
6122
6124
6126
6126
6128
6136
6136
6148
6150
6152
6160
6164
6170
6170
6182
6184
6190
6190
6192
6194
6198
6200
6204
6210
6212
6216
6218
6220
6232
6240
6242
6244
6246
6246
6250
6254
6254
6260
6260
6268
6272
6276
6278
6284
6286
6288
6298
6304
6312
6358
6372
6376
6388
6400
6418
6448
6458
6472
6478
6484
6492
6494
6518
6528
6532
6548
6550
6560
6580
6588
6656
6684
6700
6714
6730
6732
6750
6802
6808
6870
6882
6924
6966
7032
7032
7062
7104
7174
7178
7514
7524
7566
7624
7686
7702
7818
7892
7898
7908
7936
8246
8292
8334
8360
8460
8472
8528
8600
8654
8742
8758
8876
9000
9354
9602
9852
10208
10782
10810
11194
11240
11408
11476
11768
13770
13892
14036
14056
14122
14178
14200
14206
14350
14490
14568
14602
14774
15572
15668
16376
16748
17122
17268
18000
18202
18724
18936
19132
19280
19602
20204
20256
21168
21786
22634
23846
23908
25736
25840
25872
25906
27558
29992
31976
32462
32910
34548
34662
36244
36568
39830
41272
44204
59896
