Latencies
5138
5158
5162
5162
5172
5178
5182
5182
5182
5194
5196
5196
5198
5202
5204
5208
5210
5210
5214
5220
5220
5222
5228
5228
5228
5230
5230
5232
5232
5232
5234
5236
5238
5240
5242
5242
5242
5242
5248
5250
5250
5250
5254
5254
5258
5258
5258
5260
5262
5262
5262
5270
5270
5270
5274
5276
5278
5278
5278
5280
5280
5286
5286
5288
5288
5290
5290
5290
5290
5292
5292
5294
5296
5296
5298
5298
5298
5298
5300
5300
5300
5302
5302
5302
5302
5304
5310
5310
5314
5316
5316
5318
5318
5320
5322
5322
5322
5324
5324
5324
5324
5324
5326
5326
5330
5330
5330
5330
5330
5332
5334
5334
5334
5334
5334
5336
5336
5336
5336
5336
5338
5338
5338
5338
5338
5338
5340
5340
5340
5342
5342
5342
5342
5342
5342
5344
5344
5346
5346
5346
5346
5346
5346
5346
5348
5348
5350
5350
5350
5352
5352
5352
5352
5354
5354
5354
5354
5356
5356
5356
5356
5356
5356
5358
5358
5358
5358
5358
5358
5358
5358
5360
5360
5360
5360
5360
5360
5360
5362
5362
5362
5362
5362
5362
5362
5362
5364
5364
5364
5366
5366
5366
5366
5366
5366
5366
5366
5366
5368
5368
5368
5368
5370
5370
5370
5370
5370
5372
5372
5372
5372
5372
5372
5372
5374
5374
5374
5374
5374
5374
5374
5376
5376
5376
5378
5378
5378
5378
5378
5380
5380
5380
5380
5380
5380
5380
5380
5382
5382
5382
5382
5382
5384
5384
5384
5384
5384
5386
5386
5386
5386
5386
5386
5388
5388
5390
5390
5390
5390
5390
5392
5392
5392
5392
5392
5392
5392
5392
5392
5394
5394
5394
5394
5394
5394
5394
5394
5394
5396
5396
5396
5398
5398
5398
5398
5398
5398
5398
5398
5398
5398
5400
5400
5400
5402
5402
5402
5402
5404
5404
5404
5404
5404
5404
5406
5406
5406
5406
5406
5406
5406
5408
5408
5408
5408
5408
5408
5410
5410
5410
5412
5412
5412
5412
5412
5412
5414
5414
5414
5418
5418
5418
5418
5418
5418
5418
5420
5420
5420
5420
5420
5420
5422
5422
5422
5422
5422
5422
5424
5424
5424
5424
5426
5426
5426
5428
5430
5432
5432
5432
5432
5434
5434
5434
5434
5434
5434
5434
5436
5436
5436
5436
5438
5438
5438
5438
5438
5438
5440
5440
5440
5440
5442
5444
5444
5444
5444
5444
5446
5446
5446
5448
5448
5448
5448
5450
5450
5450
5452
5452
5452
5454
5454
5456
5456
5458
5458
5458
5460
5460
5460
5460
5462
5464
5464
5464
5466
5466
5466
5468
5468
5470
5470
5470
5470
5474
5476
5476
5478
5478
5478
5478
5478
5480
5480
5480
5482
5484
5484
5486
5486
5486
5488
5490
5490
5492
5492
5492
5494
5494
5496
5496
5498
5500
5500
5500
5500
5502
5504
5504
5504
5504
5506
5506
5506
5508
5508
5508
5508
5512
5512
5512
5512
5512
5512
5512
5512
5514
5514
5516
5516
5516
5518
5520
5520
5520
5522
5522
5524
5524
5526
5528
5528
5530
5530
5530
5532
5532
5534
5534
5536
5536
5538
5538
5538
5540
5540
5540
5540
5542
5544
5544
5544
5546
5546
5548
5548
5550
5550
5552
5552
5554
5554
5556
5558
5558
5560
5562
5562
5562
5562
5566
5566
5566
5568
5570
5570
5570
5572
5574
5578
5580
5582
5582
5582
5584
5586
5588
5588
5590
5590
5590
5592
5596
5598
5600
5600
5602
5602
5602
5602
5602
5604
5604
5604
5604
5606
5606
5606
5606
5608
5608
5608
5610
5610
5610
5612
5612
5614
5620
5620
5624
5626
5628
5630
5630
5632
5632
5634
5638
5640
5642
5642
5646
5646
5648
5650
5650
5652
5656
5660
5660
5660
5662
5664
5666
5668
5668
5670
5674
5676
5678
5680
5682
5682
5684
5686
5686
5688
5688
5688
5688
5690
5692
5692
5696
5696
5698
5700
5700
5700
5700
5702
5702
5702
5704
5704
5706
5708
5710
5710
5712
5718
5720
5720
5728
5728
5728
5732
5732
5732
5732
5734
5734
5746
5748
5752
5756
5758
5762
5766
5774
5778
5780
5780
5780
5780
5782
5782
5784
5786
5786
5788
5792
5796
5798
5810
5814
5814
5818
5818
5824
5826
5828
5828
5828
5828
5828
5830
5832
5834
5834
5834
5836
5836
5840
5844
5844
5848
5850
5852
5852
5856
5858
5862
5864
5866
5866
5868
5870
5872
5872
5872
5874
5876
5878
5884
5884
5890
5894
5896
5900
5902
5902
5906
5908
5908
5908
5912
5914
5918
5920
5920
5922
5922
5924
5926
5926
5926
5928
5930
5934
5934
5936
5942
5944
5946
5948
5948
5948
5956
5958
5960
5962
5962
5968
5972
5978
5978
5980
5980
5980
5982
5982
5984
5984
5986
5990
5992
5994
5998
5998
6002
6002
6004
6008
6008
6010
6012
6014
6016
6018
6020
6028
6028
6032
6036
6036
6040
6042
6042
6042
6044
6044
6046
6048
6048
6048
6050
6054
6068
6068
6068
6072
6076
6078
6088
6088
6092
6092
6092
6094
6096
6100
6100
6104
6106
6110
6112
6114
6116
6118
6118
6120
6128
6132
6136
6136
6138
6138
6154
6158
6158
6160
6168
6172
6190
6192
6194
6202
6202
6206
6208
6208
6212
6214
6214
6222
6224
6232
6232
6236
6238
6240
6242
6254
6256
6258
6264
6290
6300
6310
6310
6316
6334
6340
6350
6354
6360
6364
6384
6406
6418
6422
6422
6434
6442
6442
6444
6452
6460
6462
6474
6488
6502
6504
6578
6654
6684
6772
6798
6878
6884
6924
6994
7024
7042
7072
7134
7246
7278
7314
7326
7328
7360
7446
7688
7702
7850
7978
8064
8152
8298
8360
8684
8816
8882
9588
9786
9836
9860
10052
10108
10166
10210
10244
10320
10516
11066
11086
11336
11420
11436
11902
11930
12116
12548
13052
13112
13258
13670
13824
14324
15168
15432
15720
16700
17046
17236
17400
17400
17562
17894
17972
18510
20032
20540
22032
22100
22370
22680
22732
22938
23046
23220
23626
23626
23634
23692
24900
25940
26368
28024
28294
29078
30150
31074
31118
31466
31730
32202
32856
34082
35650
35716
35716
35806
36112
36424
41238
