Latencies
4980
5020
5020
5024
5026
5028
5038
5042
5052
5062
5064
5070
5072
5076
5076
5086
5088
5090
5100
5116
5118
5118
5124
5124
5124
5128
5130
5130
5132
5132
5136
5142
5142
5142
5146
5146
5146
5148
5148
5150
5150
5152
5152
5154
5158
5158
5160
5162
5162
5164
5166
5166
5170
5170
5170
5172
5172
5174
5176
5176
5176
5182
5182
5182
5182
5182
5182
5184
5184
5184
5184
5184
5188
5190
5192
5192
5192
5194
5196
5196
5196
5196
5200
5200
5200
5202
5206
5206
5206
5206
5206
5206
5208
5210
5210
5210
5210
5212
5212
5214
5214
5214
5216
5216
5218
5218
5218
5218
5218
5218
5220
5222
5222
5222
5222
5224
5224
5224
5224
5226
5226
5226
5226
5226
5226
5226
5226
5226
5228
5228
5228
5228
5230
5230
5230
5230
5232
5232
5232
5232
5234
5234
5234
5234
5236
5238
5238
5238
5238
5240
5240
5242
5242
5242
5242
5244
5244
5244
5248
5248
5248
5248
5250
5250
5250
5250
5250
5250
5252
5254
5254
5254
5254
5254
5254
5256
5258
5258
5258
5258
5260
5260
5260
5262
5262
5262
5264
5264
5264
5264
5266
5266
5266
5266
5268
5268
5268
5268
5268
5268
5270
5270
5272
5272
5272
5272
5272
5272
5274
5274
5276
5276
5276
5276
5276
5276
5278
5278
5280
5280
5280
5280
5280
5280
5280
5282
5282
5282
5282
5282
5284
5284
5286
5286
5286
5286
5286
5288
5288
5288
5288
5290
5290
5290
5290
5290
5292
5292
5294
5294
5294
5296
5296
5296
5298
5298
5298
5298
5298
5298
5300
5300
5300
5300
5302
5302
5304
5306
5306
5306
5306
5306
5308
5308
5310
5310
5312
5312
5312
5312
5312
5314
5314
5316
5318
5318
5318
5318
5318
5318
5320
5320
5320
5320
5320
5320
5320
5320
5322
5324
5324
5324
5324
5324
5326
5326
5326
5328
5328
5328
5330
5330
5330
5332
5332
5332
5332
5334
5336
5338
5338
5338
5340
5342
5344
5344
5344
5344
5346
5346
5348
5348
5348
5348
5350
5350
5352
5352
5354
5358
5358
5358
5362
5364
5364
5366
5366
5368
5368
5368
5370
5372
5372
5372
5372
5372
5374
5374
5376
5376
5378
5380
5380
5380
5380
5380
5382
5384
5384
5386
5386
5386
5386
5386
5388
5388
5390
5390
5392
5392
5394
5396
5396
5398
5398
5398
5400
5400
5400
5400
5406
5406
5406
5408
5410
5410
5414
5414
5414
5414
5414
5416
5416
5416
5416
5416
5418
5418
5418
5420
5422
5422
5424
5424
5426
5426
5426
5426
5426
5426
5428
5428
5428
5428
5428
5430
5430
5430
5430
5430
5430
5432
5432
5432
5432
5432
5432
5434
5434
5434
5438
5438
5438
5444
5444
5444
5446
5450
5450
5450
5454
5456
5456
5460
5460
5462
5464
5466
5468
5470
5472
5472
5474
5476
5476
5476
5476
5478
5480
5482
5484
5484
5484
5484
5484
5486
5486
5488
5488
5490
5490
5492
5492
5492
5492
5492
5494
5494
5494
5496
5498
5498
5500
5500
5500
5500
5500
5500
5502
5504
5506
5508
5508
5510
5512
5512
5520
5520
5520
5524
5524
5524
5526
5526
5526
5530
5530
5532
5534
5534
5536
5538
5544
5544
5544
5546
5546
5546
5548
5548
5550
5550
5552
5552
5552
5552
5554
5554
5556
5560
5560
5560
5560
5560
5560
5562
5562
5562
5564
5564
5564
5566
5566
5570
5572
5572
5572
5572
5574
5576
5576
5576
5576
5582
5584
5584
5586
5588
5588
5588
5588
5588
5590
5596
5598
5600
5604
5604
5604
5606
5608
5608
5608
5610
5612
5612
5614
5616
5618
5620
5620
5622
5624
5626
5630
5632
5634
5634
5636
5638
5640
5642
5642
5644
5644
5646
5646
5646
5648
5648
5648
5650
5650
5650
5650
5652
5654
5654
5656
5656
5662
5666
5666
5672
5674
5678
5678
5682
5682
5684
5686
5686
5690
5690
5692
5694
5694
5696
5700
5702
5702
5702
5704
5708
5710
5712
5714
5714
5716
5720
5720
5722
5722
5724
5724
5724
5726
5730
5732
5734
5734
5736
5738
5738
5738
5742
5748
5748
5748
5750
5752
5752
5754
5756
5758
5758
5758
5762
5762
5762
5764
5764
5764
5768
5772
5776
5778
5780
5786
5786
5788
5800
5800
5800
5802
5806
5808
5812
5812
5812
5814
5814
5814
5814
5816
5820
5822
5822
5822
5824
5824
5826
5826
5830
5836
5838
5838
5838
5838
5840
5840
5844
5844
5846
5848
5850
5850
5850
5850
5856
5858
5862
5866
5870
5872
5874
5874
5876
5878
5878
5880
5880
5880
5882
5882
5888
5890
5890
5896
5896
5896
5896
5896
5900
5904
5904
5906
5906
5910
5912
5916
5916
5918
5918
5918
5920
5922
5922
5924
5926
5926
5928
5930
5930
5934
5934
5938
5938
5938
5940
5940
5940
5942
5942
5944
5948
5948
5948
5950
5954
5960
5962
5966
5966
5966
5968
5968
5980
5982
5986
5990
5990
6000
6006
6008
6008
6010
6012
6012
6012
6016
6018
6018
6028
6030
6048
6048
6050
6052
6058
6062
6064
6066
6068
6068
6072
6074
6078
6080
6082
6084
6084
6086
6088
6090
6090
6092
6092
6094
6094
6096
6096
6104
6116
6116
6116
6116
6120
6120
6124
6126
6128
6132
6136
6136
6140
6164
6164
6164
6166
6168
6170
6170
6172
6192
6192
6194
6198
6200
6206
6208
6212
6216
6216
6216
6216
6216
6222
6222
6226
6232
6232
6234
6258
6272
6272
6274
6304
6304
6312
6326
6342
6360
6364
6370
6372
6394
6396
6400
6404
6418
6428
6448
6468
6484
6492
6524
6576
6580
6590
6594
6598
6608
6624
6634
6662
6670
6688
6720
6750
6820
6906
6942
6976
6992
7030
7034
7068
7110
7122
7124
7126
7152
7170
7198
7324
7664
7674
7924
7936
8380
8406
8544
9034
9564
9884
10124
10146
10224
10370
10632
10908
11036
11224
11428
12756
13572
13932
14000
15156
15200
15220
15276
15612
15640
15748
16504
17202
18308
18400
18550
19072
20076
20126
20492
21006
22818
23160
23758
24084
25316
26356
27628
28628
28714
29034
31216
31546
31832
33008
35072
35680
35712
35760
36008
38722
50498
50540
52774
53210
