Latencies
5228
5242
5248
5250
5252
5272
5274
5282
5284
5292
5302
5310
5320
5320
5332
5334
5334
5336
5340
5340
5344
5346
5348
5348
5348
5352
5352
5354
5356
5358
5360
5362
5364
5368
5372
5372
5380
5380
5390
5390
5390
5394
5394
5394
5394
5396
5396
5396
5398
5400
5402
5404
5404
5406
5406
5406
5406
5406
5406
5410
5410
5410
5412
5412
5418
5418
5420
5420
5422
5424
5432
5434
5438
5440
5440
5440
5442
5442
5444
5444
5448
5448
5450
5458
5466
5468
5472
5476
5476
5480
5482
5482
5482
5482
5484
5486
5488
5490
5492
5494
5494
5498
5498
5500
5502
5504
5506
5510
5512
5512
5514
5518
5518
5522
5522
5524
5524
5526
5530
5534
5536
5538
5540
5540
5540
5542
5544
5548
5550
5550
5550
5554
5556
5556
5556
5560
5562
5562
5570
5572
5572
5576
5578
5578
5580
5580
5584
5584
5586
5588
5588
5590
5596
5606
5606
5608
5608
5610
5614
5616
5616
5618
5620
5622
5622
5626
5626
5626
5630
5634
5636
5638
5638
5644
5652
5652
5656
5656
5670
5672
5680
5682
5684
5686
5692
5702
5704
5706
5706
5710
5712
5714
5714
5722
5722
5722
5724
5726
5732
5734
5736
5736
5738
5738
5740
5740
5742
5748
5758
5768
5772
5772
5774
5776
5776
5778
5778
5780
5782
5782
5784
5788
5794
5796
5798
5804
5808
5810
5812
5816
5816
5820
5822
5824
5830
5832
5832
5832
5834
5840
5842
5844
5844
5846
5850
5850
5868
5874
5878
5882
5886
5886
5892
5892
5896
5898
5898
5910
5912
5916
5918
5934
5938
5938
5944
5946
5954
5962
5962
5966
5974
5988
5988
5990
5992
5998
6002
6010
6010
6012
6012
6014
6018
6022
6026
6038
6040
6042
6042
6048
6064
6066
6066
6074
6074
6076
6080
6086
6088
6092
6112
6112
6112
6114
6128
6128
6140
6160
6168
6170
6174
6180
6202
6208
6214
6216
6230
6244
6252
6262
6266
6276
6288
6288
6294
6306
6308
6316
6324
6324
6352
6360
6366
6408
6410
6412
6450
6556
6558
6560
6576
6634
6664
6722
6746
6758
6760
6782
6782
6808
6858
6880
6886
6902
6926
6952
6958
7018
7024
7088
7090
7206
7210
7218
7218
7246
7276
7332
7334
7392
7402
7444
7456
7460
7474
7526
7606
7668
7778
7834
7874
7918
7930
8022
8022
8080
8094
8148
8188
8212
8344
8408
8428
8442
8516
8516
8586
8642
8648
8690
8768
8822
8844
8900
8918
8974
9002
9048
9142
9240
9254
9298
9318
9342
9372
9436
9636
9666
9778
9820
9926
9938
9992
10070
10072
10268
10344
10408
10482
10546
10548
10582
10584
10594
10648
10658
10664
10670
10698
10738
10762
10804
10830
10844
10860
10918
10928
11024
11040
11098
11206
11290
11304
11344
11398
11446
11468
11516
11528
11638
11680
11710
11710
11728
11740
11900
11904
11934
11948
12134
12136
12166
12174
12196
12376
12412
12440
12442
12444
12704
12722
12754
12802
12886
12892
12950
12964
13104
13112
13132
13162
13164
13222
13260
13478
13672
13674
13684
13832
13848
13868
13884
13948
14000
14016
14098
14110
14152
14154
14214
14266
14284
14312
14318
14362
14378
14468
14500
14500
14548
14550
14570
14608
14658
14904
14938
14984
15070
15132
15146
15338
15362
15400
15528
15538
15602
15758
15772
15790
15820
15892
15918
15958
15972
16028
16088
16112
16124
16258
16294
16410
16440
16494
16552
16596
16626
16664
16704
16742
16792
16842
16868
16896
17342
17382
17420
17468
17538
17548
17570
17620
17650
17858
17938
18052
18064
18094
18228
18266
18496
18540
18562
18710
18748
18760
18782
18808
18848
19022
19118
19134
19140
19212
19308
19376
19392
19410
19428
19452
19532
19576
19608
19766
19856
19954
19984
20170
20298
20360
20434
20456
20568
20596
20646
20920
20926
21086
21164
21350
21372
21452
21456
21464
21464
21508
21516
21644
21676
21788
21812
21818
21822
22044
22176
22252
22272
22298
22302
22486
22650
22846
22950
22976
23084
23122
23170
23254
23274
23374
23380
23408
23478
23492
23570
23572
23620
23744
23816
23874
23908
23988
24030
24042
24084
24096
24102
24166
24198
24250
24358
24384
24412
24452
24496
24618
24682
24742
24754
24834
24858
24860
24970
25030
25200
25284
25450
25544
25550
25880
25984
26092
26154
26178
26452
26482
26834
27016
27078
27146
27508
27516
27546
27668
27692
27718
27738
27784
27798
28016
28034
28336
28370
28404
28792
28792
28864
28864
28984
29016
29698
29868
29910
30098
30256
30274
30346
30744
30926
31034
31314
31374
31386
31596
31638
31878
31906
31982
32076
32164
32190
32222
32314
32338
32568
32570
32666
32700
32992
33468
33588
33776
33780
33858
33938
34002
34022
34198
34204
34262
34268
34336
34352
34484
34570
34674
34782
35036
35456
35462
35638
35734
35920
35968
36288
36544
36574
36902
37048
37174
37316
37574
37626
37664
37940
38230
38328
38518
38524
38570
38864
39076
39394
39414
39416
39568
39626
39690
39786
39790
39820
39950
40228
40232
40304
40318
40444
40666
40716
40778
40876
41196
41538
41560
41764
41920
42020
42112
42170
42270
42524
42650
42942
42944
43348
43386
43476
43556
43628
43744
43798
43944
44150
44234
44292
44404
44428
44430
44594
44638
44722
44870
45190
45280
45686
46032
46034
46136
46184
46388
46614
46618
46744
46818
46990
47206
47344
47548
47624
47892
47952
47954
48514
49426
49606
49892
50250
50314
50770
51784
51868
51992
52036
52220
52906
52938
53014
53058
53608
53870
54114
54250
54382
54668
54686
54874
54966
55144
55862
55954
56488
56648
57032
57686
57838
57982
57996
59010
59176
59258
59328
59436
59828
60082
60348
60604
60802
61084
61434
61764
61908
61952
62088
62936
63758
63788
64182
64282
65348
66902
66960
67786
67850
68142
68280
70254
71328
72816
73176
73696
76706
95636
97604
