Latencies
5132
5144
5174
5196
5198
5200
5204
5204
5208
5210
5218
5224
5226
5228
5228
5230
5232
5238
5240
5246
5248
5248
5250
5250
5254
5254
5254
5256
5262
5262
5264
5266
5266
5268
5270
5272
5272
5274
5276
5282
5286
5288
5288
5290
5296
5296
5300
5300
5302
5302
5304
5306
5308
5310
5310
5314
5314
5314
5316
5316
5316
5318
5318
5318
5318
5320
5320
5320
5322
5322
5322
5322
5324
5326
5328
5330
5330
5330
5332
5332
5334
5334
5336
5336
5336
5338
5338
5340
5340
5340
5342
5342
5342
5342
5342
5342
5344
5344
5348
5348
5350
5350
5350
5352
5352
5352
5354
5356
5356
5356
5356
5356
5356
5356
5358
5358
5360
5360
5360
5362
5362
5364
5364
5364
5364
5366
5366
5368
5368
5368
5368
5370
5370
5370
5370
5370
5372
5372
5372
5372
5372
5374
5374
5374
5374
5376
5376
5376
5378
5378
5378
5378
5378
5378
5380
5380
5380
5382
5382
5384
5384
5384
5384
5384
5384
5386
5386
5386
5386
5386
5388
5390
5390
5390
5390
5390
5390
5390
5392
5392
5392
5392
5392
5392
5394
5394
5394
5394
5394
5394
5394
5394
5394
5396
5396
5396
5396
5398
5398
5398
5400
5400
5400
5400
5402
5404
5404
5406
5406
5406
5406
5406
5408
5408
5408
5408
5408
5408
5408
5410
5410
5410
5412
5412
5414
5414
5414
5414
5416
5416
5416
5418
5418
5418
5418
5418
5420
5420
5420
5420
5422
5422
5422
5422
5422
5422
5422
5422
5424
5424
5426
5426
5426
5426
5426
5426
5426
5426
5426
5428
5428
5430
5430
5430
5432
5432
5432
5432
5432
5432
5434
5434
5436
5436
5436
5436
5438
5442
5442
5442
5444
5446
5446
5448
5448
5448
5450
5450
5450
5450
5450
5450
5452
5452
5452
5454
5454
5454
5458
5458
5458
5460
5460
5460
5464
5464
5464
5464
5464
5464
5466
5466
5466
5466
5466
5466
5468
5468
5468
5468
5470
5472
5472
5474
5474
5474
5474
5476
5478
5480
5480
5482
5484
5484
5484
5484
5486
5486
5486
5486
5486
5488
5488
5488
5490
5490
5492
5492
5492
5492
5494
5494
5494
5494
5496
5496
5496
5496
5502
5502
5502
5504
5504
5506
5506
5506
5506
5508
5510
5510
5512
5512
5512
5512
5514
5514
5516
5516
5516
5518
5518
5518
5520
5520
5520
5520
5522
5522
5522
5524
5524
5524
5526
5526
5526
5528
5528
5528
5530
5530
5532
5534
5534
5534
5534
5536
5536
5538
5538
5538
5540
5540
5542
5542
5546
5546
5546
5548
5548
5548
5550
5550
5550
5550
5550
5552
5552
5552
5552
5554
5554
5554
5554
5556
5558
5558
5558
5558
5558
5558
5560
5562
5564
5564
5564
5564
5566
5566
5568
5568
5568
5570
5570
5572
5572
5572
5574
5574
5576
5578
5578
5580
5580
5580
5580
5580
5582
5582
5582
5584
5584
5584
5586
5586
5588
5590
5590
5592
5594
5596
5598
5598
5600
5600
5602
5602
5604
5606
5606
5606
5608
5608
5608
5608
5608
5608
5608
5610
5610
5612
5612
5612
5616
5616
5616
5616
5622
5622
5622
5624
5626
5626
5628
5630
5630
5630
5632
5632
5634
5634
5634
5636
5636
5638
5638
5642
5642
5642
5642
5642
5644
5644
5644
5646
5646
5648
5648
5650
5650
5650
5656
5656
5660
5660
5662
5662
5662
5664
5664
5664
5666
5666
5666
5668
5668
5670
5672
5672
5672
5674
5674
5674
5676
5680
5682
5682
5684
5686
5686
5688
5690
5694
5694
5694
5696
5696
5696
5698
5700
5700
5702
5704
5706
5706
5708
5710
5710
5712
5712
5712
5712
5714
5716
5718
5722
5724
5726
5728
5728
5728
5732
5736
5738
5742
5748
5748
5750
5754
5754
5756
5756
5760
5760
5760
5760
5762
5762
5764
5764
5766
5766
5766
5770
5770
5770
5772
5772
5774
5776
5776
5778
5778
5780
5784
5786
5786
5788
5788
5792
5796
5798
5798
5800
5800
5802
5806
5808
5808
5814
5814
5820
5820
5822
5824
5826
5826
5830
5830
5832
5836
5836
5836
5838
5840
5840
5842
5846
5846
5848
5850
5856
5858
5862
5864
5864
5866
5868
5868
5870
5872
5872
5878
5880
5886
5890
5890
5890
5894
5896
5898
5898
5900
5900
5902
5906
5908
5908
5912
5916
5918
5918
5920
5922
5922
5924
5930
5930
5932
5940
5940
5944
5944
5946
5950
5952
5952
5952
5954
5956
5958
5960
5962
5964
5964
5966
5966
5970
5970
5974
5976
5978
5980
5980
5980
5982
5984
5986
5986
5986
5986
5988
5992
5994
5994
5994
5994
5996
5998
5998
6000
6000
6002
6008
6008
6008
6008
6010
6010
6012
6012
6012
6014
6014
6016
6018
6018
6018
6020
6024
6030
6030
6036
6036
6038
6038
6040
6046
6046
6048
6050
6054
6056
6056
6056
6062
6064
6066
6070
6074
6074
6076
6078
6078
6080
6080
6080
6082
6084
6102
6104
6106
6106
6110
6112
6114
6114
6118
6118
6124
6124
6124
6124
6126
6128
6132
6138
6140
6140
6142
6146
6148
6150
6152
6156
6158
6160
6160
6160
6160
6160
6174
6178
6180
6180
6190
6194
6200
6208
6210
6210
6216
6222
6222
6230
6234
6234
6258
6262
6262
6266
6272
6272
6278
6286
6290
6298
6302
6308
6314
6316
6326
6338
6342
6348
6362
6364
6404
6416
6416
6418
6418
6422
6424
6466
6472
6498
6504
6514
6516
6528
6538
6550
6568
6616
6616
6664
6668
6694
6696
6710
6718
6744
6756
6766
6766
6810
6840
6866
6868
6896
6926
6972
7008
7094
7134
7198
7212
7232
7246
7664
7698
7718
7754
8172
8374
8770
8998
9074
9086
9430
9910
10068
10276
10638
10970
11006
11226
11476
11866
11898
12770
13108
13648
14318
15026
15488
15690
16224
16922
17254
17700
18058
18576
18648
19136
19370
19574
19622
20478
20592
21126
21546
22046
23152
23438
23654
24210
24836
25324
25650
25682
26908
27362
27562
27910
29312
29536
29656
29656
30138
31026
32000
32308
32834
34462
34520
34704
38224
38588
38588
40700
