Latencies
5266
5284
5302
5342
5360
5362
5364
5372
5384
5388
5396
5398
5400
5404
5404
5408
5412
5414
5414
5414
5420
5432
5434
5442
5442
5452
5460
5468
5474
5480
5484
5484
5486
5492
5494
5496
5498
5502
5510
5526
5526
5538
5544
5560
5570
5570
5578
5582
5584
5602
5606
5608
5614
5618
5624
5626
5628
5630
5634
5636
5640
5642
5644
5648
5664
5668
5674
5674
5676
5684
5688
5688
5690
5698
5698
5710
5710
5718
5726
5730
5740
5742
5742
5748
5760
5760
5762
5762
5768
5772
5774
5774
5782
5784
5786
5792
5794
5802
5808
5808
5814
5818
5820
5820
5820
5830
5832
5840
5850
5852
5858
5874
5878
5886
5888
5892
5892
5898
5902
5908
5910
5912
5914
5938
5962
5972
5984
5990
5992
6000
6002
6022
6022
6024
6028
6034
6034
6040
6046
6064
6064
6076
6078
6086
6086
6092
6114
6120
6122
6124
6166
6168
6170
6170
6206
6216
6222
6222
6222
6236
6244
6254
6258
6260
6262
6264
6284
6290
6314
6314
6336
6346
6352
6370
6370
6374
6412
6420
6428
6430
6438
6440
6442
6452
6454
6458
6460
6472
6474
6488
6488
6496
6500
6514
6528
6542
6556
6570
6616
6618
6620
6638
6640
6662
6676
6700
6710
6728
6738
6748
6776
6784
6786
6798
6806
6830
6836
6846
6850
6878
6898
6900
6914
6930
6938
6966
6976
6982
6988
6990
7002
7010
7016
7060
7122
7152
7160
7172
7176
7182
7212
7270
7280
7292
7322
7322
7336
7336
7358
7368
7428
7442
7490
7508
7508
7510
7516
7532
7574
7614
7618
7632
7640
7682
7684
7696
7700
7720
7732
7752
7788
7792
7794
7798
7814
7840
7848
7884
7922
7966
7968
7998
8000
8000
8004
8038
8056
8070
8078
8152
8160
8174
8174
8176
8194
8214
8222
8232
8246
8250
8258
8300
8328
8336
8340
8390
8448
8454
8500
8502
8510
8538
8548
8554
8608
8618
8626
8640
8654
8664
8692
8692
8696
8712
8712
8746
8750
8760
8766
8810
8824
8838
8846
8862
8862
8872
8874
8874
8888
8898
8912
8938
8944
8948
8950
8968
8968
8976
8986
8996
8996
9008
9008
9034
9040
9052
9064
9070
9072
9090
9104
9106
9124
9162
9180
9194
9196
9208
9212
9216
9224
9302
9304
9310
9314
9330
9340
9346
9378
9410
9412
9416
9424
9476
9528
9532
9558
9648
9648
9656
9666
9696
9700
9714
9726
9732
9778
9800
9800
9804
9806
9820
9820
9826
9838
9874
9902
9906
9906
9908
9908
9910
9924
9990
10000
10016
10028
10044
10056
10092
10106
10120
10128
10140
10144
10176
10198
10204
10216
10224
10228
10264
10286
10320
10326
10400
10400
10436
10448
10452
10452
10454
10458
10458
10508
10510
10512
10514
10516
10518
10538
10546
10590
10632
10648
10656
10678
10696
10726
10726
10744
10758
10762
10780
10794
10842
10842
10868
10876
10908
10910
10958
10964
10984
11008
11008
11012
11022
11026
11060
11150
11158
11178
11216
11246
11248
11272
11294
11304
11326
11340
11354
11358
11380
11396
11436
11496
11518
11532
11534
11576
11606
11688
11698
11724
11730
11770
11778
11788
11886
11892
11918
11942
11956
11982
12012
12016
12034
12042
12070
12112
12142
12158
12168
12178
12216
12242
12310
12312
12320
12334
12340
12396
12396
12412
12426
12432
12466
12482
12492
12514
12544
12554
12566
12598
12606
12606
12606
12610
12610
12624
12630
12636
12658
12666
12670
12746
12752
12764
12776
12806
12810
12914
12918
12932
13012
13036
13082
13098
13102
13108
13132
13144
13150
13186
13216
13242
13272
13294
13308
13314
13324
13326
13358
13376
13408
13426
13434
13434
13460
13480
13558
13562
13600
13608
13634
13648
13658
13662
13678
13716
13722
13772
13780
13788
13798
13906
13928
13938
13970
14010
14020
14048
14062
14092
14132
14158
14190
14218
14218
14222
14224
14238
14242
14246
14250
14252
14254
14276
14290
14296
14300
14306
14316
14320
14328
14354
14370
14372
14426
14436
14450
14476
14482
14488
14498
14526
14534
14538
14544
14554
14572
14574
14592
14602
14604
14606
14606
14616
14632
14654
14654
14668
14668
14670
14690
14732
14742
14748
14750
14752
14754
14758
14758
14778
14786
14794
14794
14802
14802
14812
14822
14828
14838
14842
14844
14850
14856
14866
14872
14884
14886
14890
14892
14900
14900
14912
14912
14922
14924
14926
14928
14932
14934
14934
14942
14942
14942
14944
14946
14960
14978
14978
14986
14988
14988
14994
14994
15002
15008
15014
15016
15022
15028
15032
15044
15048
15048
15056
15056
15058
15058
15066
15068
15072
15076
15076
15080
15080
15094
15094
15094
15106
15112
15112
15118
15126
15132
15142
15146
15152
15166
15170
15174
15186
15188
15192
15202
15202
15210
15216
15232
15234
15244
15252
15254
15260
15272
15286
15296
15298
15304
15308
15316
15316
15318
15322
15322
15324
15336
15340
15340
15344
15356
15360
15370
15388
15390
15396
15404
15404
15424
15436
15448
15468
15492
15492
15494
15496
15496
15512
15514
15516
15522
15552
15554
15570
15576
15582
15590
15592
15598
15602
15622
15638
15658
15664
15670
15670
15686
15688
15688
15692
15702
15716
15720
15732
15752
15756
15774
15804
15816
15824
15840
15882
15884
15898
15906
15934
15966
15968
15992
16020
16050
16056
16112
16130
16160
16172
16184
16226
16374
16390
16416
16436
16570
16618
16628
16810
16936
17170
17178
17464
17726
17930
18278
18382
18426
18474
18496
18556
18750
18774
18952
19138
19300
19336
20036
20138
20520
20638
21488
21560
21754
21882
23224
23542
23730
24004
24116
24288
24308
24550
24618
24652
24654
24792
24798
24876
24966
24972
25004
25256
25288
25390
25546
25564
27002
30260
30556
31500
34080
34740
35636
36362
47424
153970
1261130
1272096
1872752
