Latencies
5440
5442
5452
5490
5522
5546
5698
5744
5806
5818
5876
5886
5924
5956
6018
6040
6082
6096
6136
6146
6152
6154
6156
6180
6204
6224
6270
6292
6296
6308
6332
6354
6398
6422
6462
6490
6498
6516
6530
6600
6640
6686
6694
6710
6742
6850
6852
6904
6928
6932
7040
7066
7106
7124
7128
7154
7202
7208
7220
7246
7246
7270
7296
7366
7422
7428
7432
7440
7446
7564
7682
7692
7730
7736
7742
7816
7862
7934
7940
7986
8042
8054
8090
8102
8186
8212
8216
8238
8298
8322
8374
8402
8418
8422
8424
8442
8452
8488
8510
8546
8764
8766
8822
8846
8878
8898
8992
9010
9030
9138
9162
9170
9176
9238
9356
9366
9478
9522
9534
9534
9534
9556
9570
9616
9652
9678
9708
9708
9734
9782
9814
9822
9870
9890
9940
9984
9990
10016
10076
10216
10250
10274
10290
10298
10308
10434
10438
10458
10706
10736
10746
10824
10840
10888
10890
10896
10904
10912
10930
10936
10942
11020
11042
11046
11048
11054
11084
11156
11306
11384
11430
11488
11514
11520
11548
11566
11652
11674
11756
11770
11798
11864
11888
11908
11936
11946
11978
12036
12038
12054
12068
12204
12232
12246
12248
12270
12326
12350
12374
12490
12558
12576
12752
12758
12758
12798
12834
12902
12916
12918
12932
12996
13062
13210
13258
13332
13406
13462
13476
13490
13516
13558
13558
13596
13610
13694
13720
13724
13738
13768
13956
13988
14066
14116
14200
14206
14252
14262
14302
14310
14310
14344
14380
14398
14412
14414
14484
14488
14490
14492
14516
14562
14564
14570
14606
14616
14616
14618
14618
14650
14656
14666
14676
14678
14684
14684
14692
14694
14712
14712
14728
14730
14742
14750
14760
14766
14766
14776
14790
14794
14802
14804
14808
14816
14844
14846
14848
14852
14860
14866
14868
14868
14868
14868
14868
14872
14896
14896
14896
14898
14900
14900
14904
14916
14924
14936
14946
14948
14950
14950
14960
14966
14970
14972
14974
14988
14992
14996
15006
15008
15020
15022
15024
15038
15040
15050
15068
15074
15074
15082
15082
15082
15088
15096
15108
15120
15120
15136
15138
15138
15140
15144
15146
15166
15168
15172
15178
15180
15180
15180
15194
15198
15220
15226
15246
15250
15252
15256
15282
15284
15292
15296
15310
15318
15328
15330
15340
15356
15358
15360
15372
15374
15386
15396
15410
15422
15432
15434
15454
15460
15466
15480
15492
15510
15510
15514
15520
15528
15528
15536
15554
15560
15562
15570
15590
15598
15600
15604
15612
15614
15632
15632
15636
15668
15686
15688
15720
15730
15734
15844
15848
15860
15862
15866
15870
15874
15880
15892
15898
15904
15938
15938
15992
16000
16078
16094
16122
16138
16174
16176
16184
16208
16218
16236
16240
16246
16246
16264
16298
16348
16376
16378
16396
16398
16422
16442
16462
16496
16518
16600
16676
16682
16702
16710
16718
16726
16782
16890
16920
16984
17074
17088
17102
17120
17134
17236
17268
17306
17314
17368
17378
17404
17438
17456
17476
17486
17516
17578
17638
17674
17686
17692
17716
17752
17824
17826
17874
17888
17998
18128
18202
18248
18304
18310
18432
18448
18458
18512
18564
18658
18670
18710
18730
18730
18846
18858
18894
18916
18964
19004
19034
19060
19078
19092
19170
19172
19174
19198
19258
19352
19364
19368
19382
19384
19480
19494
19554
19566
19570
19592
19706
19768
19832
19906
19946
19956
20004
20012
20074
20074
20084
20120
20326
20336
20354
20370
20382
20452
20502
20522
20526
20646
20660
20762
20766
20786
20852
20856
20890
20916
20950
21198
21214
21242
21254
21344
21402
21402
21404
21458
21482
21584
21638
21652
21652
21686
21706
21724
21736
21766
21766
21806
21978
21982
22050
22108
22190
22224
22430
22442
22468
22520
22730
22758
22834
22912
22914
22920
22932
23070
23082
23180
23264
23418
23422
23452
23458
23496
23554
23612
23634
23688
23724
23776
23780
23788
23792
23852
23958
24004
24032
24062
24070
24140
24166
24184
24204
24208
24228
24250
24270
24276
24280
24298
24326
24354
24364
24370
24378
24380
24384
24386
24386
24408
24408
24416
24416
24490
24492
24494
24498
24504
24514
24538
24548
24594
24616
24618
24632
24636
24692
24700
24704
24708
24712
24746
24748
24758
24762
24774
24780
24792
24798
24806
24812
24816
24822
24832
24842
24854
24856
24872
24882
24884
24886
24890
24896
24916
24924
24930
24936
24944
24962
24966
24994
24998
25008
25010
25036
25044
25068
25084
25098
25108
25114
25116
25124
25144
25146
25166
25174
25180
25204
25204
25212
25218
25228
25230
25254
25270
25274
25282
25308
25320
25342
25352
25360
25430
25448
25464
25466
25472
25480
25482
25492
25492
25506
25506
25522
25522
25542
25560
25716
25794
25794
25952
25970
25986
26014
26024
26028
26040
26060
26100
26164
26188
26236
26272
26362
26402
26590
26594
26594
26632
26670
26718
26774
26806
26818
26840
27156
27648
27758
27960
28026
28032
28092
28330
28342
28478
28942
29132
29148
29258
29416
29528
29554
29594
29772
29880
30260
30426
30452
30562
30614
30616
30648
30700
30716
30720
30850
31186
31272
31362
31574
31602
31776
31816
31832
32114
32388
32390
32586
32586
32832
32924
33176
33192
33648
33732
33732
33764
33798
33798
33874
33894
33926
33944
33954
33956
33976
33986
33994
34020
34060
34070
34080
34088
34114
34114
34122
34144
34156
34174
34182
34204
34214
34226
34244
34288
34326
34330
34358
34378
34414
34426
34432
34436
34442
34460
34494
34520
34520
34524
34530
34536
34536
34556
34568
34570
34588
34594
34600
34612
34612
34616
34616
34618
34640
34652
34660
34674
34676
34682
34692
34694
34694
34702
34706
34714
34714
34718
34736
34758
34776
34788
34824
34886
34890
34908
34920
34956
34992
35050
35050
35080
35090
35096
35114
35126
35210
35216
35250
35312
35388
35398
35442
35456
35480
35486
35606
35608
35610
35836
35840
35906
36016
36050
36172
36188
36492
36538
37302
37742
37984
38274
39036
39812
41766
42232
42464
42636
42790
43074
43146
43314
43402
43550
44142
45084
45514
58946
79224
93406
97378
105612
107462
117044
237790
457660
599938
1249606
1971312
