Latencies
5000
5006
5008
5014
5022
5024
5024
5030
5030
5034
5034
5034
5038
5038
5040
5040
5040
5040
5042
5042
5044
5046
5048
5048
5048
5052
5052
5054
5056
5064
5068
5068
5070
5070
5070
5072
5074
5076
5076
5078
5078
5078
5080
5082
5084
5086
5086
5090
5090
5090
5092
5092
5094
5094
5096
5096
5096
5098
5098
5098
5102
5102
5102
5102
5104
5106
5108
5108
5108
5110
5110
5110
5112
5112
5112
5114
5114
5114
5118
5120
5120
5120
5120
5120
5122
5124
5124
5126
5126
5126
5126
5128
5128
5128
5130
5130
5130
5130
5132
5134
5134
5134
5134
5136
5136
5136
5136
5138
5138
5140
5140
5140
5142
5142
5142
5142
5144
5144
5144
5146
5146
5146
5148
5148
5150
5150
5150
5150
5152
5152
5152
5152
5154
5154
5154
5156
5156
5158
5162
5162
5164
5164
5164
5164
5166
5166
5166
5168
5170
5172
5172
5172
5172
5176
5176
5176
5176
5178
5178
5178
5180
5180
5180
5182
5182
5182
5182
5184
5184
5184
5186
5186
5188
5188
5188
5188
5188
5190
5190
5192
5192
5192
5194
5194
5194
5194
5194
5196
5196
5198
5198
5198
5200
5202
5202
5204
5204
5206
5208
5208
5210
5210
5210
5210
5210
5210
5212
5212
5212
5214
5214
5214
5214
5214
5216
5216
5216
5218
5218
5220
5220
5220
5220
5222
5222
5222
5222
5222
5222
5222
5224
5224
5226
5228
5228
5230
5230
5230
5232
5232
5232
5232
5232
5234
5234
5234
5236
5236
5238
5238
5240
5240
5240
5240
5242
5242
5242
5242
5244
5244
5244
5244
5244
5248
5248
5248
5248
5250
5250
5252
5252
5254
5254
5254
5254
5256
5256
5258
5260
5260
5260
5260
5262
5262
5262
5264
5264
5264
5264
5264
5264
5264
5266
5266
5266
5266
5266
5266
5266
5266
5268
5268
5268
5268
5268
5268
5270
5270
5272
5272
5272
5272
5272
5272
5272
5272
5274
5274
5274
5276
5278
5278
5278
5278
5280
5280
5280
5280
5280
5282
5282
5282
5282
5282
5284
5286
5286
5286
5286
5288
5288
5288
5288
5290
5292
5292
5292
5292
5292
5292
5292
5294
5294
5294
5294
5296
5296
5296
5296
5298
5298
5298
5298
5300
5300
5302
5302
5304
5304
5304
5306
5306
5306
5308
5308
5308
5308
5310
5310
5310
5312
5312
5314
5314
5314
5314
5316
5318
5320
5320
5320
5322
5322
5322
5326
5326
5326
5328
5328
5328
5328
5330
5330
5332
5332
5332
5334
5334
5336
5336
5336
5338
5338
5338
5340
5340
5340
5344
5344
5344
5344
5344
5346
5350
5350
5350
5352
5354
5354
5358
5358
5358
5358
5358
5360
5360
5362
5362
5362
5362
5364
5366
5368
5368
5368
5368
5372
5380
5380
5380
5380
5380
5380
5382
5382
5382
5382
5382
5384
5384
5384
5384
5386
5388
5390
5392
5392
5392
5394
5394
5396
5396
5398
5398
5400
5400
5402
5402
5404
5406
5406
5406
5406
5408
5408
5408
5408
5410
5410
5410
5412
5412
5414
5414
5414
5416
5416
5416
5416
5418
5418
5420
5422
5422
5422
5428
5430
5430
5432
5432
5432
5438
5438
5438
5440
5440
5440
5440
5442
5444
5446
5448
5450
5450
5450
5452
5454
5454
5456
5458
5458
5458
5460
5464
5464
5464
5466
5466
5466
5468
5472
5472
5474
5480
5480
5482
5484
5484
5486
5488
5488
5490
5492
5492
5496
5496
5496
5498
5498
5500
5500
5502
5506
5508
5508
5512
5514
5514
5516
5518
5520
5520
5520
5522
5522
5522
5522
5524
5526
5526
5528
5528
5528
5530
5532
5534
5534
5534
5536
5536
5538
5540
5540
5542
5544
5544
5546
5548
5548
5548
5548
5548
5550
5550
5550
5550
5552
5556
5556
5558
5558
5558
5560
5560
5560
5562
5566
5568
5578
5578
5580
5580
5582
5586
5590
5590
5592
5592
5596
5600
5600
5604
5606
5608
5610
5610
5610
5614
5616
5618
5620
5620
5624
5626
5628
5630
5632
5632
5632
5632
5634
5634
5636
5636
5638
5638
5638
5640
5640
5644
5646
5650
5654
5654
5654
5656
5656
5656
5658
5660
5662
5664
5668
5668
5670
5672
5674
5676
5684
5684
5688
5694
5694
5698
5702
5704
5704
5708
5710
5712
5712
5714
5714
5716
5716
5716
5718
5724
5724
5732
5736
5736
5738
5740
5742
5742
5744
5744
5748
5750
5752
5756
5758
5762
5768
5770
5774
5782
5788
5790
5794
5794
5796
5796
5798
5802
5806
5810
5810
5810
5812
5814
5826
5828
5830
5832
5834
5834
5840
5840
5848
5848
5850
5852
5852
5854
5856
5858
5860
5862
5862
5866
5866
5870
5872
5878
5880
5898
5898
5904
5904
5906
5916
5922
5922
5930
5936
5938
5940
5940
5950
5954
5966
5966
5970
5970
5970
5984
5986
5990
5994
5994
5998
6002
6006
6012
6020
6026
6030
6032
6036
6050
6066
6076
6088
6092
6092
6094
6096
6098
6098
6108
6112
6116
6124
6130
6136
6142
6144
6144
6156
6158
6160
6172
6178
6192
6202
6206
6212
6216
6220
6228
6234
6240
6240
6244
6252
6260
6262
6278
6288
6302
6302
6314
6320
6322
6324
6326
6330
6340
6350
6350
6376
6380
6384
6390
6404
6406
6442
6470
6490
6496
6518
6532
6558
6574
6582
6590
6634
6634
6648
6672
6674
6726
6734
6736
6788
6800
6830
6882
6892
6900
6922
6958
6988
7112
7124
7148
7150
7158
7198
7204
7298
7328
7348
7366
7396
7404
7440
7444
7524
7532
7584
7636
7644
7702
7728
7736
7882
7910
8038
8074
8234
8496
8604
8748
8752
8784
8862
8918
9078
9096
9198
9280
9306
9374
9434
9436
9782
10640
10786
11444
11610
12626
12668
12938
13220
13340
13968
14082
14302
14464
14496
14618
14796
15010
15010
15586
15662
15848
16382
16674
16734
17242
17336
17474
17664
17712
18004
18050
18834
19210
19674
19866
20680
21436
21558
21560
21862
21982
22686
22840
23030
23064
23678
24316
24472
24578
24656
25076
25604
25996
26094
28520
28866
29114
30062
30172
30316
31080
33398
33720
35608
35650
36136
36322
37314
39000
39934
44200
44720
62426
