Latencies
5114
5116
5118
5120
5120
5128
5128
5128
5132
5136
5138
5142
5144
5144
5144
5148
5152
5156
5158
5158
5158
5158
5158
5158
5158
5158
5162
5162
5164
5164
5164
5166
5166
5168
5168
5168
5168
5168
5170
5170
5172
5172
5172
5172
5174
5174
5174
5174
5174
5174
5174
5176
5176
5176
5176
5178
5178
5178
5180
5180
5180
5180
5182
5182
5184
5184
5184
5186
5186
5188
5188
5188
5188
5188
5188
5188
5188
5190
5190
5190
5190
5192
5192
5192
5192
5192
5192
5192
5194
5194
5194
5196
5196
5196
5196
5198
5198
5198
5202
5202
5202
5202
5202
5202
5202
5202
5202
5204
5204
5204
5204
5206
5206
5206
5208
5208
5208
5208
5210
5210
5210
5214
5214
5214
5214
5214
5214
5216
5216
5216
5216
5218
5218
5218
5218
5218
5220
5220
5222
5222
5222
5222
5222
5222
5222
5224
5224
5224
5224
5226
5226
5226
5228
5228
5232
5234
5234
5234
5234
5236
5236
5236
5236
5236
5238
5240
5242
5242
5242
5242
5244
5244
5244
5244
5246
5246
5246
5248
5248
5248
5248
5248
5250
5250
5250
5250
5252
5252
5252
5252
5252
5252
5254
5256
5256
5256
5258
5258
5258
5258
5258
5258
5260
5260
5262
5264
5264
5264
5266
5266
5266
5266
5266
5266
5266
5266
5266
5268
5268
5268
5268
5268
5268
5270
5270
5270
5272
5272
5272
5274
5274
5274
5276
5276
5276
5276
5276
5278
5278
5278
5278
5280
5280
5280
5282
5282
5282
5282
5284
5284
5284
5286
5286
5288
5288
5290
5292
5292
5292
5294
5294
5294
5296
5296
5296
5296
5296
5296
5298
5298
5302
5302
5302
5304
5304
5304
5304
5306
5306
5306
5308
5308
5308
5308
5308
5310
5310
5310
5310
5310
5312
5312
5312
5312
5312
5314
5314
5316
5316
5316
5316
5316
5316
5316
5318
5318
5318
5318
5318
5318
5318
5320
5320
5320
5322
5322
5322
5322
5324
5326
5326
5326
5328
5328
5328
5330
5330
5330
5330
5330
5330
5330
5334
5334
5334
5334
5334
5334
5334
5336
5336
5336
5336
5338
5338
5340
5340
5342
5342
5342
5342
5342
5342
5344
5344
5344
5344
5344
5344
5346
5346
5346
5346
5346
5346
5346
5348
5350
5350
5352
5352
5352
5352
5352
5354
5354
5356
5356
5356
5358
5358
5358
5358
5358
5360
5360
5360
5362
5362
5362
5362
5362
5362
5362
5364
5364
5364
5364
5366
5366
5366
5366
5366
5368
5370
5370
5370
5372
5372
5374
5374
5374
5376
5376
5376
5376
5376
5376
5376
5378
5378
5378
5378
5378
5380
5380
5382
5382
5382
5382
5382
5382
5382
5384
5384
5384
5384
5384
5386
5386
5386
5388
5388
5390
5392
5392
5392
5392
5394
5394
5394
5396
5396
5396
5396
5396
5398
5398
5398
5398
5400
5402
5402
5402
5402
5402
5402
5404
5404
5404
5404
5404
5404
5404
5406
5406
5408
5408
5410
5410
5410
5410
5410
5412
5414
5414
5414
5416
5416
5416
5416
5416
5418
5418
5418
5422
5424
5426
5428
5430
5430
5430
5432
5432
5434
5434
5434
5436
5436
5442
5442
5444
5446
5448
5448
5448
5450
5454
5456
5458
5458
5458
5458
5460
5460
5460
5464
5466
5466
5466
5468
5468
5468
5474
5474
5474
5476
5476
5476
5476
5480
5480
5482
5484
5484
5494
5496
5496
5498
5498
5498
5498
5502
5502
5504
5506
5512
5512
5512
5512
5516
5516
5518
5518
5522
5524
5524
5526
5528
5528
5530
5532
5534
5534
5534
5536
5536
5544
5544
5544
5546
5552
5552
5552
5554
5556
5558
5560
5564
5566
5568
5568
5570
5570
5572
5572
5574
5574
5574
5576
5576
5576
5578
5578
5580
5586
5586
5586
5586
5588
5590
5594
5596
5596
5598
5598
5600
5600
5604
5606
5606
5606
5610
5610
5610
5610
5612
5614
5614
5616
5618
5620
5620
5620
5620
5622
5624
5624
5626
5630
5634
5634
5636
5642
5644
5650
5654
5656
5658
5658
5660
5660
5664
5666
5666
5666
5670
5670
5674
5676
5676
5678
5682
5684
5684
5684
5684
5684
5696
5696
5696
5696
5698
5698
5700
5702
5702
5702
5704
5704
5706
5708
5708
5710
5714
5714
5716
5716
5716
5718
5720
5722
5724
5726
5726
5728
5732
5732
5736
5742
5746
5748
5750
5754
5754
5754
5762
5764
5766
5766
5774
5778
5778
5782
5784
5784
5790
5798
5798
5798
5800
5800
5802
5802
5810
5812
5814
5814
5816
5822
5822
5822
5826
5834
5840
5840
5840
5848
5848
5852
5852
5854
5858
5860
5860
5876
5876
5876
5878
5878
5878
5880
5892
5892
5894
5896
5898
5898
5902
5902
5904
5906
5906
5910
5910
5910
5918
5920
5920
5926
5926
5938
5938
5940
5940
5946
5950
5952
5954
5956
5962
5964
5964
5964
5966
5966
5968
5972
5972
5974
5974
5976
5976
5976
5980
5984
5984
5988
5992
5994
5996
5998
6010
6012
6014
6014
6024
6026
6026
6030
6034
6042
6046
6050
6054
6056
6064
6070
6076
6086
6096
6098
6102
6108
6112
6124
6128
6130
6136
6138
6154
6158
6162
6170
6176
6182
6194
6208
6210
6212
6220
6234
6238
6258
6278
6278
6280
6296
6302
6312
6320
6334
6338
6374
6376
6380
6384
6396
6402
6410
6424
6480
6492
6498
6514
6544
6550
6554
6578
6632
6698
6704
6718
6724
6746
6808
6910
6944
7022
7042
7130
7144
7520
7546
7858
8056
8288
8328
8396
8402
8458
8532
8686
8728
9132
9526
9564
9660
9692
9748
9770
9814
9870
10184
10320
10512
10750
10776
10814
10854
10860
10882
11036
11232
11262
11322
11448
11526
12260
12356
12572
12606
12692
12712
12724
13002
13680
13726
13784
14028
14200
14280
14322
14530
14712
14760
15002
15084
15262
15268
15284
15560
15606
15654
15716
15758
17344
17530
17646
17964
18310
18418
18698
18722
19226
19588
19836
20060
20586
20748
20942
21058
21306
21794
22602
23242
23860
24648
25878
25886
26122
28520
28772
29114
29268
29924
30958
31662
31784
32456
32866
32970
33070
33688
34378
34772
34856
34976
35000
36210
36572
37460
38464
38678
46056
53066
64984
