Latencies
4990
4994
5008
5016
5018
5026
5026
5028
5028
5028
5032
5032
5032
5034
5038
5040
5042
5042
5046
5046
5048
5048
5050
5050
5050
5050
5050
5052
5052
5052
5056
5056
5056
5058
5058
5060
5060
5062
5062
5064
5064
5066
5066
5068
5070
5070
5070
5070
5070
5072
5074
5074
5076
5078
5078
5080
5080
5080
5084
5084
5086
5086
5088
5088
5088
5090
5090
5090
5092
5094
5094
5096
5096
5096
5098
5098
5098
5098
5098
5100
5100
5102
5104
5108
5108
5110
5110
5110
5112
5112
5114
5116
5116
5116
5116
5116
5120
5120
5120
5120
5122
5122
5122
5122
5122
5124
5126
5126
5126
5126
5126
5128
5128
5128
5128
5130
5130
5130
5132
5132
5134
5134
5136
5136
5138
5138
5138
5140
5140
5142
5144
5144
5146
5146
5146
5148
5148
5148
5148
5148
5150
5150
5152
5152
5152
5154
5154
5156
5156
5162
5164
5166
5166
5168
5168
5168
5168
5168
5170
5172
5172
5172
5172
5174
5174
5174
5174
5174
5174
5176
5178
5178
5178
5178
5178
5178
5180
5180
5180
5182
5182
5182
5182
5182
5182
5182
5184
5184
5184
5184
5184
5184
5184
5184
5186
5186
5186
5186
5186
5186
5188
5188
5188
5188
5188
5190
5190
5190
5190
5190
5190
5192
5192
5192
5192
5194
5194
5194
5194
5194
5196
5196
5196
5196
5198
5198
5198
5198
5200
5200
5200
5200
5202
5202
5202
5202
5202
5204
5204
5204
5204
5206
5206
5206
5206
5206
5208
5208
5208
5208
5208
5210
5210
5210
5212
5212
5212
5212
5212
5212
5212
5214
5214
5214
5214
5216
5216
5218
5220
5220
5220
5220
5222
5222
5222
5222
5222
5224
5224
5224
5224
5224
5226
5226
5226
5226
5226
5228
5228
5228
5228
5228
5230
5230
5232
5232
5232
5234
5234
5234
5234
5234
5236
5236
5236
5236
5238
5238
5238
5238
5240
5240
5240
5240
5240
5242
5242
5242
5244
5244
5244
5244
5244
5246
5246
5246
5246
5248
5248
5248
5250
5250
5250
5250
5252
5252
5252
5252
5254
5256
5256
5258
5258
5258
5258
5258
5260
5260
5260
5260
5262
5262
5262
5262
5264
5264
5264
5266
5266
5268
5268
5268
5268
5268
5268
5268
5270
5270
5270
5270
5270
5272
5272
5274
5274
5274
5274
5276
5280
5280
5280
5280
5282
5282
5282
5284
5284
5284
5288
5288
5288
5288
5288
5290
5290
5290
5292
5292
5294
5294
5294
5294
5296
5296
5296
5296
5298
5298
5300
5300
5302
5302
5302
5302
5304
5304
5304
5306
5306
5306
5306
5308
5308
5308
5312
5314
5316
5318
5318
5320
5320
5320
5320
5322
5324
5326
5326
5328
5328
5332
5334
5334
5334
5336
5336
5338
5338
5338
5340
5340
5342
5342
5346
5346
5348
5348
5350
5350
5352
5352
5354
5354
5354
5354
5360
5360
5360
5360
5360
5362
5362
5362
5362
5366
5368
5368
5370
5372
5372
5372
5378
5378
5380
5388
5388
5388
5390
5390
5394
5396
5396
5400
5404
5404
5406
5406
5406
5408
5408
5408
5416
5418
5420
5420
5422
5422
5424
5424
5426
5430
5430
5430
5430
5434
5436
5436
5438
5442
5442
5444
5444
5444
5446
5446
5448
5448
5450
5452
5454
5454
5456
5458
5460
5466
5472
5476
5476
5478
5478
5480
5482
5482
5482
5484
5486
5488
5488
5494
5494
5496
5498
5498
5500
5502
5504
5504
5506
5508
5508
5508
5510
5512
5512
5512
5514
5514
5520
5520
5520
5522
5524
5528
5528
5532
5532
5532
5534
5536
5538
5542
5546
5546
5552
5556
5558
5560
5562
5564
5564
5566
5568
5568
5574
5580
5584
5586
5586
5588
5592
5594
5594
5596
5598
5598
5600
5604
5608
5612
5616
5616
5616
5620
5620
5622
5622
5628
5628
5636
5640
5642
5642
5646
5648
5650
5650
5658
5660
5660
5662
5664
5668
5670
5670
5672
5672
5674
5674
5674
5674
5674
5674
5676
5676
5676
5678
5682
5688
5694
5694
5696
5696
5700
5700
5708
5710
5714
5714
5714
5718
5720
5720
5720
5722
5724
5730
5734
5736
5742
5742
5754
5756
5758
5760
5762
5776
5776
5778
5784
5786
5788
5790
5792
5794
5800
5800
5802
5804
5806
5806
5808
5808
5812
5816
5818
5820
5820
5824
5828
5830
5832
5836
5844
5846
5852
5852
5854
5854
5854
5856
5856
5856
5858
5866
5866
5868
5872
5874
5882
5884
5886
5890
5894
5894
5896
5896
5900
5904
5906
5906
5908
5908
5916
5916
5926
5928
5938
5946
5956
5960
5960
5962
5964
5966
5970
5970
5976
5990
5990
5994
5996
5996
5998
6002
6006
6006
6008
6014
6016
6030
6030
6032
6034
6034
6040
6046
6050
6056
6064
6064
6068
6072
6074
6088
6088
6092
6096
6098
6100
6102
6102
6104
6114
6118
6134
6144
6148
6148
6166
6194
6212
6212
6212
6216
6218
6220
6226
6272
6274
6284
6316
6374
6420
6426
6430
6432
6442
6458
6464
6472
6486
6534
6540
6568
6576
6646
6688
6730
6788
6790
6852
6906
6930
7528
7596
8514
8574
8640
8756
9246
9550
9758
9774
9826
9854
9874
9976
10252
10430
10826
11118
11254
11308
11808
11826
12144
12242
12454
12506
12644
12726
13018
13118
13698
13846
14600
14772
15178
15380
15476
15650
15826
16054
16406
16528
16558
16824
17086
17262
17372
17528
17560
17596
17738
17816
19322
19892
20336
20644
21154
21170
21460
22092
22268
22434
22968
23036
23520
24472
24488
25048
25142
25164
25294
25508
25700
25974
26236
26876
27152
27744
27762
28258
28710
29186
29374
29376
30244
30334
31414
31614
32344
32588
32830
33002
33862
34860
37710
54942
82008
