Latencies
5296
5326
5338
5394
5402
5402
5404
5416
5420
5436
5442
5444
5458
5468
5470
5472
5476
5486
5486
5504
5532
5534
5534
5538
5540
5544
5552
5556
5566
5586
5594
5596
5614
5618
5626
5628
5640
5648
5652
5666
5666
5672
5676
5678
5682
5690
5700
5700
5714
5716
5718
5732
5734
5744
5746
5752
5766
5770
5784
5786
5790
5804
5828
5848
5850
5854
5858
5872
5886
5892
5900
5918
5926
5942
5944
5944
5962
5972
5978
5980
5986
5986
5988
5994
6000
6002
6016
6016
6034
6038
6040
6052
6054
6060
6060
6064
6066
6066
6066
6070
6074
6086
6088
6090
6106
6110
6116
6122
6140
6152
6160
6170
6180
6194
6220
6238
6248
6248
6256
6266
6268
6272
6288
6302
6308
6318
6344
6374
6378
6388
6406
6418
6432
6442
6442
6464
6478
6480
6482
6492
6514
6522
6534
6558
6604
6606
6614
6644
6650
6660
6662
6670
6672
6674
6676
6680
6692
6692
6696
6700
6700
6700
6700
6706
6718
6726
6744
6756
6814
6816
6894
6908
6926
6972
6998
7002
7026
7032
7036
7092
7120
7142
7150
7150
7160
7162
7164
7178
7178
7194
7208
7208
7218
7284
7300
7308
7320
7320
7326
7346
7346
7360
7370
7384
7384
7408
7420
7428
7456
7472
7476
7480
7534
7550
7560
7562
7584
7602
7614
7616
7620
7632
7636
7658
7660
7660
7680
7682
7688
7708
7712
7750
7760
7780
7780
7804
7806
7834
7852
7862
7864
7870
7884
7896
7908
7988
8016
8056
8060
8078
8092
8096
8114
8158
8170
8180
8186
8188
8194
8200
8210
8222
8232
8236
8246
8252
8256
8266
8266
8304
8318
8322
8328
8330
8332
8334
8382
8388
8398
8400
8400
8402
8424
8428
8436
8444
8460
8460
8480
8506
8524
8524
8558
8558
8564
8566
8616
8632
8638
8654
8672
8688
8704
8708
8716
8716
8718
8750
8752
8762
8776
8782
8796
8798
8800
8826
8826
8828
8836
8890
8900
8934
8940
8944
8962
8988
9006
9036
9074
9100
9100
9106
9126
9148
9156
9188
9190
9194
9196
9212
9254
9254
9272
9280
9286
9294
9304
9356
9356
9358
9372
9376
9442
9500
9552
9560
9580
9594
9594
9598
9610
9626
9658
9670
9698
9708
9714
9724
9730
9772
9794
9798
9800
9806
9816
9824
9850
9884
9896
9910
9936
9982
9986
9992
10000
10022
10026
10036
10040
10042
10050
10052
10060
10086
10090
10090
10094
10112
10122
10124
10128
10162
10186
10190
10220
10244
10264
10270
10290
10296
10302
10302
10326
10360
10372
10380
10414
10416
10416
10446
10466
10488
10508
10526
10538
10550
10558
10586
10586
10600
10642
10644
10648
10660
10680
10690
10692
10704
10712
10722
10738
10738
10744
10762
10796
10826
10832
10846
10862
10866
10894
10914
10922
10922
10930
10936
10942
10954
10972
10972
10986
11006
11008
11040
11048
11060
11064
11064
11066
11070
11084
11148
11172
11218
11234
11248
11254
11282
11286
11290
11308
11320
11380
11390
11402
11426
11458
11458
11478
11480
11532
11560
11588
11592
11598
11604
11606
11622
11630
11632
11642
11646
11662
11704
11710
11748
11768
11806
11826
11830
11846
11846
11870
11878
11892
11898
11942
11946
11954
11966
11976
12006
12058
12060
12074
12078
12094
12116
12124
12134
12138
12138
12140
12140
12142
12156
12156
12156
12168
12178
12180
12200
12232
12242
12268
12280
12304
12356
12360
12370
12380
12382
12384
12398
12454
12472
12492
12500
12524
12536
12554
12560
12564
12570
12582
12586
12634
12706
12710
12710
12718
12720
12748
12792
12798
12816
12824
12838
12850
12876
12878
12880
12898
12920
12928
12960
12978
12982
13012
13082
13088
13092
13096
13102
13158
13184
13202
13220
13222
13230
13242
13282
13314
13316
13318
13336
13346
13348
13352
13368
13386
13416
13416
13422
13424
13424
13424
13426
13446
13446
13470
13510
13516
13530
13534
13562
13596
13644
13656
13666
13670
13670
13710
13718
13732
13732
13734
13752
13782
13816
13816
13824
13838
13870
13872
13874
13892
13908
13910
13924
13926
13934
13946
13962
13970
13976
13978
13982
13992
14006
14008
14014
14066
14126
14134
14146
14154
14154
14160
14162
14186
14194
14204
14226
14232
14246
14256
14262
14268
14272
14302
14318
14328
14346
14358
14390
14416
14420
14424
14428
14446
14446
14448
14450
14454
14458
14466
14476
14480
14484
14484
14488
14490
14526
14528
14530
14532
14536
14538
14548
14568
14568
14568
14584
14592
14594
14604
14606
14608
14634
14644
14650
14652
14662
14668
14676
14680
14682
14684
14686
14688
14688
14702
14704
14716
14716
14722
14724
14724
14742
14748
14756
14758
14766
14768
14768
14770
14774
14782
14788
14790
14802
14810
14818
14820
14830
14830
14834
14834
14834
14836
14840
14842
14842
14842
14848
14852
14852
14854
14860
14860
14862
14864
14880
14880
14884
14890
14894
14898
14906
14908
14908
14912
14916
14918
14918
14928
14930
14932
14938
14940
14940
14940
14942
14942
14948
14958
14966
14970
14978
14978
14982
14990
14994
14998
15004
15006
15006
15012
15020
15022
15026
15034
15038
15038
15042
15050
15050
15052
15058
15064
15066
15068
15070
15074
15082
15082
15084
15084
15086
15094
15106
15112
15116
15120
15120
15136
15144
15150
15150
15170
15182
15190
15190
15202
15202
15216
15220
15226
15228
15238
15240
15244
15250
15258
15260
15260
15270
15274
15284
15288
15292
15296
15296
15302
15308
15312
15322
15342
15350
15360
15362
15362
15378
15378
15398
15400
15408
15412
15412
15418
15422
15436
15438
15440
15450
15470
15480
15484
15486
15496
15502
15502
15508
15520
15522
15526
15542
15544
15586
15594
15610
15624
15640
15678
15690
15758
15766
15786
15796
15862
15876
15922
15978
16078
16082
16088
16236
16590
16590
17126
17252
17292
17856
18332
18668
22324
22482
22896
23984
24182
24198
24224
24334
24336
24396
24484
24586
24594
24598
24640
24840
25292
25782
25882
25938
25982
27090
28568
29604
29808
30998
33936
34168
34418
34698
34832
37242
42202
45426
48050
59308
107386
1569894
8605622
