Latencies
5644
5644
5816
5834
5842
5910
5940
5944
5946
5982
6034
6180
6208
6246
6366
6452
6502
6538
6558
6616
6824
6832
6902
6998
7050
7060
7260
7310
7310
7316
7364
7408
7486
7532
7854
8008
8046
8060
8064
8100
8144
8148
8166
8182
8208
8266
8442
8528
8536
8586
8724
8868
8902
9070
9078
9088
9264
9344
9542
9556
9634
9642
9794
9804
9836
9908
9946
10220
10228
10358
10368
10370
10566
10602
10848
10908
11008
11124
11184
11206
11252
11308
11326
11338
11372
11472
11752
11754
11796
11858
11872
11914
11918
12004
12078
12286
12352
12382
12478
12496
12504
12514
12548
12602
12608
12670
12704
12730
12830
12892
12934
12990
12990
13064
13152
13178
13224
13394
13450
13452
13464
13638
13654
14052
14148
14148
14226
14268
14378
14408
14514
14540
14590
14592
14596
14720
14742
14744
14784
14806
14810
14818
14890
14914
14926
15000
15018
15022
15046
15058
15078
15080
15094
15124
15160
15164
15210
15240
15308
15316
15398
15432
15502
15514
15558
15572
15616
15642
15666
15702
15772
15824
15826
15864
15870
15992
16022
16042
16100
16122
16128
16214
16256
16290
16334
16348
16496
16508
16534
16580
16664
16676
16750
16840
16846
16958
17016
17054
17108
17122
17158
17158
17178
17182
17236
17268
17312
17348
17414
17494
17576
17586
17604
17622
17678
17692
17712
17736
17774
17904
18022
18066
18094
18160
18188
18230
18250
18292
18354
18432
18600
18622
18644
18656
18742
18756
18772
18776
18780
18828
18884
18888
18922
19000
19094
19208
19332
19348
19382
19400
19414
19466
19470
19496
19528
19596
19644
19646
19710
19816
19900
19914
19934
19954
19990
20132
20136
20158
20166
20206
20208
20236
20294
20294
20432
20446
20566
20606
20606
20628
20716
20770
20772
20820
20824
20870
20886
20952
20988
21084
21086
21156
21238
21256
21322
21322
21358
21386
21396
21404
21430
21436
21446
21530
21602
21644
21694
21870
21890
21892
21944
21950
21982
22038
22068
22070
22074
22134
22136
22190
22240
22246
22304
22354
22410
22484
22494
22534
22560
22572
22670
22672
22726
22808
22934
22962
22978
22992
23058
23080
23132
23160
23162
23218
23346
23374
23386
23396
23434
23480
23508
23550
23604
23652
23654
23666
23680
23728
23752
23756
23800
23826
23908
23920
24026
24070
24136
24176
24196
24200
24234
24262
24300
24304
24310
24322
24346
24382
24384
24394
24396
24432
24436
24442
24474
24522
24570
24574
24690
24742
24742
24786
24790
24832
24850
24910
24970
24988
25028
25030
25034
25050
25056
25068
25072
25078
25102
25152
25154
25158
25178
25228
25238
25244
25246
25254
25280
25282
25316
25398
25422
25456
25480
25556
25576
25584
25614
25650
25654
25688
25722
25762
25774
25788
25792
25842
25896
25936
25986
26114
26136
26178
26194
26266
26322
26324
26332
26336
26470
26530
26586
26670
26674
26858
27030
27066
27094
27156
27226
27240
27278
27344
27354
27466
27602
27628
27638
27656
27692
27758
27788
27870
27914
28028
28094
28124
28298
28386
28408
28490
28516
28660
28706
28848
28868
28900
29022
29026
29056
29058
29130
29264
29284
29310
29390
29548
29798
29834
29904
29968
29982
29990
30016
30040
30066
30198
30390
30396
30428
30440
30716
30736
30800
30930
30990
31100
31146
31150
31188
31216
31350
31374
31418
31516
31528
31578
31604
31620
31752
31754
31766
31782
31842
31908
31924
31980
31994
32086
32120
32146
32154
32198
32236
32286
32310
32334
32404
32548
32604
32626
32680
32684
32762
32780
32786
32806
32816
32822
33066
33146
33172
33246
33272
33316
33368
33374
33412
33442
33446
33460
33506
33550
33554
33558
33560
33588
33614
33652
33702
33706
33706
33748
33750
33788
33790
33820
33846
33852
33876
33944
33950
34008
34014
34024
34082
34084
34110
34112
34112
34114
34122
34146
34146
34146
34158
34160
34162
34172
34194
34202
34282
34284
34326
34328
34334
34368
34370
34374
34408
34462
34476
34476
34488
34512
34514
34550
34556
34556
34566
34592
34608
34614
34616
34618
34624
34634
34646
34652
34660
34668
34676
34686
34690
34698
34708
34712
34716
34744
34760
34766
34798
34804
34810
34816
34882
34884
34886
34896
34902
34908
34920
34968
34986
35012
35030
35044
35090
35120
35124
35148
35156
35166
35200
35206
35226
35230
35254
35300
35336
35350
35400
35404
35412
35422
35476
35608
35666
35686
35786
35906
35912
35972
36030
36208
36484
36778
36780
36800
36806
36828
36866
36906
36954
37318
37398
37416
37520
37550
37606
37786
38148
38240
38246
38256
38324
38410
38640
38696
38824
38888
39008
39326
39350
39436
39654
39704
39782
39904
39912
40030
40082
40082
40092
40268
40336
40498
40530
40614
40686
40976
41108
41266
41376
41586
41636
41702
41720
41732
41800
41814
41882
41932
42130
42142
42314
42488
42634
42700
42720
42782
42786
42892
42898
42988
43050
43056
43068
43078
43080
43174
43206
43264
43314
43318
43452
43524
43542
43552
43560
43742
43754
43792
43826
43872
44000
44098
44144
44168
44194
44232
44252
44314
44336
44366
44402
44508
44558
44582
44596
44636
44666
44770
44802
44810
45076
45226
45298
45510
45524
45558
45592
45604
45664
45776
45782
45794
45928
46040
46228
46230
46272
46324
46354
46466
46732
46980
47172
47174
47322
47600
47600
47864
47896
47922
48016
48144
48310
48378
48644
48758
48796
48878
48900
49006
49030
49106
49114
49116
49214
49224
49304
49460
49676
49768
49840
49868
49980
50054
50068
50214
50284
50322
50454
50690
50690
50816
51044
51044
51288
51300
51364
51382
51462
51554
51576
51722
51820
51840
51844
52160
52168
52446
52458
52546
52654
52692
52800
52802
52858
52860
52876
52964
52982
53012
53014
53166
53256
53322
53332
53338
53420
53454
53466
53472
53508
53514
53552
53558
53592
53594
53662
53670
53680
53724
53756
53790
53834
53868
53888
53962
53994
53994
54036
54082
54090
54102
54114
54166
54258
54266
54302
54462
54486
54536
54614
54636
54720
54840
54840
54906
54962
54992
55076
55082
55300
55354
55604
55660
55660
56026
56096
56282
56686
56820
57170
57882
57930
58298
58524
58636
58686
59416
59490
59570
59946
60038
60072
60510
61068
61906
61988
62842
64334
64566
65206
65452
65482
66028
66360
67470
67800
68610
68636
68968
69724
71440
75338
79718
82132
86796
93684
109628
111944
116118
124794
241232
279684
290376
723030
10469368
