Latencies
5000
5022
5022
5040
5044
5044
5048
5050
5050
5054
5056
5056
5056
5062
5062
5064
5070
5074
5078
5080
5084
5086
5090
5090
5092
5094
5098
5102
5102
5108
5108
5114
5116
5132
5132
5134
5138
5144
5144
5150
5152
5154
5156
5158
5158
5158
5160
5164
5164
5166
5166
5166
5166
5170
5170
5172
5172
5174
5174
5176
5176
5178
5178
5178
5178
5180
5180
5180
5182
5184
5186
5186
5188
5190
5190
5190
5190
5192
5192
5192
5194
5194
5194
5194
5198
5200
5200
5200
5200
5204
5206
5206
5208
5208
5208
5208
5210
5210
5210
5210
5210
5210
5212
5214
5216
5216
5216
5216
5216
5216
5218
5218
5218
5220
5222
5222
5222
5224
5224
5226
5226
5226
5228
5230
5230
5230
5230
5232
5232
5232
5232
5232
5232
5232
5232
5234
5234
5236
5236
5236
5238
5240
5240
5240
5240
5240
5240
5240
5240
5242
5242
5242
5244
5244
5246
5246
5246
5246
5246
5248
5248
5248
5248
5248
5248
5250
5250
5250
5250
5252
5252
5252
5252
5252
5254
5254
5254
5254
5254
5254
5254
5254
5256
5256
5256
5256
5258
5258
5260
5260
5260
5260
5262
5262
5262
5262
5264
5264
5264
5264
5264
5264
5266
5266
5268
5268
5268
5268
5268
5268
5270
5270
5270
5270
5272
5272
5272
5274
5274
5274
5274
5274
5274
5276
5276
5276
5276
5276
5276
5278
5278
5278
5278
5278
5280
5280
5280
5282
5282
5282
5284
5284
5286
5288
5288
5288
5288
5288
5290
5290
5290
5292
5292
5292
5292
5294
5294
5294
5296
5298
5298
5298
5298
5300
5300
5300
5302
5302
5302
5302
5304
5304
5306
5306
5306
5306
5306
5308
5308
5308
5308
5308
5308
5310
5310
5310
5312
5312
5314
5314
5316
5318
5318
5318
5320
5320
5322
5322
5324
5324
5324
5324
5326
5326
5326
5326
5330
5330
5332
5332
5332
5332
5334
5334
5336
5336
5336
5336
5338
5338
5340
5340
5342
5342
5342
5342
5344
5344
5346
5348
5348
5348
5350
5350
5352
5352
5352
5354
5354
5354
5354
5354
5354
5358
5358
5360
5362
5362
5362
5364
5364
5366
5366
5366
5368
5368
5370
5370
5372
5372
5374
5376
5376
5376
5378
5378
5380
5382
5382
5382
5382
5382
5382
5384
5386
5386
5390
5390
5390
5392
5394
5394
5394
5396
5396
5398
5398
5398
5398
5398
5398
5402
5404
5404
5404
5404
5404
5404
5406
5406
5406
5408
5408
5410
5410
5412
5412
5412
5412
5412
5414
5416
5416
5418
5418
5418
5420
5420
5420
5422
5422
5424
5424
5426
5428
5432
5432
5434
5434
5436
5438
5442
5442
5442
5444
5444
5446
5446
5448
5450
5456
5456
5456
5456
5458
5458
5458
5460
5460
5460
5460
5464
5464
5466
5466
5466
5470
5470
5474
5478
5480
5480
5480
5480
5486
5486
5486
5488
5488
5490
5490
5490
5490
5492
5492
5492
5494
5494
5496
5496
5498
5498
5498
5498
5500
5500
5502
5502
5504
5506
5506
5506
5508
5508
5510
5510
5510
5512
5512
5512
5512
5514
5514
5518
5518
5518
5520
5522
5522
5524
5524
5526
5526
5526
5528
5528
5530
5530
5532
5532
5532
5532
5534
5534
5534
5536
5538
5540
5540
5540
5540
5542
5542
5542
5544
5544
5544
5548
5550
5554
5554
5556
5560
5560
5562
5564
5564
5566
5568
5574
5574
5574
5576
5578
5578
5580
5582
5584
5586
5586
5592
5594
5594
5598
5598
5600
5602
5604
5604
5604
5606
5606
5606
5606
5608
5616
5616
5616
5618
5620
5620
5622
5628
5628
5630
5630
5630
5630
5634
5636
5636
5640
5642
5642
5644
5646
5648
5650
5652
5656
5656
5658
5658
5658
5660
5662
5664
5666
5670
5672
5672
5674
5676
5676
5676
5678
5680
5680
5682
5686
5688
5690
5690
5692
5696
5700
5700
5702
5702
5704
5706
5706
5708
5708
5710
5712
5716
5718
5720
5720
5726
5730
5734
5736
5738
5740
5740
5740
5740
5746
5746
5746
5746
5748
5750
5750
5752
5754
5754
5756
5760
5762
5764
5764
5764
5766
5768
5770
5774
5776
5778
5780
5782
5782
5782
5782
5784
5784
5784
5784
5784
5784
5788
5788
5794
5794
5796
5796
5800
5800
5802
5802
5804
5804
5804
5808
5810
5818
5822
5822
5828
5828
5828
5836
5836
5840
5842
5842
5844
5844
5846
5848
5848
5850
5850
5854
5856
5858
5858
5860
5866
5866
5866
5866
5868
5868
5872
5882
5882
5884
5886
5888
5892
5894
5894
5902
5902
5906
5906
5906
5906
5906
5908
5908
5914
5916
5918
5918
5918
5920
5924
5926
5930
5936
5936
5942
5946
5950
5952
5954
5954
5956
5970
5974
5976
5986
5988
5990
5990
5994
6000
6000
6002
6002
6006
6008
6016
6016
6016
6022
6022
6022
6024
6024
6026
6026
6028
6028
6030
6038
6038
6040
6042
6044
6050
6050
6056
6056
6058
6060
6062
6068
6068
6070
6076
6078
6086
6092
6092
6094
6110
6116
6116
6116
6118
6126
6128
6132
6140
6142
6150
6150
6152
6158
6170
6174
6176
6186
6198
6202
6206
6208
6218
6228
6250
6258
6286
6306
6314
6318
6330
6334
6360
6374
6380
6390
6394
6404
6406
6430
6438
6448
6462
6464
6466
6474
6486
6490
6500
6502
6512
6542
6548
6548
6588
6598
6618
6620
6642
6656
6676
6704
6740
6788
6832
6866
7056
7082
7580
7636
7734
7844
8102
8176
8190
8372
8374
9002
9164
9200
9300
9538
9628
9634
9684
10588
10974
11106
11340
11420
11430
11806
11810
11936
12276
12428
12540
12784
13094
13330
13524
13676
13920
14032
14218
14638
14780
14960
14960
15030
15190
15260
15414
15760
15776
15936
16370
16380
16584
16658
16846
17020
17352
17752
18284
18730
18750
18856
18982
19150
19358
19368
19500
19890
20258
20478
20668
22020
22836
23054
23432
24810
25816
26358
26616
26884
28936
29280
32240
32986
33286
33992
33992
34574
34848
35450
35754
35774
37560
38346
49592
51808
52398
366258
