Latencies
5102
5108
5112
5126
5130
5130
5136
5140
5140
5146
5148
5148
5150
5154
5158
5158
5160
5166
5166
5172
5172
5172
5172
5172
5176
5176
5180
5180
5182
5182
5182
5182
5184
5184
5184
5186
5190
5190
5192
5192
5194
5194
5194
5196
5198
5198
5198
5200
5200
5200
5200
5202
5202
5202
5202
5206
5206
5206
5208
5208
5208
5210
5212
5212
5212
5214
5214
5216
5216
5216
5216
5218
5218
5218
5218
5220
5220
5220
5220
5220
5220
5222
5222
5222
5222
5224
5224
5224
5224
5226
5226
5228
5228
5228
5228
5230
5230
5230
5230
5230
5230
5230
5230
5230
5232
5232
5232
5232
5234
5234
5234
5236
5236
5236
5236
5238
5238
5240
5240
5240
5240
5240
5240
5242
5244
5244
5244
5244
5246
5246
5246
5248
5248
5248
5248
5248
5248
5250
5250
5250
5250
5250
5252
5252
5252
5252
5252
5252
5254
5254
5254
5254
5254
5254
5254
5254
5254
5254
5256
5258
5258
5258
5258
5258
5258
5260
5260
5262
5262
5264
5264
5266
5266
5266
5266
5268
5268
5268
5270
5270
5270
5270
5270
5272
5274
5274
5274
5274
5274
5274
5276
5276
5276
5276
5278
5278
5278
5280
5280
5280
5280
5280
5280
5280
5280
5280
5280
5282
5282
5282
5282
5284
5284
5286
5286
5286
5288
5288
5290
5290
5290
5292
5292
5292
5292
5292
5294
5294
5294
5296
5296
5296
5296
5298
5298
5300
5300
5300
5302
5302
5302
5302
5302
5304
5304
5306
5306
5306
5306
5308
5308
5308
5308
5308
5310
5310
5312
5314
5314
5316
5316
5318
5318
5318
5318
5320
5322
5322
5324
5324
5324
5326
5328
5328
5328
5330
5330
5332
5332
5332
5334
5334
5334
5336
5336
5336
5336
5338
5338
5338
5340
5340
5340
5342
5342
5342
5342
5342
5344
5348
5350
5350
5352
5356
5356
5358
5358
5358
5358
5358
5360
5360
5362
5364
5364
5364
5366
5366
5368
5370
5370
5370
5370
5370
5372
5372
5376
5376
5378
5378
5380
5380
5380
5380
5380
5380
5382
5382
5382
5384
5386
5388
5388
5388
5390
5390
5390
5390
5392
5392
5394
5394
5394
5396
5396
5396
5396
5398
5398
5398
5400
5400
5402
5402
5402
5404
5406
5408
5408
5408
5410
5412
5412
5412
5414
5416
5416
5416
5416
5418
5418
5418
5420
5420
5420
5422
5422
5422
5424
5424
5424
5426
5428
5430
5430
5432
5434
5434
5434
5436
5436
5438
5438
5438
5438
5438
5438
5438
5442
5442
5442
5442
5442
5444
5444
5446
5448
5448
5448
5452
5452
5454
5456
5456
5458
5458
5458
5458
5458
5462
5462
5466
5466
5466
5468
5470
5472
5474
5474
5474
5474
5476
5476
5478
5478
5480
5482
5484
5484
5486
5486
5488
5488
5490
5490
5490
5492
5492
5494
5494
5496
5498
5498
5500
5500
5500
5504
5508
5514
5514
5516
5518
5518
5518
5518
5522
5524
5524
5526
5528
5528
5530
5530
5530
5532
5532
5534
5534
5534
5536
5536
5536
5536
5538
5540
5542
5542
5542
5544
5544
5544
5546
5550
5552
5554
5558
5560
5560
5560
5562
5562
5564
5568
5570
5572
5572
5574
5574
5576
5576
5578
5580
5580
5580
5582
5584
5584
5584
5586
5592
5594
5594
5596
5596
5598
5600
5602
5602
5606
5606
5608
5608
5610
5610
5612
5614
5616
5616
5618
5620
5620
5620
5622
5626
5626
5630
5632
5632
5634
5636
5636
5638
5640
5640
5640
5644
5648
5650
5650
5650
5650
5650
5652
5654
5654
5656
5656
5658
5658
5664
5664
5668
5670
5670
5670
5672
5672
5674
5678
5678
5684
5690
5690
5692
5692
5692
5692
5694
5694
5694
5694
5700
5700
5700
5700
5702
5706
5706
5708
5708
5710
5710
5710
5710
5710
5714
5716
5720
5722
5722
5724
5724
5726
5726
5728
5728
5730
5730
5730
5732
5734
5734
5736
5738
5740
5740
5742
5742
5742
5744
5746
5748
5748
5750
5750
5750
5752
5754
5754
5756
5756
5760
5760
5760
5764
5764
5764
5766
5766
5768
5768
5770
5770
5770
5774
5774
5776
5776
5778
5780
5782
5784
5784
5784
5784
5784
5784
5786
5790
5794
5794
5796
5796
5796
5798
5798
5798
5800
5804
5804
5804
5808
5810
5810
5812
5814
5816
5818
5818
5818
5820
5820
5820
5824
5824
5826
5826
5826
5828
5830
5830
5834
5834
5840
5840
5850
5850
5850
5852
5854
5854
5856
5862
5862
5862
5864
5864
5864
5866
5866
5870
5872
5874
5874
5876
5882
5884
5886
5890
5892
5892
5898
5898
5898
5900
5904
5904
5906
5908
5910
5912
5914
5914
5916
5918
5924
5924
5924
5926
5926
5928
5934
5938
5942
5944
5946
5948
5950
5950
5952
5956
5960
5964
5964
5970
5970
5972
5974
5978
5978
5984
5984
5986
5986
5986
5990
5990
5990
5992
5992
5994
5994
5996
5998
5998
6000
6000
6006
6008
6008
6010
6010
6010
6010
6012
6012
6014
6014
6018
6018
6018
6018
6022
6024
6024
6026
6026
6028
6028
6034
6044
6044
6048
6050
6050
6056
6060
6066
6066
6066
6066
6070
6070
6072
6072
6074
6074
6078
6080
6084
6084
6084
6088
6094
6096
6100
6100
6100
6102
6112
6114
6118
6118
6122
6124
6128
6132
6134
6150
6152
6156
6170
6176
6180
6182
6192
6194
6200
6212
6214
6214
6278
6286
6290
6292
6294
6308
6310
6316
6322
6332
6336
6340
6346
6346
6352
6366
6368
6370
6374
6384
6398
6424
6426
6426
6442
6466
6466
6468
6474
6480
6494
6498
6500
6504
6504
6508
6518
6544
6554
6570
6584
6592
6608
6612
6624
6632
6670
6712
6714
6730
6732
6768
6774
6776
6848
6890
7070
7082
7232
7260
7298
7382
7502
7506
7578
7660
7692
7716
7892
8222
8956
9028
9030
9032
9168
9828
10222
10540
10570
10862
10888
11042
11352
11762
12176
12676
13050
13152
13388
13492
13542
14872
14920
15026
15086
15154
15388
15638
17222
17518
17716
18906
20042
20620
20652
21230
21344
22140
22664
23902
25040
25330
25330
25854
28050
28680
28820
29068
31020
31676
34452
34604
34742
36900
37064
42228
43966
97378
10113346
