Latencies
5152
5174
5176
5178
5178
5180
5184
5184
5190
5192
5194
5200
5204
5208
5208
5212
5218
5220
5224
5224
5224
5230
5232
5234
5236
5236
5238
5240
5240
5240
5246
5246
5246
5248
5250
5250
5252
5252
5260
5262
5262
5262
5262
5268
5268
5268
5270
5270
5272
5274
5274
5276
5276
5278
5280
5280
5282
5282
5282
5284
5284
5288
5290
5290
5292
5294
5298
5298
5298
5298
5298
5302
5302
5302
5302
5304
5304
5304
5304
5306
5308
5308
5308
5314
5314
5314
5314
5314
5316
5318
5318
5318
5320
5320
5320
5322
5322
5324
5324
5324
5324
5326
5326
5328
5328
5330
5330
5330
5330
5330
5332
5332
5334
5334
5334
5336
5336
5336
5336
5338
5338
5338
5340
5340
5340
5342
5342
5342
5342
5344
5344
5346
5346
5346
5348
5348
5348
5348
5348
5348
5348
5348
5350
5350
5350
5350
5352
5352
5352
5354
5354
5354
5354
5354
5356
5356
5356
5356
5356
5358
5358
5358
5360
5360
5360
5360
5362
5362
5362
5362
5362
5362
5364
5364
5364
5364
5364
5364
5364
5366
5366
5366
5368
5368
5368
5368
5368
5368
5368
5370
5370
5372
5372
5372
5372
5372
5372
5372
5374
5374
5374
5374
5374
5376
5376
5376
5376
5376
5378
5378
5378
5378
5378
5378
5378
5380
5380
5380
5380
5382
5382
5382
5382
5382
5382
5382
5384
5384
5384
5386
5386
5386
5386
5386
5388
5388
5388
5388
5390
5390
5390
5392
5392
5392
5392
5392
5392
5394
5394
5396
5396
5398
5398
5398
5400
5400
5400
5400
5400
5400
5400
5402
5404
5404
5404
5404
5404
5404
5404
5404
5406
5406
5406
5406
5408
5408
5408
5408
5408
5412
5412
5412
5412
5414
5414
5414
5416
5416
5416
5416
5418
5418
5418
5418
5418
5418
5420
5422
5422
5422
5422
5424
5424
5424
5424
5424
5426
5426
5426
5426
5428
5430
5430
5430
5432
5432
5432
5432
5432
5436
5438
5438
5440
5440
5440
5440
5440
5442
5442
5444
5446
5448
5448
5448
5450
5450
5450
5450
5450
5450
5452
5454
5454
5454
5454
5456
5456
5458
5460
5460
5462
5466
5466
5466
5466
5466
5466
5468
5468
5468
5470
5470
5472
5474
5474
5474
5474
5474
5476
5476
5478
5478
5478
5480
5480
5482
5482
5484
5484
5484
5484
5484
5486
5486
5486
5490
5490
5490
5490
5492
5492
5492
5492
5494
5494
5496
5498
5498
5498
5498
5500
5502
5506
5506
5506
5508
5508
5508
5510
5512
5514
5514
5514
5514
5516
5516
5516
5516
5516
5518
5518
5518
5518
5520
5520
5522
5524
5524
5524
5524
5524
5524
5526
5528
5530
5534
5534
5534
5534
5538
5538
5540
5540
5540
5542
5542
5542
5544
5546
5548
5548
5548
5548
5550
5550
5550
5550
5552
5552
5554
5554
5556
5556
5556
5560
5560
5560
5560
5564
5564
5568
5570
5572
5572
5574
5576
5576
5576
5578
5578
5580
5580
5582
5582
5584
5584
5584
5584
5586
5586
5588
5588
5588
5588
5592
5592
5594
5594
5594
5594
5594
5596
5598
5598
5600
5600
5600
5604
5604
5604
5608
5608
5612
5614
5614
5616
5616
5618
5620
5622
5624
5624
5626
5626
5626
5626
5626
5632
5632
5632
5634
5634
5634
5638
5640
5642
5644
5646
5648
5648
5648
5648
5648
5648
5650
5652
5652
5652
5654
5656
5656
5656
5658
5658
5658
5664
5664
5666
5668
5670
5676
5676
5678
5678
5682
5684
5684
5684
5684
5686
5686
5686
5688
5688
5690
5690
5690
5690
5690
5692
5692
5694
5694
5694
5694
5694
5696
5696
5698
5700
5700
5704
5704
5708
5708
5712
5712
5714
5714
5716
5716
5718
5718
5724
5724
5724
5726
5728
5730
5730
5732
5736
5738
5742
5742
5750
5750
5750
5750
5754
5754
5756
5758
5762
5764
5764
5764
5766
5768
5770
5774
5780
5784
5786
5790
5792
5798
5798
5800
5802
5806
5808
5808
5808
5810
5810
5810
5812
5814
5818
5818
5818
5820
5822
5824
5824
5834
5834
5834
5838
5840
5842
5844
5848
5848
5848
5848
5850
5850
5852
5856
5860
5860
5862
5864
5864
5870
5870
5878
5878
5880
5882
5884
5888
5892
5892
5894
5896
5896
5900
5906
5906
5908
5910
5914
5918
5920
5922
5922
5922
5932
5940
5940
5944
5946
5946
5946
5950
5950
5950
5952
5962
5962
5962
5964
5968
5968
5970
5970
5972
5972
5976
5986
5990
5990
6000
6000
6002
6006
6016
6022
6026
6028
6032
6034
6034
6036
6038
6040
6040
6046
6050
6050
6054
6058
6062
6066
6070
6084
6090
6096
6102
6102
6118
6122
6136
6136
6142
6146
6148
6148
6150
6150
6156
6158
6158
6158
6160
6160
6164
6170
6184
6190
6194
6198
6198
6204
6208
6208
6210
6212
6218
6220
6224
6224
6230
6232
6242
6260
6260
6268
6276
6278
6292
6296
6302
6306
6316
6316
6320
6322
6336
6346
6356
6374
6390
6394
6402
6402
6404
6416
6434
6458
6472
6514
6514
6526
6550
6584
6586
6610
6632
6650
6654
6660
6664
6670
6686
6700
6700
6702
6716
6754
6768
6820
6832
6838
6904
6978
6982
7058
7082
7174
7348
7366
7378
7398
7450
7488
7498
7516
7604
7620
7688
7942
8120
8158
8176
8198
8306
8392
8496
8506
8606
8808
8916
9172
9620
9630
9794
9928
9998
10138
10380
10428
11522
11692
11896
12260
13484
13632
13892
13998
14038
14086
14680
14960
14974
14986
15014
15030
15078
15186
15338
15660
16190
16232
17160
17452
17732
18202
19034
22178
22832
23286
23654
23802
23926
23958
26062
30806
32146
32892
33192
33468
35524
43352
46808
96424
