Latencies
5012
5012
5020
5022
5024
5026
5034
5036
5036
5040
5042
5044
5044
5046
5046
5048
5050
5054
5056
5058
5058
5058
5060
5060
5060
5062
5068
5068
5070
5072
5074
5076
5076
5076
5076
5078
5078
5080
5080
5082
5082
5082
5084
5084
5086
5086
5088
5090
5090
5092
5092
5094
5096
5096
5096
5096
5100
5100
5102
5102
5104
5104
5104
5108
5108
5108
5108
5110
5110
5112
5112
5112
5114
5114
5116
5118
5120
5120
5120
5122
5122
5122
5124
5124
5126
5128
5130
5132
5132
5132
5134
5136
5136
5138
5138
5138
5140
5142
5142
5142
5142
5142
5142
5144
5144
5144
5144
5144
5146
5146
5148
5150
5152
5152
5152
5152
5154
5154
5156
5156
5156
5158
5158
5162
5164
5164
5164
5166
5166
5166
5168
5170
5170
5170
5170
5172
5172
5172
5172
5172
5172
5174
5174
5176
5176
5176
5178
5178
5180
5180
5180
5182
5182
5182
5182
5182
5184
5184
5184
5184
5186
5188
5188
5188
5190
5190
5190
5192
5192
5194
5194
5194
5196
5198
5198
5198
5198
5198
5198
5200
5200
5200
5202
5202
5202
5202
5202
5204
5204
5204
5204
5206
5206
5206
5206
5208
5208
5208
5210
5210
5210
5210
5210
5210
5212
5212
5212
5212
5214
5214
5214
5216
5216
5216
5216
5216
5216
5218
5218
5218
5218
5218
5218
5218
5218
5218
5220
5220
5220
5220
5220
5222
5222
5222
5222
5224
5224
5224
5226
5226
5226
5226
5226
5226
5226
5226
5228
5228
5228
5230
5230
5230
5232
5232
5232
5232
5234
5234
5234
5234
5234
5234
5234
5236
5236
5236
5236
5236
5238
5238
5240
5240
5240
5240
5240
5240
5242
5242
5242
5244
5244
5244
5244
5244
5244
5246
5246
5246
5246
5246
5246
5246
5248
5248
5248
5250
5250
5250
5250
5252
5252
5254
5254
5254
5256
5256
5256
5258
5260
5260
5260
5260
5262
5262
5264
5264
5266
5266
5266
5266
5266
5266
5268
5268
5268
5268
5268
5272
5272
5272
5274
5274
5274
5274
5274
5276
5276
5276
5278
5278
5278
5278
5278
5280
5280
5280
5280
5280
5280
5282
5282
5282
5284
5284
5284
5284
5284
5286
5286
5286
5286
5288
5290
5290
5290
5292
5292
5292
5292
5292
5292
5294
5294
5294
5294
5294
5296
5296
5300
5300
5300
5302
5302
5302
5302
5302
5304
5304
5304
5304
5306
5306
5310
5310
5310
5310
5310
5310
5312
5312
5314
5316
5316
5316
5316
5316
5316
5316
5318
5320
5320
5322
5322
5322
5324
5324
5326
5326
5326
5328
5328
5328
5332
5334
5336
5336
5338
5338
5340
5342
5342
5342
5344
5346
5346
5346
5348
5348
5350
5350
5352
5352
5352
5352
5352
5354
5354
5354
5354
5354
5356
5356
5358
5358
5358
5360
5360
5360
5362
5362
5362
5362
5364
5366
5366
5366
5368
5368
5368
5368
5370
5372
5372
5372
5374
5374
5374
5376
5378
5378
5380
5382
5382
5384
5384
5386
5386
5386
5386
5386
5388
5392
5394
5394
5396
5396
5396
5398
5400
5400
5404
5406
5408
5408
5410
5410
5410
5410
5412
5414
5414
5414
5416
5416
5416
5424
5424
5426
5428
5430
5430
5432
5432
5434
5434
5434
5438
5438
5440
5440
5442
5442
5444
5444
5448
5448
5450
5450
5454
5456
5462
5462
5462
5464
5464
5466
5468
5468
5470
5470
5470
5470
5472
5472
5472
5474
5476
5480
5480
5482
5484
5486
5486
5486
5488
5490
5492
5494
5494
5500
5500
5502
5504
5504
5506
5508
5510
5510
5518
5518
5522
5522
5524
5532
5532
5536
5536
5538
5538
5542
5542
5544
5546
5548
5550
5552
5552
5552
5552
5554
5560
5560
5562
5562
5562
5566
5568
5570
5572
5572
5572
5574
5574
5578
5578
5582
5584
5584
5586
5586
5588
5590
5592
5592
5592
5598
5600
5600
5600
5602
5602
5602
5608
5608
5608
5610
5610
5612
5612
5614
5618
5622
5624
5628
5628
5628
5630
5630
5632
5634
5636
5638
5642
5644
5644
5646
5646
5654
5656
5656
5656
5656
5660
5662
5662
5664
5664
5674
5676
5678
5680
5680
5684
5684
5684
5684
5688
5692
5692
5694
5698
5698
5700
5706
5708
5710
5710
5712
5712
5712
5716
5718
5720
5720
5722
5722
5722
5724
5724
5728
5728
5730
5730
5730
5732
5732
5732
5732
5734
5742
5742
5746
5748
5752
5758
5764
5768
5770
5770
5772
5774
5774
5786
5786
5786
5790
5792
5792
5794
5794
5796
5796
5798
5800
5800
5800
5800
5802
5804
5804
5806
5810
5812
5812
5812
5816
5816
5818
5820
5826
5830
5830
5832
5832
5834
5834
5836
5838
5844
5844
5844
5844
5846
5848
5848
5850
5850
5856
5858
5858
5860
5862
5864
5870
5878
5878
5884
5888
5888
5888
5890
5894
5896
5896
5900
5902
5902
5904
5904
5908
5908
5908
5910
5910
5912
5914
5914
5916
5916
5920
5926
5928
5928
5934
5934
5936
5936
5938
5944
5948
5952
5952
5956
5960
5964
5966
5970
5978
5980
5986
5992
5992
5994
6000
6002
6002
6006
6008
6008
6014
6014
6016
6022
6030
6034
6044
6044
6054
6056
6068
6080
6086
6088
6092
6092
6100
6114
6120
6134
6138
6138
6150
6152
6158
6162
6168
6176
6192
6198
6200
6208
6224
6238
6264
6274
6300
6302
6308
6314
6320
6340
6350
6358
6364
6378
6412
6438
6440
6444
6452
6456
6474
6480
6494
6498
6516
6516
6550
6620
6682
6706
6756
6760
6762
6796
6874
6890
6954
6958
6990
7084
7126
7276
7370
7414
7652
7880
7910
8106
8130
8198
8298
8298
8410
8632
9042
9070
9380
9440
9750
10072
10102
10310
10522
10950
11794
11998
12230
12270
12332
12414
12456
12778
13180
13312
13676
13840
14140
14148
14152
14158
14276
14476
14562
14778
14796
14894
14952
14954
15240
15324
15480
15794
15902
15928
16042
16208
16710
18362
19014
19030
20108
20228
20290
21372
23414
23518
24290
24438
24900
25270
26236
29016
29234
30164
31402
31536
32690
32950
33098
33760
33854
34600
34982
35266
35484
35678
35826
36072
41882
50254
