Latencies
4972
4982
4992
4992
5006
5010
5010
5014
5016
5016
5016
5016
5018
5018
5020
5020
5020
5024
5024
5026
5026
5028
5028
5028
5032
5032
5032
5032
5032
5032
5032
5032
5032
5034
5034
5036
5036
5036
5038
5038
5038
5038
5038
5038
5040
5040
5042
5042
5042
5042
5042
5042
5042
5044
5044
5044
5044
5046
5046
5046
5046
5046
5048
5048
5048
5048
5048
5048
5048
5050
5050
5050
5050
5052
5052
5052
5052
5052
5052
5052
5052
5052
5052
5052
5052
5054
5054
5056
5056
5056
5058
5058
5058
5058
5058
5060
5060
5060
5060
5062
5062
5064
5064
5064
5064
5064
5064
5066
5066
5066
5068
5068
5068
5068
5068
5070
5070
5070
5070
5072
5072
5072
5072
5072
5072
5074
5074
5076
5076
5078
5078
5078
5078
5078
5078
5080
5080
5080
5082
5082
5084
5084
5084
5084
5084
5086
5088
5088
5088
5088
5088
5090
5090
5092
5092
5092
5094
5094
5094
5096
5096
5096
5096
5098
5098
5098
5100
5100
5100
5100
5100
5100
5102
5102
5102
5102
5102
5104
5104
5104
5104
5104
5106
5106
5106
5106
5112
5112
5114
5114
5114
5114
5114
5114
5116
5118
5118
5118
5120
5120
5122
5122
5122
5126
5126
5128
5128
5130
5132
5132
5136
5138
5138
5138
5138
5138
5138
5140
5140
5140
5140
5142
5142
5144
5144
5146
5146
5146
5146
5146
5146
5148
5150
5150
5152
5152
5152
5152
5156
5156
5156
5156
5156
5156
5156
5158
5158
5158
5158
5158
5158
5160
5160
5160
5162
5162
5162
5164
5164
5164
5164
5164
5166
5166
5168
5168
5168
5168
5170
5170
5170
5172
5172
5172
5174
5174
5174
5174
5176
5176
5178
5180
5182
5182
5184
5184
5184
5186
5186
5186
5186
5186
5188
5188
5188
5188
5188
5190
5190
5190
5192
5192
5192
5194
5194
5194
5194
5194
5194
5194
5194
5196
5196
5196
5196
5196
5196
5198
5198
5198
5198
5198
5198
5198
5198
5200
5200
5200
5202
5202
5202
5202
5202
5202
5202
5204
5204
5204
5204
5206
5206
5206
5206
5206
5206
5208
5208
5208
5208
5210
5210
5210
5210
5212
5212
5212
5214
5214
5214
5216
5216
5216
5216
5218
5218
5218
5220
5220
5220
5222
5222
5222
5222
5222
5224
5224
5224
5224
5224
5226
5226
5226
5228
5228
5228
5228
5228
5230
5230
5230
5232
5232
5232
5234
5234
5234
5234
5236
5236
5236
5236
5236
5236
5236
5238
5240
5240
5240
5240
5240
5242
5242
5242
5244
5244
5246
5246
5246
5248
5248
5248
5250
5250
5250
5250
5252
5252
5252
5252
5254
5254
5254
5254
5256
5256
5258
5258
5258
5258
5258
5260
5260
5262
5262
5262
5264
5264
5264
5264
5266
5266
5266
5266
5268
5270
5270
5270
5270
5272
5272
5272
5272
5272
5274
5274
5274
5274
5276
5276
5278
5278
5278
5280
5280
5280
5282
5282
5282
5284
5284
5284
5284
5286
5286
5288
5288
5288
5290
5290
5292
5292
5292
5292
5294
5294
5294
5296
5298
5300
5300
5300
5300
5302
5304
5306
5308
5312
5312
5314
5314
5318
5318
5318
5320
5320
5320
5320
5322
5322
5326
5328
5328
5328
5330
5332
5332
5332
5332
5332
5334
5334
5334
5334
5336
5336
5338
5340
5342
5342
5342
5342
5342
5344
5344
5346
5346
5346
5346
5348
5350
5350
5350
5350
5352
5352
5352
5354
5356
5356
5356
5356
5356
5360
5360
5362
5362
5362
5366
5366
5368
5372
5372
5374
5378
5378
5378
5378
5380
5382
5384
5386
5386
5388
5388
5390
5390
5390
5392
5394
5396
5396
5398
5398
5400
5402
5404
5406
5406
5406
5408
5414
5414
5414
5416
5416
5418
5418
5420
5420
5420
5420
5420
5422
5424
5426
5428
5428
5430
5432
5434
5436
5436
5442
5442
5444
5444
5444
5444
5446
5446
5448
5452
5454
5454
5456
5456
5458
5460
5462
5462
5466
5468
5470
5472
5472
5476
5478
5482
5482
5488
5490
5492
5492
5494
5496
5500
5504
5506
5512
5514
5514
5516
5518
5528
5532
5532
5536
5538
5538
5542
5544
5546
5546
5546
5548
5550
5554
5554
5562
5562
5564
5564
5570
5572
5584
5584
5584
5586
5590
5590
5594
5596
5596
5596
5600
5602
5602
5606
5608
5608
5610
5610
5614
5618
5620
5620
5622
5622
5626
5630
5634
5638
5638
5640
5642
5646
5650
5656
5656
5656
5658
5660
5664
5666
5666
5670
5674
5674
5676
5688
5692
5702
5704
5708
5708
5710
5712
5716
5718
5728
5728
5732
5734
5734
5736
5736
5740
5740
5744
5748
5748
5750
5756
5758
5758
5758
5762
5762
5766
5774
5782
5786
5794
5796
5800
5814
5818
5820
5836
5838
5838
5840
5840
5850
5850
5850
5856
5862
5876
5878
5882
5882
5882
5888
5890
5892
5896
5918
5922
5922
5924
5930
5930
5934
5936
5940
5948
5950
5950
5954
5962
5962
5972
5976
5980
5980
5992
5992
5998
6000
6002
6004
6006
6008
6008
6008
6008
6014
6022
6022
6028
6048
6050
6058
6068
6068
6090
6102
6104
6106
6116
6118
6120
6126
6136
6140
6142
6142
6158
6162
6174
6186
6210
6268
6302
6340
6362
6378
6434
6450
6484
6520
6550
6604
6726
6778
6810
6888
7396
7498
7528
7784
7808
7820
7878
8698
8758
8962
9056
9158
9336
9404
9456
9546
9588
9674
9876
9930
9932
10074
10302
10368
10452
10476
10554
10776
10784
10974
11226
11406
11904
12308
12338
12484
12700
12706
12788
13064
13238
13246
13378
13482
13484
13968
14038
14208
14314
14328
14414
14670
14864
15000
15206
15658
15994
16234
16278
16400
16496
16542
17146
17280
17488
17726
18152
18188
18240
18354
18774
19156
19328
19408
19418
19516
19788
19906
19914
20534
20702
20908
21094
21168
21320
22068
22100
22212
22678
22972
23060
23066
23370
23724
23726
23864
23918
24122
24210
24382
24484
24838
25400
25920
26010
26086
26216
27488
28320
28374
28470
29460
29898
30030
30066
30162
30960
31920
33050
33476
34398
34976
36102
37080
40648
42702
