Latencies
5310
5330
5346
5356
5356
5372
5390
5392
5400
5404
5414
5420
5420
5420
5420
5426
5428
5428
5434
5434
5434
5434
5438
5438
5442
5442
5442
5444
5444
5446
5446
5446
5448
5448
5450
5450
5454
5464
5476
5480
5480
5480
5486
5488
5490
5490
5490
5494
5506
5508
5510
5510
5514
5522
5528
5528
5532
5532
5540
5548
5548
5548
5548
5554
5558
5568
5570
5596
5596
5602
5602
5606
5608
5610
5612
5612
5622
5626
5628
5628
5628
5630
5632
5634
5636
5640
5640
5660
5662
5664
5666
5670
5686
5688
5696
5696
5712
5714
5720
5722
5726
5728
5736
5740
5740
5748
5750
5750
5750
5750
5752
5758
5760
5770
5772
5774
5776
5778
5782
5784
5796
5796
5800
5804
5804
5808
5816
5818
5826
5830
5838
5838
5842
5842
5846
5854
5854
5858
5860
5868
5872
5874
5880
5884
5884
5896
5898
5908
5914
5926
5928
5928
5930
5930
5932
5940
5942
5942
5944
5948
5954
5956
5958
5976
5978
5984
5986
5990
5992
5998
5998
6000
6002
6002
6006
6016
6030
6040
6040
6042
6044
6050
6052
6064
6068
6068
6070
6084
6086
6092
6094
6098
6100
6104
6112
6114
6122
6122
6124
6126
6140
6140
6144
6152
6156
6158
6162
6166
6166
6168
6168
6174
6176
6176
6178
6180
6182
6190
6192
6210
6214
6220
6224
6236
6236
6242
6254
6256
6266
6276
6292
6302
6304
6310
6312
6312
6344
6346
6348
6356
6370
6374
6374
6376
6376
6380
6382
6398
6402
6404
6408
6420
6428
6436
6438
6454
6474
6474
6494
6496
6534
6596
6608
6612
6624
6626
6632
6642
6656
6678
6694
6734
6750
6774
6796
6820
6870
6886
6950
6972
6998
7028
7050
7080
7080
7084
7110
7150
7154
7166
7176
7200
7218
7226
7232
7248
7250
7258
7302
7306
7346
7346
7354
7366
7380
7392
7394
7394
7402
7434
7442
7476
7506
7508
7520
7528
7544
7562
7564
7564
7580
7586
7604
7652
7652
7676
7744
7770
7786
7818
7826
7830
7854
7856
7870
7884
7888
7888
7892
7906
7930
7952
7962
7970
8016
8018
8022
8030
8072
8148
8150
8158
8158
8208
8220
8232
8234
8236
8240
8260
8300
8300
8316
8318
8332
8340
8368
8396
8424
8436
8446
8480
8494
8504
8540
8546
8546
8550
8582
8592
8596
8608
8662
8710
8744
8744
8764
8784
8796
8806
8818
8826
8840
8900
8910
8944
8964
8966
9018
9044
9046
9070
9080
9100
9108
9126
9126
9140
9168
9172
9174
9174
9200
9216
9220
9230
9240
9266
9282
9296
9322
9340
9340
9350
9382
9398
9458
9462
9468
9522
9536
9544
9556
9558
9576
9584
9594
9608
9660
9700
9706
9766
9786
9788
9802
9860
9862
9874
9886
9890
9900
9916
9936
9946
9978
9978
10036
10106
10110
10144
10146
10152
10174
10188
10196
10206
10208
10234
10242
10254
10256
10274
10288
10296
10398
10450
10484
10490
10508
10520
10540
10542
10568
10574
10586
10610
10618
10632
10644
10650
10666
10670
10674
10690
10700
10716
10724
10728
10758
10766
10782
10796
10822
10822
10840
10850
10914
10928
10952
10958
10966
10980
10984
10990
10994
11044
11078
11094
11104
11112
11126
11150
11152
11184
11214
11266
11280
11284
11288
11294
11326
11338
11338
11338
11348
11404
11408
11424
11476
11490
11520
11552
11564
11574
11610
11638
11640
11650
11658
11664
11668
11672
11686
11694
11742
11902
11908
11916
11924
11926
11930
11930
11958
11978
11984
12010
12024
12026
12030
12046
12066
12074
12080
12130
12192
12206
12208
12240
12250
12264
12270
12314
12320
12340
12342
12362
12386
12408
12434
12442
12456
12468
12480
12552
12554
12562
12572
12572
12622
12624
12640
12656
12666
12678
12710
12716
12742
12758
12770
12792
12796
12806
12850
12888
12894
12896
12904
12936
12956
12970
12976
12980
12984
13054
13078
13102
13102
13114
13130
13162
13188
13216
13228
13232
13234
13236
13264
13266
13268
13274
13280
13290
13302
13354
13354
13356
13358
13384
13424
13434
13480
13492
13492
13494
13500
13504
13508
13510
13516
13522
13530
13562
13602
13602
13634
13676
13752
13758
13760
13782
13798
13798
13816
13822
13832
13850
13874
13874
13878
13908
13908
13962
13962
13986
14010
14060
14078
14096
14114
14128
14188
14192
14194
14200
14208
14244
14258
14272
14296
14314
14334
14350
14354
14360
14366
14402
14414
14416
14416
14424
14430
14440
14458
14490
14494
14542
14560
14570
14572
14578
14580
14618
14622
14626
14632
14642
14644
14644
14650
14658
14662
14664
14666
14694
14696
14710
14718
14724
14726
14734
14738
14738
14740
14754
14758
14762
14766
14768
14784
14812
14832
14836
14842
14852
14876
14880
14884
14896
14896
14898
14900
14900
14904
14906
14916
14918
14918
14932
14936
14944
14958
14964
14968
14972
14980
15012
15012
15020
15030
15040
15046
15050
15052
15054
15056
15086
15088
15092
15100
15110
15112
15112
15120
15128
15132
15138
15154
15154
15160
15166
15166
15168
15176
15182
15184
15190
15200
15212
15240
15246
15248
15250
15256
15272
15274
15306
15306
15336
15340
15350
15358
15376
15376
15382
15388
15406
15406
15428
15428
15442
15444
15458
15466
15476
15478
15508
15512
15512
15534
15552
15566
15574
15580
15586
15608
15624
15626
15642
15660
15664
15670
15674
15696
15700
15816
15816
15832
15834
15888
15896
15922
15926
15990
15996
16082
16116
16160
16270
16350
16576
16822
17064
17076
17658
18032
18378
18664
19192
19284
19446
19604
19988
20114
20296
20434
20438
20478
20562
20780
21392
21642
21716
21934
22020
22168
22356
22914
23080
23404
23862
23912
24148
24458
24780
24902
25000
25112
25192
25354
25420
25682
26068
34158
34248
34446
40260
65024
94486
98816
162738
208334
