Latencies
5116
5148
5160
5164
5164
5170
5174
5174
5174
5176
5178
5180
5180
5180
5182
5182
5186
5186
5186
5194
5200
5202
5204
5206
5206
5208
5210
5212
5214
5214
5216
5222
5222
5224
5226
5226
5230
5230
5232
5232
5234
5236
5236
5236
5240
5240
5242
5246
5246
5246
5248
5248
5248
5250
5252
5252
5252
5254
5256
5256
5256
5256
5258
5258
5258
5258
5258
5260
5262
5264
5264
5268
5268
5268
5270
5270
5270
5270
5272
5274
5274
5274
5274
5274
5276
5276
5276
5276
5276
5280
5284
5284
5284
5288
5288
5288
5292
5292
5294
5296
5296
5296
5296
5300
5300
5302
5304
5304
5304
5304
5306
5308
5308
5314
5314
5316
5316
5316
5318
5318
5318
5318
5318
5320
5320
5320
5322
5322
5322
5322
5324
5326
5326
5328
5328
5328
5328
5330
5332
5332
5334
5334
5334
5336
5338
5338
5338
5338
5340
5342
5342
5342
5342
5344
5346
5346
5348
5348
5348
5350
5350
5350
5352
5352
5352
5352
5352
5352
5352
5354
5354
5356
5356
5356
5356
5358
5358
5360
5362
5362
5362
5362
5362
5364
5364
5364
5364
5366
5366
5366
5366
5368
5368
5370
5370
5370
5372
5372
5372
5372
5372
5372
5372
5372
5374
5374
5374
5374
5374
5376
5378
5378
5378
5378
5382
5382
5382
5382
5384
5384
5384
5384
5384
5386
5386
5388
5388
5388
5390
5390
5390
5392
5392
5392
5392
5392
5394
5394
5394
5394
5394
5394
5396
5396
5398
5398
5398
5398
5400
5400
5400
5400
5400
5402
5402
5402
5402
5404
5404
5404
5404
5404
5404
5404
5404
5406
5406
5406
5406
5406
5408
5408
5408
5408
5408
5410
5410
5412
5412
5412
5412
5414
5414
5414
5414
5416
5416
5416
5418
5420
5420
5420
5420
5422
5422
5422
5424
5424
5424
5424
5426
5426
5426
5426
5426
5426
5426
5428
5428
5428
5430
5430
5430
5432
5432
5432
5432
5432
5434
5436
5436
5436
5438
5438
5440
5440
5440
5440
5440
5442
5444
5446
5448
5448
5448
5450
5450
5450
5450
5452
5452
5452
5454
5454
5454
5456
5458
5458
5460
5460
5460
5460
5462
5462
5462
5464
5464
5464
5466
5466
5466
5466
5466
5470
5470
5472
5472
5474
5474
5474
5474
5474
5476
5476
5476
5476
5476
5478
5478
5480
5482
5484
5484
5486
5488
5490
5490
5490
5490
5492
5492
5492
5492
5494
5494
5496
5496
5496
5498
5498
5498
5500
5500
5502
5502
5504
5504
5506
5506
5508
5510
5510
5514
5514
5514
5514
5516
5516
5516
5518
5518
5520
5520
5522
5524
5524
5524
5526
5526
5526
5526
5526
5528
5530
5534
5534
5536
5536
5538
5538
5538
5542
5542
5544
5544
5546
5546
5546
5550
5550
5550
5552
5552
5554
5554
5554
5556
5556
5558
5558
5558
5558
5558
5562
5562
5564
5564
5566
5568
5570
5572
5574
5574
5574
5576
5578
5580
5582
5582
5584
5584
5584
5584
5586
5586
5586
5588
5588
5590
5590
5590
5590
5594
5594
5594
5596
5596
5598
5598
5598
5598
5602
5602
5602
5604
5606
5606
5608
5608
5608
5610
5610
5610
5610
5612
5612
5616
5616
5616
5616
5618
5618
5618
5618
5618
5620
5624
5626
5628
5628
5632
5636
5638
5638
5638
5640
5646
5648
5650
5650
5652
5652
5652
5654
5656
5656
5656
5658
5658
5658
5658
5662
5662
5664
5666
5666
5668
5670
5670
5672
5672
5672
5678
5678
5682
5682
5684
5684
5684
5686
5686
5688
5692
5692
5692
5692
5694
5694
5694
5696
5696
5698
5698
5706
5714
5714
5718
5718
5718
5718
5720
5722
5722
5726
5730
5730
5734
5734
5738
5738
5742
5742
5744
5744
5746
5746
5750
5752
5754
5760
5760
5764
5766
5768
5770
5770
5772
5774
5776
5778
5780
5780
5782
5782
5784
5786
5788
5792
5792
5794
5796
5796
5796
5798
5800
5800
5800
5802
5804
5806
5806
5806
5806
5806
5808
5808
5810
5812
5812
5814
5816
5818
5822
5824
5828
5830
5832
5832
5836
5838
5838
5840
5842
5844
5848
5852
5852
5852
5854
5854
5856
5858
5860
5860
5860
5864
5868
5870
5870
5872
5874
5878
5878
5878
5880
5880
5882
5892
5892
5894
5900
5904
5904
5904
5908
5910
5912
5920
5924
5930
5932
5934
5940
5942
5944
5946
5946
5946
5946
5946
5946
5950
5952
5954
5954
5954
5954
5960
5960
5964
5964
5968
5970
5974
5974
5976
5976
5980
5986
5986
5990
5990
5992
5994
5996
6004
6004
6006
6008
6010
6020
6022
6024
6024
6028
6030
6032
6036
6036
6040
6042
6042
6048
6048
6050
6056
6058
6062
6064
6066
6066
6068
6070
6072
6074
6076
6076
6078
6080
6082
6084
6086
6088
6090
6090
6096
6096
6098
6102
6104
6112
6114
6114
6116
6118
6122
6122
6128
6130
6132
6134
6134
6134
6136
6136
6138
6154
6162
6174
6182
6192
6192
6198
6202
6204
6204
6204
6216
6222
6232
6238
6238
6240
6244
6250
6252
6266
6270
6270
6290
6306
6312
6314
6318
6320
6322
6340
6346
6350
6354
6360
6364
6364
6376
6384
6388
6390
6394
6398
6418
6422
6436
6468
6474
6480
6500
6522
6546
6548
6564
6572
6572
6582
6586
6592
6628
6684
6758
6788
6828
6832
6884
6926
6928
6934
6942
6944
7026
7324
7376
7534
7608
8062
8852
9170
9356
9574
9620
9638
9986
10340
10428
10458
10554
10628
10878
10920
11050
11830
12610
13676
14704
14878
15130
15248
16630
16956
17390
17506
17888
18436
19484
20042
20368
20428
20512
22862
23110
23152
23152
23728
24090
24974
25704
25988
26654
26788
27144
27466
31382
32146
32816
32900
34084
35666
36004
36412
38184
38622
39894
45712
