Latencies
5282
5314
5322
5330
5336
5364
5366
5378
5380
5382
5382
5384
5384
5388
5392
5402
5406
5408
5412
5412
5414
5420
5420
5420
5426
5426
5428
5430
5430
5430
5432
5442
5444
5444
5448
5448
5458
5460
5462
5464
5466
5468
5474
5474
5474
5474
5476
5478
5480
5486
5498
5506
5506
5508
5512
5524
5530
5534
5538
5540
5540
5542
5550
5554
5556
5558
5562
5564
5566
5574
5580
5582
5584
5588
5592
5594
5594
5598
5602
5618
5622
5624
5628
5634
5640
5650
5650
5668
5668
5668
5668
5682
5688
5694
5698
5706
5710
5718
5718
5728
5738
5738
5740
5740
5744
5750
5750
5752
5756
5756
5762
5774
5778
5782
5784
5794
5798
5804
5808
5810
5820
5824
5826
5828
5844
5850
5856
5860
5862
5862
5878
5878
5890
5894
5898
5902
5908
5930
5932
5932
5934
5938
5940
5940
5940
5942
5944
5952
5954
5956
5956
5962
5970
5974
5980
5986
5990
5992
5996
5996
6014
6016
6016
6036
6036
6038
6050
6056
6068
6070
6070
6076
6078
6088
6096
6098
6104
6106
6106
6108
6110
6110
6112
6120
6126
6130
6134
6140
6148
6150
6156
6156
6160
6162
6164
6170
6180
6196
6200
6202
6206
6218
6222
6226
6226
6230
6242
6250
6272
6302
6302
6338
6356
6358
6362
6368
6370
6400
6406
6408
6444
6460
6476
6494
6496
6508
6560
6562
6568
6604
6614
6650
6656
6656
6658
6660
6668
6692
6702
6718
6752
6770
6776
6810
6824
6852
6876
6880
6886
6920
6932
6940
6950
6952
6962
6972
6984
7020
7028
7048
7054
7070
7104
7114
7134
7134
7138
7146
7166
7178
7180
7192
7202
7206
7206
7230
7238
7244
7250
7254
7258
7306
7310
7324
7326
7346
7358
7418
7428
7440
7456
7460
7478
7498
7540
7542
7556
7598
7684
7700
7728
7758
7776
7784
7800
7802
7820
7834
7842
7868
7908
7912
7916
7924
7970
7998
8004
8016
8060
8062
8068
8106
8132
8154
8156
8162
8164
8166
8176
8200
8230
8244
8248
8250
8256
8324
8336
8434
8436
8438
8442
8452
8458
8462
8476
8514
8544
8546
8556
8560
8562
8562
8586
8612
8624
8630
8634
8638
8646
8680
8684
8700
8752
8760
8764
8802
8810
8826
8834
8848
8850
8882
8916
8936
8958
9020
9074
9094
9108
9134
9166
9294
9298
9298
9298
9338
9352
9360
9376
9388
9404
9408
9422
9428
9452
9458
9458
9502
9592
9604
9606
9624
9658
9692
9710
9728
9748
9754
9758
9792
9808
9850
9898
9922
9928
9930
9952
9988
9990
9992
10002
10020
10032
10078
10120
10138
10154
10164
10206
10246
10252
10310
10332
10400
10410
10432
10458
10512
10522
10526
10534
10546
10670
10716
10718
10734
10742
10762
10784
10788
10796
10808
10816
10820
10824
10874
10880
10898
10922
10946
10956
10960
10962
10964
10976
10992
10994
11014
11016
11040
11054
11094
11108
11112
11128
11130
11144
11146
11160
11164
11168
11170
11178
11180
11180
11186
11198
11224
11226
11234
11266
11276
11310
11320
11334
11394
11402
11416
11472
11508
11542
11620
11624
11682
11688
11712
11728
11752
11756
11756
11760
11782
11856
11900
11902
11908
11924
11930
11932
11940
11944
11956
11980
12000
12004
12056
12084
12086
12086
12092
12156
12162
12190
12190
12208
12244
12266
12332
12338
12358
12374
12382
12404
12436
12438
12444
12448
12486
12488
12504
12512
12518
12524
12532
12558
12622
12626
12642
12676
12682
12684
12756
12772
12810
12826
12828
12848
12862
12868
12944
13000
13002
13038
13040
13052
13052
13084
13088
13112
13114
13124
13130
13168
13184
13184
13252
13270
13310
13326
13346
13426
13434
13462
13478
13492
13494
13522
13554
13558
13574
13584
13650
13654
13708
13712
13734
13734
13740
13760
13776
13800
13840
13842
13842
13864
13874
13876
13880
13910
13934
13950
13986
14008
14026
14028
14034
14036
14040
14118
14140
14144
14158
14160
14162
14168
14178
14180
14180
14244
14258
14270
14278
14280
14290
14306
14306
14314
14334
14352
14366
14374
14374
14378
14380
14386
14386
14390
14396
14410
14414
14434
14438
14440
14440
14452
14478
14506
14512
14524
14526
14526
14534
14536
14552
14558
14560
14560
14568
14570
14586
14594
14594
14608
14610
14626
14632
14638
14642
14648
14650
14656
14660
14666
14680
14682
14682
14682
14690
14694
14694
14694
14716
14718
14720
14722
14722
14724
14724
14726
14746
14746
14752
14756
14758
14758
14760
14762
14766
14768
14768
14770
14770
14770
14774
14776
14776
14778
14782
14784
14786
14788
14790
14792
14804
14810
14814
14828
14828
14832
14836
14840
14842
14842
14848
14848
14850
14850
14852
14852
14852
14854
14860
14860
14862
14862
14862
14874
14874
14882
14886
14888
14888
14890
14892
14898
14902
14904
14910
14914
14922
14928
14932
14936
14938
14940
14940
14940
14944
14948
14954
14958
14960
14964
14964
14976
14980
14980
14980
14982
14984
14986
14992
14992
14994
14996
14996
14998
15006
15010
15010
15012
15012
15020
15030
15048
15052
15054
15054
15056
15056
15060
15060
15066
15070
15074
15074
15076
15078
15080
15088
15092
15096
15100
15102
15104
15106
15108
15112
15114
15114
15120
15126
15130
15140
15142
15156
15166
15172
15174
15182
15210
15212
15216
15218
15220
15222
15224
15224
15226
15230
15232
15236
15242
15246
15246
15248
15248
15250
15260
15270
15272
15274
15276
15278
15286
15290
15290
15292
15294
15300
15302
15316
15316
15316
15328
15328
15338
15344
15362
15362
15390
15394
15398
15402
15420
15420
15430
15456
15460
15466
15466
15472
15474
15484
15490
15492
15498
15502
15508
15510
15516
15516
15518
15522
15544
15546
15554
15560
15564
15584
15592
15598
15602
15618
15620
15624
15626
15632
15636
15636
15642
15652
15658
15666
15688
15706
15730
15734
15738
15770
15804
15832
15840
15850
15874
15874
15904
15930
15934
15952
15968
15974
16198
16256
16418
16570
16598
16620
17104
17880
18470
18610
18940
19190
19264
19274
19790
19978
20418
20718
20748
20824
21348
21374
21742
22472
22600
23064
23678
23758
24014
24254
24310
24316
24476
24564
24616
24668
24676
24716
24738
24778
24958
25130
25286
25404
25518
25850
28106
28876
30730
34032
35326
43472
48708
68248
117074
190472
371464
3011562
