Latencies
5022
5050
5052
5054
5058
5060
5062
5066
5070
5078
5078
5082
5094
5096
5096
5098
5106
5108
5108
5108
5110
5110
5110
5114
5118
5120
5122
5122
5124
5130
5130
5132
5132
5132
5132
5132
5132
5134
5134
5136
5136
5136
5138
5140
5140
5140
5140
5142
5142
5144
5144
5146
5148
5150
5152
5154
5156
5156
5158
5158
5158
5160
5160
5160
5162
5164
5164
5164
5164
5164
5164
5166
5170
5172
5172
5172
5172
5172
5172
5172
5172
5174
5174
5174
5174
5176
5176
5176
5178
5178
5178
5178
5178
5180
5180
5180
5182
5182
5182
5182
5182
5182
5182
5182
5184
5184
5184
5184
5184
5184
5186
5186
5186
5186
5188
5188
5188
5188
5190
5190
5190
5192
5192
5192
5192
5192
5192
5192
5194
5194
5194
5194
5196
5196
5196
5196
5196
5200
5200
5200
5200
5200
5200
5200
5202
5202
5202
5204
5204
5206
5206
5206
5206
5206
5208
5208
5208
5208
5208
5210
5210
5210
5210
5210
5212
5212
5212
5212
5212
5214
5214
5214
5214
5214
5214
5216
5216
5216
5218
5218
5218
5218
5218
5218
5220
5220
5220
5220
5220
5220
5220
5220
5222
5222
5222
5222
5222
5222
5224
5224
5224
5224
5224
5226
5226
5226
5226
5226
5228
5228
5228
5228
5230
5232
5234
5234
5234
5234
5234
5236
5236
5236
5236
5236
5236
5236
5236
5236
5236
5238
5238
5238
5238
5240
5240
5240
5240
5240
5240
5242
5242
5242
5242
5244
5244
5244
5244
5246
5246
5246
5248
5248
5248
5248
5248
5248
5250
5250
5250
5250
5250
5252
5252
5252
5256
5256
5256
5258
5258
5258
5260
5260
5260
5260
5260
5262
5262
5262
5262
5264
5266
5266
5266
5270
5272
5272
5276
5276
5276
5278
5278
5278
5278
5280
5280
5280
5282
5282
5282
5284
5284
5284
5284
5284
5284
5286
5286
5286
5290
5290
5292
5292
5292
5294
5294
5294
5294
5298
5298
5298
5298
5298
5298
5300
5300
5300
5300
5300
5300
5300
5302
5302
5302
5304
5304
5304
5304
5306
5306
5308
5308
5308
5310
5310
5310
5312
5312
5312
5312
5312
5314
5316
5316
5316
5318
5318
5320
5320
5320
5322
5322
5322
5322
5322
5322
5324
5324
5324
5324
5324
5326
5326
5326
5326
5326
5328
5330
5330
5332
5334
5334
5336
5338
5340
5342
5344
5344
5346
5346
5348
5348
5348
5348
5348
5350
5350
5350
5352
5352
5354
5354
5354
5356
5360
5360
5362
5364
5364
5364
5366
5366
5368
5370
5370
5370
5370
5372
5372
5372
5372
5372
5372
5372
5374
5374
5374
5374
5374
5376
5376
5376
5378
5378
5382
5382
5384
5386
5388
5388
5388
5388
5392
5392
5394
5394
5394
5396
5396
5398
5398
5398
5398
5400
5400
5400
5400
5402
5402
5404
5406
5406
5406
5408
5408
5410
5410
5412
5412
5414
5416
5416
5418
5420
5420
5422
5422
5424
5424
5426
5430
5432
5432
5432
5432
5432
5434
5434
5436
5438
5438
5440
5442
5444
5448
5448
5448
5450
5450
5452
5454
5456
5456
5456
5458
5460
5460
5462
5462
5464
5464
5464
5464
5464
5464
5466
5466
5468
5472
5474
5474
5474
5476
5476
5478
5478
5480
5480
5484
5488
5488
5492
5492
5494
5494
5496
5496
5496
5498
5502
5502
5504
5504
5504
5506
5506
5506
5508
5508
5512
5514
5514
5516
5518
5522
5522
5524
5526
5528
5528
5530
5530
5530
5532
5532
5534
5534
5534
5538
5544
5546
5546
5554
5554
5558
5558
5558
5560
5564
5564
5566
5566
5570
5570
5572
5574
5574
5574
5576
5576
5576
5576
5578
5580
5580
5582
5584
5584
5584
5590
5590
5592
5592
5592
5594
5594
5594
5596
5596
5596
5598
5600
5600
5602
5602
5604
5604
5608
5608
5608
5612
5612
5614
5616
5618
5618
5624
5624
5624
5626
5626
5630
5630
5632
5634
5634
5636
5638
5638
5638
5640
5646
5646
5650
5652
5652
5654
5654
5660
5664
5668
5674
5674
5676
5678
5678
5680
5682
5682
5682
5682
5684
5684
5684
5686
5688
5690
5690
5692
5694
5696
5702
5702
5702
5704
5706
5708
5708
5710
5712
5712
5714
5718
5720
5722
5724
5724
5724
5726
5726
5726
5726
5728
5730
5730
5732
5732
5732
5734
5736
5742
5742
5744
5744
5744
5746
5746
5748
5748
5748
5750
5754
5758
5762
5762
5764
5768
5772
5776
5778
5778
5780
5786
5788
5790
5790
5790
5794
5794
5796
5796
5796
5798
5800
5804
5806
5808
5810
5810
5812
5814
5814
5816
5818
5818
5822
5824
5824
5826
5826
5826
5828
5832
5832
5836
5836
5838
5838
5842
5842
5846
5854
5854
5856
5862
5862
5866
5866
5866
5866
5868
5868
5868
5870
5870
5870
5876
5882
5884
5886
5886
5886
5886
5890
5900
5902
5902
5906
5906
5906
5914
5914
5914
5916
5918
5920
5920
5922
5922
5922
5924
5926
5926
5926
5932
5932
5934
5934
5936
5936
5938
5938
5940
5946
5946
5948
5950
5952
5954
5960
5964
5964
5966
5966
5972
5974
5974
5978
5980
5982
5984
5990
5996
6000
6002
6012
6014
6014
6016
6016
6022
6026
6028
6034
6034
6038
6038
6040
6050
6054
6056
6058
6058
6058
6064
6074
6076
6084
6090
6090
6094
6106
6122
6122
6128
6138
6142
6144
6160
6170
6180
6210
6212
6220
6230
6234
6262
6274
6356
6364
6440
6458
6506
6530
6562
6606
6644
6652
6760
6766
6866
6918
7142
7482
7884
7928
7976
8066
8200
8228
8288
9096
9158
9292
9356
9478
9546
9692
9784
9950
10106
10216
10618
10706
10780
10800
11188
11190
11270
11436
11674
11718
11838
12276
13226
13468
13544
13792
14070
14082
14112
15072
16164
16486
16958
17322
17370
17802
19060
20694
21574
21768
22056
22450
24634
25194
26050
26410
26852
27854
29880
29892
30672
30948
31306
33158
34110
36798
39206
