Latencies
6074
6418
14300
14592
14722
15176
15414
15448
15518
15638
15748
15774
15838
15888
15908
15922
16020
16040
16100
16134
16146
16324
16336
16438
16456
16460
16472
16714
16762
16840
16908
16918
16926
17040
17044
17084
17158
17208
17280
17288
17546
17636
17672
17676
17714
17738
17758
17780
17798
17818
17928
17930
17976
18058
18078
18176
18208
18244
18292
18338
18356
18372
18460
18472
18490
18492
18598
18598
18632
18730
18746
18750
18854
18854
18868
18958
18982
19046
19200
19242
19244
19264
19292
19508
19576
19680
19702
19736
19768
19806
19844
19982
20010
20020
20020
20034
20196
20196
20220
20240
20240
20320
20380
20410
20436
20470
20518
20542
20648
20738
20742
21112
21116
21136
21166
21182
21204
21298
21362
21366
21446
21508
21512
21518
21604
21668
21702
21836
21874
21956
22002
22010
22076
22098
22122
22148
22176
22318
22362
22444
22454
22454
22498
22530
22604
22648
22796
22830
22834
22834
22900
22954
23092
23096
23116
23194
23198
23236
23240
23296
23368
23374
23396
23410
23422
23494
23518
23570
23600
23652
23698
23706
23734
23816
23890
23914
23920
23992
24020
24184
24208
24216
24238
24240
24286
24322
24338
24420
24440
24454
24464
24482
24550
24586
24710
24768
24808
24814
24886
24956
24958
24962
24998
25024
25036
25078
25134
25160
25288
25330
25390
25406
25422
25432
25440
25478
25550
25588
25636
25728
25756
25772
25816
25828
25836
25886
25892
25920
25934
25956
25966
25968
26074
26122
26186
26192
26308
26310
26522
26540
26556
26562
26566
26572
26596
26632
26788
26876
26906
26932
26934
27006
27120
27180
27398
27412
27482
27538
27614
27618
27712
27722
27776
27876
27878
27940
27942
27984
28122
28176
28218
28284
28350
28360
28374
28400
28410
28616
28698
28742
28744
28776
28826
28908
29056
29162
29286
29330
29406
29432
29468
29476
29490
29574
29662
29774
29776
29894
29974
30016
30056
30180
30252
30256
30286
30310
30338
30376
30496
30544
30638
30684
30748
30750
30774
30792
30836
30868
30966
30980
31096
31178
31184
31280
31284
31520
31572
31598
31618
31620
31810
31858
31894
31956
31974
32038
32130
32232
32256
32274
32344
32368
32450
32662
32682
32698
32738
32818
32866
32920
32924
32970
32994
32996
33012
33134
33160
33182
33298
33324
33432
33472
33512
33524
33578
33592
33598
33614
33696
33728
33768
33772
33778
33792
33804
33942
33956
33978
34012
34034
34036
34156
34224
34306
34316
34334
34348
34352
34368
34380
34414
34414
34452
34474
34500
34516
34544
34546
34554
34582
34588
34592
34608
34652
34658
34682
34684
34704
34728
34756
34798
34808
34824
34834
34860
34888
34942
34944
35006
35018
35028
35088
35094
35128
35144
35236
35246
35274
35284
35290
35328
35342
35350
35418
35484
35492
35504
35568
35640
35896
36108
36116
36126
36160
36224
36330
36346
36394
36434
36690
36724
36786
36924
36928
37014
37024
37030
37030
37174
37240
37304
37312
37362
37364
37364
37388
37436
37464
37482
37516
37520
37526
37642
37664
37714
37868
37886
38080
38178
38292
38316
38402
38540
38556
38562
38582
38618
38696
38758
38834
38910
38940
39208
39294
39334
39334
39542
39566
39642
39696
39740
39782
39818
39892
39958
39984
39994
40110
40174
40210
40300
40356
40356
40416
40472
40532
40566
40580
40684
40798
40964
41042
41256
41290
41368
41460
41470
41512
41528
41692
41778
41996
42148
42276
42462
42518
42524
42548
42582
42596
42690
42736
42804
42896
43058
43110
43116
43142
43274
43292
43294
43320
43334
43366
43440
43520
43556
43580
43588
43600
43628
43668
43748
43820
43850
43872
43886
43920
43936
43970
44050
44084
44174
44198
44260
44282
44294
44296
44354
44488
44488
44498
44518
44554
44648
44656
44680
44708
44714
44728
44732
44736
44748
44800
44804
44816
44850
44874
44914
44934
45080
45106
45140
45216
45288
45304
45344
45380
45460
45514
45720
45768
45790
45868
45972
46000
46020
46080
46082
46094
46140
46184
46192
46216
46246
46368
46412
46630
46648
46648
46750
46754
46794
46808
46872
46912
46940
46964
46986
46990
47002
47006
47078
47258
47284
47334
47348
47496
47512
47578
47606
47606
47690
47694
47834
47918
48072
48202
48280
48300
48306
48308
48310
48352
48384
48466
48494
48570
48642
48860
48894
48982
49044
49048
49058
49230
49232
49300
49350
49370
49374
49434
49464
49482
49520
49634
49820
49946
50232
50242
50322
50324
50326
50402
50514
50518
50528
50566
50672
50760
50850
50856
50858
50888
50908
50936
50958
51112
51130
51152
51180
51204
51256
51428
51436
51450
51628
51642
51690
51748
51882
51934
51968
51972
52038
52062
52064
52170
52196
52226
52288
52350
52384
52388
52458
52494
52676
52748
52790
52800
52834
52860
52888
52898
52902
52920
52966
52972
53030
53036
53100
53108
53122
53184
53208
53316
53318
53324
53324
53350
53354
53362
53364
53372
53404
53406
53426
53436
53440
53446
53478
53478
53484
53496
53574
53578
53580
53592
53598
53604
53610
53620
53622
53632
53636
53642
53648
53662
53676
53718
53720
53720
53726
53732
53774
53776
53780
53802
53828
53830
53834
53848
53850
53854
53858
53876
53890
53900
53934
53938
53958
53968
53976
53982
53986
54002
54020
54026
54036
54042
54042
54044
54046
54050
54054
54062
54066
54068
54068
54070
54078
54096
54100
54108
54124
54134
54146
54184
54194
54212
54226
54232
54234
54236
54236
54244
54278
54316
54316
54318
54320
54336
54346
54362
54366
54408
54432
54432
54466
54468
54474
54486
54530
54540
54544
54590
54662
54672
54694
54700
54702
54720
54754
54828
54870
54932
54936
54954
55040
55062
55094
55122
55134
55146
55188
55188
55222
55274
55284
55354
55442
55478
55832
55910
55944
56162
56450
56620
56630
56658
56772
56892
56932
57260
59732
60202
61706
61976
62012
62104
62364
62658
62690
63142
63266
63520
64004
64040
64066
64274
64288
64354
64722
64864
64880
65490
66732
66966
67140
67498
67976
69658
69738
70306
70856
72786
73478
73824
73860
74726
84224
90180
92080
96312
114768
117834
135450
137082
137604
142904
145134
163462
246520
495560
600376
770878
1310370
1840084
5041338
23961812
