Latencies
5336
5352
5358
5362
5364
5366
5382
5384
5402
5412
5412
5422
5422
5426
5436
5442
5442
5446
5456
5458
5460
5468
5480
5486
5488
5490
5498
5504
5516
5516
5520
5520
5528
5528
5532
5536
5538
5542
5546
5550
5558
5574
5584
5608
5620
5624
5626
5640
5646
5652
5666
5672
5672
5694
5694
5696
5696
5698
5700
5706
5716
5722
5722
5726
5728
5754
5766
5772
5782
5792
5808
5816
5832
5832
5834
5852
5856
5862
5878
5884
5896
5908
5910
5922
5924
5938
5948
5950
5958
5960
6014
6034
6034
6042
6044
6058
6066
6076
6088
6092
6104
6108
6108
6120
6126
6130
6138
6142
6154
6156
6158
6174
6198
6202
6216
6224
6260
6300
6300
6320
6324
6342
6346
6352
6376
6378
6380
6400
6402
6404
6406
6420
6448
6454
6470
6472
6514
6518
6520
6524
6538
6566
6610
6616
6630
6632
6644
6686
6688
6694
6694
6720
6754
6754
6756
6760
6788
6792
6796
6798
6822
6858
6862
6876
6876
6884
6904
6914
6924
6926
6942
6950
6968
6978
7062
7068
7080
7096
7098
7110
7116
7152
7160
7168
7208
7262
7324
7326
7332
7332
7358
7404
7404
7428
7430
7432
7436
7472
7482
7486
7512
7522
7534
7544
7552
7558
7566
7580
7586
7594
7610
7616
7642
7644
7648
7648
7672
7676
7684
7722
7740
7752
7756
7778
7782
7796
7798
7830
7836
7848
7854
7904
7924
7932
7944
7950
7954
7954
7966
7970
7992
7992
8006
8014
8046
8050
8056
8068
8080
8102
8122
8142
8158
8160
8186
8186
8230
8244
8262
8270
8284
8288
8294
8300
8312
8320
8322
8354
8372
8390
8396
8404
8410
8410
8434
8448
8454
8474
8476
8482
8490
8500
8514
8522
8524
8526
8536
8570
8582
8594
8596
8612
8618
8652
8682
8698
8752
8762
8776
8780
8786
8798
8802
8808
8820
8828
8834
8836
8840
8890
8896
8932
8946
8960
8972
9018
9022
9038
9056
9058
9090
9104
9110
9112
9132
9142
9142
9158
9188
9194
9212
9222
9240
9258
9266
9266
9268
9268
9288
9298
9320
9334
9354
9364
9392
9398
9404
9428
9436
9450
9450
9452
9456
9474
9476
9504
9504
9534
9540
9542
9544
9584
9588
9592
9638
9638
9642
9650
9654
9658
9658
9664
9674
9682
9686
9740
9766
9814
9824
9836
9836
9840
9856
9858
9910
9916
9922
9922
9928
9946
9948
9950
9956
9984
9988
9994
9996
10010
10016
10042
10050
10050
10054
10058
10066
10068
10080
10084
10122
10124
10146
10148
10156
10160
10180
10204
10214
10242
10248
10290
10296
10300
10318
10324
10348
10352
10356
10380
10384
10420
10422
10436
10524
10526
10534
10536
10548
10590
10606
10610
10616
10620
10646
10694
10712
10718
10718
10732
10778
10782
10806
10818
10826
10848
10848
10876
10926
10928
10928
10952
10968
10974
10978
10982
11000
11028
11064
11078
11098
11148
11160
11174
11178
11198
11214
11214
11216
11224
11232
11244
11260
11264
11268
11290
11310
11332
11354
11364
11368
11418
11422
11426
11436
11438
11440
11448
11456
11474
11486
11514
11540
11562
11600
11602
11618
11660
11698
11704
11712
11718
11734
11748
11756
11768
11780
11814
11818
11820
11848
11874
11880
11918
11918
11930
11944
11952
12004
12018
12026
12038
12046
12058
12088
12090
12092
12110
12158
12164
12172
12178
12206
12230
12242
12244
12250
12258
12268
12286
12286
12296
12300
12322
12332
12338
12374
12376
12382
12386
12410
12410
12412
12416
12418
12458
12492
12520
12548
12568
12576
12584
12602
12612
12620
12624
12628
12634
12672
12672
12676
12680
12680
12686
12702
12716
12718
12718
12726
12726
12726
12756
12770
12786
12818
12844
12888
12892
12892
12892
12892
12936
12948
12980
12990
13016
13022
13038
13038
13050
13052
13052
13076
13096
13110
13114
13116
13128
13134
13168
13200
13210
13222
13276
13282
13308
13322
13326
13328
13342
13356
13362
13378
13394
13398
13414
13416
13428
13430
13434
13456
13476
13484
13484
13488
13488
13490
13530
13548
13564
13572
13584
13586
13590
13634
13666
13682
13692
13696
13700
13716
13734
13752
13768
13808
13820
13836
13844
13858
13860
13892
13894
13904
13916
13920
13924
13928
13930
13962
13964
13966
13976
13976
13992
14004
14008
14018
14020
14030
14048
14052
14076
14124
14130
14134
14154
14166
14172
14184
14194
14196
14232
14234
14234
14250
14262
14270
14278
14312
14328
14334
14378
14414
14416
14422
14424
14428
14432
14436
14440
14442
14444
14452
14456
14464
14470
14476
14484
14490
14498
14502
14510
14512
14518
14520
14522
14534
14536
14548
14554
14558
14568
14574
14584
14586
14600
14626
14634
14638
14640
14654
14662
14674
14682
14686
14692
14692
14696
14696
14702
14718
14736
14738
14748
14748
14748
14754
14760
14764
14770
14772
14778
14784
14788
14796
14798
14802
14814
14816
14818
14820
14824
14832
14832
14836
14840
14840
14842
14846
14854
14856
14858
14862
14862
14868
14872
14874
14878
14890
14890
14894
14898
14908
14922
14924
14928
14934
14936
14936
14940
14946
14948
14950
14954
14960
14966
14968
14972
14972
14976
14982
14988
14992
15000
15006
15012
15016
15022
15024
15026
15028
15030
15032
15036
15048
15050
15050
15052
15056
15064
15070
15078
15078
15082
15092
15098
15108
15108
15110
15110
15112
15118
15124
15156
15156
15162
15170
15174
15178
15182
15186
15194
15204
15210
15218
15232
15238
15238
15240
15240
15244
15248
15258
15270
15276
15276
15288
15290
15292
15306
15306
15318
15324
15336
15344
15344
15348
15358
15360
15364
15370
15372
15374
15388
15390
15406
15408
15410
15412
15438
15440
15450
15460
15476
15498
15520
15534
15576
15582
15588
15592
15594
15598
15610
15718
15720
15744
15770
15780
15782
15814
15942
16162
16180
16404
16442
16562
16694
17090
17194
17802
17894
17988
18222
18342
18396
18418
18484
18484
18536
18596
18866
19330
19530
19588
19632
19642
19924
20134
20158
20206
20264
20374
20376
20586
20688
21140
21234
21752
22076
22316
22398
22874
23320
23360
23462
23606
23608
23754
23836
23934
24096
24230
24290
24352
24554
24570
24574
24740
24774
24782
24964
25018
25214
25636
25736
26406
30838
33718
35070
43542
357174
