Latencies
5330
5342
5462
5854
5902
6218
6268
6832
6992
7128
7158
7520
7592
7926
8254
8272
8652
8854
9004
9018
9434
9454
9612
9666
9776
9784
9820
10014
10210
10360
10376
10572
10580
10732
10816
11342
11368
11476
11858
11898
12090
12098
12184
12242
12248
12254
12398
12850
13026
13074
13176
13344
13408
13530
13582
13702
13942
13986
14060
14414
14432
14524
14536
14622
14624
14686
14692
14720
15184
15230
15424
15474
15590
15750
15756
15758
15814
15906
15992
15996
16016
16032
16048
16150
16154
16198
16220
16246
16288
16318
16330
16402
16420
16556
16570
16602
16622
16624
16630
16632
16638
16652
16660
16690
16712
16726
16732
16746
16756
16760
16788
16838
16850
16920
16942
16964
16990
17016
17018
17060
17120
17144
17160
17182
17256
17264
17354
17364
17370
17412
17418
17428
17432
17518
17556
17566
17600
17602
17604
17660
17664
17664
17710
17724
17766
17810
17816
17842
17888
17898
17910
17938
17942
17964
17970
18080
18100
18118
18154
18192
18194
18194
18196
18210
18222
18228
18248
18258
18290
18352
18354
18382
18382
18386
18390
18404
18466
18576
18700
18702
18740
18740
18764
18766
18806
18824
18862
18868
18876
18910
18918
18936
18964
18966
18970
19012
19074
19082
19160
19166
19206
19220
19220
19222
19238
19252
19276
19284
19358
19384
19396
19398
19402
19428
19438
19480
19490
19498
19542
19560
19622
19660
19662
19674
19716
19844
19860
19904
19938
19954
20056
20124
20144
20152
20184
20186
20194
20210
20240
20252
20270
20300
20318
20340
20366
20372
20414
20432
20468
20498
20524
20546
20582
20584
20640
20666
20676
20720
20728
20732
20738
20796
20804
20846
20870
20880
20924
20956
20968
20972
21002
21034
21040
21050
21152
21152
21156
21178
21184
21204
21222
21232
21246
21260
21300
21336
21362
21372
21384
21408
21420
21434
21450
21452
21582
21584
21604
21636
21640
21650
21676
21696
21700
21748
21750
21780
21784
21792
21794
21810
21824
21866
21926
21976
21984
22112
22156
22188
22258
22284
22304
22336
22338
22366
22390
22464
22480
22490
22498
22536
22540
22546
22564
22568
22586
22594
22596
22696
22792
22818
22826
22878
22904
22954
22964
22976
22980
23038
23060
23096
23100
23160
23162
23196
23198
23218
23320
23324
23354
23368
23382
23408
23426
23440
23480
23534
23536
23552
23578
23642
23712
23716
23720
23724
23764
23802
23836
23838
23878
23942
23972
23974
23984
24022
24022
24040
24044
24050
24066
24080
24096
24134
24178
24196
24262
24268
24278
24302
24320
24330
24332
24338
24362
24370
24390
24396
24400
24420
24458
24460
24480
24484
24502
24526
24614
24620
24630
24632
24652
24740
24752
24752
24754
24792
24812
24834
24838
24866
24886
24942
24984
25020
25024
25102
25124
25132
25142
25168
25178
25206
25226
25236
25242
25248
25248
25252
25288
25300
25334
25344
25348
25362
25370
25394
25396
25404
25440
25448
25454
25458
25508
25512
25524
25552
25562
25596
25610
25648
25668
25680
25686
25696
25710
25728
25734
25736
25774
25780
25802
25816
25830
25830
25850
25868
25870
25922
25930
25956
25998
26008
26060
26060
26070
26092
26118
26132
26140
26180
26196
26198
26200
26232
26290
26336
26376
26388
26444
26490
26508
26568
26568
26582
26600
26604
26620
26696
26710
26720
26724
26732
26816
26868
26884
26900
26944
26944
26950
26994
26994
27034
27046
27048
27060
27124
27182
27186
27208
27266
27294
27296
27332
27370
27408
27422
27438
27626
27628
27654
27680
27744
27750
27764
27772
27808
27824
27948
27956
27976
27994
28062
28076
28088
28098
28102
28114
28150
28168
28204
28224
28246
28252
28264
28278
28298
28304
28354
28380
28470
28508
28516
28530
28576
28582
28588
28594
28606
28694
28714
28726
28736
28756
28818
28846
28858
28862
28886
28894
28896
29010
29064
29094
29102
29122
29126
29130
29158
29174
29174
29174
29208
29212
29232
29288
29294
29334
29334
29380
29394
29400
29420
29422
29500
29544
29552
29566
29612
29634
29672
29710
29744
29840
29890
29918
29958
29986
29998
30006
30006
30014
30076
30144
30186
30194
30220
30250
30258
30298
30316
30366
30406
30418
30458
30478
30492
30560
30560
30616
30652
30656
30672
30672
30676
30680
30702
30704
30726
30742
30742
30752
30762
30762
30776
30800
30816
30834
30846
30858
30912
30918
30950
30986
30996
31098
31104
31148
31162
31200
31286
31310
31310
31358
31394
31440
31500
31506
31506
31554
31584
31586
31644
31668
31672
31680
31696
31704
31744
31774
31782
31818
31818
31846
31848
31850
31870
31914
31934
31946
31974
32012
32036
32046
32080
32130
32248
32278
32348
32398
32478
32504
32534
32616
32644
32672
32680
32710
32860
32862
32876
33010
33032
33068
33074
33126
33172
33212
33224
33286
33298
33316
33348
33426
33450
33472
33482
33524
33530
33570
33604
33652
33668
33696
33732
33744
33766
33796
33830
33832
33838
33850
33876
33938
33940
33950
33952
34000
34010
34012
34020
34034
34050
34060
34062
34066
34066
34074
34134
34168
34174
34188
34192
34252
34282
34284
34300
34344
34350
34352
34356
34370
34370
34372
34378
34388
34412
34414
34462
34468
34468
34470
34472
34496
34496
34498
34512
34516
34518
34522
34522
34532
34540
34548
34554
34568
34568
34604
34618
34628
34674
34678
34678
34700
34714
34736
34756
34776
34778
34784
34790
34816
34870
34874
34874
34882
34914
34944
34966
34986
35022
35022
35032
35074
35080
35140
35194
35224
35230
35272
35290
35294
35392
35396
35434
35534
35546
35610
35702
35772
35786
35854
36138
36312
36590
36666
36782
37396
37588
37640
37722
38872
38922
39122
39176
39270
39390
39604
39800
40100
40394
40646
40848
40856
40986
40992
41140
41208
41400
41500
41506
41752
41824
41896
41966
41996
42098
42102
42112
42578
42752
42800
42826
42854
42990
43004
43154
43300
43306
43322
43338
43400
43676
43686
43986
44070
44304
44812
45142
46792
48988
49852
51384
51904
53032
53716
54360
54394
54518
54624
54842
55080
55812
55822
57076
63470
64654
71502
74006
90874
95046
99412
106826
107006
118834
143916
154994
203272
253770
321048
3924620
