Latencies
5544
15556
15602
15916
15920
16396
16436
16616
16662
16724
16746
16852
16878
16944
17006
17114
17146
17340
17460
17466
17552
17722
17766
17914
17954
18066
18208
18242
18394
18440
18514
18546
18564
18564
18758
18786
18956
19092
19268
19274
19308
19416
19476
19516
19516
19946
19964
20218
20346
20442
20494
20508
20636
20692
20718
20996
21014
21048
21080
21096
21164
21526
21602
21606
21682
21740
21778
21882
22032
22074
22090
22112
22152
22254
22356
22498
22618
22628
22642
22732
22822
22842
22934
23236
23408
23608
23874
23880
24112
24142
24294
24458
24554
24686
24698
24726
24776
25146
25220
25252
25274
25392
25810
25920
25996
26060
26188
26572
26624
26662
26698
26712
26756
26764
26846
26864
26926
27120
27128
27210
27264
27374
27454
27586
27632
27856
27920
28090
28164
28204
28210
28314
28430
28628
28828
28898
28908
28976
29008
29246
29258
29344
29532
29740
29744
29802
29918
30050
30324
31020
31036
31098
31358
31400
31794
31858
31860
31866
31874
31932
31932
32052
32084
32132
32286
32288
32342
32348
32540
32566
32650
32662
32796
32842
33266
33270
33540
33600
33794
33894
33980
34030
34162
34194
34426
34440
34716
34932
34944
35052
35212
35338
35424
35504
35598
35608
35626
35662
35750
35944
36026
36048
36090
36104
36208
36330
36388
36432
36588
36790
36796
36878
36888
36924
37146
37170
37300
37386
37450
37454
37708
37718
37874
37884
37902
38474
38526
38750
38768
39052
39110
39624
39802
39826
39982
40096
40308
40388
40442
40554
40662
40690
40938
41046
41242
41246
41452
41552
41600
41710
41742
41770
41846
42200
42358
42534
42638
42662
42704
42986
43206
43360
43366
43524
43566
43586
43692
43748
43858
43950
44192
44210
44234
44276
44292
44316
44324
44328
44360
44368
44522
44540
44608
44660
44862
44906
44960
45042
45044
45048
45184
45302
45326
45450
45552
45562
45572
45626
45650
45818
46122
46146
46152
46374
46588
46740
46782
47024
47084
47104
47186
47266
47464
47526
47688
47812
47852
47866
47910
47924
48288
48332
48510
48740
48776
48782
48794
48848
48892
48966
48984
49070
49238
49266
49336
49390
49476
49570
49638
49808
49890
49920
50198
50448
50628
50686
50696
50732
50984
51078
51088
51288
51334
51348
51398
51594
51608
51724
51850
51868
51934
51994
51998
52180
52234
52262
52290
52328
52350
52382
52446
52516
52572
52616
52668
52748
52876
53084
53254
53404
53554
53580
53582
53734
53740
54050
54190
54506
54608
54686
54708
54918
54968
55182
55312
55318
55412
55550
55578
55952
56014
56020
56030
56214
56248
56268
56346
56418
56464
56508
56512
56914
56916
57008
57064
57220
57332
57558
57774
57940
57946
58052
58076
58184
58254
58288
58320
58470
58626
58810
59054
59070
59130
59244
59440
59536
59584
59620
59700
60032
60556
60562
60654
60806
60826
61010
61136
61218
61314
61424
61580
61602
61682
61746
61796
61850
61904
62026
62112
62152
62224
62334
62346
62524
62698
62706
62744
62798
63120
63138
63150
63288
63348
63454
63522
63534
63560
63656
63666
63760
63784
63832
63896
63966
64164
64328
64348
64428
64450
64494
64532
64860
64966
64996
65046
65176
65238
65252
65528
65572
65614
65614
65742
65920
66330
66412
66618
66642
66956
67114
67298
67332
67448
67512
67568
67746
67800
67864
67876
67876
68176
68196
68230
68290
68520
68590
68590
68684
68800
68946
69014
69206
69266
69282
69718
69874
70038
70248
70308
70426
70590
70640
70654
70668
70756
70992
71012
71092
71188
71278
71320
71428
71520
71592
71602
71888
71910
71938
72050
72248
72272
72418
72442
72546
72676
72730
72754
72768
72794
72918
72946
72998
73158
73220
73238
73292
73304
73420
73608
73732
73784
74254
74394
74424
74456
74618
74804
74844
74852
75054
75106
75174
75190
75366
75654
75668
75752
75868
75948
76034
76044
76234
76444
76534
76746
76774
76866
76874
77020
77298
77334
77588
77664
77774
77880
77920
77984
78138
78208
78244
78688
78716
78852
78924
79050
79142
79150
79362
79836
79856
80142
80272
80500
80592
80702
80754
80816
81064
81494
81506
81538
81582
81770
81790
81830
81974
82076
82142
82520
82550
82640
82668
82734
82806
82808
82834
82916
83152
83234
83426
83532
83592
83614
83688
83894
83894
83958
83992
84088
84268
84338
84376
84466
84524
84742
84768
84834
85008
85026
85170
85188
85332
85362
85568
85770
86214
86324
86558
86570
86668
86718
86798
86862
86916
87134
87142
87324
87388
87452
87492
87496
87500
87548
87568
87568
87720
87740
87946
87980
88024
88264
88312
88494
88542
88704
88758
88876
89008
89120
89188
89256
89264
89362
89402
89528
89564
89586
89648
89704
89722
89900
90140
90418
90450
90624
90700
91340
91660
91730
91868
91990
92052
92078
92120
92160
92232
92242
92270
92440
92500
92632
92846
92848
92878
92882
92910
92914
92934
92944
92952
93012
93216
93238
93366
93404
93424
93434
93630
93640
93678
93684
93686
93792
93858
93888
93906
94046
94088
94158
94200
94206
94284
94294
94526
94526
94800
95050
95208
95220
96348
96562
96668
96700
97028
97346
97402
97410
97640
97646
97726
98054
98054
98104
98156
98342
98852
98950
99268
99624
99624
99848
99976
99994
100000
100108
100158
100162
100208
100428
100622
100938
101158
101320
101450
101500
102144
102196
102232
102336
102504
102652
102834
103016
103022
103294
103296
103296
103652
103668
103702
103860
104128
104150
104276
104690
104728
104784
104798
104798
105026
105064
105254
105412
105534
105578
105692
105694
105824
105942
106244
106588
106654
106760
107008
107126
107206
107416
107582
107606
107928
108002
108010
108090
108202
108436
108678
108776
109262
109840
109884
110390
110554
110588
110614
110638
110680
110692
110706
110796
111010
111046
111128
111332
111442
111774
111842
111950
112118
112170
112264
112332
112432
112434
112438
112444
112454
112462
112616
112664
112698
112780
112870
112946
112974
113026
113058
113184
113220
113300
113624
113642
113702
113868
114442
114710
115178
115330
115470
115524
115628
116168
116836
116846
116940
117652
119126
119302
119752
120148
120184
120348
121284
123320
123328
123528
124102
124658
125778
126712
128788
128904
128912
129560
133572
135362
141402
142438
142876
146060
163876
165300
169452
171830
182096
189832
193030
199304
218760
314720
1576538
