Latencies
4952
4958
4968
4970
4970
4980
4982
4982
4984
4984
4990
4990
4996
4996
4998
4998
5000
5000
5000
5000
5000
5000
5000
5002
5002
5002
5004
5006
5006
5008
5008
5010
5010
5010
5010
5012
5012
5012
5012
5014
5014
5014
5016
5016
5016
5016
5016
5018
5018
5018
5018
5020
5020
5020
5020
5020
5022
5022
5022
5022
5024
5026
5026
5026
5026
5028
5028
5028
5028
5030
5030
5030
5032
5032
5032
5032
5032
5034
5036
5036
5036
5038
5038
5040
5040
5040
5040
5042
5042
5042
5044
5044
5044
5044
5044
5044
5046
5048
5048
5048
5048
5048
5048
5048
5048
5050
5050
5050
5050
5052
5054
5054
5054
5054
5056
5056
5056
5056
5058
5058
5058
5058
5058
5060
5060
5060
5062
5062
5062
5064
5066
5068
5068
5070
5070
5072
5072
5074
5074
5074
5076
5076
5078
5078
5080
5080
5080
5082
5082
5084
5084
5084
5084
5084
5086
5088
5088
5088
5088
5088
5090
5090
5090
5090
5090
5090
5092
5092
5092
5094
5094
5094
5096
5096
5096
5096
5098
5098
5098
5098
5098
5098
5100
5100
5100
5102
5104
5104
5106
5106
5106
5108
5110
5110
5110
5110
5112
5112
5112
5112
5114
5114
5114
5114
5116
5116
5118
5118
5120
5120
5120
5120
5122
5122
5122
5124
5124
5124
5124
5128
5128
5130
5130
5132
5132
5134
5134
5136
5136
5136
5136
5138
5138
5140
5140
5142
5144
5144
5146
5146
5146
5146
5146
5146
5148
5148
5150
5150
5152
5152
5152
5154
5154
5154
5156
5156
5156
5156
5156
5156
5158
5158
5160
5160
5162
5162
5162
5162
5162
5164
5164
5164
5164
5164
5166
5166
5166
5166
5166
5168
5168
5168
5168
5168
5168
5168
5170
5170
5170
5172
5172
5172
5172
5172
5174
5174
5174
5176
5178
5178
5178
5178
5178
5178
5180
5180
5180
5180
5180
5182
5182
5182
5182
5182
5184
5184
5184
5184
5186
5186
5186
5186
5186
5186
5186
5186
5188
5188
5188
5188
5188
5188
5190
5190
5190
5190
5190
5190
5192
5192
5192
5194
5194
5194
5194
5194
5196
5196
5196
5196
5196
5198
5198
5198
5198
5200
5200
5200
5200
5202
5202
5204
5206
5206
5206
5206
5206
5208
5208
5208
5210
5210
5210
5212
5212
5214
5214
5214
5214
5214
5216
5216
5216
5218
5218
5218
5218
5218
5220
5220
5222
5224
5224
5224
5226
5226
5226
5228
5228
5228
5230
5230
5230
5232
5232
5232
5232
5234
5234
5234
5236
5236
5236
5240
5240
5242
5242
5242
5242
5244
5244
5244
5246
5246
5248
5248
5248
5248
5250
5250
5250
5250
5252
5252
5252
5252
5254
5254
5254
5254
5256
5256
5256
5258
5258
5260
5260
5260
5260
5260
5260
5262
5262
5262
5264
5264
5266
5266
5266
5266
5266
5268
5268
5268
5270
5270
5270
5272
5272
5272
5272
5274
5274
5274
5274
5276
5276
5276
5276
5276
5278
5278
5278
5280
5280
5280
5280
5280
5284
5286
5288
5288
5288
5290
5292
5292
5292
5292
5294
5294
5294
5296
5296
5300
5300
5304
5304
5304
5306
5306
5306
5306
5306
5310
5314
5314
5314
5314
5316
5318
5318
5320
5320
5322
5322
5322
5324
5324
5326
5326
5326
5330
5330
5330
5332
5332
5334
5334
5334
5334
5336
5338
5340
5346
5348
5348
5348
5350
5350
5350
5352
5354
5354
5354
5354
5356
5358
5358
5360
5362
5364
5364
5364
5364
5368
5370
5370
5372
5374
5376
5376
5380
5380
5382
5384
5384
5384
5386
5386
5392
5394
5394
5396
5398
5400
5400
5400
5404
5404
5406
5406
5406
5406
5408
5408
5408
5410
5410
5410
5410
5410
5412
5416
5416
5416
5418
5418
5420
5422
5424
5426
5428
5428
5432
5432
5434
5436
5440
5442
5442
5444
5446
5448
5450
5450
5452
5460
5462
5464
5464
5470
5470
5478
5478
5480
5480
5480
5486
5486
5486
5490
5492
5498
5500
5500
5500
5502
5506
5510
5512
5512
5514
5514
5516
5518
5524
5532
5536
5536
5538
5538
5540
5542
5550
5552
5554
5556
5560
5562
5566
5566
5572
5572
5574
5580
5580
5582
5584
5590
5590
5592
5592
5594
5600
5604
5614
5620
5626
5632
5632
5636
5638
5644
5644
5646
5652
5656
5658
5660
5660
5666
5670
5670
5674
5674
5678
5686
5688
5690
5700
5704
5706
5716
5716
5716
5722
5724
5724
5726
5740
5742
5750
5756
5758
5764
5768
5770
5774
5774
5776
5778
5778
5790
5792
5792
5796
5796
5804
5806
5812
5812
5818
5818
5820
5820
5822
5822
5824
5824
5824
5826
5834
5834
5836
5840
5840
5840
5846
5860
5864
5868
5872
5874
5882
5886
5892
5908
5910
5910
5916
5916
5930
5932
5936
5940
5944
5946
5954
5966
5966
5966
5968
5980
5980
5990
5998
6000
6010
6018
6018
6026
6028
6028
6030
6034
6052
6058
6068
6072
6084
6086
6088
6100
6102
6116
6122
6134
6138
6150
6158
6168
6184
6186
6194
6212
6228
6230
6232
6242
6246
6266
6270
6284
6296
6306
6310
6324
6326
6366
6372
6412
6444
6450
6462
6478
6480
6498
6498
6526
6584
6604
6628
6656
6662
6734
6822
6858
7234
7364
7396
7504
7612
7652
7694
7914
7994
8134
8172
8210
8392
9124
9188
9214
9508
9740
9820
9852
9932
9946
10098
10322
10484
10526
10700
10960
11028
11378
11602
11616
11848
11978
12056
12166
12192
12222
12306
12350
12408
12902
13038
13528
13566
14084
14084
14164
14192
14210
14410
14562
14716
15092
15174
15608
15658
15752
16432
16460
16564
16890
17338
18134
18738
19044
19578
19864
20000
20074
20312
20388
20488
20522
20604
20876
20890
21336
21670
23230
23548
23890
24180
24878
25586
25818
25946
26214
26300
26562
26862
27230
27696
28412
28622
30166
30744
31820
34872
35122
35286
35712
36504
37946
38932
39492
40138
52510
53712
115508
