Latencies
5010
5026
5028
5042
5042
5042
5046
5052
5054
5054
5056
5062
5062
5062
5064
5066
5066
5066
5068
5070
5070
5070
5072
5074
5076
5076
5078
5080
5080
5084
5084
5084
5086
5088
5088
5090
5090
5090
5090
5094
5096
5096
5096
5098
5102
5102
5102
5104
5104
5104
5108
5108
5108
5108
5110
5112
5112
5112
5114
5114
5114
5116
5116
5118
5118
5120
5122
5124
5126
5128
5128
5130
5132
5132
5140
5140
5142
5142
5144
5144
5144
5144
5146
5146
5146
5148
5148
5148
5150
5150
5150
5150
5150
5152
5152
5152
5152
5152
5154
5154
5154
5154
5154
5154
5154
5154
5156
5158
5158
5160
5160
5162
5162
5164
5164
5166
5166
5168
5170
5170
5170
5172
5172
5172
5172
5174
5174
5174
5174
5174
5176
5176
5176
5178
5178
5182
5182
5184
5184
5186
5186
5188
5188
5188
5188
5190
5190
5190
5192
5192
5192
5192
5192
5192
5194
5196
5196
5196
5198
5198
5198
5200
5200
5200
5200
5202
5202
5202
5204
5204
5204
5206
5206
5206
5206
5206
5206
5206
5206
5208
5208
5210
5210
5210
5210
5212
5212
5212
5212
5214
5216
5216
5216
5216
5218
5218
5218
5218
5218
5220
5220
5220
5220
5220
5222
5222
5222
5224
5224
5224
5224
5224
5224
5224
5224
5226
5226
5226
5226
5226
5226
5226
5230
5230
5230
5232
5232
5232
5232
5234
5234
5234
5234
5236
5236
5236
5238
5238
5238
5238
5238
5238
5238
5240
5240
5240
5240
5240
5242
5242
5242
5244
5244
5246
5246
5246
5246
5246
5248
5248
5248
5248
5250
5250
5250
5250
5250
5250
5252
5252
5252
5252
5254
5254
5254
5256
5256
5256
5256
5258
5258
5258
5258
5260
5262
5262
5262
5264
5264
5264
5264
5264
5264
5264
5264
5264
5266
5266
5266
5266
5266
5268
5268
5268
5268
5268
5270
5270
5270
5270
5270
5270
5272
5272
5272
5272
5272
5274
5274
5274
5274
5274
5274
5274
5276
5278
5278
5278
5278
5280
5280
5280
5280
5282
5282
5282
5282
5282
5284
5284
5284
5284
5284
5284
5286
5286
5286
5288
5288
5288
5288
5288
5288
5290
5290
5290
5290
5290
5290
5290
5292
5292
5292
5292
5292
5294
5294
5294
5294
5296
5298
5298
5298
5298
5298
5300
5300
5300
5300
5302
5302
5304
5304
5304
5306
5306
5306
5308
5308
5310
5314
5314
5316
5316
5316
5316
5316
5316
5316
5318
5318
5318
5318
5320
5320
5320
5320
5322
5322
5322
5322
5324
5324
5324
5324
5326
5326
5326
5326
5326
5326
5326
5328
5332
5332
5332
5334
5336
5336
5336
5336
5336
5336
5336
5336
5336
5338
5340
5340
5342
5342
5344
5344
5344
5348
5348
5350
5350
5352
5352
5354
5354
5354
5354
5356
5356
5358
5358
5358
5360
5360
5360
5360
5362
5362
5362
5362
5362
5364
5364
5366
5366
5368
5372
5372
5372
5372
5374
5374
5374
5374
5374
5376
5376
5376
5376
5376
5376
5378
5378
5378
5378
5380
5380
5380
5382
5382
5384
5384
5384
5386
5386
5386
5388
5390
5390
5390
5394
5394
5394
5394
5396
5396
5398
5398
5398
5400
5400
5402
5402
5402
5404
5404
5406
5408
5408
5408
5410
5410
5412
5412
5412
5414
5414
5414
5414
5416
5416
5418
5418
5420
5422
5422
5424
5424
5426
5426
5426
5428
5430
5430
5430
5430
5436
5438
5440
5440
5440
5442
5442
5444
5444
5444
5446
5448
5448
5450
5450
5452
5452
5452
5454
5454
5456
5456
5458
5458
5460
5460
5462
5468
5472
5472
5472
5474
5474
5478
5478
5480
5480
5482
5484
5486
5488
5488
5492
5494
5494
5496
5498
5502
5504
5504
5508
5510
5510
5516
5518
5518
5518
5518
5520
5524
5526
5526
5534
5534
5546
5546
5548
5548
5550
5552
5554
5556
5558
5560
5560
5562
5562
5564
5564
5566
5566
5568
5568
5568
5570
5570
5570
5572
5574
5574
5574
5576
5578
5584
5586
5588
5592
5594
5596
5600
5600
5606
5608
5608
5608
5610
5622
5622
5624
5624
5626
5630
5630
5632
5634
5634
5634
5638
5638
5638
5640
5644
5644
5646
5648
5652
5654
5654
5654
5654
5658
5662
5666
5668
5668
5668
5672
5674
5674
5674
5676
5678
5680
5680
5682
5684
5686
5686
5688
5692
5694
5696
5698
5700
5700
5700
5702
5704
5704
5706
5714
5714
5716
5720
5720
5720
5722
5728
5730
5730
5740
5740
5744
5746
5750
5750
5756
5758
5762
5764
5766
5772
5774
5774
5778
5780
5782
5782
5784
5784
5784
5786
5788
5790
5790
5790
5794
5802
5804
5806
5814
5816
5816
5822
5832
5836
5838
5842
5846
5846
5852
5852
5854
5856
5856
5856
5856
5860
5860
5862
5866
5868
5868
5872
5874
5874
5878
5880
5882
5888
5888
5894
5896
5896
5900
5902
5908
5908
5910
5914
5916
5918
5922
5922
5930
5930
5930
5932
5932
5934
5934
5934
5940
5944
5944
5946
5948
5950
5956
5968
5968
5974
5974
5974
5976
5978
5982
5984
5988
5992
5994
6000
6008
6010
6012
6014
6022
6028
6032
6032
6038
6046
6062
6064
6066
6072
6074
6078
6084
6088
6088
6094
6108
6114
6118
6118
6120
6122
6146
6150
6150
6152
6162
6162
6170
6176
6180
6208
6212
6236
6250
6252
6264
6274
6276
6276
6276
6282
6282
6282
6296
6304
6308
6312
6334
6342
6350
6380
6408
6420
6434
6440
6504
6536
6538
6566
6594
6630
6658
6766
6800
6820
6896
6948
6974
6990
7058
7060
7284
7292
7312
7726
7904
7986
8002
8038
8146
8174
8460
8908
9110
9126
9276
9324
9328
9602
9676
9922
10264
10460
10528
10786
10794
10832
10964
11090
11444
11472
11494
11512
11578
12126
12444
12528
12730
13014
13154
13162
13326
13516
13658
13770
13868
13902
14024
14114
14366
14508
14576
14650
14800
15100
15178
15190
15292
15368
16324
17426
17426
17436
18178
18286
18366
18852
19558
20050
20128
20624
21016
21032
21586
22858
24280
24874
24944
25084
25126
25210
25456
25630
25836
26014
27472
29916
29960
30134
30174
31766
32054
35716
35898
36144
51506
52996
91684
435492
446390
