Latencies
5138
5158
5186
5188
5190
5198
5200
5208
5210
5210
5214
5218
5224
5224
5224
5228
5228
5228
5228
5232
5234
5234
5236
5238
5238
5240
5242
5242
5242
5244
5244
5246
5250
5250
5250
5252
5256
5258
5258
5258
5258
5260
5264
5266
5266
5266
5268
5268
5268
5276
5276
5276
5276
5280
5280
5282
5282
5282
5284
5284
5286
5288
5290
5292
5296
5298
5300
5300
5302
5302
5302
5302
5304
5304
5304
5306
5308
5308
5310
5312
5316
5316
5316
5318
5318
5318
5320
5320
5320
5324
5326
5326
5326
5328
5328
5328
5330
5330
5330
5330
5332
5332
5332
5332
5332
5334
5334
5334
5334
5334
5334
5336
5336
5336
5338
5338
5338
5340
5340
5342
5342
5342
5342
5344
5344
5344
5344
5344
5344
5346
5346
5346
5346
5346
5348
5348
5348
5350
5352
5352
5352
5352
5354
5354
5354
5356
5356
5358
5358
5358
5358
5360
5360
5360
5360
5360
5360
5360
5360
5360
5362
5362
5362
5364
5364
5364
5364
5364
5366
5366
5368
5368
5368
5368
5368
5370
5370
5370
5372
5372
5372
5374
5374
5374
5374
5374
5376
5376
5376
5376
5378
5378
5378
5378
5378
5378
5380
5380
5380
5382
5382
5382
5382
5384
5384
5384
5384
5386
5386
5386
5386
5386
5388
5388
5388
5388
5388
5388
5390
5390
5390
5390
5392
5394
5394
5394
5394
5394
5394
5396
5396
5396
5396
5396
5396
5398
5398
5398
5398
5398
5398
5398
5400
5400
5402
5402
5402
5404
5404
5404
5404
5406
5406
5406
5406
5406
5406
5408
5408
5408
5408
5408
5408
5408
5410
5412
5412
5412
5412
5412
5412
5412
5412
5414
5414
5414
5416
5416
5416
5416
5416
5418
5418
5418
5418
5420
5420
5420
5422
5422
5422
5424
5426
5426
5426
5426
5426
5426
5426
5428
5428
5428
5430
5430
5432
5432
5432
5432
5432
5432
5434
5434
5436
5436
5436
5436
5438
5438
5438
5438
5438
5440
5440
5440
5440
5440
5440
5440
5440
5440
5442
5442
5442
5444
5444
5444
5444
5446
5446
5446
5448
5448
5448
5450
5452
5454
5454
5456
5456
5458
5460
5460
5462
5462
5464
5464
5464
5466
5466
5466
5468
5468
5470
5470
5470
5470
5470
5470
5470
5472
5472
5474
5476
5476
5476
5478
5478
5480
5480
5480
5480
5482
5482
5482
5486
5486
5488
5488
5488
5490
5490
5490
5490
5492
5494
5494
5494
5496
5496
5496
5498
5498
5498
5498
5498
5500
5500
5500
5500
5500
5502
5502
5504
5504
5504
5504
5506
5506
5506
5508
5508
5508
5508
5508
5508
5512
5512
5512
5512
5512
5514
5514
5514
5514
5516
5516
5516
5516
5518
5520
5520
5520
5522
5524
5524
5526
5526
5526
5526
5526
5526
5526
5528
5528
5528
5528
5528
5528
5528
5528
5530
5530
5530
5530
5530
5530
5532
5532
5532
5532
5532
5532
5534
5534
5534
5536
5536
5536
5538
5540
5540
5542
5542
5542
5542
5548
5548
5550
5550
5550
5552
5554
5554
5556
5556
5556
5558
5558
5558
5558
5558
5560
5560
5560
5560
5562
5564
5564
5566
5568
5568
5568
5570
5570
5576
5576
5576
5578
5580
5580
5582
5582
5582
5584
5586
5592
5592
5592
5596
5596
5596
5596
5598
5598
5600
5600
5602
5606
5606
5608
5608
5610
5610
5612
5614
5614
5614
5616
5616
5620
5622
5624
5624
5624
5626
5626
5628
5630
5632
5632
5636
5638
5638
5638
5642
5644
5646
5648
5648
5648
5648
5650
5650
5652
5652
5652
5658
5658
5660
5662
5662
5662
5662
5662
5662
5664
5664
5664
5664
5664
5668
5670
5670
5672
5674
5674
5674
5674
5676
5680
5680
5682
5686
5686
5688
5688
5690
5694
5694
5694
5694
5702
5702
5702
5704
5706
5710
5714
5716
5716
5718
5718
5724
5728
5732
5732
5736
5736
5738
5738
5738
5744
5746
5746
5750
5750
5750
5754
5756
5756
5758
5760
5760
5760
5764
5766
5768
5768
5772
5776
5776
5778
5780
5782
5782
5784
5784
5784
5786
5786
5786
5786
5788
5790
5792
5794
5794
5800
5800
5804
5806
5806
5808
5810
5812
5814
5814
5814
5816
5818
5820
5820
5820
5820
5828
5828
5832
5834
5836
5838
5838
5838
5840
5842
5846
5848
5850
5852
5856
5858
5858
5860
5862
5866
5868
5868
5870
5874
5876
5878
5882
5882
5888
5892
5900
5900
5908
5910
5912
5912
5918
5920
5922
5922
5924
5926
5930
5932
5932
5932
5934
5936
5936
5936
5942
5944
5946
5946
5950
5950
5952
5952
5958
5958
5958
5968
5970
5972
5974
5984
5984
5984
5986
5992
5992
5994
5994
5994
5998
5998
6000
6002
6002
6004
6008
6010
6016
6016
6016
6018
6020
6030
6030
6038
6042
6044
6044
6046
6046
6050
6052
6052
6052
6058
6064
6064
6064
6064
6066
6066
6070
6070
6072
6074
6076
6078
6080
6082
6082
6082
6084
6092
6092
6094
6098
6098
6098
6104
6106
6108
6110
6110
6112
6114
6114
6116
6118
6120
6132
6134
6140
6142
6144
6144
6152
6162
6162
6166
6168
6168
6172
6174
6176
6178
6180
6182
6184
6192
6194
6204
6208
6210
6220
6222
6222
6226
6234
6234
6244
6244
6250
6260
6266
6268
6270
6278
6280
6286
6292
6292
6294
6294
6298
6298
6306
6308
6308
6320
6320
6324
6332
6334
6344
6356
6360
6378
6378
6386
6392
6412
6412
6422
6436
6456
6474
6476
6480
6522
6550
6550
6558
6562
6566
6586
6628
6628
6638
6644
6698
6734
6764
6806
6810
6880
6898
6912
6914
6954
7040
7080
7114
7204
7332
7394
7514
7592
7702
7728
7762
8180
8236
8294
8606
8632
8756
8786
8974
9152
9182
9188
9266
9502
9768
10176
10224
10448
10668
10752
11376
11652
11670
11720
11734
11994
12046
12446
13042
14296
14470
14536
14604
14720
14800
15078
15378
15982
16144
16216
17026
17494
18594
18630
18750
18976
19168
19400
19826
20026
20372
20496
21638
22022
22614
22778
23536
24524
25362
25486
26078
28522
30134
31628
32066
32290
33404
35258
35414
37004
38510
365822
