Latencies
5278
5332
5344
5344
5366
5384
5384
5390
5410
5418
5434
5462
5474
5474
5502
5506
5512
5518
5526
5562
5570
5572
5578
5578
5602
5612
5624
5642
5658
5664
5668
5684
5690
5694
5706
5720
5736
5738
5760
5762
5772
5776
5800
5812
5818
5844
5848
5850
5856
5882
5906
5950
5954
5956
5958
5988
5996
6006
6028
6030
6042
6076
6084
6114
6150
6160
6162
6172
6208
6210
6224
6250
6316
6418
6426
6438
6512
6522
6530
6546
6574
6584
6594
6620
6670
6702
6788
6812
6870
6894
6904
6968
6994
7006
7038
7058
7116
7126
7144
7174
7216
7228
7288
7296
7366
7426
7450
7466
7480
7626
7630
7656
7662
7662
7712
7732
7742
7774
7828
7840
7848
7870
7972
8082
8092
8102
8112
8126
8172
8228
8234
8242
8252
8314
8420
8526
8550
8572
8588
8608
8620
8696
8712
8724
8748
8780
8800
8804
8804
8870
8870
8912
8934
8952
8976
9032
9066
9124
9140
9286
9304
9438
9442
9442
9456
9466
9576
9644
9684
9714
9738
9754
9776
9778
9834
9870
9880
9882
9924
9998
10052
10052
10092
10094
10144
10150
10184
10230
10252
10312
10350
10378
10390
10390
10458
10474
10484
10524
10582
10660
10772
10788
10800
10824
10830
10834
10850
10872
10900
10958
10970
10974
11010
11046
11060
11068
11088
11102
11110
11110
11110
11194
11228
11236
11314
11316
11424
11442
11456
11498
11522
11548
11702
11760
11764
11854
12018
12074
12208
12218
12222
12234
12258
12300
12332
12368
12374
12386
12388
12388
12418
12452
12456
12482
12506
12580
12590
12596
12630
12646
12664
12732
12754
12790
12800
12882
12964
13004
13070
13164
13164
13218
13238
13408
13430
13454
13496
13674
13696
13698
13750
13776
13928
13942
13948
13982
14026
14038
14066
14086
14118
14178
14210
14234
14242
14242
14248
14256
14274
14288
14290
14344
14348
14392
14408
14438
14462
14478
14484
14496
14502
14510
14528
14550
14574
14582
14594
14622
14632
14632
14640
14646
14652
14656
14662
14670
14672
14676
14696
14718
14722
14726
14730
14730
14734
14758
14762
14762
14768
14772
14778
14782
14790
14800
14808
14810
14812
14814
14820
14824
14828
14830
14842
14852
14860
14870
14872
14874
14884
14886
14886
14888
14888
14892
14900
14910
14914
14918
14940
14946
14960
14960
14986
14996
15002
15012
15026
15032
15038
15040
15050
15052
15058
15064
15066
15088
15090
15094
15098
15116
15116
15126
15128
15136
15140
15142
15146
15146
15160
15162
15174
15180
15186
15204
15214
15214
15218
15226
15258
15260
15274
15280
15280
15280
15298
15302
15306
15312
15326
15344
15352
15368
15370
15380
15396
15422
15428
15432
15434
15434
15434
15448
15464
15472
15484
15484
15500
15504
15504
15508
15522
15524
15532
15534
15568
15568
15576
15586
15592
15598
15602
15604
15616
15618
15638
15640
15640
15646
15672
15716
15800
15808
15838
15910
15912
16038
16044
16060
16066
16092
16098
16114
16116
16118
16168
16184
16234
16284
16438
16524
16524
16580
16612
16680
16690
16748
16766
16774
16876
16886
16990
16990
17008
17164
17166
17212
17300
17336
17496
17546
17654
17722
17770
17790
17892
17918
17962
18048
18148
18256
18290
18404
18486
18604
18660
18674
18714
18800
18906
18944
19020
19082
19128
19170
19182
19190
19200
19256
19276
19278
19282
19328
19404
19436
19506
19722
19888
19916
19920
19930
20082
20102
20128
20152
20202
20210
20268
20372
20516
20564
20612
20612
20738
20788
21024
21032
21208
21280
21372
21526
21810
21818
21822
21846
21876
21914
21972
21974
22078
22102
22350
22436
22484
22500
22566
22568
22764
22782
22960
23010
23056
23108
23112
23130
23232
23254
23304
23326
23386
23404
23440
23452
23472
23502
23510
23514
23620
23644
23698
23740
23778
23818
23818
23830
23876
23956
24036
24064
24116
24124
24160
24178
24182
24192
24192
24230
24240
24252
24256
24270
24274
24292
24314
24344
24354
24354
24390
24404
24420
24452
24500
24510
24560
24568
24576
24582
24588
24604
24612
24636
24684
24800
24812
24908
24976
24994
24996
25020
25022
25028
25038
25050
25148
25174
25238
25238
25242
25254
25256
25268
25280
25292
25328
25352
25366
25374
25414
25434
25484
25498
25536
25600
25658
25716
25786
25820
25874
25896
25934
26018
26038
26048
26132
26144
26182
26250
26270
26298
26340
26436
26552
26668
26686
26710
26718
26740
26772
26802
26832
26900
26948
27002
27342
27480
27526
27580
27698
27786
27846
27914
27968
27996
28052
28138
28170
28394
28398
28588
28614
28768
28856
28978
29240
29276
29358
29414
29416
29444
29480
29606
29626
29708
29728
29742
30002
30088
30108
30182
30210
30236
30264
30318
30332
30476
30508
30548
30608
30670
30696
30714
30720
30730
30970
31014
31094
31158
31164
31166
31194
31204
31210
31232
31240
31290
31296
31404
31586
31596
31604
31634
32048
32220
32382
32416
32432
32448
32630
32664
32684
32714
32752
32788
33018
33098
33134
33142
33152
33236
33282
33368
33376
33508
33572
33606
33756
33762
33762
33774
33778
33784
33792
33818
33824
33828
33860
33906
33930
33934
33956
33958
33988
33990
34032
34040
34042
34068
34072
34072
34106
34144
34164
34210
34222
34232
34234
34242
34272
34280
34316
34318
34340
34340
34364
34376
34382
34392
34404
34404
34420
34436
34438
34440
34452
34456
34460
34462
34482
34482
34500
34510
34526
34550
34588
34594
34600
34600
34600
34608
34608
34622
34624
34630
34632
34636
34640
34644
34646
34650
34656
34698
34702
34710
34732
34746
34762
34762
34770
34772
34780
34790
34810
34814
34836
34836
34870
34900
34908
34908
34922
34922
34924
34926
34932
34952
35004
35016
35018
35028
35038
35050
35062
35070
35078
35086
35102
35126
35132
35134
35136
35146
35156
35170
35188
35200
35234
35278
35416
35508
35518
35522
35554
35566
35594
35600
35622
35640
35674
35718
35772
35834
35900
35914
35990
36064
36068
36080
36098
36358
36362
36544
36606
36800
36908
37036
37050
37068
39050
39958
40906
41410
42682
43134
43598
43872
43998
44060
44070
44124
44474
44486
45874
46704
47602
52610
54114
54470
54560
58940
59472
71274
210526
587062
1684204
9413434
