Latencies
5042
5080
5084
5098
5114
5116
5116
5116
5118
5134
5138
5138
5138
5146
5152
5156
5158
5162
5164
5164
5166
5170
5172
5172
5174
5176
5176
5176
5180
5184
5184
5184
5186
5190
5190
5196
5198
5200
5200
5200
5202
5204
5208
5208
5210
5210
5212
5212
5212
5212
5216
5218
5220
5220
5222
5222
5226
5226
5228
5232
5234
5234
5234
5236
5236
5236
5238
5240
5240
5240
5242
5242
5242
5242
5244
5244
5246
5248
5248
5250
5250
5250
5252
5252
5252
5254
5254
5254
5256
5256
5256
5256
5258
5258
5258
5258
5260
5260
5260
5262
5262
5262
5262
5262
5264
5264
5266
5266
5266
5266
5266
5268
5268
5268
5270
5272
5272
5272
5272
5272
5272
5274
5274
5274
5274
5276
5276
5276
5278
5278
5278
5280
5280
5280
5282
5282
5282
5284
5284
5286
5288
5288
5288
5290
5290
5290
5290
5290
5290
5292
5294
5296
5296
5296
5296
5296
5296
5296
5296
5298
5298
5300
5300
5302
5302
5302
5302
5304
5304
5304
5304
5306
5306
5306
5308
5308
5308
5308
5310
5314
5314
5314
5314
5316
5318
5318
5318
5320
5320
5320
5320
5322
5322
5322
5322
5322
5324
5326
5326
5326
5326
5326
5328
5328
5328
5330
5332
5332
5332
5332
5334
5334
5334
5336
5336
5336
5338
5338
5338
5338
5340
5340
5342
5344
5344
5344
5346
5348
5350
5350
5352
5352
5352
5354
5354
5354
5356
5356
5356
5358
5358
5358
5358
5358
5360
5360
5362
5362
5362
5364
5364
5364
5366
5366
5368
5368
5368
5368
5370
5372
5372
5372
5374
5374
5374
5376
5376
5378
5378
5378
5380
5382
5382
5382
5384
5384
5384
5388
5388
5388
5388
5390
5390
5390
5392
5392
5392
5392
5392
5394
5394
5394
5396
5396
5398
5398
5400
5400
5400
5400
5400
5402
5402
5404
5404
5406
5406
5406
5408
5408
5408
5410
5410
5412
5412
5414
5414
5414
5414
5414
5416
5416
5418
5418
5418
5420
5420
5420
5422
5422
5422
5422
5424
5424
5424
5424
5424
5426
5426
5426
5428
5428
5428
5428
5430
5430
5430
5430
5430
5432
5432
5432
5434
5434
5436
5436
5438
5440
5440
5442
5442
5442
5444
5444
5444
5446
5446
5448
5448
5450
5452
5452
5452
5454
5454
5454
5454
5454
5456
5456
5456
5456
5458
5458
5462
5462
5464
5464
5466
5466
5466
5466
5466
5466
5468
5470
5472
5474
5476
5478
5478
5478
5478
5478
5480
5480
5480
5482
5482
5482
5482
5484
5484
5484
5486
5486
5486
5486
5488
5490
5490
5490
5492
5492
5494
5494
5496
5496
5498
5498
5500
5502
5504
5504
5508
5508
5508
5508
5508
5510
5510
5514
5516
5516
5516
5518
5520
5520
5526
5530
5530
5532
5532
5534
5536
5536
5536
5540
5540
5540
5540
5542
5544
5548
5552
5552
5554
5556
5556
5558
5564
5564
5566
5566
5568
5568
5568
5574
5578
5578
5580
5580
5580
5582
5582
5582
5582
5586
5586
5586
5588
5590
5596
5602
5602
5604
5608
5608
5608
5608
5608
5608
5608
5608
5610
5616
5616
5618
5622
5622
5624
5624
5624
5628
5630
5632
5634
5636
5636
5638
5638
5640
5640
5642
5642
5644
5644
5646
5648
5648
5650
5650
5652
5656
5656
5660
5664
5664
5664
5664
5666
5666
5666
5668
5668
5670
5672
5672
5676
5676
5678
5678
5682
5684
5684
5684
5684
5686
5690
5692
5692
5696
5696
5696
5696
5700
5702
5704
5710
5710
5710
5712
5712
5712
5714
5714
5718
5718
5722
5726
5726
5728
5728
5730
5732
5732
5732
5732
5734
5736
5738
5740
5740
5740
5740
5742
5742
5744
5746
5746
5746
5746
5748
5750
5750
5752
5754
5756
5756
5760
5760
5760
5764
5764
5764
5766
5766
5768
5768
5770
5772
5774
5776
5776
5776
5778
5778
5780
5780
5782
5782
5784
5784
5788
5790
5790
5794
5794
5796
5796
5796
5798
5798
5798
5800
5802
5808
5808
5810
5812
5812
5814
5816
5818
5818
5818
5820
5822
5824
5826
5826
5828
5832
5834
5836
5840
5840
5846
5846
5846
5848
5848
5850
5850
5850
5852
5858
5858
5862
5866
5866
5868
5868
5870
5870
5872
5872
5874
5876
5882
5890
5892
5894
5898
5898
5898
5904
5906
5910
5912
5912
5914
5918
5920
5922
5924
5924
5924
5926
5926
5928
5928
5928
5930
5932
5932
5932
5932
5934
5934
5938
5938
5940
5940
5940
5944
5944
5952
5952
5954
5956
5958
5958
5960
5964
5964
5968
5968
5974
5974
5976
5976
5978
5978
5980
5982
5982
5984
5984
5986
5986
5986
5986
5988
5990
5990
5992
5996
6002
6002
6004
6020
6022
6022
6024
6026
6028
6028
6030
6032
6032
6034
6034
6038
6038
6038
6040
6042
6046
6048
6048
6052
6054
6054
6060
6062
6062
6062
6062
6064
6064
6064
6066
6072
6074
6074
6078
6080
6084
6094
6094
6098
6102
6104
6106
6108
6108
6108
6112
6112
6112
6120
6120
6120
6120
6120
6124
6124
6128
6128
6130
6140
6140
6142
6144
6146
6148
6148
6150
6150
6160
6162
6168
6174
6174
6176
6176
6180
6194
6196
6198
6200
6200
6204
6206
6210
6212
6212
6216
6228
6234
6244
6254
6254
6258
6258
6260
6260
6276
6278
6282
6286
6292
6322
6324
6326
6330
6346
6368
6374
6394
6400
6404
6430
6430
6436
6448
6450
6456
6462
6476
6500
6510
6518
6530
6534
6546
6558
6564
6568
6568
6592
6612
6622
6678
6678
6678
6704
6730
6754
6800
6824
6842
6878
6882
6900
6948
6972
6992
7018
7040
7066
7084
7090
7124
7158
7190
7218
7228
7290
7300
7318
7320
7368
7372
7402
7424
7428
7472
7488
7538
7594
7652
7712
7804
7808
7828
7838
7874
7878
7924
8004
8020
8480
8566
8756
8780
9022
9122
9166
9350
9354
9356
9426
9430
9486
9960
9966
10114
10442
10964
11312
11370
11490
11678
11724
12064
12184
12232
12888
13348
13932
14194
14388
14438
14826
15342
15346
15596
16220
16734
18400
18584
19492
20292
20500
21128
22260
22434
22824
23380
25488
26336
26608
31284
31314
31532
33818
33946
34894
