Latencies
5194
5260
5272
5298
5298
5302
5302
5306
5306
5306
5310
5312
5314
5324
5328
5328
5328
5330
5332
5332
5344
5346
5348
5350
5352
5352
5356
5356
5358
5360
5362
5362
5362
5362
5362
5364
5364
5366
5368
5370
5370
5372
5372
5372
5372
5372
5372
5374
5374
5376
5376
5376
5376
5376
5378
5380
5380
5382
5382
5382
5384
5386
5386
5388
5390
5390
5390
5392
5394
5394
5396
5398
5398
5398
5398
5398
5400
5400
5400
5400
5400
5400
5402
5402
5402
5402
5402
5402
5404
5404
5408
5408
5408
5410
5410
5412
5412
5412
5412
5414
5418
5418
5418
5418
5418
5420
5420
5420
5422
5422
5422
5422
5422
5422
5426
5426
5426
5426
5426
5426
5428
5428
5430
5430
5432
5432
5432
5434
5436
5436
5436
5438
5438
5438
5440
5440
5440
5440
5440
5440
5440
5440
5440
5444
5446
5446
5446
5446
5448
5448
5448
5448
5450
5450
5450
5450
5450
5450
5452
5452
5454
5454
5454
5456
5456
5456
5458
5458
5458
5458
5460
5464
5464
5464
5466
5466
5468
5470
5470
5472
5474
5474
5474
5474
5476
5476
5476
5478
5478
5478
5478
5478
5478
5480
5480
5480
5480
5482
5482
5484
5484
5484
5484
5484
5486
5486
5486
5488
5488
5488
5488
5490
5490
5492
5492
5492
5496
5496
5496
5498
5498
5500
5500
5502
5502
5502
5502
5504
5504
5506
5506
5506
5506
5506
5508
5508
5508
5508
5508
5508
5510
5510
5512
5512
5512
5512
5512
5514
5514
5516
5516
5516
5518
5518
5518
5520
5522
5522
5522
5522
5522
5522
5524
5524
5524
5526
5526
5526
5526
5526
5526
5528
5528
5528
5528
5532
5532
5534
5534
5534
5534
5536
5536
5536
5540
5542
5542
5544
5544
5544
5546
5548
5548
5548
5548
5550
5550
5550
5550
5550
5550
5552
5552
5554
5554
5556
5556
5558
5560
5560
5562
5562
5564
5564
5564
5564
5566
5568
5570
5570
5572
5574
5574
5574
5574
5576
5578
5580
5580
5582
5582
5582
5584
5584
5584
5584
5586
5588
5588
5588
5590
5590
5590
5590
5592
5592
5592
5594
5594
5594
5596
5598
5598
5600
5600
5602
5602
5602
5602
5602
5602
5604
5604
5606
5608
5608
5608
5610
5610
5612
5612
5612
5614
5616
5616
5616
5616
5618
5618
5620
5622
5622
5624
5624
5626
5628
5630
5632
5632
5634
5634
5636
5636
5638
5640
5640
5642
5642
5644
5644
5646
5646
5646
5646
5646
5648
5648
5648
5650
5650
5652
5652
5654
5656
5658
5658
5660
5660
5662
5662
5666
5668
5668
5670
5670
5670
5672
5672
5672
5672
5674
5682
5686
5686
5686
5690
5690
5690
5692
5692
5692
5694
5696
5698
5700
5700
5702
5702
5706
5706
5708
5708
5708
5708
5710
5710
5712
5712
5712
5714
5714
5716
5716
5718
5718
5718
5718
5720
5720
5720
5722
5722
5724
5724
5724
5724
5726
5728
5728
5728
5730
5730
5732
5736
5740
5742
5744
5748
5748
5748
5748
5750
5750
5752
5752
5752
5752
5754
5756
5758
5758
5760
5760
5760
5762
5762
5764
5764
5764
5764
5764
5768
5768
5770
5770
5772
5780
5782
5782
5784
5784
5784
5786
5786
5792
5792
5796
5798
5798
5802
5804
5804
5804
5806
5806
5808
5808
5812
5812
5814
5814
5816
5818
5820
5820
5820
5820
5822
5822
5822
5824
5826
5828
5830
5832
5834
5834
5834
5834
5834
5838
5840
5840
5842
5842
5846
5846
5852
5858
5858
5858
5858
5860
5860
5862
5864
5866
5866
5868
5868
5868
5872
5872
5876
5876
5880
5880
5880
5882
5884
5884
5888
5888
5890
5892
5892
5898
5900
5904
5904
5906
5908
5908
5908
5910
5910
5912
5912
5912
5912
5914
5914
5916
5918
5918
5918
5920
5920
5920
5924
5926
5930
5932
5932
5932
5932
5932
5934
5934
5934
5938
5938
5940
5942
5944
5946
5946
5950
5952
5954
5954
5954
5956
5958
5958
5958
5958
5962
5962
5962
5968
5968
5970
5972
5974
5976
5980
5980
5982
5986
5986
5994
5996
5998
6002
6004
6004
6006
6008
6010
6012
6012
6012
6014
6016
6020
6020
6022
6022
6024
6026
6028
6032
6032
6036
6036
6040
6040
6040
6042
6050
6050
6056
6058
6058
6060
6060
6062
6064
6066
6068
6068
6070
6070
6074
6074
6074
6076
6078
6078
6078
6080
6080
6082
6082
6088
6094
6096
6098
6098
6102
6104
6106
6106
6108
6110
6114
6118
6124
6124
6126
6126
6130
6132
6132
6132
6134
6138
6138
6140
6144
6148
6152
6152
6156
6158
6160
6164
6164
6164
6166
6168
6168
6170
6172
6174
6174
6176
6182
6184
6184
6186
6190
6192
6196
6196
6200
6202
6204
6204
6206
6208
6210
6210
6212
6212
6212
6212
6218
6220
6222
6224
6224
6226
6230
6230
6232
6232
6234
6238
6248
6250
6254
6256
6256
6256
6258
6258
6260
6260
6260
6260
6260
6262
6264
6264
6264
6268
6268
6270
6282
6286
6288
6290
6292
6294
6296
6296
6298
6302
6302
6304
6304
6308
6308
6312
6316
6322
6336
6338
6340
6344
6344
6348
6350
6366
6378
6382
6388
6390
6392
6396
6400
6406
6410
6432
6432
6444
6446
6448
6454
6460
6474
6492
6506
6528
6548
6548
6552
6568
6574
6582
6590
6610
6632
6658
6666
6672
6686
6716
6730
6736
6742
6776
6812
6824
6830
6844
6866
6868
6874
6896
6924
6946
6986
6990
6998
7032
7048
7052
7090
7112
7118
7124
7160
7188
7206
7210
7210
7246
7274
7294
7300
7324
7366
7374
7416
7442
7462
7464
7472
7478
7508
7518
7520
7582
7594
7620
7660
7672
7720
7774
7776
7792
7824
7850
7868
7874
7882
7940
8008
8038
8058
8062
8064
8160
8208
8212
8276
8434
8438
8576
8652
8756
8932
9004
9186
9242
9512
9646
9798
10154
10204
10306
11122
11432
11580
12172
12324
13034
13342
13712
13806
14134
14336
14406
14582
15168
15178
15190
15340
15494
16032
16064
19074
19116
21318
23214
24152
25314
25486
28012
31084
33680
44516
