Latencies
5642
5642
5682
6286
6322
6446
6460
6572
6884
7426
8428
9422
10136
11760
11926
12030
12142
12480
13282
13390
13798
14008
14284
14578
14720
15026
15054
15154
15162
15200
15316
15448
15634
15698
15778
15934
15940
15950
16036
16074
16090
16158
16260
16274
16294
16296
16296
16442
16458
16526
16684
16724
16866
16982
17052
17112
17132
17166
17240
17270
17272
17278
17314
17342
17368
17446
17484
17490
17512
17550
17660
17714
17736
17738
17776
17858
17980
17986
18010
18078
18112
18158
18246
18364
18404
18566
18676
18726
18754
18784
18808
18818
18822
18834
18962
18964
18978
19002
19042
19060
19106
19146
19182
19226
19238
19240
19408
19452
19512
19536
19558
19576
19646
19756
19794
19858
19888
20018
20076
20114
20118
20162
20286
20420
20478
20522
20552
20596
20626
20664
20876
20904
20944
21048
21152
21264
21346
21390
21450
21490
21514
21558
21584
21604
21632
21784
21808
21862
21888
21892
21974
22012
22018
22090
22158
22164
22348
22350
22352
22384
22394
22396
22404
22540
22636
22768
22870
22882
22982
22988
22998
23056
23164
23284
23306
23338
23414
23420
23432
23486
23536
23678
23682
23688
23758
23776
23798
23888
23890
23986
24008
24048
24172
24238
24284
24310
24316
24384
24386
24394
24418
24418
24428
24456
24528
24584
24614
24720
24752
24764
24774
24782
24838
24862
24866
24888
24902
24916
24922
24922
24936
24958
25006
25044
25130
25134
25142
25146
25168
25176
25184
25200
25222
25254
25274
25280
25300
25342
25342
25388
25474
25484
25564
25682
25710
25742
25818
25820
25826
25832
25910
25944
25954
26016
26116
26134
26180
26250
26306
26310
26322
26328
26342
26360
26398
26408
26458
26542
26550
26578
26612
26752
26814
26850
26852
27014
27054
27072
27114
27122
27136
27152
27158
27260
27346
27364
27414
27544
27614
27630
27638
27686
27688
27712
27732
27844
27874
27882
27942
28130
28282
28290
28436
28446
28462
28492
28540
28558
28574
28600
28616
28662
28720
28802
28900
28956
29022
29076
29096
29218
29234
29284
29290
29298
29328
29378
29436
29458
29506
29660
29860
29922
29946
29956
29960
29962
29972
30038
30044
30050
30050
30156
30176
30192
30194
30210
30260
30286
30390
30512
30570
30630
30668
30896
30900
30914
30922
30966
31024
31088
31128
31132
31184
31236
31262
31328
31380
31398
31400
31422
31448
31452
31462
31522
31582
31696
31712
31774
31804
31810
31902
31902
32076
32076
32116
32118
32146
32180
32216
32290
32330
32344
32364
32652
32700
32708
32772
32790
32796
32834
32878
32886
32904
32972
33088
33098
33160
33240
33298
33326
33364
33498
33542
33542
33596
33632
33680
33682
33716
33716
33738
33764
33768
33778
33780
33794
33854
33858
33878
33902
33944
33970
33996
33998
34002
34004
34022
34054
34056
34066
34072
34088
34108
34116
34136
34142
34144
34156
34166
34192
34222
34230
34246
34248
34250
34260
34280
34286
34286
34286
34316
34336
34350
34354
34356
34376
34382
34390
34392
34398
34440
34448
34470
34490
34500
34506
34514
34566
34576
34578
34578
34584
34608
34618
34620
34622
34626
34650
34666
34686
34688
34692
34698
34710
34728
34754
34762
34772
34814
34820
34826
34868
34878
34894
34896
34906
34908
34918
34978
34984
34986
34988
34990
35010
35012
35028
35030
35036
35044
35048
35056
35056
35084
35090
35124
35136
35154
35160
35164
35180
35182
35194
35196
35218
35254
35292
35298
35304
35364
35476
35482
35484
35526
35528
35586
35590
35592
35594
35616
35620
35692
35702
35812
35848
35856
35934
35952
36076
36290
36360
36404
36438
36526
36758
37150
37224
37270
37298
37398
37458
37468
37574
37590
37722
37816
38046
38056
38116
38146
38360
38586
38590
38814
39284
39308
39394
39408
39514
39604
40034
40080
40188
40196
40346
40370
40372
40378
40398
40400
40416
40492
40512
40542
40594
40766
40948
41098
41184
41284
41288
41330
41442
41634
41666
41702
41742
41828
41850
41864
42134
42194
42280
42372
42426
42500
42556
42578
42678
42792
42886
42898
42898
42926
42934
42964
42966
43012
43088
43098
43100
43128
43184
43234
43366
43438
43470
43638
43646
43672
43690
43724
43726
43782
43816
43842
43872
43898
43918
43938
43970
43984
44000
44012
44042
44106
44208
44226
44226
44230
44248
44334
44446
44460
44522
44604
44612
44644
44700
44708
44788
44830
44842
44862
44978
44982
45000
45398
45442
45512
45552
45568
45572
45832
45844
45890
45906
46020
46146
46152
46212
46222
46222
46368
46376
46446
46532
46706
46910
46998
47012
47184
47196
47212
47328
47400
47444
47474
47600
47690
47716
47890
47984
47984
47988
48094
48152
48170
48350
48446
48556
48566
48584
48622
48648
48658
48688
48700
48722
48766
48770
48892
48954
49016
49052
49162
49470
49480
49566
49686
49696
49768
49810
49896
49934
49968
49978
50078
50224
50272
50328
50402
50562
50568
50698
50772
50846
51046
51092
51186
51222
51712
51720
51728
51764
51768
51784
51836
51880
51952
51992
51996
52020
52032
52098
52160
52206
52222
52266
52390
52672
52744
52752
52764
52780
52854
52876
52886
52920
52968
53100
53154
53182
53228
53252
53276
53296
53322
53322
53342
53344
53350
53398
53400
53422
53426
53448
53470
53492
53520
53534
53546
53566
53574
53578
53584
53590
53618
53648
53648
53654
53676
53688
53690
53706
53714
53724
53740
53782
53826
53832
53832
53836
53836
53854
53856
53858
53872
53878
53944
53970
53976
53980
54014
54020
54020
54032
54034
54044
54050
54062
54090
54100
54126
54130
54170
54176
54180
54188
54204
54212
54218
54226
54244
54262
54262
54280
54328
54334
54350
54370
54382
54424
54428
54434
54466
54478
54494
54498
54498
54520
54522
54574
54582
54612
54634
54658
54710
54718
54728
54766
54776
54796
54796
54830
54854
54868
54918
55018
55074
55086
55092
55122
55146
55154
55258
55360
55522
55642
55658
56154
56418
56620
56660
56758
56872
57140
57420
57474
57924
58842
59132
59748
60744
60868
61278
61286
61376
61628
61646
61998
62378
62384
62760
63192
63606
64082
64634
64654
64910
66532
70960
74052
78384
78534
78558
82100
84250
85600
91634
92896
93518
98830
107944
107986
110568
130430
136134
136546
176088
269134
1326972
1768540
2437672
