Latencies
15054
27494
9558
9742
11614
8174
7008
10190
12358
12470
13766
19038
15320
7746
5672
39168
10280
8134
15216
13566
31988
13742
60994
11252
12816
11602
6166
11296
10588
9612
24450
15676
15138
15128
15222
15254
11306
25448
15852
20752
10732
20488
8736
13184
9960
13200
6698
50672
15324
8886
50804
5680
5518
5298
12510
23956
11736
7298
5370
5908
5856
10700
12872
9264
7082
22460
19690
10360
23066
14582
6918
15562
5730
5782
14624
6314
9296
14984
14996
15164
15100
6126
8766
14814
9722
14886
17718
11918
10340
6690
16858
6230
5320
49512
6096
21292
12666
8486
25800
14306
11336
24848
5734
5218
15408
20088
7980
7696
46230
7978
5958
14898
13556
13866
11816
7648
117948
20616
5572
15598
9808
13032
21252
12558
23196
10476
6250
5298
5986
13344
13170
11972
27426
6824
171474
12276
12128
12148
24548
15090
14664
15784
15158
28750
14674
15524
6080
7044
13840
6776
13904
5578
6324
5450
5796
12618
50614
14228
5932
43268
5982
6758
5996
13524
10360
18268
13474
7086
11890
13350
15756
24000
15808
37088
11866
9540
29676
13550
13418
7498
12300
7148
14834
29776
5244
12148
8042
14790
43256
12858
6492
5284
14276
13800
9368
10868
14392
6318
15580
15008
14638
15184
7936
6860
33332
34788
7068
12514
18504
12400
14488
9544
8562
15774
15502
15862
6310
9902
6022
5354
5560
15792
10150
6970
17562
7600
10936
19216
23736
10514
48168
6368
5528
5242
11366
13242
15256
7294
14682
8172
11678
9838
15296
15374
13786
14632
12408
14970
14360
6026
5896
19354
14044
15404
19044
8584
5644
5568
14964
10968
8938
8034
15084
14610
7478
13480
6800
7282
106608
15032
39878
15844
14916
10762
16496
6928
17742
19258
14210
8548
12574
9062
11502
5764
5412
5362
5276
5182
8010
15490
9104
7686
6186
24848
15282
16904
9982
12548
18208
14074
15318
7324
37888
7644
5544
5958
5744
5440
15756
5534
13782
15286
13266
10648
6092
11278
10258
8684
25270
29340
20282
24278
12444
15214
17364
6596
5290
5386
5308
6556
5448
25160
16076
7874
13282
9192
8470
10174
9570
11248
14592
7874
12512
9558
15292
8598
8026
16604
7140
5558
8660
24096
24768
6358
9634
8284
10762
7572
6078
5374
5318
5410
9052
24872
6514
7036
6756
14706
12588
25042
6012
11714
10638
9524
14946
9662
6574
7194
5502
14436
24304
10620
15362
14146
13220
8584
17144
8016
14924
24120
15160
15444
15018
12006
10882
14822
6246
24518
13208
11840
5478
9318
14686
14118
13080
5832
11248
6288
5246
5438
5442
5996
14610
9760
7384
12140
10566
14958
9220
7860
13402
43226
6222
5214
5466
5284
5154
5900
5470
5272
5366
5406
5280
5284
5434
15136
17492
12018
9210
11370
10142
11368
6372
33782
43762
14568
8086
13986
7158
6756
5320
6050
5296
5354
7032
10430
5372
7956
9678
13658
15162
12692
6264
7700
6278
5740
5840
9804
8302
8280
7404
9214
5934
22276
10916
6652
6528
6172
9256
9626
6384
5614
5528
5604
5716
12408
11628
22622
