Latencies
5142
5142
5144
5152
5168
5170
5180
5190
5190
5196
5198
5200
5208
5212
5212
5212
5216
5220
5220
5226
5230
5230
5232
5234
5238
5238
5240
5240
5240
5246
5248
5248
5248
5248
5250
5250
5250
5254
5256
5256
5260
5260
5260
5262
5262
5262
5264
5266
5268
5270
5272
5272
5272
5274
5276
5278
5280
5280
5280
5282
5284
5284
5286
5286
5286
5288
5294
5294
5294
5296
5296
5296
5296
5298
5300
5300
5300
5300
5300
5300
5302
5304
5304
5304
5306
5306
5306
5308
5308
5310
5310
5310
5310
5312
5314
5314
5314
5316
5316
5316
5316
5316
5316
5318
5318
5318
5318
5320
5320
5320
5320
5320
5322
5322
5322
5322
5322
5324
5324
5324
5324
5324
5324
5324
5326
5326
5326
5326
5328
5328
5328
5328
5330
5330
5330
5330
5332
5332
5332
5332
5334
5334
5334
5334
5334
5336
5336
5336
5338
5338
5338
5340
5340
5340
5340
5340
5340
5342
5342
5342
5344
5344
5344
5344
5344
5346
5346
5346
5348
5350
5350
5350
5352
5352
5352
5352
5352
5354
5354
5356
5356
5356
5356
5356
5356
5358
5358
5358
5358
5358
5358
5360
5360
5360
5360
5362
5362
5362
5362
5362
5364
5364
5364
5364
5364
5366
5366
5366
5368
5368
5368
5368
5368
5368
5368
5370
5372
5372
5374
5376
5376
5376
5376
5378
5378
5378
5378
5378
5378
5380
5380
5380
5382
5382
5382
5382
5382
5384
5384
5384
5384
5386
5386
5386
5386
5386
5386
5388
5388
5388
5388
5388
5388
5392
5392
5392
5392
5392
5392
5392
5392
5394
5394
5394
5394
5394
5394
5394
5394
5394
5394
5396
5396
5396
5398
5400
5400
5400
5400
5400
5402
5402
5402
5404
5404
5404
5404
5404
5406
5406
5406
5408
5408
5408
5408
5408
5408
5410
5410
5410
5410
5412
5412
5412
5414
5416
5416
5416
5416
5416
5418
5418
5420
5420
5420
5420
5420
5420
5420
5422
5422
5424
5424
5424
5424
5424
5426
5426
5428
5430
5430
5430
5430
5430
5432
5432
5432
5434
5436
5436
5436
5436
5436
5438
5438
5438
5438
5440
5442
5442
5444
5444
5446
5446
5448
5448
5448
5448
5448
5450
5450
5450
5452
5452
5452
5452
5452
5456
5456
5456
5456
5458
5458
5458
5458
5458
5458
5458
5460
5460
5460
5462
5462
5462
5466
5468
5468
5468
5468
5468
5470
5472
5474
5474
5474
5476
5476
5476
5478
5478
5478
5478
5480
5480
5480
5482
5482
5484
5486
5486
5486
5486
5488
5488
5492
5492
5492
5492
5492
5494
5496
5498
5498
5500
5502
5504
5504
5506
5506
5506
5506
5508
5508
5508
5508
5510
5510
5510
5510
5510
5512
5512
5512
5514
5514
5514
5516
5516
5516
5516
5516
5518
5520
5522
5522
5522
5524
5524
5526
5528
5528
5530
5530
5530
5530
5530
5530
5532
5534
5534
5534
5538
5540
5540
5540
5540
5540
5542
5546
5546
5546
5546
5548
5548
5548
5548
5550
5552
5552
5554
5556
5556
5556
5558
5558
5560
5560
5562
5562
5564
5564
5564
5566
5566
5568
5570
5570
5572
5572
5572
5574
5574
5576
5576
5576
5576
5576
5578
5580
5580
5580
5584
5584
5584
5586
5586
5588
5588
5588
5588
5590
5592
5594
5596
5598
5600
5602
5602
5606
5608
5610
5612
5612
5612
5612
5614
5614
5614
5616
5616
5618
5618
5620
5620
5620
5622
5622
5626
5626
5628
5628
5630
5630
5632
5632
5634
5644
5644
5644
5644
5646
5646
5646
5648
5650
5650
5652
5652
5654
5654
5654
5656
5656
5658
5658
5662
5664
5666
5666
5668
5668
5668
5668
5668
5670
5672
5674
5676
5678
5678
5680
5680
5684
5686
5686
5686
5690
5690
5692
5694
5696
5696
5698
5698
5700
5700
5702
5702
5702
5702
5704
5704
5706
5710
5710
5710
5712
5714
5714
5714
5716
5716
5724
5726
5726
5728
5728
5730
5732
5732
5732
5734
5734
5736
5736
5736
5738
5738
5738
5740
5744
5744
5746
5748
5750
5750
5750
5756
5756
5758
5760
5762
5764
5766
5766
5768
5776
5778
5780
5780
5782
5782
5784
5786
5786
5786
5792
5792
5792
5796
5796
5800
5800
5800
5802
5802
5806
5808
5808
5810
5812
5814
5814
5818
5818
5818
5822
5824
5826
5826
5828
5830
5830
5832
5832
5832
5832
5834
5834
5836
5836
5836
5836
5842
5846
5846
5850
5850
5852
5854
5856
5856
5858
5860
5862
5866
5868
5870
5874
5874
5874
5876
5880
5882
5888
5890
5890
5900
5900
5906
5906
5906
5912
5912
5916
5918
5920
5922
5922
5924
5926
5928
5930
5930
5932
5932
5936
5938
5944
5948
5950
5952
5958
5964
5966
5966
5968
5972
5974
5974
5974
5976
5976
5978
5980
5984
5984
5984
5988
5988
5990
5994
5996
5996
5998
5998
6000
6002
6002
6002
6006
6016
6020
6024
6026
6030
6032
6034
6036
6038
6038
6042
6046
6056
6064
6064
6070
6076
6078
6084
6084
6088
6088
6092
6094
6094
6094
6096
6098
6104
6106
6110
6110
6112
6120
6122
6122
6126
6132
6134
6134
6142
6150
6150
6152
6164
6166
6166
6168
6180
6182
6192
6194
6198
6198
6210
6214
6214
6218
6218
6226
6230
6230
6234
6236
6236
6240
6244
6260
6262
6272
6276
6284
6288
6290
6292
6308
6310
6320
6322
6328
6334
6336
6354
6364
6380
6380
6390
6394
6406
6410
6410
6412
6444
6446
6456
6478
6486
6492
6496
6570
6576
6606
6614
6630
6630
6674
6698
6802
6856
6890
6942
6954
6968
6970
7034
7184
7270
7294
7328
7454
8670
8872
8926
8948
9080
9130
9458
9460
9994
10316
10602
10788
10794
10818
10946
11162
11244
11502
12456
12826
12984
13114
13498
14214
14230
14394
14486
14608
14704
14994
15870
16098
16222
16228
16564
17368
17696
17792
17798
17858
17998
18692
19174
19500
19866
19928
20560
21708
22640
23566
24158
24430
24774
24850
24896
25120
25178
26080
26880
27580
27810
28846
30416
30562
31006
32004
32284
33328
33512
35252
36926
37260
37842
40362
40952
41986
43854
45020
52626
53568
10109364
