Latencies
5118
5180
5194
5198
5202
5210
5212
5214
5226
5228
5230
5242
5244
5248
5252
5254
5256
5260
5260
5268
5272
5282
5284
5284
5284
5286
5290
5290
5292
5294
5296
5296
5298
5298
5300
5300
5300
5300
5302
5302
5302
5302
5304
5304
5306
5308
5310
5310
5312
5312
5314
5318
5318
5318
5320
5320
5320
5322
5322
5322
5324
5324
5326
5328
5330
5330
5330
5330
5330
5330
5334
5336
5336
5336
5338
5340
5342
5342
5342
5342
5344
5344
5344
5346
5346
5346
5348
5348
5350
5350
5352
5352
5352
5352
5352
5354
5354
5356
5356
5356
5356
5356
5358
5358
5358
5358
5360
5360
5360
5360
5360
5362
5362
5364
5364
5366
5366
5366
5366
5370
5370
5370
5372
5374
5374
5374
5374
5374
5376
5376
5378
5378
5378
5380
5380
5380
5382
5382
5382
5382
5384
5384
5384
5384
5384
5386
5386
5386
5386
5386
5386
5388
5388
5388
5388
5388
5388
5390
5390
5390
5390
5392
5392
5394
5394
5394
5394
5394
5396
5396
5396
5396
5398
5398
5398
5398
5400
5400
5402
5402
5402
5402
5402
5404
5406
5406
5406
5408
5408
5408
5408
5410
5410
5412
5414
5414
5416
5416
5416
5416
5418
5418
5418
5420
5420
5420
5422
5422
5424
5424
5424
5424
5426
5426
5426
5426
5428
5430
5430
5430
5430
5430
5432
5432
5432
5432
5432
5432
5432
5432
5434
5434
5434
5436
5436
5436
5438
5438
5440
5440
5440
5442
5442
5442
5444
5446
5446
5446
5448
5448
5448
5448
5450
5450
5450
5452
5452
5452
5452
5452
5452
5454
5456
5456
5458
5458
5458
5458
5458
5460
5460
5460
5460
5460
5462
5462
5462
5462
5464
5464
5466
5466
5466
5468
5470
5470
5470
5472
5472
5472
5472
5472
5474
5474
5474
5474
5474
5476
5476
5478
5478
5478
5478
5478
5480
5480
5482
5484
5484
5484
5486
5486
5488
5488
5490
5490
5492
5492
5492
5492
5492
5494
5496
5496
5496
5496
5500
5500
5500
5500
5500
5502
5504
5504
5504
5504
5504
5504
5504
5504
5504
5506
5506
5508
5508
5508
5508
5510
5510
5512
5514
5514
5514
5516
5516
5516
5516
5520
5522
5524
5524
5524
5524
5526
5526
5526
5526
5528
5528
5528
5530
5530
5532
5532
5532
5532
5532
5532
5534
5534
5534
5536
5536
5536
5538
5538
5538
5538
5540
5540
5542
5542
5542
5542
5542
5542
5544
5546
5546
5548
5548
5548
5552
5552
5552
5552
5552
5552
5554
5554
5554
5554
5554
5554
5554
5556
5558
5560
5560
5560
5560
5560
5562
5562
5562
5564
5566
5566
5566
5566
5568
5568
5568
5570
5572
5572
5574
5576
5576
5576
5576
5578
5578
5578
5580
5580
5580
5580
5582
5584
5584
5584
5586
5586
5586
5588
5588
5590
5590
5590
5590
5590
5592
5596
5596
5598
5600
5600
5600
5602
5604
5604
5606
5608
5608
5610
5610
5610
5612
5612
5614
5614
5614
5614
5614
5616
5616
5618
5618
5618
5618
5620
5622
5622
5624
5626
5628
5630
5630
5636
5638
5638
5642
5642
5648
5650
5652
5652
5652
5652
5654
5656
5656
5658
5658
5660
5662
5664
5666
5668
5668
5670
5670
5672
5672
5674
5676
5678
5682
5682
5684
5686
5686
5690
5690
5694
5696
5698
5700
5704
5706
5708
5708
5710
5710
5710
5712
5712
5716
5718
5718
5718
5722
5728
5732
5732
5736
5736
5736
5740
5742
5744
5744
5746
5746
5748
5750
5752
5756
5762
5762
5764
5764
5766
5766
5766
5768
5768
5768
5770
5770
5770
5772
5772
5774
5774
5774
5776
5778
5782
5784
5784
5784
5784
5786
5786
5788
5790
5790
5792
5796
5800
5802
5804
5806
5806
5808
5808
5810
5814
5816
5816
5820
5822
5824
5826
5826
5826
5826
5830
5832
5832
5836
5838
5838
5840
5840
5840
5842
5842
5846
5848
5848
5850
5850
5850
5854
5856
5856
5862
5862
5862
5862
5862
5864
5866
5866
5868
5868
5868
5874
5874
5876
5878
5878
5878
5880
5880
5880
5882
5882
5884
5886
5888
5888
5896
5900
5902
5904
5904
5908
5910
5910
5910
5914
5916
5920
5926
5926
5926
5928
5928
5928
5932
5932
5934
5934
5934
5934
5934
5938
5942
5944
5948
5950
5950
5950
5950
5952
5952
5954
5954
5966
5968
5970
5970
5970
5970
5970
5970
5970
5970
5972
5976
5978
5978
5978
5978
5980
5980
5982
5982
5984
5984
5984
5986
5986
5988
5988
5988
5988
5990
5990
5994
5994
5994
5998
6002
6002
6008
6012
6014
6016
6020
6022
6026
6026
6028
6030
6030
6032
6036
6038
6038
6038
6040
6044
6044
6044
6046
6048
6048
6050
6050
6052
6052
6058
6058
6060
6062
6070
6072
6076
6076
6078
6082
6084
6086
6092
6094
6100
6104
6104
6106
6108
6112
6114
6114
6120
6124
6126
6126
6128
6128
6130
6134
6138
6140
6142
6142
6148
6150
6152
6158
6164
6166
6168
6170
6170
6172
6176
6178
6184
6192
6194
6194
6194
6204
6204
6206
6206
6208
6210
6212
6216
6218
6218
6218
6218
6222
6228
6230
6246
6246
6248
6250
6252
6260
6266
6266
6270
6282
6290
6292
6302
6302
6314
6332
6338
6346
6346
6348
6352
6360
6360
6364
6366
6370
6372
6396
6398
6414
6426
6432
6436
6448
6460
6478
6484
6494
6512
6518
6526
6548
6560
6560
6566
6580
6588
6596
6600
6626
6626
6634
6638
6642
6716
6720
6746
6790
6790
6798
6798
6802
6820
6860
6868
6874
6948
6968
7002
7014
7114
7150
7164
7172
7218
7218
7542
7852
7974
8766
9008
9256
9374
9558
9574
9798
9922
10224
10226
10314
10758
11042
11234
11446
13080
13416
13520
13754
16084
17580
17904
18934
18982
19268
19382
20478
20616
20756
20946
21208
21358
21644
21928
22238
22718
22850
23458
24642
25666
27440
28162
28742
29150
30016
30186
30472
34292
35718
35932
36986
37606
42732
43492
10097604
