Latencies
4992
4992
4996
5016
5018
5020
5028
5032
5034
5038
5048
5054
5054
5054
5060
5068
5070
5074
5076
5076
5084
5086
5098
5100
5102
5112
5114
5114
5116
5116
5120
5120
5120
5120
5122
5122
5130
5130
5130
5130
5136
5138
5138
5138
5144
5144
5146
5146
5146
5148
5150
5152
5152
5154
5154
5154
5156
5156
5158
5158
5158
5158
5160
5164
5164
5166
5166
5168
5170
5170
5170
5172
5172
5172
5172
5176
5176
5178
5178
5178
5178
5178
5180
5180
5180
5180
5180
5180
5182
5182
5184
5184
5184
5184
5186
5186
5188
5190
5190
5190
5190
5190
5190
5192
5192
5194
5194
5196
5196
5196
5196
5196
5198
5198
5200
5200
5200
5200
5200
5200
5200
5200
5200
5202
5202
5202
5202
5202
5202
5204
5204
5204
5204
5206
5206
5206
5206
5208
5208
5210
5210
5210
5210
5210
5212
5216
5216
5216
5216
5216
5216
5216
5218
5218
5218
5218
5218
5218
5218
5220
5220
5220
5222
5222
5222
5222
5222
5222
5224
5224
5224
5224
5226
5226
5226
5226
5226
5228
5228
5228
5228
5230
5230
5230
5230
5232
5232
5232
5232
5234
5234
5234
5234
5234
5234
5236
5236
5238
5238
5238
5238
5240
5242
5242
5242
5242
5242
5244
5244
5244
5244
5244
5244
5244
5244
5244
5244
5246
5246
5246
5246
5248
5248
5250
5250
5250
5250
5250
5254
5254
5256
5258
5258
5258
5258
5258
5260
5260
5260
5260
5260
5262
5262
5262
5264
5264
5266
5266
5266
5266
5266
5266
5266
5268
5268
5268
5268
5270
5272
5272
5272
5272
5274
5274
5274
5276
5276
5278
5278
5280
5280
5280
5280
5280
5282
5282
5282
5282
5282
5282
5282
5284
5284
5284
5286
5286
5286
5286
5288
5288
5288
5290
5290
5292
5294
5294
5294
5294
5294
5296
5296
5296
5296
5298
5298
5298
5298
5302
5302
5304
5304
5304
5306
5306
5306
5308
5308
5310
5310
5310
5310
5312
5312
5312
5312
5312
5314
5314
5314
5316
5316
5316
5316
5316
5318
5318
5318
5318
5320
5320
5320
5320
5320
5320
5322
5322
5322
5322
5322
5322
5322
5322
5324
5324
5324
5326
5326
5326
5328
5330
5330
5330
5330
5332
5332
5332
5334
5336
5336
5336
5338
5340
5342
5342
5342
5342
5344
5346
5346
5346
5346
5346
5348
5350
5350
5350
5350
5350
5352
5356
5356
5358
5358
5358
5360
5360
5360
5360
5362
5362
5362
5362
5364
5366
5366
5366
5366
5368
5368
5368
5368
5370
5372
5372
5372
5372
5372
5374
5374
5374
5374
5376
5376
5376
5376
5378
5378
5378
5378
5378
5380
5382
5382
5382
5384
5384
5386
5388
5390
5390
5390
5392
5392
5392
5392
5392
5394
5394
5394
5394
5396
5396
5396
5396
5396
5398
5398
5402
5402
5402
5402
5404
5404
5404
5404
5406
5406
5408
5408
5408
5410
5410
5410
5414
5416
5418
5420
5422
5422
5422
5422
5424
5424
5426
5426
5426
5426
5428
5428
5428
5428
5430
5430
5430
5432
5434
5434
5434
5436
5438
5438
5440
5440
5442
5442
5444
5446
5448
5448
5448
5448
5450
5454
5456
5456
5458
5458
5458
5458
5460
5462
5462
5462
5462
5464
5464
5466
5466
5468
5468
5468
5474
5476
5476
5478
5478
5480
5482
5482
5482
5486
5488
5490
5490
5490
5490
5492
5494
5494
5496
5496
5496
5496
5498
5498
5498
5498
5500
5500
5502
5506
5506
5506
5506
5506
5510
5512
5512
5512
5514
5516
5516
5516
5518
5518
5520
5520
5524
5526
5526
5528
5528
5530
5532
5532
5532
5532
5534
5538
5542
5542
5542
5542
5546
5548
5548
5552
5552
5552
5552
5556
5556
5556
5558
5560
5560
5562
5564
5564
5566
5568
5568
5568
5576
5578
5578
5580
5580
5582
5582
5588
5588
5588
5590
5590
5592
5594
5594
5596
5598
5600
5602
5604
5604
5606
5610
5614
5614
5614
5616
5620
5624
5624
5626
5626
5628
5634
5634
5638
5640
5642
5642
5644
5646
5648
5650
5652
5652
5652
5654
5654
5656
5662
5662
5664
5664
5666
5668
5668
5668
5670
5670
5674
5676
5676
5676
5686
5686
5686
5690
5698
5698
5702
5704
5704
5704
5706
5706
5708
5714
5716
5724
5726
5728
5732
5736
5736
5738
5738
5738
5742
5746
5748
5750
5752
5752
5752
5754
5754
5754
5756
5758
5758
5760
5762
5762
5766
5768
5776
5778
5778
5780
5782
5782
5784
5786
5790
5792
5794
5796
5796
5796
5796
5800
5800
5802
5802
5806
5810
5814
5814
5816
5816
5818
5818
5818
5820
5822
5822
5822
5826
5834
5834
5838
5840
5840
5840
5846
5846
5848
5854
5854
5856
5856
5866
5872
5874
5878
5880
5884
5888
5888
5890
5890
5890
5898
5900
5902
5904
5908
5910
5910
5918
5918
5918
5918
5918
5924
5926
5934
5936
5942
5944
5946
5952
5952
5952
5954
5956
5964
5964
5966
5968
5968
5968
5968
5970
5970
5972
5982
5984
5984
5984
5986
5986
5990
5990
5992
5992
5994
5998
6000
6004
6004
6006
6006
6006
6018
6022
6028
6028
6032
6036
6040
6046
6046
6046
6048
6052
6060
6064
6068
6070
6072
6078
6078
6086
6086
6088
6088
6092
6092
6094
6100
6108
6116
6116
6116
6122
6128
6138
6144
6144
6154
6162
6166
6172
6180
6204
6234
6250
6274
6274
6276
6280
6280
6302
6340
6350
6364
6396
6400
6416
6424
6430
6456
6474
6504
6518
6522
6530
6572
6588
6606
6632
6754
6868
6884
6898
6954
6958
6980
7018
7114
7176
7194
7324
7324
7382
7532
7656
7692
8058
8180
8198
8370
8432
8520
8524
9596
9976
10128
10240
10296
10318
10326
10338
10556
11344
11378
11784
11788
11980
12128
12492
12618
12704
12850
13846
14232
14326
14630
14726
15280
15918
16214
16284
16660
16928
17442
18192
18308
18750
19130
19554
20834
21160
21214
22194
22770
23246
23580
23616
23966
25004
27574
28502
28876
29070
29282
29582
31992
32120
32238
32724
33778
33920
34500
34600
34604
34866
35206
35286
36012
36246
37494
39046
47650
48774
