Latencies
5176
5194
5210
5224
5230
5234
5250
5264
5264
5270
5278
5278
5280
5282
5284
5284
5290
5290
5294
5298
5300
5302
5306
5308
5308
5308
5308
5308
5308
5312
5312
5312
5314
5314
5314
5314
5316
5318
5318
5318
5324
5326
5326
5328
5328
5328
5336
5338
5338
5338
5338
5338
5338
5340
5342
5344
5344
5346
5346
5346
5348
5350
5350
5352
5352
5354
5354
5356
5356
5356
5356
5356
5358
5358
5358
5360
5360
5360
5364
5364
5366
5366
5366
5366
5366
5366
5368
5368
5368
5370
5370
5370
5370
5372
5372
5374
5374
5374
5374
5376
5376
5376
5378
5378
5378
5378
5378
5380
5380
5380
5380
5382
5382
5384
5384
5384
5384
5386
5386
5386
5386
5388
5388
5390
5390
5390
5390
5392
5392
5392
5392
5392
5392
5392
5394
5394
5394
5394
5396
5398
5398
5400
5400
5400
5400
5400
5400
5402
5402
5402
5402
5404
5404
5404
5404
5404
5404
5404
5406
5406
5406
5406
5406
5408
5408
5408
5408
5410
5410
5410
5410
5412
5412
5412
5412
5412
5412
5412
5414
5414
5416
5416
5416
5416
5416
5418
5418
5418
5418
5420
5420
5422
5422
5422
5422
5424
5424
5424
5424
5426
5426
5426
5426
5428
5428
5428
5430
5430
5430
5432
5432
5432
5432
5432
5434
5434
5434
5434
5436
5438
5438
5440
5440
5440
5440
5440
5442
5442
5442
5442
5442
5444
5444
5444
5444
5446
5446
5446
5446
5448
5450
5450
5450
5450
5452
5452
5452
5454
5456
5458
5460
5460
5460
5460
5460
5462
5462
5464
5464
5464
5464
5466
5466
5466
5466
5468
5468
5468
5468
5468
5468
5468
5468
5470
5470
5470
5472
5472
5472
5474
5474
5474
5476
5476
5476
5478
5480
5480
5480
5480
5482
5482
5484
5484
5484
5486
5486
5486
5486
5488
5488
5488
5490
5492
5492
5492
5492
5494
5494
5496
5496
5496
5496
5498
5498
5498
5500
5500
5500
5500
5502
5502
5504
5506
5506
5506
5506
5506
5508
5508
5508
5510
5512
5512
5512
5514
5516
5518
5518
5520
5522
5522
5522
5524
5524
5526
5526
5526
5526
5526
5528
5528
5530
5534
5538
5538
5542
5542
5542
5542
5544
5544
5546
5546
5546
5548
5548
5550
5550
5552
5554
5556
5556
5558
5558
5562
5562
5562
5562
5566
5568
5568
5570
5570
5572
5574
5574
5578
5578
5580
5580
5582
5582
5582
5582
5582
5584
5584
5586
5588
5588
5596
5596
5598
5600
5602
5602
5602
5604
5608
5608
5610
5612
5614
5614
5616
5618
5618
5620
5620
5620
5624
5624
5626
5626
5628
5630
5630
5632
5632
5632
5634
5636
5638
5638
5638
5638
5640
5642
5642
5642
5644
5644
5646
5648
5648
5650
5650
5650
5654
5658
5658
5660
5660
5664
5666
5668
5668
5670
5670
5670
5672
5672
5672
5674
5674
5674
5676
5676
5678
5678
5680
5680
5686
5688
5690
5692
5692
5694
5700
5702
5704
5704
5706
5706
5706
5706
5710
5710
5712
5712
5716
5718
5718
5718
5720
5722
5722
5722
5724
5726
5726
5730
5732
5732
5734
5738
5738
5740
5740
5740
5740
5742
5742
5742
5742
5744
5744
5746
5746
5746
5746
5750
5750
5752
5754
5754
5754
5756
5756
5756
5758
5758
5760
5762
5764
5768
5770
5772
5772
5772
5774
5780
5780
5780
5788
5788
5790
5794
5794
5798
5800
5800
5802
5808
5810
5812
5812
5814
5816
5818
5820
5820
5822
5822
5824
5824
5824
5826
5828
5828
5830
5832
5832
5832
5834
5834
5836
5838
5838
5838
5840
5840
5842
5844
5848
5848
5850
5852
5854
5856
5856
5856
5856
5860
5862
5864
5866
5868
5868
5870
5870
5870
5874
5874
5874
5876
5878
5880
5884
5884
5886
5888
5890
5892
5894
5894
5898
5898
5900
5900
5900
5908
5908
5908
5908
5908
5916
5916
5916
5916
5916
5918
5920
5920
5920
5920
5920
5932
5932
5934
5938
5940
5940
5940
5944
5948
5954
5954
5954
5954
5958
5958
5958
5960
5960
5962
5962
5964
5968
5970
5970
5970
5976
5980
5980
5982
5982
5982
5984
5986
5986
5990
5990
5990
5990
5992
5992
5992
5998
5998
6000
6000
6002
6006
6006
6006
6008
6010
6010
6014
6018
6022
6022
6026
6028
6028
6032
6032
6032
6034
6034
6036
6038
6038
6040
6040
6044
6044
6044
6046
6050
6058
6060
6060
6062
6062
6064
6068
6070
6070
6070
6072
6072
6072
6076
6076
6080
6080
6082
6084
6084
6086
6086
6088
6088
6092
6104
6106
6106
6108
6108
6110
6112
6118
6118
6118
6120
6122
6126
6132
6134
6134
6136
6138
6140
6142
6148
6150
6152
6156
6158
6162
6164
6164
6166
6168
6168
6170
6170
6172
6178
6178
6180
6180
6182
6190
6192
6192
6192
6202
6202
6206
6206
6212
6214
6216
6218
6218
6226
6228
6228
6230
6232
6232
6240
6244
6248
6250
6250
6252
6254
6262
6262
6264
6264
6266
6268
6272
6274
6274
6282
6282
6290
6290
6292
6300
6304
6308
6308
6316
6322
6324
6328
6328
6330
6332
6334
6340
6342
6350
6352
6358
6364
6372
6374
6374
6382
6410
6420
6422
6428
6430
6444
6450
6456
6462
6466
6472
6480
6494
6494
6496
6502
6514
6522
6526
6530
6544
6570
6576
6628
6632
6716
6720
6724
6780
6788
6790
6826
6830
6864
6884
6896
6896
6912
6930
6982
7004
7054
7096
7102
7158
7180
7208
7232
7258
7294
7372
7396
7496
7526
7768
7886
8172
8270
8292
8334
8360
8650
8774
8812
9072
9476
9728
9822
10956
10990
11152
11164
12908
12910
13224
13224
15198
16744
16920
17852
18112
18234
18444
18762
20390
21286
22488
22894
23038
23096
24544
24568
24610
24712
25006
25158
25310
25368
25624
26648
26726
27024
27182
29108
31816
31970
33140
34186
34624
34696
35858
41912
53000
58710
59146
85844
305230
381108
