Latencies
5166
5188
5212
5218
5228
5228
5236
5250
5252
5258
5268
5270
5282
5288
5290
5290
5292
5294
5296
5298
5300
5324
5326
5328
5336
5338
5352
5352
5362
5362
5368
5372
5374
5374
5378
5378
5378
5380
5388
5388
5388
5394
5396
5398
5400
5402
5402
5404
5406
5408
5408
5408
5410
5414
5416
5422
5422
5430
5430
5430
5450
5450
5464
5470
5470
5482
5484
5484
5486
5490
5490
5490
5494
5496
5500
5504
5508
5510
5526
5528
5536
5546
5546
5546
5548
5552
5566
5588
5590
5592
5592
5592
5594
5598
5604
5604
5618
5620
5630
5632
5632
5634
5638
5644
5646
5654
5664
5664
5670
5676
5676
5686
5688
5696
5704
5722
5722
5730
5734
5736
5736
5738
5738
5740
5742
5748
5750
5750
5752
5754
5756
5756
5758
5758
5762
5780
5790
5790
5794
5796
5798
5800
5806
5810
5818
5820
5824
5832
5834
5834
5850
5872
5878
5878
5884
5886
5886
5886
5890
5898
5906
5908
5932
5940
5958
5960
5964
5982
5990
6000
6000
6002
6006
6006
6014
6030
6050
6054
6084
6086
6090
6100
6108
6110
6112
6114
6120
6122
6126
6146
6148
6152
6152
6154
6156
6156
6160
6162
6174
6174
6174
6188
6188
6190
6194
6198
6204
6208
6234
6238
6244
6244
6246
6290
6292
6292
6296
6320
6328
6338
6342
6354
6358
6366
6388
6390
6390
6408
6412
6416
6418
6424
6454
6462
6466
6468
6476
6486
6490
6494
6500
6506
6566
6572
6590
6604
6610
6620
6662
6666
6692
6694
6698
6708
6730
6742
6748
6818
6840
6850
6856
6868
6884
6890
6896
6900
6912
6932
6962
6976
6988
6998
7000
7010
7022
7022
7050
7074
7074
7078
7082
7084
7086
7094
7116
7136
7140
7146
7164
7166
7190
7192
7200
7204
7220
7224
7236
7242
7268
7282
7296
7304
7308
7312
7350
7404
7434
7436
7458
7460
7508
7518
7524
7528
7530
7534
7536
7556
7568
7588
7604
7612
7612
7632
7646
7708
7722
7730
7740
7746
7752
7764
7768
7772
7784
7824
7832
7896
7900
7912
7958
7974
7976
7980
7984
7986
8016
8040
8066
8074
8078
8078
8080
8144
8144
8146
8158
8170
8172
8180
8204
8222
8256
8278
8286
8288
8308
8312
8318
8324
8328
8356
8360
8372
8376
8384
8388
8404
8450
8484
8506
8512
8516
8516
8546
8596
8620
8652
8658
8686
8692
8696
8708
8726
8738
8776
8780
8842
8852
8860
8880
8900
8910
8916
8924
8924
8932
8966
8988
9034
9050
9056
9074
9116
9124
9144
9148
9164
9178
9178
9200
9208
9234
9240
9242
9248
9254
9262
9272
9286
9286
9288
9294
9316
9318
9320
9344
9384
9392
9394
9402
9422
9458
9468
9470
9498
9538
9552
9570
9572
9612
9624
9628
9670
9670
9686
9772
9788
9800
9802
9832
9884
9910
9922
9926
9972
9974
10004
10020
10022
10026
10030
10032
10042
10058
10068
10102
10140
10162
10162
10170
10172
10184
10186
10196
10214
10224
10230
10240
10248
10264
10286
10302
10344
10358
10394
10412
10434
10464
10510
10538
10570
10588
10602
10604
10622
10632
10638
10676
10700
10702
10704
10712
10740
10744
10752
10762
10794
10796
10800
10842
10896
10908
10912
10912
10932
10960
11014
11034
11038
11074
11082
11094
11110
11112
11128
11170
11220
11244
11256
11268
11302
11306
11334
11334
11370
11372
11428
11436
11438
11446
11446
11456
11480
11482
11496
11512
11532
11550
11554
11570
11572
11592
11610
11620
11624
11634
11660
11664
11678
11692
11702
11704
11716
11724
11746
11834
11836
11856
11868
11876
11876
11878
11896
11904
11908
11912
11916
11916
11926
11928
11940
11956
11984
11992
12028
12042
12046
12052
12056
12056
12106
12128
12138
12142
12160
12164
12180
12182
12182
12202
12210
12260
12298
12330
12334
12356
12360
12366
12370
12382
12388
12392
12392
12394
12408
12416
12440
12472
12482
12484
12494
12518
12522
12526
12526
12540
12554
12556
12598
12598
12612
12632
12642
12662
12690
12722
12750
12752
12766
12768
12810
12822
12824
12832
12834
12848
12866
12874
12882
12888
12894
12900
12902
12942
12952
12956
12980
12990
13002
13036
13038
13040
13066
13074
13088
13096
13112
13146
13160
13168
13184
13192
13194
13248
13266
13274
13288
13304
13326
13358
13364
13368
13392
13432
13442
13444
13466
13470
13476
13496
13516
13558
13560
13562
13568
13570
13590
13598
13606
13618
13624
13660
13662
13674
13704
13742
13750
13768
13786
13788
13800
13828
13834
13852
13860
13896
13896
13908
13930
13932
13942
13960
13976
13998
13998
14002
14012
14016
14034
14058
14102
14134
14138
14200
14258
14262
14286
14286
14288
14308
14308
14310
14320
14324
14326
14332
14342
14350
14370
14372
14378
14386
14398
14400
14428
14438
14444
14482
14496
14500
14500
14512
14518
14520
14522
14526
14526
14526
14534
14544
14562
14580
14584
14598
14612
14616
14616
14634
14636
14638
14644
14654
14662
14662
14668
14670
14694
14700
14702
14702
14708
14714
14726
14736
14766
14786
14792
14798
14800
14812
14834
14836
14850
14858
14858
14868
14870
14874
14882
14884
14888
14890
14890
14902
14904
14906
14914
14918
14918
14918
14920
14926
14928
14930
14930
14934
14936
14940
14944
14954
14954
14958
14960
14966
14968
14972
14976
14976
14978
14978
14988
15012
15016
15026
15036
15036
15038
15038
15044
15050
15054
15056
15072
15072
15078
15084
15086
15098
15102
15102
15114
15116
15116
15124
15124
15132
15136
15138
15144
15146
15148
15152
15164
15168
15182
15184
15186
15188
15216
15222
15226
15230
15236
15238
15244
15246
15276
15282
15286
15292
15298
15300
15316
15318
15324
15330
15360
15366
15374
15398
15400
15406
15412
15412
15426
15470
15484
15504
15512
15522
15526
15550
15562
15576
15584
15586
15628
15640
15654
15684
15688
15710
15710
15720
15730
15738
15780
15788
15820
15850
15866
15866
15870
15886
15912
15938
15996
16004
16030
16042
16064
16068
16602
16842
17110
17284
18182
18660
19906
20248
20588
21466
21466
21998
22286
22544
23240
23392
24054
24400
24702
24928
25182
25262
25276
25604
25902
25960
26454
26672
28762
29234
29784
31502
31900
32532
32696
33304
34366
34732
38094
38764
38858
45184
56266
93416
125160
977586
2982190
