Latencies
5216
5276
5316
5320
5326
5328
5332
5348
5354
5356
5356
5368
5380
5384
5384
5384
5394
5396
5408
5416
5426
5470
5482
5490
5512
5528
5546
5566
5586
5632
5634
5634
5674
5682
5684
5692
5694
5708
5734
5740
5746
5750
5752
5762
5778
5782
5800
5808
5858
5878
5884
5890
5928
5944
5962
6012
6034
6036
6038
6060
6064
6094
6098
6100
6112
6148
6154
6180
6180
6212
6228
6254
6268
6294
6334
6336
6352
6420
6432
6452
6536
6544
6560
6592
6594
6614
6620
6646
6692
6704
6716
6752
6762
6790
6812
6842
6846
6892
6900
6914
6924
6930
6974
6976
7008
7014
7024
7050
7050
7158
7192
7214
7254
7270
7284
7338
7388
7408
7428
7438
7442
7500
7538
7566
7594
7636
7646
7650
7660
7674
7686
7760
7790
7806
7850
7860
7934
7994
8016
8036
8048
8158
8206
8208
8278
8312
8332
8338
8344
8352
8364
8376
8430
8452
8464
8554
8556
8568
8584
8586
8604
8682
8702
8708
8716
8722
8726
8822
8830
8910
8922
8936
8946
8952
8958
8970
8982
9028
9032
9046
9060
9120
9144
9180
9266
9276
9294
9306
9306
9310
9376
9424
9430
9440
9452
9480
9482
9516
9520
9522
9566
9566
9684
9696
9790
9794
9824
9862
9904
9908
9908
9922
9974
10002
10086
10100
10104
10108
10112
10118
10136
10228
10296
10302
10334
10340
10340
10340
10368
10408
10412
10484
10488
10538
10598
10644
10656
10716
10750
10750
10800
10844
10870
10872
10884
10936
10946
10968
10976
10996
11016
11030
11046
11064
11154
11172
11194
11216
11280
11304
11308
11442
11454
11458
11458
11544
11570
11726
11760
11798
11826
11836
11904
11924
11950
11956
11956
12024
12030
12060
12076
12100
12106
12138
12146
12168
12194
12238
12246
12258
12280
12282
12284
12292
12344
12394
12426
12450
12476
12488
12572
12656
12680
12682
12692
12748
12758
12768
12780
12780
12784
12816
12926
12964
13052
13060
13062
13076
13088
13166
13204
13210
13236
13276
13288
13314
13330
13364
13466
13476
13484
13580
13606
13628
13686
13694
13716
13856
13894
13920
13926
13942
13942
13960
13972
13976
13978
13978
14018
14024
14034
14036
14042
14060
14098
14116
14134
14152
14162
14170
14174
14180
14204
14210
14264
14276
14286
14300
14316
14324
14326
14326
14326
14330
14340
14342
14342
14344
14346
14350
14352
14380
14382
14398
14408
14414
14424
14424
14442
14484
14504
14506
14506
14508
14510
14516
14518
14562
14588
14600
14614
14626
14640
14642
14654
14674
14678
14692
14714
14730
14736
14746
14748
14768
14770
14784
14786
14794
14802
14804
14812
14816
14818
14824
14832
14842
14844
14848
14848
14850
14860
14864
14866
14866
14870
14880
14912
14916
14922
14926
14936
14938
14940
14946
14952
14964
14964
14990
14990
14996
14998
15000
15018
15028
15038
15040
15040
15050
15050
15052
15070
15072
15074
15078
15082
15098
15098
15102
15104
15116
15116
15118
15118
15144
15144
15146
15148
15158
15168
15172
15172
15176
15178
15182
15184
15212
15214
15216
15222
15234
15236
15238
15242
15252
15254
15260
15302
15312
15318
15336
15354
15362
15362
15368
15406
15408
15420
15420
15440
15444
15444
15450
15450
15450
15464
15480
15508
15530
15534
15554
15562
15566
15588
15590
15590
15602
15626
15632
15654
15654
15670
15680
15696
15708
15712
15712
15742
15768
15770
15790
15796
15826
15850
15866
15880
15884
15896
15918
15954
16024
16034
16040
16066
16104
16120
16120
16166
16226
16314
16330
16342
16358
16396
16418
16472
16484
16562
16662
16790
16838
16852
16878
16880
16894
16900
17006
17036
17082
17178
17256
17300
17336
17388
17504
17530
17580
17656
17790
17796
17998
18024
18146
18148
18174
18202
18416
18460
18566
18622
18724
18782
18832
18860
19016
19038
19094
19168
19174
19196
19206
19302
19360
19400
19420
19552
19624
19786
19800
19814
19824
19928
19994
20044
20058
20068
20126
20254
20264
20290
20296
20468
20514
20722
20818
20884
20948
21002
21162
21172
21406
21424
21590
21594
21678
21792
21804
21842
21920
22056
22204
22410
22426
22504
22508
22550
22646
22748
22758
22766
22768
22800
23010
23112
23154
23176
23198
23240
23314
23398
23456
23464
23516
23606
23738
23802
23804
23834
23838
23914
23956
24014
24056
24068
24082
24100
24126
24142
24164
24224
24268
24276
24344
24384
24398
24408
24424
24476
24488
24508
24676
24686
24702
24766
24774
24776
24786
24798
24818
24836
24872
24876
24886
24900
24946
25008
25018
25020
25048
25078
25106
25118
25172
25286
25300
25308
25380
25408
25428
25504
25526
25532
25542
25628
25652
25674
25688
25750
25800
25896
25930
26094
26182
26190
26212
26238
26376
26398
26520
26578
26594
26616
26694
26702
26716
26836
26848
26900
26908
26952
26996
27080
27138
27272
27272
27282
27286
27292
27388
27392
27402
27500
27510
27534
27596
27642
27660
27694
27760
27824
27834
27880
27904
27962
28064
28108
28184
28230
28364
28420
28464
28466
28550
28616
28828
28840
28956
29084
29244
29258
29272
29292
29324
29336
29426
29464
29468
29518
29542
29602
29670
29716
29746
29752
29846
29900
29976
30248
30352
30420
30494
30668
30782
30832
30986
31006
31172
31192
31454
31484
31508
31536
31586
31596
31600
31744
31762
32146
32162
32190
32210
32260
32306
32350
32470
32566
32782
32784
32850
32858
32892
32896
33050
33066
33122
33174
33230
33332
33358
33414
33528
33564
33644
33676
33692
33712
33748
33764
33772
33788
33830
33838
33950
33960
33986
33988
34006
34062
34098
34100
34150
34160
34172
34184
34206
34212
34214
34234
34238
34268
34314
34320
34340
34346
34350
34358
34386
34394
34396
34402
34402
34428
34430
34434
34462
34470
34470
34486
34488
34534
34546
34552
34570
34580
34600
34602
34612
34616
34620
34628
34630
34636
34652
34684
34700
34708
34714
34742
34760
34790
34796
34834
34876
34886
34890
34902
34908
34926
34934
34944
34950
34954
34958
34996
35016
35028
35032
35038
35050
35076
35106
35110
35138
35150
35184
35282
35300
35324
35356
35364
35366
35366
35436
35550
35622
35632
35790
36000
36462
37432
37626
38982
40748
43172
44298
44472
44710
44894
44984
45846
46314
47598
61818
65358
70982
273222
13855054
