Latencies
5282
5308
5344
5348
5354
5354
5358
5362
5388
5392
5404
5406
5408
5410
5424
5436
5440
5444
5450
5450
5452
5460
5460
5478
5480
5484
5486
5490
5498
5498
5500
5500
5500
5508
5510
5514
5522
5524
5530
5534
5536
5538
5540
5540
5542
5548
5552
5552
5552
5556
5560
5562
5570
5572
5572
5576
5578
5580
5584
5598
5598
5604
5604
5606
5614
5618
5624
5628
5628
5634
5638
5640
5642
5642
5650
5652
5652
5654
5654
5656
5658
5658
5664
5664
5668
5674
5680
5690
5692
5694
5696
5700
5700
5700
5704
5708
5714
5714
5714
5716
5720
5722
5726
5728
5762
5770
5774
5774
5778
5788
5790
5790
5792
5794
5796
5808
5814
5820
5836
5836
5842
5846
5848
5858
5858
5860
5864
5866
5876
5876
5876
5880
5888
5890
5890
5892
5894
5898
5902
5912
5918
5924
5926
5926
5934
5934
5938
5946
5958
5962
5964
5974
5976
5980
5982
5982
5988
5992
5996
5998
5998
6000
6004
6006
6006
6012
6016
6018
6024
6024
6024
6026
6026
6034
6044
6046
6050
6068
6068
6072
6078
6082
6084
6084
6088
6088
6090
6096
6096
6098
6098
6100
6106
6118
6118
6126
6126
6128
6140
6140
6142
6146
6154
6164
6170
6170
6176
6176
6176
6180
6182
6198
6208
6210
6212
6246
6248
6262
6262
6264
6272
6276
6278
6284
6288
6288
6316
6318
6320
6346
6350
6360
6360
6368
6380
6406
6428
6432
6434
6446
6456
6460
6476
6484
6488
6492
6494
6508
6526
6528
6528
6534
6544
6558
6576
6580
6602
6624
6656
6718
6774
6776
6802
6814
6822
6826
6840
6852
6882
6890
6958
6970
6978
7012
7026
7038
7048
7070
7076
7116
7156
7186
7196
7250
7264
7280
7316
7324
7386
7388
7388
7524
7586
7592
7600
7604
7620
7646
7692
7708
7718
7736
7748
7748
7760
7794
7798
7798
7812
7922
7960
7970
8016
8028
8048
8052
8058
8060
8066
8070
8080
8098
8104
8154
8244
8284
8304
8304
8306
8312
8332
8336
8340
8340
8412
8434
8450
8460
8478
8496
8510
8510
8528
8528
8538
8538
8618
8626
8626
8646
8648
8670
8676
8702
8710
8734
8738
8744
8768
8780
8802
8818
8844
8848
8864
8914
8934
8942
8972
8980
9000
9026
9090
9118
9138
9186
9234
9238
9252
9264
9378
9382
9390
9452
9454
9516
9522
9576
9584
9652
9662
9676
9708
9734
9740
9798
9806
9826
9856
9860
9880
9890
9940
9954
9964
9982
9986
10026
10074
10078
10104
10112
10118
10288
10292
10294
10306
10334
10340
10394
10416
10446
10462
10520
10540
10550
10570
10618
10690
10700
10720
10732
10740
10810
10816
10868
10906
10964
10972
11000
11044
11044
11056
11108
11112
11124
11152
11160
11170
11220
11232
11258
11266
11268
11300
11306
11316
11338
11366
11380
11388
11414
11440
11466
11486
11490
11514
11520
11538
11552
11582
11610
11620
11670
11740
11764
11770
11794
11822
11904
11918
11974
11984
11988
11998
12008
12010
12068
12070
12124
12180
12190
12226
12228
12246
12262
12292
12334
12350
12374
12380
12386
12418
12442
12508
12584
12590
12624
12718
12756
12762
12794
12844
12858
12866
12930
12942
12954
12956
12974
12978
12992
13048
13064
13104
13112
13116
13140
13158
13250
13330
13354
13390
13394
13412
13440
13450
13482
13526
13556
13646
13680
13690
13716
13734
13738
13778
13818
13822
13840
13862
13906
13912
13922
13956
13960
13964
13968
14008
14016
14018
14028
14034
14038
14038
14058
14088
14096
14158
14158
14182
14214
14214
14228
14228
14254
14260
14268
14320
14334
14340
14354
14362
14372
14374
14374
14386
14392
14402
14408
14432
14452
14468
14468
14488
14490
14496
14500
14508
14516
14524
14524
14526
14534
14540
14554
14558
14562
14566
14570
14590
14594
14594
14598
14600
14600
14602
14604
14604
14610
14620
14624
14628
14630
14638
14642
14644
14650
14658
14658
14662
14666
14674
14674
14680
14682
14686
14688
14694
14702
14710
14716
14718
14718
14718
14722
14726
14730
14736
14738
14738
14746
14750
14750
14750
14756
14762
14762
14766
14774
14776
14776
14776
14784
14792
14792
14798
14806
14806
14808
14810
14826
14836
14838
14840
14844
14858
14860
14862
14862
14866
14868
14870
14870
14872
14872
14876
14876
14876
14878
14884
14886
14890
14890
14890
14892
14900
14904
14904
14910
14912
14920
14922
14924
14928
14930
14934
14934
14936
14936
14938
14938
14942
14944
14944
14944
14946
14950
14958
14960
14960
14964
14964
14968
14968
14968
14972
14976
14978
14982
14984
14986
14988
14992
14994
15002
15002
15008
15008
15012
15024
15026
15026
15028
15032
15032
15042
15046
15046
15048
15048
15048
15050
15056
15062
15066
15070
15072
15074
15092
15094
15094
15100
15100
15104
15106
15108
15108
15112
15116
15116
15118
15120
15124
15124
15130
15130
15132
15136
15138
15142
15146
15146
15148
15158
15162
15170
15174
15178
15178
15184
15184
15190
15198
15202
15204
15208
15212
15224
15232
15240
15242
15244
15246
15246
15256
15258
15260
15262
15268
15270
15272
15284
15284
15286
15302
15308
15310
15322
15322
15332
15332
15332
15332
15344
15346
15352
15354
15358
15360
15362
15366
15368
15368
15370
15374
15376
15376
15376
15384
15386
15396
15400
15402
15410
15412
15416
15418
15424
15434
15438
15446
15458
15464
15478
15480
15484
15492
15498
15500
15502
15502
15508
15516
15526
15534
15536
15538
15602
15616
15626
15642
15648
15656
15676
15678
15692
15696
15702
15710
15714
15716
15718
15734
15754
15756
15768
15778
15784
15848
15856
15866
15882
15900
15908
15922
15928
15938
15940
16094
16094
16102
16114
16126
16134
16142
16152
16186
16188
16222
16252
16282
16422
16662
16758
16784
16816
16980
17002
17132
17366
17410
18090
18496
19112
19400
19552
19580
19704
20014
20090
20394
21106
21360
21594
21906
22462
22610
22868
23120
23972
24058
24076
24136
24148
24194
24210
24248
24280
24350
24356
24358
24492
24520
24540
24598
24666
24672
24800
24848
24882
24888
24950
25002
25026
25040
25168
25474
25520
25546
25808
26218
33152
34894
36416
80414
136812
669542
973408
