Latencies
5002
5020
5042
5044
5048
5050
5056
5056
5062
5062
5062
5066
5066
5066
5074
5080
5082
5084
5086
5086
5092
5096
5096
5098
5100
5100
5102
5104
5108
5110
5112
5112
5118
5118
5120
5120
5120
5120
5122
5122
5122
5122
5124
5124
5124
5124
5128
5128
5132
5132
5136
5136
5138
5140
5142
5142
5142
5142
5142
5144
5146
5146
5146
5148
5150
5150
5152
5152
5152
5152
5154
5154
5156
5156
5156
5156
5156
5156
5156
5158
5158
5158
5160
5160
5162
5162
5162
5164
5166
5166
5168
5168
5170
5170
5172
5174
5174
5176
5176
5176
5180
5182
5182
5184
5186
5186
5186
5188
5188
5188
5190
5190
5190
5190
5192
5192
5192
5192
5192
5194
5194
5194
5194
5196
5196
5196
5196
5198
5198
5198
5198
5200
5200
5200
5200
5202
5202
5202
5202
5204
5204
5204
5204
5204
5206
5206
5206
5206
5208
5208
5210
5210
5210
5210
5212
5212
5212
5214
5214
5216
5216
5216
5216
5218
5218
5218
5220
5220
5220
5220
5222
5224
5224
5224
5226
5228
5228
5230
5230
5230
5230
5230
5230
5232
5232
5232
5232
5232
5232
5234
5234
5234
5234
5236
5236
5236
5238
5238
5238
5238
5238
5238
5238
5238
5238
5240
5240
5240
5240
5240
5240
5240
5242
5242
5244
5244
5246
5246
5246
5246
5246
5246
5248
5250
5252
5252
5252
5252
5252
5252
5254
5254
5254
5256
5256
5256
5256
5256
5256
5258
5258
5258
5260
5260
5260
5260
5260
5262
5262
5262
5262
5262
5262
5262
5264
5264
5264
5264
5266
5266
5266
5266
5266
5266
5268
5268
5268
5268
5268
5268
5270
5270
5270
5270
5270
5272
5272
5272
5272
5272
5274
5274
5274
5274
5274
5276
5276
5278
5278
5278
5278
5278
5280
5280
5280
5282
5282
5282
5282
5284
5286
5286
5286
5286
5286
5288
5288
5290
5290
5290
5290
5292
5292
5292
5296
5296
5296
5296
5296
5298
5298
5298
5298
5300
5300
5300
5300
5302
5302
5302
5302
5302
5304
5304
5306
5306
5306
5306
5306
5308
5308
5308
5308
5308
5310
5310
5310
5312
5312
5312
5312
5314
5314
5314
5314
5314
5316
5318
5318
5318
5320
5320
5320
5322
5322
5322
5322
5322
5324
5324
5324
5326
5326
5326
5328
5328
5330
5330
5332
5332
5332
5332
5332
5334
5334
5334
5334
5334
5334
5338
5338
5340
5340
5340
5340
5340
5342
5342
5344
5344
5346
5346
5346
5346
5346
5346
5346
5350
5350
5350
5350
5350
5352
5352
5352
5352
5356
5356
5356
5356
5358
5358
5358
5358
5358
5360
5360
5360
5362
5362
5362
5362
5364
5364
5366
5368
5368
5368
5370
5372
5372
5374
5374
5376
5376
5378
5378
5380
5382
5382
5382
5384
5384
5386
5386
5386
5390
5390
5390
5392
5398
5398
5398
5400
5400
5400
5402
5404
5408
5408
5410
5410
5412
5412
5414
5420
5420
5420
5422
5424
5426
5426
5428
5428
5428
5432
5434
5434
5434
5436
5436
5436
5438
5438
5440
5442
5444
5444
5444
5444
5446
5448
5448
5448
5450
5450
5452
5454
5454
5456
5456
5458
5458
5458
5460
5460
5462
5464
5464
5464
5466
5468
5470
5470
5470
5470
5472
5472
5480
5480
5484
5490
5492
5494
5494
5496
5498
5498
5500
5500
5500
5502
5504
5506
5506
5508
5508
5512
5514
5516
5516
5518
5518
5518
5520
5522
5526
5528
5528
5528
5530
5530
5530
5530
5530
5532
5532
5536
5536
5536
5540
5542
5546
5548
5548
5550
5550
5552
5560
5560
5568
5568
5568
5570
5572
5578
5580
5580
5580
5582
5584
5584
5588
5588
5590
5590
5590
5592
5600
5600
5602
5604
5608
5608
5608
5612
5612
5614
5614
5616
5618
5620
5622
5622
5628
5628
5630
5636
5638
5642
5642
5646
5650
5654
5658
5662
5666
5668
5668
5668
5674
5676
5676
5676
5678
5682
5684
5684
5686
5686
5686
5688
5688
5692
5692
5694
5694
5694
5698
5700
5700
5702
5704
5704
5704
5706
5706
5708
5710
5710
5712
5712
5712
5712
5712
5716
5716
5718
5724
5726
5726
5728
5728
5728
5728
5730
5730
5730
5732
5732
5732
5734
5736
5738
5738
5740
5742
5742
5742
5746
5746
5746
5746
5746
5746
5746
5750
5750
5758
5758
5760
5760
5764
5764
5766
5766
5768
5772
5774
5776
5778
5780
5782
5786
5786
5788
5790
5790
5792
5802
5806
5810
5816
5820
5820
5820
5820
5824
5826
5830
5830
5830
5832
5836
5838
5842
5842
5846
5858
5866
5868
5870
5874
5874
5874
5874
5878
5880
5882
5884
5886
5888
5888
5890
5890
5894
5896
5898
5900
5902
5902
5904
5908
5916
5920
5924
5930
5930
5930
5944
5946
5948
5948
5950
5956
5958
5960
5960
5960
5972
5976
5978
5982
5986
5990
5996
6004
6006
6006
6008
6014
6016
6020
6028
6038
6050
6050
6056
6066
6066
6074
6086
6090
6102
6104
6104
6122
6132
6140
6150
6152
6154
6156
6162
6170
6172
6174
6176
6180
6182
6184
6186
6190
6190
6190
6196
6196
6198
6200
6200
6204
6208
6214
6216
6218
6222
6226
6226
6228
6238
6238
6240
6246
6246
6248
6252
6254
6300
6332
6336
6338
6346
6406
6416
6418
6420
6436
6438
6442
6454
6472
6476
6508
6522
6540
6570
6668
6686
6710
6774
6786
6792
6818
6832
6866
6874
6974
6996
7048
7126
7178
7204
7478
7542
7622
7924
7934
8150
8252
8606
8698
8814
9202
9236
9290
9574
9580
9800
9802
10036
10120
10178
10262
10488
10694
10982
11094
11678
11732
11958
12416
12690
12926
12980
13244
13754
14122
14214
14552
14740
14996
15398
16204
16368
16680
16894
17542
17622
18070
18188
18706
18708
19064
19694
19868
19924
20030
20408
20464
20910
21930
22762
23130
23302
23592
23622
24740
25434
25490
25664
25954
26822
26996
29288
29738
30718
31090
31386
32002
32026
32360
33566
33632
33878
34666
35826
36464
36494
37510
37830
38616
39874
45732
59024
62982
