Latencies
5186
5186
5198
5204
5206
5214
5216
5228
5232
5238
5242
5244
5244
5246
5248
5250
5252
5256
5260
5264
5264
5264
5268
5268
5270
5272
5272
5272
5274
5274
5274
5276
5278
5278
5280
5280
5282
5286
5286
5286
5288
5290
5290
5292
5292
5292
5298
5300
5302
5302
5302
5304
5304
5304
5304
5306
5310
5312
5314
5314
5318
5322
5322
5322
5324
5324
5324
5324
5326
5326
5328
5328
5328
5330
5330
5330
5330
5330
5330
5332
5332
5332
5332
5332
5332
5334
5334
5334
5338
5338
5340
5340
5340
5340
5342
5342
5344
5344
5346
5350
5350
5350
5350
5352
5352
5352
5352
5352
5354
5356
5356
5356
5356
5356
5356
5358
5358
5358
5358
5358
5358
5358
5362
5362
5362
5364
5364
5364
5364
5366
5366
5366
5366
5366
5366
5366
5368
5368
5368
5368
5370
5370
5372
5372
5372
5372
5372
5372
5372
5372
5372
5374
5374
5374
5374
5374
5374
5374
5374
5374
5374
5378
5378
5378
5378
5378
5378
5378
5378
5378
5378
5378
5380
5380
5380
5380
5380
5380
5382
5382
5384
5384
5384
5384
5386
5386
5386
5386
5386
5386
5388
5388
5388
5388
5388
5388
5388
5390
5390
5390
5390
5392
5392
5392
5392
5394
5394
5394
5394
5394
5396
5396
5398
5398
5398
5398
5398
5398
5400
5400
5400
5400
5400
5400
5402
5402
5402
5402
5402
5404
5404
5404
5404
5404
5404
5404
5404
5406
5406
5406
5406
5408
5408
5408
5410
5410
5410
5412
5412
5412
5412
5414
5414
5414
5416
5416
5418
5418
5418
5418
5420
5420
5420
5420
5422
5422
5422
5422
5422
5424
5424
5426
5426
5426
5426
5426
5428
5428
5428
5428
5428
5428
5428
5430
5430
5430
5430
5430
5430
5434
5434
5436
5436
5436
5436
5436
5436
5438
5438
5440
5442
5442
5442
5442
5444
5444
5444
5444
5444
5444
5446
5446
5448
5448
5448
5450
5450
5450
5450
5450
5450
5452
5452
5452
5454
5454
5454
5456
5456
5460
5460
5460
5460
5462
5462
5464
5466
5466
5466
5466
5468
5468
5468
5468
5472
5472
5472
5472
5472
5472
5474
5474
5476
5478
5480
5480
5480
5484
5484
5484
5488
5488
5488
5488
5488
5490
5490
5490
5490
5490
5492
5492
5492
5492
5492
5492
5492
5492
5494
5496
5496
5500
5500
5502
5502
5502
5504
5504
5504
5506
5506
5508
5510
5510
5510
5510
5512
5512
5512
5514
5514
5514
5514
5516
5516
5518
5518
5520
5520
5520
5520
5522
5524
5524
5526
5528
5528
5528
5528
5532
5534
5534
5534
5536
5538
5538
5540
5540
5540
5542
5542
5544
5544
5544
5544
5548
5548
5548
5550
5550
5550
5554
5556
5556
5558
5560
5562
5562
5564
5564
5566
5568
5578
5578
5580
5580
5580
5582
5582
5584
5584
5584
5584
5584
5586
5588
5592
5592
5592
5592
5592
5592
5594
5594
5594
5596
5596
5598
5598
5600
5600
5604
5604
5606
5606
5608
5608
5610
5612
5612
5612
5614
5616
5616
5618
5622
5622
5624
5624
5628
5628
5630
5630
5630
5630
5634
5636
5638
5638
5640
5640
5640
5640
5642
5644
5644
5644
5650
5652
5652
5654
5656
5656
5660
5660
5662
5664
5664
5666
5666
5668
5668
5668
5674
5674
5674
5674
5674
5674
5676
5678
5678
5678
5682
5684
5684
5686
5686
5688
5690
5692
5692
5692
5694
5698
5698
5700
5702
5704
5704
5706
5706
5708
5710
5710
5712
5712
5718
5718
5720
5720
5722
5726
5726
5728
5732
5732
5732
5734
5738
5740
5744
5746
5748
5748
5752
5754
5756
5756
5758
5760
5762
5764
5768
5770
5772
5774
5776
5776
5778
5780
5780
5782
5786
5788
5788
5792
5792
5792
5794
5794
5796
5796
5798
5798
5800
5800
5800
5800
5802
5804
5804
5804
5804
5806
5806
5810
5810
5812
5816
5818
5822
5822
5822
5824
5824
5824
5830
5834
5834
5834
5836
5836
5838
5838
5840
5840
5840
5842
5842
5846
5846
5850
5850
5850
5854
5854
5858
5860
5862
5864
5868
5872
5872
5876
5876
5878
5886
5886
5890
5890
5890
5892
5894
5894
5894
5894
5894
5896
5898
5900
5902
5904
5904
5906
5908
5910
5912
5912
5914
5916
5916
5922
5922
5924
5926
5926
5926
5926
5926
5930
5930
5930
5932
5932
5934
5936
5938
5940
5940
5942
5942
5946
5952
5952
5952
5952
5954
5958
5960
5962
5964
5964
5966
5968
5968
5972
5974
5976
5976
5976
5978
5980
5984
5984
5986
5986
5988
5988
5990
5990
5992
5992
5996
6000
6006
6006
6008
6008
6014
6014
6014
6016
6016
6018
6018
6020
6020
6022
6022
6024
6026
6026
6028
6028
6028
6028
6030
6032
6034
6034
6038
6040
6040
6046
6054
6058
6058
6060
6064
6064
6066
6068
6070
6070
6072
6078
6078
6084
6084
6088
6090
6090
6092
6094
6100
6100
6100
6102
6102
6108
6112
6114
6114
6116
6120
6124
6128
6132
6136
6138
6140
6142
6144
6148
6150
6150
6150
6154
6156
6160
6162
6162
6168
6172
6172
6172
6174
6176
6178
6182
6182
6196
6200
6200
6202
6206
6208
6210
6214
6218
6218
6220
6220
6222
6222
6228
6232
6232
6232
6232
6234
6236
6238
6242
6248
6250
6258
6260
6260
6264
6266
6268
6272
6276
6286
6290
6296
6298
6308
6320
6334
6340
6360
6372
6382
6400
6418
6436
6450
6452
6452
6470
6474
6482
6490
6518
6536
6540
6544
6632
6648
6670
6688
6688
6714
6714
6720
6742
6802
6810
6820
6854
6858
6972
6984
7002
7028
7066
7088
7134
7196
7208
7210
7216
7312
7362
7368
7450
7452
7572
7700
7832
7924
8102
8272
8346
8446
8818
9034
9376
9426
10660
10822
10872
11558
11558
12374
12402
12714
12958
14134
14406
15408
15754
16654
16672
17118
17878
19778
19952
20272
22162
23218
23274
23572
24018
24174
24298
24502
25968
26800
29504
30898
32586
36464
39000
47962
