Latencies
5244
5258
5272
5310
5344
5350
5358
5364
5388
5394
5402
5406
5418
5420
5424
5424
5424
5428
5448
5452
5466
5488
5496
5498
5500
5502
5518
5526
5530
5552
5566
5582
5598
5602
5624
5634
5640
5664
5696
5698
5714
5716
5730
5732
5752
5772
5814
5820
5834
5864
5872
5886
5908
5912
5916
5922
5942
5948
5950
5952
6008
6014
6022
6050
6062
6066
6072
6102
6106
6108
6124
6124
6138
6164
6170
6174
6178
6182
6200
6204
6210
6242
6260
6272
6286
6322
6348
6352
6360
6370
6404
6410
6422
6428
6472
6498
6504
6544
6600
6606
6666
6788
6798
6802
6828
6866
6912
6928
6970
7006
7030
7060
7070
7172
7210
7220
7228
7292
7318
7386
7388
7412
7424
7444
7458
7474
7508
7518
7530
7580
7624
7652
7658
7664
7676
7684
7704
7708
7748
7758
7840
7870
7916
8028
8036
8046
8052
8068
8098
8134
8200
8234
8252
8258
8284
8400
8418
8434
8454
8500
8506
8572
8616
8696
8730
8742
8798
8918
8924
8924
9046
9058
9082
9096
9106
9108
9194
9228
9228
9248
9268
9270
9270
9310
9358
9372
9432
9462
9486
9494
9526
9566
9574
9686
9700
9738
9788
9790
9840
9948
9948
9958
9962
9976
10036
10036
10094
10108
10130
10148
10204
10224
10262
10262
10270
10276
10352
10362
10366
10412
10528
10538
10604
10624
10672
10672
10778
10786
10808
10822
10844
10870
10902
10912
10942
10976
10980
11070
11084
11164
11242
11252
11274
11328
11456
11468
11566
11584
11610
11636
11642
11646
11668
11686
11696
11702
11812
11814
11828
11878
11902
11936
12006
12024
12070
12076
12086
12090
12120
12218
12246
12274
12280
12304
12314
12374
12390
12500
12504
12506
12576
12600
12612
12668
12672
12706
12710
12716
12818
12860
12860
12894
12932
12950
13006
13024
13026
13054
13116
13162
13206
13248
13262
13292
13316
13326
13330
13400
13404
13420
13482
13490
13504
13512
13560
13630
13640
13642
13646
13720
13762
13764
13842
13844
13876
13904
13918
13962
14058
14078
14102
14134
14138
14138
14144
14156
14198
14216
14222
14254
14368
14402
14402
14404
14410
14432
14432
14440
14464
14474
14476
14484
14488
14554
14560
14566
14572
14598
14600
14606
14610
14626
14656
14668
14678
14700
14702
14708
14714
14738
14746
14756
14764
14766
14772
14802
14802
14808
14826
14832
14844
14846
14850
14862
14882
14894
14896
14922
14932
14934
14936
14974
14986
14996
15006
15008
15014
15026
15040
15040
15046
15052
15056
15062
15064
15066
15070
15080
15084
15090
15092
15098
15102
15104
15114
15124
15132
15132
15142
15152
15154
15154
15162
15168
15174
15194
15200
15202
15206
15208
15210
15214
15222
15224
15238
15240
15252
15254
15260
15260
15262
15270
15270
15284
15286
15286
15286
15288
15292
15296
15304
15312
15314
15348
15356
15358
15360
15398
15398
15398
15422
15424
15426
15440
15448
15452
15454
15496
15504
15504
15506
15508
15518
15542
15552
15618
15636
15642
15676
15690
15716
15728
15736
15766
15768
15768
15788
15812
15814
15902
15916
15932
15938
15938
15950
15992
16038
16050
16164
16272
16278
16282
16430
16442
16490
16608
16632
16642
16650
16706
16822
16940
16968
17144
17380
17434
17444
17480
17602
17800
17808
17826
17868
17904
17928
17966
17968
18036
18072
18078
18084
18122
18176
18200
18224
18332
18358
18668
18726
18906
18912
19046
19166
19174
19240
19244
19258
19298
19444
19528
19546
19564
19570
19636
19642
19658
19686
19712
19836
20000
20136
20160
20182
20252
20262
20400
20408
20426
20460
20468
20708
20946
21072
21230
21258
21306
21734
21750
21880
21918
21926
21948
21982
21992
22082
22116
22140
22320
22352
22410
22540
22550
22624
22634
22864
22870
22916
22954
22962
23036
23060
23142
23322
23360
23568
23574
23612
23668
23764
23794
23824
23856
23898
23964
23974
24048
24134
24164
24314
24318
24318
24362
24410
24498
24572
24578
24586
24590
24606
24608
24636
24668
24744
24786
24928
24954
24988
24994
25020
25036
25088
25122
25134
25140
25172
25228
25264
25298
25308
25362
25376
25448
25486
25492
25504
25580
25584
25602
25608
25616
25628
25668
25720
25858
25874
25936
25954
25994
26090
26180
26258
26284
26308
26318
26324
26328
26356
26402
26462
26508
26546
26548
26590
26656
26656
26732
26798
26810
26810
26858
26916
26922
26964
27012
27020
27054
27084
27172
27196
27294
27346
27396
27412
27428
27562
27592
27736
27818
27864
27872
28010
28016
28130
28168
28252
28312
28344
28410
28508
28936
28946
29072
29078
29114
29122
29178
29216
29224
29516
29584
29604
29666
29746
29770
29856
29956
30016
30078
30330
30360
30400
30492
30540
30598
30644
30664
30668
30712
30714
30718
30882
30924
30944
30946
30960
30986
31042
31072
31100
31370
31410
31542
31638
31812
31838
32020
32056
32150
32260
32520
32570
32724
32734
32760
32904
33026
33072
33090
33120
33154
33170
33176
33192
33248
33342
33444
33466
33496
33644
33666
33680
33802
33854
33854
33864
33896
33928
33936
33972
33992
34012
34016
34050
34050
34090
34094
34102
34134
34194
34218
34234
34248
34258
34262
34300
34306
34314
34322
34338
34346
34374
34396
34406
34420
34446
34454
34472
34500
34502
34512
34520
34536
34554
34554
34586
34590
34608
34626
34626
34636
34638
34644
34664
34666
34680
34698
34702
34710
34718
34728
34734
34736
34758
34778
34778
34786
34802
34822
34826
34832
34854
34866
34876
34890
34902
34908
34930
34936
34952
34986
35000
35016
35028
35032
35072
35176
35188
35218
35220
35222
35242
35248
35306
35358
35426
35444
35532
35606
35676
35832
35926
36052
36064
36138
36304
36378
36520
36708
37058
37568
38134
38410
38542
38650
38730
39974
41184
41524
41836
43404
44396
44766
44838
47376
47394
48168
48944
54464
57418
57674
59126
61374
80966
106804
131964
164176
288082
527266
2057512
6672766
