Latencies
5226
5228
5240
5262
5316
5322
5340
5350
5358
5372
5384
5388
5404
5408
5410
5432
5436
5450
5466
5468
5476
5480
5482
5490
5502
5514
5516
5532
5546
5556
5556
5558
5562
5562
5574
5576
5584
5584
5600
5602
5608
5608
5608
5616
5626
5644
5650
5654
5674
5690
5692
5698
5702
5704
5706
5722
5734
5742
5750
5752
5754
5756
5764
5766
5790
5800
5800
5812
5832
5832
5832
5842
5848
5850
5852
5860
5864
5864
5864
5870
5870
5880
5886
5888
5914
5926
5928
5928
5930
5938
5938
5942
5946
5948
5948
5954
5960
5964
5968
5976
5978
5992
6002
6004
6012
6012
6020
6024
6034
6040
6044
6046
6050
6054
6054
6066
6070
6080
6084
6088
6092
6118
6120
6124
6132
6144
6146
6150
6158
6220
6224
6224
6236
6238
6288
6288
6294
6300
6302
6306
6322
6370
6396
6408
6436
6438
6454
6500
6528
6534
6534
6542
6566
6590
6598
6606
6612
6618
6632
6644
6666
6680
6684
6692
6692
6706
6716
6734
6776
6778
6798
6812
6828
6844
6910
6912
6930
6934
6962
6972
6976
7008
7028
7036
7048
7048
7072
7078
7086
7118
7128
7132
7144
7148
7158
7218
7260
7274
7280
7284
7292
7294
7298
7304
7312
7332
7338
7342
7354
7358
7362
7370
7370
7380
7394
7400
7406
7418
7462
7462
7476
7476
7482
7522
7548
7558
7566
7570
7578
7584
7594
7608
7620
7628
7634
7640
7654
7676
7688
7706
7710
7720
7732
7760
7784
7790
7834
7848
7858
7866
7876
7894
7934
7942
7944
7946
7972
7974
7980
8014
8018
8024
8048
8062
8072
8086
8102
8108
8150
8158
8176
8184
8186
8196
8196
8206
8216
8218
8252
8268
8272
8282
8290
8308
8322
8326
8334
8336
8350
8350
8376
8382
8422
8430
8460
8464
8480
8486
8504
8506
8508
8518
8524
8542
8576
8578
8592
8606
8634
8664
8670
8692
8698
8702
8708
8724
8784
8798
8818
8850
8866
8882
8900
8944
8958
9010
9012
9052
9064
9068
9070
9072
9104
9108
9110
9120
9140
9142
9154
9172
9188
9212
9224
9258
9262
9274
9276
9280
9284
9284
9292
9306
9314
9350
9358
9380
9408
9424
9426
9438
9478
9488
9488
9496
9502
9508
9514
9526
9532
9540
9542
9552
9560
9564
9566
9572
9572
9580
9608
9640
9668
9674
9716
9718
9730
9736
9746
9768
9774
9776
9780
9780
9784
9784
9806
9814
9822
9860
9862
9884
9898
9906
9958
9988
9990
10020
10052
10086
10104
10104
10106
10128
10156
10216
10218
10226
10230
10240
10242
10254
10258
10276
10286
10288
10300
10300
10324
10330
10348
10348
10364
10402
10416
10426
10434
10436
10446
10456
10496
10512
10524
10538
10546
10556
10562
10616
10616
10700
10718
10742
10748
10760
10816
10834
10836
10844
10870
10876
10906
10914
10920
10964
10996
11032
11054
11084
11098
11108
11114
11132
11134
11134
11134
11136
11146
11158
11184
11200
11202
11224
11228
11258
11262
11264
11310
11312
11318
11330
11336
11366
11392
11406
11412
11416
11434
11442
11444
11458
11472
11474
11494
11500
11514
11522
11526
11530
11564
11584
11590
11594
11610
11614
11632
11640
11654
11684
11732
11736
11826
11842
11874
11896
11924
11932
11940
11950
11956
12000
12000
12004
12004
12030
12042
12058
12080
12094
12098
12104
12150
12156
12174
12186
12226
12232
12284
12286
12286
12292
12302
12324
12324
12328
12332
12360
12370
12380
12380
12408
12432
12454
12460
12466
12474
12512
12522
12522
12532
12554
12556
12556
12558
12562
12570
12572
12640
12674
12676
12686
12740
12792
12804
12818
12844
12850
12866
12880
12902
12906
12932
12940
12966
13010
13018
13032
13042
13052
13058
13068
13078
13090
13092
13112
13116
13128
13158
13166
13188
13200
13210
13246
13310
13332
13334
13358
13362
13362
13366
13376
13394
13396
13408
13414
13428
13430
13432
13436
13442
13464
13468
13476
13476
13476
13486
13498
13506
13508
13518
13520
13544
13594
13598
13606
13618
13666
13668
13676
13676
13680
13686
13686
13720
13738
13746
13760
13760
13808
13816
13818
13820
13836
13854
13858
13872
13876
13906
13934
13940
13942
13942
13970
13996
13996
13996
14008
14020
14044
14050
14056
14058
14064
14066
14068
14076
14086
14088
14090
14096
14110
14114
14120
14122
14126
14132
14148
14158
14174
14174
14176
14186
14194
14198
14224
14238
14258
14276
14294
14314
14316
14318
14326
14332
14344
14360
14370
14384
14386
14388
14390
14392
14394
14394
14396
14402
14442
14446
14458
14462
14474
14476
14480
14480
14488
14498
14520
14528
14548
14548
14550
14560
14560
14562
14568
14580
14584
14594
14604
14608
14614
14620
14640
14650
14660
14662
14684
14684
14686
14686
14686
14688
14700
14714
14720
14720
14722
14738
14752
14752
14756
14770
14776
14782
14784
14788
14788
14798
14806
14810
14828
14844
14854
14854
14874
14878
14922
14930
14932
14936
14940
14940
14952
14958
14964
14964
14966
14966
14970
14970
14972
14976
14978
14982
14992
14992
15000
15000
15006
15006
15022
15022
15028
15042
15046
15052
15064
15072
15078
15082
15094
15096
15108
15118
15120
15128
15132
15132
15134
15136
15144
15148
15150
15150
15156
15162
15168
15172
15174
15180
15184
15194
15200
15200
15204
15208
15208
15210
15222
15222
15224
15232
15232
15234
15242
15246
15248
15250
15252
15254
15262
15266
15268
15268
15280
15282
15292
15292
15294
15344
15352
15354
15364
15366
15366
15366
15368
15388
15400
15400
15412
15416
15418
15436
15460
15466
15476
15476
15480
15504
15504
15518
15520
15524
15540
15546
15558
15568
15570
15582
15588
15596
15612
15632
15662
15662
15668
15680
15682
15702
15708
15726
15728
15778
15778
15780
15782
15784
15798
15798
15814
15818
15820
15846
15856
15870
15922
15990
16010
16030
16112
16112
16122
16132
16166
16170
16314
16382
16752
16762
17060
17998
18310
18646
19356
20060
20082
20370
20632
20964
21210
21626
22000
22222
22572
23488
23800
23910
23930
23992
24224
24232
24298
24356
24408
24440
24454
24472
24498
24632
24664
24800
24816
24922
24928
24944
24986
25184
25282
25320
25352
25810
25832
27582
35038
37708
51078
326324
3956782
5055724
