Latencies
22508
7382
5556
5528
5312
5396
5228
5486
14446
5208
5302
5502
5902
5516
5250
5862
5776
25216
5754
5508
5782
19332
6110
5266
6266
5404
5476
5324
5414
5462
5372
5730
5440
9968
5324
5282
5270
5406
5696
5562
19284
5680
5238
9152
18218
5254
5998
5304
10796
5152
5114
5202
5502
26678
6054
5438
5314
5292
5352
5610
5716
5252
5670
23124
5526
5264
5480
5432
5210
21366
6822
5278
6102
5866
14822
5980
5316
5328
35462
5316
9868
5394
5390
5386
5568
5128
5430
5344
5526
6178
5320
5352
5726
5370
5706
5364
5644
5324
5368
5516
5274
5658
5824
5502
5380
5630
10620
6120
5444
5234
5354
6032
10856
5260
12346
5440
5238
5534
6156
5324
5280
5628
22812
5218
5156
5442
5324
5136
5368
5454
5462
5186
5154
5374
6358
6014
9528
5334
5388
24270
5630
5514
5510
5880
6736
5398
5414
5206
13664
6198
5338
5676
6126
6132
5330
5418
5154
5478
5500
5360
5506
6048
5724
5554
5808
5356
5338
5200
5482
5370
5854
10590
26870
5376
5264
7584
5452
5548
5750
5978
5908
6058
5328
5190
6012
26252
5894
5320
5142
5188
5422
5154
5198
5488
6380
5280
5162
5280
7178
5362
5934
14720
5722
5294
5182
5242
6238
5436
10634
5516
5274
5442
5346
5284
10972
11316
5310
5348
5308
5526
5878
5346
5334
5740
5256
5384
5192
5256
5816
27396
5452
6150
5538
5666
5680
5724
5354
5652
6052
6064
5614
5644
5240
5344
5580
5392
8834
27816
5260
5500
6276
5652
5442
5398
6126
5734
5818
5700
5226
9170
5486
6410
6222
5578
5900
5442
5194
5450
5184
5482
5396
6186
5610
5640
5278
5306
5368
5346
5410
6240
33628
5570
5464
5430
5210
5384
5420
5248
5660
21166
5328
5376
20940
11966
6038
5606
5854
5878
24964
6024
5364
5350
5424
5874
5720
5310
5334
6040
5694
32094
22096
5432
5364
5268
5534
22150
5340
17986
5354
75350
5356
6080
5250
7224
5410
36650
5370
65692
5574
5270
6012
5600
5494
5330
5296
14930
5776
5386
5734
21958
6130
5732
6430
5776
5392
5648
5292
5744
5472
5316
6008
5766
5676
25740
5644
6356
5416
5340
5420
14888
5342
6002
5988
5496
5402
5816
5792
5720
5784
5488
5936
5922
5758
5278
5424
5312
5310
37452
6100
28032
5756
5748
5472
5332
6268
5358
5348
22790
5400
5320
6196
6196
15156
5770
5624
5486
5456
5926
8562
5206
5450
5324
5392
5376
5362
20864
5432
5222
5318
33714
5462
5446
5984
6076
6558
5646
5942
6206
6920
6560
5394
5404
5424
5240
5496
5682
24988
5350
5500
5250
16252
5620
5394
5276
5502
5444
5866
5302
5406
36386
5696
5352
5960
6558
5448
5356
5362
5316
5324
5398
5382
6266
5392
5944
5458
5562
5540
5324
5644
5992
5376
5410
15060
5838
5382
5884
5394
5400
5420
6208
6516
22724
5326
5412
5414
5464
5408
5468
5370
5784
5542
5592
5408
5430
5414
6144
38634
5412
5414
5420
5386
24406
5884
5394
5552
5276
5280
5576
5364
5278
5422
5368
17616
5650
6168
5452
5832
6584
5430
5316
6158
5754
5406
5498
5574
5452
5434
5354
5316
6952
5304
5322
5276
5546
5972
5948
16294
5326
5500
27658
5988
5848
17702
5836
5580
5266
5812
5676
5530
5662
6052
5328
6132
6152
6214
5384
6164
8974
5528
5344
5408
5316
5306
5412
5398
5306
14164
21566
21486
5528
5484
22588
5558
6294
5382
5326
5664
5192
5632
5452
5330
5284
5336
34360
30480
5502
13762
5750
5570
5128
5168
5156
5200
5308
5220
5660
5122
5538
6354
5240
5364
5184
5340
5170
30810
5332
15772
8710
5316
26772
6282
5712
5206
5412
33200
5318
5356
5170
5206
5202
5204
5622
5378
5376
5112
5596
5334
5186
5450
6098
5350
5188
6616
11602
5544
5172
26676
7324
5186
5372
5146
5608
5328
5142
5450
5570
5432
5392
5400
5418
19294
5338
9512
5224
5352
5330
9022
5466
5912
5482
21048
5574
5358
5260
5264
5156
6142
5178
5230
5206
6004
5336
5808
5528
5216
5160
5182
5178
52408
12380
5586
5244
5428
5160
5170
5174
5142
25914
5326
6078
5246
9010
5196
5804
5196
5584
5524
6122
5484
5154
5262
5742
29586
5232
5950
5124
6248
11568
5148
5376
5184
5202
5358
5156
5352
5670
5400
5264
5204
5238
5154
5074
5166
9094
5182
5146
5178
5208
5222
5684
5724
5532
5292
5490
5166
5456
5146
5192
5334
5188
5254
5270
5476
5444
5532
5138
5220
8472
16224
5316
5772
34406
5200
5324
5946
5562
6776
5180
5178
5364
5566
5542
5426
5354
5186
5496
5996
5306
5362
5524
5544
5558
5606
5168
5130
5158
6698
5378
24684
5238
5206
5218
5176
5380
5398
6120
6148
6184
5950
5336
5324
5378
5852
5512
5784
5144
5568
5536
6300
5184
5140
5178
6078
5162
5176
5154
6192
12560
5164
6080
5464
5702
5856
5978
5210
5730
5172
5164
6548
5220
5364
5236
5566
6124
31794
5206
5344
12016
10818
10004
5676
5358
5166
5150
5326
23214
5168
12010
5586
5514
5294
5754
15206
5420
6000
5730
5458
5406
5224
12298
7094
5470
5988
5276
24908
5308
5382
35198
6490
5196
5832
5218
5334
5280
5188
5594
35634
20438
5386
5398
5500
5228
5172
6806
5286
5242
5506
5264
5316
5202
5820
5318
6188
5344
8846
5604
5144
5716
5408
5450
5968
5382
5350
6764
5418
5280
5298
5716
35666
5592
5912
5728
11268
5794
5514
5352
5204
5218
5376
5204
24752
5208
5252
5194
5144
5162
5156
5184
15556
5434
5562
5190
5170
5306
5842
5224
5326
5366
8960
5478
5150
5192
5192
5344
5206
5392
5424
5722
5422
5414
5234
5318
5708
5334
6700
5382
5604
5362
5504
6352
5172
5814
5354
5120
5320
5334
5812
8972
5242
5884
5178
5758
5630
5200
5220
44706
5424
5334
18964
5228
5578
5318
5338
6228
5524
35266
7178
5202
5258
5788
25658
5452
6032
6132
6068
5350
5182
5496
7952
5388
6054
5172
5164
5712
5330
5402
6000
6002
5890
5172
5212
6088
25668
5472
5222
5802
5336
5240
6888
5822
5372
5168
5358
5862
5550
5228
19832
5598
5356
5278
5802
5360
5546
5340
5232
35014
5290
5324
5276
5440
5192
5268
5426
5782
6598
5688
5948
5420
5970
5180
5318
6096
5230
5204
6120
5180
5248
5236
5502
7994
6624
5262
5294
6006
5424
36360
5738
5252
5178
5338
5272
10760
5574
13250
5336
13460
5310
5874
5840
5304
5648
5188
5326
5514
9190
5370
5418
5866
5380
5152
5200
5326
5286
5248
5390
5158
5556
6240
5132
5180
5320
5300
5472
5206
5216
5780
5764
5632
5456
5484
5272
5180
36392
5228
5598
29244
5576
5222
5338
6498
5546
5706
5442
5362
18828
6582
5290
5250
5382
5212
5386
5382
5248
6626
5412
5238
5254
5648
5492
5256
26192
5140
5240
15458
6042
5492
5662
5376
5490
5378
5332
5364
5376
5214
5390
5326
5190
5188
5176
5572
5470
5340
5418
5314
5328
5846
5314
5282
5812
5356
5564
5186
5230
5406
5398
5342
5808
5326
6448
5672
5230
5250
5688
5192
5304
5534
5364
5166
5932
5316
5246
5466
5598
34170
19200
5652
5746
5548
5240
16460
6062
5196
5350
6134
5378
5276
5446
5224
5206
11042
8922
5464
5244
5188
5194
5312
5184
5154
5784
30014
5992
5286
5802
5448
5924
6416
5338
5744
51700
5202
5234
5420
17042
5192
5384
5332
5220
5334
5522
5646
5356
5410
5808
5410
5394
5442
5922
5656
6092
5304
5276
5188
5178
5218
5386
5766
5242
5186
6174
5414
5302
6190
5222
5250
5182
28236
5724
5274
5182
6022
5558
5674
5424
6020
5600
5594
5576
5256
36238
5216
5662
5630
5150
5212
5534
5342
5390
32272
5480
5502
5170
6632
5258
5336
5202
10628
9576
5872
5224
35178
5350
5158
5148
5348
5148
5756
9278
5244
5346
5222
5328
5188
5326
6062
5494
5182
5504
5402
5156
5258
5186
5300
9694
5192
9242
6280
5174
5886
5278
5292
5462
6032
5290
6112
5408
5384
5264
5288
5292
9806
5890
5456
5500
5448
5384
5392
5448
5422
5378
5390
5368
5994
6076
5562
5424
5358
5308
28576
5642
5342
5866
5520
5294
6352
5376
5972
5334
14900
5246
5348
5650
5880
5922
5198
5308
5312
5918
5892
5188
5280
5198
5196
5996
23450
5834
5790
5194
6286
5232
5952
5828
5232
14138
36324
26154
14364
5304
5692
5986
21774
7036
5622
6156
25942
5766
5924
5268
5288
12200
13940
5600
5260
5332
5342
25056
5410
7334
24636
5994
5396
5612
8214
5300
5274
23546
5382
5384
5424
5912
5194
5318
5182
5568
6076
5148
8682
5386
5622
5350
5192
5818
5358
5324
8720
5242
6044
12804
5600
12060
5430
5766
6020
5256
16798
5450
5440
5234
5168
5386
5124
24850
5388
5212
5316
5554
15680
5632
10186
5620
5532
5338
5372
5376
5366
5368
5154
6008
5672
5436
5542
5636
5210
5246
5352
5484
5318
26488
5434
5314
5264
6036
5422
5462
5386
6026
5382
5232
6046
5990
5484
5348
5282
5198
5190
5122
6264
5284
5288
5354
5214
5776
5290
5342
5770
5408
6386
5662
5414
5760
23178
9688
5636
5238
5330
5374
5310
5198
5498
5978
5240
5208
5168
5282
5204
5150
5224
5334
5644
5348
5174
11374
5206
5332
5440
5278
5286
5188
6114
5642
5150
5390
5338
5420
5466
6064
5164
5824
5196
5262
5198
5162
6146
5412
5138
5292
5302
5246
12676
5298
5456
5260
5272
5136
5210
5396
5484
5268
5636
6006
5374
14836
6926
17768
5604
5350
6246
5344
6120
5372
6008
5318
5192
5244
11994
5548
5210
5874
6208
5204
5150
5174
5182
5228
5328
6050
5284
6090
5300
5594
10640
5388
6138
5238
5354
5350
5326
5906
5152
5582
5358
5360
5526
5328
5474
5184
5136
5754
5528
12698
5278
5532
29890
5834
5764
5250
5174
6048
5180
20500
14506
16450
5262
5408
5518
5228
5384
5266
5782
5266
21074
5368
5716
6032
5734
5208
5404
5150
6292
5496
5440
11024
5378
5342
5344
14178
5202
5260
5436
16738
33058
6934
5388
5430
13266
12676
5630
5422
5342
5376
8218
5302
5452
5492
5240
6136
11378
5422
5402
5704
5694
6132
5356
5196
5358
5990
5606
5248
5454
5720
5246
16462
5206
5784
5576
5154
5358
5276
5322
5200
5340
6008
5440
5396
5318
5856
5584
5254
5508
5150
5810
5338
5206
5182
5842
5244
5336
5354
6176
5186
5376
5186
5378
5494
6768
5316
5434
31116
5244
5158
5180
5342
5364
30816
5232
11116
11110
5678
5408
5378
5518
5368
5820
5350
5398
5562
5444
6054
6100
6218
5308
5318
5370
6154
5358
5402
6220
5450
5176
5374
11104
5706
5642
5332
5236
5618
5370
5916
5680
5378
5270
5740
6106
5354
5378
5238
5194
5404
34510
5232
5336
5280
5226
7318
9938
5560
5196
5234
5336
5292
5180
5354
5518
5836
5830
5744
29082
5434
5380
5336
5492
5396
5982
5254
5350
10862
29178
5188
5588
5458
5180
6968
5294
5352
5266
33854
5370
6168
5420
5330
12562
18436
5512
5872
5638
31612
5590
5574
5192
5178
5196
5434
5208
5380
6118
5160
5298
6226
6006
5478
5354
5314
6124
5520
5626
5312
5328
5332
5304
5232
10824
5586
5440
7534
5310
5332
6328
5418
5400
5314
11786
5214
5784
5366
5414
5358
7548
5408
6170
5454
5442
6046
5724
5414
5896
5210
5192
5562
5856
5480
35836
5574
5972
5324
5724
5222
5346
6082
5882
5374
5366
5202
6048
6034
5188
23746
5364
5460
5918
5310
5350
5360
5354
5712
5198
5456
5330
5404
5734
33484
5480
5646
5348
5310
5300
28482
5340
5172
18260
5564
5456
5496
5368
5700
5430
5374
5544
8344
5388
5244
5254
5422
5148
5148
5786
5542
5600
5410
8388
5470
5436
5418
6838
6262
5446
6000
5380
5406
5384
6088
5486
5300
12686
5378
5522
5606
5998
5842
5394
5500
6262
5404
5320
5668
6360
5188
10316
5354
5532
5926
5324
9314
5504
5314
5286
5362
5430
