Latencies
7050
7594
5178
5204
6206
5062
10852
5082
5716
5282
5070
5400
5108
11678
5276
5394
24352
6734
14492
5204
6146
5092
5400
5814
5616
6526
7748
5600
5400
8036
9386
7204
7868
6550
5656
5890
5732
7920
5910
5170
26614
5694
5658
5248
5246
6004
5368
5334
5134
22888
5776
5600
5488
5286
5742
5490
5240
5408
5536
5738
6734
5390
5432
9732
6238
5184
5262
5520
23982
5164
6168
5844
5076
6056
5684
5120
5858
5108
5540
5974
5572
5142
5164
5118
21732
5126
5464
5360
6270
5702
5248
13318
5238
5274
5242
5258
5074
5654
36752
5386
5394
5850
5946
5400
5324
5372
5370
5942
5388
5260
7718
6190
5324
5386
5684
5152
5138
5304
6008
5586
11726
5232
5292
5928
6092
5156
5896
5404
5302
5266
5238
5356
5200
5342
5400
5420
5612
17642
6594
14780
5120
5210
5032
5624
5540
6266
5364
5202
5198
5194
13652
5458
5848
5596
25938
5606
17292
5698
5324
47616
5574
6128
5810
5234
5734
5408
5888
5266
5064
6256
5782
6770
5340
5166
5300
5616
5250
5188
5286
5200
5368
5146
5120
5132
5346
5384
31428
5074
6072
5692
5014
5160
23872
5326
5922
5244
5588
5062
5112
5312
5274
5350
5482
6750
5524
5370
26330
5236
5830
5554
6738
5410
5874
5342
5958
5840
5422
5238
5264
5172
5074
5224
5278
5544
6160
6402
35702
5498
9516
5680
5196
5352
5482
5600
5560
5384
5732
59390
5162
73358
5228
5552
5534
5838
5104
9820
5932
6108
5468
6070
5402
28114
18416
5818
9426
6028
5062
5488
41098
5092
5268
29992
5660
5928
5360
5316
5820
20026
5228
5384
5342
5218
5452
6294
5260
5546
5380
5972
5078
6010
5208
11032
5626
5246
5572
16102
5366
5522
5430
7332
5814
5306
5856
5348
5110
5086
5184
31012
6118
5910
5172
6270
12982
5732
5316
5272
5634
5554
6000
5174
8134
5412
5244
5314
5204
10210
5202
78302
5528
6360
5358
35802
5366
5286
5260
5478
5348
5706
6108
5224
5764
5982
5728
5330
5878
5892
5336
23768
5326
5172
5342
5594
6100
5624
7196
5192
5626
5108
5558
5446
6004
15198
5232
6806
5162
21052
5988
5922
5770
5214
5850
5166
5464
5322
5162
5894
5362
5342
5354
5602
6000
5242
5750
5868
5814
5456
6014
5234
5444
40342
16982
5142
5546
5492
5364
5122
5174
5374
36624
5130
5598
10580
5426
5550
5318
6140
5350
7714
5310
5256
5930
5486
5428
5238
5880
5434
5562
5362
5178
5182
5776
5614
5402
5820
5200
15074
5100
5628
5114
5142
5412
5406
5208
5446
5346
6066
7256
10130
24276
5324
6034
5184
5550
5456
5210
5646
5140
5452
11424
6042
5338
4952
6546
5862
5392
5132
5210
5032
5058
5776
5160
5082
5178
5192
6302
5482
5250
5414
5338
5102
5782
5164
5326
5242
6020
5516
5712
14824
5446
5050
7034
5152
5178
5218
5252
5364
5176
5140
5476
5480
5318
5968
5406
5164
5562
5236
5800
5240
5586
5304
5220
5668
6708
5324
5316
5332
5242
5162
35550
7116
5324
5596
5242
5144
5252
5376
19158
16238
5204
5022
5082
5052
5424
5216
5764
9542
5210
5344
5344
5150
5536
5710
6678
5476
5088
5616
5580
28804
5676
5252
5244
5776
5310
5444
5222
6364
6296
5208
5542
5674
5296
5238
5258
6656
5092
5752
5168
5628
5808
5224
5128
5448
5222
5490
5238
25806
5102
5136
5166
6102
5480
13998
53520
5410
5866
5716
5258
5512
5314
5454
5206
5908
5920
15648
5388
5160
5226
8166
5766
5756
5384
5658
5690
5150
22004
5510
5190
5820
5692
5422
5298
5758
5404
5764
5792
6186
6498
5258
5212
5242
5758
5210
5260
5538
5712
5968
5174
6066
5316
5266
5266
5436
9984
5498
5388
5898
5250
5232
5442
5266
5268
5320
5206
5226
5704
5902
5580
5500
5480
5302
5430
26276
5302
5642
5810
5580
5418
20522
6054
5362
5524
5142
5272
12584
5628
5756
5840
5226
36944
5222
5824
5270
5856
5342
5174
5252
5718
5992
5278
5490
5408
6100
22630
23208
5416
5344
5894
5384
5344
5304
5062
5314
5092
5626
5322
5160
6596
5692
5530
5186
25262
5838
5934
5224
5224
5924
5614
6070
5256
5670
5430
5450
5296
12440
6442
5402
5130
5566
12990
11870
17618
5926
5640
6424
5510
5684
5548
5328
5530
5482
5810
5202
5144
5198
6226
5176
5110
5758
5280
5120
5610
5482
6628
5320
5218
34936
5498
5630
5296
5262
5658
5338
5112
5046
5528
5454
5234
5064
5204
5884
5266
5858
6100
5386
5630
5774
5146
5562
5102
37676
19052
5358
5048
5050
5394
33692
5672
5258
5200
6000
5346
5100
5118
5506
5222
5664
22788
30880
5198
8048
5328
5096
5726
6198
5218
5116
5194
5208
5150
5882
5228
5184
6088
6010
5652
32864
5440
5242
6046
5322
5998
5888
5140
16104
5452
5392
5516
5336
6002
5258
5364
5932
5904
5316
5486
5260
5510
5298
6338
5248
5604
21908
5010
5580
5132
52988
5216
5842
5242
5438
5172
5022
5100
5252
5156
5992
5706
5184
5636
5048
5250
5386
5280
5822
5114
5358
5270
11820
5776
5420
5750
5858
5184
5340
5416
5826
5340
5838
5372
5254
5742
5640
5148
5184
5382
5224
5708
5324
5332
5786
6044
6056
7922
5652
5132
32332
32152
5312
5242
5676
5744
5232
5092
5020
5614
5216
5322
5724
5444
5918
5852
5454
6194
42846
31626
5062
5040
5124
5880
8828
5142
5696
5138
5704
5234
6232
5376
5192
5276
5628
10678
5358
5150
5974
5560
5108
5778
5172
5264
5206
5278
28960
23162
32564
5812
29500
5290
65258
5172
5388
5328
10938
5502
5580
5284
5668
5672
5506
31810
5584
5266
5274
6074
5174
5246
5542
5988
5222
5990
5850
5054
6008
5034
5530
5212
5248
5090
5060
5430
5034
5520
5180
5878
14812
5876
5300
5366
5782
5072
5350
5798
6274
5228
5366
5130
5670
5536
5154
5374
5254
5148
27564
13338
5294
5332
5172
21918
5476
5818
5396
5346
5494
5358
23222
5180
5098
5198
21574
5298
5452
5134
5014
5256
5838
5348
5072
5030
31058
5244
5198
5696
5240
4992
5584
5346
5062
5184
6020
8878
9398
5272
5474
5432
5072
5880
41928
5022
4984
5016
5024
5304
5304
5052
32908
5716
5714
5296
5252
5050
5052
5286
7804
5052
5838
5378
5948
5062
6540
5394
5040
5330
5048
5134
5214
5150
5368
5350
5638
5726
5176
5464
5534
6566
5474
5496
5986
23454
5538
5422
5228
6186
5076
5134
5330
5348
6046
5586
5654
5276
5232
5492
5660
5226
5582
5122
5104
5540
5276
5068
5930
6022
5268
35932
18518
5498
5010
5298
5498
5094
11798
16986
5422
5464
5716
5248
5210
5080
5828
5510
5378
6490
5084
5314
5768
5846
5216
5818
5464
5272
5392
5320
5316
5548
5528
5402
5450
5176
5500
6932
6294
5884
5808
5212
5260
5082
5026
6160
5786
5584
5246
5168
5772
5254
5110
5292
5248
5366
5192
5230
6146
5594
6280
5116
5342
5250
5314
5790
5376
5250
5228
5308
7000
5662
5670
5258
5022
5480
5140
8498
5866
5204
33324
5562
5290
5108
6244
5592
5394
5216
5726
5872
5350
5396
5314
5742
5184
15904
5036
5230
5088
5070
6054
5110
5212
4974
4980
5082
5104
5232
5680
5484
5700
5270
5230
5782
5056
5204
5320
6322
26228
5384
5176
5008
5796
5328
5204
5096
5052
10606
20190
25154
5078
5544
5040
5650
5140
25562
5436
5086
10976
5204
5180
5150
25604
5010
5404
5164
5812
5130
5892
5610
5370
5610
5176
5602
10244
5154
5396
14630
5210
5752
5272
5506
5016
5176
5962
5304
5194
5294
5022
34854
7258
5246
5294
5424
5194
5090
5140
15116
5678
5220
5306
5298
5226
5540
5354
5634
5022
52374
5028
5140
5270
5070
5024
5676
5078
5220
5514
5282
6066
5712
5098
5032
5424
5542
5306
6016
5820
27718
5370
6154
5498
5326
5178
13976
5948
5266
5100
5282
5008
5206
5164
5214
5118
5092
5430
33728
5422
5008
5158
5016
5144
5156
5242
5144
23090
34992
11990
5188
15914
5216
5174
6080
5046
5038
5750
5466
5098
5102
5216
5016
4998
5590
5144
5660
5432
5436
5128
5252
6496
5202
5414
5112
5130
5060
5210
5104
5208
5276
7202
5724
5148
5042
5630
31764
5298
5418
6026
5156
5294
14062
6262
5524
5696
5044
5424
5110
5532
5496
5046
5340
5214
6536
5172
10058
5510
5220
5672
5218
5202
5240
5372
29832
5470
5118
5414
5550
19054
5898
5086
5674
6704
5168
5234
5302
5582
5556
5292
22498
6082
5512
6042
8902
23362
5252
25270
5484
5144
5910
5242
5756
5326
6042
5126
17928
5294
5278
5368
5268
5152
5686
5260
5238
5598
5668
5698
5180
5108
5434
5634
5288
5060
5154
5238
5170
11860
5494
5334
5884
6344
5310
5212
5330
26720
5162
5542
5344
5198
5200
5176
5090
14062
5626
5020
5012
11960
5122
5046
5090
5028
5356
26662
5122
10292
5346
5360
5434
5380
5584
5528
5846
5054
5824
5446
5358
5154
5208
23152
5150
5746
6284
5732
5086
5864
5340
5414
5152
5674
22624
5182
5228
5202
5852
30120
5714
5506
5084
13620
5538
6766
5220
5706
6462
5228
5978
5936
5772
5204
5176
5426
5972
5802
5302
5486
5538
5472
5352
5170
5604
5242
5704
5336
5124
11238
5514
35804
5226
5830
5576
13172
5274
6080
5064
5148
8554
5052
5104
12050
5690
5538
6248
5560
5108
5114
5160
5076
5164
5398
5026
34966
5304
5442
5750
5308
5068
5326
5470
5236
5240
5518
5116
5212
5120
6160
5222
5252
6072
5820
5056
5380
5250
5620
5108
5812
5242
5262
5396
5972
5248
5968
5458
5256
5426
6006
5908
5232
5328
22196
5896
5472
51170
5318
5522
5358
5322
5378
5270
5326
5492
5476
6216
5172
8364
5110
6252
5088
5584
5260
5450
5520
5070
5230
5154
5178
5090
5048
33474
34868
5132
5202
29268
5304
5878
5152
5116
5510
5682
5010
5538
5238
8740
5420
5788
5138
5838
5244
5758
5248
14166
6086
5306
5056
17242
5046
6010
21876
5708
5308
5044
5108
6430
5284
5794
5398
5324
5452
5838
5822
5180
8630
6198
5382
5358
5270
6134
5788
5308
5288
5220
5970
5150
5122
5230
5004
5050
5010
5530
5412
5484
5110
5496
4970
6946
5010
5134
5556
5148
5316
5162
5100
5824
5028
5178
5526
5254
5160
5732
5556
5954
5390
5532
5228
5252
5358
6006
5176
9636
5382
6182
5318
5616
5616
5340
6282
5492
6294
5336
5260
6848
41198
5726
5312
5014
5416
5236
5762
5200
5564
5452
5630
5086
5988
5218
5126
5408
5534
5864
5462
5346
5194
5584
5916
5948
23684
5358
5890
26128
6380
5500
5548
5258
5076
5310
4984
5206
5594
5332
5180
22572
5062
6184
5444
5366
5114
5734
5358
5326
5424
5888
49526
5188
5188
5066
22044
5272
5096
5056
5028
5500
5710
5150
35430
5622
5480
5592
6518
5558
5324
5494
5412
5418
6328
5040
5040
5164
5852
5284
7834
5282
5696
5618
5312
5420
5264
5092
5040
5030
5074
5508
5832
5812
5228
5040
11046
5228
5860
5162
5332
5896
5394
5128
5160
5812
5228
5292
6054
6076
5944
6322
5658
5502
5162
5162
5018
5928
5388
5192
5334
5774
5248
5346
5436
5174
5012
5478
18344
5594
5184
5128
5252
5056
5018
5334
6008
5348
5214
5908
5206
5148
5258
5280
5546
5218
6368
14338
5460
5310
5920
5140
5212
5144
5450
5930
41568
6840
6122
5546
5998
5788
5564
5490
5264
5368
5766
5730
5748
5176
35408
5174
15684
5232
5280
5198
5120
5558
5546
5974
5194
5288
5506
5460
5494
6926
5528
5300
5278
5550
5302
5126
19618
5770
5138
17902
5128
5608
5624
5606
5134
5526
5346
5158
5052
19390
24826
5780
5434
16014
5396
6018
15000
5552
5584
5436
5450
5492
5388
5852
5126
5884
6018
5168
5666
15174
6228
5290
5498
5222
5264
5052
5922
4998
8756
25718
5102
5402
5612
5122
5052
5142
5690
5310
7018
5038
5188
5344
5208
5302
12552
5164
5320
5472
5144
5280
5754
8792
5526
5628
5350
5490
5258
5206
5152
6146
12418
5330
5482
5190
5200
8692
5340
5368
5136
6474
6070
5314
5978
5510
5248
5878
12340
