Latencies
6622
6108
5148
5122
5206
5460
26898
5148
5486
5208
5278
36044
6850
5264
5514
5662
5158
21490
5378
5332
5492
5200
5026
5400
5234
5020
5292
5980
5690
5786
5850
5940
5452
5894
5492
6368
5600
5494
5992
5324
14252
5220
5232
5180
5996
6558
5822
5142
5112
6182
5650
5348
5216
16088
5118
5076
5116
6284
6010
18054
5388
6008
5058
5836
14784
5142
13358
5348
34868
5116
5276
24918
5316
5074
6242
12766
5852
33956
34882
5632
5342
5516
5194
5556
6098
5386
8376
14362
6220
5166
5334
5250
5122
5450
5260
5096
5038
5276
5144
12670
5512
5384
5144
5182
5300
5712
5052
5706
17474
5814
5360
5236
5060
5022
5418
18534
5444
5192
23934
5388
5792
5110
5170
5274
5954
5274
9718
5704
5190
6496
5478
5410
5406
5274
5306
21688
5862
5516
5068
11432
5014
5228
5160
5824
5424
5092
5246
18772
5516
5378
5484
5192
5064
5238
5098
11252
5260
31420
13662
5254
5672
5220
5300
5430
8820
5024
5034
5654
20956
5246
26928
5346
5298
5264
5296
5208
5282
5680
5366
5858
5166
5578
5242
5124
5220
10758
5274
5134
14836
9536
5196
26634
5350
5218
5564
5266
36082
5130
5686
5258
5142
5328
5220
5280
20120
36930
15904
5960
5352
5256
5520
5240
5246
6978
5262
5304
5050
5496
5440
5176
5290
5746
5050
5114
5238
5120
5018
5424
5128
41736
11208
5260
5956
7034
5248
6172
5422
5144
5244
6116
6026
5332
5352
5120
5298
10664
6010
5300
5364
5230
32854
5076
5988
5302
5098
5340
5250
5352
5282
5398
5718
28068
5576
5298
5162
5268
5774
5114
5198
5194
5314
5460
5378
5290
5278
6618
5176
5370
5574
5334
5134
5260
14920
5232
5156
5192
28114
6108
5172
5658
10131822
5630
35228
5298
5064
5248
5158
5038
5576
6398
23444
5470
5176
5434
5518
5534
5422
5386
5628
14044
12094
15704
5066
5662
5916
5102
5258
5574
6364
5900
5280
5284
5136
10686
5392
5338
5092
5380
8626
5080
5256
6348
5836
23750
5420
5364
5590
6120
6254
5850
5310
6092
5264
5264
5268
5702
5228
6064
5694
8188
5766
5312
5178
5136
5338
5332
5216
12302
5190
5956
5776
5916
5388
5368
25338
5116
5570
5306
5394
5284
5948
5370
27528
5516
5370
5144
5454
5606
5432
5264
14488
5800
5864
5386
5254
5294
6708
5380
5254
22970
5328
21082
5258
5580
6506
5828
5316
6156
16902
5058
5616
6258
5286
5830
23070
18598
5386
5128
5192
7708
5942
5570
5574
5880
5194
5350
5256
5224
5290
5216
5812
5208
5280
5586
5186
5880
5456
5298
5288
5270
5564
6336
5492
5288
5490
19470
5248
5332
5244
5128
5114
18896
5644
14646
5296
11738
5298
5102
5120
5974
5710
5180
5312
5152
5566
5256
5248
5224
5594
5294
7756
5314
5398
5240
8756
5410
8812
5046
5074
15580
5138
5126
5062
5508
5224
5780
5992
5162
5770
5154
12232
5448
5126
5012
5676
5436
5450
5108
5146
5542
6066
5056
5070
5524
5210
31296
14888
5522
5520
5372
6756
7842
17726
5472
6676
5378
6060
5702
5210
5122
5360
5468
5510
5824
5512
5120
5870
5402
7020
35796
5278
5268
5302
5976
23724
5598
5368
5910
5260
5330
5226
5064
5102
5828
5202
5216
30850
5866
5556
5034
5750
5198
5132
5594
5038
5326
5254
5692
5536
5848
7308
5134
5340
5280
5072
5438
6196
5164
5172
5354
5250
5188
5070
5212
5268
5158
5354
5298
5328
5274
53482
5284
4998
5252
5742
31438
5176
5210
5430
5002
31038
33622
5386
5616
5262
5606
5164
5124
5470
5098
5192
5054
6150
5202
5274
5950
12586
5030
9888
5264
5088
5676
5834
5556
5816
10698
5858
5438
5472
5442
5624
5842
5266
5584
5148
5040
5062
5882
5568
5230
5290
5294
5228
5270
5266
6004
5286
5304
5494
5342
5260
15140
5982
5252
5250
5246
5244
14988
5132
32182
5344
5050
5698
5518
5130
5504
5136
5584
5250
10684
5124
5322
5360
15736
5304
21246
5116
5202
12996
5286
5734
5282
5346
5526
5720
6364
5246
5124
4996
5194
10234
4958
6152
4988
6116
5068
5264
5530
5854
5306
5290
8056
5286
5178
5254
5328
6026
5682
5072
5808
5228
16454
5150
24956
6314
10672
5068
5514
5328
5260
5144
5164
5100
19854
5934
5284
5244
5072
5078
21946
5614
5380
5848
5374
24850
5214
5238
5258
5270
6082
6948
5986
5550
5190
5424
7788
5106
7910
10092
5234
13556
5414
5566
5834
5040
5296
5022
5152
5334
10410
13664
5642
36110
5112
5350
5078
5664
5086
8674
5126
5078
5242
6938
5224
5506
5092
5456
5166
5384
5920
5710
5266
5084
5252
5080
5206
5106
5062
5054
6676
5276
5350
5158
5940
5270
5732
5264
5232
5058
5072
5106
5220
5088
5226
5298
9642
9724
5482
5280
5048
5474
36092
8358
5114
5154
5564
5844
5070
5164
6004
5224
5178
5294
5286
5508
6430
5328
5498
5514
5180
5456
5408
5216
12222
5064
5198
5244
5800
5802
6394
5526
24866
5416
5298
5396
5154
5240
5386
5668
5636
5106
5310
5508
5198
5120
11350
5462
5828
5116
5272
5464
4994
5364
6238
5250
5084
5192
5302
5300
10692
5150
5378
5106
5548
5316
5180
5584
5156
5282
5230
6140
5260
8068
5434
6610
10856
5268
5054
5006
5266
5254
23554
5378
5560
5480
6272
6156
7434
5242
12248
5290
5274
6244
5260
5174
5248
5384
5560
5898
5364
5266
5940
10322
5246
5914
5266
5134
10084
5314
5424
33740
20198
5420
35492
5808
7770
5968
5144
5208
5024
5146
5100
5450
5368
5554
5358
5184
5762
5242
5104
5172
5426
5426
5410
5224
9090
27078
32858
6092
5616
5358
5538
5172
5856
5224
5108
9684
5314
5126
5062
5116
5512
5412
5232
5086
5726
5114
5334
5772
5504
5278
5294
5218
5176
19738
5604
5292
5250
5384
5090
5210
5526
5940
5848
5052
6074
5438
5742
5132
32166
5156
5116
5054
5234
5340
5094
5078
5210
5072
5166
5724
5828
6102
5256
5268
5560
5044
5284
5052
6096
12932
5172
6410
6860
5382
5998
5248
5432
5262
5096
21460
5730
5092
5238
5404
6226
5900
5234
24144
10528
5382
5982
5548
50056
5284
5814
5762
6952
5048
5276
9666
5306
5086
11272
5410
5428
5238
5130
24950
5080
8408
7200
36312
5428
6052
5724
5556
5570
5254
5266
6022
5364
5408
6742
5074
5044
5716
17788
5156
5910
5024
5878
6264
5864
22776
5544
5386
5408
14840
5696
5128
5034
5274
5032
5116
38978
5904
6276
5280
5316
5322
5652
5162
5636
24014
5134
5160
5320
5174
5952
5158
5806
5222
5506
5206
5158
5694
5558
26508
5458
5060
5386
6244
5702
5288
5086
30634
5990
5514
5596
5076
5442
28520
5262
5118
5200
5282
5198
5268
5398
5010
9312
5246
5172
5130
5364
5090
5252
5968
10248
5832
5192
5044
5044
5642
5326
5108
6076
32900
5352
5228
5090
5434
5372
5762
5198
5338
5074
29606
5348
5114
5364
11346
5686
5926
5256
5658
5218
12378
16850
5276
5244
5086
5098
6980
12924
19840
5778
5928
5090
5514
11734
5634
25726
5086
35520
5580
5878
5226
5542
6158
34020
5456
5828
5050
5372
5442
5474
6372
6310
5094
5148
5340
5930
5378
6944
5292
5398
7026
36162
5758
5548
5250
5186
5576
5820
5644
5226
6062
5182
5264
5848
5890
5576
5314
5166
5316
5068
5138
6408
5204
5010
5316
5914
5150
5090
5404
5418
5176
5106
23274
5134
27472
5182
5902
6016
5624
5124
5614
5048
5618
5318
5154
5472
5156
5972
6190
15778
6382
5912
5256
5070
5274
5166
29006
5314
5164
5640
5504
5040
5088
5824
5742
5312
5072
5336
5180
5170
5286
5176
5440
5444
5316
5122
5436
11216
5188
5116
5322
5510
5072
5078
6292
5258
5416
5190
5062
5834
35522
5798
5824
5398
5420
6104
5446
5730
5630
5350
5056
5064
5760
5464
24880
20262
5304
5064
5674
6158
5732
5778
5086
5760
5126
5090
5196
5498
5120
5198
5124
5132
5728
5182
5054
5248
5042
5334
18684
5572
35058
5406
23644
10478
5078
5344
5326
5124
5198
40730
52794
5430
5286
5596
5160
5522
5210
6514
5234
5050
5288
5074
5932
5622
5428
5160
5982
5148
5100
5262
13866
5290
14906
5002
19256
9774
5320
5068
5048
5222
4956
6194
5644
5384
5230
5434
5206
25256
5248
5336
5324
5058
5140
5594
5122
5766
5360
14558
5554
5150
5056
5180
5214
5408
5620
5216
5194
5278
13860
38120
5192
5064
5442
5502
5554
14640
5318
8452
5154
5120
5148
39728
5226
5182
5064
6050
5300
5282
5722
5254
5576
5614
33222
5144
5872
5158
5630
5008
5718
5050
5446
5466
5214
5154
5222
5170
5454
5444
5344
5964
5670
5692
5524
5928
5776
5114
5350
5218
5052
5158
5058
5090
5086
5804
20556
5560
5680
5384
5218
5602
5106
5106
5102
5246
5222
5518
6020
5250
29822
5218
5132
14448
5530
5118
18668
5172
12678
5724
24966
5864
5206
5194
5354
5246
5932
5292
5318
5088
8072
28684
5080
13172
5168
5186
5294
5384
5216
5318
5288
5308
5374
5252
5130
23890
24072
19488
5314
7526
5130
5446
5418
5542
5466
5602
5474
5128
5052
12498
5660
5096
5228
6108
5154
5146
5228
5286
5162
5092
5234
30790
5312
29908
5706
5258
9108
6060
5222
5282
5162
5186
5706
5746
5246
5290
16710
5156
5424
21572
5078
5948
5562
5216
5234
5272
5180
5470
5416
5358
5622
6078
24478
5234
5182
5054
5076
5106
5258
5708
5306
5344
5368
5114
5092
5422
5674
5652
5176
5664
5312
5056
15160
5046
5182
5206
5152
5290
5320
5234
6144
5052
5392
5280
5242
5058
5114
22918
6010
5380
5152
5116
5074
5574
5280
6136
6314
22494
5312
6010
5294
25924
5048
5200
5196
5134
5034
32592
18410
10500
5376
8378
5762
5210
5078
11806
5534
5220
5296
13164
5706
5034
5226
5092
5058
5242
7106
5252
5674
5356
5292
5366
24962
5310
5128
5234
5152
5852
5100
6020
5086
5160
5868
38922
5418
5046
5314
5738
35998
5246
5648
6420
5318
5356
5428
5702
5316
5890
5194
22358
5362
5476
5538
5072
5040
5118
5282
5228
5114
5360
5258
5514
5488
5154
5882
30412
5428
5174
5146
5386
5172
5594
5302
5032
5064
25190
5102
7156
5228
5206
5240
5434
5614
5202
5290
6180
5146
5226
27984
5922
35870
5970
5376
5088
5660
5044
5070
5356
5574
5594
5160
7180
10252
5454
5092
15902
5064
5036
5150
5472
5086
5158
5268
10848
5246
5494
6026
5144
5270
6088
5196
5862
6428
5242
5470
5264
5202
5058
5884
5052
5240
16090
5324
5116
5204
5176
20626
5266
5010
5342
5666
5396
5556
6260
5210
5140
5194
5274
5252
5384
5204
33900
5180
5968
6024
5170
5220
5250
5684
5864
5848
5070
5284
6736
5214
24090
5136
5056
5734
5270
33642
6310
5078
5098
14042
6256
5306
5192
6200
26168
5812
5190
5204
5042
5020
5152
30732
5424
5204
5460
6320
23386
5194
5472
5128
5094
5356
5564
5336
5264
5114
5136
5024
5186
5044
5150
5280
6418
5188
5148
7626
5220
5298
6224
5192
5158
5406
5540
5988
5682
23392
5780
5216
6004
5128
5050
5120
6618
5094
5208
5144
5178
5078
6174
5132
5210
5196
6178
5378
5090
5630
5406
5158
5310
5676
5224
5290
24052
18020
5118
5234
5310
5042
5118
19566
23466
5398
5104
5234
5986
5016
5058
5016
38106
5634
5168
5616
5202
5122
5176
5798
5334
5180
5112
5178
5048
5234
5190
6138
5436
5364
5610
5150
5134
5420
6044
5980
5796
5080
5848
11368
5224
5496
5210
5078
5096
5096
5042
5386
5284
5874
5058
6024
5358
5136
5284
5238
21976
5988
15484
5212
5454
5836
5318
5920
5536
33212
5062
5102
5154
33108
5582
5080
5072
25190
5292
5360
5234
5686
8976
5682
5574
5268
6190
5464
5624
5090
5278
6044
5122
9026
162134
6516
5208
5282
5232
5304
6612
5288
5138
5186
39900
6484
5638
5398
5252
5358
5872
5554
5248
40552
5114
5272
5744
5482
5288
5602
5152
5428
5304
5896
5216
5940
20106
5212
5216
16600
5164
5132
5144
5270
5970
5226
5282
24402
5266
5290
5594
5120
5258
5434
5228
5088
5214
