Latencies
6624
6492
5426
35416
5842
5294
5750
7856
8442
5686
5222
5206
23552
5426
5250
5522
5294
5258
5332
5612
5828
5238
5362
5268
5672
5348
5410
14362
5250
5372
12768
5312
12152
5610
9656
9660
5320
5380
5370
5528
5408
5218
27960
5120
6258
16156
6048
5628
5596
5248
6074
5438
28932
5194
5376
5908
5186
5602
16088
5280
5262
5224
5186
5832
5338
5310
5248
5382
25796
5674
7158
5270
5624
21942
5240
5834
5998
12156
5394
5266
5340
7606
6208
5346
5648
6228
5294
5614
5246
17880
5122
5260
5140
5624
5378
5178
5522
11430
5608
5360
5264
5844
6034
5322
5286
5320
5434
5518
5808
5634
5624
6170
5168
5714
5282
5588
5826
5328
5668
20502
6060
5248
5276
5498
5300
37890
5236
5278
5922
7272
5202
5290
5466
5364
5174
26566
5228
5318
5490
20356
5422
5260
15226
13522
8422
5332
5780
36250
5320
5320
5360
5694
5168
5616
5352
5288
5600
5148
5282
5344
5244
5302
5328
5326
5358
5350
5330
5464
5658
5966
5508
32326
5328
5346
5352
7760
32630
11048
6236
5654
25594
5170
5386
5988
5362
5500
5842
5420
5934
14550
5594
28056
5524
5292
5432
5684
5262
5812
6520
5292
5220
5228
5948
6134
5494
5150
5296
5310
5278
5486
24116
5976
5358
5316
5732
5448
5502
5806
5204
5470
5534
5278
5438
5250
5808
26820
5528
5500
10378
5332
5378
18206
5560
5308
5480
5444
5512
5490
6374
5394
5276
5294
6190
16086
13192
5348
5352
6178
21510
5306
5654
6810
5358
14552
5338
17412
22026
18982
5152
5334
6138
10754
5362
5746
5472
5268
5620
6070
5422
5976
5932
5370
68526
5416
15226
5178
5552
7892
5188
9804
5158
5112
5664
8424
5242
5178
5230
6302
5338
6050
6130
5260
5820
5284
5738
5382
5414
22412
6312
5838
5196
17008
5362
5144
5154
5258
5560
5238
5180
20814
6264
5812
5316
5644
5400
6200
5560
5390
5438
5326
5430
5312
5182
5170
9860
5512
21306
5368
5172
5274
25158
5262
25040
6080
5378
5410
5492
5798
5314
5854
6698
5140
5422
5356
5970
5264
5530
5540
5198
6032
6228
6316
5342
6044
5364
5412
5364
35114
5244
5300
5362
5350
5330
5614
12472
5176
5484
5316
5128
25106
5620
5540
5390
5522
5452
5438
5764
5538
5412
5648
5352
5644
6716
5924
5128
5244
5644
5564
5250
5154
5712
20966
6020
5468
5550
27080
6018
5340
10710
5698
5386
5530
5304
5216
5134
30432
5992
5368
5146
27936
24344
5272
5640
5462
5800
5924
25554
5870
5380
5728
5378
6022
10592
5170
14564
5210
5198
21016
5184
5226
5178
5288
5372
5426
5282
5262
5662
5508
5320
5380
31204
5566
5438
33920
6344
5394
67040
5436
5250
5346
5858
5384
5368
5572
5814
7022
5664
5318
5148
5210
6182
5186
20468
5552
5584
5450
5286
5364
5336
14900
5750
6126
5322
5406
5322
5344
5290
5718
5168
5786
5914
5746
5258
5754
5306
5866
5242
5280
5220
5396
5162
5570
5690
5946
5350
5296
6458
5184
5432
5238
5490
5564
5326
5546
5416
6102
5538
5766
6034
6032
24598
11550
5586
5386
5458
5448
6184
5410
40732
47292
5242
5288
5918
5356
6110
5422
5972
5394
5398
31180
5244
5204
6482
5362
5284
5436
5904
5698
32992
5290
12168
5816
5374
5978
5546
5670
5916
5388
5292
5508
7298
19756
5360
20298
5546
5348
9912
5226
5176
5704
5426
5526
5300
5424
24514
16376
5222
6674
5996
5324
6918
5400
5280
5644
5772
22642
37824
5238
5284
5348
5300
18662
5676
5782
5372
5336
5318
6036
5452
5290
19666
5624
15484
5886
5350
5492
5298
5660
12280
5406
5710
5434
35700
5506
5156
28938
5474
6240
5286
5230
7176
6010
5426
35564
5350
34464
5422
5248
5192
5308
5206
5358
31132
5360
7472
21416
30466
22628
5564
23384
31546
23408
26514
5268
6116
5612
6060
5578
26356
5420
5610
5174
5350
5920
5510
5282
5866
5396
5414
30174
5522
5342
5360
6078
6030
23952
5364
7374
5996
5748
5320
5638
5504
6150
5460
5728
5254
5110
5106
5368
5384
5296
16490
7484
10596
5344
5484
5342
5544
5396
5502
5462
5258
18610
5344
24254
5572
5210
5346
5378
5206
5916
5346
5202
5152
5322
5854
5142
5674
11836
6250
5272
5430
5268
5360
5288
5366
5348
5234
5386
5246
5380
5458
21096
5898
5782
5334
5344
5412
6056
5208
5834
5262
5624
5240
5444
5686
5590
12106
5538
5162
5358
6894
5846
5522
6122
5162
5222
6648
34270
5834
6036
7110
5794
5858
5386
5714
5284
5322
5260
5376
5302
5258
24156
5390
5320
6186
5254
5510
5320
5624
5890
5282
5312
5248
5242
5236
5608
5272
5822
5384
5372
5426
5534
5448
5814
5932
5184
5234
8034
5248
37384
5158
5240
5192
5334
5138
5120
5320
5110
5256
5334
5314
5986
5822
6036
5836
5330
5278
28084
5404
5890
7018
5604
5730
5410
5688
6060
5370
6088
5284
6170
5848
5276
5300
5514
5880
5984
5758
5142
5248
5270
40326
6542
5862
5610
5420
5854
5356
5234
5386
6096
5250
5240
5276
5836
5748
5184
5500
5224
5214
5400
6076
5150
5282
5470
21628
5688
5206
5620
5216
5272
5114
6068
5150
5216
5408
5324
5346
5116
5398
5854
5436
5902
5200
5182
5298
5280
6200
5584
5204
5792
5160
5730
5714
6290
5294
14528
36420
5618
5980
5518
29944
5868
5170
5314
5298
5270
12854
5234
6042
5692
5268
5602
5938
36562
5762
5206
5350
6160
6476
5248
5236
5352
5448
5306
5412
5786
18662
6032
6006
5382
5296
5692
5384
5500
5258
5884
5834
5854
5174
5258
5220
5784
5396
5722
5338
5166
5356
5262
5830
34340
5246
5482
5954
5468
5400
5334
5370
5880
5350
5328
5196
5356
5276
5224
6056
5208
35990
5270
5878
13756
5202
26906
11690
5212
5140
5180
5152
5310
5230
5140
5328
5488
5374
20684
22576
5468
5598
19182
5098
5146
5222
5156
10048
5248
5296
5716
5636
5350
5396
21308
5710
5662
63012
5482
5312
5114
5478
6556
5282
5320
5312
5964
5938
6782
5328
5526
35444
10740
5410
5166
5292
5254
5312
5994
5392
5288
5430
5418
5946
5150
5460
5148
5126
5328
5258
5264
5254
5228
5216
14612
5284
5182
5264
5254
5984
5340
5182
5338
5392
5336
5340
5246
6184
5240
5254
5252
5482
5210
5458
5372
6466
6346
5444
5288
5390
5346
5778
5936
5350
5670
5270
5318
5280
5266
5238
5172
5210
5174
5958
5994
5128
5940
5148
5444
5868
5742
5126
5332
5238
5340
5344
5536
5510
33306
5342
5282
5512
12456
5256
5408
5392
5298
5220
5300
5170
5380
5628
5752
5304
5596
6206
5212
5910
6218
44946
5402
5348
20366
5986
5362
6064
5562
5852
5346
5726
5228
5336
10644
5264
5466
5460
5660
5524
5810
5374
5566
5340
6154
5318
5478
5670
5248
5632
5392
6738
9588
5280
6160
5320
5528
5118
5774
5576
6718
5758
5350
5404
5284
5226
5460
25122
5394
26698
9248
7434
8220
7528
9656
8990
8534
6118
5312
5442
5378
5248
5818
5542
5772
5618
14304
5398
5630
5964
5894
5418
6842
8374
23944
5728
5462
5144
5090
6078
37812
5838
5176
5192
35870
5300
5634
5500
5214
5590
5304
5502
5344
5392
5932
5256
5258
5856
5296
6090
18802
8352
5552
5316
5332
5574
5284
5376
5396
5700
5314
5868
5236
5452
5618
5290
5770
5286
5362
5372
5540
5262
5372
6008
5342
5982
5182
5374
20356
5452
5518
6276
5422
5484
5356
5500
5222
5754
5124
5328
12192
5316
5380
5384
5162
5210
5868
8968
5390
5256
5778
5580
5544
5292
5288
5706
5360
5584
5410
5122
5298
5618
5448
5304
32736
6048
5660
5508
5560
5194
6480
7544
5572
5294
5318
5182
5152
5370
5150
5676
5122
5822
5992
5350
5746
5308
6152
6040
5524
5646
5966
5472
5352
5912
13852
5314
6070
10480
5224
6196
5696
6394
5332
5262
5292
11738
5516
5324
5224
5690
5296
5274
18002
5316
5148
5678
5834
5264
5656
5650
5336
5478
5640
6058
5284
5418
5312
5320
5268
5688
5436
8668
26870
5528
5274
5560
39078
5516
5406
5236
5580
5302
5820
5542
20530
5374
5198
5538
5254
6268
5202
5248
5400
7164
5854
5380
6614
5458
6120
18416
5188
10372
10074
5292
5722
5256
5272
5328
5602
5770
5262
14160
5288
5316
5220
5196
5702
5166
5476
5258
5768
5458
5910
5732
5220
5268
6076
5428
5650
20406
5374
5564
5620
5382
5196
9820
6044
6850
5290
15680
5176
21644
5366
5274
5856
5768
5400
5290
5986
13606
5270
5488
5398
5440
5326
21790
5350
5126
9888
5312
5666
5182
6268
5256
5424
5292
5732
5848
5916
5528
5602
5406
5270
35036
5274
5862
5140
5136
5314
5232
5136
5136
12860
5330
5258
5508
5900
5566
16676
5286
5592
5172
5182
5322
5172
5142
5530
5306
10562
5138
5482
5374
6600
16946
5296
31816
5204
5112
5148
5332
27292
5570
5612
5256
33802
5312
5988
5522
10018
5420
5368
5544
5046
5134
5114
5288
5536
5324
5290
5198
5284
5990
5390
5304
5366
5234
5310
5860
5482
5212
14532
9864
5148
5348
5526
5266
6190
5572
5580
5752
5272
5260
15892
5660
5292
5672
5226
5406
43902
5364
5136
5148
5154
5104
5132
19330
5438
5784
10016
5536
5404
5348
5434
5434
13100
5338
5816
5514
5278
14154
10298
5142
5254
5280
10156
5196
5444
5200
5392
5146
5898
5318
5336
5288
5322
5332
24710
5512
5306
5382
5408
5570
5298
6660
5792
7740
5300
7098
5282
5410
5328
5408
5198
5282
5240
5530
5332
5224
5634
5548
5542
5804
5866
5282
5412
19130
5244
5180
5112
5146
5222
5234
5358
5140
26362
5914
5608
5356
5236
5714
5722
22280
5640
5296
5398
5328
5168
12868
5406
19688
5340
20770
6798
5316
5402
5292
5320
5378
5546
5682
5166
5440
5348
5636
5342
22356
6468
5344
14556
5332
5258
5632
5350
5192
6334
5364
5686
5260
5388
5300
5362
6212
5258
5254
6636
21550
5308
7338
31636
5518
35820
5258
5888
5366
5362
5556
6038
5558
5348
24204
5316
5388
21400
5338
5304
5290
5280
5730
6086
5420
5288
21732
5092
5268
5418
5782
5446
5368
5328
5250
5386
5334
5660
5372
5314
5362
5740
5658
5306
5182
5558
5414
5666
5636
5318
5222
6022
5358
10896
5788
5252
5324
5334
27288
5490
5246
5420
5380
34398
10694
6450
5240
5434
5502
5328
5578
5384
5364
5550
5622
22694
5610
18436
5510
5302
6298
5378
5852
5370
5880
5884
5258
5364
33358
19034
5900
5266
7074
5172
18426
6010
5360
5226
5146
5786
6290
5186
5286
11318
5260
5924
5218
6776
5306
5202
5232
12606
5324
5604
5248
5326
5610
6096
18024
5370
24824
5272
5290
5454
6942
5422
5466
5342
5972
5720
5268
33830
5376
5758
7232
6046
6154
5868
5620
5196
6842
16172
5352
5366
5432
5370
5338
5168
5216
5692
21074
7088
5388
5138
5294
6270
5540
5696
5278
5454
5396
6236
35806
6580
6050
5222
5216
5168
26962
5166
5488
5472
5764
5210
15652
6180
5432
23452
5142
5304
5302
11654
23964
15838
5468
6368
5154
5164
5162
5172
5252
5656
5314
5388
5368
5456
5596
5340
5444
5806
5392
5512
6066
6092
5230
5532
5854
5224
5530
30866
5390
5190
5302
26668
5706
5232
5514
5458
5836
5236
5686
15338
5158
5298
6788
5564
23878
8106
5296
5462
5338
35410
5372
5792
5330
5364
5316
5536
6186
14302
31684
5346
5312
6112
5158
5360
5338
5174
5284
5280
5196
5786
6128
5518
5190
5124
5336
12824
5096
5952
5910
5904
5296
5276
5484
6172
38746
5372
5294
5254
6898
5586
6008
5540
5870
6402
19080
6152
6196
5804
5510
5716
5434
5432
5394
5968
5938
5416
5256
5466
5318
5320
5512
5232
5342
5560
5380
5528
6100
5242
5314
5544
5314
25208
5320
6204
5842
5276
5436
41664
5184
5336
5120
5174
5182
5836
5822
5198
5462
16546
5358
5350
5134
5458
5174
11400
5134
