Latencies
7334
6964
5942
5534
5548
5974
5938
7248
9472
7490
7474
7644
5340
5580
5400
6294
5294
24772
6532
5388
5248
5256
5412
25654
5614
5628
5350
29146
6036
5984
5968
5316
5258
5428
5284
5238
5446
5448
5312
18334
5534
6048
5500
5730
22232
5756
6292
5294
5352
5386
5358
5436
5980
5384
5646
5330
5334
5572
5426
5294
5544
5190
5244
5348
5378
5230
5224
5202
5268
5328
5306
5382
20144
5346
6294
6802
5382
5294
5274
5626
6240
10962
5532
5290
5762
5234
5280
5392
5592
5412
5220
27048
5290
5474
42874
5646
14818
5878
23146
5366
6412
5808
5198
14780
5568
5164
5160
5394
5158
11826
5262
5658
5634
5990
5412
5448
5270
5332
5254
25718
5698
6198
5236
5274
5910
5840
5234
25054
5164
5226
5218
5224
5624
5482
5428
5596
19710
5276
5310
5438
5274
5374
5654
5764
5330
5368
5194
5352
5992
5260
5510
5164
6190
5620
5720
5596
5348
8428
5262
5330
5156
5146
5264
5262
5340
5348
5348
5908
23436
5396
5472
9924
6260
6162
5698
6812
5516
6612
5940
14862
5792
6176
5340
6438
5384
5362
5296
23266
5394
5704
6028
5278
5350
5480
5452
6326
5550
5206
5676
5336
9248
5676
5342
5264
8682
5262
5322
5462
5520
5364
6728
24482
22434
25710
5646
5366
5572
5496
17518
5270
5406
5406
5326
20800
5222
5386
5364
18642
28548
5304
5290
5196
5824
5276
5550
5786
5140
5878
5358
5600
5268
5302
5908
5330
5378
6326
5298
5680
5294
5344
5376
21314
6000
6152
5284
9648
25510
5654
5426
5212
24562
5416
24044
5730
5240
5404
5378
8608
5500
6800
5434
5422
5328
5386
5328
5214
5572
5342
6326
5436
14966
5466
6046
5584
5250
15994
26006
7804
5272
5416
5224
5386
5890
14456
5312
5236
5884
5360
5852
5378
5948
5262
5330
5880
26540
5862
5278
5414
5610
5940
5540
5528
5518
5492
6312
5334
5550
5650
5740
8678
5534
5400
5616
5434
5280
5570
5450
5650
6342
18012
5358
5356
5806
5380
8456
6284
5302
5196
26104
5696
5382
5362
5486
5404
6574
5444
5664
5450
5678
5386
5338
11292
5398
5728
5616
31264
5358
5290
5348
26794
5354
8232
5260
5304
5356
6088
5350
42072
10436
6100
5486
5328
5952
26876
5276
5468
14050
6012
6510
5676
6528
5442
5258
5386
5354
5616
5586
5268
5356
5894
5490
5592
5968
5812
5424
5498
5294
5522
5888
14044
5480
5550
5574
5458
5210
5170
5390
5372
5744
5384
5344
5342
5394
5322
5560
5300
6086
5422
6620
20164
5438
5416
6000
5478
5376
5382
6438
6440
5340
24494
5694
5220
5382
5314
5640
5424
37958
5410
12962
5338
5484
6818
5334
25092
5734
5332
5182
5464
35420
5378
14828
5174
5292
5534
20926
5446
5350
5254
6174
5346
5358
5406
5370
5948
5350
12534
6378
5450
7688
24604
5280
5326
5366
5416
5382
6162
5354
5896
5720
5196
5894
6156
5500
5490
5908
5580
5424
13606
5476
5298
5466
5994
5516
5878
5320
14294
5954
5550
5636
5342
5380
5834
10088
5430
5324
6286
5362
5200
5192
5562
5392
5304
5426
5666
5192
5106
5834
5402
22668
5538
6022
5454
5308
5310
5260
5404
5348
5750
5328
5670
5358
6126
5312
5324
5362
5136
5336
5306
5406
5704
5304
5548
5358
5586
5872
6028
6162
11840
5254
5584
5394
19204
5212
5440
5666
6296
5336
5482
5646
5518
24690
5272
5360
5306
5350
5328
5648
5456
21374
5324
20068
5328
6228
5592
20492
5264
5418
5272
5428
8154
5176
18296
17560
5750
14806
5328
10894
6210
5508
5578
5990
6124
5432
5490
7674
5462
5884
5296
19966
6316
5248
5770
5490
5234
5498
5536
5542
5658
5236
12076
5394
5762
5326
5434
5764
6660
5902
5420
6006
5606
6240
5390
5428
6708
5402
5946
5244
5466
5396
5392
5508
5368
5348
5944
6134
5400
5364
6022
5338
5690
7174
5646
6124
6122
5318
5442
25800
5396
5752
6044
5216
5210
21110
5290
5242
5356
5408
5880
5372
7106
5288
6192
5378
5680
5542
5680
6062
6014
25630
5508
5526
5472
5250
5248
5348
5586
18152
5246
5556
5304
5220
5680
5378
5454
5268
5302
12396
5366
6290
6040
5462
26990
6232
5722
6194
5312
5256
5736
7126
6110
5378
5192
5292
5264
5298
5484
5352
5366
9470
5964
5582
6258
5532
5362
5336
5276
19108
6198
6252
5368
5290
5636
5462
5334
8766
5340
6038
5388
5408
5282
5498
5328
5522
5422
5288
6062
5560
5264
5318
5174
5420
5296
5566
5412
32662
5650
5278
6940
5542
5354
5328
5684
5528
7090
5612
5540
5462
5676
5320
5412
6148
5286
38100
6026
5706
5650
5558
5812
5952
6346
5338
5282
5404
6182
5512
5488
6116
5198
5922
5950
5394
6150
5332
9532
5554
5476
5636
6088
29616
5696
5742
6490
5342
5322
5414
5250
5344
5608
5408
15446
19458
5454
6028
6430
5382
5846
5514
5544
5168
11552
5818
5406
5536
5866
5466
5438
5492
5350
5666
5212
5408
6046
5912
6020
5732
5782
5712
5328
5410
5354
5562
5346
5294
5852
5330
24728
5464
5492
39966
6374
5352
5928
5370
5418
11798
5362
6502
5532
6100
18360
5326
5422
5458
19358
5278
5372
5308
5410
5486
5360
18488
9846
5348
5596
5916
12472
5414
5446
5264
5616
5300
5348
5618
5414
6006
8290
6050
5348
5334
5368
5780
5926
5368
6130
6076
35164
5348
5586
5254
5334
5192
5298
8368
5484
29744
5252
5352
5398
5322
6426
5380
5330
5222
25642
5936
5372
5342
5452
5268
5094
5410
6008
5280
5172
5270
5328
5352
5286
5876
5442
5356
5438
5358
5472
25084
5512
5428
5330
5462
5808
18466
5862
21998
5204
5382
17282
5386
5408
5520
13408
10368
5386
9130
5618
5374
5820
7352
29498
36600
5508
5406
5928
5844
5326
5350
5704
6166
5410
5454
5598
6050
6218
15812
15082
5134
5708
6896
5420
5832
5400
5248
12128
5556
5350
5488
5454
5748
5492
5594
5632
5512
20634
5362
5230
5326
5476
5966
5270
5506
5344
5804
5322
5354
5188
5290
6020
5372
5420
5682
5720
5404
5452
5462
6262
10056
8668
6094
5234
35620
5268
5294
5894
6104
11814
5318
5534
5810
9144
5316
5648
5820
5412
6406
5362
33222
5588
5528
6004
8830
5484
5842
5552
5312
5308
5684
5300
5826
14002
5364
24750
5940
5334
18562
5440
5432
12722
5378
5186
6104
5518
5428
5246
9178
5238
5496
5368
6004
5528
6318
13328
5374
5312
5276
5700
5350
8332
5660
15538
35850
5532
5556
5528
5338
5240
5568
5472
30362
22750
5712
5458
5884
5950
5896
5332
6560
5340
5408
5328
5326
5376
5364
5356
5396
5478
5290
5588
5424
5492
5244
5456
5412
5386
5404
34242
5248
24016
5304
5542
5406
5434
5566
30258
5644
5356
5618
5402
5394
5908
5744
5384
5572
5514
6356
5748
5492
5354
5456
5400
5330
5564
5806
5270
5380
5748
5500
5764
6226
5802
5412
5426
5570
5474
29976
5282
5578
5530
5848
5366
5446
5540
51942
5670
5470
18272
5694
24372
5310
6600
5394
60622
6154
5412
6370
5282
5666
5248
5398
5500
7740
5746
5840
5326
5166
5328
5308
5328
5334
5520
6124
6208
6060
5358
35566
11070
5610
5648
5422
5190
5290
5224
5574
5674
5668
5866
5412
5520
5614
5270
5412
5362
5328
5366
5328
5484
5420
5424
5808
5258
5244
19260
14562
5836
5542
5168
5862
5652
5332
5394
8916
5306
5388
5460
5570
5476
5558
6216
5554
20816
5432
7228
5230
5754
5694
6214
5274
37150
13088
5886
6006
31230
5426
6306
5302
6082
5420
5354
5838
5644
5416
5540
5418
5586
5380
5550
5500
5300
5364
5928
9454
5320
42696
5304
6148
5316
22686
5334
5164
56594
5352
5506
6114
6128
5912
5368
5370
6034
5592
5820
10758
6132
5244
5198
5688
5418
5256
5196
5362
6168
5388
14160
6010
5364
5338
5416
5308
29402
5242
5224
6850
5356
5270
5544
5652
6028
5310
5966
5440
5318
5276
5426
5410
5326
5900
5386
6288
5288
5852
5430
6292
5848
5430
5356
5366
5396
6202
5548
22338
12160
5476
5352
5416
5372
5316
5950
6958
5414
6576
24374
5390
5930
5440
5824
5436
5436
5284
5308
5696
5378
5462
6144
5422
5340
5598
5692
5634
5720
5394
5354
21254
5478
5362
5340
6016
6626
5454
7296
5672
6200
5590
5898
21642
6162
5592
5762
6138
6118
6308
5478
5398
6896
6774
5814
5320
5390
5876
6238
5380
6084
11892
6176
5580
5340
6040
5808
13444
5784
5384
5308
6126
5476
5310
5320
5888
6392
5980
5432
21722
5940
5414
5728
5868
6684
5414
5464
5410
5838
6106
5354
5492
35546
5236
5458
5506
5872
11882
5404
5526
6278
5746
5210
5272
5598
5566
5372
6142
5416
5418
5408
5750
6746
5484
5580
5528
9538
5438
18046
5554
5702
5354
5240
5458
6546
5930
5756
5952
6188
5552
20898
7224
5410
5494
5492
5790
5614
5420
5740
5320
5314
5238
5252
6126
5350
5896
6112
5372
5416
5982
5368
5528
5328
5690
5424
6182
25902
5796
5246
6334
5956
5390
5378
5972
5416
14494
5312
5380
5562
5892
6110
5334
5374
5400
5404
27372
5486
5394
5780
5340
6078
5492
5394
5698
5258
5648
5482
5314
5402
5314
5782
6144
5920
5518
5420
5904
26752
24086
5274
5272
5184
35968
5560
5304
5228
5340
5726
6472
5932
5562
8458
5724
17538
5638
5600
5336
21914
6212
28320
5800
5378
5488
5596
28252
5344
6394
5416
5414
5338
6104
5774
5834
6260
5260
5312
5464
5528
5488
7420
5274
14332
5532
5428
6352
5386
5432
5394
5528
6542
5628
5596
5492
6470
5998
38494
6324
5980
5484
5922
5552
5588
5434
5846
5620
5428
5452
5434
23430
5762
5646
6158
16360
14734
6128
5858
5684
5468
5524
5376
5378
5658
5950
5908
6464
6138
5302
5590
5906
5570
5788
5224
6404
10780
5378
5954
5594
5320
5432
5876
5770
6026
5372
6002
5522
17558
5406
5440
5510
5912
5502
5486
5364
15792
6196
5584
5296
5372
6624
5456
6260
6144
5610
5468
6162
5448
5392
5952
75882
6072
5382
5542
5700
5366
6282
5536
5380
5436
40630
5628
5850
6182
5720
5392
5358
5382
6150
5508
5344
6516
5450
6208
5370
5318
5558
5532
6166
5416
5424
29576
5350
5440
11314
5578
5624
5400
5508
5378
31880
5260
5578
5224
14254
5322
5442
5822
5742
5474
5348
5984
7158
5320
5410
5902
5272
21756
6624
5472
5342
5334
5622
5456
6062
5236
5622
5402
5426
6066
5658
5344
6084
5392
5936
34532
5932
5376
5410
5588
5478
5486
5450
5386
6016
13632
5362
33076
5448
5274
5514
5776
5390
5434
26598
5560
12714
5362
20536
5558
10488
5362
5308
5584
5584
6084
6146
5464
5338
5644
5378
6256
5794
5584
5398
5322
5386
6046
5580
5442
5470
5620
5646
5220
5268
5454
5728
5326
5450
5592
5506
5574
6134
5562
5546
6152
5494
5522
5840
5742
5990
6950
5610
5646
6300
6162
5618
6294
20202
6532
5228
5330
5342
5534
5424
5992
5910
5650
5402
6484
5292
5210
5340
5994
5410
5486
6046
5360
5436
6250
5446
5884
5340
13628
6018
5410
5966
27532
5440
5620
5516
5328
5346
30414
5418
5372
5542
5320
5122
5314
5444
19498
5376
26612
5390
5558
5488
5260
5946
5466
6554
5378
6038
5468
5868
6192
5596
5444
5556
6242
5970
5370
5644
5750
5626
5918
5800
13950
5476
79680
5392
6084
5506
5494
10600
5586
5594
5562
5578
6292
12100
5806
7122
5270
5272
5372
5304
6846
5922
17678
7328
5588
5394
5394
6066
5480
5418
5366
24394
5326
24144
5416
6432
5428
5560
5326
5218
5322
5382
5502
5372
5348
31724
5438
5388
5876
28262
39296
6038
5580
5816
5390
5592
5376
5436
5880
5534
31952
5566
5416
5390
5356
5634
35886
5570
5574
5738
5632
5492
5506
41500
14650
5428
5492
20102
6330
5922
6158
5550
13848
6146
6396
5504
5358
24144
6424
43258
41072
5344
5524
40578
5910
5576
5312
5334
5484
5444
5674
5950
5854
5614
5592
