Latencies
14908
14838
11724
10068
12908
12904
14666
11534
25016
14548
14666
15016
15588
15094
15498
7626
14240
7516
9522
6214
11830
12758
14284
15074
9304
14272
9270
8770
13924
6296
6666
15810
5606
6130
6112
5836
5436
5970
39912
7038
12718
14766
12864
7294
10606
12754
6066
8920
10660
28260
14426
26634
5766
13846
9858
8410
14190
14406
11990
8740
8100
13564
15392
13930
6222
10976
10064
13078
9096
6954
6602
15736
10910
12502
14932
6922
13762
11184
15646
5646
5574
9926
13778
15112
14584
9730
15042
12850
14418
15936
9284
14336
6434
5496
5388
5668
13170
6348
7832
10976
8858
11802
10642
12328
10702
13678
6102
8392
11698
46394
10270
7830
5408
15238
14652
15786
15926
31358
15394
11058
9612
14768
14198
8262
11788
10644
13036
7262
7070
12192
14274
10898
6550
15206
12378
8842
10150
12014
15336
9888
13570
9310
8234
14532
14954
15952
15162
15080
13664
28012
6388
8966
14708
5976
15868
13204
11006
5952
5864
5892
5872
6130
8528
8036
14598
7178
9016
7816
7636
15412
5996
6868
7044
6108
6116
5470
14720
14496
15084
15014
6034
6538
10076
14868
10480
14856
7010
14762
10232
6392
7998
11312
7800
11188
10292
7920
10424
13286
7660
5974
5898
12778
8588
13150
9246
15368
10226
13034
7914
6562
8124
11352
13190
8060
10430
7442
14802
5626
15646
5730
14526
10016
8794
16806
14794
9978
5746
12478
14258
9538
14484
11318
13528
10146
13546
12766
7518
15118
14896
32332
13694
7290
13456
5864
11490
13212
15110
10132
6202
13742
5696
92970
5578
15386
14588
8020
15906
15030
14506
9948
20008
9810
11944
10006
11152
11950
6484
12426
14470
6516
5554
7970
15744
5586
14832
15872
6892
6668
12846
13260
10218
10458
14482
9264
12866
7166
7144
12998
14938
9072
14316
8952
10640
11542
13048
15086
12746
14242
14558
8066
9558
14120
14512
10172
14652
6730
13924
13604
6034
6010
6872
14304
14868
13308
15414
5490
8684
24010
5488
14980
14890
14492
14850
15058
15084
10382
13932
26858
15302
11116
23344
9054
6720
10908
9688
14902
7362
10528
13984
8126
13868
13032
10652
10264
9824
18814
14742
14758
15224
14750
15054
15464
5766
15078
6258
9840
14482
10798
14676
10532
9894
12656
10550
11598
11100
12816
12308
7240
15624
9290
15098
13652
10970
5534
10226
10432
8402
12948
11408
10708
12824
10892
12252
14258
14700
8248
5780
12938
7256
14862
14162
34126
15190
6232
11070
13738
7398
11452
13172
11492
8332
5714
5702
14762
12278
14780
9422
13926
11784
8126
9036
7228
5666
5532
5532
5456
5468
14042
5936
10912
9900
11316
5680
14920
8416
14588
11752
11482
14250
5994
7994
13026
11116
8766
11410
12568
11520
13692
15734
15184
14968
14804
14658
14844
15138
14446
5574
14760
14862
5528
15606
12268
7362
13938
9910
12516
13594
10634
12994
14110
14938
15272
15234
14920
5568
11654
5314
5732
6008
5522
9186
14738
8118
7838
30280
14676
11242
10278
6094
8546
6446
10064
14298
5978
5478
28376
14854
15826
6068
9790
14246
10826
12780
5786
13406
10246
5626
15350
9198
14850
14594
12272
11550
9254
9086
14386
14316
14502
9250
32082
7214
15028
11276
5702
12780
15888
5692
24690
14916
14638
14922
14422
11826
11970
15802
14374
13030
5434
14012
8178
8418
7090
11780
13208
7504
8788
14502
23698
10016
11182
7546
15256
15424
13038
7398
12610
14534
14336
13276
15136
7418
21938
13820
13582
15368
9404
11196
13726
14804
14764
16170
15584
16774
10846
6310
7414
9030
12516
7512
10008
5680
13308
13956
14816
11546
10326
7300
10146
10730
12202
8338
14980
15414
39266
14908
15502
35302
15066
10864
14248
10388
14638
12862
9608
7364
9862
8636
9282
12900
11000
6540
7860
7674
8922
11974
8536
5706
8464
11250
15848
6490
9982
13418
14744
5826
11096
11900
14190
12544
8360
10010
13340
13694
13120
14726
24360
15562
15218
14930
14658
15454
14738
13692
7158
13830
9816
8426
10488
10564
12126
11086
5884
10834
7730
10038
13392
5780
5516
5912
15204
5990
6618
6422
8572
14376
48994
12236
9796
13942
7874
11010
9060
10164
10302
13428
5856
15338
15952
15174
14742
5354
9100
11462
12020
14620
6270
12624
18872
11758
10160
32178
9732
15188
6842
15028
7046
10076
10678
12384
15152
7510
8242
5916
8810
9836
13108
11422
12022
7908
8030
15096
13346
14802
12378
7442
5850
25708
15184
37896
16118
6944
7030
9836
12634
9822
14204
7956
15934
15558
13436
13108
10754
7562
5362
5690
9870
14712
15120
8632
10480
6908
9906
13776
9638
9820
10028
5680
14934
9262
6358
7550
11140
11472
8408
12888
7616
12254
14626
13668
11008
7540
5796
5770
25014
14132
15512
14602
14908
11226
14380
8610
9508
14616
6988
12062
13322
11274
6268
6972
5594
5570
10362
13710
6712
6718
5370
7382
14640
13750
9518
6074
14914
6946
6602
5628
5826
9390
13158
12464
8786
15006
8722
7266
7468
10980
8888
10788
6030
14938
11960
11882
7210
12982
14028
13134
11514
14140
15370
11570
6104
12096
7856
12818
6424
7018
5592
5414
5506
5554
24792
14150
14640
15438
15678
20258
15388
11594
14452
6762
15168
15098
13692
8452
12516
5610
11206
9112
8392
12466
13290
7332
6694
5718
5470
14936
6012
14964
7818
8826
13544
12714
6798
11486
7824
8608
6384
8948
8382
7296
8316
14866
6256
15774
11660
9530
10308
11440
6320
9216
12052
15152
11358
12552
8336
8552
15442
6468
5884
7830
7552
19540
10958
7494
7702
11676
13934
9134
13028
5666
36000
42788
14652
14542
14692
43598
11978
8446
10006
31704
8240
15434
19614
14642
42374
11432
8770
15030
5810
8440
12572
11468
7660
5872
5538
7234
7862
5844
14164
5630
5744
5806
14522
6050
13268
11784
11292
11600
5818
15950
9200
9784
11630
6786
7662
6452
10602
12354
12662
6582
10842
5606
13686
8106
12452
5666
10124
8496
10230
13578
12524
8756
31018
8892
11270
24890
14510
14392
15034
15138
15030
14306
14534
14056
6878
6352
11734
15322
15094
14646
15228
15118
15308
14840
10558
14822
5462
6420
6766
7016
11856
7874
12082
14546
10024
13106
8756
12082
146284
10232
13566
24402
15238
15020
14852
15450
11098
8234
10616
10400
14112
15542
13908
12680
14712
10234
13878
10916
13392
14880
14952
9624
11902
6416
5708
5442
15024
10354
9066
10366
7350
8474
9154
15636
9398
15308
10130
13376
5634
5762
17080
28730
11346
6966
8658
8180
6936
14616
15992
10724
11030
12776
12886
7394
11872
8054
14156
11204
14886
6874
10886
6356
15464
8376
8524
6150
11856
13100
9970
14544
10392
14524
13964
7172
30728
7794
14586
36434
5984
7876
7908
13892
12826
8830
12522
14062
13976
6938
14344
7014
15370
13256
13558
7906
6632
6176
5562
6224
5870
13252
6674
9450
15344
7192
10708
6790
10462
8238
13846
14246
7602
15510
15076
15410
14766
14774
6078
14476
14316
7918
13734
9778
14730
15242
6464
10868
11650
9702
8256
9210
12988
6506
11048
6992
15220
5904
15044
8658
15322
7162
8480
11568
14270
14130
8052
12014
10522
8230
12032
18784
6994
5518
6614
13596
13352
12266
6684
5564
15502
13132
8708
8240
11268
14900
9864
8508
14906
18960
7652
13250
5472
26412
43176
14568
15100
29068
12642
5634
5666
16216
6272
5682
13214
11112
14392
7898
14270
15146
13684
10048
14224
15098
13776
14196
11994
8418
8320
6582
5468
6070
7208
5412
15214
6762
5650
10548
15318
7308
9208
6660
13986
9590
10318
5644
5868
5382
41126
5628
5966
31088
11134
11244
14470
7468
10476
6482
10012
14112
11228
7538
8804
13676
12832
15298
6052
5792
11318
12610
7294
8384
11340
9420
12804
7298
13084
10632
9174
10460
10498
13370
7912
24298
14938
15270
9784
8412
11994
14274
13298
24146
6362
15546
15128
7304
6978
12916
6134
15210
5406
14612
6006
6048
5574
5910
6106
5706
9334
8424
15398
12414
13420
13006
7282
5812
10750
13856
15146
6974
5558
15354
14128
14976
14374
41882
11956
6052
13184
7000
9780
15334
8074
15244
8174
12960
9040
5446
13848
14794
13252
11792
24646
14394
15056
15142
11390
27224
15458
38326
13642
13072
11146
14792
6558
8268
7162
15002
13216
14764
9668
10104
6396
13326
8450
7142
13660
10156
8798
8548
13716
5458
24282
14914
15290
14652
14940
15896
15182
14688
13716
9344
11478
10708
6826
10604
12908
11542
8100
11944
10290
15928
31078
14886
14022
5648
5752
7638
8770
10256
7690
5392
15328
16012
10408
10034
12848
5558
5908
10172
6264
6184
14422
9832
7566
15176
15886
15842
14714
15770
15070
14650
7074
6824
10082
12634
5800
9552
11822
11416
7972
9476
6486
7988
6310
14034
5478
15528
5884
15004
14880
14596
15208
7884
10436
15606
14340
8422
14008
8394
7076
13424
13462
6882
13526
6738
7394
6606
14080
14728
11192
14418
9750
12584
7896
9680
28608
9432
10174
9364
15262
14968
14774
18084
10812
8476
12208
15128
9240
8680
5670
14594
14484
14870
14380
45314
14704
14818
14840
18902
10662
8114
13930
8696
7348
14614
6592
12438
14476
10058
9300
13346
15342
7638
5906
15054
15308
15322
14956
14756
14764
15510
15066
19704
23328
9738
7142
14866
14404
6840
11224
14648
10118
9622
14590
8984
11082
81772
16508
5526
15114
14232
12934
14822
12108
11628
14930
6470
6250
7072
12964
7232
9890
9314
8446
11974
12176
25142
15950
9414
52544
14526
14328
6664
10412
11492
9426
9862
14216
8508
15014
11796
15070
14354
8636
13620
5420
5410
6130
5670
5380
5728
5546
15348
10636
11920
11000
11054
15336
8708
11132
8682
11490
13900
7932
11242
5928
14542
12000
13950
15224
24264
15540
14720
15662
15166
6032
9674
15406
15306
9210
8544
7924
13930
8256
14714
15048
9640
12422
6438
7012
6244
5956
5914
5748
12864
15020
15124
9390
7236
7544
41798
8548
8066
12540
15080
25618
6714
13192
12564
15166
15458
15094
15022
15090
8280
13410
8596
13570
10370
9656
10942
7288
8020
7286
10826
14738
10450
10830
6678
15158
15092
15636
15890
46498
12788
14374
9488
10300
8322
6240
8140
11468
15410
12746
13380
12122
5822
11464
9286
12120
14348
6104
6404
15484
9920
12110
6758
7114
6674
10712
14800
13564
5620
24430
15198
14114
11384
12318
13752
10830
6574
13590
8584
9442
8100
14322
7774
6952
7034
14840
12834
13870
8090
16184
12796
13294
5700
23054
13764
7260
7828
5622
15898
6222
13918
6942
12944
9094
11824
8604
14176
13758
44048
15868
8396
8268
15322
12318
9408
5858
8810
6204
5722
44368
13994
14498
36128
16132
11768
8308
12934
7700
8400
8164
7988
5990
12178
10346
6720
14900
9304
5626
10270
11478
15452
7250
7670
18486
17018
14334
15300
15240
12386
7584
7868
6902
10170
6468
12360
9784
15330
15450
13328
6718
12698
6078
13336
13742
8576
13542
8948
14132
6124
5982
5766
5422
6300
6166
11092
5712
12488
14810
8588
6526
7520
12832
11660
6042
7734
12168
14830
5498
14762
14682
14604
14600
13388
14342
7108
9898
15826
10406
10482
14980
7862
8756
13474
9822
11320
10896
8100
8282
13122
8924
13118
11886
9588
13918
24288
13678
14872
8594
9290
11942
14502
14174
11738
15622
13138
5838
5810
14964
5852
14842
15340
15336
14816
15058
14944
15002
14880
6376
6416
14958
5824
10900
9030
6084
10262
6724
11918
11188
8656
6682
9024
5504
6358
7710
14354
8276
5600
9800
8842
6602
10746
7224
7376
7660
13676
11748
13440
5620
6436
15054
15106
14986
14972
14972
15022
16702
13162
8858
11016
14954
8318
12444
7584
8988
6824
16042
15190
14712
15076
15216
14882
15906
15562
7382
8206
6300
11482
14700
15252
14716
14012
9632
9180
11434
12214
6722
6140
5912
5426
6172
5430
6252
13772
7136
14818
14024
8172
14482
12516
15174
5604
10782
12762
15798
5428
5932
5448
8026
7046
8860
9688
11866
10098
6852
14206
8364
14002
13598
12526
14052
25004
14896
15266
25042
6234
8602
6782
14000
14364
23976
47368
9748
12536
6488
14260
5920
5930
11016
10414
24574
14656
7482
11642
12990
8268
13234
6998
38216
8384
17736
7730
6336
5790
5574
18770
15648
14740
35520
6566
13742
6380
6318
12696
9988
14824
5898
19132
8938
12980
5764
14036
14238
6878
12420
5972
8868
14654
5710
15036
15300
15172
15130
15348
10936
10014
7524
6074
15064
14618
15274
7194
8094
15034
12188
8076
10488
6576
14776
9870
5758
6662
5916
6098
6100
5670
5806
13320
6380
