Latencies
5200
5200
5246
5258
5270
5278
5282
5286
5288
5300
5304
5308
5330
5350
5352
5352
5358
5362
5382
5382
5382
5384
5390
5390
5392
5398
5400
5406
5406
5412
5416
5416
5426
5426
5428
5430
5434
5440
5442
5450
5450
5462
5468
5476
5480
5496
5498
5500
5502
5502
5502
5510
5514
5522
5522
5526
5528
5530
5530
5532
5534
5534
5536
5540
5540
5542
5544
5546
5548
5558
5564
5572
5576
5608
5612
5622
5624
5628
5634
5642
5648
5650
5652
5656
5656
5662
5666
5668
5674
5678
5686
5698
5698
5700
5700
5706
5708
5714
5716
5716
5724
5724
5730
5732
5736
5738
5742
5748
5760
5762
5762
5780
5780
5784
5794
5796
5802
5804
5804
5814
5824
5828
5860
5860
5880
5880
5880
5900
5904
5906
5908
5912
5914
5944
5952
5958
5972
5980
5984
5992
5996
6000
6000
6000
6002
6008
6008
6008
6020
6026
6026
6026
6046
6058
6062
6078
6092
6094
6104
6112
6114
6134
6136
6136
6144
6150
6156
6170
6170
6178
6188
6196
6200
6204
6212
6216
6216
6222
6226
6262
6264
6270
6276
6280
6282
6296
6300
6304
6318
6328
6340
6358
6362
6364
6372
6390
6402
6404
6408
6436
6468
6502
6504
6538
6550
6570
6598
6634
6634
6638
6658
6668
6670
6674
6674
6700
6734
6734
6748
6754
6758
6758
6760
6770
6786
6794
6798
6812
6820
6826
6842
6862
6878
6898
6908
6918
6930
6958
6976
6988
7020
7034
7054
7060
7100
7108
7114
7122
7124
7124
7124
7126
7136
7136
7164
7190
7194
7212
7234
7262
7268
7312
7338
7340
7340
7392
7422
7422
7422
7426
7430
7450
7450
7460
7482
7550
7616
7616
7640
7682
7686
7782
7782
7794
7854
7864
7884
7940
7958
7968
7972
7990
7998
8008
8012
8014
8018
8018
8020
8022
8042
8046
8082
8098
8102
8104
8152
8156
8182
8196
8212
8228
8232
8248
8280
8308
8310
8326
8344
8398
8400
8416
8430
8440
8466
8478
8508
8512
8512
8514
8516
8524
8526
8530
8536
8566
8576
8618
8620
8630
8654
8660
8674
8724
8736
8738
8764
8772
8786
8806
8826
8860
8888
8916
8956
8990
8998
9004
9026
9036
9084
9084
9110
9144
9176
9196
9216
9220
9232
9270
9282
9292
9302
9326
9326
9340
9350
9368
9382
9388
9422
9430
9438
9444
9450
9466
9494
9494
9518
9524
9532
9534
9562
9570
9594
9612
9634
9660
9686
9738
9776
9800
9818
9868
9946
9958
9970
9980
10028
10056
10060
10108
10126
10128
10130
10164
10164
10172
10174
10182
10190
10194
10202
10260
10282
10286
10300
10320
10328
10348
10380
10386
10410
10418
10442
10452
10454
10468
10474
10482
10510
10512
10518
10526
10544
10552
10572
10582
10608
10612
10642
10672
10676
10708
10716
10724
10730
10738
10750
10752
10768
10792
10816
10820
10830
10850
10870
10870
10872
10880
10898
10904
10910
10914
10918
10926
10940
10950
10952
10956
10958
10958
11020
11032
11044
11044
11056
11058
11070
11078
11102
11110
11118
11118
11138
11146
11150
11182
11192
11202
11216
11218
11228
11230
11238
11238
11258
11264
11276
11314
11354
11358
11358
11432
11468
11496
11532
11564
11590
11590
11592
11602
11602
11622
11624
11628
11650
11670
11700
11712
11730
11738
11750
11752
11762
11796
11800
11812
11818
11818
11848
11852
11858
11862
11866
11878
11878
11888
11908
11922
11926
11946
11946
11954
11970
11976
11996
11998
12000
12014
12068
12070
12074
12088
12092
12116
12124
12132
12146
12156
12194
12210
12216
12224
12226
12240
12240
12264
12278
12284
12288
12300
12334
12368
12380
12404
12426
12426
12430
12442
12448
12462
12462
12466
12500
12522
12594
12600
12622
12644
12646
12676
12706
12724
12740
12752
12758
12770
12820
12822
12834
12846
12862
12906
12910
12916
12940
12952
12960
12962
12974
12976
12978
13016
13032
13054
13056
13094
13106
13140
13140
13170
13182
13218
13224
13252
13256
13262
13306
13348
13350
13378
13400
13410
13424
13436
13468
13484
13512
13566
13568
13570
13586
13598
13642
13650
13662
13668
13732
13732
13760
13776
13784
13786
13800
13812
13846
13848
13876
13884
13890
13892
13898
13900
13902
13926
13934
13934
13946
13960
13984
14000
14026
14034
14040
14058
14068
14068
14136
14144
14150
14150
14198
14200
14206
14218
14218
14224
14232
14240
14242
14248
14256
14278
14282
14284
14296
14316
14322
14326
14326
14336
14350
14352
14366
14370
14374
14384
14392
14444
14466
14490
14490
14492
14494
14508
14522
14536
14536
14544
14558
14558
14570
14572
14580
14586
14588
14600
14618
14628
14664
14666
14680
14680
14686
14696
14704
14706
14714
14718
14728
14730
14732
14732
14734
14734
14746
14748
14750
14802
14810
14816
14822
14826
14826
14834
14838
14838
14848
14848
14860
14866
14866
14866
14872
14880
14888
14900
14914
14918
14928
14930
14932
14934
14940
14944
14956
14956
14964
14966
14972
14974
14982
14990
14990
14998
15006
15006
15008
15018
15026
15038
15040
15046
15054
15070
15078
15080
15080
15082
15090
15090
15096
15100
15108
15110
15112
15114
15128
15130
15132
15140
15142
15150
15154
15166
15176
15180
15182
15186
15190
15198
15204
15206
15210
15228
15232
15236
15240
15240
15250
15250
15250
15252
15256
15258
15262
15270
15272
15272
15276
15276
15290
15292
15296
15298
15312
15324
15324
15336
15346
15362
15364
15370
15392
15402
15406
15410
15414
15418
15432
15436
15440
15442
15446
15446
15458
15464
15482
15484
15488
15504
15508
15510
15518
15524
15530
15552
15562
15564
15572
15584
15584
15590
15594
15650
15664
15664
15678
15714
15716
15728
15750
15760
15768
15772
15808
15808
15816
15816
15818
15886
15904
15918
15926
16026
16028
16078
16092
16200
16316
16328
16710
17146
17360
18276
19686
19868
20050
21046
21166
21248
21260
21886
22606
22752
24114
24150
24456
24552
24644
24736
24872
24950
24976
25016
25196
25356
25490
25504
25858
26096
26964
27408
27524
27686
29628
30512
33542
34114
34906
35372
35756
35810
44066
44968
94822
194588
285300
317534
626866
