Latencies
5226
5246
5246
5248
5256
5262
5264
5264
5264
5266
5268
5272
5276
5276
5276
5288
5290
5298
5304
5308
5316
5316
5318
5324
5324
5326
5326
5326
5336
5338
5342
5342
5350
5350
5356
5368
5368
5370
5374
5374
5380
5382
5384
5392
5398
5400
5410
5410
5414
5416
5418
5418
5424
5426
5432
5442
5442
5450
5452
5452
5454
5456
5458
5460
5472
5472
5476
5476
5476
5478
5480
5480
5482
5484
5496
5498
5500
5504
5514
5516
5524
5526
5538
5538
5542
5542
5556
5562
5562
5566
5572
5576
5590
5592
5594
5596
5602
5606
5608
5618
5630
5630
5632
5634
5634
5640
5640
5656
5660
5662
5664
5666
5672
5674
5676
5686
5696
5698
5704
5710
5710
5716
5720
5736
5744
5746
5748
5748
5754
5762
5770
5776
5776
5778
5780
5780
5782
5786
5800
5802
5802
5804
5806
5818
5836
5838
5842
5842
5844
5844
5848
5862
5868
5868
5876
5886
5892
5898
5900
5914
5918
5922
5956
5958
5968
5972
5980
5980
5996
5998
6006
6006
6008
6012
6030
6042
6058
6062
6064
6064
6068
6074
6082
6108
6114
6116
6120
6148
6162
6164
6164
6164
6166
6204
6208
6216
6226
6236
6246
6256
6260
6262
6266
6292
6298
6322
6332
6336
6350
6350
6360
6390
6390
6422
6428
6448
6448
6466
6474
6474
6480
6506
6544
6556
6558
6558
6564
6572
6578
6610
6614
6616
6622
6624
6638
6650
6666
6678
6682
6700
6734
6738
6752
6766
6770
6780
6782
6786
6796
6798
6854
6858
6864
6872
6880
6890
6896
6900
6912
6930
6938
6938
6946
6960
6966
6994
7016
7028
7038
7054
7084
7096
7098
7106
7112
7122
7158
7174
7182
7192
7198
7208
7224
7252
7292
7312
7320
7342
7364
7370
7378
7406
7414
7424
7426
7448
7482
7498
7500
7510
7512
7532
7534
7552
7564
7570
7570
7614
7616
7624
7632
7660
7662
7670
7686
7694
7696
7698
7698
7722
7746
7750
7798
7808
7828
7860
7862
7868
7892
7902
7918
7938
7960
7982
7982
7984
8006
8016
8018
8038
8044
8100
8104
8110
8110
8158
8166
8170
8180
8188
8224
8226
8230
8232
8280
8294
8298
8320
8352
8358
8358
8382
8388
8464
8494
8508
8540
8574
8576
8576
8582
8588
8592
8592
8596
8602
8606
8610
8640
8646
8664
8680
8692
8750
8756
8762
8772
8776
8790
8802
8812
8816
8826
8828
8828
8852
8874
8876
8884
8892
8904
8906
8908
8938
8938
8950
8980
8988
9008
9022
9040
9052
9070
9144
9150
9158
9182
9208
9214
9218
9240
9250
9282
9290
9298
9324
9330
9350
9352
9354
9362
9390
9390
9412
9414
9456
9458
9474
9480
9496
9512
9534
9540
9554
9630
9656
9670
9686
9688
9690
9720
9730
9738
9740
9768
9798
9802
9816
9926
9942
9954
9968
9970
9982
9996
10004
10024
10026
10040
10044
10046
10056
10068
10080
10082
10110
10112
10156
10160
10190
10192
10202
10210
10210
10214
10254
10278
10280
10284
10284
10304
10308
10332
10354
10356
10368
10372
10378
10416
10420
10428
10438
10452
10460
10462
10496
10512
10520
10530
10544
10576
10586
10588
10588
10600
10610
10662
10696
10742
10742
10746
10760
10796
10796
10812
10824
10824
10830
10840
10842
10870
10872
10908
10922
10924
10930
10978
10978
11028
11034
11084
11086
11092
11098
11098
11106
11122
11128
11136
11144
11160
11180
11182
11186
11232
11234
11264
11266
11286
11354
11402
11414
11442
11506
11506
11528
11544
11560
11586
11616
11620
11660
11686
11686
11686
11690
11748
11764
11802
11812
11812
11824
11848
11854
11880
11928
11948
11950
11962
11976
12020
12024
12030
12034
12062
12074
12082
12086
12090
12094
12096
12100
12108
12116
12124
12124
12138
12170
12178
12180
12204
12218
12224
12234
12236
12250
12252
12262
12270
12272
12280
12306
12328
12342
12348
12352
12352
12354
12366
12396
12410
12432
12474
12494
12500
12506
12534
12544
12552
12554
12586
12590
12596
12608
12632
12632
12636
12664
12672
12716
12748
12764
12780
12794
12800
12810
12810
12834
12850
12872
12886
12898
13056
13062
13064
13070
13124
13150
13160
13166
13180
13184
13194
13206
13208
13250
13282
13304
13324
13340
13342
13352
13368
13390
13410
13416
13418
13420
13424
13426
13458
13472
13488
13490
13504
13554
13556
13562
13564
13582
13590
13592
13606
13626
13668
13670
13672
13690
13700
13732
13734
13794
13796
13806
13818
13826
13856
13882
13900
13922
13982
13992
14008
14020
14020
14034
14040
14040
14052
14054
14058
14076
14080
14084
14084
14088
14102
14116
14144
14150
14150
14160
14170
14210
14216
14230
14230
14240
14248
14260
14268
14270
14288
14322
14356
14386
14414
14438
14440
14478
14478
14484
14508
14508
14510
14554
14556
14556
14558
14574
14578
14594
14598
14608
14620
14622
14634
14660
14668
14674
14676
14686
14690
14698
14706
14708
14708
14714
14718
14726
14742
14760
14766
14766
14766
14766
14776
14784
14788
14796
14800
14804
14806
14810
14844
14852
14858
14862
14864
14866
14878
14880
14890
14892
14896
14896
14902
14904
14916
14918
14922
14950
14964
14968
14974
14978
14986
14990
14992
14992
14992
15012
15014
15018
15028
15034
15038
15042
15052
15060
15064
15066
15068
15080
15080
15088
15092
15094
15106
15118
15118
15124
15126
15134
15140
15182
15182
15196
15202
15210
15214
15216
15224
15226
15234
15250
15256
15280
15302
15320
15342
15344
15350
15360
15366
15402
15406
15406
15418
15422
15442
15448
15450
15450
15470
15472
15490
15504
15520
15536
15588
15620
15634
15640
15650
15662
15672
15676
15744
15816
15832
15892
15924
15940
15958
16064
16844
17026
21450
22402
23602
23694
24210
24286
24740
25430
29796
31230
32086
33784
35630
35784
35792
36132
41892
44404
45648
45802
55370
60332
62164
100156
118026
137154
1024560
1440742
