Latencies
4952
5008
5030
5038
5042
5050
5050
5056
5056
5058
5102
5102
5104
5104
5108
5110
5110
5112
5114
5116
5118
5128
5128
5128
5142
5144
5146
5148
5152
5154
5154
5154
5156
5158
5162
5162
5164
5164
5166
5166
5166
5166
5166
5168
5168
5168
5172
5174
5174
5174
5176
5178
5178
5178
5178
5180
5180
5180
5180
5180
5182
5184
5184
5184
5184
5184
5186
5188
5188
5190
5190
5192
5192
5192
5192
5194
5196
5196
5198
5198
5200
5200
5200
5200
5202
5202
5202
5202
5202
5204
5204
5206
5208
5208
5210
5210
5212
5212
5214
5214
5216
5216
5216
5220
5220
5220
5220
5220
5220
5222
5222
5222
5222
5224
5224
5224
5224
5224
5224
5224
5226
5226
5226
5226
5226
5226
5226
5228
5228
5230
5232
5232
5232
5232
5234
5234
5234
5234
5234
5234
5234
5236
5236
5236
5238
5238
5238
5238
5238
5240
5240
5240
5240
5242
5242
5242
5242
5242
5244
5244
5244
5246
5246
5246
5246
5248
5248
5248
5248
5248
5248
5248
5250
5250
5250
5250
5250
5250
5250
5252
5252
5254
5254
5254
5254
5254
5254
5254
5254
5256
5256
5256
5256
5256
5256
5258
5258
5258
5258
5260
5260
5260
5260
5260
5262
5262
5262
5262
5264
5264
5264
5264
5264
5264
5266
5266
5266
5268
5268
5268
5268
5270
5270
5270
5270
5270
5270
5272
5272
5272
5274
5274
5274
5274
5274
5274
5274
5276
5276
5276
5276
5276
5278
5278
5278
5278
5278
5278
5278
5280
5280
5280
5280
5280
5282
5282
5282
5282
5282
5282
5286
5286
5286
5288
5288
5288
5290
5290
5290
5290
5290
5290
5292
5292
5292
5294
5294
5294
5296
5296
5296
5298
5298
5298
5300
5302
5302
5304
5304
5306
5306
5306
5308
5308
5308
5310
5310
5310
5312
5314
5314
5314
5316
5316
5316
5316
5316
5316
5316
5318
5318
5318
5320
5320
5320
5320
5320
5320
5322
5322
5324
5324
5324
5324
5326
5328
5328
5328
5328
5328
5328
5328
5328
5328
5330
5330
5330
5330
5332
5332
5332
5332
5332
5332
5334
5336
5336
5336
5336
5336
5338
5338
5340
5340
5340
5340
5340
5342
5342
5342
5344
5344
5344
5344
5344
5344
5344
5344
5346
5346
5350
5350
5350
5350
5352
5352
5352
5354
5354
5354
5354
5356
5356
5356
5356
5356
5356
5360
5360
5360
5360
5362
5364
5364
5364
5364
5364
5366
5366
5366
5368
5368
5368
5368
5368
5370
5370
5370
5376
5376
5378
5378
5378
5378
5380
5382
5382
5388
5388
5390
5390
5392
5394
5396
5398
5398
5400
5402
5402
5404
5404
5406
5408
5408
5408
5410
5410
5412
5412
5412
5418
5418
5420
5422
5422
5422
5424
5424
5426
5426
5428
5428
5428
5430
5430
5432
5432
5434
5434
5434
5434
5436
5436
5438
5440
5440
5442
5442
5444
5444
5444
5446
5448
5448
5450
5450
5452
5454
5454
5454
5456
5458
5458
5458
5458
5462
5464
5464
5464
5464
5470
5470
5470
5470
5472
5474
5474
5478
5478
5480
5482
5482
5482
5482
5482
5482
5486
5486
5488
5488
5488
5492
5492
5492
5492
5494
5494
5494
5496
5496
5496
5496
5496
5496
5500
5502
5506
5508
5508
5512
5512
5512
5514
5516
5516
5516
5518
5518
5520
5520
5522
5524
5526
5528
5534
5536
5538
5538
5538
5538
5540
5542
5544
5544
5544
5544
5544
5546
5548
5548
5552
5554
5554
5554
5558
5558
5560
5568
5568
5568
5570
5574
5574
5574
5574
5574
5580
5582
5582
5586
5588
5590
5592
5592
5592
5592
5594
5594
5596
5598
5598
5602
5602
5602
5602
5606
5606
5606
5608
5610
5610
5610
5614
5614
5618
5618
5618
5618
5620
5620
5620
5622
5626
5630
5632
5632
5634
5636
5638
5638
5640
5642
5642
5642
5642
5644
5644
5646
5650
5650
5652
5654
5654
5654
5654
5656
5658
5660
5660
5664
5664
5664
5666
5666
5666
5666
5668
5668
5674
5676
5676
5682
5682
5684
5688
5692
5694
5694
5696
5700
5702
5706
5706
5710
5712
5716
5716
5718
5720
5720
5722
5724
5726
5730
5730
5730
5730
5736
5738
5738
5742
5744
5744
5748
5748
5752
5754
5754
5756
5758
5760
5762
5764
5764
5766
5766
5768
5768
5768
5770
5770
5770
5772
5772
5774
5774
5778
5780
5786
5788
5790
5794
5796
5796
5796
5798
5802
5802
5804
5806
5812
5814
5814
5816
5820
5820
5820
5822
5824
5824
5826
5826
5828
5828
5832
5832
5832
5834
5836
5838
5842
5842
5846
5846
5848
5852
5852
5852
5854
5866
5868
5874
5874
5876
5882
5882
5886
5886
5888
5888
5890
5890
5892
5892
5894
5894
5894
5894
5896
5898
5900
5904
5906
5910
5912
5914
5914
5914
5914
5914
5922
5926
5928
5930
5930
5930
5934
5936
5938
5944
5948
5950
5952
5952
5952
5952
5958
5958
5964
5970
5976
5980
5982
5984
5984
5986
5988
5988
5988
5988
5988
5988
5990
5996
5998
6000
6000
6010
6020
6020
6024
6028
6028
6030
6032
6036
6040
6044
6044
6056
6058
6058
6060
6064
6066
6074
6076
6080
6082
6088
6088
6090
6092
6096
6096
6100
6100
6102
6112
6112
6114
6114
6114
6116
6118
6122
6124
6126
6136
6144
6146
6150
6150
6160
6162
6162
6170
6174
6182
6192
6192
6200
6208
6222
6232
6240
6248
6274
6300
6314
6320
6340
6344
6382
6388
6392
6404
6414
6420
6424
6430
6436
6440
6470
6472
6584
6630
6648
6658
6698
6732
6736
6740
6760
6762
6808
6844
6856
6884
6906
6932
6960
6966
6968
6996
6996
7034
7144
7180
7188
7190
7200
7220
7250
7308
7342
7526
7534
7584
7586
7862
7910
8424
8450
8456
9508
9734
10374
10588
10634
10794
10858
10926
11212
11322
11542
11674
12052
12104
12500
12742
13858
14544
14600
14616
14898
14994
15046
15688
18348
18448
18512
19204
19298
20500
20746
21070
21562
21734
22202
23648
24530
24786
25496
25962
27198
27748
29314
29536
29602
30656
31222
31380
31502
31758
32468
33410
33464
34312
34702
35856
36128
36282
37134
39326
40568
40724
48468
59736
292228
