Latencies
5094
5100
5108
5112
5114
5118
5118
5124
5124
5124
5126
5130
5132
5134
5136
5136
5138
5140
5140
5146
5148
5148
5150
5150
5152
5152
5152
5154
5154
5154
5154
5154
5156
5156
5156
5158
5160
5162
5162
5162
5164
5164
5166
5166
5170
5170
5170
5170
5172
5178
5178
5178
5180
5180
5180
5182
5184
5188
5188
5188
5188
5190
5190
5190
5190
5190
5192
5194
5194
5196
5198
5200
5200
5200
5202
5202
5204
5204
5206
5206
5206
5208
5208
5208
5210
5214
5214
5216
5216
5216
5218
5218
5218
5218
5220
5220
5222
5222
5222
5222
5224
5224
5224
5224
5228
5228
5228
5230
5230
5232
5232
5232
5232
5236
5236
5236
5238
5238
5240
5242
5242
5242
5242
5244
5246
5246
5246
5248
5248
5250
5250
5254
5254
5254
5254
5254
5256
5256
5258
5258
5260
5260
5262
5262
5264
5264
5264
5266
5266
5266
5268
5268
5268
5270
5270
5270
5272
5272
5274
5276
5276
5276
5276
5276
5278
5278
5280
5280
5282
5282
5282
5284
5284
5284
5284
5284
5286
5286
5286
5288
5288
5288
5290
5290
5292
5292
5292
5292
5294
5294
5294
5294
5294
5296
5296
5296
5296
5296
5298
5298
5298
5298
5298
5300
5300
5302
5302
5302
5304
5304
5304
5304
5304
5306
5306
5306
5306
5306
5308
5308
5308
5308
5310
5310
5310
5310
5312
5312
5312
5312
5314
5314
5314
5316
5316
5316
5316
5318
5318
5318
5318
5318
5318
5318
5318
5320
5320
5320
5320
5320
5320
5320
5320
5322
5322
5322
5322
5324
5324
5324
5324
5326
5326
5326
5326
5328
5328
5328
5328
5330
5330
5330
5330
5330
5330
5330
5332
5332
5332
5332
5332
5332
5334
5334
5334
5334
5334
5338
5338
5338
5340
5340
5340
5340
5340
5342
5342
5342
5342
5342
5344
5344
5344
5344
5346
5346
5346
5346
5348
5348
5348
5348
5348
5350
5350
5350
5350
5350
5350
5350
5352
5352
5352
5352
5354
5354
5354
5354
5356
5356
5356
5356
5356
5356
5358
5358
5360
5360
5360
5362
5362
5362
5364
5364
5364
5364
5366
5366
5366
5366
5366
5366
5368
5368
5368
5368
5368
5370
5370
5372
5372
5372
5372
5372
5374
5374
5378
5378
5378
5378
5380
5380
5382
5382
5384
5384
5384
5386
5386
5386
5386
5388
5388
5388
5388
5390
5390
5390
5392
5392
5392
5392
5392
5394
5394
5394
5394
5396
5396
5396
5396
5398
5398
5398
5398
5400
5400
5400
5400
5400
5400
5402
5402
5402
5402
5404
5404
5404
5406
5406
5408
5408
5408
5408
5408
5408
5410
5410
5412
5412
5412
5412
5414
5414
5414
5416
5416
5418
5418
5418
5420
5420
5420
5422
5424
5424
5424
5426
5426
5426
5428
5428
5428
5428
5428
5430
5432
5432
5434
5434
5434
5434
5436
5438
5438
5440
5440
5440
5442
5444
5444
5444
5446
5448
5448
5450
5450
5450
5450
5452
5454
5454
5454
5454
5456
5456
5456
5456
5458
5458
5458
5460
5460
5462
5464
5466
5466
5468
5468
5468
5468
5468
5468
5470
5472
5472
5474
5478
5480
5480
5482
5482
5482
5482
5484
5484
5488
5488
5488
5488
5490
5490
5490
5492
5494
5494
5494
5496
5496
5496
5496
5498
5498
5498
5498
5498
5498
5500
5500
5504
5504
5504
5506
5506
5510
5510
5512
5514
5516
5516
5518
5518
5518
5522
5522
5522
5524
5524
5528
5532
5532
5534
5534
5534
5536
5538
5538
5540
5542
5542
5542
5544
5546
5546
5546
5548
5548
5552
5554
5556
5558
5562
5562
5562
5568
5572
5574
5576
5584
5586
5586
5586
5586
5590
5590
5590
5592
5594
5596
5596
5596
5598
5598
5600
5606
5606
5606
5610
5614
5614
5618
5618
5622
5624
5624
5624
5624
5626
5628
5628
5630
5630
5630
5632
5634
5634
5636
5636
5636
5640
5642
5644
5646
5648
5648
5648
5648
5650
5650
5660
5662
5664
5668
5668
5668
5672
5674
5674
5678
5678
5680
5680
5682
5682
5682
5682
5684
5686
5688
5690
5692
5692
5702
5702
5706
5712
5712
5712
5712
5714
5714
5716
5716
5718
5724
5726
5730
5734
5734
5736
5736
5736
5738
5742
5748
5758
5762
5764
5764
5766
5766
5768
5778
5778
5782
5784
5786
5788
5788
5790
5794
5798
5798
5802
5804
5810
5810
5812
5816
5818
5822
5822
5822
5822
5824
5826
5828
5834
5836
5838
5840
5840
5842
5842
5846
5858
5860
5862
5862
5864
5872
5872
5872
5880
5880
5884
5890
5916
5928
5930
5934
5938
5938
5948
5948
5956
5962
5964
5966
5966
5968
5968
5970
5970
5972
5976
5978
5980
5982
5986
5986
5988
5992
5998
6004
6006
6014
6016
6018
6018
6022
6024
6030
6030
6030
6032
6032
6038
6040
6042
6048
6056
6064
6066
6068
6068
6068
6072
6074
6078
6082
6090
6090
6096
6098
6102
6106
6110
6116
6122
6124
6132
6152
6152
6156
6158
6170
6172
6178
6178
6196
6196
6198
6202
6206
6212
6218
6226
6234
6238
6242
6248
6248
6280
6286
6288
6316
6316
6324
6342
6358
6364
6386
6390
6390
6390
6392
6394
6398
6416
6440
6462
6480
6498
6504
6514
6526
6544
6572
6600
6644
6656
6668
6712
6822
6828
6838
6984
7042
7082
7096
7118
7122
7164
7184
7232
7248
7516
7610
7616
7626
8140
8288
8342
8346
8382
8562
8650
8734
8782
8850
9056
9072
9182
9544
9622
9732
9876
10024
10096
10136
10304
10314
10380
10384
10478
10646
10910
11030
11094
11194
11208
11780
11888
12088
12192
12200
12360
12412
12466
13514
13684
13738
14170
14222
14296
14350
14454
14822
14830
14976
15012
15432
15772
15922
16164
16460
16878
17042
17074
17534
18314
18686
18898
18910
18924
20156
20174
20322
20526
20732
21088
21166
21250
21450
22796
23054
23506
23534
23766
24202
24312
24444
24780
25540
25686
26282
26948
27620
27774
29012
29352
29522
31342
31446
32188
32474
33138
34260
35606
35694
35706
35854
35956
35994
36454
36480
36624
40062
41722
42592
42748
45296
52388
52872
