Latencies
5172
5180
5182
5194
5202
5216
5220
5226
5232
5234
5238
5242
5242
5242
5248
5250
5256
5260
5260
5264
5264
5266
5266
5272
5272
5274
5274
5282
5284
5286
5292
5294
5296
5300
5300
5304
5308
5310
5312
5312
5314
5314
5314
5316
5318
5320
5322
5322
5322
5324
5324
5326
5328
5330
5330
5332
5332
5332
5336
5336
5338
5338
5338
5338
5340
5340
5342
5342
5342
5342
5344
5344
5344
5346
5346
5346
5350
5350
5350
5350
5350
5352
5352
5354
5354
5354
5356
5358
5358
5358
5360
5360
5360
5360
5360
5360
5362
5362
5362
5362
5364
5364
5366
5366
5366
5366
5366
5368
5370
5370
5370
5372
5374
5374
5374
5374
5376
5376
5376
5376
5378
5378
5378
5380
5380
5380
5380
5382
5382
5384
5384
5384
5384
5386
5386
5388
5388
5392
5392
5392
5392
5394
5394
5394
5394
5394
5394
5396
5396
5398
5398
5400
5400
5400
5402
5402
5404
5406
5406
5406
5406
5406
5408
5408
5408
5408
5410
5410
5412
5414
5414
5414
5416
5416
5416
5416
5418
5418
5418
5420
5420
5422
5422
5424
5424
5424
5426
5426
5428
5430
5432
5432
5432
5432
5432
5434
5434
5434
5436
5436
5436
5436
5436
5436
5438
5438
5440
5440
5442
5444
5446
5446
5446
5446
5448
5450
5450
5450
5450
5452
5452
5452
5452
5454
5456
5458
5458
5458
5460
5460
5460
5462
5462
5462
5462
5464
5464
5464
5466
5466
5466
5468
5468
5468
5470
5472
5472
5472
5474
5474
5474
5474
5476
5478
5478
5480
5480
5480
5480
5482
5482
5482
5482
5482
5484
5484
5484
5484
5486
5486
5486
5486
5486
5486
5488
5490
5490
5490
5492
5494
5494
5494
5496
5496
5496
5496
5496
5498
5498
5498
5500
5500
5500
5500
5502
5502
5502
5502
5502
5502
5502
5502
5504
5504
5504
5504
5504
5504
5506
5506
5506
5506
5508
5508
5508
5508
5510
5510
5510
5510
5512
5512
5512
5514
5516
5516
5516
5516
5518
5518
5518
5518
5518
5520
5520
5520
5520
5522
5522
5522
5522
5522
5524
5524
5524
5524
5524
5524
5524
5526
5526
5526
5526
5526
5526
5526
5526
5528
5528
5530
5530
5530
5530
5530
5530
5532
5532
5534
5534
5534
5534
5534
5536
5536
5538
5540
5540
5540
5542
5542
5542
5544
5546
5546
5546
5546
5548
5548
5550
5550
5550
5550
5552
5552
5552
5552
5552
5554
5554
5554
5556
5558
5558
5560
5560
5560
5560
5560
5560
5560
5562
5562
5562
5562
5562
5562
5564
5564
5564
5564
5564
5566
5566
5566
5566
5568
5568
5568
5568
5570
5570
5570
5572
5572
5572
5572
5574
5574
5574
5574
5574
5576
5578
5578
5578
5578
5578
5578
5578
5580
5580
5580
5580
5580
5582
5584
5584
5586
5586
5588
5588
5588
5588
5590
5590
5592
5594
5594
5594
5596
5596
5596
5598
5598
5600
5600
5600
5600
5602
5602
5602
5604
5604
5606
5606
5606
5610
5610
5610
5610
5610
5612
5614
5614
5614
5614
5614
5616
5618
5618
5618
5618
5618
5618
5620
5620
5622
5622
5624
5624
5624
5624
5626
5626
5628
5628
5628
5630
5630
5634
5636
5636
5636
5638
5638
5640
5640
5646
5646
5648
5648
5654
5658
5658
5658
5662
5666
5666
5666
5670
5674
5674
5674
5676
5676
5678
5678
5680
5680
5682
5682
5688
5690
5694
5694
5694
5696
5696
5700
5700
5704
5704
5704
5706
5706
5708
5708
5710
5710
5712
5714
5716
5718
5722
5724
5728
5728
5728
5728
5730
5738
5740
5740
5742
5742
5746
5748
5752
5752
5754
5756
5758
5760
5760
5760
5762
5762
5764
5764
5766
5770
5770
5774
5774
5776
5786
5788
5792
5794
5794
5796
5800
5804
5804
5808
5808
5812
5812
5814
5816
5818
5818
5820
5820
5822
5824
5824
5830
5834
5836
5836
5836
5838
5846
5846
5848
5848
5848
5848
5848
5850
5850
5850
5850
5856
5856
5858
5864
5866
5868
5870
5872
5874
5876
5876
5876
5878
5878
5878
5882
5890
5892
5892
5894
5896
5900
5900
5906
5906
5910
5912
5916
5916
5918
5920
5924
5928
5928
5930
5932
5942
5944
5946
5948
5950
5952
5956
5956
5958
5958
5960
5960
5964
5966
5972
5976
5978
5982
5984
5984
5986
5986
5986
5990
5992
5992
5994
5996
6000
6000
6000
6000
6002
6004
6010
6010
6010
6012
6014
6026
6026
6030
6030
6032
6034
6034
6038
6038
6042
6042
6048
6048
6052
6052
6056
6064
6066
6066
6066
6066
6070
6074
6086
6096
6096
6096
6120
6120
6124
6126
6138
6140
6140
6140
6142
6142
6150
6162
6174
6174
6176
6178
6184
6194
6196
6198
6200
6202
6204
6206
6210
6212
6224
6228
6228
6238
6240
6256
6258
6260
6264
6272
6272
6274
6288
6292
6296
6298
6298
6302
6310
6316
6328
6332
6334
6336
6342
6342
6346
6350
6350
6352
6354
6358
6374
6376
6380
6382
6386
6390
6394
6402
6408
6408
6426
6436
6438
6444
6446
6450
6450
6456
6478
6478
6506
6516
6548
6564
6574
6602
6636
6644
6650
6684
6706
6730
6730
6736
6748
6792
6796
6804
6848
6852
6876
6898
6900
6912
6920
6930
6956
6982
6984
6992
6998
7038
7052
7062
7144
7176
7184
7246
7258
7260
7280
7308
7582
7672
7784
7934
7948
8090
8252
8826
8974
9010
9156
10276
10470
10562
10874
10928
11054
11278
11354
11476
11532
11544
12062
12138
12338
12354
12532
12558
12870
13066
13146
13516
13652
13954
13974
14058
14168
14260
14344
14424
14426
14430
14470
14940
15008
15008
15168
15216
15868
16028
16552
17502
17742
17748
17926
18874
18990
19792
19882
20018
20206
20266
20572
21144
21170
21672
21976
21984
22062
22556
22584
23010
23034
23288
23804
24016
24138
24168
24214
24328
24422
24492
25200
25236
25250
25974
26024
26528
26548
27008
27128
29234
29818
29846
31000
31130
31278
32132
32604
32704
32750
34468
34834
35000
35342
35478
35558
35994
36330
37276
39228
39342
40386
51090
51590
52664
53316
53706
10228978
