Latencies
4998
5032
5038
5052
5056
5058
5058
5066
5072
5072
5072
5080
5084
5090
5098
5098
5102
5104
5106
5108
5110
5112
5114
5116
5118
5118
5120
5122
5122
5124
5128
5136
5140
5142
5142
5142
5142
5150
5150
5158
5160
5160
5160
5162
5166
5166
5168
5170
5170
5172
5174
5174
5176
5176
5176
5178
5180
5180
5180
5182
5182
5184
5184
5184
5186
5186
5186
5188
5188
5188
5188
5190
5192
5192
5192
5196
5196
5198
5198
5200
5200
5202
5202
5204
5204
5204
5206
5206
5206
5206
5208
5208
5208
5210
5210
5210
5212
5212
5212
5214
5216
5218
5218
5220
5220
5222
5224
5224
5224
5224
5224
5226
5226
5226
5226
5226
5226
5228
5228
5228
5228
5230
5230
5232
5232
5232
5232
5234
5236
5236
5236
5238
5238
5238
5238
5238
5238
5240
5240
5242
5242
5242
5244
5244
5244
5244
5246
5246
5246
5246
5248
5248
5250
5252
5252
5252
5254
5254
5254
5254
5254
5254
5256
5256
5256
5256
5258
5258
5258
5258
5258
5260
5260
5262
5262
5262
5264
5264
5264
5264
5264
5266
5266
5266
5266
5268
5268
5268
5268
5268
5270
5270
5270
5270
5272
5272
5272
5274
5274
5276
5276
5278
5278
5278
5280
5280
5282
5282
5284
5284
5284
5286
5286
5288
5288
5288
5290
5290
5290
5290
5290
5292
5292
5292
5292
5292
5292
5294
5296
5296
5296
5298
5298
5300
5300
5300
5300
5300
5300
5300
5302
5304
5304
5306
5308
5308
5308
5310
5310
5310
5310
5310
5310
5312
5312
5314
5316
5316
5316
5316
5318
5318
5318
5318
5320
5320
5320
5320
5322
5322
5322
5322
5324
5324
5324
5326
5326
5326
5326
5326
5326
5328
5330
5332
5332
5332
5334
5336
5336
5336
5338
5338
5338
5338
5338
5340
5342
5342
5342
5342
5342
5342
5342
5344
5344
5344
5344
5346
5346
5348
5348
5350
5350
5352
5352
5352
5354
5354
5354
5354
5356
5356
5358
5358
5358
5358
5358
5360
5360
5360
5360
5360
5360
5364
5366
5366
5366
5368
5368
5368
5368
5370
5370
5370
5372
5372
5372
5372
5372
5372
5374
5376
5378
5378
5380
5380
5380
5380
5380
5382
5384
5384
5386
5386
5388
5388
5390
5390
5390
5392
5392
5392
5394
5396
5396
5398
5398
5400
5400
5402
5402
5402
5404
5404
5404
5406
5406
5406
5406
5406
5406
5408
5408
5410
5410
5414
5414
5416
5416
5416
5416
5416
5418
5420
5422
5422
5426
5426
5428
5430
5430
5430
5432
5432
5432
5432
5432
5434
5434
5434
5438
5440
5444
5446
5448
5448
5450
5452
5452
5456
5456
5456
5456
5458
5460
5460
5460
5462
5462
5464
5466
5466
5468
5468
5470
5470
5470
5472
5474
5476
5476
5478
5478
5480
5482
5482
5482
5482
5484
5486
5486
5486
5488
5488
5490
5490
5490
5492
5494
5494
5496
5496
5500
5500
5504
5504
5506
5506
5508
5510
5512
5512
5512
5514
5514
5514
5516
5516
5518
5518
5520
5520
5522
5522
5524
5526
5526
5526
5526
5526
5526
5526
5528
5530
5530
5532
5534
5534
5536
5540
5540
5542
5544
5546
5546
5548
5548
5548
5552
5552
5556
5558
5558
5560
5560
5564
5566
5568
5572
5572
5574
5574
5574
5576
5578
5580
5580
5584
5584
5584
5584
5584
5586
5586
5588
5590
5590
5594
5594
5596
5598
5598
5604
5604
5604
5606
5606
5610
5612
5612
5614
5614
5616
5618
5620
5622
5622
5624
5626
5626
5628
5628
5630
5630
5630
5630
5630
5634
5636
5638
5640
5640
5644
5646
5646
5650
5654
5654
5656
5656
5658
5660
5664
5666
5668
5668
5670
5670
5674
5676
5676
5676
5676
5680
5680
5680
5682
5682
5682
5686
5686
5688
5690
5692
5692
5692
5694
5696
5698
5698
5700
5702
5702
5708
5708
5708
5708
5710
5710
5712
5712
5712
5714
5716
5716
5720
5724
5724
5724
5724
5724
5726
5726
5726
5734
5734
5736
5736
5738
5738
5744
5752
5754
5754
5754
5756
5762
5764
5768
5774
5774
5776
5778
5790
5792
5794
5796
5798
5800
5808
5814
5814
5818
5822
5826
5828
5828
5828
5828
5832
5834
5834
5836
5836
5836
5838
5838
5838
5840
5842
5844
5846
5850
5852
5854
5858
5858
5862
5874
5874
5874
5876
5886
5888
5894
5896
5900
5902
5902
5908
5910
5916
5916
5922
5922
5922
5924
5924
5924
5930
5932
5934
5936
5940
5940
5944
5946
5950
5950
5958
5960
5960
5962
5968
5970
5972
5974
5976
5978
5978
5978
5978
5980
5980
5984
5986
5988
5992
5998
5998
5998
5998
6000
6010
6010
6012
6012
6012
6016
6018
6020
6022
6026
6028
6032
6032
6032
6036
6038
6042
6044
6056
6058
6058
6062
6064
6066
6070
6078
6084
6086
6092
6092
6102
6104
6106
6114
6116
6122
6132
6134
6138
6142
6148
6154
6156
6162
6164
6166
6176
6176
6178
6182
6182
6188
6188
6200
6200
6200
6204
6220
6230
6246
6254
6262
6262
6264
6264
6268
6274
6286
6290
6296
6298
6302
6312
6322
6326
6326
6386
6390
6392
6400
6420
6422
6444
6464
6478
6486
6520
6524
6542
6558
6568
6568
6570
6572
6582
6596
6606
6628
6654
6658
6678
6730
6748
6758
6780
6804
6810
6824
6856
6974
7002
7008
7308
7500
7764
8002
8170
8394
8530
8610
8878
9112
9208
9274
9370
9506
9994
10222
10254
10282
11248
11290
11570
11652
11660
11678
11758
11814
11856
11952
12292
12810
12842
12898
13132
13274
13556
13564
13862
14388
14482
14616
14692
14788
14930
15422
15608
15622
16160
16556
17750
17904
18214
18282
19456
20144
20506
20636
20716
21360
21522
21790
22580
23254
23710
24238
24530
24610
25346
26430
27608
29634
31162
31332
33560
34236
34390
34638
34978
35308
36736
38848
40924
52574
119866
