Latencies
4996
5008
5012
5016
5016
5028
5030
5030
5036
5038
5040
5044
5044
5048
5048
5052
5054
5060
5062
5066
5068
5070
5072
5076
5076
5078
5078
5080
5080
5082
5082
5082
5084
5086
5090
5092
5092
5094
5094
5098
5100
5100
5100
5102
5102
5102
5112
5114
5114
5116
5118
5118
5118
5118
5120
5120
5120
5122
5122
5122
5122
5124
5126
5128
5130
5132
5132
5134
5134
5134
5136
5136
5136
5138
5138
5140
5142
5144
5144
5144
5146
5146
5146
5148
5152
5152
5152
5154
5154
5156
5156
5156
5156
5156
5158
5158
5160
5162
5162
5162
5166
5168
5168
5170
5170
5170
5172
5172
5174
5174
5176
5176
5178
5178
5180
5180
5180
5180
5180
5180
5184
5186
5186
5188
5190
5192
5194
5194
5194
5196
5196
5196
5196
5196
5198
5198
5198
5200
5200
5200
5200
5200
5200
5204
5204
5204
5204
5206
5206
5206
5206
5208
5208
5208
5210
5210
5210
5210
5210
5210
5210
5212
5212
5212
5212
5212
5212
5214
5214
5214
5216
5216
5216
5216
5218
5218
5218
5218
5220
5220
5220
5222
5222
5222
5224
5226
5226
5226
5230
5230
5232
5232
5234
5234
5234
5234
5236
5236
5238
5238
5240
5240
5240
5242
5244
5244
5246
5246
5246
5248
5248
5248
5248
5248
5248
5248
5248
5250
5250
5250
5250
5250
5250
5250
5252
5252
5252
5252
5252
5254
5254
5256
5256
5256
5256
5258
5258
5258
5258
5258
5258
5258
5258
5258
5260
5260
5260
5260
5260
5260
5260
5260
5260
5262
5262
5262
5262
5262
5262
5262
5262
5264
5264
5264
5264
5264
5266
5266
5266
5266
5266
5266
5266
5266
5266
5268
5268
5268
5268
5268
5270
5270
5270
5272
5272
5272
5272
5274
5274
5274
5274
5276
5276
5276
5278
5278
5278
5278
5278
5280
5280
5280
5280
5282
5282
5282
5282
5282
5282
5282
5284
5284
5284
5286
5288
5288
5290
5290
5292
5292
5292
5292
5294
5294
5294
5294
5294
5296
5296
5296
5298
5298
5298
5298
5302
5302
5302
5304
5306
5306
5306
5308
5308
5308
5308
5308
5310
5310
5310
5312
5312
5314
5314
5314
5316
5316
5316
5316
5316
5318
5318
5320
5320
5322
5322
5322
5322
5322
5322
5324
5324
5326
5330
5330
5330
5332
5332
5332
5334
5334
5334
5334
5336
5336
5336
5338
5338
5338
5340
5340
5340
5340
5342
5342
5342
5342
5342
5344
5344
5344
5344
5344
5344
5346
5346
5346
5348
5348
5348
5350
5350
5350
5352
5352
5352
5352
5354
5354
5356
5360
5362
5362
5364
5366
5368
5368
5370
5370
5372
5372
5374
5374
5374
5374
5376
5376
5376
5376
5378
5378
5380
5384
5386
5386
5386
5386
5388
5388
5388
5390
5390
5392
5392
5392
5394
5398
5398
5398
5400
5400
5400
5400
5402
5402
5404
5404
5404
5404
5404
5404
5408
5408
5408
5408
5410
5410
5412
5416
5416
5418
5420
5420
5420
5422
5422
5422
5422
5424
5424
5426
5426
5428
5430
5432
5434
5434
5434
5436
5436
5436
5436
5438
5438
5438
5440
5440
5440
5442
5442
5442
5444
5450
5452
5454
5456
5456
5456
5458
5458
5460
5460
5460
5462
5462
5462
5464
5464
5466
5468
5470
5470
5472
5476
5478
5480
5480
5484
5486
5486
5486
5492
5494
5494
5500
5500
5502
5502
5502
5502
5504
5510
5512
5512
5512
5516
5516
5520
5522
5522
5524
5536
5536
5540
5540
5542
5542
5544
5544
5548
5548
5548
5550
5550
5554
5558
5566
5566
5568
5568
5570
5572
5576
5576
5576
5580
5590
5590
5590
5592
5592
5592
5594
5594
5596
5602
5604
5604
5606
5606
5606
5608
5608
5610
5610
5610
5612
5612
5616
5622
5624
5626
5626
5630
5632
5636
5642
5642
5646
5650
5652
5654
5654
5658
5658
5658
5658
5662
5664
5664
5664
5664
5670
5674
5676
5680
5682
5684
5684
5684
5694
5696
5700
5706
5710
5712
5712
5714
5718
5718
5718
5722
5724
5724
5724
5726
5728
5736
5742
5742
5744
5744
5744
5746
5746
5748
5748
5748
5752
5752
5752
5754
5756
5758
5760
5762
5762
5764
5768
5770
5770
5782
5784
5784
5784
5788
5790
5796
5798
5800
5804
5806
5810
5814
5814
5816
5818
5820
5822
5824
5824
5826
5828
5828
5830
5834
5834
5836
5836
5846
5846
5846
5850
5852
5854
5860
5870
5870
5872
5872
5874
5874
5876
5878
5880
5884
5884
5884
5884
5886
5886
5890
5892
5894
5894
5898
5900
5904
5906
5906
5910
5914
5916
5918
5920
5922
5926
5926
5928
5934
5934
5944
5950
5952
5958
5958
5964
5966
5968
5970
5970
5972
5972
5974
5976
5982
5982
5984
5986
5986
5988
5990
5990
5992
5992
5992
5996
5996
5998
6004
6006
6010
6012
6018
6022
6028
6032
6032
6032
6038
6040
6044
6048
6052
6064
6066
6066
6066
6066
6070
6072
6074
6078
6078
6080
6082
6094
6102
6108
6118
6120
6120
6124
6130
6132
6134
6136
6164
6164
6182
6186
6188
6206
6210
6212
6216
6250
6262
6266
6274
6296
6330
6368
6370
6480
6578
6580
6584
6596
6628
6702
6716
6746
6780
6828
6890
6930
7038
7040
7044
7134
7270
7276
7332
7432
7512
7534
7636
7660
7744
7878
7924
8104
8194
8278
8296
8388
8586
8812
8968
9016
9044
9360
9362
9544
9550
9636
9724
9800
9802
10320
10332
10348
10390
10450
10614
10646
10842
10848
10880
11098
11158
11290
11432
11528
12122
12202
12208
12418
12604
12766
13402
13536
13630
13986
14346
14382
14498
14766
15142
15196
15576
15786
17014
17390
17406
18174
18222
18526
18630
19244
20212
20498
21260
21472
21994
22034
22808
22954
23024
23462
23588
24082
24266
24576
24802
25508
25976
26476
26758
26980
27012
27106
27422
29002
29766
30508
30850
31556
32000
32286
32730
33646
34986
35520
36774
38872
39660
50688
