Latencies
4990
5002
5028
5032
5038
5044
5044
5048
5050
5050
5054
5054
5056
5058
5058
5058
5064
5064
5064
5066
5066
5072
5074
5074
5074
5078
5080
5080
5084
5084
5086
5090
5092
5092
5092
5094
5094
5096
5098
5100
5100
5102
5104
5104
5106
5106
5112
5114
5116
5116
5116
5116
5116
5118
5122
5122
5124
5124
5126
5126
5126
5126
5128
5128
5128
5128
5130
5130
5130
5130
5130
5130
5130
5132
5134
5134
5134
5136
5136
5136
5136
5136
5136
5136
5138
5140
5140
5140
5140
5146
5146
5148
5152
5152
5152
5152
5152
5154
5156
5158
5158
5158
5158
5160
5160
5162
5162
5164
5164
5164
5166
5166
5166
5166
5166
5166
5166
5166
5168
5170
5170
5172
5172
5172
5172
5174
5174
5174
5176
5176
5176
5178
5178
5178
5180
5180
5182
5182
5182
5182
5184
5184
5184
5186
5186
5186
5186
5186
5188
5188
5188
5188
5192
5192
5194
5196
5198
5198
5198
5198
5198
5198
5198
5200
5202
5202
5204
5204
5206
5206
5206
5206
5208
5208
5208
5208
5210
5210
5210
5210
5212
5212
5214
5216
5216
5216
5216
5218
5218
5218
5220
5220
5220
5220
5222
5222
5222
5224
5224
5224
5226
5226
5226
5228
5230
5230
5230
5230
5230
5230
5232
5232
5234
5234
5234
5234
5236
5236
5236
5236
5238
5238
5238
5238
5238
5238
5238
5240
5242
5242
5242
5242
5242
5242
5242
5244
5244
5244
5244
5248
5248
5248
5248
5248
5250
5250
5250
5250
5252
5252
5252
5252
5252
5252
5254
5254
5254
5254
5256
5256
5258
5258
5258
5258
5258
5258
5260
5260
5260
5262
5262
5262
5262
5262
5264
5264
5264
5264
5266
5266
5266
5266
5266
5266
5268
5268
5268
5268
5270
5272
5272
5272
5274
5274
5274
5276
5276
5278
5278
5278
5280
5282
5282
5282
5282
5284
5284
5284
5284
5284
5284
5286
5288
5288
5288
5290
5290
5290
5290
5292
5292
5292
5294
5294
5294
5294
5296
5298
5298
5298
5298
5298
5298
5300
5300
5302
5306
5306
5308
5308
5308
5308
5308
5310
5310
5310
5312
5312
5312
5312
5312
5314
5316
5316
5318
5318
5318
5320
5320
5320
5322
5322
5324
5326
5328
5330
5330
5334
5334
5334
5334
5336
5336
5338
5340
5340
5340
5340
5340
5342
5342
5342
5346
5346
5346
5346
5346
5348
5352
5352
5352
5354
5354
5354
5356
5356
5356
5356
5356
5356
5356
5358
5358
5360
5360
5362
5366
5366
5366
5368
5368
5368
5370
5370
5372
5372
5372
5374
5374
5374
5376
5376
5378
5380
5380
5380
5380
5380
5382
5386
5386
5388
5390
5390
5392
5394
5398
5400
5400
5404
5404
5404
5406
5410
5410
5414
5414
5416
5418
5418
5418
5420
5422
5422
5424
5424
5426
5426
5428
5428
5428
5428
5430
5430
5430
5430
5430
5432
5432
5434
5434
5434
5434
5436
5438
5438
5440
5440
5440
5440
5442
5442
5446
5446
5446
5448
5450
5452
5452
5454
5456
5456
5458
5458
5458
5462
5462
5466
5466
5470
5470
5470
5470
5470
5472
5472
5472
5474
5474
5474
5474
5476
5476
5478
5478
5480
5484
5486
5486
5488
5488
5490
5492
5494
5496
5498
5500
5502
5502
5502
5504
5504
5504
5506
5506
5512
5512
5514
5514
5514
5514
5516
5518
5520
5520
5520
5522
5522
5524
5526
5528
5530
5532
5532
5534
5534
5542
5544
5546
5546
5546
5550
5550
5550
5550
5550
5552
5552
5552
5552
5554
5554
5556
5564
5568
5570
5574
5574
5574
5576
5576
5580
5582
5582
5584
5584
5584
5590
5590
5592
5592
5596
5596
5596
5596
5596
5598
5598
5598
5602
5604
5604
5614
5616
5618
5618
5620
5620
5620
5622
5622
5624
5626
5626
5628
5628
5628
5628
5630
5630
5632
5636
5640
5640
5642
5646
5650
5650
5652
5652
5656
5660
5664
5664
5666
5666
5666
5668
5668
5672
5672
5674
5674
5678
5680
5684
5684
5686
5686
5688
5688
5690
5692
5694
5700
5700
5700
5702
5702
5704
5704
5704
5706
5708
5708
5710
5710
5710
5714
5714
5716
5716
5718
5718
5718
5720
5722
5724
5724
5726
5728
5728
5734
5734
5736
5738
5738
5740
5740
5742
5742
5744
5748
5748
5748
5750
5754
5754
5758
5758
5760
5762
5764
5766
5766
5768
5772
5774
5776
5782
5782
5784
5784
5788
5792
5792
5794
5800
5802
5804
5804
5808
5808
5808
5808
5808
5810
5814
5816
5816
5816
5820
5820
5822
5824
5824
5826
5826
5826
5830
5834
5836
5844
5846
5852
5854
5856
5856
5856
5858
5858
5860
5862
5866
5870
5870
5870
5872
5876
5878
5878
5880
5882
5886
5892
5892
5902
5906
5910
5914
5920
5922
5926
5930
5930
5930
5934
5934
5934
5936
5938
5944
5948
5950
5954
5960
5962
5970
5974
5976
5978
5978
5982
5988
5990
5996
5996
5998
6000
6000
6002
6006
6018
6022
6024
6026
6030
6032
6032
6032
6036
6036
6048
6052
6052
6060
6064
6066
6068
6070
6082
6090
6098
6106
6106
6108
6112
6120
6124
6124
6132
6134
6142
6142
6144
6148
6166
6172
6186
6206
6208
6212
6214
6218
6230
6230
6234
6244
6254
6256
6258
6262
6272
6286
6288
6336
6346
6376
6384
6386
6390
6402
6418
6420
6434
6440
6448
6514
6518
6518
6610
6634
6680
6690
6720
6798
6832
6880
6892
6904
6910
6916
6950
6958
6964
6974
7002
7092
7118
7134
7158
7252
7308
7382
7538
7542
7574
7648
7830
7938
8196
8218
8400
8514
8612
8762
8852
8882
8896
9164
9428
9492
9522
9566
9966
10150
10178
10330
10372
10400
10544
10672
10734
10930
10982
11000
11174
11276
11608
11986
12042
12178
12460
12854
12866
13042
13302
14126
14142
14146
14446
14840
14876
15916
17558
19270
19386
20342
20426
20750
21312
21462
21490
21536
21630
22510
22692
23138
23224
23506
23522
23540
23804
23846
23970
24162
24266
24330
24730
24806
24884
25726
26058
26908
27078
28062
28240
28540
29042
29306
29780
29840
30528
31072
32250
32882
33198
34528
35458
35612
35824
36104
36216
37980
38306
40214
40640
45124
53428
59948
