Latencies
5022
5024
5032
5050
5062
5082
5086
5086
5098
5104
5108
5110
5112
5118
5118
5118
5120
5120
5122
5126
5132
5132
5136
5138
5140
5140
5140
5142
5142
5142
5144
5144
5150
5152
5152
5154
5156
5156
5156
5156
5158
5162
5162
5166
5168
5172
5172
5174
5174
5176
5178
5178
5178
5178
5178
5180
5182
5182
5182
5182
5182
5182
5184
5186
5186
5186
5188
5188
5190
5190
5190
5190
5190
5192
5192
5192
5192
5192
5194
5196
5196
5196
5196
5198
5198
5198
5198
5200
5200
5200
5200
5202
5202
5204
5204
5204
5204
5204
5206
5206
5208
5208
5208
5208
5208
5208
5210
5210
5210
5210
5210
5212
5214
5214
5214
5216
5216
5216
5218
5218
5220
5220
5222
5222
5222
5224
5226
5228
5228
5228
5230
5230
5232
5232
5232
5232
5232
5234
5234
5234
5234
5234
5236
5236
5236
5236
5236
5240
5242
5242
5242
5242
5242
5244
5246
5246
5246
5246
5246
5248
5248
5248
5248
5248
5250
5250
5252
5252
5252
5252
5252
5252
5252
5254
5254
5254
5254
5256
5256
5256
5258
5258
5258
5258
5258
5258
5260
5260
5260
5260
5262
5264
5264
5266
5266
5266
5266
5268
5268
5268
5268
5268
5268
5268
5268
5270
5270
5270
5270
5270
5270
5272
5272
5272
5274
5274
5274
5276
5276
5276
5276
5276
5276
5278
5278
5278
5278
5278
5280
5282
5282
5282
5282
5284
5284
5284
5284
5284
5286
5286
5286
5286
5286
5286
5286
5286
5288
5288
5292
5294
5294
5294
5296
5296
5296
5298
5298
5300
5300
5302
5304
5306
5306
5306
5306
5308
5308
5310
5310
5310
5310
5310
5310
5310
5314
5316
5316
5316
5318
5318
5320
5322
5324
5324
5324
5326
5326
5328
5328
5328
5330
5330
5330
5330
5330
5332
5332
5332
5332
5332
5332
5334
5334
5334
5334
5336
5336
5336
5336
5338
5338
5338
5340
5342
5342
5342
5344
5344
5344
5344
5346
5346
5346
5348
5348
5350
5350
5350
5350
5350
5352
5352
5352
5352
5354
5354
5356
5356
5356
5356
5358
5358
5358
5358
5358
5358
5358
5358
5358
5358
5358
5360
5360
5360
5360
5360
5362
5362
5362
5362
5362
5364
5364
5364
5364
5364
5368
5370
5370
5372
5372
5372
5374
5374
5374
5374
5376
5376
5376
5378
5378
5378
5378
5378
5380
5382
5382
5382
5382
5386
5388
5390
5390
5394
5394
5396
5398
5398
5398
5400
5400
5400
5400
5400
5400
5400
5400
5402
5402
5402
5404
5404
5404
5406
5406
5406
5406
5410
5410
5412
5412
5412
5412
5414
5416
5416
5416
5416
5416
5416
5416
5418
5418
5418
5420
5422
5424
5424
5426
5428
5430
5430
5430
5432
5432
5434
5434
5436
5436
5436
5436
5436
5438
5442
5442
5442
5444
5444
5444
5446
5446
5446
5446
5448
5448
5450
5450
5452
5452
5452
5454
5456
5456
5456
5456
5456
5458
5458
5460
5460
5464
5466
5468
5468
5468
5470
5470
5470
5472
5472
5472
5472
5474
5476
5476
5476
5476
5478
5478
5478
5480
5480
5480
5480
5482
5482
5482
5484
5486
5488
5490
5498
5498
5498
5500
5500
5500
5500
5502
5506
5506
5508
5508
5508
5510
5512
5512
5512
5512
5514
5514
5516
5516
5516
5518
5520
5522
5522
5522
5524
5526
5526
5526
5526
5526
5526
5528
5528
5530
5530
5534
5534
5536
5540
5540
5542
5542
5542
5542
5546
5546
5546
5548
5550
5554
5554
5556
5556
5556
5558
5558
5558
5562
5564
5566
5568
5570
5572
5576
5576
5580
5580
5582
5582
5586
5586
5588
5590
5590
5592
5592
5594
5594
5594
5594
5594
5596
5598
5598
5604
5604
5606
5610
5610
5610
5612
5616
5616
5618
5620
5622
5622
5624
5626
5626
5628
5628
5628
5628
5630
5634
5634
5638
5642
5642
5646
5646
5650
5654
5654
5654
5654
5654
5660
5660
5662
5668
5670
5672
5672
5674
5676
5678
5678
5680
5680
5682
5684
5686
5686
5688
5688
5690
5690
5690
5690
5690
5692
5696
5696
5700
5704
5708
5714
5714
5716
5716
5720
5724
5728
5728
5728
5728
5730
5734
5736
5736
5738
5742
5742
5742
5746
5750
5752
5752
5752
5756
5756
5758
5762
5766
5770
5770
5772
5778
5778
5784
5788
5788
5790
5792
5794
5798
5798
5800
5804
5806
5806
5806
5806
5812
5816
5818
5820
5820
5826
5826
5828
5830
5832
5836
5838
5838
5838
5840
5842
5846
5846
5846
5848
5848
5854
5856
5858
5860
5860
5860
5860
5862
5862
5862
5868
5868
5870
5872
5874
5874
5880
5880
5880
5884
5886
5888
5888
5888
5896
5898
5898
5902
5902
5902
5910
5914
5916
5916
5922
5922
5928
5928
5930
5930
5932
5934
5936
5938
5940
5942
5954
5970
5970
5972
5974
5978
5982
5984
5984
5986
5986
5988
5996
5998
6000
6010
6012
6018
6024
6024
6026
6028
6034
6036
6036
6038
6040
6042
6042
6042
6042
6046
6046
6048
6050
6056
6056
6058
6070
6070
6072
6072
6086
6086
6090
6092
6092
6096
6102
6104
6110
6112
6112
6114
6118
6122
6130
6132
6132
6136
6152
6154
6158
6162
6164
6164
6186
6190
6196
6196
6202
6206
6208
6218
6220
6220
6222
6234
6240
6242
6244
6256
6258
6270
6270
6274
6276
6280
6288
6288
6298
6302
6316
6324
6328
6356
6362
6364
6386
6390
6398
6416
6424
6430
6524
6538
6590
6592
6610
6616
6706
6712
6938
6982
6982
7008
7038
7066
7070
7108
7122
7148
7188
7198
7212
7270
7392
7406
7786
7818
8032
8050
8216
8312
8652
9218
9414
9780
10006
10140
10626
10892
10930
11018
11228
11272
12068
12140
12558
13298
13442
13474
13898
14342
14778
14798
15102
15236
15464
15578
15794
16200
16684
16708
16754
17130
17320
17638
18092
18118
18160
18482
18940
18948
19264
19354
19734
20444
21400
23366
24212
24526
27106
28400
29422
30814
31232
32050
34848
35906
42710
49972
55450
81218
