Latencies
4970
4994
5002
5008
5018
5018
5018
5024
5024
5026
5026
5026
5026
5028
5030
5038
5040
5044
5046
5050
5050
5052
5058
5064
5064
5064
5066
5066
5068
5070
5072
5074
5076
5078
5082
5084
5084
5086
5086
5090
5090
5092
5092
5096
5098
5100
5100
5102
5104
5104
5104
5106
5106
5106
5108
5108
5112
5114
5116
5116
5116
5118
5120
5120
5120
5120
5120
5122
5126
5126
5126
5130
5130
5136
5136
5136
5138
5138
5138
5144
5150
5150
5152
5152
5154
5154
5156
5156
5156
5158
5158
5158
5160
5160
5160
5164
5164
5164
5164
5166
5168
5168
5170
5170
5170
5172
5172
5174
5176
5176
5176
5176
5178
5178
5178
5180
5180
5182
5182
5182
5184
5184
5184
5186
5186
5186
5190
5190
5190
5190
5190
5192
5192
5192
5192
5192
5192
5194
5196
5196
5196
5198
5198
5198
5198
5200
5200
5200
5200
5200
5200
5200
5202
5202
5204
5204
5208
5208
5208
5210
5210
5210
5210
5212
5212
5214
5214
5214
5214
5214
5214
5216
5216
5216
5216
5218
5218
5218
5218
5220
5220
5220
5220
5220
5222
5224
5224
5224
5224
5224
5224
5226
5226
5226
5228
5228
5228
5228
5228
5230
5230
5230
5230
5230
5230
5232
5232
5232
5232
5232
5232
5232
5234
5234
5234
5234
5234
5234
5234
5234
5234
5234
5234
5234
5236
5236
5236
5236
5236
5236
5236
5236
5238
5238
5238
5238
5238
5238
5238
5238
5240
5240
5240
5240
5240
5242
5242
5242
5242
5244
5244
5244
5244
5244
5244
5246
5246
5246
5248
5248
5250
5250
5250
5250
5252
5252
5252
5252
5252
5252
5254
5256
5256
5256
5258
5258
5258
5260
5260
5260
5260
5260
5262
5262
5262
5262
5264
5266
5268
5268
5270
5272
5272
5272
5272
5274
5276
5276
5276
5276
5278
5278
5280
5280
5282
5282
5282
5284
5286
5286
5288
5288
5288
5290
5290
5292
5294
5296
5296
5298
5298
5298
5298
5298
5300
5300
5300
5302
5302
5302
5302
5304
5304
5304
5304
5304
5306
5306
5308
5308
5310
5310
5312
5314
5314
5316
5316
5316
5318
5318
5322
5322
5322
5324
5324
5326
5326
5326
5326
5328
5328
5328
5330
5330
5332
5334
5334
5338
5338
5344
5346
5350
5350
5350
5354
5354
5354
5356
5358
5358
5358
5360
5360
5362
5362
5362
5364
5366
5366
5366
5366
5366
5366
5368
5370
5370
5370
5372
5374
5374
5374
5376
5376
5378
5382
5384
5384
5390
5390
5394
5396
5398
5398
5400
5400
5402
5402
5402
5402
5404
5404
5408
5410
5414
5414
5416
5416
5418
5418
5418
5420
5420
5420
5422
5422
5424
5424
5424
5426
5428
5428
5428
5438
5440
5442
5444
5444
5446
5446
5446
5446
5448
5452
5456
5456
5458
5460
5462
5462
5462
5466
5466
5466
5466
5470
5472
5472
5472
5472
5474
5476
5476
5476
5476
5478
5478
5480
5480
5480
5480
5484
5486
5486
5490
5492
5496
5498
5500
5500
5502
5502
5506
5506
5506
5508
5508
5512
5514
5514
5516
5516
5518
5520
5520
5520
5522
5524
5526
5528
5528
5528
5528
5530
5530
5534
5536
5536
5538
5540
5542
5556
5558
5558
5560
5560
5560
5560
5560
5562
5562
5566
5568
5570
5574
5576
5576
5582
5582
5582
5584
5584
5584
5586
5588
5588
5588
5590
5590
5594
5600
5602
5604
5604
5604
5606
5608
5610
5610
5610
5612
5618
5618
5620
5622
5624
5628
5628
5630
5630
5632
5634
5636
5636
5638
5640
5640
5642
5642
5644
5648
5648
5648
5650
5652
5652
5656
5658
5658
5658
5660
5664
5666
5670
5672
5674
5680
5680
5690
5692
5692
5694
5696
5696
5696
5704
5706
5706
5714
5714
5716
5720
5724
5724
5724
5726
5726
5728
5730
5736
5740
5742
5742
5744
5746
5746
5748
5750
5752
5754
5760
5760
5760
5762
5764
5766
5768
5770
5770
5776
5778
5778
5782
5788
5788
5790
5790
5792
5792
5794
5796
5796
5798
5798
5800
5802
5806
5808
5810
5810
5812
5816
5820
5822
5822
5822
5826
5828
5828
5830
5836
5838
5838
5844
5848
5850
5852
5854
5854
5856
5856
5856
5858
5860
5860
5862
5864
5864
5864
5874
5874
5876
5878
5878
5882
5884
5886
5894
5896
5896
5904
5906
5910
5912
5914
5914
5916
5922
5922
5922
5922
5926
5928
5930
5932
5932
5932
5932
5936
5936
5942
5942
5942
5948
5950
5954
5958
5958
5958
5964
5964
5964
5964
5966
5966
5976
5976
5978
5980
5982
5984
5990
5992
5992
5994
5994
5994
6002
6014
6016
6034
6038
6040
6042
6044
6050
6050
6050
6054
6062
6064
6074
6076
6076
6082
6086
6098
6100
6104
6112
6112
6118
6130
6130
6136
6140
6160
6172
6174
6178
6188
6192
6196
6208
6224
6230
6232
6248
6264
6272
6274
6308
6318
6324
6330
6330
6336
6342
6354
6358
6372
6400
6400
6424
6426
6440
6452
6460
6466
6468
6470
6498
6512
6514
6520
6524
6558
6578
6632
6648
6652
6676
6680
6686
6706
6776
6784
6810
6814
6818
6934
6944
6962
6968
7026
7032
7042
7066
7076
7090
7090
7092
7098
7124
7154
7172
7200
7284
7322
7360
7408
7424
7446
7516
7516
7578
7600
7620
7680
7682
7770
8036
8042
8044
8184
8400
8500
8930
9016
9132
9422
9696
10158
10368
10654
10682
10770
11074
13684
13854
13914
14090
14302
14450
14736
15548
15738
16054
16122
16354
16466
16782
17134
17274
18066
18300
19376
19672
19974
19986
20338
20586
21052
21920
22620
22796
23200
24330
24452
24734
24920
25022
25024
25184
25740
25778
25858
26098
26548
26710
26832
27612
28298
29344
29678
30024
30560
31210
31664
32398
32808
33122
34466
35154
35620
39072
43642
51250
52500
75632
