Latencies
5020
5088
5092
5094
5094
5098
5114
5122
5122
5130
5132
5132
5132
5136
5140
5142
5144
5144
5148
5150
5150
5152
5152
5154
5154
5156
5158
5158
5160
5160
5162
5164
5166
5166
5170
5172
5174
5176
5176
5178
5178
5180
5180
5182
5184
5184
5186
5186
5186
5186
5188
5188
5188
5190
5192
5194
5198
5198
5198
5200
5200
5200
5202
5204
5208
5208
5208
5208
5210
5210
5210
5212
5212
5212
5212
5212
5212
5214
5214
5216
5216
5216
5218
5218
5220
5222
5222
5222
5222
5222
5224
5224
5224
5226
5226
5226
5226
5226
5228
5228
5228
5228
5230
5230
5232
5232
5232
5234
5234
5238
5238
5238
5240
5240
5240
5240
5240
5242
5242
5242
5242
5242
5242
5244
5244
5246
5246
5246
5246
5246
5248
5248
5250
5250
5250
5250
5250
5250
5252
5252
5252
5254
5254
5254
5254
5256
5256
5256
5256
5258
5258
5258
5258
5260
5260
5260
5260
5260
5262
5264
5264
5266
5266
5268
5268
5268
5268
5270
5270
5270
5274
5274
5274
5274
5274
5274
5276
5276
5280
5282
5282
5282
5286
5286
5286
5286
5288
5288
5288
5288
5290
5290
5290
5292
5292
5292
5292
5294
5294
5294
5296
5296
5298
5298
5298
5298
5300
5300
5300
5302
5304
5304
5306
5306
5306
5306
5306
5306
5308
5308
5310
5310
5310
5310
5310
5312
5312
5312
5314
5316
5316
5316
5318
5318
5318
5318
5320
5320
5320
5320
5320
5320
5320
5322
5324
5324
5324
5326
5326
5328
5328
5328
5330
5332
5332
5332
5332
5334
5336
5336
5338
5338
5338
5338
5340
5340
5342
5342
5342
5344
5344
5346
5348
5348
5348
5350
5350
5350
5352
5352
5352
5354
5354
5354
5354
5354
5354
5354
5354
5356
5356
5358
5358
5360
5360
5360
5360
5360
5360
5360
5360
5360
5362
5362
5362
5364
5364
5364
5364
5364
5364
5366
5368
5368
5368
5368
5368
5368
5370
5370
5370
5370
5372
5372
5372
5372
5372
5374
5374
5374
5376
5376
5376
5378
5378
5378
5378
5378
5378
5380
5380
5380
5382
5382
5382
5384
5384
5384
5384
5386
5386
5388
5388
5390
5390
5390
5390
5392
5394
5394
5394
5394
5394
5396
5396
5396
5396
5396
5396
5396
5398
5398
5398
5400
5400
5402
5402
5402
5402
5402
5404
5404
5404
5406
5406
5406
5406
5408
5408
5408
5410
5412
5412
5412
5414
5414
5414
5416
5416
5416
5416
5418
5420
5420
5422
5426
5428
5428
5428
5430
5432
5434
5434
5434
5436
5436
5440
5440
5442
5442
5444
5446
5446
5448
5448
5448
5450
5450
5452
5452
5452
5452
5452
5454
5454
5458
5460
5460
5460
5460
5462
5462
5466
5466
5470
5470
5470
5472
5474
5476
5478
5478
5482
5482
5482
5482
5484
5484
5484
5486
5490
5492
5494
5494
5496
5498
5498
5500
5500
5500
5500
5502
5504
5504
5506
5508
5508
5508
5510
5512
5516
5516
5516
5518
5522
5522
5522
5524
5524
5526
5526
5528
5530
5532
5534
5534
5538
5538
5540
5540
5542
5542
5542
5544
5544
5544
5546
5546
5550
5552
5552
5556
5556
5556
5558
5558
5558
5560
5560
5566
5566
5568
5568
5568
5572
5574
5576
5576
5578
5578
5578
5580
5582
5582
5582
5584
5584
5586
5590
5590
5590
5590
5596
5598
5600
5602
5604
5606
5608
5608
5610
5612
5612
5614
5614
5616
5616
5616
5618
5622
5622
5622
5626
5626
5628
5628
5628
5630
5634
5634
5634
5636
5638
5640
5642
5642
5642
5642
5642
5644
5644
5644
5646
5646
5646
5648
5650
5650
5654
5654
5654
5654
5656
5656
5656
5658
5660
5660
5660
5660
5662
5664
5664
5666
5668
5672
5674
5678
5682
5682
5684
5684
5684
5686
5686
5688
5690
5694
5696
5696
5700
5706
5706
5706
5708
5712
5712
5712
5714
5716
5720
5722
5722
5728
5728
5728
5730
5732
5736
5738
5738
5738
5740
5740
5740
5744
5746
5748
5748
5748
5750
5752
5756
5760
5760
5764
5766
5770
5770
5772
5772
5774
5778
5780
5786
5786
5786
5786
5786
5790
5790
5790
5792
5794
5796
5796
5800
5800
5802
5810
5812
5812
5812
5812
5814
5816
5816
5816
5816
5820
5820
5822
5828
5830
5830
5836
5838
5840
5840
5840
5844
5844
5844
5844
5846
5848
5848
5848
5850
5850
5854
5856
5856
5856
5856
5860
5860
5862
5862
5864
5874
5876
5876
5876
5876
5878
5878
5880
5880
5890
5890
5892
5892
5892
5894
5894
5896
5896
5898
5900
5904
5904
5910
5910
5916
5916
5922
5928
5928
5928
5930
5938
5942
5942
5944
5944
5948
5958
5958
5960
5964
5966
5968
5970
5972
5972
5974
5976
5976
5978
5986
5988
5988
5998
6000
6006
6008
6012
6012
6014
6022
6022
6028
6036
6056
6068
6070
6070
6076
6084
6088
6108
6114
6114
6116
6126
6128
6128
6132
6132
6132
6138
6150
6166
6168
6176
6176
6186
6188
6188
6190
6196
6200
6208
6212
6212
6216
6240
6248
6248
6262
6262
6272
6282
6282
6302
6304
6316
6324
6326
6332
6334
6336
6340
6344
6344
6350
6360
6362
6362
6362
6366
6370
6374
6374
6374
6384
6392
6396
6400
6404
6422
6436
6442
6452
6506
6534
6556
6598
6612
6666
6674
6682
6838
6858
6906
6922
6936
6952
6964
7110
7112
7118
7128
7134
7176
7190
7212
7212
7216
7222
7288
7290
7300
7308
7310
7356
7360
7368
7444
7452
7462
7464
7470
7488
7498
7502
7534
7534
7554
7556
7632
7724
7758
7776
7818
7836
7884
8172
8288
8628
8926
9252
9400
9452
9576
9910
10942
14042
14920
16206
16548
16698
17018
18430
22134
23456
23878
24916
26480
28750
29084
32230
33854
33902
34256
35384
35620
38052
79576
