Latencies
5332
5350
5362
5368
5384
5384
5388
5390
5394
5398
5402
5410
5416
5420
5424
5424
5426
5426
5426
5428
5440
5448
5450
5450
5454
5456
5474
5474
5474
5476
5478
5478
5480
5480
5482
5488
5488
5490
5494
5510
5516
5516
5518
5520
5522
5522
5522
5528
5528
5528
5530
5536
5538
5538
5538
5542
5542
5546
5546
5546
5548
5548
5550
5550
5560
5562
5562
5564
5566
5566
5576
5582
5586
5590
5590
5598
5600
5602
5602
5608
5612
5618
5620
5620
5630
5634
5636
5644
5644
5644
5654
5654
5658
5664
5668
5668
5672
5680
5690
5696
5698
5700
5706
5710
5712
5716
5718
5724
5728
5734
5734
5746
5752
5754
5758
5760
5764
5766
5766
5778
5780
5798
5802
5802
5804
5810
5810
5814
5818
5832
5834
5838
5840
5842
5846
5848
5850
5860
5864
5864
5872
5874
5876
5880
5882
5882
5886
5888
5892
5892
5892
5900
5904
5906
5908
5914
5916
5924
5924
5926
5926
5932
5934
5934
5944
5948
5950
5950
5964
5972
5974
5980
5988
5988
5988
5990
5992
5994
6002
6008
6010
6018
6024
6036
6042
6048
6056
6056
6058
6058
6062
6066
6088
6106
6108
6110
6114
6132
6136
6136
6138
6140
6140
6142
6144
6144
6152
6154
6168
6174
6182
6188
6188
6190
6198
6200
6200
6202
6208
6212
6216
6222
6222
6222
6240
6244
6246
6254
6268
6280
6284
6284
6286
6322
6324
6326
6330
6332
6344
6352
6372
6376
6432
6452
6468
6472
6480
6484
6502
6512
6518
6556
6576
6580
6616
6624
6628
6630
6638
6638
6686
6686
6692
6696
6710
6712
6742
6750
6762
6768
6770
6774
6778
6782
6790
6816
6842
6844
6854
6868
6884
6908
6914
6986
6992
6994
7004
7006
7040
7066
7070
7092
7104
7114
7156
7172
7176
7182
7240
7240
7292
7292
7342
7350
7356
7386
7400
7408
7416
7424
7454
7468
7476
7498
7508
7520
7560
7584
7588
7604
7612
7614
7616
7624
7638
7646
7694
7708
7730
7740
7750
7764
7800
7820
7850
7856
7858
7904
7912
7944
7946
7974
7998
8000
8002
8030
8036
8042
8048
8072
8082
8100
8128
8138
8152
8208
8222
8284
8332
8360
8362
8380
8392
8392
8396
8414
8450
8452
8460
8466
8468
8470
8478
8486
8522
8548
8562
8612
8618
8644
8658
8692
8714
8718
8748
8758
8764
8780
8784
8828
8836
8860
8868
8890
8892
8928
8968
8980
8984
9000
9000
9020
9040
9050
9070
9080
9086
9100
9102
9168
9168
9172
9196
9244
9246
9268
9320
9324
9368
9424
9436
9446
9472
9488
9518
9536
9538
9586
9590
9594
9670
9700
9700
9730
9734
9758
9766
9784
9790
9842
9898
9898
9930
9948
9950
9958
9976
10008
10016
10062
10062
10088
10138
10178
10230
10240
10242
10262
10294
10328
10330
10332
10336
10348
10368
10414
10414
10432
10432
10438
10456
10456
10466
10472
10502
10510
10528
10532
10548
10550
10554
10576
10604
10612
10628
10662
10678
10696
10706
10712
10752
10762
10786
10814
10828
10830
10838
10850
10860
10866
10870
10876
10884
10914
10916
10938
10956
10956
11004
11024
11042
11042
11050
11052
11080
11132
11132
11166
11168
11176
11188
11200
11248
11250
11260
11286
11294
11298
11312
11352
11366
11388
11426
11456
11476
11484
11496
11500
11540
11546
11566
11578
11578
11582
11592
11656
11702
11712
11722
11748
11796
11802
11804
11804
11838
11850
11854
11856
11866
11898
11970
12042
12048
12066
12080
12082
12084
12116
12118
12160
12196
12258
12282
12298
12322
12342
12356
12360
12430
12464
12468
12482
12492
12508
12526
12532
12556
12566
12624
12634
12642
12648
12670
12670
12696
12700
12712
12808
12818
12824
12858
12894
12944
12948
12948
12996
13018
13036
13038
13202
13204
13230
13310
13352
13356
13362
13376
13396
13402
13416
13434
13438
13442
13454
13486
13518
13580
13580
13598
13610
13612
13646
13666
13682
13690
13718
13728
13762
13816
13852
13892
13892
13902
13906
13946
13948
13952
13964
13966
13996
14010
14022
14092
14102
14122
14144
14170
14182
14182
14194
14220
14226
14228
14228
14248
14264
14284
14290
14294
14294
14304
14340
14342
14354
14364
14372
14372
14386
14406
14410
14420
14456
14504
14504
14508
14520
14530
14534
14542
14544
14546
14546
14560
14562
14570
14590
14598
14598
14606
14612
14614
14624
14632
14644
14646
14648
14652
14658
14658
14662
14662
14664
14666
14670
14688
14690
14690
14702
14704
14710
14714
14714
14716
14718
14720
14734
14738
14750
14758
14766
14768
14770
14776
14780
14794
14802
14806
14808
14808
14812
14812
14812
14814
14814
14816
14818
14820
14822
14824
14826
14830
14830
14830
14852
14854
14860
14864
14868
14872
14876
14886
14888
14890
14892
14900
14902
14906
14910
14918
14920
14926
14928
14928
14942
14942
14944
14946
14948
14956
14960
14964
14966
14966
14972
14988
14990
14992
14994
14996
15002
15002
15006
15010
15012
15014
15020
15020
15022
15026
15034
15036
15042
15044
15044
15048
15054
15056
15058
15060
15070
15086
15102
15110
15122
15124
15126
15126
15128
15134
15138
15152
15158
15158
15158
15158
15158
15158
15160
15164
15164
15178
15180
15190
15196
15200
15206
15216
15250
15250
15254
15258
15260
15266
15268
15270
15278
15288
15294
15296
15300
15300
15300
15304
15308
15308
15312
15320
15324
15326
15326
15330
15334
15340
15350
15352
15356
15360
15364
15366
15366
15384
15388
15388
15404
15414
15414
15432
15440
15444
15444
15446
15452
15456
15458
15470
15470
15470
15470
15476
15482
15486
15504
15512
15518
15520
15532
15536
15566
15580
15586
15588
15606
15606
15612
15614
15622
15624
15632
15632
15642
15644
15646
15648
15654
15674
15708
15716
15724
15734
15748
15764
15782
15800
15802
15808
15830
15834
15864
15874
15898
15906
15912
15932
15966
15982
16120
16250
16262
16266
16338
16436
16504
16552
16558
16624
16644
17508
17570
18710
19006
19590
19842
20090
20332
22386
22446
22858
22920
22984
23392
23544
23624
23880
24130
24160
24176
24190
24348
24428
24530
24572
24632
24732
24762
24844
25174
25250
25374
25398
25550
25632
25706
25742
25914
26122
26342
28712
33928
34638
34868
35322
35798
38162
50472
193730
214268
273880
934384
1474854
1843108
