Latencies
5214
5264
5266
5266
5280
5290
5296
5306
5312
5316
5318
5324
5324
5328
5332
5332
5332
5334
5336
5336
5344
5346
5346
5346
5346
5348
5350
5354
5354
5356
5366
5368
5376
5376
5388
5390
5392
5392
5400
5406
5408
5410
5416
5418
5420
5424
5426
5430
5434
5438
5440
5442
5442
5444
5446
5450
5452
5454
5454
5454
5456
5458
5458
5460
5462
5462
5462
5464
5468
5474
5474
5476
5476
5476
5482
5486
5490
5494
5496
5500
5502
5504
5506
5506
5510
5514
5516
5520
5522
5522
5522
5526
5526
5526
5528
5532
5538
5544
5546
5550
5552
5552
5560
5562
5572
5574
5576
5578
5584
5586
5588
5594
5610
5616
5622
5624
5624
5624
5628
5630
5630
5634
5640
5644
5650
5650
5654
5656
5666
5670
5672
5674
5676
5688
5688
5692
5696
5706
5712
5716
5718
5718
5720
5724
5732
5740
5748
5748
5748
5752
5754
5760
5762
5770
5774
5776
5776
5780
5782
5782
5786
5790
5794
5794
5798
5802
5802
5804
5808
5808
5816
5820
5820
5824
5836
5836
5842
5846
5846
5850
5850
5854
5854
5856
5872
5876
5880
5884
5900
5904
5906
5908
5908
5910
5912
5912
5914
5926
5934
5934
5936
5944
5946
5954
5956
5956
5960
5966
5970
5986
6000
6000
6002
6016
6022
6028
6036
6042
6056
6056
6058
6062
6064
6070
6072
6072
6076
6078
6080
6082
6088
6102
6110
6120
6138
6142
6142
6144
6146
6150
6158
6168
6170
6174
6176
6176
6182
6188
6192
6200
6206
6210
6222
6234
6242
6246
6258
6260
6266
6266
6268
6282
6290
6292
6294
6294
6294
6304
6318
6318
6326
6342
6346
6350
6362
6380
6382
6392
6394
6410
6418
6420
6426
6440
6442
6444
6458
6460
6470
6474
6474
6476
6486
6502
6502
6516
6516
6522
6526
6530
6542
6556
6584
6592
6610
6632
6652
6654
6672
6682
6684
6694
6702
6704
6744
6746
6758
6766
6780
6794
6796
6802
6810
6816
6838
6846
6850
6850
6856
6860
6866
6870
6870
6896
6910
6928
6942
6948
7016
7068
7102
7116
7122
7128
7130
7162
7164
7180
7224
7226
7228
7232
7240
7252
7280
7282
7290
7294
7318
7344
7348
7352
7358
7360
7410
7418
7446
7450
7452
7464
7492
7526
7526
7532
7534
7548
7552
7558
7562
7582
7606
7620
7634
7654
7690
7700
7708
7714
7748
7752
7766
7800
7810
7830
7836
7850
7858
7866
7900
7932
7940
7952
7980
7988
7990
8008
8012
8032
8044
8106
8116
8126
8130
8144
8152
8164
8172
8176
8182
8194
8202
8218
8224
8242
8310
8336
8356
8386
8402
8404
8406
8410
8414
8422
8430
8450
8458
8480
8512
8524
8530
8534
8540
8554
8558
8600
8616
8620
8630
8656
8686
8696
8698
8700
8718
8782
8786
8796
8802
8822
8830
8834
8846
8864
8908
8986
8990
9006
9010
9082
9106
9118
9118
9156
9188
9196
9220
9224
9246
9274
9278
9278
9292
9300
9306
9306
9318
9340
9344
9384
9396
9444
9474
9480
9536
9548
9554
9564
9590
9598
9598
9606
9620
9646
9656
9664
9670
9678
9726
9730
9742
9758
9768
9782
9786
9790
9800
9808
9816
9832
9852
9876
9886
9942
9944
9990
9992
10008
10028
10088
10096
10120
10146
10170
10180
10180
10194
10196
10198
10222
10228
10242
10274
10274
10314
10314
10316
10334
10346
10366
10366
10378
10378
10414
10416
10438
10448
10468
10468
10474
10508
10520
10528
10548
10554
10558
10570
10592
10606
10622
10622
10652
10740
10756
10760
10764
10778
10786
10834
10868
10882
10892
10910
10916
10924
10944
10946
10954
10966
10972
10992
11054
11062
11066
11082
11102
11180
11190
11202
11252
11262
11280
11284
11290
11322
11330
11346
11348
11366
11386
11408
11420
11438
11466
11480
11504
11580
11582
11586
11598
11624
11632
11642
11648
11668
11686
11702
11710
11724
11732
11746
11752
11758
11762
11774
11824
11828
11832
11876
11920
11930
11960
11970
11998
12030
12116
12134
12148
12152
12152
12154
12162
12172
12196
12218
12244
12252
12322
12350
12392
12392
12458
12468
12484
12490
12492
12502
12502
12516
12516
12544
12590
12612
12644
12686
12692
12720
12746
12796
12800
12806
12846
12858
12902
12908
12932
12936
12952
12952
12962
12996
13030
13038
13064
13070
13080
13086
13104
13110
13156
13174
13174
13186
13200
13222
13230
13252
13260
13304
13304
13312
13324
13330
13366
13388
13388
13390
13394
13396
13420
13426
13428
13458
13476
13482
13502
13510
13518
13524
13534
13572
13582
13598
13612
13656
13660
13670
13674
13688
13714
13740
13740
13780
13784
13816
13828
13840
13842
13886
13886
13890
13904
13912
13926
13952
14058
14060
14064
14080
14090
14104
14126
14140
14142
14142
14160
14176
14198
14198
14212
14214
14216
14242
14254
14294
14318
14358
14362
14380
14418
14418
14430
14436
14436
14460
14476
14500
14504
14508
14538
14564
14602
14606
14624
14632
14642
14650
14658
14676
14688
14702
14714
14714
14730
14766
14766
14772
14778
14796
14810
14812
14812
14818
14818
14820
14824
14832
14834
14840
14872
14872
14876
14900
14904
14914
14926
14930
14936
14966
14976
14982
14986
14988
14992
14998
15002
15020
15030
15030
15038
15042
15054
15054
15062
15068
15076
15080
15096
15108
15118
15120
15142
15146
15150
15158
15174
15176
15190
15194
15200
15200
15202
15212
15218
15220
15222
15222
15230
15234
15242
15248
15256
15270
15290
15292
15298
15304
15318
15318
15326
15356
15366
15386
15428
15464
15466
15472
15502
15516
15518
15520
15522
15538
15570
15606
15612
15616
15620
15634
15638
15646
15656
15676
15690
15720
15774
15778
15822
15824
15834
15872
15888
15920
15960
15968
15968
15972
15976
16084
16150
16260
16312
16348
16468
17632
17896
18092
18608
19802
21888
22866
23060
23422
23822
24214
24312
24530
24662
25084
25226
25708
25820
26628
34204
34598
35252
36054
37372
50202
221058
731570
