Latencies
5202
5244
5246
5258
5282
5298
5300
5304
5326
5326
5328
5328
5330
5330
5334
5348
5350
5354
5364
5370
5394
5396
5404
5412
5416
5418
5422
5422
5426
5428
5448
5458
5458
5458
5462
5470
5484
5484
5492
5492
5494
5496
5498
5504
5508
5514
5520
5524
5524
5526
5558
5566
5568
5576
5576
5584
5586
5586
5594
5602
5604
5624
5628
5632
5634
5636
5640
5650
5652
5652
5654
5658
5666
5680
5680
5682
5688
5692
5694
5696
5704
5712
5714
5716
5720
5720
5730
5734
5740
5742
5744
5750
5758
5760
5770
5794
5800
5816
5816
5816
5830
5836
5840
5842
5848
5850
5862
5866
5872
5876
5878
5882
5886
5890
5892
5896
5898
5898
5912
5932
5936
5942
5954
5958
5964
5964
5986
5996
6000
6034
6052
6068
6068
6068
6084
6098
6098
6106
6106
6110
6110
6122
6124
6136
6160
6160
6170
6184
6188
6194
6204
6208
6234
6236
6250
6256
6260
6266
6282
6290
6302
6310
6318
6320
6324
6326
6334
6334
6340
6342
6368
6408
6410
6412
6420
6424
6424
6432
6450
6456
6464
6470
6470
6472
6494
6514
6524
6524
6530
6534
6556
6574
6590
6592
6602
6624
6636
6648
6656
6676
6680
6708
6712
6720
6750
6760
6792
6822
6824
6840
6868
6900
6920
6944
6946
6962
7002
7018
7026
7034
7036
7050
7062
7062
7088
7090
7104
7106
7116
7124
7136
7166
7184
7220
7230
7236
7292
7304
7312
7322
7332
7346
7348
7356
7358
7404
7434
7456
7460
7480
7530
7532
7542
7570
7576
7586
7612
7614
7614
7640
7660
7666
7666
7678
7684
7696
7700
7702
7706
7710
7730
7736
7760
7764
7790
7800
7814
7850
7866
7890
7892
7914
7934
7936
7956
7966
7978
8018
8030
8032
8046
8076
8110
8116
8152
8158
8160
8186
8200
8208
8220
8230
8238
8254
8270
8278
8282
8286
8302
8320
8332
8358
8416
8416
8418
8432
8500
8502
8510
8540
8552
8556
8566
8590
8606
8630
8646
8682
8700
8706
8722
8728
8766
8790
8824
8832
8846
8852
8864
8872
8906
8914
8970
8988
8996
8996
8998
9018
9078
9100
9128
9134
9134
9176
9188
9206
9208
9222
9232
9276
9344
9348
9358
9374
9400
9410
9414
9420
9422
9428
9432
9448
9470
9470
9576
9606
9628
9664
9666
9680
9700
9704
9740
9746
9760
9778
9794
9800
9816
9844
9852
9892
9906
9954
9954
9966
9974
9988
10000
10004
10014
10052
10070
10078
10092
10096
10100
10128
10134
10154
10164
10168
10172
10206
10214
10220
10222
10226
10242
10248
10262
10300
10304
10342
10364
10382
10386
10386
10390
10414
10422
10440
10456
10468
10498
10502
10530
10538
10544
10572
10596
10656
10676
10680
10682
10690
10706
10738
10746
10754
10788
10792
10804
10820
10822
10850
10892
10896
10898
10902
10906
10910
10922
10944
10968
10968
10984
10992
10994
11036
11056
11062
11078
11098
11114
11122
11152
11190
11202
11236
11238
11238
11324
11354
11370
11380
11434
11438
11448
11464
11466
11492
11520
11534
11546
11582
11592
11610
11610
11610
11622
11630
11636
11668
11710
11732
11734
11748
11762
11764
11770
11774
11794
11800
11808
11818
11864
11874
11874
11902
11924
11946
11960
11966
11968
11968
11994
11994
11996
12012
12042
12052
12092
12098
12124
12128
12130
12156
12158
12162
12170
12180
12190
12210
12216
12254
12284
12328
12376
12398
12410
12442
12470
12522
12572
12592
12608
12620
12626
12656
12712
12716
12718
12726
12770
12772
12838
12846
12846
12890
12910
12934
12944
12944
12974
13002
13002
13018
13024
13046
13072
13082
13106
13112
13128
13132
13136
13138
13148
13160
13188
13212
13222
13236
13244
13248
13262
13274
13282
13318
13322
13360
13366
13376
13406
13408
13482
13488
13504
13516
13530
13540
13586
13612
13636
13680
13688
13694
13696
13700
13700
13716
13722
13742
13748
13770
13786
13808
13816
13832
13854
13858
13860
13880
13930
13936
13946
13948
13976
13976
14008
14008
14034
14038
14060
14066
14104
14130
14148
14202
14210
14244
14244
14254
14264
14276
14314
14322
14396
14402
14404
14418
14418
14422
14428
14444
14454
14456
14464
14484
14486
14496
14500
14500
14504
14504
14510
14512
14524
14532
14538
14540
14542
14544
14556
14558
14560
14560
14560
14596
14602
14624
14626
14636
14636
14638
14650
14652
14656
14662
14666
14666
14678
14696
14696
14702
14702
14702
14712
14716
14718
14724
14726
14726
14726
14732
14732
14736
14736
14746
14754
14756
14758
14760
14764
14766
14776
14780
14780
14792
14794
14798
14798
14798
14808
14816
14820
14832
14836
14844
14848
14848
14850
14856
14856
14858
14864
14874
14876
14878
14878
14880
14886
14896
14896
14910
14918
14928
14934
14940
14944
14952
14954
14956
14958
14960
14968
14974
14978
14986
14990
14992
14992
14998
15000
15006
15020
15022
15026
15034
15036
15038
15046
15050
15052
15058
15072
15074
15078
15084
15086
15090
15096
15100
15106
15112
15118
15126
15132
15152
15152
15164
15164
15168
15170
15186
15188
15192
15198
15214
15216
15216
15242
15252
15258
15266
15272
15274
15274
15274
15274
15278
15288
15292
15298
15298
15302
15308
15314
15314
15318
15322
15328
15338
15348
15362
15362
15372
15378
15400
15412
15428
15440
15460
15462
15466
15488
15502
15502
15514
15526
15558
15568
15568
15604
15604
15628
15658
15662
15686
15706
15708
15742
15746
15822
15868
15878
15928
15976
15998
16070
16142
16252
16280
16570
16752
17142
17194
17506
17536
17576
17892
17930
18168
18524
19048
19472
19904
20216
20230
21106
21148
21170
21850
21884
22030
22066
22422
22636
22668
22888
23194
23586
23818
23828
23838
23862
23960
24016
24082
24190
24316
24348
24360
24398
24398
24644
24646
24662
24806
24860
24872
24938
25006
25070
25108
25216
25414
25634
25652
25802
25864
25956
26540
31366
33952
35242
37352
38556
4580850
