Latencies
5108
5112
5124
5126
5142
5168
5170
5172
5176
5180
5184
5188
5192
5212
5230
5234
5248
5252
5268
5268
5270
5270
5282
5282
5282
5288
5290
5298
5300
5306
5308
5310
5310
5320
5322
5322
5322
5326
5328
5332
5334
5334
5336
5342
5346
5346
5346
5350
5352
5352
5358
5362
5362
5362
5364
5364
5370
5370
5380
5380
5382
5382
5384
5394
5406
5408
5416
5418
5422
5422
5426
5428
5428
5430
5434
5440
5442
5442
5446
5446
5448
5456
5462
5468
5474
5476
5480
5484
5488
5490
5490
5492
5492
5498
5498
5512
5516
5524
5524
5524
5526
5528
5538
5544
5560
5562
5568
5578
5586
5590
5590
5594
5600
5604
5604
5626
5634
5636
5638
5644
5646
5646
5656
5670
5672
5674
5684
5690
5690
5692
5696
5696
5700
5706
5706
5714
5714
5718
5726
5728
5744
5750
5758
5764
5766
5774
5774
5778
5782
5788
5794
5802
5804
5808
5820
5828
5840
5842
5854
5856
5866
5866
5874
5878
5882
5898
5906
5916
5922
5928
5928
5932
5932
5934
5942
5942
5944
5948
5952
5960
5962
5972
5978
5986
5988
5994
6000
6000
6002
6032
6038
6038
6040
6054
6058
6062
6062
6066
6074
6074
6076
6082
6120
6126
6126
6126
6132
6134
6138
6146
6156
6162
6170
6204
6208
6220
6222
6232
6240
6242
6266
6274
6274
6280
6306
6320
6330
6346
6348
6362
6366
6390
6396
6400
6402
6404
6420
6430
6432
6436
6450
6468
6510
6512
6536
6562
6586
6590
6614
6624
6626
6628
6632
6640
6644
6666
6674
6684
6688
6696
6696
6706
6710
6710
6748
6752
6760
6794
6830
6834
6846
6862
6878
6878
6884
6924
6978
6998
7016
7038
7038
7040
7046
7062
7064
7076
7084
7088
7092
7110
7112
7134
7172
7176
7182
7198
7204
7234
7240
7266
7268
7272
7284
7288
7298
7310
7312
7324
7324
7328
7346
7354
7368
7374
7402
7408
7436
7446
7446
7466
7492
7534
7556
7592
7664
7718
7740
7770
7776
7792
7802
7812
7828
7834
7846
7854
7900
7914
7932
7944
7952
7952
7966
7976
7988
8000
8002
8034
8058
8084
8086
8090
8106
8124
8128
8178
8192
8204
8258
8266
8278
8302
8312
8324
8354
8400
8400
8428
8428
8434
8456
8456
8468
8472
8484
8492
8502
8520
8546
8568
8572
8596
8600
8614
8622
8642
8650
8672
8684
8694
8702
8758
8772
8794
8808
8814
8842
8848
8848
8876
8890
8910
8918
8918
8966
8998
9008
9018
9024
9028
9040
9044
9046
9060
9062
9066
9096
9102
9102
9116
9124
9128
9142
9178
9192
9208
9218
9230
9240
9250
9272
9274
9276
9280
9296
9324
9336
9368
9404
9414
9430
9448
9450
9462
9464
9480
9484
9512
9524
9562
9596
9614
9636
9636
9650
9698
9738
9750
9756
9768
9772
9784
9790
9790
9792
9858
9864
9896
9912
9930
9954
9958
9968
9986
9996
10008
10026
10076
10078
10080
10082
10082
10082
10090
10102
10104
10114
10132
10142
10150
10158
10196
10204
10226
10262
10288
10292
10324
10338
10338
10342
10350
10356
10368
10376
10396
10418
10426
10468
10474
10484
10486
10490
10516
10544
10568
10596
10624
10640
10654
10662
10672
10692
10730
10750
10752
10812
10834
10840
10842
10848
10864
10868
10870
10884
10914
10916
10928
10988
10994
11056
11088
11090
11090
11108
11132
11134
11168
11176
11182
11186
11192
11210
11230
11230
11254
11266
11282
11284
11292
11348
11370
11378
11380
11390
11396
11398
11418
11424
11440
11444
11462
11488
11504
11506
11552
11598
11606
11624
11654
11656
11680
11736
11748
11752
11808
11816
11852
11870
11876
11884
11888
11892
11896
11908
11926
11928
11954
11956
11986
12014
12034
12036
12042
12080
12094
12098
12102
12126
12156
12184
12200
12212
12230
12294
12296
12320
12336
12348
12350
12362
12364
12368
12374
12446
12460
12474
12504
12510
12516
12528
12544
12552
12560
12592
12606
12612
12624
12666
12692
12728
12768
12778
12810
12816
12822
12856
12856
12864
12864
12882
12888
12910
12912
12922
12962
12964
12964
12972
12980
13000
13024
13038
13052
13054
13066
13072
13090
13116
13124
13184
13188
13196
13200
13212
13212
13300
13312
13318
13330
13332
13344
13352
13376
13392
13402
13412
13414
13422
13438
13530
13530
13534
13550
13558
13574
13584
13604
13608
13636
13646
13648
13686
13700
13706
13706
13708
13726
13730
13752
13788
13822
13828
13834
13834
13840
13884
13886
13892
13904
13914
13914
13938
13948
13952
13972
14012
14014
14030
14038
14054
14076
14076
14080
14102
14102
14102
14116
14128
14152
14156
14166
14194
14252
14254
14256
14272
14284
14288
14298
14298
14314
14316
14326
14328
14330
14348
14360
14374
14382
14384
14388
14394
14404
14406
14416
14438
14442
14446
14452
14486
14492
14494
14504
14506
14518
14524
14524
14526
14526
14532
14544
14554
14556
14558
14566
14570
14570
14576
14580
14586
14596
14604
14606
14610
14630
14636
14644
14654
14662
14662
14664
14668
14684
14686
14692
14698
14712
14718
14722
14732
14736
14738
14738
14742
14746
14748
14750
14752
14754
14756
14760
14766
14772
14774
14774
14778
14778
14788
14790
14800
14802
14814
14816
14820
14824
14826
14832
14840
14846
14848
14860
14862
14866
14870
14872
14880
14884
14886
14892
14894
14902
14908
14912
14914
14926
14930
14932
14934
14938
14940
14940
14942
14942
14954
14958
14968
14968
14974
14980
14980
14980
14982
14984
15002
15010
15010
15016
15018
15022
15026
15032
15042
15058
15060
15066
15082
15088
15092
15092
15094
15096
15098
15106
15112
15116
15120
15128
15130
15142
15144
15146
15152
15154
15158
15158
15168
15170
15178
15178
15180
15192
15200
15202
15204
15208
15208
15210
15214
15216
15216
15218
15222
15224
15224
15226
15246
15260
15290
15296
15308
15314
15316
15324
15348
15388
15402
15426
15426
15432
15440
15444
15450
15460
15464
15466
15504
15510
15536
15552
15558
15574
15598
15612
15618
15626
15632
15642
15666
15682
15684
15710
15746
15768
15822
15840
15884
15950
15982
15994
16010
16066
16214
16302
17088
18154
18994
19134
20268
20648
21342
24550
24898
29252
31146
31368
31798
33972
34758
35108
35866
35874
36076
36662
41208
47212
50162
64362
259530
1392686
