Latencies
5142
5142
5148
5166
5174
5174
5182
5184
5184
5196
5200
5206
5206
5206
5206
5208
5212
5212
5214
5216
5222
5224
5224
5228
5230
5236
5236
5236
5238
5240
5242
5246
5248
5254
5254
5256
5260
5264
5266
5268
5270
5272
5274
5274
5278
5282
5284
5284
5288
5290
5290
5290
5290
5294
5296
5296
5298
5298
5298
5298
5298
5300
5300
5304
5304
5304
5304
5304
5304
5308
5308
5308
5308
5308
5310
5310
5310
5312
5312
5312
5314
5314
5314
5314
5314
5316
5318
5318
5320
5322
5322
5322
5324
5324
5324
5324
5324
5326
5326
5326
5328
5328
5328
5330
5330
5330
5330
5330
5332
5332
5332
5334
5336
5338
5338
5338
5338
5338
5340
5340
5344
5346
5346
5346
5348
5348
5348
5348
5350
5350
5350
5350
5350
5352
5352
5352
5354
5354
5354
5354
5354
5354
5356
5356
5356
5356
5356
5356
5356
5356
5358
5358
5358
5358
5360
5360
5362
5362
5362
5362
5362
5364
5364
5366
5366
5366
5366
5366
5368
5368
5368
5368
5370
5370
5370
5370
5370
5372
5372
5372
5372
5372
5372
5374
5374
5374
5374
5374
5376
5376
5376
5376
5378
5378
5378
5380
5380
5380
5380
5380
5382
5382
5382
5382
5384
5384
5384
5386
5386
5386
5386
5386
5386
5386
5386
5386
5388
5388
5388
5388
5390
5390
5390
5390
5390
5390
5390
5392
5392
5392
5392
5392
5394
5394
5394
5394
5394
5394
5394
5396
5396
5398
5398
5398
5400
5400
5400
5400
5400
5402
5402
5402
5402
5404
5404
5404
5404
5404
5404
5406
5406
5406
5406
5406
5406
5406
5408
5408
5408
5408
5410
5412
5412
5412
5414
5414
5414
5414
5414
5414
5414
5414
5414
5414
5414
5416
5416
5416
5416
5416
5416
5416
5416
5416
5418
5418
5418
5418
5418
5418
5420
5420
5422
5422
5424
5424
5424
5424
5424
5424
5426
5426
5428
5428
5428
5430
5430
5430
5430
5432
5432
5432
5432
5432
5432
5434
5434
5434
5434
5434
5434
5436
5436
5436
5436
5436
5436
5438
5438
5438
5438
5438
5438
5440
5442
5444
5444
5444
5446
5446
5448
5448
5450
5450
5450
5450
5450
5450
5450
5450
5450
5452
5452
5452
5452
5452
5452
5454
5456
5456
5456
5456
5458
5458
5458
5458
5460
5460
5460
5460
5462
5462
5462
5464
5464
5466
5466
5470
5470
5472
5472
5474
5474
5476
5476
5476
5480
5486
5486
5488
5488
5490
5490
5490
5490
5490
5490
5492
5492
5492
5492
5492
5492
5494
5496
5496
5498
5498
5498
5498
5498
5500
5500
5504
5506
5506
5506
5506
5508
5510
5512
5514
5514
5516
5516
5518
5518
5520
5520
5522
5524
5524
5524
5526
5526
5526
5526
5528
5530
5530
5530
5530
5532
5532
5532
5532
5536
5538
5538
5540
5540
5540
5542
5542
5542
5544
5544
5544
5544
5544
5546
5548
5550
5550
5550
5550
5550
5550
5550
5554
5554
5558
5558
5558
5558
5558
5560
5560
5562
5562
5564
5564
5566
5566
5568
5568
5572
5572
5572
5572
5574
5574
5576
5576
5580
5582
5584
5588
5588
5592
5596
5598
5602
5604
5606
5608
5612
5612
5612
5614
5614
5614
5614
5622
5624
5626
5634
5636
5636
5640
5640
5640
5642
5642
5642
5644
5646
5646
5648
5650
5652
5654
5656
5656
5658
5662
5662
5662
5664
5664
5664
5666
5666
5666
5668
5670
5672
5672
5672
5678
5680
5682
5682
5688
5690
5694
5696
5696
5698
5702
5702
5702
5706
5708
5708
5714
5716
5718
5722
5726
5730
5732
5734
5734
5734
5736
5736
5738
5738
5740
5740
5740
5742
5742
5744
5744
5746
5750
5752
5754
5754
5760
5770
5774
5778
5780
5780
5784
5786
5788
5790
5790
5796
5800
5800
5800
5802
5808
5808
5808
5810
5812
5812
5812
5816
5820
5820
5820
5824
5824
5830
5832
5834
5834
5840
5842
5844
5844
5846
5848
5850
5850
5852
5854
5856
5862
5864
5866
5868
5870
5876
5876
5880
5880
5882
5884
5886
5886
5888
5890
5890
5900
5904
5906
5906
5906
5910
5910
5924
5926
5926
5928
5928
5930
5932
5936
5938
5940
5940
5944
5946
5946
5946
5956
5958
5964
5966
5968
5984
5988
5996
5998
6004
6004
6004
6006
6010
6012
6014
6016
6016
6022
6034
6036
6046
6048
6054
6056
6058
6064
6066
6068
6074
6076
6080
6080
6082
6086
6086
6090
6092
6094
6096
6096
6104
6108
6110
6110
6110
6110
6112
6116
6118
6120
6126
6136
6138
6152
6152
6160
6162
6166
6168
6170
6172
6180
6182
6192
6192
6192
6200
6200
6202
6208
6216
6220
6224
6234
6234
6236
6238
6240
6244
6246
6252
6252
6256
6260
6270
6282
6284
6308
6308
6330
6374
6376
6402
6420
6420
6442
6456
6458
6494
6520
6546
6626
6638
6642
6646
6654
6688
6700
6700
6704
6716
6720
6730
6730
6732
6734
6746
6750
6784
6812
6820
6824
6850
6858
6870
6872
6872
6884
6888
6904
6910
6916
6936
6978
6980
6988
7094
7106
7118
7124
7158
7168
7346
7346
7352
7486
7526
7550
7558
7568
7620
7678
7822
7826
7960
7976
8080
8206
8288
8326
8426
8644
8650
8674
8924
8940
9028
9256
9462
9522
10410
10784
10998
11196
11426
11464
13076
13106
13584
14290
14490
14640
14662
14680
14690
14748
14848
14862
14896
14922
14934
14964
14986
15000
15016
15022
15028
15044
15060
15064
15070
15132
15166
15190
15194
15196
15280
15312
15378
15402
15464
15542
15550
15638
15666
15722
15942
15988
16298
16674
17124
17154
17916
18118
18334
18430
18836
20286
20566
22216
22396
22404
22420
23046
24426
24496
24544
24590
24680
24734
25178
25288
25306
25492
25618
25658
26752
26806
27164
27700
28684
30216
30514
31588
32200
32752
34390
34844
35086
35122
35314
35430
35606
35752
36148
36222
36316
37148
40710
41424
50878
51338
65962
