Latencies
5058
5060
5064
5084
5086
5088
5100
5104
5108
5124
5134
5140
5140
5142
5142
5146
5146
5150
5160
5160
5164
5164
5166
5168
5168
5170
5174
5174
5178
5178
5178
5180
5182
5182
5184
5184
5184
5188
5188
5188
5192
5192
5194
5194
5194
5198
5198
5200
5202
5204
5204
5204
5204
5204
5204
5206
5206
5208
5210
5212
5214
5214
5214
5216
5216
5220
5220
5220
5220
5222
5222
5224
5226
5226
5226
5230
5230
5230
5232
5234
5236
5238
5240
5240
5242
5244
5244
5244
5244
5246
5248
5248
5248
5248
5250
5250
5250
5250
5250
5252
5252
5252
5252
5254
5254
5254
5254
5254
5256
5256
5256
5256
5260
5260
5260
5260
5262
5264
5264
5264
5266
5266
5266
5268
5268
5268
5270
5272
5272
5272
5274
5274
5274
5274
5274
5276
5276
5276
5278
5280
5280
5280
5282
5282
5282
5282
5284
5286
5288
5290
5290
5290
5292
5292
5294
5294
5294
5294
5296
5296
5296
5298
5298
5302
5304
5304
5304
5306
5306
5306
5308
5310
5310
5310
5310
5312
5312
5312
5316
5320
5324
5324
5324
5326
5326
5328
5328
5328
5330
5332
5334
5336
5338
5338
5340
5340
5342
5342
5344
5346
5346
5354
5356
5358
5362
5364
5364
5366
5368
5368
5372
5372
5374
5374
5374
5374
5374
5378
5380
5382
5384
5386
5386
5386
5390
5390
5392
5392
5394
5400
5402
5402
5402
5406
5408
5410
5410
5412
5412
5412
5416
5418
5422
5424
5424
5426
5430
5430
5430
5434
5436
5436
5438
5438
5442
5442
5444
5446
5450
5452
5456
5456
5458
5460
5462
5466
5466
5468
5470
5472
5472
5472
5474
5482
5482
5484
5486
5486
5490
5492
5496
5500
5502
5504
5510
5512
5518
5520
5524
5526
5526
5526
5528
5528
5534
5534
5536
5540
5542
5548
5548
5552
5554
5556
5556
5560
5564
5566
5572
5578
5578
5580
5584
5594
5596
5598
5600
5600
5602
5602
5602
5602
5606
5612
5618
5620
5622
5622
5624
5624
5626
5632
5634
5642
5646
5646
5650
5650
5656
5658
5658
5664
5670
5674
5674
5676
5678
5684
5684
5686
5686
5686
5688
5688
5692
5694
5694
5698
5698
5708
5708
5708
5708
5710
5718
5722
5728
5732
5732
5734
5736
5738
5744
5744
5750
5752
5752
5752
5758
5760
5766
5768
5768
5770
5770
5780
5782
5790
5792
5796
5798
5806
5808
5812
5814
5814
5830
5832
5832
5838
5838
5840
5844
5846
5852
5854
5856
5862
5880
5900
5900
5900
5904
5904
5908
5912
5916
5924
5924
5926
5926
5926
5932
5932
5942
5944
5946
5948
5950
5954
5954
5964
5964
5968
5970
5972
5982
5984
5988
5992
6002
6002
6004
6018
6020
6042
6042
6044
6058
6068
6070
6088
6088
6092
6092
6098
6120
6122
6124
6128
6144
6146
6210
6216
6218
6222
6246
6258
6270
6274
6358
6378
6422
6442
6536
6554
6608
6672
6750
6770
6826
6864
6888
7064
7152
7164
7188
7218
7284
7292
7300
7360
7364
7430
7610
7910
7966
8080
8132
8210
8280
8514
8736
8834
8970
9044
9128
9176
9536
9822
9856
9914
10146
10756
10930
11574
12038
12106
12510
13024
13100
13252
13342
13756
13818
14104
14116
14158
14170
14264
14286
14292
14298
14334
14338
14352
14378
14384
14420
14428
14486
14490
14504
14510
14514
14528
14530
14532
14534
14552
14552
14556
14560
14562
14576
14608
14612
14614
14620
14622
14626
14628
14632
14644
14644
14658
14672
14674
14678
14678
14680
14686
14688
14704
14708
14718
14718
14722
14722
14724
14730
14732
14742
14742
14750
14754
14762
14764
14776
14776
14784
14796
14798
14806
14808
14812
14812
14814
14824
14828
14830
14830
14832
14832
14844
14846
14848
14862
14868
14868
14868
14870
14872
14876
14876
14878
14884
14886
14888
14890
14892
14894
14904
14904
14908
14910
14910
14914
14920
14926
14926
14928
14930
14932
14938
14946
14948
14950
14956
14966
14970
14970
14972
14982
14984
14986
14986
14996
14996
15000
15002
15002
15010
15018
15020
15024
15028
15030
15036
15036
15040
15046
15048
15048
15052
15060
15070
15074
15076
15080
15082
15084
15084
15090
15090
15092
15096
15098
15100
15100
15108
15110
15110
15110
15112
15112
15118
15120
15122
15122
15124
15126
15128
15132
15138
15138
15142
15144
15146
15150
15156
15156
15164
15172
15174
15174
15180
15188
15190
15190
15198
15202
15206
15214
15214
15228
15228
15230
15230
15236
15240
15240
15240
15242
15242
15242
15244
15246
15252
15256
15260
15264
15274
15276
15284
15286
15288
15292
15292
15292
15292
15300
15312
15322
15326
15326
15338
15344
15348
15354
15356
15364
15368
15370
15388
15398
15402
15406
15420
15426
15434
15434
15440
15450
15462
15464
15464
15476
15476
15480
15484
15486
15490
15494
15568
15596
15604
15616
15658
15674
15732
15744
15772
15880
15892
16024
16168
16218
16300
16306
18720
18804
19474
19528
19608
19966
20008
20710
20950
21100
21208
21388
21552
21570
21632
21736
22252
23436
23492
23494
23520
23814
23832
23886
24000
24040
24068
24086
24100
24184
24186
24188
24214
24224
24292
24330
24356
24374
24434
24498
24512
24560
24592
24598
24606
24628
24682
24716
24734
24742
24796
24812
24828
24830
24878
24884
24900
24928
24952
24958
24958
24972
25024
25058
25168
25190
25202
25216
25234
25250
25256
25280
25286
25288
25290
25308
25332
25338
25380
25408
25456
25488
25554
25574
25836
25932
26104
26172
26690
27414
29478
29876
29926
30182
30492
31540
32656
33434
33444
33660
33686
33798
33826
33850
33888
33926
33986
34120
34168
34180
34188
34188
34214
34224
34250
34264
34272
34300
34302
34334
34380
34438
34456
34484
34502
34510
34514
34554
34588
34666
34694
34706
34712
34896
34898
34906
35050
35090
35186
35250
35342
35382
35392
35396
35516
35560
35766
36468
36616
38864
39118
39640
39696
39704
39770
42336
43182
43194
43446
43694
44014
44248
44762
45010
45162
45634
47686
51140
53272
53854
55648
61872
74132
74238
74400
75680
82034
82892
93794
107428
397280
