Latencies
5058
5078
5118
5124
5130
5132
5132
5136
5142
5146
5164
5164
5170
5172
5178
5178
5178
5180
5184
5186
5188
5192
5196
5196
5196
5202
5202
5204
5212
5214
5216
5216
5216
5218
5222
5222
5226
5228
5228
5230
5230
5230
5232
5236
5238
5238
5238
5240
5240
5242
5242
5244
5246
5246
5250
5252
5252
5254
5254
5254
5256
5258
5258
5260
5260
5262
5264
5266
5266
5270
5270
5270
5272
5272
5272
5274
5276
5276
5276
5276
5276
5276
5280
5280
5280
5280
5282
5282
5284
5288
5288
5288
5288
5290
5290
5290
5292
5292
5292
5294
5296
5296
5298
5300
5302
5302
5302
5302
5304
5304
5308
5308
5308
5310
5312
5312
5314
5314
5316
5316
5318
5318
5320
5320
5322
5322
5324
5324
5324
5324
5326
5326
5326
5326
5328
5328
5328
5328
5328
5328
5330
5330
5330
5332
5332
5332
5334
5336
5336
5338
5342
5342
5344
5344
5346
5348
5348
5348
5348
5350
5350
5350
5354
5354
5354
5356
5356
5358
5358
5358
5360
5360
5360
5360
5360
5360
5360
5360
5362
5364
5364
5364
5366
5366
5368
5368
5370
5370
5374
5374
5376
5378
5378
5380
5380
5382
5384
5384
5388
5390
5392
5394
5394
5396
5396
5396
5396
5398
5398
5400
5400
5400
5404
5406
5406
5408
5408
5408
5410
5414
5414
5416
5416
5422
5422
5422
5424
5426
5428
5430
5430
5432
5434
5434
5434
5438
5442
5442
5442
5444
5444
5450
5456
5456
5456
5458
5460
5464
5464
5466
5466
5468
5470
5470
5472
5478
5480
5486
5490
5502
5504
5506
5508
5516
5516
5516
5518
5520
5522
5522
5522
5524
5528
5528
5528
5534
5540
5544
5546
5546
5548
5550
5550
5550
5552
5554
5556
5558
5560
5562
5562
5562
5564
5568
5574
5574
5576
5578
5580
5582
5584
5588
5588
5592
5596
5596
5600
5602
5608
5614
5616
5616
5622
5622
5622
5624
5628
5630
5634
5636
5638
5642
5642
5642
5644
5644
5646
5648
5648
5648
5650
5650
5652
5652
5656
5656
5656
5658
5658
5664
5666
5668
5670
5670
5676
5678
5680
5686
5690
5692
5692
5694
5698
5698
5700
5706
5710
5710
5716
5716
5716
5716
5722
5726
5726
5726
5732
5734
5740
5742
5742
5744
5748
5748
5750
5756
5762
5762
5764
5764
5766
5768
5770
5770
5772
5776
5790
5792
5794
5798
5800
5802
5808
5808
5824
5826
5826
5828
5832
5838
5838
5838
5842
5844
5844
5846
5852
5860
5866
5868
5868
5872
5876
5878
5880
5886
5886
5886
5896
5896
5898
5900
5902
5906
5910
5920
5926
5926
5938
5940
5944
5946
5954
5958
5960
5964
5968
5970
5976
5978
5980
5982
5984
5988
5990
5992
5998
6000
6002
6008
6010
6012
6014
6016
6022
6030
6038
6044
6050
6068
6078
6086
6086
6088
6100
6104
6112
6112
6120
6124
6142
6160
6192
6194
6202
6204
6224
6226
6228
6236
6240
6242
6250
6268
6296
6384
6400
6414
6438
6486
6500
6534
6548
6598
6668
6756
6802
6804
6806
6828
6854
6904
6916
6932
6938
6988
7026
7030
7082
7090
7094
7100
7108
7164
7176
7192
7272
7304
7380
7402
7412
7440
7490
7494
7518
7532
8138
8174
8344
8348
8356
8470
8500
8676
9078
9144
9176
9272
9348
9382
9390
9684
9854
10392
10432
10572
10580
10734
10822
10904
10924
10986
11084
11186
11466
11504
11590
11650
11662
11676
11838
11984
12062
12070
12150
12150
12380
12570
12606
12820
12856
13000
13404
13502
13754
13792
13906
13914
13984
14008
14010
14106
14112
14142
14166
14286
14306
14312
14316
14328
14342
14406
14424
14430
14440
14506
14510
14512
14524
14530
14532
14546
14550
14570
14572
14572
14586
14594
14598
14598
14604
14608
14608
14620
14622
14622
14638
14640
14644
14652
14654
14656
14656
14666
14666
14668
14670
14670
14682
14686
14694
14696
14696
14698
14700
14700
14704
14712
14716
14722
14722
14724
14726
14728
14730
14736
14736
14736
14736
14742
14748
14758
14762
14766
14770
14778
14780
14794
14794
14794
14794
14794
14794
14794
14810
14812
14816
14818
14820
14828
14830
14832
14840
14842
14846
14850
14858
14860
14866
14866
14872
14876
14882
14882
14886
14890
14890
14898
14902
14910
14910
14912
14914
14922
14928
14932
14932
14938
14938
14950
14958
14958
14960
14972
14986
14998
14998
15002
15002
15004
15004
15004
15016
15016
15016
15018
15020
15020
15024
15028
15032
15036
15036
15040
15042
15044
15048
15052
15054
15054
15056
15056
15058
15058
15066
15068
15068
15070
15084
15084
15088
15090
15104
15112
15122
15124
15126
15144
15146
15146
15146
15146
15150
15152
15154
15160
15160
15174
15192
15192
15192
15194
15200
15200
15202
15202
15206
15206
15208
15208
15208
15210
15214
15216
15218
15220
15222
15222
15224
15224
15224
15230
15232
15234
15234
15236
15240
15244
15244
15244
15244
15244
15244
15246
15246
15246
15248
15254
15254
15254
15254
15256
15258
15258
15262
15268
15274
15278
15282
15296
15298
15298
15300
15302
15302
15304
15310
15314
15324
15338
15346
15358
15362
15362
15366
15366
15376
15388
15390
15392
15398
15400
15414
15420
15424
15426
15430
15436
15438
15454
15460
15464
15470
15472
15472
15504
15514
15520
15524
15532
15540
15550
15566
15568
15570
15574
15624
15644
15690
15704
15708
15732
15766
15768
15778
15812
15820
15854
15854
15860
15862
15868
15902
15936
15950
15996
15996
16038
16088
16164
16242
16424
17124
18380
18760
18846
19538
20278
21660
22272
22926
23796
23836
23912
24076
24118
24228
24350
24354
24456
24456
24472
24576
24580
24620
24670
24784
24796
24818
24840
24858
24904
24914
24920
25060
25086
25128
25154
25284
25366
25376
25508
25566
25910
26424
26476
28924
29908
30308
31164
31860
33694
33978
34132
34342
34366
34578
34708
34866
35036
35046
35088
35228
35764
35852
35958
36086
36202
36300
38350
41972
42164
44206
44220
45222
45238
45424
45508
48974
50360
51268
54408
81202
87456
116162
720262
