Latencies
6750
7196
5516
5054
5170
5116
5484
5880
6046
5298
5260
5266
5358
5246
5342
6340
5600
5404
5582
5574
5218
10364
5368
5302
5482
5056
6074
21150
5132
5114
5376
5340
5422
5434
5860
5402
5350
5356
5268
5568
5048
5086
27102
5458
12954
5184
5718
5756
5360
5714
5162
25972
8278
5732
5720
5660
6486
5378
5934
5426
5214
6126
5412
6052
5262
5146
5602
11814
5324
5832
5434
5094
5982
5244
5128
5450
5564
5338
5322
5198
5466
5240
6092
5892
5178
5134
5778
5374
5420
5028
15048
4992
5166
5140
5400
5186
5152
5566
5650
5642
5208
6120
5948
5026
5250
5450
5156
6176
5090
5028
5136
5212
5264
5202
5938
5590
5330
5204
5516
5816
5166
5992
19354
5982
29536
25614
5646
5516
5804
5488
5252
5860
5362
5304
5382
5368
6290
5580
5138
5582
5332
5606
5910
5868
5892
5282
6172
5724
5528
5018
5428
6038
5134
8090
5328
5146
5612
5558
5628
5424
5876
6080
24204
5290
21738
6144
5538
5204
5578
5868
5134
10358
5240
5228
5184
5778
6428
5804
5272
5410
5724
5508
5454
5400
6284
5790
5438
5166
5540
5792
5024
5292
5252
5212
5316
5370
15774
5796
5282
5348
5270
5230
5704
5928
5200
6326
5934
5894
5714
5690
6390
5144
5284
5420
5448
5640
5264
9608
5756
5210
5700
5676
5168
5282
10378
5198
5186
5528
5284
5740
5142
6046
5154
5696
5612
5056
5978
5976
5812
5606
5024
5238
5130
5674
5664
5378
5272
5160
5332
5144
5152
5180
5454
5296
16390
6246
5236
5202
5208
5470
17750
5106
5236
5494
12144
5398
5678
5456
6554
5516
5234
7500
5608
5684
5404
5252
15230
5746
6202
5700
5774
6008
5232
5204
12292
5132
5196
5062
25192
5560
5208
5634
5458
5486
5146
13370
15144
5164
5732
5890
5498
5292
5944
5398
5178
5246
5738
5230
5598
6118
5094
5230
5192
5190
5184
5066
5122
5090
5142
5370
5198
5488
5268
5216
6026
5310
5098
5194
5748
5532
5244
5582
5186
6022
5500
6220
5912
6260
6100
5412
5352
5460
5612
5458
6064
5412
5582
5246
5470
5234
5218
5156
5058
6446
5304
5210
5760
5510
5238
5430
5856
5862
5244
5340
10102926
6456
5322
5518
6124
5394
5650
5764
5066
5424
5126
5076
5130
5122
28930
5316
5240
5118
5114
5298
5192
5298
23524
5378
5238
5366
20544
5330
5262
5030
5110
5210
5098
5226
5444
5424
5282
5480
5354
23092
5408
5452
5368
5336
6666
5810
5368
5440
8152
5520
5550
5372
5486
5400
5896
5416
5560
5714
5224
5198
5376
5848
5278
5268
5350
5186
32070
5814
5622
5706
5890
5184
5880
5216
5696
5048
5402
5308
5204
5546
5888
5274
5156
5604
5820
5286
5250
6322
5520
6024
5076
5152
5692
5162
5468
5338
5602
5200
5168
5138
5228
8210
5844
5986
5250
5956
5352
5252
6158
5990
5610
5826
5444
5396
5498
5094
5646
5330
5048
5240
5368
5188
5212
25794
5890
5838
5120
10298
5376
5190
5118
5010
5262
5490
5144
5186
5162
5896
5214
5100
5428
5312
5364
5922
5638
5130
5244
5180
5870
5174
5430
5322
5538
5170
5210
5146
5946
5132
5284
5198
5296
5242
7124
5474
5638
5128
5462
5106
5362
5378
5260
5738
5276
5384
5296
6306
5452
5298
5156
5370
7604
5454
7002
5752
5504
5368
5212
5886
5226
5108
5248
5358
5162
5342
5676
5080
5652
5028
5260
5420
6170
20940
6518
5488
5236
5740
6068
5324
5272
5246
29144
5392
5340
5518
5768
5522
5108
5330
5254
5446
5372
5290
5156
5780
5626
26874
5210
5906
5258
5354
5084
5552
5112
20100
5122
5202
5202
5256
5430
5950
14350
5970
5148
5672
5084
5676
5374
5268
5238
5592
29466
5522
5318
5444
5348
5392
5320
26598
5344
5706
5870
5376
5270
5308
5442
5208
5340
5322
5224
19514
5722
5336
5416
5370
5376
5384
5062
5072
5334
5548
9940
5202
5770
5404
5384
5094
33304
35684
5710
5210
5324
5082
5082
5066
5466
5144
5208
5260
5116
5478
5838
5120
5506
35148
26370
5068
5056
5218
5106
5150
5074
5162
5706
21196
5244
5200
5320
5370
5246
5820
5476
5396
5886
5058
5430
5184
5744
5770
5062
6074
5270
5492
5754
5296
52572
5574
5428
5110
6070
5566
5192
5354
6126
5090
5804
5902
5166
5732
5338
6346
5752
5124
5650
5170
5238
5884
5058
5240
5046
5296
5070
5274
6000
5318
5710
5186
5280
5148
5618
6302
5528
5100
5080
5332
20850
5428
6254
5058
5580
5698
5144
5046
5100
5238
34228
6230
5218
5172
5254
5386
5094
5146
5084
5198
5494
5110
5376
5322
5232
5796
5276
5240
5216
5398
5830
5224
5652
5488
5310
6030
5396
5108
5984
6164
5980
5096
22568
5062
5042
5464
5088
5708
5090
5170
5166
5650
5118
5610
5098
5370
5638
5564
5388
5350
5110
5192
5136
5048
23714
5814
5216
5262
5654
10336
7488
5268
5228
6368
5152
6152
5920
5196
5048
5432
5090
5174
5102
5642
5218
5186
5330
8026
6156
5022
5218
5098
5480
5560
5214
5642
6114
5218
5392
5184
5280
5190
5550
5458
5044
5488
5430
5754
5394
5686
5378
5854
5912
5574
5114
5026
5336
5868
5930
5632
5980
5368
5280
6054
5800
6154
5464
5244
5142
5244
5184
5734
5548
22410
5256
5426
5388
5316
5270
5420
5828
5148
5702
5310
5312
5278
5276
5520
5240
5228
5226
6180
5520
5134
5080
5874
6352
5610
6004
5372
5060
5094
5078
5124
14194
5252
4994
5134
5194
5082
5276
5918
7156
33626
5388
5344
5280
5294
6204
5022
5990
5486
12992
5356
5206
30426
5368
6030
5662
7308
5734
5966
6402
5280
5188
5174
7038
5154
5168
5890
5574
5154
5504
5302
5090
5984
5308
5882
5060
5402
5482
5870
5300
5228
5234
5628
5850
5282
5260
6120
5856
5642
5426
5202
5224
5048
5250
5184
5256
5202
5108
5350
5152
5714
5964
5230
5838
5352
5332
5282
6086
8580
7228
5620
5528
7278
5754
5640
6702
5562
6250
5404
5426
5878
6092
5718
5746
5956
5410
5130
5218
