Latencies
6954
6936
6118
6176
5636
5690
6090
6240
7732
5704
6102
5378
6730
5658
12676
5582
5574
5486
5454
5958
5334
5924
5830
5646
5480
6234
5550
5800
5446
5412
5540
5412
5642
6068
5918
5750
5628
5850
5994
5964
5426
5512
5532
6348
6750
5478
5526
5492
5408
5426
5600
5390
5628
5588
5466
6074
5570
5712
6004
6766
5654
6090
5530
5846
5842
6102
5952
5550
5584
5924
6022
6108
6072
5888
5844
5874
6348
5746
5992
6074
5600
5858
5976
6256
5602
6388
5412
5554
5418
5390
5508
5720
6118
5692
5972
5476
5846
5758
5610
5846
7116
5712
7164
5658
5942
5408
5538
6448
5376
6562
5796
5440
5744
5748
5606
5406
5878
6336
6086
5488
6124
5558
6040
6082
6200
5644
5868
5684
5370
5508
6794
6076
5482
5416
6070
5614
5456
5448
5828
5750
5518
5692
34062
5768
5506
6086
5338
5658
6094
5726
5416
5324
12260
6064
5362
14154
6030
6636
6482
5770
6046
5914
5460
6662
5584
5574
5450
6292
5370
14170
17618
5742
5504
5386
5864
6036
6514
5430
5388
6796
6108
5994
5414
5618
5506
5372
5632
5540
5676
5300
6374
5702
5480
5582
6178
5980
5788
5600
5422
5344
5858
6354
5744
5334
5674
6650
5530
5428
6256
5422
5538
5986
5642
5640
5698
5954
5640
5898
7098
6680
5616
5722
6876
6352
8202
5956
16726
5710
38388
6392
6176
5580
5872
5502
5452
5398
5496
5492
5624
6058
5386
6538
5436
6158
5346
5992
5648
5884
5298
5496
6092
5466
5922
6218
5684
5726
5424
5384
5358
5694
5510
5932
6616
6620
6080
6072
6038
6156
5530
5434
6034
5586
6364
5850
5588
5698
5836
5370
5700
5910
5650
6040
7072
5914
6034
5690
5468
5564
6086
5502
5476
5952
5810
5822
12476
5288
5926
5400
18860
5474
5474
29292
6206
5570
6376
6116
6054
5854
6292
6474
5616
6604
6074
6100
6204
5686
6082
6130
5684
6126
5840
5766
5412
5798
5586
5484
6024
5640
5460
5792
5356
5672
9856
5330
5352
5508
5882
6022
5492
6096
5852
5664
5550
5580
5882
5912
5684
29244
5628
5788
5308
5420
5266
5478
6730
5288
5500
5550
6324
5378
5604
5250
5690
6150
5622
5442
5494
5378
10096
6450
6470
5374
5380
5338
5440
6888
5630
5210
6034
5490
5396
5886
6078
5808
6086
5490
5418
5340
5390
5680
5660
5584
5790
5768
5292
5276
5518
5662
37328
5458
6242
5508
5308
5376
6220
6722
5556
5470
6516
5738
5428
5574
5776
6026
5566
5714
5404
5790
6022
5400
5990
5690
6150
5492
6508
5312
5456
5478
5374
5358
5554
20620
5888
5708
5466
5310
6640
6168
6424
5570
5704
5838
5596
6312
5416
5332
5538
5764
12190
5618
5896
5566
5666
5420
5844
5460
5804
5506
5550
6674
5746
6192
5660
5554
6228
6550
5564
5962
6100
5494
5594
6748
5424
5516
5906
5590
6008
6078
5660
5552
24296
7854
5496
5846
6356
5602
5626
5354
5742
6142
6172
5912
5494
5962
5602
5506
5442
5388
5614
6164
5542
6142
5696
5472
5568
6164
5556
5650
5366
5458
6472
5402
5820
5582
5664
6012
5422
5266
6028
5498
5942
5500
5782
5716
5760
5344
5906
5878
6432
6318
6070
5334
5626
5342
5998
5278
5566
5528
5446
5368
5912
5672
5646
5434
18118
7268
5788
5704
5400
6016
5974
5454
5580
5656
5594
5584
5976
5904
5506
5560
5768
5778
5388
6018
5576
5742
5574
6110
14374
6148
6150
6022
5548
6214
5450
5816
5628
6176
5368
6700
5642
5694
5958
6182
5358
6148
5408
5404
5842
5618
5734
5428
5844
6212
5872
5600
5510
5534
5932
5748
5506
5550
5752
5684
5996
5588
5898
5458
5642
5826
6336
5744
5444
5430
5746
6084
5382
5902
5516
5852
5444
5456
5330
5712
5560
5250
5552
5700
15176
5468
5342
5534
6062
6174
5504
6102
5906
6816
6054
6608
5964
5742
6646
6100
6086
5450
5576
5986
5874
5428
6120
5722
6006
6666
5488
5694
5538
6082
5976
5444
5578
5454
5698
5950
5888
5786
5418
5786
6396
6092
5454
5562
5492
5508
5926
5590
6000
5642
5286
5640
5584
5928
5770
5450
5806
6290
5522
5460
5886
5676
5540
6188
5538
5984
5620
5608
5770
6418
5852
5934
5710
6066
5720
5746
5620
5522
5640
5572
5984
5716
5486
6226
5588
5486
6002
5846
5540
5564
5604
5524
6156
5446
5330
6224
5732
5654
5362
5406
5826
6052
5530
5474
6318
5914
5626
5736
5566
26532
5912
5494
6348
5414
5792
5376
5558
5720
5480
5512
5390
6092
5732
5412
6304
5800
5270
6250
6306
5404
6030
5212
6024
5588
5660
5612
5326
5704
5472
5674
5736
5588
5852
5386
5842
11024
5984
5694
5826
5882
5856
5736
5726
5844
5526
5982
5664
5760
6004
5454
5504
6346
5892
5502
5682
5858
6028
5558
5750
6316
5868
6212
5566
12448
5784
33564
5410
28886
5358
6152
5432
5378
5408
5392
5454
6050
5410
5598
5402
14230
5588
5854
6212
5394
5918
5550
5980
5628
5646
6024
5554
5420
6192
5554
6864
6776
5884
5520
5508
5634
5676
6130
5704
5736
6688
5550
5484
5326
10182
5662
5378
6000
5760
5638
5826
6228
5974
5820
6066
6616
5896
7224
5828
6286
5496
5690
5596
5758
6030
5490
5940
5838
6180
5416
6014
5474
5384
5542
5504
6046
5426
5478
5546
5570
5880
6136
5494
5934
10192
5824
5618
5530
5440
5750
5728
5484
5418
5998
5790
5472
5970
5880
5640
6120
5598
5490
6108
5452
6220
6270
6272
5600
5802
5594
5380
5506
6346
6204
6176
6374
6236
5940
5450
5534
5948
5402
5376
6180
5758
5828
6616
5450
21346
5678
5344
5298
5304
5616
6466
6940
6836
5334
5560
6524
6252
5702
5424
10486
5410
5762
5880
5348
5552
5316
17724
5534
5588
5948
5342
6824
5366
5394
5588
25118
13636
5958
5492
5542
5986
11840
6392
5402
5618
5390
6068
5640
5892
5864
5262
5396
5540
6202
5392
6146
