Latencies
17216
10626
6980
8550
13910
15136
9268
9986
14668
10680
11720
8732
5692
11418
10528
14702
10172
6832
25218
14392
7822
15576
34602
5720
6494
16134
15062
7236
13150
14356
13064
14538
11318
6490
5444
5686
5672
13726
12510
14302
10104
14304
11630
12824
31704
8726
14270
6080
14030
15596
6212
14796
15132
13416
15120
15642
15364
14630
6600
12336
14968
6494
8726
13272
7176
7586
11014
7764
9346
8334
10864
6224
11256
13710
5982
12990
6392
5826
5524
6846
5670
5438
5850
5524
7320
11990
9088
11664
7464
13760
14450
6322
11934
11126
5996
5624
14634
9942
6210
6022
11668
11282
5614
6250
6590
15234
14580
15300
7208
6112
14986
13494
15562
10304
9948
6316
15058
14598
8850
10616
6162
14012
15120
15202
10976
12682
14882
14430
6292
11178
11182
12946
5476
6092
5476
5398
5888
68912
14926
13554
9184
11838
24548
8196
15344
12110
13050
11570
9382
14700
14008
15146
14732
14906
15182
14508
14806
13192
13886
13880
11786
8506
9948
17432
9324
9302
14812
29920
10678
15596
5652
7292
6416
24636
15198
9610
8146
5686
12846
15258
14984
12068
6414
10090
6764
8794
8096
12042
5956
12754
7920
5370
5398
5512
6056
5542
5826
6208
32278
9424
7630
10860
12242
16522
10534
7278
9508
11396
13822
11178
14490
8320
6656
11910
11476
11216
8532
9078
15676
11550
9776
6384
24640
14580
15730
15112
15408
13288
11812
11242
12026
11354
7868
6570
12340
9096
15182
9334
14756
12336
5550
6484
5726
11138
7468
14534
11946
11670
13668
5544
8646
7566
14814
7068
7984
12714
6028
15228
9536
12268
15268
12318
12362
7384
6784
14688
14614
15050
15294
14928
14978
7640
14528
14806
13498
6666
14526
12416
10354
14122
7764
8692
8972
6636
7352
16242
14482
15380
14674
15216
14764
15684
14684
15390
14994
14814
15054
14720
14744
13292
7144
13566
8344
8224
14738
14318
6436
5526
5878
5404
5860
5658
5538
5658
6100
15080
5836
5540
5800
6034
5768
5436
5412
5436
6278
5710
5602
6006
10200
13494
8182
12122
13474
8750
13750
9322
6580
8796
7932
7392
10258
7588
11362
8748
11232
7506
12052
24726
14462
15296
15042
15786
14666
14146
15046
15194
15360
10208
15288
15112
14242
14932
12762
8864
9082
6792
6078
11546
7756
6600
6308
8530
14878
15236
14814
15022
15300
14444
13894
14610
10848
10360
7874
13048
15050
27068
10778
5748
5300
5340
10338
5578
11884
12460
8882
7270
5818
7844
5942
13984
5710
13360
6134
6006
5404
5840
6194
5826
5868
14614
15108
15582
14950
10902
10710
8288
12094
12174
6204
9646
5894
5754
6076
14500
14392
10920
14828
11208
14260
9234
14914
10766
6158
6274
12578
21232
11688
11526
14762
6176
25062
14156
15514
14584
14954
13200
8118
7160
14088
12586
15292
15574
6970
14836
11130
14710
13624
14666
9744
7740
15740
6608
6118
6230
6166
6128
6398
5938
5452
5414
5506
5486
6080
5522
5678
5458
5868
14438
14296
12548
5704
9022
13322
5394
5440
20086
6284
9334
7072
5958
6020
5722
6040
9644
7670
10150
13338
11956
12692
14322
13386
8094
14864
11270
9990
9938
12198
23990
15512
15980
14852
14846
14788
14468
14806
6092
28166
6502
10100
6274
14298
5908
14506
12534
7590
18002
14144
5614
8598
7972
7072
13818
6490
14166
12594
7378
13470
11976
9110
11004
13886
14950
8376
6102
7408
5922
36046
5796
7232
5754
15746
12540
5904
13950
15540
7266
14358
11036
8476
7166
15234
10528
5832
5510
9984
10454
5988
6738
7906
6652
11536
7872
13062
8168
9230
7264
14416
11106
11036
11076
10552
24350
15252
14340
13588
9686
15098
9240
7746
14382
11826
34276
14586
14918
10566
7360
5600
14934
14804
13454
6266
13172
15070
12498
13572
14722
6860
13484
11524
12142
10942
9008
10520
15016
9154
12182
8382
13724
14794
15576
24440
14668
7984
8732
13268
13898
14522
14230
6906
10286
13328
14684
15362
57662
14824
6244
6078
5832
7570
6498
13318
5948
9260
7688
10330
8838
6532
5568
7340
5586
5498
15530
5698
9004
7988
14480
12942
13800
14548
9290
8798
10026
10708
7384
6134
8334
12382
8974
24388
14464
14664
13334
11606
15592
10382
6498
15198
15276
9448
5942
14586
14764
10508
7266
9724
8398
5832
5824
6814
10680
5904
14896
6972
14742
8050
9146
9640
9704
14324
10158
6272
7566
15746
14424
15272
8484
10950
12984
7566
24220
9994
24168
14340
7332
6182
5494
5408
5630
5648
12642
14298
11088
7342
6550
8156
14898
12598
14654
9298
7120
14314
15636
14938
15364
14844
10262
8534
6782
8908
7436
13504
8868
10134
14696
9038
10948
14630
13724
10364
6590
10802
7686
7814
14746
7848
6116
5416
6054
24502
15112
15016
15038
14468
15406
14724
14734
14922
12994
14148
5696
14614
5720
7076
7802
7116
14284
7068
14304
9580
15616
13820
7120
16030
7390
13504
7370
13112
11706
14788
13138
10470
11338
22126
14596
9222
13216
5726
6616
5996
5720
5428
5600
5400
5618
9728
7282
8664
6740
14176
6026
7908
9978
12430
13664
14742
12534
11892
5674
14758
7498
6858
6170
9192
10722
10660
10580
11368
10638
6666
8766
23242
9522
8960
14180
15408
15134
8322
14656
14122
15176
15362
14458
14682
12308
11146
13550
8190
7368
14638
9280
6030
5606
6228
5680
5480
6476
6246
7992
15222
12422
12492
9888
6004
15098
34740
13362
8958
15338
7010
7484
7280
13094
10266
13986
14314
8332
5830
5752
15318
15526
14754
14508
6294
15460
8466
11078
13808
27394
14908
6924
5814
6090
6460
6682
9856
12426
6432
7094
9174
31734
7984
9072
15106
7022
5548
8684
7598
11548
33248
6442
13498
12508
8936
9470
14512
14442
15142
15470
14686
6906
5476
6608
9468
13892
6192
5618
8842
5950
9468
11838
6768
5474
5498
5542
6000
5460
5794
5662
6108
5470
6034
5858
5478
5722
7068
5826
7584
14394
12912
7950
6260
13948
21590
14808
10578
14808
14522
12462
15584
15042
14538
15098
14144
6900
7402
7658
5646
6250
6096
11748
9090
12774
10066
10684
7698
5656
5562
5542
6652
5606
6538
13526
9176
15954
6202
10244
11198
