Latencies
6928
5442
5522
5160
6036
5566
5672
25830
6064
5568
5484
5566
5338
5764
5246
5262
5760
5434
6914
5598
5778
5564
5632
5714
5808
6006
6472
5352
5778
5426
5376
6184
5424
5926
5506
5310
5336
5922
5576
8128
5288
6534
5494
5924
5766
5352
5294
5396
5612
5442
5474
6274
5758
5296
6714
5444
5934
5776
5340
5846
5884
5562
6390
5396
5674
5592
5598
5626
6156
5590
5516
5650
5958
5432
5498
5576
5404
6074
6046
12462
5864
5724
5626
5514
6072
5540
5450
5712
5582
5420
5528
6740
5542
5574
5576
6462
5274
6158
7576
5404
5354
5352
6052
5358
5362
5470
5476
7080
5556
5738
5298
5390
6260
5876
5304
5370
5512
9666
5596
5834
5862
6214
5302
5650
6446
5298
6638
5424
5366
5428
5818
6274
5542
5782
13310
6342
6016
6110
6778
5932
5716
6772
5896
5392
5870
5924
5404
6824
5788
6016
5514
6190
5708
5640
5428
24872
6180
5344
5362
5598
5426
5842
6050
5632
5406
5804
5400
5658
5838
5454
5484
5416
5998
5320
5714
5784
5792
5480
6526
6066
5408
5492
6014
25526
5362
5448
5466
5762
5616
5518
5944
5570
5482
5476
8422
6158
5324
5676
5390
5336
5974
5318
5834
5346
7064
5828
5466
5394
5646
5438
5256
6152
5944
6038
6440
5586
16654
6328
5884
5154
5426
5872
5332
5808
5830
5356
5950
6032
5628
6078
5266
5364
5862
5376
6012
5386
5314
5682
5656
5702
6142
5228
5422
5344
6090
5318
6172
5404
5630
5440
5420
5704
6092
5484
5462
5790
5912
5680
5666
6038
5556
6406
5672
6028
6258
6096
5672
5892
6036
5750
6852
6554
7612
7436
6734
6170
5542
5522
6142
5626
6302
6024
5432
5606
5478
5750
5608
6118
5622
5834
5632
6450
5866
5678
5740
5422
6004
5570
5968
5652
5784
5990
5774
5654
6514
5832
5328
5554
5960
6696
5690
5470
5756
5480
5820
5366
5454
5334
5284
5886
5386
5342
5918
5402
6150
6086
5372
5666
6820
5340
5300
5188
6724
5996
5990
6188
5670
5644
5520
5378
5370
5380
5602
5714
5882
5712
6148
6450
6280
6634
5354
5492
5742
5500
6356
5514
5630
7042
5462
5384
5726
5310
5422
5758
5582
18708
5588
5512
5842
5996
5584
5598
6710
5550
5360
5480
6780
5390
5410
24724
5508
5346
5618
5922
5362
6116
5604
5594
5604
6274
6568
5848
5918
5526
5616
5334
6056
6034
5594
7350
5450
5350
5784
5272
5342
5768
5572
5682
5634
5550
5284
5756
5882
6454
5532
6914
5766
5770
6078
5924
5522
5488
5566
5740
5414
5838
5480
5360
5436
5356
5582
6764
5964
5698
6452
5390
6178
5598
5422
5580
5606
5664
5318
5282
5464
5778
5352
6150
5412
5654
7250
5606
5312
6160
5916
5634
6150
5742
6576
5672
6100
5344
5510
5768
6490
6496
5444
5600
5382
5348
5950
5594
7010
5946
5936
5568
5576
5294
5430
5536
5754
6146
5748
5438
5866
5996
5372
5330
5578
6062
5506
5534
5496
6168
5504
5674
5590
5374
5538
6922
5378
6042
5514
5466
5484
5752
14714
5692
5258
5976
5462
5582
5360
7212
5642
5750
6138
5524
6120
5964
5778
6062
5864
5450
6028
5332
5414
5950
5488
6924
5496
5822
5864
5998
6370
5342
5846
6116
6254
6002
6558
6286
5648
5886
6108
6166
5676
6110
6546
6100
5744
5850
6060
6992
5478
5750
5604
5448
6536
5696
5944
5410
5774
6034
5606
5534
6028
6232
5472
5540
6080
5292
6028
5522
5308
5420
15156
5382
6064
5456
5628
5484
5526
5710
5396
5452
5426
5438
5832
5882
5490
6182
5488
5478
6380
5640
5562
5886
5780
5492
5852
5714
5488
5666
5826
6234
5926
5380
5782
5474
6022
5680
5402
6846
5800
5658
5318
5540
5680
5480
6122
5558
5836
5442
5834
5930
5526
6548
5424
5696
6052
6110
5464
5960
5554
5366
5874
5340
5350
5380
5538
6130
6010
5804
6160
6388
5810
5728
5718
6158
5456
6342
5784
5376
6974
5592
5486
5344
6080
5686
5794
5334
5530
5348
5420
5414
5874
5312
5834
5486
5514
5518
5572
6262
6256
5604
5402
5814
5688
6364
5874
5476
5520
5698
6064
5424
5574
6806
5672
5484
5436
5422
5468
5624
6130
5638
5764
5600
5376
6104
16606
5884
6172
5782
6210
6052
7166
6664
5676
6262
5664
5490
5532
6062
6460
5980
5380
5924
5798
5964
6570
5528
5750
5448
5830
7658
7432
8570
5872
5486
5744
5354
5580
5736
5600
5400
5650
5676
5874
5954
5588
6090
6282
5390
5552
5554
5328
5324
5744
47672
5766
5472
6262
6286
5428
5576
5886
5686
5872
5904
5412
5522
5406
6242
5402
5962
5318
5354
5800
5348
5898
5408
5282
6716
5458
5452
5514
6098
5908
5872
6420
5714
5400
5466
5950
5212
5524
6802
6026
5522
5508
5502
5290
5372
5384
6010
5576
5846
5526
5344
5260
6042
5430
6386
6054
5496
5556
6080
5762
5490
5390
5778
5382
5364
5696
5746
5306
5322
6326
5728
22806
5768
5788
5454
5948
5762
5634
5568
5580
6034
5406
5674
5356
5722
6172
7084
5846
5434
5722
5376
5740
6030
5638
5450
5350
5540
6220
5734
6038
5724
5626
5708
5412
5514
5316
5478
5386
5688
5404
6246
5552
5318
5460
5514
5902
5504
5302
5338
5392
5658
5532
5782
5880
5522
12090
5516
6080
5408
5426
6136
5306
5306
5368
5538
5308
5470
5378
5862
5246
6044
5472
5344
5684
5984
6328
5382
5758
5394
5416
5852
6012
5450
5498
5710
5296
5980
5232
24754
5662
5418
5536
5288
5612
5284
5422
5480
6826
5966
5794
5788
5816
5444
5900
5472
5444
5844
5976
5928
5860
6306
5412
6192
5332
5382
5380
5854
5538
6270
25666
6304
27688
5540
6206
5732
5450
14164
6554
5446
5318
5946
5628
5424
5544
5722
6040
5700
5568
5824
6550
5392
5796
6128
5930
5590
5566
5816
5760
5786
5662
5878
5432
5900
5512
5560
6238
5518
5382
6070
6092
