Latencies
5322
5464
5576
5642
5686
5686
5704
5704
5738
5762
5784
5796
5804
5816
5826
5836
5846
5864
5874
5876
5886
5896
5910
5914
5940
5954
5962
5970
5978
5994
5996
6026
6036
6060
6082
6082
6102
6112
6120
6126
6160
6166
6180
6184
6210
6232
6246
6250
6270
6274
6290
6290
6312
6344
6348
6352
6356
6376
6396
6420
6428
6438
6444
6458
6464
6468
6480
6484
6490
6498
6532
6536
6544
6578
6590
6598
6602
6614
6616
6644
6648
6654
6698
6712
6714
6736
6740
6746
6754
6754
6762
6768
6776
6784
6786
6812
6814
6820
6828
6828
6836
6846
6856
6878
6878
6880
6884
6918
6922
6928
6938
6940
6942
6954
6976
6980
6984
7016
7044
7050
7060
7064
7074
7078
7088
7090
7100
7116
7118
7124
7124
7136
7140
7142
7144
7150
7156
7164
7166
7168
7172
7180
7182
7196
7206
7240
7252
7252
7270
7274
7286
7304
7304
7320
7338
7340
7360
7370
7390
7392
7398
7422
7426
7512
7522
7540
7560
7576
7578
7584
7588
7598
7632
7634
7640
7642
7652
7662
7668
7682
7692
7694
7696
7704
7716
7722
7726
7736
7740
7740
7746
7768
7778
7780
7784
7802
7816
7836
7842
7850
7852
7854
7860
7870
7892
7908
7912
7946
7980
7982
7986
7986
7988
7988
8002
8028
8040
8050
8054
8082
8082
8094
8128
8144
8178
8184
8184
8186
8188
8190
8190
8196
8200
8216
8226
8228
8236
8240
8264
8268
8270
8278
8316
8320
8324
8330
8344
8346
8348
8350
8358
8364
8366
8368
8370
8372
8372
8372
8386
8408
8412
8418
8426
8438
8452
8462
8466
8484
8502
8506
8506
8508
8532
8546
8566
8582
8590
8592
8630
8642
8666
8670
8674
8678
8678
8690
8708
8740
8740
8742
8756
8784
8790
8806
8806
8820
8830
8866
8896
8922
8924
8930
8932
8932
8940
8944
8946
8954
8968
8968
8988
8996
8996
9008
9018
9046
9060
9078
9082
9088
9100
9116
9152
9166
9172
9174
9190
9206
9208
9222
9246
9246
9246
9246
9250
9284
9296
9316
9320
9326
9332
9344
9346
9356
9370
9384
9398
9416
9416
9426
9442
9454
9470
9494
9518
9526
9534
9554
9554
9560
9564
9568
9582
9586
9602
9624
9626
9636
9656
9658
9670
9688
9704
9708
9726
9732
9746
9754
9758
9790
9792
9800
9812
9818
9820
9826
9838
9846
9846
9852
9902
9904
9908
9918
9968
9978
9988
9988
10046
10050
10050
10054
10058
10070
10076
10080
10104
10118
10120
10124
10128
10130
10138
10158
10158
10162
10166
10168
10176
10204
10228
10254
10256
10280
10286
10298
10324
10332
10362
10372
10414
10416
10436
10442
10454
10460
10492
10496
10500
10528
10550
10550
10588
10588
10600
10604
10606
10618
10620
10648
10648
10660
10660
10676
10682
10724
10724
10730
10738
10748
10760
10764
10774
10788
10788
10804
10804
10840
10840
10856
10864
10866
10872
10886
10898
10910
10930
10958
10962
10972
11032
11046
11060
11062
11066
11084
11094
11096
11096
11110
11132
11132
11134
11136
11138
11144
11150
11150
11186
11188
11206
11212
11212
11236
11242
11262
11264
11266
11272
11292
11300
11316
11320
11326
11356
11364
11364
11396
11406
11418
11428
11446
11452
11452
11458
11460
11464
11466
11478
11480
11506
11510
11512
11522
11524
11532
11538
11552
11570
11578
11586
11596
11610
11612
11622
11680
11690
11702
11730
11740
11740
11754
11776
11782
11782
11782
11786
11800
11802
11814
11818
11852
11858
11860
11890
11908
11914
11914
11914
11944
11952
11960
11964
11966
11966
11974
11982
11984
11986
11996
11996
12010
12010
12022
12026
12058
12066
12068
12078
12122
12132
12150
12160
12176
12186
12198
12226
12236
12252
12254
12274
12274
12290
12296
12306
12310
12328
12344
12350
12352
12352
12354
12354
12368
12410
12422
12424
12438
12444
12448
12448
12460
12462
12464
12468
12494
12496
12550
12550
12556
12560
12566
12572
12622
12634
12636
12640
12646
12666
12684
12692
12696
12706
12736
12752
12786
12786
12796
12798
12804
12808
12812
12826
12862
12862
12864
12884
12906
12910
12992
13000
13004
13022
13082
13084
13088
13100
13104
13106
13126
13126
13140
13142
13144
13144
13166
13180
13188
13192
13208
13216
13216
13218
13220
13222
13228
13262
13262
13270
13296
13306
13310
13314
13326
13328
13342
13362
13378
13380
13380
13382
13390
13428
13440
13456
13472
13472
13478
13484
13486
13500
13532
13542
13544
13570
13574
13580
13586
13586
13592
13598
13638
13670
13686
13710
13718
13724
13730
13732
13734
13736
13748
13748
13760
13764
13774
13800
13806
13814
13818
13834
13834
13836
13848
13852
13854
13860
13864
13866
13902
13920
13920
13928
13932
13942
13946
13994
13998
14016
14026
14036
14038
14048
14062
14064
14066
14074
14098
14106
14106
14118
14132
14132
14166
14168
14174
14174
14188
14212
14222
14242
14256
14278
14282
14282
14320
14328
14336
14338
14362
14366
14368
14378
14398
14398
14400
14400
14408
14412
14424
14424
14454
14482
14488
14488
14492
14512
14514
14522
14532
14548
14550
14558
14592
14606
14624
14644
14648
14658
14670
14672
14696
14706
14720
14720
14732
14738
14742
14752
14760
14778
14778
14780
14780
14784
14790
14802
14806
14812
14814
14816
14822
14826
14828
14834
14836
14840
14854
14856
14862
14870
14874
14890
14902
14910
14926
14934
14952
14956
14960
14972
14986
15008
15038
15038
15050
15056
15060
15088
15088
15094
15110
15132
15136
15142
15222
15250
15254
15266
15276
15276
15286
15290
15310
15320
15324
15326
15342
15342
15350
15352
15366
15370
15382
15446
15452
15458
15460
15480
15482
15484
15494
15504
15524
15534
15552
15560
15580
15588
15604
15616
15630
15638
15644
15686
15752
15756
15774
15776
15816
15816
15832
15934
16002
16090
16256
16256
16352
16450
16454
16624
16652
16738
16840
16900
17464
17492
17812
18542
18952
19028
19686
19792
19948
20000
20098
20294
20638
20832
21006
21924
22146
22240
22548
23216
23422
24482
25828
25896
26546
28132
29532
29556
29944
32102
32540
33970
36936
38216
39956
41316
42324
42482
43364
45252
47906
50606
54200
92288
122558
