Latencies
6810
6524
5786
5284
5212
5238
5438
5502
5578
5248
6060
5210
5892
5908
5358
5576
5208
5168
5984
5384
6612
5566
5314
5396
5044
13528
5348
6036
9180
5174
5326
6240
5760
5392
5500
5742
6556
5278
6184
5140
5226
5242
5824
5228
5666
10684
5278
5350
5136
5766
5194
23634
5524
5174
6054
6118
5300
5262
5142
5102
6490
4994
5584
5254
6588
5706
5442
12202
5382
5422
5960
5412
5294
5252
5954
5710
5438
5290
5216
5444
5548
5282
5348
13362
5240
6126
5168
5142
5126
5190
5030
5250
5136
5818
6334
5444
52766
5508
5230
5118
5254
5264
5078
5084
5722
5136
5666
12568
5144
16136
5578
5976
5214
5436
5286
5418
6964
6484
5524
5494
5480
5780
5330
5492
5704
5716
5568
5288
5614
5938
5162
5054
6314
5238
5550
18318
5212
5570
5240
5100
5160
5072
5244
11608
6378
5858
6066
57228
5256
5892
5340
5360
5950
5570
6614
5412
5548
5228
5506
5802
5404
6204
5674
6050
5936
5292
6238
5220
5026
21870
5326
5190
5076
5198
5214
5710
5470
6064
5540
5118
5188
6094
5148
5856
5140
5712
9800
5170
5586
6058
5602
5410
5190
5292
5800
6982
5452
5396
5194
5210
5730
5280
5900
5216
5300
5244
5264
5144
5222
6024
5282
41126
5368
5702
6118
5322
5180
6768
5858
5378
5828
5242
5506
5120
5582
5182
5630
5276
5750
5596
5382
5302
5610
5410
5306
5900
5300
5184
6392
5382
5310
5360
5250
6210
6572
5906
10228562
5580
5956
5326
5644
5218
5470
5992
5290
5342
5318
5216
5230
5186
6070
5142
5110
5910
5612
6036
7014
5444
5232
42562
8368
13454
6322
5184
5378
6514
5252
5230
5208
5278
8730
8172
5334
5558
5624
5862
32962
5220
6708
5492
5404
5238
5386
6104
5200
36160
5932
5246
5446
5438
5486
5292
6900
5422
5666
5534
5344
22874
5512
5496
5556
5782
5430
5376
5522
5312
5344
5596
5026
6110
5230
6030
5552
5352
6766
6232
5914
5354
5184
5340
5320
5664
5836
5238
5232
5300
5258
5152
5158
5762
5904
5712
5432
5380
5496
5522
5072
5336
6742
27250
5718
5256
5352
5782
8378
5762
5802
5260
6436
5616
5404
5802
5240
5412
5636
6320
5634
5860
6110
5604
5142
5718
5690
6166
5112
5548
5160
5082
5424
5944
5688
5282
5338
5596
5424
5878
5654
5352
5802
5590
15234
5260
5192
5644
5070
5818
6466
6014
5508
5416
5480
8834
5448
6354
5942
5420
5214
5216
5304
5940
5562
5238
5370
5294
5496
5514
24722
5834
5162
5194
5392
5052
5088
6200
5652
5040
5700
6106
5378
21548
5158
5436
6022
6714
5426
5336
5266
5108
24392
5400
5200
5864
5632
5002
5176
19824
5236
5260
5216
7264
21156
5776
5912
5174
25376
5646
6874
5188
5170
6122
5382
5654
5692
5840
5694
5666
5210
5372
5544
5176
6288
6036
