Latencies
5714
10026
8238
7660
13208
9720
10272
16866
11484
14684
11542
10686
13706
5628
5894
5964
6610
5336
9432
13522
8668
6754
13454
12094
11552
24660
14754
10978
15500
14356
15326
15034
14720
8960
5972
5560
13888
23776
8640
12566
16242
14744
16618
1808034
16278
7138
8236
8304
10104
14794
10448
6084
15472
6778
8990
13092
11152
10536
6220
7912
14704
16328
15532
14962
11330
12644
9354
5452
55562
6304
6652
11608
5074800
15138
15134
15352
6076
8538
10300
9268
12870
13148
8442
9502
23410
5884
8196
9548
15522
7582
6034
5346
5406
6110
5672
15346
11634
11226
9256
5958
13188
5670
10448
8100
13874
11286
14428
14336
12530
16430
8232
13824
5628
6140
6060
9526
6140
38372
15728
15026
35448
10488
8924
9026
5650
13496
11862
9936
11450
11238
6914
5396
5856
6200
5776
5444
5748
6078
12864
10512
7232
7768
7284
5838
11270
11378
11208
15214
7196
9254
5856
6370
11764
12988
10074
8330
14122
7074
7460
6244
7554
7968
11952
9602
14800
15124
15838
13476
6554
10740
10370
15276
9238
14822
14498
13184
15216
8082
23566
7516
11406
7908
7858
15330
49258
8504
9220
10238
13900
14608
13630
15818
5452
5986
5732
6048
6552
5578
5486
13780
13730
11288
6500
14588
23974
14796
5492
5580
14928
11386
13568
12908
11342
27468
11002
10098
9370
10758
7022
6982
6246
10122
14024
15034
15822
14818
6308
13680
6324
5394
5550
5778
9366
10590
19516
9398
13642
19580
11778
5674
16398
15050
15028
7064
24090
11718
6150
12552
9740
8522
14714
9144
12112
8080
12272
8876
13548
6554
5640
5640
5426
23960
14866
7342
7786
13224
5974
9808
5566
5644
5390
15448
15058
16968
8178
15138
14984
14428
12472
9660
14060
9158
10608
5906
14908
7852
14400
9586
14586
14510
14508
14082
14854
15112
14854
14194
14632
8962
15012
13496
8066
14230
6914
19918
5400
5916
5854
5488
6326
13394
11256
9700
7540
15692
12018
13428
9538
11312
11962
8840
11694
9576
20840
15012
8790
10820
8032
9608
14666
5362
5392
5664
5680
15098
14670
14650
15292
14628
15490
14798
8220
15840
13296
11118
10906
15310
12502
9506
10000
14826
8642
10436
6902
7652
15810
7344
12120
12124
8478
26302
5712
13672
15618
17610
12150
29430
5976
5766
5674
5656
6854
10858
6900
15640
5752
6110
5398
13292
15274
9138
11834
13544
6700
5826
11682
8486
15322
11026
13990
14490
8570
6916
6064
13408
5994
5728
5866
5494
5532
6084
5518
5498
5988
7574
14200
14636
13662
19718
15470
11924
6866
9716
8186
8792
15648
14936
15540
21034
12402
14740
15968
7120
15070
7076
13952
14068
17132
14752
6178
6096
6002
13502
14092
15254
17958
14144
14912
14896
13004
6526
7804
15440
5474
5586
5878
5934
5984
13906
8522
13454
13992
24618
14884
15626
14926
15188
16218
14730
14818
229974
7112
6240
6450
6276
6466
5972
15604
6010
15956
24398
9030
5880
5600
14104
9492
6510
12132
5548
6924
15400
15364
5514
6014
15718
14830
8232
7642
12134
13750
15064
6894
14470
8488
14288
15200
11016
12502
21876
12596
24630
9606
14814
11436
7396
12864
18216
18104
14996
6542
13704
7694
10154
13748
9240
25094
24096
34588
34678
15460
24078
6402
20604
11648
14710
12912
8654
16618
14964
10074
12470
6404
12260
14926
14282
13568
14636
14884
13936
14972
25012
15244
15112
15534
15596
15246
11662
13732
14984
6460
5526
5742
5462
5950
34608
13748
5522
5740
10162
6264
5748
6122
5780
14644
18148
15530
16156
19158
15228
22884
13292
8410
8808
11926
14710
6254
8328
6718
14652
9882
16094
10760
8474
10392
11322
23682
10496
10840
10964
5768
5666
6130
6188
7684
11248
5424
12082
11750
14808
10538
8052
14492
14834
15260
14952
14706
15434
5818
8932
14846
8740
6034
10252
7324
5650
6050
5430
13216
14826
24554
14930
8396
15748
14208
14898
14880
11436
9102
12358
11774
15110
14942
14750
6172
9736
9730
15420
10486
11766
5784
6654
12802
8458
15528
5866
6826
24852
14538
14856
15306
15440
11386
23746
8418
20952
10504
6298
21020
5910
6264
12716
6466
15698
6116
6056
5538
5596
5552
5822
6402
6234
5542
5596
6698
7810
12624
13132
24508
14970
15122
14636
14920
14656
15760
15342
18744
14896
19230
6176
5802
5942
6330
6080
5766
5710
6066
5764
5654
18250
8522
13322
13050
16824
6620
24618
14424
16970
12992
8122
19592
13562
6562
7040
5404
5384
19916
24100
15396
15262
51028
22962
14876
14588
6348
12790
9310
6736
6530
24706
15342
14500
14924
14824
15094
14724
14938
14630
12860
14858
8714
11130
14356
7048
5622
5376
5756
5860
5428
5602
5478
14876
13652
25716
15922
15370
15672
15652
14792
10888
6526
6194
9806
21218
14712
14224
5956
8850
14938
12228
8272
10658
13848
7612
5994
17360
6106
6446
5936
6148
5540
15278
14866
13438
15352
23784
15456
15676
14530
14930
5640
15920
11638
6376
5590
6400
13564
13052
21530
10696
9512
12814
11668
7748
9010
6300
5408
5892
12174
5644
5544
15994
10994
7382
15256
15418
15062
15146
15180
12750
12584
6546
7534
15368
14184
11244
13756
10290
10422
5784
14374
8044
6140
6348
5390
6208
5404
15932
22426
10378
21064
16470
11140
7682
6902
5886
5454
14330
15362
15170
11114
14202
13450
14168
11524
14614
14346
15948
34538
13190
21570
5726
5518
5974
5870
9680
11408
9000
7690
13678
6296
25478
5828
15030
15378
14500
14852
10540
14020
12598
10064
12478
10154
8378
11790
7650
9066
6298
14900
15448
6194
5950
5962
6104
5496
5468
25280
5684
11646
