Latencies
5030
5048
5050
5058
5062
5068
5078
5082
5084
5086
5086
5088
5092
5096
5098
5104
5106
5108
5112
5112
5112
5114
5116
5118
5122
5130
5132
5134
5134
5136
5138
5138
5140
5140
5140
5144
5148
5148
5148
5150
5152
5152
5154
5154
5154
5156
5160
5164
5168
5174
5176
5176
5178
5178
5178
5178
5178
5180
5182
5182
5182
5182
5182
5182
5184
5188
5192
5192
5192
5194
5196
5196
5196
5198
5198
5198
5198
5198
5200
5200
5202
5204
5204
5204
5204
5206
5206
5206
5208
5210
5212
5214
5214
5214
5214
5216
5218
5218
5218
5220
5220
5220
5220
5222
5222
5222
5224
5224
5224
5224
5224
5226
5226
5226
5228
5228
5228
5228
5228
5230
5230
5230
5232
5232
5232
5232
5234
5234
5234
5234
5234
5234
5234
5236
5236
5236
5236
5238
5238
5238
5240
5240
5240
5242
5242
5242
5242
5244
5244
5244
5244
5246
5246
5246
5246
5248
5248
5248
5248
5250
5250
5250
5250
5252
5252
5252
5254
5254
5254
5256
5256
5256
5258
5258
5260
5260
5260
5260
5260
5262
5262
5262
5262
5262
5262
5264
5264
5264
5266
5266
5266
5266
5268
5268
5268
5268
5268
5268
5268
5270
5270
5270
5270
5270
5272
5272
5272
5272
5274
5274
5274
5276
5276
5276
5276
5276
5276
5276
5278
5280
5280
5280
5280
5280
5284
5284
5284
5284
5284
5286
5286
5286
5288
5288
5288
5288
5290
5290
5290
5292
5292
5292
5292
5292
5294
5294
5294
5294
5294
5296
5296
5296
5296
5298
5300
5300
5302
5304
5304
5304
5304
5304
5306
5306
5306
5306
5308
5308
5308
5310
5310
5310
5312
5312
5312
5312
5312
5312
5312
5312
5314
5314
5314
5314
5314
5314
5316
5316
5316
5316
5318
5318
5320
5320
5320
5322
5322
5322
5322
5324
5324
5326
5326
5326
5326
5328
5328
5328
5328
5328
5328
5330
5330
5330
5330
5330
5332
5332
5332
5334
5334
5334
5334
5334
5334
5334
5336
5336
5338
5340
5340
5340
5340
5340
5342
5342
5342
5342
5344
5344
5344
5346
5346
5346
5346
5346
5348
5348
5348
5350
5350
5352
5354
5356
5358
5358
5358
5358
5360
5360
5360
5360
5360
5360
5362
5362
5362
5364
5364
5364
5366
5366
5368
5368
5368
5370
5370
5370
5372
5374
5374
5374
5376
5376
5376
5376
5376
5378
5378
5378
5380
5380
5380
5382
5382
5382
5382
5382
5382
5384
5384
5384
5384
5384
5386
5388
5388
5390
5390
5390
5390
5392
5392
5392
5394
5394
5394
5398
5400
5400
5400
5402
5402
5402
5402
5402
5402
5402
5404
5406
5406
5408
5408
5408
5408
5408
5408
5408
5410
5410
5410
5412
5412
5412
5412
5412
5414
5414
5414
5414
5416
5416
5416
5416
5420
5420
5420
5422
5422
5424
5424
5424
5426
5426
5426
5428
5428
5428
5428
5428
5428
5430
5430
5430
5430
5430
5430
5436
5436
5436
5438
5438
5438
5438
5440
5440
5448
5448
5450
5450
5450
5450
5452
5452
5452
5454
5454
5456
5458
5458
5460
5460
5460
5462
5462
5462
5464
5464
5464
5466
5466
5468
5474
5474
5476
5478
5480
5480
5480
5482
5482
5482
5482
5484
5484
5484
5484
5486
5486
5488
5490
5490
5494
5494
5494
5494
5496
5496
5498
5500
5500
5500
5502
5504
5504
5508
5510
5512
5512
5512
5514
5514
5516
5516
5516
5516
5518
5518
5518
5518
5518
5520
5522
5524
5526
5526
5528
5528
5528
5528
5530
5532
5534
5534
5536
5536
5538
5538
5542
5542
5542
5542
5544
5546
5550
5550
5552
5556
5558
5558
5558
5560
5560
5560
5560
5562
5562
5562
5566
5566
5568
5568
5568
5572
5574
5578
5582
5584
5584
5586
5590
5592
5594
5594
5594
5596
5596
5596
5602
5604
5604
5604
5606
5608
5610
5614
5616
5616
5616
5618
5618
5624
5624
5624
5626
5626
5628
5632
5632
5634
5638
5640
5642
5642
5642
5644
5646
5648
5648
5648
5652
5654
5654
5658
5662
5662
5662
5664
5666
5666
5666
5666
5666
5668
5668
5668
5672
5674
5674
5676
5676
5676
5678
5680
5680
5680
5684
5684
5684
5686
5690
5692
5694
5696
5696
5696
5698
5700
5702
5702
5704
5706
5708
5708
5710
5714
5718
5718
5720
5722
5724
5730
5734
5734
5734
5738
5738
5738
5742
5744
5744
5746
5746
5748
5750
5752
5752
5754
5754
5756
5758
5760
5762
5762
5762
5764
5764
5770
5774
5778
5782
5784
5784
5786
5786
5788
5788
5790
5790
5794
5796
5796
5800
5802
5806
5808
5808
5810
5812
5814
5814
5814
5816
5818
5820
5824
5824
5824
5826
5826
5826
5830
5830
5830
5834
5836
5838
5840
5842
5848
5848
5848
5850
5850
5850
5850
5852
5854
5854
5856
5858
5858
5864
5866
5866
5872
5872
5874
5876
5878
5882
5886
5886
5890
5892
5898
5902
5902
5904
5906
5906
5908
5908
5916
5918
5920
5920
5926
5930
5930
5932
5938
5938
5940
5940
5940
5942
5946
5946
5948
5954
5956
5956
5960
5960
5960
5960
5964
5964
5966
5970
5972
5974
5980
5982
5984
5988
5992
5992
5996
5998
6000
6000
6004
6004
6008
6008
6010
6010
6012
6016
6024
6024
6028
6038
6038
6038
6046
6046
6050
6054
6058
6060
6064
6064
6080
6086
6088
6092
6092
6092
6096
6096
6096
6106
6106
6112
6116
6132
6134
6138
6142
6148
6154
6170
6172
6172
6174
6176
6180
6186
6190
6194
6204
6208
6242
6244
6260
6274
6276
6278
6300
6314
6314
6322
6328
6328
6334
6340
6362
6362
6396
6396
6418
6428
6428
6430
6432
6434
6454
6462
6466
6482
6514
6528
6532
6538
6556
6570
6588
6596
6624
6650
6698
6700
6720
6720
6724
6732
6734
6742
6750
6754
6774
6780
6792
6798
6866
6962
6994
7064
7132
7136
7308
7352
7554
7618
7712
8012
8098
8424
8436
8582
8734
8926
9136
9810
9954
9960
11004
11008
11800
12876
13266
14136
14564
14916
15614
16444
17388
17402
18618
21382
22474
23016
24956
25068
26058
26616
28284
28442
30448
31898
32574
33166
34684
34986
35234
39928
43542
