Latencies
5204
5210
5218
5220
5228
5228
5232
5238
5242
5244
5244
5244
5244
5252
5262
5262
5264
5264
5266
5266
5270
5270
5274
5274
5276
5278
5280
5280
5280
5282
5282
5286
5288
5290
5290
5292
5292
5294
5294
5296
5298
5300
5300
5302
5304
5304
5306
5306
5308
5308
5308
5308
5310
5310
5314
5314
5314
5314
5316
5316
5316
5318
5320
5320
5320
5320
5322
5326
5326
5326
5328
5332
5332
5332
5332
5334
5334
5334
5334
5336
5338
5340
5340
5340
5340
5342
5344
5344
5346
5346
5346
5348
5348
5348
5348
5352
5352
5352
5352
5352
5354
5356
5356
5356
5356
5356
5356
5358
5358
5358
5358
5358
5360
5360
5360
5360
5362
5362
5364
5364
5366
5366
5366
5368
5368
5368
5370
5372
5372
5372
5372
5372
5372
5374
5376
5376
5376
5376
5378
5378
5378
5378
5380
5380
5380
5382
5382
5382
5382
5382
5382
5384
5384
5384
5386
5386
5386
5388
5388
5388
5388
5388
5388
5390
5390
5390
5392
5392
5392
5392
5392
5392
5392
5394
5394
5394
5394
5394
5396
5398
5398
5398
5398
5398
5400
5400
5400
5402
5402
5402
5404
5404
5404
5404
5406
5406
5406
5406
5406
5408
5408
5408
5408
5412
5412
5414
5414
5414
5414
5414
5416
5416
5416
5416
5418
5418
5420
5420
5420
5420
5420
5422
5422
5422
5422
5422
5422
5426
5426
5428
5428
5428
5428
5428
5430
5430
5430
5432
5432
5432
5432
5432
5432
5432
5434
5434
5434
5436
5436
5436
5436
5436
5436
5436
5438
5438
5440
5440
5440
5442
5442
5444
5444
5444
5444
5444
5446
5446
5446
5446
5446
5448
5448
5448
5448
5450
5450
5450
5450
5450
5450
5452
5452
5454
5454
5456
5456
5456
5456
5458
5458
5462
5466
5466
5468
5468
5470
5470
5472
5472
5472
5474
5476
5476
5476
5478
5478
5478
5480
5480
5480
5480
5482
5484
5484
5486
5486
5488
5488
5490
5490
5490
5492
5492
5492
5494
5496
5496
5498
5498
5498
5500
5500
5502
5502
5502
5502
5502
5504
5504
5506
5508
5508
5510
5510
5510
5510
5512
5512
5518
5518
5518
5518
5518
5520
5520
5522
5522
5522
5522
5524
5526
5528
5530
5530
5532
5532
5532
5532
5532
5532
5534
5534
5534
5534
5536
5536
5538
5538
5540
5542
5544
5546
5546
5546
5546
5548
5548
5550
5550
5550
5550
5550
5552
5552
5552
5552
5552
5554
5556
5556
5558
5560
5564
5564
5564
5566
5566
5570
5570
5572
5572
5574
5574
5576
5576
5576
5576
5578
5578
5578
5580
5580
5582
5582
5582
5582
5582
5582
5584
5584
5584
5586
5586
5586
5588
5588
5588
5590
5592
5592
5594
5594
5596
5596
5596
5596
5598
5598
5598
5600
5600
5602
5602
5602
5602
5604
5606
5606
5608
5610
5612
5618
5618
5620
5620
5622
5622
5622
5624
5624
5624
5624
5626
5628
5630
5634
5634
5634
5634
5640
5642
5642
5644
5644
5644
5644
5646
5646
5648
5648
5650
5650
5650
5652
5652
5652
5654
5654
5656
5656
5658
5658
5660
5660
5664
5666
5666
5666
5666
5668
5668
5670
5672
5674
5676
5676
5676
5676
5678
5678
5678
5678
5680
5680
5680
5684
5686
5688
5688
5692
5692
5696
5696
5698
5698
5698
5698
5700
5700
5702
5708
5708
5710
5712
5712
5714
5714
5714
5716
5716
5716
5722
5722
5722
5724
5724
5726
5726
5726
5728
5728
5730
5730
5732
5732
5734
5734
5734
5738
5740
5740
5740
5740
5742
5744
5748
5748
5752
5752
5754
5756
5756
5760
5760
5762
5764
5766
5768
5774
5774
5774
5780
5782
5782
5782
5782
5782
5784
5786
5786
5788
5792
5792
5792
5792
5794
5794
5796
5796
5798
5798
5798
5800
5800
5800
5802
5804
5804
5806
5806
5806
5810
5810
5812
5814
5818
5818
5818
5820
5822
5824
5824
5828
5830
5830
5836
5836
5838
5840
5840
5842
5842
5844
5846
5846
5848
5850
5850
5852
5852
5854
5856
5858
5860
5860
5860
5862
5864
5866
5866
5866
5868
5868
5870
5870
5872
5872
5872
5880
5882
5884
5888
5888
5890
5892
5892
5894
5898
5898
5898
5904
5904
5908
5910
5912
5914
5918
5918
5920
5922
5924
5928
5928
5928
5932
5932
5936
5938
5942
5944
5944
5948
5948
5950
5952
5952
5956
5956
5960
5960
5962
5962
5962
5962
5964
5964
5964
5968
5974
5974
5974
5976
5978
5980
5980
5982
5982
5982
5982
5984
5988
5990
5992
5992
5992
6000
6000
6004
6010
6016
6018
6020
6020
6020
6022
6022
6024
6024
6026
6026
6026
6030
6034
6036
6042
6044
6052
6052
6054
6056
6056
6058
6060
6060
6060
6064
6068
6072
6072
6078
6080
6080
6084
6084
6086
6088
6090
6094
6100
6104
6112
6114
6114
6114
6122
6134
6136
6140
6140
6144
6144
6146
6148
6150
6152
6166
6178
6182
6182
6186
6190
6190
6190
6194
6196
6200
6208
6212
6226
6226
6230
6232
6244
6244
6244
6246
6248
6250
6254
6258
6262
6268
6274
6276
6276
6282
6286
6290
6294
6296
6296
6298
6298
6300
6320
6354
6356
6366
6384
6388
6416
6418
6420
6428
6432
6452
6466
6470
6472
6478
6496
6516
6548
6552
6558
6578
6590
6606
6626
6646
6648
6662
6686
6720
6776
6780
6784
6806
6824
6876
6886
6902
6948
6986
7052
7074
7156
7236
7286
7336
7410
7532
7596
7682
7734
7850
7970
8070
8520
8960
9552
9626
10264
10320
11366
11422
11690
12102
12262
12378
13426
13438
14762
14820
15156
15864
16210
18000
19080
19302
19476
19848
20650
20658
21450
23066
23368
23808
24536
25776
27628
27978
28118
29320
31650
32488
33300
33756
34028
34416
35732
36576
36686
37112
37600
40212
41252
317076
