Latencies
5210
5224
5226
5238
5254
5258
5258
5260
5264
5264
5270
5272
5274
5274
5278
5278
5284
5286
5286
5294
5294
5296
5298
5302
5304
5310
5312
5314
5314
5316
5318
5318
5318
5320
5320
5320
5322
5324
5324
5326
5328
5328
5328
5328
5330
5332
5334
5334
5336
5340
5342
5344
5346
5346
5346
5346
5346
5346
5346
5348
5350
5350
5352
5352
5354
5354
5356
5356
5358
5360
5360
5362
5362
5362
5362
5364
5366
5368
5368
5370
5370
5370
5372
5372
5372
5372
5374
5374
5374
5374
5376
5376
5376
5376
5376
5378
5378
5378
5378
5380
5380
5382
5382
5382
5382
5384
5384
5384
5386
5386
5386
5386
5388
5388
5388
5390
5390
5390
5390
5392
5392
5392
5392
5392
5394
5394
5394
5394
5394
5394
5394
5396
5396
5396
5398
5398
5400
5400
5400
5402
5402
5404
5404
5404
5404
5406
5406
5406
5406
5408
5408
5408
5408
5410
5410
5410
5412
5412
5412
5412
5414
5414
5414
5416
5416
5416
5416
5416
5416
5416
5416
5418
5418
5420
5420
5422
5422
5422
5422
5422
5422
5424
5424
5426
5426
5426
5426
5428
5428
5428
5428
5428
5428
5430
5432
5432
5432
5434
5434
5434
5434
5434
5434
5436
5436
5436
5436
5436
5436
5436
5438
5438
5440
5442
5442
5442
5442
5442
5442
5442
5442
5444
5444
5444
5444
5444
5448
5448
5448
5450
5450
5450
5450
5450
5450
5452
5452
5452
5452
5452
5454
5454
5456
5456
5458
5458
5458
5458
5458
5458
5458
5460
5460
5460
5460
5462
5462
5462
5464
5464
5464
5464
5464
5464
5466
5466
5466
5466
5468
5468
5470
5470
5472
5472
5472
5472
5472
5474
5474
5474
5478
5478
5478
5480
5480
5482
5482
5484
5484
5484
5486
5486
5486
5488
5488
5488
5488
5490
5490
5492
5496
5496
5496
5496
5496
5498
5498
5498
5498
5500
5500
5500
5500
5500
5502
5502
5504
5504
5506
5506
5506
5506
5508
5508
5508
5508
5510
5510
5510
5510
5512
5512
5512
5514
5514
5516
5516
5516
5516
5516
5518
5518
5520
5520
5520
5522
5522
5522
5524
5524
5524
5526
5526
5528
5528
5532
5532
5532
5532
5534
5534
5534
5536
5538
5538
5538
5540
5540
5540
5540
5542
5542
5542
5542
5542
5542
5542
5542
5542
5542
5542
5544
5544
5544
5544
5544
5546
5546
5548
5550
5550
5550
5550
5552
5552
5552
5554
5554
5556
5556
5556
5556
5558
5558
5558
5558
5560
5560
5560
5562
5562
5562
5562
5562
5562
5562
5562
5562
5562
5562
5562
5562
5562
5564
5564
5564
5566
5566
5566
5566
5566
5566
5572
5572
5574
5576
5576
5576
5576
5576
5578
5578
5580
5580
5584
5584
5584
5584
5584
5586
5586
5586
5588
5588
5590
5590
5590
5590
5592
5592
5592
5592
5594
5594
5594
5594
5596
5596
5596
5598
5598
5600
5600
5600
5608
5608
5608
5608
5610
5610
5610
5610
5612
5616
5616
5616
5620
5620
5620
5620
5622
5622
5624
5624
5626
5626
5628
5628
5630
5632
5632
5634
5634
5634
5636
5636
5638
5638
5642
5642
5642
5642
5644
5644
5644
5646
5646
5646
5646
5646
5648
5648
5654
5658
5660
5660
5662
5664
5664
5666
5666
5670
5670
5672
5672
5674
5678
5680
5680
5680
5680
5680
5682
5682
5682
5684
5684
5684
5684
5686
5688
5688
5690
5690
5692
5692
5692
5692
5698
5698
5698
5700
5700
5702
5702
5702
5702
5704
5704
5712
5712
5712
5712
5714
5714
5716
5716
5716
5718
5720
5720
5722
5722
5724
5726
5726
5728
5734
5734
5738
5738
5738
5740
5740
5742
5744
5744
5744
5744
5744
5746
5746
5746
5748
5752
5752
5752
5754
5754
5754
5756
5758
5760
5760
5760
5764
5764
5768
5772
5772
5772
5772
5778
5780
5780
5782
5782
5784
5784
5784
5786
5786
5788
5790
5792
5794
5794
5794
5796
5796
5798
5800
5802
5802
5804
5810
5812
5812
5814
5814
5816
5816
5816
5818
5820
5820
5820
5822
5826
5828
5832
5832
5832
5836
5836
5836
5838
5838
5840
5840
5840
5842
5842
5844
5846
5846
5846
5858
5858
5866
5868
5868
5870
5870
5872
5874
5874
5876
5878
5878
5880
5882
5882
5882
5884
5884
5886
5886
5886
5888
5888
5888
5890
5892
5894
5896
5896
5898
5898
5898
5900
5900
5902
5906
5908
5910
5912
5914
5920
5926
5930
5930
5942
5948
5952
5956
5958
5958
5960
5960
5966
5968
5968
5978
5980
5980
5982
5988
5992
5996
6000
6000
6000
6002
6002
6004
6006
6010
6010
6014
6020
6022
6022
6024
6024
6026
6026
6028
6028
6032
6036
6040
6040
6040
6040
6042
6044
6050
6054
6056
6058
6058
6060
6064
6066
6066
6066
6066
6068
6074
6076
6080
6082
6084
6084
6084
6086
6086
6098
6100
6102
6102
6102
6104
6104
6104
6104
6108
6108
6112
6118
6120
6124
6124
6126
6126
6128
6128
6128
6128
6130
6132
6132
6136
6144
6144
6146
6148
6148
6154
6156
6158
6158
6166
6168
6168
6170
6170
6170
6176
6182
6184
6184
6188
6188
6188
6194
6198
6208
6214
6220
6220
6224
6226
6230
6232
6232
6236
6238
6240
6242
6256
6256
6258
6258
6260
6264
6272
6274
6276
6280
6280
6282
6284
6288
6296
6302
6304
6306
6308
6310
6312
6312
6314
6314
6318
6320
6324
6328
6332
6334
6334
6336
6346
6350
6350
6354
6356
6358
6362
6366
6368
6372
6374
6374
6376
6384
6386
6400
6410
6416
6418
6426
6434
6464
6464
6466
6474
6476
6476
6490
6520
6522
6528
6532
6542
6550
6552
6558
6558
6562
6564
6566
6568
6580
6586
6604
6608
6616
6644
6686
6720
6752
6758
6778
6874
6912
6932
6954
6984
7012
7044
7046
7092
7154
7316
7494
7794
7862
7882
8118
8470
8554
8686
8994
10072
10562
10842
12054
12346
12864
13268
13472
14126
16550
16658
17202
18266
18394
18568
23210
23940
25428
26100
26504
26550
27298
29824
32768
35630
38644
53446
53730
