Latencies
5010
5078
5084
5086
5088
5088
5092
5102
5104
5104
5104
5108
5112
5112
5116
5118
5120
5130
5132
5134
5138
5140
5142
5148
5148
5148
5148
5154
5154
5156
5156
5156
5158
5158
5160
5162
5164
5166
5168
5168
5170
5170
5170
5172
5172
5174
5174
5174
5174
5174
5176
5178
5178
5184
5184
5186
5188
5188
5188
5188
5192
5194
5194
5194
5194
5194
5196
5196
5198
5198
5198
5198
5200
5200
5200
5202
5202
5202
5204
5204
5204
5204
5206
5210
5210
5210
5210
5210
5210
5212
5214
5214
5214
5216
5218
5218
5220
5220
5220
5220
5220
5222
5222
5224
5224
5224
5226
5226
5226
5226
5226
5228
5228
5228
5230
5230
5232
5232
5232
5234
5234
5234
5236
5236
5236
5238
5238
5238
5238
5238
5240
5240
5240
5240
5242
5242
5242
5242
5244
5246
5246
5246
5246
5246
5248
5248
5248
5248
5248
5248
5250
5252
5252
5254
5254
5254
5256
5256
5256
5256
5256
5256
5258
5258
5258
5260
5260
5260
5262
5262
5262
5262
5264
5264
5264
5264
5264
5264
5264
5266
5266
5268
5268
5268
5270
5270
5270
5274
5274
5274
5276
5276
5276
5276
5276
5276
5278
5278
5278
5278
5280
5280
5282
5284
5284
5284
5284
5284
5284
5284
5286
5288
5288
5290
5292
5292
5292
5294
5294
5294
5296
5296
5296
5296
5298
5298
5298
5300
5300
5300
5300
5300
5302
5304
5304
5304
5304
5304
5306
5306
5306
5306
5306
5308
5308
5310
5310
5310
5312
5312
5312
5314
5314
5314
5314
5316
5316
5320
5320
5320
5320
5322
5322
5324
5324
5324
5324
5324
5326
5326
5328
5328
5328
5330
5334
5336
5336
5338
5338
5338
5338
5338
5338
5340
5340
5342
5344
5346
5346
5348
5350
5350
5354
5354
5354
5356
5356
5358
5360
5360
5360
5364
5364
5364
5364
5364
5368
5370
5370
5370
5370
5372
5372
5374
5374
5378
5378
5380
5380
5380
5380
5382
5384
5386
5388
5388
5390
5390
5392
5392
5394
5394
5394
5394
5396
5396
5398
5400
5400
5404
5406
5406
5406
5408
5410
5410
5412
5414
5416
5418
5418
5418
5418
5420
5420
5420
5420
5420
5422
5422
5424
5424
5424
5424
5426
5426
5426
5426
5428
5428
5430
5432
5432
5432
5432
5434
5434
5434
5434
5436
5436
5438
5438
5438
5440
5440
5440
5442
5442
5442
5442
5442
5444
5444
5446
5448
5450
5450
5452
5454
5454
5458
5458
5458
5460
5460
5464
5464
5464
5466
5470
5474
5476
5476
5476
5478
5480
5480
5482
5482
5482
5484
5484
5484
5484
5484
5486
5488
5490
5490
5490
5492
5492
5494
5494
5494
5494
5496
5496
5496
5498
5498
5498
5500
5500
5500
5500
5502
5504
5506
5508
5508
5510
5510
5510
5512
5512
5514
5514
5516
5516
5518
5520
5524
5524
5526
5526
5526
5528
5530
5530
5530
5530
5532
5532
5532
5532
5532
5534
5534
5534
5538
5538
5540
5542
5542
5542
5544
5544
5544
5544
5544
5546
5548
5550
5552
5552
5552
5552
5554
5556
5558
5558
5558
5560
5562
5562
5566
5568
5570
5570
5572
5574
5576
5576
5580
5584
5584
5588
5588
5588
5594
5594
5594
5594
5596
5598
5600
5600
5602
5606
5606
5610
5612
5616
5616
5616
5616
5618
5618
5620
5620
5622
5624
5628
5632
5632
5634
5636
5636
5636
5640
5642
5642
5642
5644
5644
5646
5648
5648
5650
5650
5652
5652
5652
5656
5658
5660
5662
5662
5662
5664
5666
5666
5672
5674
5674
5680
5682
5686
5686
5688
5688
5690
5692
5692
5696
5700
5700
5700
5704
5706
5706
5708
5710
5710
5712
5714
5716
5718
5720
5724
5726
5726
5726
5730
5730
5732
5732
5734
5734
5736
5736
5738
5738
5740
5740
5744
5748
5748
5750
5750
5750
5754
5754
5754
5754
5756
5758
5760
5762
5764
5766
5766
5770
5770
5772
5774
5774
5774
5776
5776
5776
5778
5778
5782
5782
5782
5784
5784
5786
5786
5788
5788
5788
5788
5790
5790
5790
5796
5796
5798
5798
5798
5800
5802
5802
5802
5802
5804
5806
5806
5808
5808
5810
5810
5810
5810
5810
5810
5812
5814
5818
5818
5822
5824
5826
5826
5826
5826
5828
5830
5834
5838
5838
5840
5844
5844
5846
5848
5850
5850
5854
5854
5854
5854
5856
5860
5862
5864
5870
5872
5872
5874
5876
5878
5880
5880
5882
5884
5888
5890
5892
5892
5892
5892
5900
5902
5902
5902
5904
5904
5904
5906
5906
5906
5906
5906
5906
5908
5910
5912
5914
5914
5914
5914
5920
5922
5924
5924
5928
5930
5930
5932
5934
5934
5934
5936
5936
5942
5944
5944
5946
5948
5950
5952
5952
5954
5958
5962
5962
5974
5978
5978
5980
5980
5982
5982
5982
5984
5986
5988
5990
5998
6000
6006
6006
6006
6014
6014
6020
6024
6024
6026
6028
6030
6032
6032
6036
6044
6048
6048
6050
6052
6054
6060
6062
6064
6064
6068
6070
6074
6074
6078
6082
6084
6084
6086
6088
6094
6094
6098
6100
6100
6104
6106
6112
6114
6114
6116
6120
6120
6122
6126
6126
6126
6132
6134
6138
6138
6144
6146
6150
6150
6150
6150
6150
6152
6152
6154
6158
6160
6170
6170
6170
6180
6180
6184
6184
6194
6198
6204
6216
6220
6238
6238
6240
6242
6242
6244
6250
6250
6250
6258
6276
6280
6288
6288
6290
6292
6306
6310
6314
6364
6364
6366
6390
6410
6452
6464
6480
6492
6496
6520
6526
6538
6554
6586
6588
6630
6640
6648
6670
6708
6714
6714
6728
6768
6800
6812
6844
6850
6856
6858
6862
6870
6894
6904
6922
6928
6952
6994
7012
7034
7038
7044
7074
7080
7084
7088
7122
7122
7124
7132
7162
7176
7196
7198
7200
7240
7248
7256
7264
7268
7286
7306
7314
7330
7344
7352
7388
7402
7418
7436
7454
7454
7486
7536
7596
7630
7642
7708
7726
7822
7846
7984
7988
8012
8072
8388
8582
8616
8660
8692
9938
10712
11764
11918
12642
14162
14176
15000
15300
16462
18682
21018
23158
26076
28066
28550
28730
30048
30304
30432
30742
32682
33242
33590
35760
41678
