Latencies
5140
5150
5160
5164
5166
5168
5192
5200
5202
5202
5204
5204
5214
5214
5220
5222
5222
5226
5228
5230
5232
5234
5236
5236
5238
5238
5238
5240
5240
5242
5242
5244
5244
5248
5250
5250
5250
5252
5256
5256
5256
5256
5258
5258
5260
5264
5264
5266
5268
5270
5270
5272
5272
5272
5274
5274
5278
5278
5278
5280
5282
5282
5284
5284
5284
5284
5284
5286
5288
5290
5290
5292
5292
5292
5294
5296
5296
5298
5298
5300
5300
5302
5302
5302
5304
5304
5304
5308
5308
5308
5310
5310
5310
5312
5316
5318
5320
5320
5320
5322
5322
5322
5324
5324
5326
5326
5326
5326
5326
5328
5328
5328
5328
5328
5330
5330
5330
5330
5330
5332
5332
5332
5334
5334
5334
5334
5336
5338
5340
5340
5340
5340
5340
5342
5342
5342
5344
5344
5344
5346
5346
5348
5348
5348
5350
5350
5350
5352
5352
5352
5352
5352
5354
5354
5356
5358
5358
5358
5358
5358
5358
5358
5360
5360
5360
5360
5360
5362
5362
5362
5364
5364
5364
5364
5366
5366
5368
5370
5370
5370
5370
5372
5372
5372
5372
5372
5372
5374
5374
5374
5374
5376
5376
5376
5380
5382
5382
5382
5382
5384
5384
5384
5384
5386
5386
5386
5388
5388
5388
5390
5390
5390
5390
5390
5390
5392
5392
5392
5396
5396
5396
5396
5396
5398
5398
5398
5398
5398
5398
5400
5402
5402
5402
5402
5402
5402
5404
5404
5404
5406
5406
5406
5406
5406
5406
5408
5408
5408
5412
5414
5416
5416
5416
5416
5418
5418
5418
5418
5418
5418
5420
5420
5422
5422
5424
5424
5424
5426
5426
5430
5430
5430
5432
5434
5434
5434
5434
5436
5436
5436
5436
5438
5440
5442
5442
5442
5444
5444
5444
5444
5444
5446
5446
5448
5448
5448
5450
5450
5450
5450
5452
5454
5454
5456
5456
5456
5456
5456
5456
5458
5458
5458
5458
5458
5460
5460
5462
5462
5462
5462
5462
5462
5464
5464
5466
5466
5466
5468
5470
5470
5470
5470
5474
5474
5474
5476
5476
5478
5478
5478
5480
5480
5482
5482
5484
5484
5484
5486
5488
5492
5492
5492
5494
5494
5496
5496
5498
5498
5498
5498
5498
5500
5500
5502
5502
5504
5504
5504
5504
5506
5506
5506
5508
5508
5510
5510
5510
5510
5512
5512
5512
5514
5514
5514
5514
5516
5516
5518
5518
5520
5522
5522
5522
5524
5524
5524
5524
5526
5526
5528
5528
5530
5530
5530
5532
5532
5534
5534
5534
5536
5536
5536
5538
5540
5542
5544
5544
5544
5544
5544
5546
5546
5546
5546
5548
5548
5548
5550
5552
5552
5552
5552
5552
5554
5554
5554
5554
5556
5556
5560
5562
5562
5562
5566
5566
5568
5568
5570
5572
5572
5572
5572
5574
5574
5574
5576
5578
5580
5580
5580
5580
5580
5582
5584
5584
5584
5584
5586
5586
5588
5590
5594
5594
5594
5596
5596
5596
5598
5598
5598
5600
5600
5600
5602
5602
5604
5606
5606
5606
5606
5608
5610
5610
5610
5610
5612
5614
5616
5616
5616
5616
5618
5622
5622
5624
5624
5626
5626
5628
5628
5628
5634
5634
5636
5640
5642
5642
5642
5642
5644
5648
5648
5650
5650
5650
5652
5652
5654
5654
5654
5656
5656
5658
5660
5662
5662
5664
5664
5670
5670
5670
5674
5676
5678
5680
5680
5680
5682
5682
5684
5684
5686
5688
5688
5690
5692
5692
5696
5698
5698
5700
5700
5702
5702
5704
5704
5704
5706
5708
5710
5712
5712
5712
5714
5714
5714
5714
5720
5722
5722
5722
5722
5724
5724
5726
5726
5726
5728
5730
5730
5732
5732
5732
5740
5740
5740
5742
5744
5746
5748
5748
5748
5748
5750
5750
5752
5752
5758
5760
5760
5764
5764
5764
5766
5766
5766
5766
5766
5768
5770
5776
5778
5778
5778
5780
5780
5782
5788
5792
5792
5792
5792
5798
5798
5800
5802
5804
5806
5806
5808
5808
5810
5812
5814
5818
5818
5818
5822
5822
5824
5824
5828
5828
5830
5832
5834
5834
5834
5834
5836
5838
5838
5840
5840
5844
5846
5848
5850
5850
5856
5856
5858
5864
5870
5870
5872
5876
5876
5876
5884
5886
5888
5890
5896
5898
5898
5900
5902
5904
5904
5906
5906
5906
5914
5918
5920
5920
5922
5922
5930
5930
5934
5934
5934
5938
5938
5938
5938
5940
5942
5944
5946
5946
5946
5946
5948
5948
5948
5950
5952
5954
5956
5956
5956
5960
5968
5970
5970
5976
5976
5978
5980
5984
5984
5986
5986
5990
5990
5992
5992
5994
5994
6000
6000
6004
6004
6004
6006
6008
6012
6020
6020
6022
6028
6030
6030
6032
6032
6032
6036
6038
6042
6044
6050
6052
6052
6060
6062
6064
6066
6074
6078
6078
6082
6082
6088
6090
6090
6094
6096
6096
6096
6096
6098
6104
6104
6108
6108
6112
6114
6118
6120
6122
6126
6128
6128
6134
6136
6136
6138
6140
6140
6146
6146
6148
6148
6148
6150
6150
6152
6154
6158
6160
6160
6160
6166
6172
6176
6178
6178
6182
6184
6186
6190
6194
6196
6198
6200
6200
6202
6204
6206
6206
6210
6214
6216
6234
6236
6236
6238
6244
6246
6248
6264
6264
6268
6274
6286
6288
6294
6296
6298
6298
6304
6306
6326
6332
6338
6348
6352
6370
6380
6392
6406
6416
6418
6424
6424
6448
6466
6538
6544
6552
6556
6558
6564
6608
6612
6622
6640
6644
6644
6646
6660
6662
6676
6726
6728
6744
6764
6774
6796
6800
6810
6810
6822
6842
6850
6882
6906
6908
6912
6936
6962
6968
6998
7008
7036
7042
7050
7056
7064
7146
7158
7160
7240
7262
7272
7344
7372
7440
7448
7474
7516
7568
7614
7676
7744
7758
7762
7786
7880
7982
8068
8078
8168
8184
8322
8456
8526
8750
8754
8804
8904
8926
9166
9204
9238
9324
9386
9528
9654
9750
9832
9966
10274
10546
11090
11304
11412
11708
12786
14240
14564
14858
18404
21252
22572
22784
22942
25166
25896
26244
28144
29646
32118
36374
37076
52426
