Latencies
5088
5094
5118
5118
5138
5146
5150
5154
5154
5156
5160
5168
5174
5178
5180
5190
5194
5194
5194
5198
5200
5200
5202
5202
5202
5202
5202
5206
5206
5206
5208
5208
5212
5214
5214
5216
5216
5218
5218
5220
5220
5222
5224
5226
5228
5228
5228
5228
5228
5230
5230
5232
5232
5232
5234
5234
5234
5234
5234
5236
5236
5240
5240
5242
5244
5244
5244
5246
5246
5248
5248
5248
5248
5250
5250
5250
5252
5252
5252
5252
5254
5254
5254
5256
5256
5258
5258
5258
5258
5258
5258
5258
5260
5260
5260
5260
5260
5260
5260
5260
5260
5260
5262
5262
5264
5264
5266
5270
5270
5270
5272
5272
5272
5272
5272
5272
5274
5274
5274
5274
5274
5274
5276
5276
5276
5276
5276
5276
5276
5278
5280
5280
5280
5280
5282
5284
5286
5286
5286
5286
5286
5286
5286
5288
5288
5290
5290
5290
5290
5290
5290
5290
5290
5290
5290
5290
5290
5292
5292
5294
5294
5294
5294
5294
5296
5296
5298
5298
5298
5298
5298
5300
5302
5302
5302
5302
5302
5304
5304
5306
5306
5306
5306
5308
5308
5308
5308
5310
5310
5310
5312
5312
5314
5314
5316
5316
5318
5318
5318
5318
5318
5318
5318
5320
5320
5320
5320
5322
5322
5322
5322
5322
5322
5324
5324
5324
5326
5326
5328
5328
5330
5330
5330
5330
5332
5332
5332
5334
5336
5336
5336
5338
5338
5340
5340
5340
5340
5342
5342
5342
5342
5342
5342
5342
5344
5344
5344
5344
5346
5346
5346
5346
5348
5348
5350
5350
5354
5354
5354
5356
5356
5356
5358
5358
5358
5358
5358
5360
5360
5360
5362
5362
5362
5364
5364
5364
5366
5366
5366
5368
5368
5368
5368
5370
5372
5372
5372
5374
5374
5376
5378
5378
5380
5380
5382
5382
5382
5382
5384
5384
5388
5388
5388
5388
5390
5390
5390
5392
5392
5394
5394
5394
5396
5396
5396
5396
5396
5400
5400
5400
5400
5400
5400
5400
5400
5402
5402
5402
5404
5404
5406
5406
5408
5408
5410
5410
5410
5412
5412
5412
5412
5414
5414
5414
5418
5418
5420
5420
5422
5422
5424
5424
5426
5426
5430
5432
5432
5432
5432
5432
5432
5434
5434
5436
5436
5438
5438
5440
5440
5442
5442
5442
5444
5444
5444
5446
5446
5446
5448
5448
5452
5452
5458
5458
5458
5458
5460
5460
5462
5462
5462
5462
5462
5462
5464
5464
5466
5466
5468
5468
5470
5472
5472
5474
5474
5476
5478
5478
5478
5478
5480
5480
5480
5480
5486
5486
5486
5488
5488
5488
5490
5492
5492
5492
5492
5492
5494
5496
5498
5500
5500
5500
5502
5502
5504
5504
5504
5508
5508
5514
5514
5514
5518
5518
5518
5518
5520
5520
5522
5522
5522
5524
5526
5528
5528
5528
5528
5528
5530
5532
5538
5538
5540
5540
5540
5540
5540
5542
5542
5542
5544
5546
5546
5546
5550
5550
5552
5552
5552
5554
5554
5556
5558
5562
5562
5562
5562
5564
5564
5564
5564
5564
5566
5566
5566
5568
5572
5576
5576
5578
5578
5580
5582
5584
5586
5586
5586
5586
5590
5590
5590
5592
5592
5592
5596
5598
5598
5598
5598
5598
5598
5600
5602
5602
5604
5604
5606
5606
5606
5610
5610
5612
5616
5620
5622
5624
5624
5624
5630
5630
5630
5630
5632
5632
5636
5636
5636
5636
5640
5642
5644
5644
5646
5648
5650
5650
5652
5652
5652
5652
5654
5658
5660
5662
5664
5668
5670
5670
5670
5674
5676
5678
5682
5682
5682
5682
5686
5686
5686
5688
5692
5694
5694
5702
5704
5704
5704
5706
5708
5708
5708
5712
5714
5714
5714
5720
5722
5722
5722
5726
5730
5732
5732
5732
5734
5734
5738
5740
5740
5740
5740
5742
5742
5748
5748
5748
5748
5756
5758
5758
5758
5758
5764
5764
5766
5768
5768
5768
5772
5774
5774
5776
5776
5778
5778
5778
5780
5782
5782
5784
5788
5790
5790
5792
5796
5798
5800
5800
5800
5800
5802
5802
5802
5802
5804
5804
5804
5806
5806
5808
5808
5810
5812
5812
5814
5816
5818
5818
5818
5822
5822
5826
5826
5828
5830
5830
5832
5834
5836
5840
5842
5842
5842
5842
5842
5844
5848
5850
5850
5850
5852
5854
5854
5858
5860
5860
5860
5860
5864
5864
5868
5868
5868
5870
5872
5874
5874
5874
5878
5880
5882
5884
5886
5886
5894
5894
5894
5896
5896
5898
5898
5900
5900
5900
5902
5902
5902
5904
5904
5904
5908
5910
5912
5914
5914
5916
5918
5918
5922
5926
5926
5928
5928
5928
5930
5930
5930
5934
5938
5938
5942
5942
5944
5944
5944
5948
5950
5952
5954
5956
5956
5960
5962
5964
5964
5966
5968
5968
5970
5970
5972
5972
5972
5974
5974
5976
5976
5978
5978
5978
5980
5982
5986
5988
5988
5988
5994
5996
5998
5998
6000
6000
6004
6006
6010
6012
6014
6018
6018
6022
6028
6030
6032
6032
6034
6034
6036
6038
6040
6040
6042
6042
6044
6046
6054
6058
6058
6058
6058
6058
6062
6062
6064
6066
6070
6070
6078
6082
6084
6084
6096
6096
6096
6102
6106
6106
6106
6120
6124
6132
6136
6140
6148
6150
6150
6154
6160
6160
6168
6184
6184
6188
6190
6192
6202
6202
6204
6208
6208
6214
6214
6216
6222
6226
6230
6236
6236
6242
6252
6256
6262
6268
6280
6286
6286
6294
6296
6296
6316
6318
6330
6346
6354
6356
6360
6360
6380
6382
6402
6402
6412
6430
6450
6456
6458
6482
6484
6530
6582
6584
6604
6620
6620
6628
6640
6656
6694
6704
6722
6726
6730
6766
6792
6820
6872
6882
6886
6926
6958
6992
7016
7044
7048
7058
7144
7290
7304
7424
7442
7472
7622
7698
7722
7772
8076
8152
8468
8626
8666
9366
10414
10478
10808
10896
10926
11010
11124
11288
11430
11638
11838
13286
13450
13634
13780
13806
14466
14560
14578
14756
14930
15120
19116
20056
20060
20770
25634
476016
