Latencies
5172
5194
5198
5200
5212
5228
5230
5240
5242
5244
5246
5248
5256
5256
5256
5258
5260
5260
5260
5262
5262
5262
5264
5264
5264
5266
5268
5274
5274
5282
5282
5282
5284
5284
5284
5286
5288
5290
5290
5290
5292
5292
5294
5296
5300
5304
5308
5308
5308
5308
5310
5312
5312
5314
5314
5314
5314
5316
5316
5324
5326
5326
5326
5328
5328
5330
5330
5332
5332
5332
5332
5334
5334
5336
5336
5336
5342
5344
5346
5346
5348
5348
5350
5350
5350
5350
5352
5354
5354
5354
5356
5356
5356
5356
5356
5356
5358
5358
5358
5360
5360
5360
5360
5360
5364
5364
5364
5364
5364
5366
5366
5366
5366
5366
5366
5368
5368
5372
5372
5374
5374
5374
5374
5376
5376
5376
5376
5376
5378
5378
5378
5380
5380
5380
5382
5382
5384
5384
5384
5384
5384
5384
5384
5386
5386
5386
5386
5390
5390
5392
5392
5392
5394
5394
5394
5394
5394
5396
5396
5396
5396
5396
5396
5398
5400
5400
5400
5400
5402
5402
5402
5402
5402
5404
5404
5404
5404
5404
5404
5404
5406
5406
5406
5406
5406
5406
5406
5406
5406
5408
5408
5408
5408
5408
5408
5408
5410
5412
5412
5414
5414
5416
5416
5416
5416
5418
5420
5420
5420
5420
5420
5422
5422
5422
5424
5424
5424
5424
5426
5426
5426
5426
5426
5426
5428
5428
5430
5430
5432
5434
5434
5434
5434
5436
5438
5438
5438
5440
5440
5440
5442
5442
5442
5442
5442
5444
5444
5444
5444
5444
5444
5444
5444
5444
5446
5446
5446
5446
5448
5448
5448
5448
5450
5450
5450
5450
5450
5450
5450
5452
5452
5452
5454
5454
5458
5460
5460
5460
5460
5460
5462
5464
5464
5464
5466
5468
5470
5472
5472
5472
5472
5474
5474
5474
5474
5474
5474
5474
5474
5474
5476
5476
5476
5478
5478
5478
5478
5478
5478
5480
5480
5480
5480
5480
5480
5480
5482
5482
5482
5484
5484
5484
5486
5486
5486
5488
5488
5490
5490
5492
5492
5492
5492
5492
5494
5496
5496
5496
5498
5498
5500
5500
5500
5500
5502
5502
5502
5504
5504
5504
5506
5506
5506
5508
5508
5510
5512
5514
5514
5514
5516
5516
5516
5516
5516
5518
5518
5518
5518
5518
5522
5522
5522
5522
5522
5522
5524
5524
5526
5526
5526
5526
5528
5528
5530
5532
5532
5532
5534
5534
5536
5536
5538
5538
5540
5540
5542
5542
5542
5542
5544
5546
5546
5550
5550
5550
5552
5554
5554
5554
5554
5556
5556
5558
5560
5560
5562
5562
5562
5564
5564
5564
5564
5566
5566
5568
5568
5568
5568
5568
5570
5570
5574
5574
5574
5574
5574
5574
5574
5576
5578
5578
5580
5580
5580
5582
5582
5584
5584
5584
5586
5590
5590
5590
5590
5594
5596
5596
5596
5598
5598
5600
5606
5606
5608
5608
5610
5610
5610
5612
5612
5614
5614
5614
5616
5616
5616
5618
5618
5622
5622
5622
5622
5622
5624
5626
5628
5630
5630
5632
5632
5632
5632
5634
5634
5638
5638
5638
5638
5642
5642
5642
5644
5644
5644
5644
5644
5646
5646
5646
5648
5648
5650
5650
5650
5650
5652
5652
5656
5658
5658
5658
5658
5658
5658
5658
5660
5660
5660
5660
5662
5664
5666
5668
5668
5670
5674
5676
5676
5678
5678
5680
5680
5680
5680
5682
5682
5682
5682
5684
5684
5684
5684
5686
5690
5690
5690
5692
5692
5694
5694
5696
5696
5698
5700
5700
5700
5700
5700
5702
5702
5702
5704
5706
5706
5706
5708
5708
5708
5710
5710
5710
5710
5712
5716
5716
5716
5718
5720
5720
5720
5722
5728
5730
5732
5734
5734
5734
5736
5738
5738
5740
5740
5742
5744
5744
5746
5746
5748
5750
5750
5750
5750
5752
5752
5754
5754
5754
5754
5754
5756
5758
5758
5764
5764
5766
5766
5768
5770
5772
5772
5772
5772
5774
5774
5774
5774
5776
5778
5778
5780
5780
5782
5784
5786
5788
5790
5790
5790
5792
5794
5794
5798
5800
5800
5804
5804
5804
5806
5806
5808
5810
5812
5814
5814
5816
5816
5816
5818
5818
5820
5820
5822
5822
5824
5826
5826
5826
5828
5832
5838
5838
5840
5842
5842
5844
5846
5846
5846
5848
5848
5848
5848
5854
5854
5854
5856
5858
5858
5860
5860
5862
5866
5870
5870
5872
5874
5880
5880
5882
5882
5884
5884
5886
5888
5892
5894
5894
5894
5898
5900
5900
5902
5906
5906
5908
5910
5910
5916
5916
5918
5920
5922
5922
5922
5922
5922
5924
5928
5930
5930
5932
5934
5934
5934
5934
5936
5936
5944
5944
5944
5946
5948
5952
5954
5954
5956
5958
5958
5962
5962
5964
5968
5968
5968
5968
5970
5972
5974
5974
5978
5978
5978
5980
5982
5982
5984
5984
5986
5990
5990
5996
5996
5996
6000
6002
6002
6004
6006
6006
6008
6008
6012
6012
6014
6020
6022
6022
6026
6028
6034
6034
6034
6036
6038
6038
6038
6038
6044
6046
6048
6050
6050
6052
6052
6054
6056
6056
6058
6058
6058
6058
6058
6060
6060
6064
6066
6070
6070
6070
6072
6074
6074
6084
6084
6088
6088
6088
6090
6090
6090
6092
6094
6094
6096
6100
6108
6108
6110
6112
6112
6116
6116
6118
6120
6120
6122
6122
6124
6128
6132
6142
6142
6144
6148
6150
6150
6154
6156
6158
6158
6160
6162
6162
6168
6168
6168
6172
6172
6174
6178
6178
6186
6188
6192
6192
6194
6204
6206
6214
6218
6224
6226
6226
6226
6230
6232
6234
6238
6240
6240
6246
6246
6246
6250
6250
6266
6272
6276
6276
6276
6278
6278
6278
6282
6284
6290
6300
6302
6308
6324
6324
6334
6338
6338
6346
6348
6358
6360
6366
6366
6376
6380
6382
6394
6412
6434
6444
6446
6452
6452
6454
6474
6476
6486
6492
6496
6528
6530
6536
6546
6562
6564
6588
6592
6592
6600
6602
6616
6632
6688
6690
6720
6752
6752
6768
6782
6812
6814
6818
6850
6854
6860
6866
6988
7206
7352
7768
8092
9352
10406
10596
11308
11988
13224
14730
14892
15026
16178
16256
18366
24282
24992
25774
27190
27884
33612
53476
10107942
58841436
