Latencies
5230
5266
5270
5284
5288
5288
5294
5296
5296
5306
5306
5310
5318
5318
5322
5324
5326
5328
5330
5332
5336
5340
5340
5340
5340
5342
5342
5346
5346
5348
5350
5350
5350
5352
5352
5354
5354
5354
5354
5356
5356
5356
5356
5358
5358
5358
5360
5360
5362
5362
5362
5362
5362
5364
5364
5364
5364
5364
5366
5366
5366
5368
5368
5368
5368
5368
5370
5370
5370
5370
5374
5376
5376
5376
5378
5378
5378
5380
5380
5380
5380
5382
5384
5384
5384
5384
5384
5386
5386
5388
5390
5392
5392
5392
5394
5394
5394
5396
5396
5396
5398
5398
5398
5398
5400
5400
5400
5402
5402
5402
5404
5404
5404
5404
5406
5406
5406
5406
5406
5408
5408
5408
5408
5408
5410
5410
5412
5412
5414
5416
5416
5416
5418
5422
5422
5422
5422
5424
5424
5426
5426
5426
5426
5426
5428
5428
5430
5430
5432
5432
5434
5434
5434
5434
5434
5436
5436
5438
5438
5438
5438
5440
5440
5440
5442
5442
5442
5444
5444
5444
5446
5446
5448
5448
5448
5450
5450
5450
5450
5452
5452
5452
5454
5454
5454
5454
5454
5456
5456
5458
5458
5460
5460
5460
5460
5462
5462
5462
5464
5464
5464
5464
5464
5464
5466
5466
5466
5466
5466
5466
5466
5468
5468
5470
5470
5470
5470
5470
5472
5472
5472
5472
5472
5472
5476
5476
5476
5478
5480
5480
5480
5482
5482
5482
5484
5484
5484
5486
5486
5488
5488
5488
5488
5490
5490
5492
5492
5492
5492
5492
5492
5494
5494
5494
5494
5494
5496
5496
5496
5498
5498
5498
5498
5500
5500
5500
5500
5500
5500
5500
5502
5502
5502
5504
5504
5504
5504
5504
5504
5506
5506
5506
5506
5506
5506
5508
5508
5508
5510
5510
5510
5510
5510
5510
5512
5512
5512
5512
5512
5512
5514
5514
5514
5514
5514
5518
5518
5518
5518
5518
5520
5520
5520
5520
5520
5522
5522
5522
5522
5522
5524
5524
5524
5526
5526
5526
5528
5528
5528
5528
5528
5530
5530
5530
5530
5530
5530
5532
5532
5532
5532
5534
5534
5534
5536
5536
5536
5536
5538
5538
5540
5540
5540
5540
5542
5542
5542
5542
5542
5542
5542
5542
5544
5544
5546
5546
5546
5546
5546
5548
5548
5548
5550
5550
5550
5552
5552
5554
5554
5556
5556
5556
5558
5558
5558
5558
5558
5558
5558
5560
5562
5562
5562
5562
5566
5566
5568
5568
5568
5568
5568
5570
5572
5572
5574
5576
5576
5576
5576
5578
5578
5578
5580
5582
5584
5586
5588
5588
5590
5590
5590
5592
5592
5592
5594
5594
5594
5594
5596
5596
5596
5596
5596
5596
5598
5600
5602
5602
5602
5602
5604
5606
5606
5608
5610
5610
5610
5612
5612
5618
5618
5618
5624
5626
5626
5628
5630
5630
5634
5634
5636
5636
5638
5638
5638
5638
5642
5642
5646
5648
5648
5648
5648
5648
5652
5652
5654
5656
5656
5658
5660
5660
5662
5664
5664
5666
5666
5666
5666
5668
5668
5670
5670
5674
5680
5680
5680
5682
5682
5684
5684
5684
5686
5688
5688
5688
5688
5688
5690
5690
5690
5692
5694
5694
5696
5696
5702
5704
5704
5708
5708
5708
5714
5714
5718
5718
5720
5724
5724
5726
5726
5728
5730
5732
5736
5736
5738
5738
5738
5740
5742
5742
5742
5744
5748
5748
5750
5750
5750
5752
5752
5752
5754
5754
5758
5758
5758
5758
5762
5764
5764
5766
5766
5766
5766
5768
5768
5768
5772
5772
5774
5774
5776
5778
5782
5784
5784
5786
5786
5788
5790
5790
5790
5792
5794
5796
5796
5798
5798
5800
5800
5802
5802
5808
5808
5810
5810
5810
5814
5816
5816
5816
5818
5818
5822
5824
5824
5824
5830
5830
5830
5830
5832
5832
5836
5838
5838
5838
5838
5838
5840
5840
5840
5842
5844
5844
5846
5846
5850
5852
5854
5854
5856
5856
5856
5860
5862
5862
5862
5862
5866
5866
5866
5872
5872
5878
5886
5886
5886
5886
5888
5890
5890
5892
5894
5894
5894
5894
5896
5900
5900
5902
5904
5906
5908
5910
5910
5910
5912
5914
5916
5918
5918
5918
5918
5920
5922
5922
5924
5926
5926
5926
5926
5930
5934
5934
5934
5936
5936
5938
5942
5942
5944
5944
5944
5944
5946
5948
5954
5960
5960
5960
5962
5964
5968
5968
5968
5970
5970
5970
5972
5972
5974
5974
5976
5978
5982
5982
5984
5986
5988
5992
5994
5994
5994
5998
6000
6000
6000
6000
6002
6002
6004
6004
6008
6010
6014
6016
6018
6018
6018
6018
6020
6020
6022
6024
6026
6026
6026
6026
6026
6028
6032
6036
6038
6038
6038
6038
6038
6038
6040
6040
6042
6042
6042
6044
6044
6044
6048
6050
6050
6050
6052
6052
6052
6054
6058
6062
6062
6064
6064
6064
6066
6066
6066
6068
6068
6068
6068
6068
6068
6068
6074
6074
6074
6074
6076
6078
6082
6084
6084
6088
6090
6094
6096
6100
6100
6102
6104
6106
6108
6112
6112
6120
6120
6120
6122
6122
6122
6126
6126
6130
6134
6134
6148
6150
6152
6152
6164
6164
6166
6168
6168
6170
6172
6174
6176
6178
6180
6180
6180
6182
6184
6188
6190
6192
6192
6194
6196
6198
6198
6200
6202
6204
6204
6206
6212
6218
6220
6220
6220
6224
6224
6226
6234
6236
6238
6238
6246
6248
6252
6252
6254
6258
6260
6260
6260
6264
6264
6266
6270
6272
6272
6272
6276
6278
6280
6294
6312
6316
6322
6322
6324
6336
6344
6346
6354
6356
6366
6366
6370
6372
6376
6376
6380
6408
6414
6448
6452
6458
6468
6480
6482
6486
6508
6508
6516
6568
6572
6594
6598
6634
6634
6654
6666
6672
6676
6706
6712
6712
6714
6750
6800
6804
6850
6882
7082
7116
7120
7136
7190
7428
7468
7498
7802
7852
7854
8068
8302
8358
8510
8638
8952
10306
11072
13362
13778
13790
14488
15222
16938
