Latencies
5246
5252
5252
5256
5258
5262
5268
5270
5270
5270
5270
5272
5278
5286
5288
5290
5298
5318
5328
5330
5332
5336
5338
5338
5338
5340
5340
5342
5346
5348
5348
5350
5352
5356
5358
5364
5366
5366
5368
5372
5380
5380
5380
5382
5384
5386
5386
5388
5388
5390
5390
5392
5394
5394
5398
5400
5414
5418
5422
5424
5426
5430
5440
5442
5450
5450
5452
5458
5460
5462
5462
5464
5466
5468
5472
5480
5486
5492
5502
5502
5510
5510
5514
5518
5520
5522
5524
5526
5526
5530
5530
5532
5532
5536
5540
5540
5542
5542
5544
5544
5546
5550
5550
5550
5554
5554
5558
5558
5564
5566
5566
5568
5572
5580
5584
5598
5600
5600
5600
5602
5604
5604
5612
5614
5614
5620
5632
5632
5634
5636
5636
5638
5640
5654
5662
5668
5678
5682
5684
5686
5692
5696
5704
5708
5714
5730
5730
5732
5736
5736
5738
5740
5742
5744
5744
5748
5760
5762
5764
5766
5770
5772
5782
5784
5790
5796
5800
5806
5810
5810
5810
5816
5820
5820
5824
5824
5828
5830
5832
5836
5840
5844
5844
5846
5852
5856
5866
5866
5872
5872
5894
5900
5902
5902
5912
5914
5930
5932
5940
5940
5954
5958
5966
5976
5980
5982
5986
5986
5990
5994
6010
6012
6024
6028
6030
6048
6052
6056
6060
6062
6064
6068
6074
6100
6102
6110
6122
6128
6130
6132
6138
6138
6142
6142
6142
6146
6166
6170
6170
6174
6194
6196
6204
6226
6226
6228
6232
6232
6236
6248
6252
6270
6276
6282
6294
6314
6316
6324
6352
6352
6378
6382
6398
6404
6418
6418
6430
6456
6474
6484
6512
6540
6542
6548
6588
6602
6628
6630
6632
6634
6652
6654
6658
6692
6710
6712
6722
6724
6728
6772
6778
6798
6852
6880
6884
6888
6888
6904
6908
6942
6974
6974
6978
6998
7034
7040
7048
7064
7072
7074
7076
7184
7196
7196
7204
7208
7210
7226
7242
7274
7274
7274
7276
7302
7306
7308
7322
7350
7354
7364
7376
7384
7390
7394
7396
7412
7422
7430
7434
7450
7462
7488
7496
7508
7524
7524
7530
7570
7572
7574
7580
7582
7588
7600
7604
7642
7674
7682
7684
7696
7702
7702
7738
7768
7774
7796
7802
7802
7806
7856
7868
7884
7892
7900
7914
7914
7928
7932
7934
7982
7984
8000
8042
8050
8062
8066
8104
8108
8118
8120
8156
8160
8166
8172
8174
8208
8216
8238
8240
8266
8268
8304
8334
8368
8380
8394
8400
8400
8406
8408
8434
8478
8480
8490
8492
8542
8564
8574
8596
8614
8658
8686
8762
8766
8822
8832
8834
8858
8860
8866
8900
8900
8946
8948
8954
8962
8984
8988
9000
9034
9036
9036
9056
9066
9084
9108
9118
9128
9174
9188
9200
9204
9208
9234
9246
9296
9340
9382
9384
9394
9406
9408
9434
9508
9514
9526
9532
9552
9582
9588
9606
9620
9658
9664
9688
9716
9754
9760
9826
9838
9870
9878
9888
9894
9896
9912
9924
9958
9982
10002
10022
10058
10064
10086
10094
10126
10202
10242
10258
10260
10284
10330
10370
10380
10390
10398
10404
10414
10498
10528
10538
10550
10598
10600
10602
10612
10654
10698
10700
10776
10836
10846
10848
10888
10910
10934
10934
10956
10972
10984
11006
11014
11020
11060
11062
11064
11068
11104
11150
11162
11184
11206
11210
11220
11254
11258
11270
11300
11322
11328
11354
11356
11378
11418
11420
11420
11426
11434
11476
11508
11522
11522
11572
11580
11592
11602
11614
11614
11656
11666
11706
11712
11714
11722
11768
11780
11788
11800
11824
11828
11888
11920
11924
11930
11982
11990
11996
12034
12062
12062
12068
12100
12108
12128
12154
12170
12188
12200
12208
12214
12258
12288
12332
12334
12350
12354
12380
12390
12400
12444
12466
12472
12474
12524
12544
12554
12558
12558
12560
12572
12598
12602
12612
12632
12666
12674
12678
12696
12712
12726
12726
12766
12804
12816
12818
12850
12862
12864
12872
12878
12908
12910
12918
12944
12950
12960
12974
12984
13012
13016
13050
13062
13074
13120
13120
13154
13182
13204
13210
13224
13254
13262
13262
13272
13302
13306
13310
13312
13324
13338
13410
13418
13424
13454
13464
13472
13488
13492
13538
13576
13580
13622
13622
13662
13694
13720
13758
13798
13814
13840
13858
13862
13868
13872
13876
13880
13882
13896
13910
13914
13924
13950
13966
13976
13988
14014
14030
14034
14038
14040
14052
14070
14080
14082
14088
14096
14100
14102
14122
14122
14124
14128
14156
14168
14170
14182
14192
14198
14208
14212
14236
14284
14294
14318
14328
14356
14364
14378
14390
14394
14420
14432
14444
14450
14450
14458
14474
14476
14480
14486
14488
14488
14488
14488
14498
14502
14514
14516
14526
14532
14540
14552
14560
14568
14570
14570
14576
14592
14598
14612
14622
14624
14628
14646
14646
14654
14658
14666
14678
14686
14690
14692
14696
14700
14718
14722
14728
14732
14742
14742
14744
14748
14762
14766
14766
14768
14778
14792
14794
14804
14810
14814
14822
14826
14834
14840
14842
14844
14844
14850
14864
14872
14880
14880
14884
14898
14900
14914
14920
14930
14940
14944
14954
14956
14956
14970
14972
14972
14974
14990
14996
14998
15006
15010
15012
15012
15014
15022
15024
15026
15026
15030
15042
15048
15052
15058
15064
15068
15086
15090
15094
15098
15098
15100
15102
15110
15118
15118
15120
15130
15130
15140
15142
15146
15148
15152
15164
15166
15170
15176
15176
15178
15180
15200
15200
15202
15204
15210
15224
15240
15240
15248
15256
15260
15280
15284
15286
15286
15292
15294
15294
15296
15296
15300
15304
15308
15312
15318
15324
15338
15346
15354
15358
15362
15362
15368
15376
15376
15384
15390
15406
15410
15426
15434
15446
15452
15456
15462
15462
15464
15468
15506
15528
15544
15552
15564
15572
15618
15664
15670
15738
15770
15886
15918
15958
16022
16022
16030
16100
16478
16500
16576
16594
17162
17292
17926
17964
18196
18466
18476
18724
18838
18882
18944
19236
19282
19384
19540
19592
19986
23852
23894
23914
24154
24166
24440
24516
24568
24610
24666
24766
25008
25110
25310
25330
25544
25850
27240
38852
39006
55482
71132
105866
135780
213542
255338
257224
272316
331314
1050280
