Latencies
5310
5326
5354
5358
5360
5376
5388
5394
5400
5400
5408
5410
5416
5418
5428
5428
5434
5440
5442
5444
5450
5452
5452
5454
5460
5462
5464
5466
5468
5470
5472
5478
5480
5484
5484
5488
5490
5498
5498
5504
5504
5508
5510
5510
5518
5522
5524
5526
5530
5532
5532
5534
5536
5548
5550
5552
5554
5556
5556
5556
5564
5586
5588
5594
5600
5602
5606
5608
5610
5616
5616
5624
5626
5630
5634
5638
5640
5644
5658
5662
5672
5672
5674
5676
5678
5682
5690
5710
5712
5714
5714
5722
5724
5726
5734
5744
5752
5774
5778
5780
5782
5798
5812
5822
5844
5844
5860
5862
5866
5872
5878
5882
5884
5898
5908
5928
5942
5950
5968
5970
5980
5980
5994
6010
6012
6012
6024
6034
6044
6048
6048
6052
6062
6062
6062
6064
6066
6066
6068
6086
6092
6096
6098
6106
6108
6112
6118
6134
6150
6160
6162
6168
6196
6208
6208
6218
6232
6244
6248
6254
6258
6270
6292
6294
6294
6306
6322
6326
6344
6350
6354
6368
6372
6372
6372
6374
6380
6398
6410
6418
6426
6430
6434
6438
6452
6454
6458
6490
6498
6526
6534
6536
6546
6560
6564
6566
6572
6598
6626
6640
6650
6676
6676
6696
6698
6724
6766
6792
6816
6826
6828
6828
6852
6898
6936
6936
6994
7052
7058
7068
7084
7110
7132
7150
7172
7178
7226
7228
7250
7254
7296
7302
7360
7372
7380
7400
7434
7460
7464
7480
7482
7494
7518
7568
7572
7588
7616
7620
7634
7644
7678
7688
7696
7698
7700
7700
7706
7708
7726
7746
7764
7768
7780
7790
7798
7808
7824
7836
7858
7886
7926
7932
7938
7960
8034
8046
8052
8070
8078
8124
8140
8152
8178
8184
8200
8210
8232
8256
8262
8272
8294
8300
8312
8398
8408
8408
8414
8424
8430
8478
8516
8526
8536
8548
8570
8574
8574
8582
8582
8662
8668
8672
8676
8688
8700
8706
8746
8780
8818
8860
8862
8866
8906
8912
8916
8932
8966
8966
8988
8988
9056
9056
9064
9074
9076
9080
9132
9136
9216
9234
9280
9292
9294
9298
9302
9314
9352
9352
9364
9384
9388
9390
9410
9482
9484
9486
9518
9524
9562
9566
9578
9610
9624
9644
9644
9658
9666
9674
9680
9708
9818
9832
9832
9850
9860
9890
9914
9918
9972
10030
10034
10044
10058
10072
10084
10106
10116
10130
10132
10136
10144
10146
10222
10278
10290
10320
10324
10330
10410
10432
10432
10432
10442
10466
10480
10482
10492
10532
10588
10624
10684
10684
10692
10696
10710
10728
10752
10792
10808
10820
10850
10854
10860
10880
10900
10906
10926
10930
10950
10954
10988
11026
11056
11060
11086
11120
11122
11128
11150
11152
11156
11240
11252
11262
11264
11264
11268
11282
11296
11304
11314
11362
11364
11376
11376
11388
11390
11392
11396
11406
11434
11456
11456
11460
11470
11522
11546
11580
11598
11610
11612
11612
11616
11620
11628
11640
11678
11700
11728
11734
11770
11784
11814
11824
11824
11874
11906
11942
11956
11978
11990
11992
12002
12020
12048
12052
12054
12084
12088
12088
12108
12110
12124
12202
12226
12246
12258
12288
12288
12304
12316
12318
12328
12350
12384
12410
12424
12454
12464
12468
12492
12494
12530
12544
12546
12560
12590
12600
12602
12606
12618
12642
12654
12658
12698
12700
12718
12722
12726
12744
12772
12778
12780
12786
12806
12808
12826
12826
12828
12870
12890
12912
12934
12972
12984
13036
13102
13116
13156
13164
13170
13172
13198
13210
13218
13238
13250
13264
13278
13302
13320
13330
13334
13382
13432
13454
13464
13580
13604
13632
13636
13638
13654
13670
13670
13676
13698
13700
13742
13798
13812
13856
13864
13894
13920
13942
14016
14030
14042
14084
14086
14102
14110
14112
14126
14130
14146
14158
14182
14192
14210
14216
14242
14272
14282
14298
14322
14326
14328
14344
14346
14346
14358
14368
14382
14388
14390
14396
14422
14428
14438
14438
14444
14446
14452
14464
14470
14492
14500
14506
14516
14522
14524
14526
14528
14530
14552
14554
14572
14574
14582
14584
14586
14592
14592
14596
14600
14602
14604
14620
14636
14638
14640
14648
14650
14654
14660
14670
14674
14674
14684
14684
14694
14702
14706
14714
14722
14724
14730
14732
14738
14742
14744
14746
14748
14756
14756
14760
14762
14774
14776
14780
14788
14790
14806
14806
14812
14818
14834
14834
14840
14842
14842
14848
14848
14850
14854
14856
14858
14858
14862
14862
14868
14876
14880
14884
14886
14900
14902
14912
14920
14952
14960
14968
14968
14974
14982
14988
14998
14998
15000
15002
15014
15028
15028
15030
15038
15050
15050
15052
15054
15054
15056
15056
15056
15060
15064
15070
15078
15080
15088
15092
15098
15104
15116
15116
15120
15126
15146
15150
15150
15158
15164
15164
15174
15190
15194
15194
15196
15208
15216
15216
15216
15216
15218
15226
15236
15248
15254
15256
15260
15260
15262
15268
15272
15272
15278
15282
15292
15300
15310
15312
15314
15320
15322
15326
15334
15340
15340
15344
15350
15356
15358
15358
15372
15372
15392
15396
15400
15410
15412
15414
15418
15428
15442
15448
15448
15458
15460
15478
15480
15488
15490
15518
15518
15522
15536
15550
15568
15604
15608
15622
15636
15638
15642
15646
15648
15672
15690
15726
15730
15730
15734
15768
15768
15802
15818
15842
15870
15920
15928
15944
15950
15974
15996
16022
16050
16066
16168
16320
16582
16722
16738
17070
17432
17564
17936
17982
18160
18400
18620
18866
18900
19450
19980
20092
20596
20712
21014
21066
21088
21118
21122
21234
21302
21386
21642
21646
21660
21664
21756
21964
22044
22134
22178
22200
22368
22502
22714
22792
22806
22848
22852
22914
22918
22962
23028
23066
23542
23586
23610
23812
23872
23952
24014
24178
24216
24226
24238
24260
24286
24296
24332
24360
24382
24408
24534
24628
24678
24690
24720
24780
24826
24904
24942
25296
25314
25342
34052
35894
39140
1208504
1539832
