Latencies
5220
5242
5256
5288
5296
5308
5334
5342
5348
5362
5406
5408
5426
5444
5458
5468
5488
5564
5586
5682
5758
5792
5804
5836
5836
5838
5868
5870
5874
5894
5926
5932
5960
5988
6020
6026
6026
6068
6074
6110
6134
6146
6234
6234
6254
6288
6300
6324
6408
6416
6482
6490
6524
6524
6534
6546
6564
6564
6578
6578
6594
6602
6636
6724
6728
6750
6774
6794
6804
6884
6948
7026
7028
7042
7044
7118
7148
7344
7346
7370
7376
7406
7418
7422
7488
7520
7526
7532
7592
7646
7672
7676
7676
7770
7844
7856
7902
7920
7962
8006
8066
8074
8076
8136
8136
8174
8194
8208
8232
8232
8244
8264
8274
8354
8524
8524
8530
8564
8652
8702
8710
8818
8826
8918
9032
9168
9172
9208
9314
9380
9414
9518
9552
9578
9700
9766
9970
10056
10182
10184
10230
10294
10298
10310
10328
10342
10346
10358
10430
10438
10458
10484
10576
10624
10632
10640
10654
10656
10660
10690
10722
10800
10820
10824
10966
11034
11042
11050
11052
11062
11160
11200
11228
11236
11252
11334
11382
11456
11482
11510
11596
11718
11748
11798
11852
11862
11946
12114
12148
12160
12186
12204
12230
12240
12374
12378
12452
12584
12596
12686
12702
12742
12752
12842
12850
12926
13010
13092
13136
13170
13292
13298
13316
13354
13356
13360
13386
13450
13468
13478
13490
13538
13570
13576
13596
13626
13818
13820
13898
13972
13984
13986
14044
14106
14128
14166
14170
14188
14236
14246
14246
14258
14290
14302
14334
14354
14392
14394
14402
14428
14430
14438
14450
14458
14500
14516
14574
14576
14580
14584
14632
14634
14642
14654
14656
14678
14680
14682
14716
14736
14740
14780
14820
14832
14836
14846
14850
14852
14862
14864
14868
14890
14896
14896
14930
14942
14952
14958
14968
14968
14972
14982
14996
15000
15004
15008
15038
15050
15060
15064
15068
15074
15080
15080
15082
15092
15120
15138
15142
15154
15156
15184
15216
15216
15226
15230
15234
15238
15252
15256
15260
15262
15284
15286
15294
15306
15326
15332
15356
15370
15372
15384
15394
15406
15406
15414
15416
15418
15420
15422
15426
15450
15458
15474
15480
15482
15482
15488
15488
15490
15494
15524
15526
15532
15562
15564
15570
15594
15604
15606
15618
15630
15630
15634
15636
15650
15672
15674
15698
15708
15724
15728
15748
15792
15828
15840
15868
15880
15892
15914
15952
15984
16030
16036
16056
16142
16230
16238
16248
16306
16318
16354
16664
16690
16744
16794
16974
16982
17000
17122
17234
17246
17260
17378
17380
17430
17522
17604
17718
17802
17822
17954
18050
18116
18122
18160
18162
18180
18260
18264
18310
18444
18476
18486
18572
18584
18594
18602
18604
18612
18630
18664
18666
18684
18686
18706
18710
18736
18842
18884
18930
18944
18980
18986
18998
19020
19052
19052
19074
19098
19108
19172
19192
19230
19242
19248
19312
19396
19482
19516
19550
19600
19622
19748
19810
19824
19880
19890
19900
19928
20076
20174
20192
20194
20204
20218
20248
20256
20282
20476
20538
20618
20624
20626
20700
20760
20768
20886
20968
21082
21150
21174
21268
21286
21336
21512
21588
21608
21742
21776
21834
21904
21908
21930
21946
21966
21984
22076
22224
22336
22372
22388
22402
22444
22554
22556
22600
22610
22658
22708
22780
22830
22904
22924
22968
23000
23016
23028
23036
23106
23134
23166
23178
23182
23230
23310
23408
23452
23484
23488
23582
23618
23646
23666
23674
23720
23852
23880
23882
23902
23910
23922
23972
23978
23992
23998
24012
24022
24030
24092
24094
24096
24122
24174
24180
24212
24254
24254
24276
24302
24324
24334
24344
24388
24396
24430
24436
24470
24484
24488
24500
24500
24526
24532
24536
24550
24552
24556
24568
24572
24576
24602
24608
24624
24624
24634
24640
24644
24654
24692
24710
24756
24758
24760
24798
24798
24822
24850
24852
24856
24888
24910
24918
24928
24940
24948
24952
24960
24988
24996
24996
25014
25024
25030
25044
25082
25092
25104
25112
25112
25114
25122
25136
25202
25208
25212
25218
25232
25250
25268
25294
25326
25352
25360
25392
25422
25436
25452
25466
25482
25500
25506
25612
25636
25636
25678
25706
25718
25728
25762
25832
25858
25942
25992
26066
26094
26106
26254
26264
26276
26278
26328
26348
26476
26518
26716
26740
26752
26774
27002
27070
27162
27354
27392
27404
27480
27886
27948
28158
28172
28188
28362
28380
28402
28410
28416
28666
28792
28792
28796
28802
28858
29136
29152
29164
29186
29238
29344
29400
29656
29740
29840
29900
30134
30166
30168
30348
30384
30392
30414
30556
30560
30676
30692
30710
30766
30790
30824
30848
30886
30948
31146
31176
31198
31268
31440
31642
31682
31796
31908
31964
32104
32194
32196
32232
32326
32862
32864
33112
33300
33384
33402
33414
33554
33562
33610
33614
33768
33810
33860
33872
33908
33920
33968
34024
34032
34062
34102
34160
34194
34198
34202
34202
34242
34244
34250
34276
34278
34314
34372
34378
34388
34398
34400
34402
34410
34478
34524
34552
34576
34610
34632
34666
34704
34730
34862
34870
34896
34936
34948
34954
34990
35018
35058
35202
35326
35332
35418
35424
35438
35464
35468
35474
35596
35706
36104
36176
36462
36568
36574
36750
36798
37018
37074
37194
37208
37248
37856
38044
38342
38562
38908
38998
39046
39062
39562
39938
40652
41520
41874
41960
42498
42900
42908
43100
43318
43454
43646
43654
43846
43906
43928
43988
44042
44378
44668
44842
45994
46178
47334
47378
47606
48142
48244
48302
48514
48680
49470
49724
49868
49944
50412
50568
50998
51158
51684
51890
51960
52072
52220
52338
52724
52782
53048
53104
53110
53272
53282
53290
53292
53368
53498
53618
53810
53828
53854
53862
53914
53934
53974
53988
54004
54008
54066
54118
54152
54156
54202
54248
54346
54370
54382
54386
54486
54500
54534
54612
54670
54716
54726
54816
54864
54898
55000
55082
55228
55472
55528
55650
56082
57266
57760
59238
59460
63848
63884
66588
67050
68050
68462
71436
73514
74132
74610
79588
86058
88332
121462
209190
237964
361094
408160
434320
470786
785592
1816262
6322490
