Latencies
5210
5210
5210
5214
5216
5232
5248
5256
5262
5262
5274
5274
5274
5276
5276
5278
5284
5284
5284
5284
5286
5288
5292
5296
5298
5300
5304
5304
5304
5308
5308
5310
5310
5314
5314
5316
5320
5320
5322
5326
5326
5328
5328
5332
5332
5334
5342
5342
5350
5350
5350
5354
5354
5354
5354
5356
5358
5360
5364
5366
5368
5370
5372
5374
5374
5376
5378
5380
5380
5380
5382
5386
5388
5394
5396
5404
5404
5408
5410
5410
5412
5418
5420
5436
5438
5442
5442
5444
5450
5450
5452
5452
5452
5456
5458
5464
5466
5472
5476
5478
5480
5480
5482
5482
5486
5488
5490
5490
5492
5500
5508
5508
5520
5520
5526
5536
5536
5536
5540
5540
5542
5544
5546
5548
5552
5552
5562
5564
5566
5574
5578
5582
5582
5584
5588
5592
5596
5598
5604
5608
5610
5612
5620
5626
5632
5646
5652
5660
5662
5666
5668
5678
5684
5686
5694
5696
5698
5698
5698
5704
5710
5710
5712
5712
5712
5716
5720
5724
5724
5730
5730
5736
5740
5742
5742
5742
5744
5746
5754
5758
5762
5764
5768
5772
5772
5776
5784
5790
5794
5796
5796
5798
5798
5804
5804
5806
5814
5814
5814
5816
5818
5818
5820
5822
5822
5828
5838
5844
5846
5846
5846
5852
5854
5858
5858
5864
5866
5870
5878
5886
5902
5906
5908
5910
5912
5920
5936
5938
5940
5946
5950
5954
5968
5976
5980
5982
5988
5992
5994
5996
6002
6010
6010
6014
6016
6018
6018
6022
6024
6032
6040
6048
6048
6050
6054
6058
6064
6066
6082
6088
6098
6104
6114
6116
6124
6126
6138
6140
6168
6168
6168
6170
6176
6180
6182
6182
6196
6220
6220
6234
6242
6258
6262
6266
6276
6276
6288
6300
6300
6302
6310
6342
6350
6356
6358
6362
6372
6376
6390
6398
6418
6420
6450
6462
6472
6474
6480
6496
6502
6510
6524
6532
6540
6548
6558
6562
6584
6588
6608
6624
6626
6638
6640
6678
6692
6708
6710
6712
6722
6728
6730
6732
6740
6760
6798
6804
6808
6812
6818
6836
6860
6928
6938
6950
6950
6950
6958
6966
6982
7000
7018
7018
7034
7040
7050
7102
7146
7174
7214
7232
7240
7296
7314
7314
7320
7378
7416
7428
7436
7462
7482
7488
7564
7570
7598
7708
7708
7716
7732
7748
7780
7792
7824
7828
7848
7848
7866
7910
7944
8030
8034
8050
8058
8062
8108
8142
8194
8212
8220
8298
8338
8432
8442
8446
8448
8484
8516
8530
8580
8588
8642
8642
8646
8662
8708
8776
8778
8812
8854
8870
8888
8962
8970
9000
9024
9072
9078
9084
9094
9102
9116
9134
9162
9212
9264
9284
9296
9332
9332
9334
9346
9352
9382
9414
9420
9444
9446
9476
9520
9552
9572
9614
9628
9664
9726
9742
9762
9768
9784
9800
9814
9822
9838
9912
10004
10010
10066
10090
10116
10124
10136
10150
10156
10156
10184
10200
10314
10344
10374
10404
10436
10522
10554
10576
10596
10626
10774
10800
10800
10816
10832
10856
10862
10862
10880
10886
10900
10922
10934
11046
11046
11054
11054
11066
11078
11086
11090
11102
11148
11166
11208
11228
11230
11234
11278
11302
11352
11382
11384
11396
11444
11448
11480
11540
11648
11672
11704
11744
11768
11772
11818
11852
11870
11878
11918
11980
12000
12052
12110
12166
12244
12248
12258
12280
12282
12312
12428
12516
12598
12604
12610
12650
12710
12784
12786
12816
12866
12868
12884
12920
12952
12960
12968
12978
13016
13060
13078
13086
13108
13156
13184
13204
13220
13244
13250
13274
13304
13322
13324
13356
13362
13378
13404
13420
13432
13442
13468
13472
13508
13508
13518
13576
13582
13582
13590
13664
13668
13670
13698
13728
13738
13750
13756
13776
13800
13806
13812
13848
13916
13918
13932
13946
14034
14064
14146
14178
14186
14190
14200
14206
14218
14226
14228
14236
14242
14254
14260
14272
14272
14278
14284
14292
14294
14308
14318
14328
14332
14364
14372
14372
14374
14390
14396
14402
14448
14450
14462
14462
14464
14466
14470
14494
14500
14504
14524
14524
14524
14526
14526
14532
14532
14562
14564
14568
14570
14570
14572
14584
14588
14594
14604
14628
14632
14642
14648
14656
14660
14660
14670
14674
14674
14678
14690
14698
14714
14716
14716
14716
14718
14722
14724
14730
14730
14742
14750
14754
14756
14766
14768
14782
14790
14790
14794
14794
14798
14798
14800
14802
14806
14806
14810
14824
14828
14830
14836
14842
14844
14848
14850
14856
14864
14882
14882
14882
14882
14884
14886
14888
14894
14894
14896
14900
14908
14908
14908
14910
14912
14914
14916
14918
14924
14924
14928
14934
14936
14938
14938
14940
14940
14940
14942
14946
14958
14958
14958
14960
14962
14962
14968
14972
14972
14988
14994
14996
15000
15002
15002
15004
15018
15026
15030
15032
15032
15036
15036
15038
15040
15044
15048
15050
15056
15056
15056
15058
15062
15064
15066
15068
15070
15072
15072
15072
15078
15088
15088
15090
15090
15092
15094
15096
15104
15104
15110
15112
15114
15124
15130
15138
15138
15140
15142
15158
15160
15162
15162
15166
15168
15170
15172
15174
15176
15178
15182
15184
15184
15186
15186
15190
15190
15192
15194
15194
15196
15196
15198
15198
15200
15200
15202
15206
15208
15216
15216
15220
15220
15224
15224
15228
15230
15234
15246
15246
15246
15254
15256
15266
15266
15274
15274
15274
15280
15294
15298
15304
15308
15308
15312
15312
15316
15322
15324
15326
15328
15328
15334
15336
15344
15352
15368
15378
15380
15400
15406
15406
15412
15414
15420
15428
15430
15440
15440
15444
15462
15480
15494
15496
15504
15534
15536
15542
15550
15556
15560
15562
15566
15566
15574
15620
15634
15640
15642
15646
15650
15660
15670
15672
15672
15686
15718
15720
15728
15748
15768
15776
15824
15834
15908
15914
15942
15992
16036
16040
16144
16224
16242
16252
16602
16660
16692
17032
17162
17642
17798
17858
18340
18418
18520
18536
18592
18596
18668
19106
19910
20490
21558
21642
21786
22478
22494
22674
23524
23756
23856
23956
23964
24144
24258
24312
24324
24392
24414
24454
24510
24618
24620
24634
24646
24692
24816
24816
24824
24840
24864
24910
24918
24922
24948
25038
25122
25322
25510
25626
33780
41858
48206
48896
222042
223796
399844
546434
