Latencies
5282
5344
5354
5362
5366
5366
5370
5376
5378
5382
5382
5386
5386
5396
5398
5402
5406
5406
5408
5408
5408
5412
5414
5416
5416
5416
5418
5418
5418
5420
5422
5424
5424
5426
5432
5434
5438
5440
5440
5442
5442
5444
5444
5446
5450
5450
5450
5452
5454
5454
5454
5456
5458
5458
5458
5458
5460
5460
5460
5464
5466
5470
5476
5478
5486
5486
5488
5488
5490
5494
5494
5504
5506
5506
5506
5508
5508
5508
5510
5516
5518
5522
5524
5526
5532
5534
5536
5538
5538
5540
5540
5548
5548
5548
5550
5550
5552
5552
5554
5558
5560
5564
5566
5574
5576
5580
5582
5588
5594
5594
5600
5602
5612
5616
5622
5630
5632
5632
5634
5636
5636
5638
5640
5642
5644
5644
5650
5652
5656
5660
5660
5662
5664
5666
5670
5672
5672
5674
5680
5682
5684
5686
5688
5690
5698
5704
5704
5718
5722
5724
5724
5730
5744
5748
5760
5760
5772
5774
5778
5778
5784
5788
5794
5806
5822
5830
5838
5840
5840
5840
5844
5856
5864
5868
5870
5870
5878
5882
5886
5886
5888
5890
5892
5894
5896
5904
5926
5930
5930
5942
5944
5944
5946
5950
5954
5954
5958
5960
5962
5982
5982
5982
5986
5992
5998
6006
6022
6032
6032
6032
6040
6048
6048
6052
6054
6058
6058
6064
6074
6074
6082
6084
6086
6098
6104
6106
6108
6110
6132
6132
6132
6134
6136
6142
6146
6154
6158
6170
6172
6176
6178
6180
6188
6192
6192
6200
6214
6218
6226
6240
6242
6248
6254
6272
6272
6282
6286
6292
6296
6298
6300
6316
6322
6324
6324
6332
6334
6342
6354
6362
6364
6372
6376
6386
6394
6398
6410
6414
6420
6426
6428
6432
6442
6452
6476
6486
6516
6520
6528
6552
6556
6578
6578
6584
6614
6628
6632
6654
6670
6722
6726
6736
6742
6816
6862
6864
6868
6876
6886
6888
6936
6938
6986
6986
7018
7028
7030
7034
7062
7064
7104
7112
7118
7154
7214
7232
7260
7262
7296
7308
7342
7344
7348
7362
7368
7370
7378
7386
7402
7406
7468
7472
7498
7526
7536
7548
7554
7568
7570
7594
7598
7614
7650
7680
7692
7700
7720
7732
7778
7836
7862
7876
7922
7930
7978
7986
8054
8058
8064
8112
8128
8136
8152
8160
8198
8206
8230
8260
8262
8264
8308
8352
8358
8376
8382
8384
8422
8424
8430
8430
8440
8476
8482
8526
8528
8534
8568
8624
8624
8650
8658
8672
8680
8722
8736
8758
8762
8774
8844
8864
8868
8912
8942
9022
9040
9044
9066
9086
9098
9134
9172
9182
9210
9220
9230
9258
9284
9298
9308
9314
9364
9368
9410
9432
9434
9448
9448
9460
9508
9574
9584
9592
9640
9674
9688
9710
9736
9746
9820
9820
9860
9862
9866
9900
9906
9934
10030
10062
10096
10102
10174
10176
10244
10246
10272
10272
10276
10332
10338
10362
10396
10440
10456
10470
10472
10474
10488
10494
10522
10600
10628
10674
10728
10838
10918
10952
10964
10974
11042
11048
11072
11100
11120
11238
11256
11262
11310
11364
11374
11376
11384
11424
11434
11496
11502
11518
11532
11532
11584
11648
11680
11726
11740
11754
11770
11784
11794
11804
11812
11844
11858
11868
12022
12024
12028
12070
12122
12124
12160
12242
12274
12292
12298
12314
12336
12356
12366
12366
12368
12384
12408
12474
12490
12508
12610
12682
12718
12736
12758
12766
12776
12834
12914
12924
12930
12936
12972
13084
13112
13164
13182
13188
13234
13236
13262
13322
13334
13370
13376
13398
13414
13416
13438
13442
13452
13508
13538
13564
13578
13598
13620
13640
13716
13750
13812
13828
13834
13838
13840
13844
13868
13878
13880
13882
13890
13902
13912
13920
13924
13930
13946
13986
13990
14036
14048
14092
14112
14126
14162
14164
14178
14198
14212
14224
14232
14232
14248
14260
14266
14272
14302
14324
14328
14330
14336
14342
14364
14370
14372
14384
14430
14434
14452
14456
14470
14476
14484
14494
14508
14508
14508
14510
14522
14540
14542
14546
14552
14558
14562
14572
14580
14592
14592
14598
14604
14608
14614
14614
14628
14632
14642
14644
14652
14682
14682
14684
14690
14694
14696
14706
14712
14718
14724
14728
14728
14734
14738
14746
14746
14760
14770
14770
14772
14772
14776
14788
14792
14794
14796
14802
14804
14804
14808
14810
14820
14824
14826
14834
14834
14840
14840
14846
14848
14848
14848
14852
14860
14860
14870
14872
14872
14874
14878
14892
14898
14900
14904
14904
14904
14914
14916
14920
14920
14920
14922
14924
14924
14926
14930
14936
14944
14948
14950
14962
14964
14964
14966
14966
14966
14966
14972
14974
14976
14978
14978
14978
14986
14992
14994
15002
15002
15002
15010
15010
15014
15014
15014
15024
15036
15040
15040
15044
15046
15054
15058
15058
15058
15058
15064
15066
15068
15068
15070
15076
15082
15082
15082
15084
15084
15084
15086
15088
15090
15090
15098
15108
15112
15112
15114
15120
15120
15122
15122
15126
15134
15140
15144
15148
15152
15152
15160
15164
15166
15168
15170
15176
15180
15182
15188
15198
15198
15202
15204
15208
15214
15216
15222
15224
15226
15240
15240
15244
15248
15256
15274
15276
15276
15278
15284
15284
15306
15314
15318
15320
15322
15322
15324
15324
15326
15332
15334
15338
15346
15346
15348
15350
15352
15356
15362
15364
15366
15370
15378
15380
15386
15388
15392
15400
15408
15428
15434
15434
15436
15436
15474
15476
15478
15488
15500
15504
15512
15514
15514
15516
15516
15534
15534
15542
15554
15556
15560
15566
15574
15574
15588
15590
15594
15610
15616
15634
15638
15694
15700
15708
15736
15742
15772
15860
15874
15932
15946
16042
16092
16098
16164
16280
16444
17842
17968
18330
18338
18784
18848
19190
19412
19614
19738
20140
20504
20702
21272
21344
21820
21886
23070
23150
23538
23658
23714
24078
24108
24150
24172
24226
24276
24408
24548
24646
24692
24718
24740
24886
24906
24910
24960
24990
25002
25038
25048
25070
25138
25184
25636
33762
34102
34120
34194
46174
46422
61258
116180
117460
366488
402456
529646
5731132
