Latencies
5254
5274
5322
5324
5330
5408
5414
5426
5444
5444
5460
5512
5524
5524
5532
5542
5552
5560
5574
5582
5632
5660
5672
5676
5702
5720
5738
5756
5762
5812
5828
5832
5836
5846
5856
5856
5908
5980
6010
6060
6088
6110
6128
6204
6210
6356
6392
6410
6424
6426
6450
6490
6494
6550
6564
6616
6642
6668
6720
6828
6830
6852
6878
6900
6900
6912
6914
6956
6958
6992
7010
7040
7070
7074
7104
7124
7168
7216
7282
7304
7340
7408
7440
7444
7478
7482
7520
7550
7562
7570
7596
7596
7598
7642
7664
7664
7668
7670
7672
7744
7796
7804
7832
7880
7890
7892
7910
7932
7966
8012
8026
8064
8082
8182
8210
8210
8216
8220
8234
8234
8270
8280
8310
8316
8404
8432
8434
8484
8502
8522
8552
8574
8650
8696
8832
8854
8902
8930
8972
8980
8988
9020
9038
9054
9074
9092
9116
9152
9160
9168
9202
9264
9266
9290
9300
9330
9356
9366
9464
9502
9504
9612
9660
9664
9778
9808
9812
9818
9846
9868
9914
9920
9928
9974
10004
10008
10020
10038
10048
10198
10302
10346
10350
10356
10384
10384
10406
10472
10516
10546
10630
10642
10654
10660
10696
10746
10754
10804
10816
10844
10908
10922
10956
10962
11096
11106
11136
11254
11286
11304
11322
11328
11344
11350
11352
11386
11416
11420
11428
11484
11506
11644
11702
11760
11772
11798
11806
11858
11862
11868
11874
11880
11898
11924
11930
11938
11942
11990
11992
11994
12076
12084
12274
12320
12362
12370
12460
12468
12526
12586
12598
12608
12628
12734
12734
12766
12770
12914
12916
12970
12996
13068
13072
13076
13090
13114
13132
13156
13188
13198
13218
13222
13278
13284
13292
13294
13312
13354
13358
13364
13454
13508
13514
13520
13524
13560
13568
13596
13636
13642
13644
13652
13654
13654
13688
13702
13706
13742
13786
13792
13794
13868
13876
13890
13892
13986
13986
14022
14044
14050
14104
14106
14128
14128
14130
14164
14194
14200
14204
14214
14234
14236
14244
14246
14250
14296
14326
14330
14340
14352
14354
14366
14368
14402
14404
14412
14430
14438
14442
14454
14464
14496
14498
14500
14516
14516
14528
14532
14538
14554
14554
14554
14558
14558
14570
14576
14592
14598
14604
14618
14624
14630
14632
14632
14636
14638
14640
14656
14658
14662
14662
14668
14672
14676
14676
14680
14680
14680
14682
14684
14692
14692
14700
14704
14704
14708
14716
14716
14718
14718
14720
14724
14726
14726
14728
14732
14742
14742
14744
14750
14760
14766
14778
14794
14798
14800
14800
14802
14804
14806
14808
14810
14820
14824
14824
14832
14832
14836
14850
14856
14860
14868
14870
14878
14888
14888
14902
14904
14906
14910
14912
14914
14916
14922
14928
14936
14936
14938
14942
14944
14944
14950
14952
14956
14956
14958
14964
14968
14982
14996
15008
15018
15022
15024
15026
15034
15038
15042
15044
15046
15046
15050
15052
15058
15064
15070
15078
15080
15084
15088
15094
15094
15112
15128
15138
15138
15138
15142
15150
15152
15162
15164
15166
15172
15182
15184
15184
15188
15188
15196
15202
15214
15216
15218
15228
15230
15244
15250
15252
15264
15266
15274
15276
15276
15280
15282
15282
15282
15296
15302
15312
15312
15314
15318
15324
15334
15336
15338
15340
15340
15342
15350
15350
15352
15354
15362
15364
15368
15374
15380
15382
15384
15386
15392
15408
15410
15412
15414
15414
15416
15420
15422
15426
15426
15428
15432
15460
15464
15466
15466
15492
15514
15556
15558
15580
15584
15612
15620
15626
15640
15642
15666
15678
15696
15720
15728
15754
15792
15850
15882
15884
15886
15896
15944
15968
15968
15980
16024
16028
16082
16134
16176
16188
16192
16282
16480
16486
16622
16906
16968
17418
17528
17562
17640
17670
17768
17808
17902
17942
17956
17966
18036
18134
18190
18274
18312
18396
18460
18500
18664
18916
18984
19014
19172
19350
19420
19544
19638
20050
20084
20170
20382
20682
20718
20992
21048
21060
21078
21088
21118
21154
21188
21596
21646
21844
21872
22052
22074
22146
22246
22790
22810
22884
22988
23120
23168
23344
23404
23446
23490
23568
23586
23666
23756
23810
23828
23832
23884
23926
23950
24034
24040
24190
24324
24356
24356
24358
24462
24478
24592
24604
24626
24626
24700
24760
24764
24766
24826
24850
24856
24878
24952
24978
25000
25118
25128
25132
25168
25244
25260
25264
25266
25310
25336
25348
25390
25412
25430
25432
25442
25586
25646
25684
25766
25782
25798
25828
25884
25910
26074
26104
26186
26222
26254
26312
26458
26610
26700
26798
27146
27194
27386
27412
27640
27646
28318
28428
28648
28740
28782
28806
28884
29016
29354
29356
29594
29608
29676
29788
29824
30250
30346
30366
30498
30618
30636
31060
31302
31368
31610
31652
31662
31702
31712
31880
31942
31968
32016
32080
32112
32326
32360
32386
32482
32520
32584
32636
32852
32934
32958
33050
33064
33088
33114
33186
33194
33308
33354
33430
33512
33524
33534
33592
33638
33686
33710
33754
33756
33766
33766
33772
33778
33818
33832
33834
33856
33858
33884
33896
33898
33912
33914
33916
33940
33962
33974
34040
34048
34066
34112
34124
34124
34166
34176
34188
34192
34204
34216
34230
34238
34280
34286
34294
34296
34302
34316
34354
34366
34366
34368
34384
34388
34390
34400
34412
34414
34418
34428
34438
34452
34458
34474
34486
34490
34498
34534
34538
34538
34556
34556
34572
34576
34580
34588
34588
34602
34608
34612
34618
34624
34656
34664
34668
34676
34716
34718
34736
34742
34748
34762
34766
34774
34782
34788
34790
34820
34824
34826
34842
34866
34880
34890
34894
34898
34900
34906
34920
34924
34926
34932
34942
34946
34966
34970
34976
34980
34982
34986
34988
35014
35018
35018
35044
35056
35056
35062
35138
35174
35320
35334
35344
35378
35462
35562
35578
35582
35808
35818
36248
37088
37738
37892
39122
39368
39768
42176
43066
43842
44530
44652
45294
65626
68442
88524
93284
96430
101408
106278
110004
217072
276662
312102
599578
705228
3528374
11412292
