Latencies
8072
7228
6556
5686
10764
24476
6194
5242
35138
5212
5212
5562
5290
5722
5928
5202
24648
5398
5188
5818
5356
5256
5232
11128
5254
5396
5484
8170
5304
5204
5538
5324
24584
5336
5340
5346
5438
5204
5558
6092
5324
5420
7620
5840
10552
5792
5234
5322
5822
10902
5870
7158
5302
5430
5196
5332
5390
5280
5372
5292
5414
5306
5388
5346
10906
5074
5776
7830
5666
5714
5292
5408
5810
5418
5506
5292
6052
5696
5416
5338
5336
7842
5942
5254
5272
5814
5486
5326
5498
5316
5470
5638
19354
5574
5612
5252
5252
5320
5364
5164
5284
5560
5320
5644
5320
5258
6094
6998
5262
5562
5232
5178
5378
5160
5230
5158
5666
5294
5866
5126
5268
5306
5516
5718
8002
6744
6592
5428
5334
5416
5416
10632
5386
5622
5388
29216
5462
5620
5306
5510
7712
32334
5834
5256
6720
5730
5790
5266
5602
29810
7060
23754
5464
5312
5226
5194
5490
10716
6652
5506
5430
5482
8062
34846
5270
5454
5380
5894
5184
5178
5334
7044
5262
5584
5440
5448
5406
6154
5222
5276
5248
5232
5750
5244
5204
5322
5494
6236
7690
6092
5286
6044
5252
5446
7106
5076
5254
5268
5154
5178
5162
5180
5298
5124
5804
5124
10490
5188
5342
5106
5250
5414
5500
5516
7868
7424
20240
11186
5228
10614
5176
5296
5124
5174
5166
5266
5552
6804
5728
5406
5414
5242
10488
25574
5582
5350
5632
5454
6014
5600
7898
5294
5546
5128
5216
5192
5314
6314
7490
5232
5270
5264
5544
5240
5272
5220
5220
5234
5778
5184
5254
5212
5312
5254
5266
5216
5620
19968
6106
7298
5878
5214
5552
5268
5322
5218
5466
5156
5554
5500
5458
5232
5668
5428
5434
5354
6154
5356
5128
5216
5550
5912
7610
5270
5818
5248
5138
5528
5960
5522
5922
5222
5550
5240
5244
23186
5200
6514
5238
5364
5300
5388
5342
5316
6984
5062
5054
5264
5106
24348
5072
5154
5100
5220
5694
5132
5606
5460
5136
5398
5632
7034
5272
5308
5184
5140
35588
5278
5226
5254
5374
5238
5292
5642
25398
5796
5794
5322
5648
5318
5916
6236
7806
5340
5200
5682
5814
5768
5490
5372
5284
5436
19186
7268
5262
5288
5360
5286
5368
5232
7058
5468
5312
5280
5372
5348
5348
5320
5264
5356
5348
5292
5320
5746
5628
7702
5802
6504
5376
6030
5270
5592
5286
5358
5552
5446
5590
5264
5124
5574
5548
6346
5344
5308
5346
5324
5184
5310
5274
5556
5324
5548
5428
5436
5612
6904
6228
5202
5294
10496
5246
36042
5358
5448
5124
6016
5326
5488
5276
25674
42732
6066
5890
5420
5506
5410
5264
24186
5416
5460
5494
5298
5416
5302
5334
5500
5322
5454
5370
5384
5480
5456
5378
35338
5194
8178
5484
5374
5478
5396
5504
90254
34398
5302
5332
5532
7026
6074
5346
5142
5382
5744
5376
5144
5196
6022
7620
5488
5166
5232
5240
5342
5238
5546
5216
5796
5252
5648
5238
5216
5392
5774
5128
7868
31796
5254
5190
5278
6182
5306
