Latencies
4956
4994
4994
5006
5008
5020
5022
5024
5026
5032
5034
5038
5038
5044
5044
5044
5046
5048
5048
5050
5050
5050
5052
5056
5056
5058
5060
5062
5062
5062
5066
5070
5076
5080
5082
5086
5086
5088
5088
5088
5090
5090
5092
5094
5094
5096
5098
5100
5100
5100
5104
5104
5104
5106
5106
5108
5110
5110
5110
5112
5112
5112
5112
5114
5116
5120
5120
5120
5122
5122
5122
5124
5124
5126
5126
5126
5128
5128
5128
5128
5130
5130
5130
5130
5130
5132
5132
5132
5134
5136
5138
5140
5140
5140
5142
5142
5142
5142
5144
5144
5144
5146
5146
5146
5146
5146
5148
5150
5150
5152
5154
5154
5156
5156
5156
5158
5158
5158
5160
5160
5160
5160
5160
5160
5162
5164
5164
5164
5164
5164
5164
5164
5164
5166
5166
5168
5168
5168
5168
5172
5172
5174
5174
5174
5174
5176
5176
5176
5176
5178
5178
5180
5180
5180
5180
5180
5180
5180
5182
5182
5182
5182
5184
5184
5184
5184
5186
5188
5188
5190
5190
5190
5192
5192
5192
5194
5196
5196
5196
5196
5196
5196
5196
5196
5198
5198
5198
5198
5198
5200
5200
5200
5200
5200
5202
5202
5202
5202
5204
5204
5204
5204
5204
5204
5204
5204
5206
5208
5208
5208
5208
5210
5210
5210
5212
5212
5212
5212
5214
5214
5214
5214
5214
5214
5216
5216
5216
5216
5216
5218
5218
5220
5220
5220
5220
5220
5220
5220
5220
5222
5222
5224
5226
5226
5226
5226
5226
5226
5228
5228
5230
5230
5230
5232
5232
5232
5234
5234
5234
5236
5236
5236
5236
5236
5238
5238
5238
5240
5240
5240
5242
5242
5242
5244
5244
5246
5246
5246
5246
5248
5248
5248
5248
5248
5248
5250
5250
5250
5252
5252
5252
5252
5252
5252
5252
5254
5254
5254
5256
5256
5256
5258
5258
5260
5260
5260
5262
5262
5262
5262
5262
5264
5264
5264
5264
5264
5264
5266
5266
5266
5266
5266
5266
5266
5266
5268
5270
5272
5272
5272
5272
5272
5274
5274
5274
5276
5276
5276
5276
5276
5276
5278
5278
5278
5278
5280
5280
5282
5282
5282
5282
5284
5284
5284
5284
5284
5286
5286
5286
5286
5286
5286
5288
5288
5288
5290
5290
5290
5290
5290
5290
5290
5292
5292
5292
5292
5294
5294
5294
5294
5294
5296
5296
5296
5298
5300
5300
5300
5300
5300
5302
5304
5304
5304
5304
5306
5306
5306
5306
5310
5310
5310
5312
5312
5312
5314
5314
5314
5316
5316
5316
5318
5318
5318
5318
5318
5320
5320
5320
5322
5322
5322
5322
5322
5322
5324
5324
5324
5324
5324
5324
5324
5326
5326
5326
5326
5326
5326
5326
5328
5330
5330
5332
5334
5334
5336
5336
5336
5336
5340
5342
5342
5342
5344
5344
5344
5344
5344
5344
5346
5346
5346
5348
5348
5348
5348
5348
5350
5350
5350
5350
5350
5352
5354
5356
5356
5358
5358
5360
5360
5360
5362
5364
5364
5366
5368
5368
5370
5370
5370
5372
5372
5372
5374
5376
5378
5378
5380
5380
5382
5382
5384
5384
5384
5386
5388
5388
5388
5390
5390
5390
5392
5394
5394
5394
5396
5398
5398
5398
5398
5400
5402
5404
5404
5406
5406
5406
5406
5408
5410
5410
5412
5414
5414
5418
5418
5418
5420
5420
5420
5420
5422
5426
5426
5428
5430
5432
5434
5444
5446
5448
5448
5450
5452
5452
5454
5458
5460
5460
5464
5466
5466
5472
5472
5474
5474
5474
5474
5476
5476
5490
5494
5494
5494
5494
5496
5496
5496
5498
5500
5500
5500
5500
5500
5502
5506
5512
5516
5516
5518
5518
5520
5520
5522
5526
5526
5526
5530
5530
5532
5532
5532
5534
5536
5536
5538
5540
5540
5542
5542
5546
5546
5550
5550
5552
5554
5554
5554
5556
5558
5560
5560
5564
5564
5566
5574
5574
5574
5574
5574
5576
5578
5578
5578
5582
5582
5584
5588
5588
5590
5594
5596
5598
5600
5602
5604
5604
5608
5612
5616
5616
5618
5618
5620
5622
5626
5626
5626
5628
5630
5630
5636
5640
5642
5642
5642
5646
5646
5650
5650
5656
5658
5658
5660
5662
5666
5668
5668
5670
5670
5670
5672
5672
5672
5674
5676
5676
5678
5678
5680
5684
5686
5686
5690
5696
5700
5700
5702
5704
5704
5706
5714
5716
5718
5720
5720
5722
5724
5724
5730
5730
5732
5734
5738
5742
5746
5746
5748
5748
5752
5752
5754
5756
5758
5760
5760
5764
5768
5768
5770
5772
5772
5774
5776
5776
5778
5784
5786
5786
5786
5796
5796
5806
5806
5806
5808
5810
5810
5812
5816
5818
5818
5820
5822
5824
5826
5826
5826
5828
5832
5834
5834
5834
5834
5840
5840
5840
5844
5850
5858
5860
5866
5868
5868
5868
5870
5870
5870
5870
5872
5872
5878
5882
5884
5884
5886
5892
5894
5894
5896
5896
5898
5900
5902
5902
5906
5910
5914
5914
5914
5922
5924
5928
5928
5928
5930
5932
5936
5936
5938
5940
5942
5942
5944
5946
5946
5950
5950
5952
5954
5956
5962
5966
5972
5972
5972
5976
5978
5984
5990
5990
5992
5994
5996
5996
5998
6000
6000
6002
6002
6004
6008
6012
6020
6022
6026
6026
6028
6028
6034
6034
6038
6038
6038
6040
6042
6046
6046
6048
6050
6052
6054
6054
6058
6062
6068
6072
6074
6074
6082
6084
6086
6088
6106
6120
6122
6132
6136
6150
6158
6164
6172
6176
6180
6188
6208
6244
6266
6334
6348
6364
6366
6370
6378
6384
6384
6390
6394
6424
6484
6504
6518
6530
6578
6588
6592
6618
6636
6642
6698
6742
6758
6804
6808
7010
7012
7032
7120
7224
7432
7488
7524
7616
7766
7984
8466
8888
9502
10062
10538
10580
10752
10880
10934
11302
11392
12342
12512
13244
13668
13862
14600
14760
15174
15510
15540
15682
15986
16236
16334
17548
17970
18500
18900
19544
20764
20888
21006
21006
21306
21340
21622
22328
22608
23010
23224
23638
23648
23770
24108
24586
24690
24940
25470
25568
25748
25830
27580
27686
28202
30156
31462
32566
33302
33636
34130
34758
35588
36382
36476
39558
39590
42308
43672
43896
45578
52228
55296
72246
10547804
