Latencies
5098
5114
5118
5120
5136
5140
5142
5148
5150
5154
5156
5162
5164
5166
5166
5168
5170
5172
5172
5172
5172
5174
5178
5178
5178
5178
5182
5184
5184
5186
5186
5188
5188
5192
5192
5194
5194
5194
5194
5196
5196
5198
5200
5200
5200
5202
5202
5204
5208
5210
5210
5212
5212
5214
5214
5216
5216
5220
5220
5222
5222
5222
5224
5224
5224
5224
5226
5228
5230
5230
5232
5234
5234
5234
5234
5236
5238
5238
5240
5242
5242
5244
5244
5246
5246
5248
5248
5248
5248
5250
5252
5254
5254
5254
5254
5254
5258
5258
5258
5258
5260
5260
5260
5262
5262
5262
5262
5264
5264
5266
5268
5268
5268
5270
5270
5270
5272
5272
5272
5274
5274
5274
5274
5276
5276
5276
5276
5278
5278
5278
5278
5280
5280
5280
5280
5282
5282
5284
5284
5286
5288
5288
5288
5288
5290
5290
5292
5292
5292
5294
5294
5294
5294
5294
5296
5296
5296
5298
5298
5298
5298
5300
5300
5300
5300
5300
5302
5302
5302
5302
5302
5302
5302
5302
5304
5304
5304
5306
5306
5306
5306
5306
5306
5308
5308
5308
5310
5310
5310
5310
5312
5312
5312
5312
5312
5312
5314
5314
5316
5316
5316
5316
5318
5318
5318
5318
5320
5320
5320
5322
5322
5322
5324
5326
5326
5326
5326
5326
5328
5328
5330
5330
5332
5332
5332
5332
5332
5332
5334
5334
5334
5334
5334
5334
5334
5336
5336
5336
5336
5336
5336
5336
5338
5338
5338
5338
5338
5340
5340
5342
5342
5342
5342
5342
5344
5344
5344
5344
5344
5344
5346
5350
5350
5350
5350
5350
5352
5352
5352
5352
5352
5354
5356
5358
5358
5358
5360
5360
5362
5362
5364
5364
5364
5364
5364
5364
5366
5366
5366
5368
5368
5370
5370
5370
5370
5372
5372
5372
5372
5374
5374
5374
5374
5374
5374
5376
5376
5376
5376
5376
5376
5376
5376
5378
5378
5378
5378
5378
5378
5378
5380
5380
5380
5380
5382
5382
5382
5384
5384
5384
5384
5384
5384
5384
5386
5386
5386
5386
5386
5388
5388
5390
5390
5390
5392
5392
5394
5394
5394
5396
5396
5396
5398
5398
5398
5398
5402
5402
5402
5402
5404
5404
5404
5404
5404
5404
5406
5406
5406
5406
5408
5408
5408
5408
5408
5408
5410
5410
5410
5410
5410
5410
5412
5414
5414
5416
5416
5416
5418
5418
5420
5420
5420
5420
5422
5424
5424
5424
5424
5426
5426
5426
5426
5426
5426
5428
5430
5430
5432
5434
5434
5434
5436
5438
5438
5438
5438
5438
5438
5440
5440
5442
5442
5442
5442
5444
5444
5444
5446
5446
5448
5448
5448
5450
5450
5450
5452
5452
5454
5454
5456
5456
5460
5460
5460
5460
5462
5464
5466
5466
5466
5466
5468
5468
5470
5472
5472
5476
5478
5478
5480
5480
5482
5482
5484
5484
5484
5484
5486
5486
5486
5490
5490
5490
5492
5494
5494
5494
5494
5494
5494
5496
5496
5498
5498
5500
5502
5502
5502
5504
5506
5506
5508
5508
5508
5510
5510
5512
5512
5514
5514
5514
5516
5518
5520
5520
5522
5524
5524
5524
5524
5526
5526
5526
5526
5526
5528
5528
5530
5532
5534
5536
5536
5538
5540
5540
5540
5540
5542
5542
5542
5546
5548
5550
5552
5554
5554
5554
5556
5556
5556
5558
5558
5560
5560
5562
5562
5564
5566
5568
5568
5570
5570
5572
5572
5572
5574
5580
5580
5584
5584
5586
5586
5588
5590
5592
5594
5594
5594
5594
5596
5602
5602
5602
5606
5606
5610
5610
5612
5614
5616
5618
5618
5620
5622
5622
5624
5626
5628
5628
5628
5634
5636
5636
5638
5638
5638
5640
5642
5644
5646
5648
5648
5650
5654
5656
5656
5658
5662
5664
5666
5666
5668
5674
5674
5676
5678
5678
5678
5678
5678
5680
5682
5682
5684
5686
5686
5686
5688
5688
5690
5690
5690
5694
5694
5696
5698
5700
5704
5708
5710
5712
5712
5714
5716
5718
5720
5722
5722
5722
5726
5726
5726
5728
5734
5738
5738
5738
5738
5738
5740
5740
5742
5746
5746
5750
5752
5754
5756
5760
5760
5764
5764
5768
5768
5772
5772
5772
5780
5784
5788
5790
5790
5790
5792
5792
5794
5794
5794
5796
5798
5800
5800
5800
5800
5800
5802
5804
5804
5806
5808
5808
5810
5818
5826
5828
5830
5830
5830
5830
5834
5840
5842
5842
5842
5842
5844
5850
5850
5852
5852
5852
5860
5860
5862
5866
5866
5868
5872
5872
5876
5876
5878
5878
5878
5880
5880
5882
5884
5890
5892
5894
5902
5902
5908
5912
5916
5916
5920
5920
5920
5922
5922
5924
5926
5930
5930
5932
5932
5934
5942
5944
5948
5950
5954
5956
5960
5964
5964
5966
5966
5966
5968
5968
5968
5968
5968
5970
5972
5978
5980
5986
5986
5998
5998
6000
6002
6002
6008
6010
6016
6032
6032
6034
6042
6046
6046
6048
6052
6058
6064
6066
6068
6068
6072
6076
6078
6084
6090
6090
6092
6094
6100
6100
6102
6110
6112
6112
6112
6114
6116
6122
6122
6126
6130
6130
6138
6138
6146
6150
6150
6150
6152
6154
6158
6158
6166
6174
6204
6206
6216
6218
6218
6222
6226
6228
6234
6236
6252
6252
6256
6260
6262
6268
6270
6270
6274
6278
6320
6320
6322
6328
6356
6372
6402
6404
6406
6422
6448
6458
6476
6484
6500
6512
6518
6528
6548
6548
6598
6612
6650
6682
6696
6782
6832
6944
7000
7156
7176
7204
7320
7336
7486
7508
7902
8432
8796
8854
9140
9584
9692
9794
9856
9886
10500
10664
10864
10888
10934
11116
11160
11258
11404
11702
12124
12818
13498
13588
13654
13790
14180
14222
14288
14672
14718
14774
15178
15344
15466
15730
15802
16130
16208
16306
17578
18208
18254
18954
18986
19158
19374
19784
20090
20238
20262
20278
20386
20498
20870
20948
21090
21090
21400
21584
21670
22044
22648
23272
23456
23778
23848
24448
24684
24728
24906
24914
25302
25310
25486
25554
25990
26172
26384
27294
27378
27682
28128
28452
29418
30050
30112
30308
32308
32780
33116
33554
33742
33832
34090
34266
35140
35230
36084
36670
39544
40404
40590
40598
42626
85768
