Latencies
5142
5146
5146
5164
5186
5190
5190
5208
5214
5224
5224
5228
5236
5236
5240
5244
5244
5246
5248
5250
5252
5256
5262
5262
5262
5264
5264
5266
5268
5272
5272
5276
5278
5280
5282
5284
5288
5294
5296
5298
5300
5300
5302
5304
5306
5308
5308
5308
5310
5310
5312
5314
5316
5316
5318
5318
5318
5318
5320
5320
5320
5320
5322
5324
5324
5324
5326
5326
5326
5328
5328
5330
5330
5330
5332
5332
5332
5332
5334
5336
5336
5336
5338
5338
5338
5338
5338
5340
5340
5342
5342
5344
5344
5344
5346
5346
5346
5346
5346
5350
5350
5350
5350
5350
5350
5352
5352
5352
5354
5354
5356
5356
5356
5358
5358
5358
5358
5360
5360
5360
5360
5360
5362
5362
5362
5362
5362
5364
5364
5364
5364
5366
5366
5366
5366
5366
5366
5366
5366
5368
5368
5368
5370
5370
5370
5370
5370
5372
5372
5372
5372
5374
5374
5376
5376
5376
5376
5376
5378
5378
5378
5378
5378
5380
5380
5380
5380
5382
5382
5384
5384
5384
5384
5386
5386
5386
5388
5388
5388
5388
5390
5390
5390
5392
5392
5392
5392
5394
5394
5394
5394
5394
5396
5396
5398
5398
5398
5400
5400
5402
5404
5404
5406
5406
5406
5406
5406
5406
5406
5408
5408
5408
5408
5408
5408
5410
5410
5410
5410
5412
5412
5412
5412
5414
5414
5416
5416
5416
5416
5416
5416
5416
5418
5418
5418
5418
5418
5420
5420
5420
5420
5420
5420
5420
5420
5422
5422
5422
5422
5424
5426
5428
5428
5428
5428
5428
5430
5430
5430
5430
5430
5432
5432
5432
5434
5434
5434
5434
5434
5434
5436
5436
5436
5436
5436
5436
5436
5436
5436
5436
5438
5440
5440
5440
5440
5440
5440
5440
5442
5442
5442
5442
5442
5442
5444
5446
5446
5446
5448
5450
5450
5450
5450
5450
5452
5452
5452
5454
5454
5454
5456
5456
5456
5456
5456
5458
5458
5458
5458
5458
5458
5462
5462
5462
5462
5464
5464
5466
5466
5466
5466
5468
5468
5468
5470
5472
5472
5472
5472
5474
5474
5474
5474
5476
5476
5476
5476
5478
5478
5480
5480
5482
5482
5482
5484
5486
5486
5486
5486
5488
5488
5488
5488
5488
5488
5488
5490
5490
5490
5490
5490
5492
5492
5494
5494
5496
5498
5498
5498
5498
5502
5502
5502
5504
5504
5506
5506
5506
5506
5508
5508
5508
5508
5508
5510
5510
5510
5512
5514
5514
5516
5516
5516
5518
5518
5520
5522
5524
5524
5524
5526
5528
5528
5528
5528
5528
5528
5528
5530
5530
5532
5532
5532
5532
5534
5536
5536
5538
5538
5540
5542
5544
5544
5544
5546
5546
5546
5548
5548
5548
5550
5550
5550
5552
5552
5554
5554
5554
5556
5556
5556
5558
5558
5564
5564
5564
5570
5570
5572
5572
5574
5574
5574
5576
5576
5578
5578
5578
5578
5578
5580
5580
5582
5582
5582
5582
5586
5586
5590
5590
5590
5590
5592
5594
5594
5598
5598
5604
5604
5604
5606
5608
5610
5610
5610
5610
5614
5616
5616
5616
5620
5620
5624
5628
5628
5632
5632
5632
5634
5634
5636
5640
5640
5640
5640
5640
5642
5642
5644
5644
5646
5648
5648
5648
5648
5648
5648
5650
5652
5654
5654
5654
5654
5654
5658
5658
5660
5660
5660
5662
5662
5664
5664
5664
5666
5666
5668
5670
5672
5674
5674
5674
5674
5676
5678
5678
5678
5680
5680
5680
5682
5686
5688
5688
5688
5688
5690
5690
5692
5694
5696
5696
5698
5700
5700
5700
5702
5702
5704
5704
5706
5706
5706
5708
5712
5712
5714
5718
5718
5720
5720
5720
5720
5722
5724
5726
5732
5732
5734
5734
5736
5742
5744
5750
5750
5750
5750
5750
5752
5754
5754
5754
5754
5756
5758
5758
5758
5760
5760
5762
5764
5764
5766
5766
5768
5770
5770
5772
5774
5782
5782
5784
5788
5788
5788
5788
5790
5790
5792
5794
5794
5798
5800
5800
5806
5810
5812
5814
5816
5816
5816
5822
5824
5830
5830
5830
5830
5834
5836
5840
5842
5842
5844
5846
5848
5850
5850
5852
5852
5854
5854
5854
5856
5856
5856
5858
5862
5864
5866
5866
5870
5872
5874
5876
5876
5876
5878
5878
5886
5892
5892
5892
5892
5894
5894
5900
5900
5904
5904
5904
5904
5906
5908
5908
5914
5916
5918
5918
5920
5920
5920
5926
5928
5930
5934
5934
5934
5936
5936
5936
5938
5944
5944
5946
5946
5948
5950
5952
5956
5958
5958
5962
5962
5962
5962
5968
5972
5972
5978
5978
5980
5980
5982
5982
5982
5986
5986
5988
5988
5990
5994
5996
5996
6000
6002
6002
6002
6008
6008
6010
6020
6020
6022
6022
6024
6026
6028
6032
6032
6038
6040
6042
6042
6042
6048
6050
6050
6052
6054
6056
6056
6058
6058
6060
6060
6068
6072
6072
6074
6076
6076
6082
6086
6090
6090
6092
6092
6094
6094
6096
6100
6102
6104
6104
6106
6106
6108
6112
6114
6114
6116
6118
6118
6122
6124
6126
6126
6128
6130
6134
6136
6144
6144
6150
6154
6156
6158
6158
6168
6168
6170
6174
6186
6186
6194
6196
6196
6200
6202
6202
6204
6206
6210
6212
6214
6214
6216
6220
6220
6222
6224
6228
6230
6230
6242
6244
6248
6248
6266
6268
6270
6282
6286
6302
6312
6326
6336
6338
6344
6346
6354
6354
6356
6366
6370
6374
6376
6380
6390
6400
6412
6424
6430
6444
6486
6490
6490
6504
6504
6512
6532
6556
6558
6602
6618
6634
6686
6688
6720
6754
6756
6796
6840
6894
6920
6948
6978
6978
6988
6990
7030
7036
7066
7078
7128
7132
7170
7186
7218
7226
7228
7334
7350
7430
7432
7466
7470
7674
7704
7824
7846
7864
7894
8590
8928
9058
9328
9414
9614
10598
10764
10868
11202
11436
11602
11912
12026
12316
12878
13480
14226
14272
14334
14418
14892
15992
17730
17826
19394
19972
20712
21776
22190
23514
23840
24080
24118
24206
24270
24504
25038
25296
25418
25504
26106
26146
27252
27674
28444
28476
28600
29264
29456
29774
30122
30212
30400
31132
31404
31692
34300
34452
34498
34810
35024
35572
36058
36194
43832
84328
