Latencies
5124
5140
5162
5182
5192
5194
5200
5204
5218
5230
5234
5238
5242
5242
5242
5244
5246
5246
5246
5252
5258
5260
5260
5264
5266
5270
5272
5286
5296
5298
5298
5300
5300
5306
5310
5314
5316
5322
5326
5330
5336
5338
5340
5350
5350
5350
5352
5352
5352
5352
5356
5362
5374
5380
5382
5388
5392
5396
5406
5406
5406
5410
5416
5418
5420
5430
5430
5434
5438
5442
5444
5450
5450
5450
5450
5458
5460
5462
5464
5472
5474
5478
5490
5492
5496
5498
5502
5504
5508
5510
5526
5532
5538
5548
5552
5562
5562
5584
5592
5600
5608
5612
5628
5630
5632
5644
5652
5652
5654
5656
5666
5676
5678
5680
5700
5700
5702
5708
5714
5720
5722
5736
5742
5746
5756
5758
5772
5784
5790
5814
5818
5820
5824
5834
5840
5842
5842
5842
5882
5882
5906
5914
5918
5922
5928
5932
5938
5938
5944
5964
5966
5966
5968
5970
5970
6002
6008
6014
6016
6030
6038
6038
6076
6102
6106
6110
6112
6116
6132
6140
6144
6150
6150
6160
6182
6188
6194
6198
6214
6220
6234
6236
6242
6274
6276
6316
6330
6334
6338
6344
6374
6436
6436
6440
6454
6478
6480
6488
6494
6562
6594
6596
6602
6610
6626
6680
6684
6690
6718
6766
6766
6766
6770
6794
6840
6852
6860
6892
6930
6936
6948
6960
6980
6984
7018
7046
7076
7080
7100
7100
7104
7122
7134
7138
7144
7150
7164
7164
7172
7200
7222
7264
7286
7318
7326
7326
7326
7360
7362
7370
7424
7424
7426
7436
7448
7460
7484
7488
7506
7528
7548
7556
7562
7566
7594
7600
7604
7610
7614
7614
7650
7654
7662
7664
7664
7674
7676
7704
7704
7716
7736
7778
7782
7786
7798
7800
7824
7844
7852
7854
7884
7890
7920
7926
7934
7948
7954
7956
7992
7996
8004
8042
8058
8088
8104
8106
8116
8164
8174
8176
8184
8208
8224
8248
8272
8314
8350
8360
8360
8366
8390
8430
8436
8466
8500
8508
8514
8534
8550
8558
8560
8566
8566
8576
8588
8614
8634
8650
8686
8696
8748
8806
8826
8860
8862
8892
8904
8908
8920
8944
8958
8974
8998
9018
9022
9024
9030
9034
9056
9066
9114
9134
9138
9182
9194
9206
9210
9270
9276
9340
9346
9400
9426
9448
9462
9468
9482
9486
9498
9538
9582
9590
9602
9614
9616
9630
9644
9650
9652
9652
9728
9730
9770
9774
9778
9794
9818
9834
9860
9868
9870
9922
9954
9954
10014
10020
10024
10030
10034
10050
10084
10100
10176
10188
10202
10204
10216
10306
10330
10336
10350
10378
10392
10416
10434
10456
10466
10468
10482
10488
10530
10560
10592
10618
10618
10626
10628
10638
10646
10660
10750
10758
10796
10834
10846
10852
10892
10904
10918
10962
10962
10972
11010
11010
11020
11026
11050
11056
11080
11084
11134
11138
11188
11194
11220
11224
11280
11288
11304
11314
11330
11334
11336
11372
11432
11464
11464
11482
11488
11502
11512
11518
11538
11576
11576
11586
11612
11636
11654
11662
11668
11704
11712
11714
11740
11760
11762
11782
11794
11810
11880
11894
11902
11924
11958
11966
11966
12012
12024
12036
12056
12058
12100
12154
12158
12178
12188
12202
12212
12220
12230
12240
12242
12244
12244
12300
12302
12304
12306
12314
12322
12332
12332
12352
12374
12374
12396
12404
12404
12408
12438
12440
12442
12446
12448
12452
12482
12498
12502
12510
12518
12518
12524
12550
12568
12600
12616
12638
12652
12658
12658
12692
12728
12732
12752
12782
12788
12794
12810
12830
12844
12848
12864
12868
12918
12920
13020
13044
13046
13050
13074
13096
13100
13126
13184
13198
13218
13242
13266
13280
13312
13332
13350
13360
13412
13438
13438
13442
13452
13458
13478
13478
13490
13508
13522
13542
13560
13566
13566
13576
13632
13654
13682
13694
13698
13718
13738
13766
13776
13776
13794
13800
13822
13828
13850
13854
13862
13890
13920
13946
13968
13970
13972
13998
14032
14042
14074
14086
14130
14140
14142
14154
14170
14184
14192
14192
14194
14220
14238
14242
14242
14254
14256
14258
14276
14298
14304
14316
14318
14326
14330
14342
14358
14366
14376
14376
14396
14404
14420
14420
14436
14460
14460
14464
14470
14470
14474
14488
14508
14518
14522
14528
14556
14572
14576
14582
14588
14598
14608
14618
14648
14652
14668
14668
14682
14682
14696
14738
14758
14758
14770
14770
14778
14804
14810
14812
14816
14818
14820
14822
14826
14832
14840
14842
14846
14856
14864
14876
14880
14884
14884
14886
14890
14894
14898
14904
14914
14916
14918
14926
14934
14940
14946
14948
14952
14964
14964
14978
14994
14996
14998
15000
15008
15016
15028
15028
15030
15048
15056
15060
15062
15076
15078
15084
15092
15092
15096
15104
15116
15122
15134
15136
15136
15140
15150
15154
15156
15158
15164
15168
15174
15176
15194
15200
15204
15204
15230
15236
15242
15256
15266
15268
15270
15276
15278
15286
15296
15298
15310
15324
15324
15328
15330
15340
15346
15354
15356
15380
15390
15392
15406
15420
15426
15430
15434
15434
15434
15442
15448
15450
15452
15454
15460
15460
15470
15482
15502
15520
15520
15524
15526
15530
15534
15542
15558
15558
15566
15610
15626
15666
15672
15680
15694
15742
15746
15764
15774
15798
15802
15822
15848
15894
15982
15998
16066
16108
16130
16136
16164
16176
16192
16222
16364
16382
16392
16408
16660
16724
16836
16994
17462
17556
17720
17738
17876
17986
18106
18124
18288
18408
18492
18738
18794
18818
18838
18902
19056
19112
19144
19152
19218
19282
19316
19408
19420
19770
19938
19954
20074
20314
20490
20606
20774
21420
21724
21864
21902
22084
22148
22328
22344
22386
22406
22518
22588
22594
22910
22938
22968
23198
23380
23594
23774
23832
23924
24030
24112
24216
24216
24424
24588
24612
24612
24674
24782
24884
24914
24952
24958
24960
24964
25060
25556
25570
25570
25780
27006
28196
29644
31476
32718
33958
34544
34624
37416
38332
42150
54176
58958
82174
104092
155988
236006
323846
1189124
3116914
