Latencies
5240
5262
5314
5332
5352
5404
5434
5568
5572
5636
5654
5800
5842
5882
5898
5926
5944
5948
5986
5998
6010
6064
6072
6092
6238
6252
6278
6414
6434
6446
6470
6476
6494
6516
6584
6690
6694
6730
6784
6788
6802
6904
6908
6956
6980
6982
7044
7108
7140
7214
7386
7526
7540
7544
7556
7632
7650
7690
7734
7766
7814
7814
7846
7870
7954
8062
8112
8142
8148
8274
8302
8376
8410
8430
8448
8482
8544
8666
8734
8754
8766
8766
8922
8944
9034
9056
9174
9200
9204
9222
9222
9228
9382
9464
9544
9558
9620
9624
9636
9864
9872
9876
9946
10074
10080
10092
10130
10136
10178
10390
10442
10460
10480
10546
10584
10678
10698
10700
10752
10766
10798
10864
10896
11004
11044
11186
11190
11222
11246
11286
11326
11404
11412
11590
11596
11632
11676
11694
11800
11816
11832
11988
12008
12046
12060
12092
12100
12126
12164
12258
12278
12402
12432
12444
12494
12534
12604
12640
12644
12722
12734
12750
12780
12784
12870
12880
13144
13278
13328
13384
13442
13514
13526
13558
13646
13648
13652
13716
13762
13838
13844
13878
13912
13946
14064
14096
14200
14228
14246
14342
14354
14372
14374
14390
14424
14444
14462
14494
14562
14568
14584
14600
14636
14636
14638
14640
14648
14658
14658
14660
14668
14678
14692
14696
14704
14712
14750
14752
14754
14770
14770
14778
14798
14802
14814
14824
14826
14832
14834
14840
14848
14868
14868
14872
14874
14882
14896
14906
14908
14940
14954
14968
14986
14988
14996
15000
15024
15030
15038
15044
15054
15064
15074
15078
15090
15106
15108
15120
15132
15136
15136
15148
15148
15152
15158
15164
15168
15172
15174
15188
15220
15246
15248
15252
15284
15316
15338
15340
15354
15388
15392
15400
15404
15440
15462
15476
15484
15514
15518
15542
15554
15560
15610
15636
15650
15664
15682
15696
15718
15730
15766
15772
15838
15870
15888
15906
15934
15992
15998
16012
16024
16070
16076
16118
16164
16178
16238
16254
16288
16308
16384
16398
16516
16786
16896
16908
16912
17042
17166
17176
17266
17400
17472
17528
17558
17638
17664
17766
17772
17874
17878
17932
18020
18086
18176
18190
18242
18286
18320
18540
18594
18626
18628
18636
18678
18696
18786
18824
18830
18914
18920
18940
18948
18982
18984
19014
19110
19220
19228
19236
19300
19352
19458
19502
19526
19662
19738
19744
19802
19806
19820
19972
19978
20020
20050
20064
20084
20120
20122
20180
20204
20238
20242
20402
20450
20478
20626
20654
20684
20714
20842
20848
20848
20964
20974
21022
21146
21148
21150
21182
21184
21312
21350
21388
21450
21530
21566
21572
21652
21684
21738
21812
21824
21856
21900
21924
21978
22038
22118
22132
22186
22360
22406
22474
22640
22712
22778
22794
22848
22906
22908
22944
22954
22954
23018
23050
23092
23094
23212
23232
23238
23358
23432
23484
23500
23546
23584
23720
23736
23770
23838
23846
23864
23872
23890
23948
23958
23988
24050
24050
24068
24132
24134
24148
24158
24192
24216
24232
24304
24314
24334
24342
24354
24356
24356
24362
24362
24376
24428
24432
24476
24486
24500
24516
24522
24544
24592
24632
24802
24810
24834
24858
24870
24882
24920
24940
24972
24980
25010
25036
25040
25040
25066
25094
25136
25206
25212
25228
25266
25278
25278
25296
25304
25336
25338
25400
25492
25534
25534
25606
25666
25720
25754
25774
25794
25812
25904
26042
26062
26072
26138
26160
26186
26214
26348
26404
26556
26700
26780
26786
26804
26886
27002
27120
27154
27186
27196
27292
27294
27434
27642
27688
27800
27826
27938
27968
28026
28088
28228
28304
28332
28338
28350
28436
28592
28604
28636
28638
28650
28718
28932
28940
28956
29038
29044
29222
29510
29568
29720
29792
29808
29810
30182
30278
30340
30424
30436
30522
30826
30864
30870
30886
30894
30956
30978
30994
31070
31096
31116
31136
31204
31532
31600
31674
31804
31858
31868
31894
31948
31964
32010
32060
32088
32210
32214
32300
32552
32588
32640
32650
32858
32874
32886
33060
33288
33350
33350
33422
33480
33486
33772
33786
33798
33800
33818
33834
33922
33958
33966
33988
34010
34016
34046
34106
34108
34114
34142
34154
34154
34162
34174
34208
34248
34258
34276
34310
34322
34326
34358
34368
34368
34372
34388
34392
34396
34412
34424
34426
34436
34438
34438
34444
34462
34466
34466
34468
34468
34480
34484
34506
34522
34524
34534
34538
34548
34550
34554
34558
34560
34568
34582
34588
34602
34604
34606
34612
34612
34626
34628
34628
34630
34644
34660
34670
34676
34676
34688
34690
34712
34716
34732
34740
34748
34760
34766
34776
34792
34816
34828
34832
34832
34848
34850
34852
34854
34866
34868
34880
34894
34896
34900
34904
34908
34936
34944
34944
34944
34950
34950
34976
34990
34994
34998
35002
35010
35018
35052
35074
35078
35080
35110
35124
35138
35148
35160
35222
35230
35250
35260
35268
35306
35310
35396
35412
35492
35556
35614
35684
35758
35812
35826
35858
35904
35922
36040
36142
36188
36310
36574
36612
36746
36794
37186
37564
37684
38262
38348
39468
39576
39678
40208
40244
40380
40774
41242
41376
41968
42048
42146
42474
42676
43120
43308
43434
43648
43774
43778
43846
43900
43928
43954
44018
44082
44148
44204
44466
44488
44522
44632
44788
45282
45494
45808
45844
45856
46056
47146
47574
47636
47836
48016
48280
48482
48524
48530
48548
49384
49396
50022
50454
50856
51006
51048
51048
52114
52228
52554
53080
53134
53192
53310
53332
53334
53480
53490
53492
53504
53580
53610
53622
53634
53636
53642
53670
53706
53746
53808
53844
53854
53892
53902
53948
53950
53952
53968
53984
53988
54014
54014
54048
54064
54070
54086
54092
54114
54118
54128
54140
54150
54160
54164
54186
54198
54202
54204
54208
54222
54226
54238
54240
54242
54242
54242
54248
54254
54278
54292
54312
54314
54328
54340
54372
54410
54448
54448
54450
54452
54490
54492
54564
54600
54612
54622
54684
54732
54850
54910
54956
54970
54976
54980
55110
55266
55588
55670
55872
55984
56928
58622
59384
59894
62174
62626
62668
63154
63700
63818
64104
65096
67970
88132
88806
107796
116454
118946
120116
133112
310264
408544
410378
594838
854254
1565540
