Latencies
5302
5316
5324
5330
5332
5338
5340
5342
5352
5352
5354
5362
5374
5376
5392
5394
5400
5408
5412
5422
5422
5424
5430
5438
5440
5442
5456
5460
5460
5468
5468
5474
5476
5480
5480
5488
5490
5490
5492
5506
5508
5514
5520
5522
5522
5522
5530
5536
5542
5542
5544
5546
5548
5552
5562
5576
5580
5586
5588
5600
5602
5606
5614
5616
5616
5620
5624
5626
5632
5638
5646
5660
5664
5674
5674
5676
5684
5690
5698
5700
5710
5710
5710
5728
5728
5734
5738
5742
5744
5748
5752
5758
5760
5774
5780
5782
5782
5784
5792
5796
5798
5810
5812
5814
5822
5834
5834
5840
5844
5858
5862
5870
5878
5884
5890
5902
5914
5914
5916
5918
5920
5920
5926
5944
5946
5950
5956
5960
5964
5970
5972
5976
5976
5978
5980
5988
5992
5992
5992
6002
6004
6020
6028
6032
6040
6044
6054
6066
6068
6070
6086
6088
6090
6102
6130
6132
6132
6136
6140
6142
6150
6152
6156
6166
6170
6172
6174
6194
6196
6200
6208
6208
6216
6224
6238
6240
6240
6242
6248
6252
6294
6304
6304
6326
6328
6334
6338
6342
6352
6358
6376
6382
6392
6394
6400
6400
6408
6410
6418
6424
6430
6434
6452
6462
6472
6480
6480
6482
6488
6492
6518
6520
6538
6538
6544
6552
6568
6580
6586
6588
6600
6614
6628
6640
6654
6658
6664
6680
6682
6684
6708
6714
6716
6728
6750
6760
6762
6780
6784
6792
6820
6850
6862
6862
6870
6884
6890
6892
6914
6916
6924
6936
6956
6956
7014
7020
7044
7066
7108
7122
7124
7128
7136
7188
7196
7210
7212
7230
7230
7254
7270
7278
7302
7304
7322
7332
7344
7350
7356
7370
7372
7376
7392
7400
7436
7450
7492
7562
7574
7576
7578
7592
7594
7696
7710
7726
7728
7736
7738
7740
7748
7774
7778
7790
7868
7874
7962
8026
8026
8030
8044
8048
8054
8062
8096
8100
8100
8128
8154
8212
8226
8282
8308
8312
8326
8330
8342
8352
8378
8400
8402
8422
8464
8466
8468
8484
8488
8590
8592
8594
8606
8608
8640
8654
8676
8694
8700
8734
8752
8774
8776
8832
8844
8846
8858
8858
8868
8914
8914
8960
8964
8976
8976
9008
9030
9040
9058
9076
9080
9096
9106
9108
9108
9258
9304
9348
9362
9410
9420
9430
9450
9470
9478
9482
9486
9488
9510
9516
9534
9544
9550
9568
9568
9592
9592
9600
9614
9626
9660
9666
9672
9672
9696
9700
9704
9710
9744
9772
9780
9794
9798
9820
9820
9830
9832
9844
9860
9864
9868
9870
9888
9890
9926
9968
9970
9972
9976
9994
10024
10046
10090
10096
10098
10118
10128
10136
10148
10152
10178
10224
10234
10238
10268
10276
10290
10326
10352
10366
10442
10448
10462
10488
10508
10510
10520
10532
10548
10558
10570
10588
10648
10650
10682
10684
10696
10700
10700
10718
10724
10726
10744
10758
10774
10786
10814
10832
10852
10858
10892
10896
10916
10926
10936
10946
10948
10950
10966
10970
10972
10990
11040
11054
11062
11072
11094
11102
11104
11106
11110
11118
11120
11146
11158
11158
11166
11188
11188
11202
11214
11244
11254
11254
11278
11292
11296
11308
11314
11322
11340
11342
11392
11394
11448
11448
11450
11472
11482
11484
11486
11490
11498
11504
11540
11560
11582
11584
11592
11598
11616
11632
11634
11640
11662
11664
11710
11714
11724
11732
11772
11774
11776
11790
11792
11808
11810
11812
11818
11822
11822
11852
11858
11860
11868
11926
11946
11962
11976
11984
12020
12024
12040
12048
12092
12106
12128
12134
12162
12166
12172
12196
12226
12276
12282
12292
12340
12350
12372
12384
12434
12444
12454
12506
12526
12532
12550
12572
12616
12616
12626
12640
12642
12670
12686
12706
12732
12738
12768
12770
12782
12800
12804
12828
12830
12838
12842
12850
12850
12870
12888
12898
12900
12914
12942
12952
13010
13024
13028
13036
13036
13056
13066
13066
13072
13092
13094
13096
13102
13140
13160
13178
13184
13226
13254
13276
13284
13300
13320
13350
13368
13384
13400
13402
13410
13418
13420
13440
13456
13494
13500
13538
13538
13576
13576
13578
13582
13584
13590
13594
13604
13608
13612
13622
13654
13664
13708
13728
13742
13754
13764
13786
13806
13806
13810
13826
13850
13856
13870
13870
13876
13894
13918
13940
13968
13970
13988
14010
14018
14024
14042
14056
14076
14076
14100
14100
14120
14134
14136
14152
14182
14204
14210
14210
14210
14218
14228
14234
14270
14274
14294
14300
14306
14316
14350
14360
14372
14408
14410
14414
14422
14424
14426
14428
14436
14440
14440
14446
14450
14450
14466
14470
14486
14490
14492
14504
14504
14512
14532
14540
14550
14558
14572
14580
14584
14590
14602
14606
14612
14612
14618
14618
14622
14624
14626
14632
14644
14650
14652
14652
14658
14666
14688
14688
14694
14696
14698
14708
14708
14714
14722
14726
14736
14740
14748
14752
14754
14754
14772
14776
14778
14782
14784
14790
14792
14794
14800
14806
14812
14816
14818
14818
14824
14826
14826
14828
14840
14844
14848
14850
14850
14852
14872
14872
14872
14880
14882
14900
14904
14906
14910
14910
14910
14918
14930
14952
14956
14958
14958
14964
14966
14966
14968
14976
14978
14990
14992
14992
14994
14994
15000
15002
15010
15016
15018
15032
15040
15042
15042
15048
15048
15054
15060
15062
15064
15066
15066
15072
15074
15076
15078
15078
15084
15090
15090
15096
15098
15110
15122
15130
15132
15146
15164
15166
15168
15180
15180
15190
15212
15212
15218
15242
15244
15246
15260
15264
15270
15280
15288
15292
15296
15296
15296
15334
15342
15346
15348
15354
15380
15390
15390
15404
15412
15456
15456
15458
15462
15466
15468
15494
15512
15524
15546
15554
15556
15564
15602
15628
15668
15672
15694
15718
15728
15740
15838
15884
15938
15978
15996
16126
16222
16348
16506
16594
17090
17162
17246
17296
18050
18362
19864
19958
21126
21632
21720
22334
22460
22512
23298
23604
24018
24076
24080
24144
24248
24304
24388
24432
24496
24508
24526
24542
24720
24778
24794
24808
25012
25024
25092
25238
25560
26196
30406
31512
31778
32470
33272
33338
34274
34570
34754
35110
37586
42658
43170
45164
45334
45932
54410
743876
6977482
