Latencies
5166
5168
5172
5174
5176
5180
5184
5184
5186
5200
5200
5204
5204
5204
5206
5206
5208
5208
5212
5212
5212
5214
5216
5216
5216
5218
5220
5222
5224
5224
5224
5226
5226
5230
5230
5232
5232
5232
5234
5234
5234
5238
5242
5244
5244
5248
5250
5250
5250
5250
5252
5252
5252
5254
5254
5256
5258
5262
5264
5264
5266
5268
5274
5274
5274
5274
5276
5278
5280
5280
5280
5284
5284
5284
5288
5288
5288
5290
5290
5290
5292
5292
5294
5296
5296
5298
5300
5300
5300
5300
5302
5306
5306
5308
5308
5308
5308
5310
5310
5310
5312
5312
5312
5312
5314
5314
5314
5314
5314
5316
5316
5316
5316
5318
5318
5320
5320
5322
5322
5324
5324
5324
5324
5326
5326
5326
5326
5328
5330
5330
5332
5332
5332
5332
5332
5332
5334
5334
5336
5336
5338
5340
5340
5340
5342
5342
5346
5346
5346
5346
5350
5350
5350
5350
5350
5352
5354
5356
5356
5356
5356
5356
5358
5358
5358
5358
5360
5360
5360
5362
5362
5362
5362
5362
5362
5364
5364
5364
5364
5364
5364
5366
5366
5366
5366
5366
5366
5366
5368
5368
5368
5368
5368
5368
5368
5370
5370
5370
5370
5370
5370
5370
5370
5372
5372
5372
5372
5374
5374
5374
5374
5374
5374
5374
5374
5376
5376
5376
5376
5376
5378
5378
5378
5380
5380
5380
5382
5382
5382
5382
5382
5384
5384
5384
5384
5386
5386
5386
5386
5386
5386
5388
5388
5388
5388
5388
5390
5390
5390
5390
5392
5392
5392
5392
5392
5394
5396
5396
5396
5398
5398
5398
5398
5400
5400
5400
5400
5400
5402
5402
5404
5404
5404
5404
5406
5408
5408
5408
5408
5410
5410
5410
5412
5412
5412
5412
5412
5414
5414
5414
5414
5416
5416
5416
5418
5418
5420
5420
5426
5428
5428
5428
5428
5430
5430
5432
5432
5432
5434
5434
5434
5434
5436
5438
5438
5440
5440
5440
5440
5442
5442
5442
5444
5446
5446
5446
5446
5446
5448
5448
5448
5450
5450
5450
5452
5452
5454
5454
5458
5458
5458
5460
5460
5462
5462
5462
5462
5462
5462
5462
5462
5462
5464
5464
5464
5464
5464
5464
5468
5470
5470
5470
5472
5472
5474
5474
5474
5474
5474
5474
5476
5476
5476
5476
5478
5478
5480
5480
5480
5480
5482
5482
5482
5484
5484
5486
5486
5486
5488
5488
5488
5488
5490
5494
5494
5496
5496
5496
5496
5496
5496
5498
5498
5498
5498
5500
5500
5500
5500
5504
5504
5504
5504
5504
5504
5506
5506
5506
5506
5506
5508
5510
5510
5512
5514
5514
5516
5516
5516
5516
5516
5518
5518
5518
5520
5520
5522
5522
5522
5524
5526
5526
5526
5526
5528
5528
5528
5530
5532
5532
5534
5534
5534
5536
5536
5536
5538
5538
5538
5540
5540
5540
5540
5540
5542
5542
5544
5544
5544
5546
5548
5548
5550
5550
5550
5550
5552
5552
5554
5554
5554
5558
5558
5558
5558
5562
5562
5562
5564
5572
5572
5572
5572
5572
5574
5574
5574
5576
5576
5578
5578
5580
5580
5580
5580
5580
5582
5582
5584
5584
5584
5588
5588
5588
5590
5590
5590
5590
5592
5592
5596
5598
5598
5600
5600
5602
5604
5604
5604
5606
5608
5608
5610
5610
5610
5612
5612
5614
5616
5616
5616
5618
5620
5620
5620
5620
5622
5628
5630
5632
5632
5632
5634
5636
5640
5642
5646
5648
5652
5652
5652
5654
5654
5658
5658
5658
5664
5668
5668
5670
5670
5670
5672
5672
5674
5674
5674
5678
5678
5682
5682
5684
5686
5688
5690
5690
5690
5692
5694
5696
5696
5698
5698
5700
5700
5700
5702
5704
5704
5704
5704
5704
5706
5706
5708
5712
5716
5716
5716
5716
5718
5718
5718
5724
5726
5726
5726
5728
5728
5730
5730
5732
5734
5734
5736
5740
5740
5742
5742
5744
5746
5746
5746
5748
5748
5748
5752
5754
5760
5760
5762
5762
5762
5762
5764
5764
5766
5768
5768
5770
5770
5772
5772
5774
5776
5778
5780
5780
5780
5780
5782
5782
5786
5788
5792
5794
5796
5796
5796
5796
5796
5798
5804
5808
5808
5810
5810
5816
5818
5820
5828
5834
5836
5840
5840
5842
5842
5844
5846
5846
5848
5850
5850
5854
5854
5856
5858
5858
5862
5870
5870
5874
5876
5880
5880
5882
5888
5892
5900
5904
5908
5912
5912
5916
5916
5920
5922
5922
5924
5928
5934
5936
5940
5940
5942
5942
5948
5948
5948
5954
5958
5958
5964
5964
5968
5970
5970
5972
5972
5974
5980
5982
5982
5984
5992
5994
5996
5998
5998
6000
6004
6006
6006
6008
6008
6014
6018
6018
6020
6026
6028
6028
6028
6030
6030
6032
6032
6034
6034
6038
6042
6042
6042
6046
6048
6048
6052
6052
6056
6058
6058
6068
6070
6072
6072
6076
6076
6078
6078
6078
6082
6084
6088
6090
6090
6092
6092
6096
6102
6104
6106
6110
6112
6112
6114
6120
6124
6126
6128
6130
6134
6134
6136
6138
6138
6142
6142
6152
6154
6154
6160
6164
6164
6164
6164
6164
6166
6172
6172
6174
6174
6180
6182
6182
6186
6196
6198
6206
6208
6212
6214
6216
6216
6218
6218
6222
6226
6230
6232
6236
6238
6242
6242
6246
6248
6248
6248
6256
6256
6258
6260
6260
6282
6286
6288
6296
6296
6298
6302
6304
6308
6312
6318
6354
6402
6406
6416
6418
6420
6424
6440
6444
6454
6458
6458
6458
6500
6520
6526
6526
6540
6540
6568
6602
6612
6662
6666
6724
6806
6830
6830
6842
6850
6856
6860
6876
6878
6956
6962
7026
7044
7222
7286
7394
7438
7564
7608
7696
7736
7860
8336
8520
8588
8962
9194
9284
9332
9432
9562
9624
9708
9734
10022
10102
10110
10158
10184
10236
10530
10650
10668
10734
10792
10910
10994
11148
11446
11648
11778
11850
11942
12004
12266
12354
12362
12468
12956
13080
13288
13514
13610
13860
14518
14858
15084
15296
16102
16382
17122
17148
18054
18618
19726
20972
23048
24470
25020
25182
25244
25750
26906
26974
27286
27424
28220
29474
30676
31000
31368
33030
33796
35290
35638
35864
37852
38266
39168
43430
72456
74254
