Latencies
5096
5106
5120
5122
5126
5132
5136
5146
5148
5152
5156
5156
5156
5158
5162
5164
5166
5166
5166
5166
5168
5168
5172
5172
5174
5174
5176
5176
5176
5178
5178
5180
5180
5180
5180
5180
5186
5186
5186
5188
5188
5190
5190
5190
5192
5192
5194
5196
5196
5196
5196
5198
5202
5202
5202
5204
5204
5204
5206
5206
5206
5206
5208
5210
5210
5212
5212
5214
5216
5218
5218
5218
5220
5222
5222
5222
5222
5224
5224
5224
5226
5226
5226
5226
5226
5230
5230
5232
5232
5234
5234
5234
5234
5236
5236
5240
5240
5242
5242
5242
5242
5244
5244
5244
5246
5246
5246
5248
5248
5248
5250
5250
5252
5252
5252
5252
5252
5256
5258
5258
5262
5262
5264
5264
5266
5266
5266
5266
5268
5268
5268
5270
5270
5272
5272
5272
5274
5274
5274
5274
5278
5278
5278
5278
5278
5280
5280
5280
5282
5282
5282
5284
5284
5284
5286
5288
5288
5290
5290
5290
5290
5290
5292
5292
5292
5292
5294
5294
5294
5296
5296
5296
5298
5300
5300
5300
5300
5300
5300
5302
5302
5302
5304
5304
5304
5304
5304
5304
5304
5304
5304
5306
5306
5306
5306
5306
5306
5308
5308
5312
5312
5312
5312
5314
5316
5318
5318
5320
5320
5320
5320
5320
5320
5322
5324
5324
5326
5328
5328
5328
5328
5328
5328
5328
5330
5330
5330
5332
5332
5334
5334
5334
5334
5334
5336
5336
5336
5336
5338
5338
5338
5338
5338
5338
5338
5338
5340
5340
5340
5340
5342
5342
5342
5342
5342
5344
5344
5344
5346
5346
5346
5346
5348
5348
5348
5348
5350
5350
5350
5350
5350
5352
5352
5352
5352
5352
5354
5354
5354
5354
5354
5356
5356
5356
5356
5356
5356
5358
5358
5358
5358
5360
5360
5360
5360
5360
5360
5360
5360
5360
5362
5362
5362
5362
5362
5362
5362
5362
5364
5364
5366
5366
5366
5366
5366
5366
5366
5366
5368
5368
5368
5368
5368
5368
5368
5368
5370
5370
5370
5370
5372
5372
5374
5374
5376
5376
5376
5376
5378
5378
5378
5378
5380
5380
5382
5382
5382
5382
5382
5384
5384
5384
5384
5384
5384
5384
5384
5386
5386
5386
5388
5388
5388
5390
5390
5390
5390
5392
5394
5394
5396
5396
5396
5396
5398
5398
5402
5402
5402
5402
5404
5404
5404
5406
5408
5408
5408
5408
5408
5408
5410
5410
5410
5412
5412
5412
5412
5414
5414
5414
5414
5414
5416
5416
5416
5416
5418
5418
5418
5420
5420
5420
5422
5426
5428
5428
5428
5430
5432
5432
5432
5434
5434
5436
5436
5438
5438
5438
5440
5442
5442
5444
5446
5446
5448
5448
5450
5450
5452
5454
5456
5456
5458
5458
5460
5462
5462
5462
5464
5464
5466
5466
5466
5466
5470
5470
5470
5470
5474
5474
5476
5476
5478
5478
5478
5478
5484
5484
5486
5486
5486
5486
5490
5490
5492
5492
5494
5498
5500
5500
5500
5502
5502
5504
5504
5504
5504
5504
5504
5506
5506
5508
5510
5510
5510
5510
5510
5512
5514
5514
5514
5516
5516
5516
5518
5518
5520
5520
5520
5520
5520
5520
5520
5520
5520
5520
5524
5524
5526
5528
5528
5528
5530
5532
5534
5534
5536
5536
5536
5536
5538
5540
5542
5544
5544
5546
5550
5550
5552
5552
5554
5554
5554
5556
5562
5562
5562
5566
5566
5568
5568
5568
5568
5572
5572
5572
5574
5576
5576
5578
5580
5586
5586
5588
5588
5592
5592
5594
5594
5594
5594
5596
5596
5596
5600
5600
5600
5602
5604
5604
5604
5604
5604
5606
5612
5612
5616
5620
5622
5628
5628
5628
5628
5630
5630
5630
5630
5630
5630
5630
5634
5636
5638
5640
5642
5642
5646
5650
5650
5650
5652
5652
5654
5658
5662
5662
5662
5666
5670
5670
5672
5674
5678
5680
5680
5684
5686
5688
5688
5688
5692
5692
5694
5698
5700
5700
5702
5702
5706
5706
5706
5706
5708
5708
5710
5712
5712
5712
5712
5714
5714
5718
5718
5720
5722
5726
5728
5734
5738
5738
5740
5742
5744
5746
5748
5750
5756
5758
5758
5764
5764
5766
5766
5766
5770
5772
5774
5776
5776
5782
5784
5786
5788
5788
5790
5792
5792
5792
5794
5796
5804
5806
5806
5814
5816
5818
5818
5818
5822
5826
5826
5830
5832
5842
5844
5848
5856
5866
5868
5882
5882
5884
5886
5886
5888
5892
5894
5902
5908
5908
5912
5912
5914
5916
5918
5920
5920
5922
5922
5922
5928
5928
5934
5934
5940
5942
5946
5946
5946
5952
5952
5962
5970
5974
5978
5980
5980
5984
5994
5996
5996
6002
6004
6006
6008
6012
6016
6024
6024
6026
6030
6030
6032
6034
6040
6044
6050
6054
6054
6060
6074
6078
6084
6092
6094
6094
6098
6100
6104
6114
6118
6124
6130
6130
6136
6138
6150
6170
6176
6182
6186
6194
6196
6198
6204
6208
6208
6208
6216
6222
6224
6224
6232
6236
6236
6240
6246
6248
6250
6252
6252
6254
6268
6268
6270
6272
6276
6276
6292
6316
6336
6358
6376
6382
6394
6396
6418
6474
6486
6496
6502
6506
6530
6588
6604
6608
6618
6638
6660
6682
6692
6724
6734
6736
6760
6778
6892
6930
6936
6950
6952
7004
7150
7170
7190
7316
7394
7432
7448
7742
7822
7926
8182
8212
8214
8300
8504
8540
8600
8604
8894
9058
9132
9200
9348
9508
9552
9562
9616
9670
10008
10088
10132
10266
10370
10520
10554
10622
10650
10714
10814
10888
11116
11142
11182
11214
11344
11992
12042
12056
12070
12158
12310
12334
12384
12436
12952
13216
13298
13752
13786
13946
13980
14102
14176
14270
14368
14400
14414
14446
14510
14648
14660
14670
14790
14806
14974
14986
15028
15290
15492
15542
15950
16018
16212
16426
17204
17468
18738
18870
19606
19734
19758
20318
20430
21080
21088
21108
21536
21608
21962
22052
23068
23222
23528
24418
25078
25372
26268
26428
26684
27340
27468
27806
28278
29908
30258
30462
32466
32494
32754
33764
34428
35166
35280
35342
35438
35638
35700
35778
35788
36590
40774
42112
42566
42898
43056
44398
48296
10000664
