Latencies
5108
5124
5128
5132
5138
5142
5144
5146
5146
5150
5154
5156
5166
5168
5168
5168
5168
5170
5170
5170
5172
5174
5178
5180
5180
5180
5184
5184
5184
5188
5188
5188
5188
5190
5190
5192
5194
5196
5196
5198
5198
5198
5200
5200
5202
5202
5206
5208
5208
5208
5210
5214
5214
5218
5220
5224
5224
5226
5228
5228
5230
5232
5232
5234
5234
5238
5240
5242
5242
5244
5244
5244
5246
5248
5250
5250
5252
5254
5254
5256
5256
5258
5258
5258
5260
5260
5260
5260
5262
5264
5264
5266
5268
5268
5268
5272
5272
5274
5274
5274
5274
5274
5274
5276
5278
5280
5282
5282
5282
5282
5282
5284
5288
5288
5288
5290
5292
5292
5292
5294
5294
5294
5296
5296
5296
5298
5298
5298
5298
5300
5300
5300
5302
5302
5304
5304
5304
5304
5304
5304
5304
5306
5306
5306
5308
5308
5310
5310
5310
5312
5312
5312
5312
5312
5314
5314
5314
5314
5316
5316
5316
5318
5318
5318
5318
5318
5320
5320
5320
5320
5320
5322
5322
5322
5324
5324
5324
5324
5324
5326
5326
5326
5326
5326
5326
5326
5328
5328
5328
5328
5328
5328
5330
5330
5330
5330
5332
5332
5332
5332
5334
5334
5334
5336
5338
5338
5338
5338
5340
5340
5340
5340
5340
5340
5342
5342
5342
5344
5344
5344
5344
5344
5346
5346
5346
5346
5346
5346
5348
5348
5348
5350
5350
5350
5350
5350
5350
5350
5352
5352
5352
5352
5352
5352
5352
5354
5354
5354
5354
5354
5356
5356
5356
5356
5356
5356
5358
5358
5358
5358
5358
5358
5358
5358
5358
5360
5360
5360
5362
5362
5362
5362
5364
5364
5364
5364
5366
5366
5368
5368
5368
5370
5370
5370
5370
5370
5370
5372
5372
5372
5372
5372
5372
5372
5372
5372
5374
5374
5374
5374
5374
5374
5374
5374
5374
5374
5374
5374
5374
5374
5376
5376
5376
5376
5376
5376
5378
5378
5378
5378
5378
5378
5380
5380
5380
5382
5382
5382
5382
5382
5382
5382
5384
5384
5384
5384
5384
5386
5386
5386
5388
5388
5388
5388
5388
5388
5390
5392
5392
5392
5392
5394
5394
5394
5394
5394
5394
5396
5396
5398
5398
5398
5398
5400
5400
5400
5400
5402
5402
5402
5404
5404
5404
5404
5404
5406
5406
5408
5408
5408
5410
5410
5410
5410
5410
5410
5410
5410
5414
5416
5416
5416
5416
5418
5418
5418
5418
5418
5420
5420
5422
5422
5424
5424
5424
5424
5424
5426
5426
5426
5426
5428
5428
5430
5430
5432
5432
5432
5432
5434
5434
5434
5436
5436
5436
5438
5438
5440
5440
5442
5444
5444
5448
5448
5448
5450
5450
5450
5450
5450
5454
5454
5454
5454
5454
5456
5456
5458
5458
5458
5458
5462
5464
5464
5466
5468
5468
5468
5468
5468
5468
5470
5474
5476
5476
5478
5478
5480
5480
5480
5482
5482
5482
5482
5484
5484
5484
5484
5484
5484
5486
5488
5490
5490
5492
5492
5492
5492
5494
5494
5494
5494
5496
5500
5500
5500
5502
5502
5504
5506
5506
5508
5508
5512
5514
5514
5514
5516
5516
5518
5518
5518
5520
5520
5522
5522
5522
5524
5524
5526
5526
5528
5530
5530
5532
5532
5534
5534
5534
5534
5536
5536
5538
5538
5540
5542
5548
5550
5550
5550
5550
5554
5556
5556
5556
5558
5558
5560
5560
5560
5562
5564
5568
5572
5572
5572
5572
5574
5574
5576
5576
5578
5578
5580
5580
5582
5588
5590
5590
5594
5596
5596
5600
5600
5606
5606
5608
5608
5612
5614
5618
5622
5622
5622
5624
5624
5626
5626
5628
5628
5630
5632
5632
5632
5634
5636
5638
5640
5640
5640
5642
5642
5642
5644
5646
5650
5654
5656
5656
5658
5662
5664
5672
5678
5680
5690
5692
5692
5692
5694
5694
5694
5696
5696
5698
5698
5698
5700
5706
5708
5708
5712
5712
5726
5728
5734
5738
5742
5742
5748
5750
5750
5750
5750
5752
5752
5752
5754
5754
5764
5766
5768
5770
5772
5778
5780
5780
5782
5782
5786
5788
5790
5792
5792
5792
5800
5804
5806
5806
5808
5808
5810
5816
5818
5822
5824
5826
5826
5830
5834
5836
5838
5840
5840
5850
5850
5850
5852
5852
5856
5856
5856
5860
5860
5862
5866
5868
5868
5870
5870
5872
5874
5876
5884
5900
5900
5912
5912
5912
5914
5916
5918
5920
5926
5926
5930
5930
5932
5936
5946
5950
5954
5956
5956
5958
5964
5974
5974
5980
5982
5982
5982
5986
5986
5988
5992
5994
5994
5998
6000
6008
6008
6008
6010
6016
6018
6024
6032
6036
6038
6038
6040
6040
6042
6044
6046
6046
6054
6060
6068
6068
6068
6074
6074
6082
6086
6088
6090
6092
6102
6102
6114
6126
6134
6136
6140
6146
6154
6156
6156
6160
6164
6168
6176
6232
6242
6248
6250
6252
6260
6262
6266
6270
6270
6282
6286
6288
6296
6308
6318
6340
6340
6342
6342
6346
6348
6360
6362
6372
6376
6384
6388
6388
6404
6414
6418
6424
6440
6450
6452
6458
6460
6476
6494
6508
6514
6526
6536
6536
6564
6568
6576
6588
6638
6726
6780
6824
6824
6846
6872
6884
6910
6948
6986
7032
7102
7166
7206
7252
7254
7296
7418
7512
7550
7572
7578
7722
7726
8146
8610
8810
8928
9124
9204
9384
9386
9422
9464
9562
9688
9718
9764
9806
9910
10196
10276
10308
10676
10870
11014
11072
11096
11350
11412
11494
11526
11554
11642
11728
11888
12228
12384
12408
12506
12560
12810
12954
13126
13184
13214
13336
13348
14260
14272
14408
15252
16134
16502
16718
16758
16990
17036
17192
17218
17692
17872
17918
18108
18138
18422
18980
19570
20016
20040
20482
20858
21352
21594
21774
21774
21820
22022
22268
23110
23166
23276
23516
23684
23726
23742
24000
24216
24582
24780
25190
25230
25522
25704
25774
25858
25866
26158
27386
27638
29520
29732
29970
30028
30448
30676
30732
31296
31400
31572
32370
32380
33594
35152
35226
35714
36032
36036
36828
37160
38894
38992
41326
41922
43622
51508
