Latencies
5006
5034
5036
5050
5052
5052
5052
5056
5072
5080
5084
5084
5084
5084
5084
5098
5100
5102
5104
5104
5104
5104
5106
5106
5116
5116
5116
5122
5124
5124
5126
5126
5126
5128
5128
5128
5128
5130
5132
5134
5134
5136
5136
5138
5138
5138
5138
5140
5140
5146
5148
5150
5152
5154
5154
5154
5156
5156
5156
5156
5156
5158
5158
5158
5160
5160
5162
5162
5162
5164
5166
5166
5168
5170
5170
5172
5174
5174
5178
5178
5178
5178
5180
5180
5180
5182
5182
5184
5184
5186
5186
5186
5186
5188
5188
5190
5190
5190
5190
5192
5192
5192
5194
5194
5196
5196
5198
5200
5200
5200
5200
5200
5200
5200
5202
5202
5204
5204
5204
5206
5206
5206
5210
5210
5210
5210
5210
5210
5212
5212
5212
5212
5212
5212
5214
5214
5214
5216
5216
5216
5216
5216
5218
5218
5218
5218
5218
5220
5222
5222
5222
5222
5224
5224
5224
5224
5226
5226
5226
5226
5226
5228
5228
5228
5228
5228
5228
5230
5230
5230
5230
5230
5230
5230
5232
5232
5232
5234
5234
5234
5234
5236
5236
5238
5238
5238
5238
5240
5240
5240
5240
5240
5242
5242
5244
5244
5244
5244
5246
5246
5246
5246
5246
5246
5246
5248
5248
5248
5248
5250
5250
5250
5250
5250
5250
5250
5250
5250
5252
5252
5252
5254
5254
5254
5254
5256
5256
5256
5258
5258
5260
5260
5260
5262
5262
5262
5262
5264
5264
5264
5264
5266
5266
5266
5266
5268
5270
5270
5272
5272
5272
5272
5272
5274
5274
5274
5274
5274
5274
5276
5276
5276
5276
5278
5278
5278
5280
5280
5282
5284
5284
5284
5286
5288
5288
5288
5290
5290
5290
5290
5290
5290
5292
5292
5292
5292
5292
5292
5292
5292
5294
5294
5296
5296
5296
5298
5298
5300
5300
5300
5300
5302
5302
5302
5304
5304
5304
5306
5306
5306
5306
5308
5308
5308
5308
5308
5310
5310
5312
5312
5314
5314
5314
5314
5316
5316
5316
5318
5320
5320
5320
5322
5322
5322
5324
5324
5324
5326
5326
5326
5326
5328
5328
5328
5330
5330
5330
5330
5330
5330
5330
5332
5332
5332
5332
5332
5332
5334
5334
5334
5336
5336
5336
5336
5338
5338
5338
5338
5338
5340
5340
5340
5340
5342
5342
5342
5342
5344
5344
5344
5344
5344
5344
5346
5348
5348
5348
5348
5350
5350
5350
5350
5350
5350
5352
5352
5352
5352
5356
5356
5356
5356
5358
5358
5358
5360
5360
5360
5362
5362
5362
5364
5366
5366
5368
5368
5370
5370
5370
5370
5372
5372
5372
5372
5374
5376
5376
5376
5376
5378
5380
5380
5380
5380
5382
5382
5382
5382
5384
5384
5386
5388
5392
5392
5392
5392
5392
5392
5394
5394
5394
5396
5396
5396
5398
5400
5400
5400
5400
5402
5402
5404
5404
5406
5408
5408
5410
5410
5412
5416
5416
5416
5416
5418
5418
5420
5420
5420
5420
5422
5422
5426
5428
5432
5434
5434
5434
5436
5436
5436
5438
5438
5438
5438
5438
5440
5442
5442
5442
5444
5446
5448
5448
5448
5450
5450
5452
5452
5454
5454
5454
5456
5456
5456
5458
5458
5460
5464
5466
5468
5470
5470
5472
5472
5476
5478
5478
5480
5482
5484
5488
5490
5490
5490
5492
5494
5494
5496
5498
5500
5500
5502
5504
5504
5506
5506
5508
5510
5512
5516
5518
5520
5520
5524
5528
5528
5528
5532
5534
5534
5536
5536
5538
5538
5538
5544
5544
5548
5550
5550
5550
5552
5552
5558
5558
5562
5564
5564
5566
5566
5566
5568
5568
5568
5570
5572
5572
5574
5574
5574
5576
5580
5586
5586
5586
5588
5588
5590
5590
5592
5596
5596
5598
5602
5604
5606
5606
5608
5608
5608
5608
5610
5610
5610
5610
5614
5614
5616
5616
5618
5622
5626
5626
5628
5630
5630
5632
5632
5634
5634
5636
5636
5636
5638
5640
5642
5644
5646
5646
5650
5650
5656
5656
5656
5660
5664
5666
5668
5670
5670
5672
5672
5674
5680
5680
5682
5684
5690
5692
5692
5692
5694
5696
5700
5704
5704
5704
5706
5710
5714
5716
5718
5722
5724
5726
5728
5728
5730
5730
5732
5732
5734
5736
5736
5736
5740
5740
5742
5742
5746
5750
5752
5752
5752
5752
5754
5754
5756
5760
5760
5762
5764
5766
5772
5774
5774
5782
5782
5784
5784
5786
5788
5790
5796
5796
5798
5798
5800
5802
5802
5806
5806
5806
5808
5808
5808
5810
5812
5820
5822
5828
5830
5834
5842
5842
5844
5846
5848
5848
5850
5854
5856
5858
5860
5860
5862
5864
5870
5870
5872
5872
5876
5876
5880
5884
5886
5896
5900
5904
5906
5908
5914
5916
5918
5920
5920
5920
5928
5934
5936
5938
5938
5938
5942
5944
5944
5952
5952
5960
5962
5966
5968
5968
5976
5976
5982
5984
5984
5984
5988
5992
5992
5994
6000
6002
6004
6004
6004
6006
6008
6008
6010
6010
6010
6012
6016
6016
6018
6018
6024
6026
6028
6034
6036
6038
6038
6046
6048
6056
6058
6060
6068
6080
6082
6082
6086
6090
6090
6092
6096
6096
6096
6098
6100
6106
6108
6110
6112
6122
6132
6136
6142
6144
6150
6150
6152
6160
6162
6164
6172
6174
6174
6176
6176
6204
6216
6234
6236
6242
6250
6250
6252
6260
6266
6268
6282
6290
6290
6300
6310
6320
6324
6334
6364
6366
6368
6372
6400
6404
6418
6454
6468
6468
6492
6494
6496
6498
6500
6508
6532
6552
6556
6558
6558
6566
6570
6578
6628
6646
6674
6792
6820
6822
6824
6876
6888
6894
6910
6974
7158
7184
7228
7268
7352
7544
7866
7990
8042
8206
8774
9128
9362
9564
9890
10030
10060
10174
10352
10490
10542
11148
11742
12138
12228
12486
12720
12760
12964
13158
13542
13546
13866
14564
14734
14738
14756
14852
14878
14914
14922
14994
15350
15604
15696
15714
15724
15728
15914
16602
16870
17762
17924
18702
19838
20018
20666
21424
21432
22148
23044
23252
23328
23878
23992
24196
24286
24994
26426
26690
27152
27290
27500
28272
28282
28414
29198
30032
32058
32510
32816
32984
33100
33996
34498
36082
36116
36486
40062
53012
83082
