Latencies
5000
5020
5026
5030
5044
5052
5056
5058
5058
5064
5070
5072
5074
5074
5076
5080
5082
5084
5086
5088
5090
5092
5092
5094
5096
5098
5102
5110
5110
5110
5114
5114
5116
5116
5118
5118
5118
5118
5120
5120
5120
5120
5120
5122
5124
5128
5132
5136
5138
5138
5140
5142
5142
5142
5144
5146
5148
5154
5154
5154
5156
5156
5156
5158
5158
5160
5162
5162
5164
5164
5166
5166
5166
5166
5168
5170
5170
5172
5172
5172
5172
5174
5176
5176
5176
5178
5178
5178
5180
5180
5180
5182
5182
5184
5184
5184
5184
5186
5188
5190
5192
5192
5192
5192
5192
5194
5194
5194
5194
5196
5198
5200
5200
5200
5202
5202
5202
5202
5204
5204
5204
5204
5204
5206
5206
5208
5208
5208
5210
5210
5210
5210
5212
5212
5212
5212
5214
5214
5214
5214
5214
5214
5214
5216
5216
5216
5218
5218
5218
5218
5220
5220
5222
5222
5222
5222
5222
5222
5224
5226
5226
5226
5226
5226
5226
5226
5228
5228
5228
5228
5228
5230
5230
5230
5230
5230
5230
5232
5232
5232
5232
5232
5232
5234
5234
5234
5234
5234
5236
5236
5238
5238
5238
5240
5240
5242
5242
5242
5242
5242
5242
5242
5242
5244
5244
5244
5244
5246
5246
5246
5246
5248
5250
5250
5250
5252
5254
5254
5254
5254
5254
5254
5256
5256
5256
5256
5258
5258
5258
5258
5258
5258
5260
5260
5260
5262
5262
5262
5262
5264
5264
5264
5266
5266
5266
5266
5268
5268
5268
5270
5270
5270
5270
5272
5272
5272
5274
5274
5274
5274
5274
5274
5276
5276
5276
5278
5278
5278
5278
5278
5280
5280
5280
5280
5280
5280
5280
5282
5282
5282
5282
5282
5282
5284
5284
5286
5286
5288
5290
5290
5292
5292
5292
5292
5294
5294
5296
5296
5298
5298
5298
5300
5300
5300
5304
5306
5306
5306
5308
5308
5308
5308
5310
5310
5312
5312
5312
5312
5314
5314
5314
5314
5314
5314
5316
5316
5316
5316
5316
5316
5316
5318
5318
5320
5320
5320
5320
5322
5322
5324
5324
5324
5324
5326
5326
5326
5328
5330
5330
5330
5332
5332
5334
5334
5334
5334
5334
5334
5338
5338
5338
5338
5340
5340
5342
5342
5342
5342
5342
5344
5346
5346
5346
5348
5348
5348
5350
5352
5352
5354
5354
5356
5356
5356
5356
5358
5358
5358
5360
5362
5362
5362
5362
5362
5364
5364
5366
5366
5368
5368
5370
5372
5372
5374
5376
5376
5376
5376
5380
5380
5382
5382
5382
5382
5382
5384
5384
5384
5386
5386
5386
5388
5388
5388
5390
5390
5390
5390
5390
5392
5392
5392
5392
5392
5392
5392
5392
5394
5394
5394
5396
5396
5400
5400
5402
5402
5402
5404
5404
5406
5406
5406
5406
5408
5408
5410
5412
5412
5414
5414
5414
5416
5416
5420
5420
5422
5422
5424
5426
5428
5430
5430
5432
5432
5432
5436
5438
5438
5442
5442
5444
5444
5444
5446
5448
5448
5450
5450
5450
5452
5452
5454
5454
5456
5456
5458
5460
5460
5462
5462
5462
5462
5462
5464
5466
5466
5466
5468
5470
5470
5472
5472
5474
5474
5476
5480
5480
5480
5482
5484
5486
5486
5486
5488
5488
5490
5492
5496
5498
5498
5500
5502
5502
5502
5502
5504
5506
5508
5508
5510
5510
5512
5514
5516
5516
5518
5518
5520
5522
5522
5524
5526
5528
5528
5528
5530
5532
5534
5534
5538
5538
5538
5540
5540
5542
5542
5544
5544
5552
5554
5558
5558
5558
5560
5560
5560
5562
5566
5566
5568
5570
5570
5576
5576
5576
5576
5576
5578
5578
5580
5582
5582
5582
5584
5584
5588
5588
5592
5594
5594
5594
5598
5600
5600
5600
5602
5604
5604
5608
5608
5608
5610
5612
5614
5614
5616
5616
5616
5620
5620
5620
5620
5620
5626
5626
5626
5626
5626
5628
5630
5630
5632
5636
5636
5636
5636
5636
5638
5644
5644
5646
5648
5648
5650
5652
5654
5656
5658
5666
5672
5674
5682
5682
5682
5686
5686
5686
5686
5690
5694
5694
5696
5696
5700
5702
5702
5702
5706
5708
5708
5710
5718
5724
5724
5724
5726
5728
5728
5728
5732
5732
5738
5742
5742
5742
5744
5746
5748
5750
5750
5752
5752
5752
5754
5758
5758
5758
5760
5760
5762
5762
5770
5776
5778
5784
5784
5786
5794
5798
5800
5800
5800
5800
5800
5802
5806
5808
5810
5812
5816
5816
5816
5820
5822
5826
5826
5826
5828
5828
5830
5830
5830
5830
5834
5834
5836
5838
5838
5840
5842
5844
5846
5850
5852
5854
5856
5860
5860
5862
5864
5864
5864
5866
5866
5868
5868
5868
5872
5872
5874
5876
5878
5884
5884
5884
5886
5886
5892
5892
5898
5900
5912
5912
5914
5916
5916
5918
5924
5926
5926
5928
5930
5932
5932
5936
5938
5938
5940
5944
5944
5948
5950
5954
5956
5960
5962
5970
5972
5972
5974
5978
5980
5980
5980
6000
6000
6006
6008
6014
6018
6020
6024
6026
6026
6026
6026
6026
6032
6034
6038
6044
6044
6046
6046
6052
6052
6058
6060
6064
6068
6068
6078
6080
6088
6090
6090
6098
6100
6102
6106
6106
6108
6110
6122
6122
6126
6128
6128
6130
6134
6138
6144
6156
6158
6166
6166
6170
6186
6188
6190
6192
6194
6208
6210
6214
6228
6228
6228
6230
6230
6238
6238
6250
6250
6258
6266
6276
6288
6296
6322
6350
6398
6400
6402
6412
6464
6492
6502
6508
6528
6564
6566
6572
6574
6594
6628
6632
6690
6694
6734
6736
6750
6768
6820
6826
6872
6878
6878
6908
6930
6954
6972
7022
7062
7176
7198
7288
8032
8090
8226
8250
8492
8564
8618
8624
9286
9474
9524
9690
9818
10026
10112
10282
10366
10592
10868
10924
10928
10930
11124
11356
11366
11654
11826
11864
12004
12260
12354
12650
12798
12808
13058
13876
14216
14440
14476
14722
14942
15040
15110
15256
15344
15444
15498
16256
16334
16530
16900
16912
17840
18220
19496
23210
24224
24960
25126
25208
25346
26190
26888
28238
28484
28760
28872
29116
29492
31540
33030
33186
34914
36010
38194
45652
