Latencies
5058
5106
5120
5124
5134
5142
5146
5150
5150
5152
5152
5152
5154
5160
5160
5160
5160
5164
5164
5164
5166
5168
5170
5170
5170
5172
5180
5182
5184
5184
5186
5186
5188
5190
5190
5190
5190
5190
5192
5194
5194
5194
5194
5198
5198
5200
5202
5204
5204
5204
5204
5206
5206
5214
5214
5214
5214
5216
5218
5222
5224
5224
5224
5224
5224
5226
5226
5228
5228
5228
5230
5230
5230
5232
5234
5234
5234
5234
5236
5236
5236
5236
5236
5238
5238
5238
5240
5240
5240
5240
5242
5242
5244
5244
5246
5246
5246
5248
5248
5248
5250
5250
5252
5252
5252
5252
5254
5256
5258
5258
5262
5262
5262
5262
5264
5264
5264
5266
5266
5268
5268
5268
5270
5270
5270
5270
5270
5272
5274
5274
5274
5274
5274
5274
5274
5276
5276
5276
5276
5278
5278
5278
5280
5280
5280
5282
5282
5284
5286
5286
5286
5288
5290
5290
5290
5290
5294
5294
5294
5296
5296
5296
5296
5298
5300
5300
5302
5304
5304
5304
5306
5308
5308
5308
5310
5310
5312
5312
5312
5312
5312
5312
5314
5314
5314
5314
5314
5316
5316
5316
5316
5316
5318
5318
5318
5320
5320
5322
5322
5322
5322
5324
5324
5324
5324
5324
5324
5326
5326
5326
5328
5328
5328
5328
5328
5330
5330
5330
5332
5332
5332
5332
5332
5332
5332
5332
5334
5334
5334
5334
5334
5336
5338
5338
5338
5338
5338
5338
5338
5340
5340
5340
5342
5342
5342
5344
5344
5344
5344
5346
5346
5346
5346
5346
5346
5348
5348
5348
5350
5352
5352
5352
5352
5354
5354
5354
5354
5356
5356
5356
5358
5358
5358
5358
5358
5358
5358
5360
5360
5360
5360
5362
5362
5362
5362
5364
5364
5364
5364
5364
5366
5366
5366
5366
5368
5368
5370
5370
5370
5372
5372
5372
5374
5374
5374
5374
5374
5374
5376
5376
5376
5378
5378
5378
5378
5380
5380
5380
5380
5380
5380
5382
5382
5382
5382
5382
5382
5382
5382
5384
5384
5384
5384
5384
5384
5386
5386
5386
5386
5390
5390
5390
5390
5390
5390
5392
5392
5392
5392
5392
5394
5394
5394
5396
5396
5396
5396
5396
5396
5396
5398
5398
5400
5400
5400
5400
5402
5402
5402
5404
5404
5404
5406
5406
5406
5406
5408
5408
5408
5408
5410
5410
5410
5410
5410
5410
5414
5414
5414
5414
5416
5416
5416
5416
5418
5418
5418
5418
5420
5420
5420
5422
5424
5424
5426
5428
5428
5428
5428
5430
5430
5430
5430
5432
5432
5432
5432
5432
5432
5434
5434
5434
5436
5436
5436
5436
5436
5440
5440
5440
5440
5442
5444
5444
5444
5444
5444
5444
5444
5446
5448
5448
5448
5450
5450
5450
5452
5452
5452
5452
5454
5454
5456
5456
5456
5458
5460
5460
5460
5460
5460
5460
5462
5462
5462
5462
5464
5464
5464
5464
5466
5466
5468
5472
5472
5474
5474
5474
5474
5474
5474
5474
5476
5476
5478
5478
5482
5482
5482
5484
5486
5486
5486
5486
5488
5488
5490
5490
5492
5494
5494
5494
5496
5498
5498
5498
5500
5500
5502
5502
5504
5504
5504
5506
5508
5508
5512
5512
5514
5514
5514
5516
5516
5516
5518
5518
5520
5522
5522
5524
5524
5526
5526
5526
5530
5532
5532
5532
5534
5534
5534
5534
5534
5534
5536
5536
5538
5538
5538
5540
5540
5540
5542
5542
5542
5544
5548
5548
5548
5548
5552
5552
5556
5560
5560
5562
5562
5566
5568
5574
5574
5576
5576
5580
5584
5586
5588
5588
5588
5590
5592
5592
5592
5594
5596
5596
5598
5598
5606
5606
5608
5610
5610
5612
5618
5618
5618
5618
5620
5620
5626
5628
5628
5630
5630
5632
5632
5634
5634
5636
5640
5642
5644
5648
5648
5652
5652
5654
5654
5656
5658
5660
5660
5662
5662
5666
5666
5668
5668
5672
5672
5674
5674
5674
5674
5676
5678
5678
5682
5684
5684
5684
5686
5686
5688
5690
5692
5694
5696
5696
5698
5700
5702
5702
5706
5706
5706
5706
5710
5712
5712
5714
5716
5718
5718
5722
5722
5728
5728
5730
5730
5732
5732
5734
5736
5736
5736
5738
5748
5758
5758
5760
5762
5764
5768
5772
5772
5776
5778
5778
5780
5782
5786
5790
5790
5792
5792
5792
5794
5794
5800
5804
5804
5808
5810
5810
5810
5812
5814
5814
5816
5816
5816
5816
5822
5826
5826
5828
5828
5828
5834
5836
5836
5836
5838
5838
5838
5838
5842
5848
5852
5852
5854
5856
5866
5868
5868
5868
5872
5874
5876
5880
5884
5886
5888
5888
5890
5890
5896
5898
5900
5902
5904
5906
5910
5912
5916
5916
5918
5926
5928
5930
5932
5932
5932
5932
5932
5940
5942
5946
5948
5950
5952
5952
5956
5956
5958
5960
5962
5962
5964
5968
5972
5974
5976
5976
5978
5978
5980
5980
5980
5986
5990
5998
5998
6000
6000
6002
6010
6012
6014
6016
6016
6018
6022
6024
6024
6024
6028
6028
6030
6036
6036
6036
6038
6038
6038
6040
6042
6042
6044
6046
6052
6052
6052
6054
6054
6056
6056
6064
6064
6064
6064
6066
6066
6066
6070
6074
6074
6074
6080
6082
6084
6086
6092
6100
6100
6100
6102
6114
6124
6130
6138
6140
6140
6142
6144
6144
6160
6162
6172
6176
6188
6198
6208
6208
6212
6218
6222
6224
6230
6232
6232
6232
6240
6240
6254
6262
6264
6268
6280
6308
6308
6308
6312
6322
6328
6334
6338
6374
6388
6400
6408
6408
6430
6440
6472
6478
6494
6500
6506
6550
6552
6554
6556
6568
6568
6594
6604
6614
6628
6630
6672
6678
6696
6704
6704
6774
6804
6818
6824
6826
6834
6854
6868
6882
6938
7024
7024
7076
7730
7902
7912
7920
8492
8510
8706
8774
8948
8972
9064
9090
9316
9368
9498
9584
9606
9808
10624
10638
10670
10834
11456
11840
11856
12282
13022
13248
13762
14526
14576
14652
14788
14980
15100
15358
15378
15392
15626
15908
15916
17048
17842
17970
18030
18346
18400
18898
19060
20216
20582
20838
21472
22354
23564
24072
25410
25450
26824
28794
29390
31704
31766
32064
33182
33252
33420
41352
41416
44916
