Latencies
5304
5314
5316
5384
5396
5410
5436
5448
5456
5464
5464
5466
5474
5476
5480
5496
5502
5502
5506
5506
5522
5528
5532
5536
5546
5566
5586
5588
5596
5600
5610
5614
5622
5642
5642
5652
5654
5654
5664
5666
5668
5702
5718
5722
5732
5754
5754
5756
5762
5770
5780
5802
5808
5814
5814
5816
5816
5816
5826
5830
5844
5848
5860
5862
5866
5874
5884
5896
5900
5902
5912
5922
5924
5932
5940
5954
5960
5992
6000
6002
6008
6024
6060
6068
6080
6092
6102
6102
6112
6124
6152
6158
6162
6170
6188
6212
6238
6248
6250
6252
6274
6286
6318
6354
6368
6368
6368
6380
6470
6480
6538
6540
6560
6568
6588
6588
6592
6592
6726
6802
6832
6842
6862
6928
6952
6954
6976
6988
6994
7002
7012
7012
7034
7092
7140
7156
7158
7182
7188
7222
7258
7272
7346
7372
7392
7400
7454
7454
7474
7510
7526
7550
7604
7604
7650
7722
7734
7754
7784
7836
7846
7870
7912
7912
7926
7944
7960
8010
8020
8038
8044
8054
8128
8138
8182
8206
8218
8252
8270
8294
8328
8338
8380
8418
8424
8494
8508
8538
8552
8602
8626
8738
8752
8778
8898
8906
8924
8952
8960
8984
9026
9090
9096
9118
9122
9138
9150
9180
9188
9194
9204
9214
9216
9236
9246
9366
9374
9434
9484
9502
9512
9560
9596
9614
9616
9622
9630
9692
9710
9728
9746
9814
9816
9818
9860
9866
9896
9898
9914
9948
9968
10120
10132
10136
10158
10208
10218
10240
10250
10286
10358
10370
10380
10398
10462
10508
10522
10580
10606
10626
10642
10668
10674
10694
10718
10750
10772
10780
10786
10852
10874
10944
10998
11020
11030
11076
11082
11108
11122
11160
11184
11188
11240
11242
11258
11264
11284
11330
11374
11390
11414
11432
11498
11524
11574
11586
11650
11678
11716
11724
11734
11762
11764
11766
11774
11790
11810
11842
11854
11862
11866
11868
11980
11992
12004
12130
12142
12160
12168
12182
12214
12292
12292
12312
12380
12410
12492
12518
12522
12540
12546
12586
12608
12612
12624
12640
12656
12658
12684
12728
12730
12736
12758
12768
12890
12890
13002
13042
13130
13134
13158
13218
13220
13252
13294
13296
13300
13308
13312
13316
13364
13396
13400
13418
13422
13446
13484
13518
13526
13570
13584
13590
13594
13596
13600
13604
13610
13666
13682
13690
13720
13730
13750
13754
13764
13766
13782
13816
13816
13822
13830
14016
14042
14072
14084
14084
14086
14110
14124
14166
14182
14190
14206
14228
14260
14280
14286
14338
14342
14368
14380
14382
14384
14402
14402
14424
14456
14456
14458
14466
14466
14502
14508
14544
14554
14560
14574
14602
14626
14630
14638
14648
14648
14648
14650
14666
14680
14686
14688
14696
14696
14704
14704
14720
14720
14722
14722
14734
14736
14760
14780
14784
14788
14788
14798
14800
14802
14810
14818
14824
14828
14832
14836
14840
14842
14848
14860
14862
14878
14888
14888
14918
14918
14922
14934
14940
14956
14962
14962
14982
14990
14996
14998
15006
15010
15016
15020
15024
15028
15042
15050
15056
15056
15056
15076
15084
15084
15084
15086
15092
15108
15110
15114
15122
15126
15132
15144
15150
15152
15152
15164
15166
15168
15170
15174
15176
15176
15176
15192
15192
15198
15210
15212
15216
15222
15222
15232
15236
15244
15250
15250
15256
15268
15268
15270
15282
15282
15286
15286
15292
15298
15300
15314
15314
15314
15326
15330
15372
15380
15396
15396
15406
15406
15408
15414
15430
15440
15458
15466
15478
15490
15492
15516
15522
15534
15546
15590
15624
15630
15676
15686
15694
15694
15742
15754
15802
15816
15818
15826
15850
15850
15870
15872
15900
15926
15928
15960
15998
16058
16162
16220
16284
16302
16332
16376
16456
16570
16616
16654
16712
16774
16810
16820
16902
17066
17100
17226
17230
17370
17466
17490
17544
17736
17736
17868
18022
18090
18106
18220
18292
18300
18416
18476
18482
18504
18506
18538
18564
18574
18614
18644
18708
18908
19026
19062
19194
19246
19298
19388
19488
19562
19656
19712
19712
19738
19818
19868
19900
19954
19980
19982
20112
20366
20566
20668
20736
20756
20982
21014
21028
21030
21060
21150
21170
21220
21222
21298
21340
21364
21368
21892
22102
22104
22272
22668
22712
22804
22814
22834
22860
22944
23030
23104
23260
23322
23338
23408
23508
23510
23510
23648
23690
23712
23722
23794
23876
23888
23916
23918
23944
23948
23966
23972
23988
23996
24010
24010
24140
24172
24196
24196
24204
24346
24418
24430
24436
24476
24510
24554
24580
24626
24652
24662
24696
24696
24720
24732
24738
24740
24758
24786
24794
24840
24842
24846
24856
24880
24886
24896
24930
24952
24974
25002
25022
25028
25126
25170
25232
25266
25268
25316
25326
25344
25408
25460
25542
25620
25678
25734
25738
25740
25800
25910
25944
25986
26080
26086
26118
26138
26156
26320
26406
26466
26492
26506
26572
26646
26646
26752
26848
26852
26918
26918
26932
26974
27034
27076
27092
27198
27200
27250
27394
27406
27406
27418
27620
27628
27660
27828
27830
27860
27974
27984
27998
28104
28244
28310
28384
28532
28698
28778
28784
29014
29076
29144
29206
29236
29372
29646
29932
29992
30008
30086
30482
30686
30710
30716
30854
30910
30914
30936
31074
31142
31240
31256
31366
31384
31470
31516
31600
31838
31854
31948
31984
32018
32044
32066
32094
32106
32290
32298
32348
32490
32524
32548
32578
32626
32628
32692
32744
33038
33068
33132
33188
33242
33336
33374
33464
33504
33564
33662
33672
33682
33722
33798
33850
34012
34032
34056
34074
34168
34198
34260
34280
34286
34294
34306
34310
34316
34328
34350
34352
34372
34382
34388
34388
34398
34418
34428
34464
34476
34492
34514
34520
34542
34544
34568
34584
34592
34592
34606
34656
34658
34692
34696
34708
34804
34814
34818
34848
34852
34852
34856
34898
34908
34910
34976
35004
35070
35088
35106
35108
35110
35154
35158
35184
35192
35202
35220
35222
35226
35230
35234
35236
35308
35332
35462
35516
35552
35620
35656
35688
35806
35988
36418
37778
41692
43110
44190
44322
44608
44962
45022
47104
50846
53370
56104
58196
61344
84086
104034
112660
155934
224436
356374
878296
3978476
5489322
