Latencies
5192
5234
5262
5268
5280
5288
5302
5326
5332
5334
5336
5348
5350
5362
5370
5372
5388
5396
5396
5406
5418
5418
5422
5430
5434
5440
5444
5456
5462
5466
5472
5480
5494
5536
5544
5556
5558
5586
5600
5610
5634
5656
5662
5716
5716
5720
5734
5770
5782
5790
5792
5810
5816
5816
5824
5834
5850
5860
5862
5878
5882
5900
5926
5944
5952
5954
5960
5962
5980
6002
6004
6006
6016
6062
6082
6088
6092
6104
6126
6134
6140
6146
6206
6220
6242
6254
6260
6266
6270
6280
6314
6326
6400
6478
6576
6592
6598
6610
6620
6626
6668
6682
6714
6716
6718
6730
6810
6834
6834
6838
6842
6856
6882
6890
6938
6942
6944
6996
7002
7036
7046
7050
7082
7082
7086
7098
7098
7118
7140
7200
7208
7242
7258
7262
7364
7378
7402
7422
7520
7526
7576
7582
7584
7596
7650
7658
7668
7694
7720
7724
7740
7770
7786
7844
7868
7894
7950
7968
8028
8078
8078
8222
8244
8296
8364
8372
8526
8534
8554
8612
8636
8664
8692
8710
8776
8798
8800
8808
8826
8868
8892
8896
9056
9058
9124
9156
9198
9234
9236
9256
9262
9346
9414
9436
9498
9508
9512
9552
9554
9592
9678
9686
9750
9754
9766
9846
9846
9862
9900
9924
9950
10020
10028
10034
10068
10166
10178
10194
10200
10322
10338
10344
10402
10524
10598
10612
10626
10678
10678
10702
10752
10770
10824
10844
10914
10958
10970
10976
10978
11050
11052
11062
11104
11124
11144
11160
11194
11274
11332
11338
11400
11434
11448
11562
11628
11638
11692
11768
11790
11790
11834
11844
11844
11896
11926
11944
11972
12108
12148
12232
12248
12254
12264
12376
12436
12456
12458
12502
12552
12672
12704
12758
12844
12862
12894
12916
12964
12968
12984
13006
13008
13014
13020
13072
13140
13142
13154
13162
13166
13190
13224
13254
13334
13356
13420
13424
13436
13436
13530
13546
13622
13630
13634
13718
13790
13822
13842
13886
13894
13906
13964
14016
14040
14050
14064
14098
14110
14120
14152
14164
14196
14214
14242
14250
14250
14266
14268
14280
14290
14292
14292
14314
14328
14352
14374
14384
14388
14404
14458
14470
14476
14488
14498
14500
14516
14518
14524
14524
14536
14540
14542
14544
14544
14560
14566
14566
14586
14590
14598
14600
14606
14606
14630
14640
14644
14648
14648
14654
14666
14668
14676
14676
14678
14680
14682
14682
14682
14700
14710
14712
14716
14716
14720
14730
14734
14744
14752
14774
14774
14776
14780
14782
14784
14784
14786
14786
14796
14798
14798
14800
14802
14812
14820
14822
14822
14824
14826
14826
14828
14834
14836
14838
14838
14842
14842
14842
14850
14858
14862
14866
14880
14882
14882
14884
14884
14888
14890
14898
14900
14902
14906
14906
14916
14916
14920
14922
14930
14936
14938
14942
14950
14952
14962
14966
14978
14982
14982
14982
14988
14988
14988
14990
14998
14998
15000
15000
15012
15018
15018
15022
15024
15024
15034
15036
15038
15042
15044
15052
15054
15062
15074
15082
15086
15088
15094
15094
15100
15100
15102
15108
15110
15112
15114
15122
15122
15122
15130
15134
15136
15136
15138
15152
15154
15156
15158
15160
15162
15162
15174
15184
15200
15218
15220
15224
15232
15236
15238
15240
15244
15252
15260
15268
15268
15284
15284
15294
15308
15318
15326
15330
15340
15342
15346
15360
15368
15372
15382
15386
15386
15388
15392
15394
15410
15412
15436
15440
15446
15448
15466
15474
15476
15476
15488
15500
15502
15502
15508
15524
15528
15554
15560
15572
15578
15586
15588
15590
15596
15596
15600
15604
15630
15632
15634
15636
15656
15664
15700
15718
15726
15726
15774
15778
15834
15838
15856
15862
15872
15912
16050
16080
16098
16134
16242
16270
16386
16398
16462
16484
16510
16676
16708
16726
16798
16970
16996
17130
17170
17242
17260
17276
17350
17392
17510
17516
17630
17754
17896
17952
18034
18100
18100
18100
18236
18238
18268
18298
18320
18350
18414
18418
18562
18642
18650
18684
18720
18752
18864
18954
19046
19104
19108
19110
19118
19306
19366
19504
19916
19956
19986
20072
20112
20160
20286
20610
20688
20808
20814
20880
20924
20970
21018
21050
21256
21302
21318
21376
21428
21456
21558
21812
21928
22040
22250
22432
22474
22506
22578
22646
22776
22810
22932
22956
23024
23032
23070
23122
23130
23298
23432
23688
23748
23800
23952
23974
23986
24040
24076
24092
24168
24170
24246
24274
24376
24458
24468
24522
24554
24596
24620
24668
24700
24804
24824
24830
24840
24902
24972
25006
25010
25014
25022
25066
25076
25104
25168
25222
25260
25276
25386
25410
25434
25538
25590
25758
25770
25938
26012
26212
26250
26420
26454
26468
26494
26614
26646
26790
27116
27260
27284
27342
27482
27538
27890
27916
27940
28098
28116
28142
28190
28198
28214
28288
28294
28414
28548
28646
28748
28786
28850
29022
29048
29176
29344
29376
29644
29654
29798
29798
29816
30050
30090
30108
30198
30230
30302
30302
30454
30474
30558
30626
30696
30706
30786
30870
30972
30976
31068
31098
31670
31740
31924
32024
32144
32172
32190
32196
32464
32584
32690
32742
32826
32990
33104
33120
33148
33152
33370
33626
33722
33724
33754
33824
33848
33892
33900
33914
33932
33964
34020
34038
34050
34052
34060
34072
34082
34088
34108
34114
34114
34116
34120
34162
34174
34200
34224
34236
34242
34262
34272
34272
34284
34290
34290
34302
34306
34308
34320
34328
34330
34354
34370
34380
34392
34396
34402
34416
34432
34438
34446
34472
34480
34506
34514
34514
34534
34534
34540
34554
34576
34582
34596
34610
34626
34630
34638
34648
34678
34690
34696
34698
34706
34720
34732
34736
34742
34750
34752
34758
34760
34786
34788
34806
34810
34812
34824
34836
34848
34850
34852
34880
34942
34948
34950
34962
35064
35100
35126
35128
35158
35174
35174
35246
35260
35286
35308
35346
35416
35452
35532
35546
35560
35562
35582
35584
35646
35716
35822
35868
36120
37244
37394
37460
37492
37844
39758
40710
40926
41234
43606
43784
43848
44154
44352
44714
44798
46808
50256
52816
53838
58484
60126
64416
78710
105950
201204
217388
341760
1907926
