Latencies
5554
5640
5672
5780
5808
5812
5854
6050
6096
6112
6182
6546
6556
6668
6674
6794
7208
7210
7308
7320
7746
7784
7826
7842
7944
7978
8088
8134
8154
8362
8446
8594
8678
8918
9072
9184
9370
9378
9608
9676
9700
10156
10184
10252
10316
10340
10534
10738
10958
11104
11184
11250
11428
11540
11824
11832
11870
12030
12246
12300
12466
12476
12498
12528
12612
12636
12850
12922
12980
13084
13114
13138
13176
13234
13242
13308
13332
13392
13418
13466
13490
13502
13568
13604
13646
13654
13680
13712
13724
14088
14098
14302
14314
14348
14354
14416
14460
14470
14512
14522
14542
14546
14586
14610
14628
14630
14638
14648
14696
14704
14706
14714
14736
14748
14756
14758
14788
14822
14828
14832
14834
14862
14868
14868
14882
14938
14950
14952
14978
15002
15010
15046
15064
15070
15080
15080
15082
15098
15108
15126
15162
15178
15188
15190
15194
15196
15200
15212
15226
15232
15274
15276
15306
15338
15394
15450
15466
15468
15512
15518
15552
15584
15638
15650
15704
15712
15742
15790
15820
15824
15830
15922
15976
16008
16128
16186
16216
16248
16350
16404
16726
16888
17002
17040
17076
17156
17236
17270
17316
17558
17626
17654
17762
17832
17898
17918
17990
18038
18240
18346
18414
18550
18702
19050
19080
19086
19110
19126
19144
19208
19232
19330
19358
19366
19460
19490
19522
19654
19732
19762
19790
19804
19860
19872
20090
20162
20276
20310
20316
20644
20790
20816
20876
20956
21010
21026
21064
21122
21128
21134
21136
21162
21242
21270
21338
21418
21478
21490
21566
21604
21610
21634
21640
21768
21770
21812
21916
21922
22168
22216
22414
22472
22568
22604
22664
22698
22856
22874
22884
22904
22958
22964
23008
23038
23102
23266
23306
23352
23562
23664
23674
23740
23804
23862
23862
23880
23894
23954
23980
23998
24028
24048
24062
24088
24092
24106
24152
24160
24232
24238
24256
24300
24300
24306
24338
24366
24374
24384
24394
24398
24452
24458
24460
24494
24504
24528
24534
24534
24540
24544
24562
24568
24570
24574
24584
24592
24648
24652
24726
24732
24738
24742
24742
24756
24770
24772
24780
24786
24802
24816
24860
24896
24908
24910
24928
24936
24970
24992
24998
25008
25012
25022
25038
25074
25076
25080
25090
25096
25100
25100
25128
25130
25134
25140
25180
25188
25194
25202
25276
25280
25284
25322
25330
25334
25344
25364
25388
25402
25406
25406
25406
25408
25444
25456
25490
25530
25566
25568
25672
25790
25834
25840
25868
25886
25918
25970
26068
26094
26130
26188
26214
26324
26420
26610
26632
26642
26646
26688
26730
26754
27140
27224
27490
27552
27660
27762
27970
28210
28212
28272
28372
28392
28422
28510
28510
28692
28778
28780
28854
28918
28996
29156
29170
29172
29196
29214
29270
29394
29426
29466
29490
29602
29800
29886
30226
30262
30390
30632
30650
30678
30776
30986
31002
31052
31298
31326
31396
31426
31456
31464
31622
31634
31806
31954
32068
32086
32106
32166
32242
32424
32612
32682
32830
32948
32958
32962
32966
33034
33058
33206
33246
33296
33296
33302
33432
33436
33490
33500
33544
33634
33652
33674
33678
33742
33746
33770
33782
33792
33798
33808
33820
33840
33876
33880
33890
33924
33926
33932
33942
33946
34000
34110
34156
34160
34168
34196
34212
34218
34220
34248
34250
34274
34286
34304
34322
34332
34336
34346
34360
34364
34364
34368
34372
34380
34386
34418
34428
34442
34444
34456
34460
34500
34510
34528
34534
34536
34550
34556
34558
34572
34580
34592
34592
34596
34596
34610
34612
34624
34632
34634
34638
34644
34650
34656
34656
34664
34676
34694
34714
34720
34720
34734
34736
34742
34756
34794
34802
34810
34814
34822
34828
34844
34856
34862
34872
34876
34898
34906
34916
34922
34922
34936
34936
34938
34946
34980
35020
35022
35032
35040
35042
35058
35108
35138
35138
35162
35166
35202
35234
35254
35264
35294
35350
35358
35362
35402
35618
35652
35686
35698
35888
35904
35914
35974
36094
36134
36476
36510
36710
36942
37130
37434
37578
37588
37724
38084
38102
38124
38200
38684
38750
39054
39168
39280
39334
39386
39450
39482
39646
40134
40452
40738
40810
40856
40986
41154
41270
41316
41364
41862
42378
42588
42762
42778
42924
43168
43344
43380
43430
43444
43506
43514
43648
43648
43694
43712
43836
43842
43860
43874
43890
43954
43968
43982
43998
44004
44092
44106
44110
44188
44206
44458
44470
44506
44510
44638
44658
44700
44884
44896
44922
44960
45086
45096
45112
45144
45156
45200
45234
45276
45500
45620
45812
45906
45934
46162
46400
46458
46472
46800
47330
47460
47608
47942
48356
48412
48542
48836
48930
49050
49086
49162
49968
50142
50204
50290
50306
50322
50650
50762
50998
51188
51270
51670
51910
51912
52044
52148
52206
52410
52468
52776
52888
52946
52960
52970
52984
53002
53204
53252
53340
53356
53364
53400
53414
53436
53446
53448
53448
53466
53474
53492
53542
53584
53618
53650
53662
53686
53690
53698
53714
53766
53820
53832
53870
53890
53910
53918
53920
53920
53922
53926
53952
53966
53978
53982
53988
53994
53998
54038
54048
54050
54050
54060
54070
54076
54092
54110
54118
54122
54124
54132
54132
54134
54154
54156
54158
54164
54196
54198
54208
54210
54224
54226
54242
54242
54254
54254
54258
54274
54290
54326
54376
54384
54400
54402
54412
54420
54430
54432
54452
54452
54458
54468
54472
54496
54542
54592
54594
54594
54654
54686
54774
54788
54808
54846
54860
54870
54874
54906
54958
54988
54992
55018
55050
55174
55276
55372
55638
55738
56016
56180
58192
58688
59110
59242
59506
60934
61666
61976
62318
62660
62974
63198
63432
63458
63546
63722
63780
63810
63992
64068
64200
64444
64620
67410
68358
69572
71472
71540
72650
72986
73104
73208
73218
73252
73258
73398
73412
73448
73462
73468
73488
73508
73514
73524
73530
73560
73598
73620
73664
73690
73712
73732
73738
73864
73908
73916
73960
73976
73996
74132
74204
74334
74336
74376
74486
74846
74974
75012
75144
75168
75450
78874
79582
82320
82518
82664
86472
91778
93786
97346
126182
146516
155344
156004
184962
205516
234724
293362
476274
584150
1421514
1519828
