Latencies
5148
5152
5156
5160
5162
5164
5168
5172
5174
5176
5176
5176
5178
5178
5178
5180
5182
5184
5184
5186
5188
5188
5188
5192
5200
5204
5204
5206
5214
5214
5216
5216
5218
5222
5224
5224
5226
5230
5230
5230
5230
5234
5234
5238
5238
5242
5246
5248
5248
5250
5252
5254
5260
5260
5260
5260
5260
5262
5262
5262
5264
5264
5264
5264
5266
5266
5268
5268
5268
5270
5270
5270
5270
5270
5272
5272
5272
5272
5274
5274
5274
5274
5276
5276
5278
5278
5278
5278
5280
5280
5280
5280
5282
5284
5284
5284
5284
5286
5286
5286
5286
5286
5286
5288
5290
5292
5292
5294
5294
5296
5296
5296
5296
5296
5296
5298
5298
5298
5298
5300
5300
5300
5300
5300
5302
5302
5302
5304
5304
5304
5304
5304
5304
5306
5306
5308
5308
5308
5310
5310
5310
5310
5310
5312
5312
5312
5312
5312
5314
5314
5314
5314
5314
5316
5316
5316
5316
5316
5316
5318
5318
5318
5320
5320
5320
5320
5320
5320
5322
5322
5324
5326
5326
5326
5326
5328
5328
5328
5330
5330
5330
5330
5330
5332
5332
5332
5332
5332
5334
5334
5334
5336
5336
5336
5336
5336
5336
5336
5336
5336
5338
5338
5338
5340
5340
5340
5340
5340
5340
5340
5340
5342
5342
5342
5342
5342
5342
5342
5342
5342
5344
5344
5346
5346
5346
5346
5346
5346
5346
5348
5348
5348
5348
5348
5348
5350
5350
5350
5352
5352
5352
5352
5354
5354
5354
5356
5356
5356
5356
5358
5358
5360
5360
5360
5360
5360
5362
5362
5362
5362
5362
5364
5364
5364
5364
5364
5364
5364
5364
5366
5366
5366
5368
5368
5368
5368
5368
5368
5370
5370
5370
5372
5372
5372
5374
5374
5374
5376
5376
5376
5376
5378
5378
5378
5378
5378
5380
5380
5380
5380
5380
5380
5382
5382
5382
5382
5382
5382
5384
5384
5384
5384
5384
5384
5384
5384
5386
5386
5386
5386
5386
5386
5388
5388
5388
5388
5390
5390
5390
5390
5392
5392
5392
5392
5392
5392
5392
5394
5394
5394
5394
5396
5396
5396
5398
5398
5398
5400
5400
5402
5402
5402
5402
5402
5404
5404
5404
5404
5404
5406
5406
5406
5406
5408
5408
5408
5410
5410
5410
5410
5412
5412
5414
5414
5414
5416
5418
5418
5418
5420
5422
5422
5422
5422
5424
5424
5426
5426
5428
5428
5428
5430
5430
5430
5430
5430
5432
5432
5432
5432
5432
5434
5434
5436
5436
5436
5436
5436
5438
5438
5440
5440
5440
5440
5440
5442
5442
5444
5444
5444
5444
5446
5446
5448
5450
5450
5452
5452
5452
5454
5454
5454
5454
5454
5454
5456
5456
5456
5456
5458
5458
5458
5458
5458
5458
5462
5462
5462
5462
5462
5462
5462
5464
5464
5464
5464
5464
5466
5466
5466
5466
5466
5466
5468
5468
5468
5468
5468
5468
5470
5472
5472
5472
5474
5474
5476
5476
5476
5478
5478
5478
5478
5486
5486
5486
5490
5490
5490
5492
5492
5494
5494
5494
5496
5496
5496
5498
5498
5498
5500
5500
5500
5500
5502
5502
5502
5504
5504
5504
5504
5506
5506
5508
5508
5508
5510
5514
5514
5514
5516
5516
5518
5518
5518
5518
5520
5520
5520
5522
5522
5524
5524
5526
5526
5526
5528
5528
5528
5528
5530
5532
5532
5532
5534
5534
5534
5534
5534
5534
5536
5538
5540
5540
5542
5544
5546
5546
5546
5548
5548
5550
5554
5558
5558
5558
5562
5564
5566
5570
5572
5574
5574
5576
5578
5578
5578
5580
5580
5582
5582
5584
5584
5584
5586
5586
5586
5590
5590
5592
5592
5592
5594
5594
5596
5596
5600
5600
5600
5604
5604
5604
5606
5606
5608
5612
5612
5614
5618
5618
5620
5620
5630
5632
5634
5634
5634
5638
5638
5638
5640
5642
5646
5648
5648
5648
5650
5650
5656
5656
5660
5666
5668
5670
5672
5674
5684
5688
5690
5692
5696
5696
5696
5698
5702
5706
5706
5706
5706
5706
5708
5710
5714
5716
5716
5716
5718
5718
5724
5732
5742
5744
5744
5744
5744
5746
5748
5750
5752
5754
5754
5756
5758
5760
5762
5764
5768
5778
5786
5788
5790
5792
5792
5800
5812
5812
5814
5816
5818
5820
5820
5828
5828
5828
5834
5840
5846
5852
5852
5854
5854
5858
5858
5860
5862
5868
5870
5874
5878
5884
5886
5894
5894
5894
5894
5894
5896
5896
5900
5904
5908
5908
5910
5910
5912
5912
5916
5918
5918
5920
5920
5920
5924
5926
5934
5938
5940
5940
5942
5942
5942
5944
5946
5948
5954
5962
5966
5974
5974
5974
5974
5974
5974
5976
5982
5982
5984
5984
5984
5988
5988
5992
5992
5992
5996
5998
6000
6000
6006
6006
6008
6010
6010
6012
6014
6014
6016
6020
6024
6026
6032
6032
6032
6034
6034
6044
6046
6056
6060
6062
6062
6064
6064
6070
6072
6074
6076
6082
6082
6084
6090
6090
6092
6100
6102
6106
6108
6110
6114
6116
6122
6124
6142
6142
6148
6164
6170
6174
6178
6182
6186
6206
6218
6222
6222
6230
6246
6256
6262
6276
6284
6288
6296
6308
6308
6316
6332
6352
6354
6384
6392
6428
6436
6470
6482
6492
6502
6524
6550
6574
6638
6640
6684
6694
6698
6736
6744
6756
6758
6790
6808
6840
6942
6952
7002
7006
7096
7206
7518
7728
7750
8144
8844
9074
9610
9770
9794
10522
10720
10828
10970
10992
11086
11118
11132
11134
11222
11252
11386
11544
11936
12292
15328
21278
21434
24300
24392
24650
24686
24712
24912
24976
24998
25028
25072
25186
25388
25506
28500
35152
35600
35656
35880
35906
36222
36570
36704
42178
42270
44306
44414
70956
92384
