Latencies
5066
5068
5074
5076
5076
5080
5086
5100
5102
5102
5104
5110
5110
5112
5114
5114
5114
5114
5116
5118
5124
5124
5126
5126
5128
5130
5132
5132
5134
5134
5138
5140
5142
5146
5146
5148
5150
5150
5158
5158
5158
5160
5160
5160
5162
5164
5166
5168
5168
5170
5170
5170
5170
5172
5172
5176
5176
5178
5178
5178
5180
5182
5182
5182
5184
5184
5184
5184
5186
5186
5190
5190
5190
5192
5192
5192
5192
5194
5194
5196
5198
5198
5198
5200
5200
5200
5200
5200
5200
5202
5202
5204
5206
5206
5206
5206
5206
5206
5206
5208
5208
5208
5208
5208
5208
5210
5210
5210
5210
5210
5214
5214
5216
5216
5216
5216
5216
5216
5216
5216
5218
5218
5218
5218
5220
5220
5220
5220
5222
5222
5222
5222
5224
5224
5224
5226
5226
5226
5226
5226
5228
5228
5228
5228
5228
5228
5230
5230
5232
5232
5232
5232
5232
5232
5232
5234
5234
5234
5234
5234
5234
5234
5234
5236
5236
5236
5236
5236
5236
5238
5238
5238
5238
5240
5240
5240
5240
5240
5240
5242
5242
5244
5244
5244
5244
5246
5246
5246
5246
5246
5246
5248
5248
5248
5250
5250
5250
5250
5250
5250
5252
5252
5252
5252
5252
5252
5254
5254
5254
5256
5258
5258
5258
5260
5260
5260
5260
5260
5260
5262
5262
5262
5262
5262
5262
5264
5264
5264
5266
5266
5266
5268
5268
5268
5268
5270
5270
5270
5270
5270
5270
5270
5272
5272
5272
5272
5272
5272
5274
5274
5274
5276
5276
5276
5276
5278
5278
5278
5278
5278
5280
5280
5282
5282
5282
5282
5282
5284
5284
5286
5286
5286
5286
5288
5288
5288
5290
5290
5292
5292
5292
5292
5294
5294
5294
5296
5296
5296
5296
5298
5298
5298
5300
5300
5300
5302
5302
5302
5304
5304
5304
5306
5306
5306
5308
5308
5310
5312
5312
5312
5312
5314
5316
5316
5318
5318
5318
5318
5318
5320
5322
5322
5324
5324
5324
5326
5326
5328
5328
5328
5328
5330
5330
5330
5332
5332
5332
5334
5334
5334
5334
5336
5336
5336
5336
5338
5340
5342
5344
5344
5344
5344
5344
5344
5348
5348
5348
5350
5350
5350
5350
5352
5354
5354
5354
5356
5358
5358
5358
5358
5360
5360
5360
5360
5360
5362
5362
5362
5366
5366
5366
5368
5368
5370
5370
5370
5372
5372
5374
5374
5374
5374
5374
5376
5376
5376
5376
5376
5376
5378
5378
5378
5380
5380
5382
5382
5382
5382
5384
5384
5386
5386
5386
5386
5386
5388
5390
5390
5390
5390
5392
5392
5392
5392
5394
5394
5394
5394
5396
5396
5396
5396
5396
5398
5398
5398
5398
5398
5398
5402
5402
5404
5404
5404
5406
5406
5406
5408
5408
5408
5410
5410
5410
5410
5412
5412
5414
5414
5414
5414
5416
5416
5416
5416
5418
5418
5418
5418
5420
5420
5422
5422
5422
5422
5424
5424
5424
5424
5424
5426
5426
5426
5428
5428
5428
5430
5430
5432
5432
5432
5432
5432
5432
5434
5434
5438
5442
5442
5442
5444
5444
5446
5446
5450
5450
5450
5452
5452
5452
5454
5454
5454
5456
5456
5458
5460
5462
5462
5462
5464
5466
5468
5468
5468
5470
5470
5470
5470
5472
5472
5472
5472
5474
5474
5476
5478
5480
5482
5484
5486
5490
5492
5492
5494
5500
5500
5500
5500
5508
5508
5510
5510
5510
5512
5516
5518
5518
5520
5522
5522
5522
5524
5524
5526
5526
5526
5526
5528
5528
5530
5532
5536
5536
5536
5538
5538
5540
5540
5542
5542
5544
5544
5550
5552
5552
5554
5556
5560
5562
5564
5564
5566
5566
5568
5570
5570
5570
5570
5570
5570
5572
5576
5576
5576
5578
5578
5580
5582
5582
5584
5586
5586
5586
5588
5588
5590
5592
5592
5594
5600
5600
5600
5602
5602
5604
5606
5606
5610
5612
5620
5622
5628
5634
5634
5636
5642
5642
5642
5644
5644
5646
5646
5646
5648
5650
5650
5652
5654
5654
5656
5658
5658
5660
5666
5666
5668
5668
5670
5670
5670
5672
5672
5676
5676
5676
5678
5680
5684
5684
5686
5690
5694
5696
5696
5698
5698
5698
5698
5700
5702
5702
5702
5704
5704
5708
5708
5708
5708
5714
5716
5716
5722
5724
5734
5734
5736
5736
5740
5742
5746
5746
5756
5760
5762
5762
5764
5764
5770
5772
5776
5784
5784
5786
5788
5788
5788
5794
5794
5794
5794
5802
5804
5804
5804
5808
5808
5810
5814
5814
5816
5820
5824
5826
5826
5834
5836
5838
5838
5840
5842
5844
5844
5848
5856
5856
5858
5860
5866
5868
5868
5870
5870
5872
5874
5876
5878
5878
5880
5882
5882
5882
5886
5888
5894
5894
5894
5894
5902
5904
5914
5916
5918
5918
5934
5944
5944
5948
5952
5954
5954
5956
5960
5960
5962
5962
5964
5966
5966
5972
5974
5976
5978
5984
5984
5988
5990
5992
5996
5998
5998
6000
6004
6006
6006
6006
6010
6010
6014
6016
6018
6022
6022
6024
6026
6026
6032
6034
6040
6044
6050
6050
6050
6060
6060
6060
6062
6066
6074
6076
6080
6084
6086
6088
6088
6090
6092
6092
6094
6098
6102
6108
6108
6128
6128
6130
6140
6144
6146
6156
6158
6162
6164
6166
6166
6172
6178
6180
6180
6182
6188
6188
6192
6194
6200
6212
6234
6262
6266
6268
6280
6284
6292
6294
6296
6302
6304
6312
6340
6344
6362
6368
6392
6392
6406
6408
6412
6412
6440
6516
6522
6532
6542
6546
6580
6586
6588
6592
6608
6610
6614
6628
6642
6654
6660
6696
6734
6748
6750
6760
6764
6810
6822
6844
6866
6944
6978
6982
6984
7254
7382
7492
7502
7530
7560
7668
7764
8494
8650
8918
9216
9670
9696
9996
10214
10404
11454
12034
12892
13012
13280
13678
14796
15380
18116
19158
19410
19894
20672
22140
22600
23324
23452
24022
24590
24920
25852
26458
26472
26986
27792
28010
28522
29524
29784
35218
36134
39640
42626
42920
51152
