Latencies
5134
5136
5146
5148
5160
5164
5172
5174
5178
5180
5180
5180
5184
5184
5186
5190
5192
5192
5194
5198
5198
5200
5202
5204
5206
5210
5210
5212
5216
5216
5220
5220
5220
5222
5222
5222
5224
5226
5228
5228
5230
5230
5234
5234
5236
5238
5238
5238
5244
5244
5248
5250
5250
5250
5252
5252
5254
5258
5258
5258
5260
5260
5260
5260
5260
5262
5264
5266
5266
5266
5266
5268
5268
5268
5268
5268
5270
5270
5272
5272
5272
5274
5274
5276
5278
5278
5280
5280
5280
5282
5284
5286
5288
5290
5290
5290
5292
5296
5296
5296
5296
5298
5298
5298
5300
5300
5300
5302
5302
5302
5302
5302
5304
5304
5304
5304
5304
5306
5308
5310
5310
5314
5314
5314
5316
5316
5318
5318
5320
5322
5322
5322
5322
5322
5322
5324
5324
5324
5326
5326
5326
5328
5328
5328
5328
5328
5330
5330
5330
5332
5332
5332
5332
5332
5332
5332
5334
5334
5334
5334
5334
5336
5336
5336
5336
5336
5340
5340
5340
5340
5342
5342
5342
5342
5342
5344
5344
5344
5346
5346
5348
5350
5350
5350
5350
5350
5352
5352
5352
5352
5354
5354
5354
5354
5356
5356
5356
5356
5358
5358
5358
5358
5358
5360
5360
5360
5360
5360
5362
5362
5362
5362
5362
5362
5362
5364
5364
5364
5364
5364
5366
5366
5366
5366
5366
5368
5368
5368
5368
5368
5368
5368
5370
5370
5370
5370
5370
5370
5374
5374
5374
5374
5376
5376
5378
5378
5378
5378
5378
5378
5378
5380
5380
5380
5382
5382
5382
5382
5382
5382
5384
5384
5386
5386
5390
5390
5390
5390
5390
5392
5392
5392
5394
5394
5394
5396
5396
5396
5396
5398
5398
5398
5398
5400
5400
5402
5402
5402
5402
5402
5402
5404
5404
5406
5406
5406
5408
5408
5408
5408
5408
5408
5410
5410
5412
5412
5414
5414
5414
5414
5414
5414
5414
5416
5416
5416
5416
5418
5418
5418
5418
5420
5422
5422
5422
5424
5424
5424
5426
5426
5426
5428
5428
5428
5430
5432
5432
5434
5434
5434
5436
5438
5438
5442
5442
5444
5444
5444
5446
5448
5448
5448
5450
5452
5452
5454
5454
5456
5458
5458
5458
5458
5458
5460
5460
5460
5460
5462
5462
5462
5466
5466
5468
5468
5468
5468
5472
5472
5472
5472
5474
5474
5474
5476
5476
5476
5476
5476
5476
5476
5476
5478
5478
5480
5480
5482
5482
5484
5484
5484
5484
5484
5486
5486
5486
5486
5488
5488
5488
5488
5488
5488
5490
5490
5492
5492
5492
5492
5494
5494
5494
5494
5494
5496
5496
5498
5498
5498
5498
5498
5500
5500
5500
5502
5502
5502
5502
5502
5502
5504
5506
5506
5506
5508
5508
5508
5508
5508
5508
5508
5510
5510
5512
5512
5512
5512
5512
5514
5516
5516
5516
5516
5518
5518
5518
5520
5520
5520
5522
5522
5522
5524
5524
5524
5524
5526
5528
5528
5530
5530
5530
5530
5532
5532
5532
5534
5534
5534
5534
5534
5536
5536
5538
5540
5540
5540
5540
5540
5540
5540
5540
5542
5544
5544
5544
5544
5546
5546
5546
5546
5546
5548
5550
5552
5552
5554
5554
5554
5556
5556
5558
5560
5560
5564
5564
5564
5564
5566
5566
5566
5566
5566
5566
5568
5570
5570
5570
5572
5572
5576
5576
5576
5576
5580
5580
5582
5584
5586
5586
5586
5586
5588
5588
5590
5590
5590
5590
5590
5594
5596
5596
5600
5600
5602
5604
5604
5610
5610
5610
5612
5612
5612
5614
5616
5616
5620
5620
5622
5622
5622
5624
5626
5630
5630
5630
5634
5636
5636
5638
5638
5642
5644
5646
5646
5648
5648
5648
5650
5652
5656
5656
5658
5658
5658
5658
5658
5660
5662
5662
5664
5664
5666
5666
5672
5674
5674
5674
5676
5678
5678
5680
5680
5682
5688
5692
5696
5696
5696
5698
5700
5700
5700
5702
5706
5708
5710
5710
5712
5712
5714
5714
5714
5714
5720
5720
5720
5722
5724
5728
5728
5728
5730
5732
5734
5736
5738
5738
5742
5744
5748
5748
5756
5758
5760
5760
5760
5760
5762
5764
5766
5766
5768
5770
5772
5774
5774
5774
5776
5776
5776
5776
5778
5780
5780
5782
5786
5786
5786
5794
5794
5796
5800
5806
5826
5826
5826
5832
5834
5834
5834
5836
5836
5840
5840
5844
5848
5854
5856
5856
5858
5864
5866
5866
5866
5868
5872
5876
5882
5884
5886
5888
5894
5896
5900
5900
5904
5904
5906
5908
5908
5910
5914
5914
5920
5924
5924
5926
5932
5932
5932
5934
5934
5936
5938
5938
5938
5940
5942
5942
5944
5948
5948
5956
5956
5960
5960
5974
5976
5976
5982
5986
5988
5988
5990
5990
5990
5992
5994
5994
6000
6000
6004
6010
6012
6012
6014
6014
6016
6022
6024
6024
6026
6026
6026
6028
6028
6032
6034
6042
6042
6044
6044
6044
6046
6050
6056
6058
6064
6068
6070
6070
6074
6080
6088
6092
6102
6104
6108
6114
6114
6124
6126
6130
6134
6136
6140
6142
6146
6152
6156
6158
6160
6166
6172
6174
6178
6178
6180
6184
6186
6192
6210
6210
6212
6212
6214
6222
6230
6232
6234
6236
6236
6238
6238
6246
6246
6248
6248
6250
6254
6256
6258
6266
6276
6276
6278
6286
6290
6292
6336
6336
6352
6362
6372
6384
6394
6442
6452
6456
6478
6516
6534
6546
6560
6572
6580
6588
6592
6600
6602
6610
6610
6660
6706
6712
6714
6740
6746
6750
6774
6792
6822
6824
6838
6916
7158
7196
7202
7214
7278
7346
7404
7540
7564
7822
7878
8292
8378
8402
8538
8562
8954
9042
9062
9140
9320
9434
9472
10166
10782
11014
11366
11396
11730
12180
12292
12402
13204
13268
13458
13586
13594
13808
15022
15658
15762
16154
16500
17118
17806
17856
18278
18808
18982
19054
19394
19634
19674
19796
21892
22828
22888
23060
23436
23478
23596
23904
24636
24680
25162
25354
25592
25638
25700
26210
26868
26880
28624
30018
30128
30294
30560
31884
32124
33686
35892
36112
36386
37738
38812
40392
41426
44124
50978
53098
65254
