Latencies
4984
5028
5032
5044
5054
5056
5066
5066
5072
5082
5090
5090
5092
5094
5096
5100
5100
5102
5102
5104
5106
5112
5112
5112
5114
5116
5116
5116
5116
5118
5122
5122
5124
5124
5124
5126
5130
5132
5132
5132
5134
5134
5136
5136
5136
5138
5140
5142
5142
5144
5146
5150
5152
5154
5154
5154
5154
5154
5156
5156
5158
5158
5160
5160
5162
5162
5162
5164
5164
5164
5166
5166
5166
5166
5168
5168
5168
5170
5170
5170
5170
5170
5170
5172
5176
5180
5182
5186
5188
5188
5190
5190
5190
5192
5192
5192
5192
5192
5194
5194
5194
5196
5196
5196
5196
5196
5198
5198
5200
5200
5200
5202
5202
5202
5202
5202
5202
5204
5204
5206
5206
5206
5206
5208
5208
5208
5208
5208
5208
5208
5210
5210
5212
5212
5212
5212
5214
5214
5214
5214
5214
5214
5216
5216
5216
5216
5216
5218
5218
5218
5218
5218
5218
5218
5220
5222
5222
5222
5222
5222
5224
5224
5224
5224
5224
5224
5224
5226
5226
5226
5226
5226
5230
5230
5230
5230
5232
5232
5232
5232
5232
5232
5232
5234
5234
5234
5236
5236
5236
5236
5236
5238
5238
5238
5240
5240
5242
5242
5242
5242
5244
5244
5244
5244
5246
5246
5246
5246
5246
5246
5248
5248
5248
5248
5248
5250
5250
5250
5252
5252
5252
5252
5254
5254
5254
5256
5256
5256
5258
5260
5260
5262
5262
5262
5264
5264
5264
5264
5264
5264
5266
5266
5266
5266
5266
5268
5268
5268
5270
5270
5270
5270
5272
5272
5272
5272
5272
5272
5274
5274
5274
5274
5274
5274
5276
5276
5276
5278
5278
5278
5278
5278
5280
5280
5280
5282
5282
5282
5284
5284
5284
5286
5288
5288
5288
5290
5292
5292
5292
5292
5292
5294
5294
5296
5296
5298
5298
5298
5300
5300
5300
5302
5302
5304
5304
5304
5306
5306
5306
5308
5308
5308
5310
5310
5310
5310
5310
5310
5312
5312
5314
5314
5314
5314
5316
5318
5318
5320
5320
5320
5322
5322
5322
5324
5324
5324
5324
5326
5326
5326
5328
5328
5328
5328
5330
5330
5330
5334
5334
5334
5336
5338
5338
5338
5338
5340
5340
5340
5340
5342
5342
5342
5344
5344
5344
5346
5346
5346
5346
5346
5346
5348
5350
5352
5352
5354
5354
5358
5358
5358
5358
5360
5360
5360
5360
5360
5360
5362
5362
5364
5364
5364
5366
5366
5366
5366
5366
5368
5368
5368
5368
5370
5370
5372
5372
5372
5374
5374
5374
5376
5376
5376
5378
5378
5378
5378
5378
5380
5382
5382
5384
5384
5384
5384
5386
5386
5386
5386
5390
5392
5392
5392
5394
5394
5394
5398
5398
5400
5402
5402
5402
5402
5404
5404
5406
5408
5408
5408
5410
5410
5412
5412
5416
5416
5416
5418
5418
5418
5420
5420
5420
5420
5422
5422
5426
5426
5426
5426
5426
5426
5428
5430
5430
5430
5430
5430
5432
5434
5434
5434
5434
5434
5436
5436
5436
5438
5438
5442
5442
5444
5444
5446
5446
5446
5448
5448
5450
5450
5450
5452
5452
5452
5454
5454
5456
5458
5458
5458
5460
5460
5460
5460
5464
5466
5468
5472
5474
5474
5476
5478
5480
5480
5482
5482
5482
5484
5484
5484
5486
5486
5488
5488
5490
5492
5492
5494
5496
5496
5496
5498
5502
5502
5502
5504
5504
5504
5506
5508
5508
5510
5512
5516
5516
5518
5520
5522
5522
5522
5522
5526
5526
5526
5526
5528
5534
5534
5536
5538
5538
5538
5542
5546
5546
5548
5548
5548
5550
5550
5552
5554
5556
5556
5556
5556
5556
5558
5560
5560
5562
5564
5564
5566
5566
5566
5568
5570
5574
5574
5574
5580
5580
5582
5582
5584
5584
5586
5588
5592
5592
5594
5596
5596
5596
5596
5598
5600
5600
5604
5606
5608
5608
5610
5610
5612
5614
5614
5616
5616
5616
5616
5618
5618
5620
5622
5622
5622
5622
5624
5624
5626
5626
5626
5626
5628
5628
5632
5634
5634
5640
5642
5642
5642
5646
5648
5648
5648
5650
5652
5654
5654
5654
5656
5656
5656
5660
5662
5664
5666
5668
5668
5670
5670
5672
5672
5676
5678
5682
5686
5686
5686
5688
5690
5692
5694
5694
5696
5696
5700
5700
5704
5706
5708
5708
5712
5716
5716
5718
5720
5724
5724
5726
5726
5728
5728
5728
5730
5732
5734
5740
5740
5742
5742
5744
5746
5748
5752
5754
5754
5758
5758
5764
5764
5766
5766
5768
5778
5778
5780
5780
5782
5782
5782
5784
5788
5788
5788
5792
5792
5794
5796
5798
5800
5800
5802
5802
5804
5810
5814
5816
5820
5822
5822
5826
5826
5826
5828
5828
5828
5832
5836
5836
5836
5838
5838
5838
5840
5844
5848
5848
5850
5852
5856
5860
5860
5862
5862
5864
5864
5866
5866
5872
5874
5880
5882
5882
5882
5884
5888
5890
5892
5894
5894
5898
5900
5902
5904
5904
5906
5910
5910
5912
5916
5916
5920
5920
5920
5924
5932
5934
5938
5938
5940
5940
5946
5950
5950
5954
5956
5956
5956
5956
5958
5958
5962
5962
5962
5964
5968
5970
5972
5972
5976
5976
5978
5978
5982
5984
5984
5986
5986
5992
5994
5994
5998
5998
5998
6002
6006
6006
6008
6010
6016
6018
6022
6034
6034
6038
6040
6042
6042
6048
6050
6062
6062
6062
6064
6072
6076
6078
6078
6080
6080
6082
6096
6096
6098
6098
6102
6104
6104
6106
6112
6116
6120
6124
6126
6126
6128
6130
6144
6150
6152
6152
6160
6164
6170
6170
6192
6200
6202
6202
6204
6212
6226
6228
6234
6240
6242
6262
6266
6270
6276
6288
6294
6306
6316
6316
6322
6330
6346
6348
6374
6408
6412
6418
6436
6474
6490
6494
6560
6570
6574
6644
6654
6704
6708
6710
6712
6828
6906
6946
7032
7034
7040
7136
7166
7234
7346
7392
7468
7504
7640
7696
7748
7854
7948
7984
8052
8392
8498
8806
8984
9042
9692
10504
10752
11780
12330
13260
14234
14380
16122
16500
18034
18040
18048
18226
20122
20238
20316
21216
21366
21614
21644
21790
22392
22944
24360
25218
25506
26620
26810
27370
28676
29586
30510
32834
33318
34028
43956
