Latencies
26070
12002
12100
15616
14706
15440
16360
50308
13334
7552
13040
39808
120828
7908
12922
15954
7602
11452
43748
13800
15228
24726
24598
25028
24768
17620
45560
24904
28578
11908
8508
13808
13642
10350
15690
16484
11428
10074
21934
14618
14720
11192
8216
14226
41578
10810
55340
9286
35882
45780
25430
26718
9086
14570
10880
10372
13070
34914
24812
24486
24958
24892
24658
15550
26338
12604
17066
19768
7216
8056
5924
21880
7138
13732
12272
19600
7894
12216
10058
33154
44680
14546
25076
8420
20736
51762
42658
12496
61374
54208
16386
12492
52756
12192
7214
6292
10904
12226
26010
13170
5780
20200
7982
7948
14890
9668
25504
24806
23956
19070
18460
12264
10256
19668
19708
15714
8670
16482
20392
25018
9300
26684
47756
24824
25050
25380
25832
24446
24956
20474
45688
11358
14928
17446
17254
14528
9342
12326
9066
5450
20044
15172
14010
11018
34222
15298
19078
24472
33734
25104
16040
24124
19034
14240
21028
19604
12524
22548
14992
18062
47218
17866
12278
12830
50184
22562
32150
19304
6196
5586
15288
24708
25622
42974
25156
11944
10474
6714
6594
38960
14774
39300
15068
24368
34848
62958
25200
25340
45580
26166
6080
26850
17166
21496
14764
10216
14464
7406
12002
13914
7800
23620
23198
12624
5950
9768
11442
11204
24976
15548
25158
24572
7678
23694
16116
9498
11286
7658
10742
12520
20716
21866
12298
7228
22244
28572
15310
18334
8636
25504
13252
23684
24900
24566
14794
19012
14388
24286
22650
30082
16622
25868
21300
43702
17250
15678
7540
10340
24556
15350
9046
10448
6614
14042
7260
26842
14964
25868
24838
25522
25228
25148
25478
25674
20744
18756
8172
25294
25218
32152
20466
13708
12126
17914
13930
6762
15346
16784
24522
16118
19158
15600
27008
23970
24910
12964
24178
8548
21964
19394
28632
10654
16432
26572
15472
23510
14334
31892
19884
6856
16204
12998
14110
7456
27264
22548
5928
8032
13292
24306
14684
9316
22960
25578
24556
25498
21600
15904
34464
13924
6452
38884
11140
11334
29356
28484
34492
15196
25216
25310
25664
24670
15458
23548
38902
24222
25408
17898
13732
30316
15250
28564
21936
14470
9794
22764
12236
36256
7850
19942
20178
25232
15722
13104
13750
25840
25678
32604
9060
16700
9088
9168
23454
23984
13922
14836
31386
24676
24558
24708
24948
28320
7832
10836
17600
13970
22914
9584
17858
23462
23284
19874
12410
9286
17792
25546
14018
14342
8006
15448
15114
12914
34458
10660
27470
23252
23648
14444
8532
20826
32366
25022
12910
31640
25834
12478
6054
46364
5874
7978
15672
34024
19294
23444
13296
14736
20372
7476
15938
35060
22116
37916
12244
12862
14232
7254
9412
12172
8216
23676
8412
15106
27596
9750
16048
14746
15784
15592
15354
15330
15234
15802
15792
8506
13998
16922
23804
6224
24090
16290
10860
6282
18606
23658
6000
24268
5790
8446
25902
13720
27060
7680
13380
23112
6374
10688
15592
10232
8254
14776
13116
7114
24406
15316
15756
15158
25886
25626
25876
12342
39546
394754
26550
15752
7318
15394
10520
15486
25200
16040
24842
24908
22102
19424
13682
16830
9360
12922
6600
7888
30946
15782
10368
22004
18888
14714
21204
6910
14210
7982
22294
30862
16862
25250
25290
24986
24596
25420
25340
16656
9468
15576
20998
25424
21754
26188
15560
5884
17746
30022
7386
22010
11116
11744
8594
13946
12456
16106
6528
25162
24810
25160
11236
25866
6962
12794
7334
12148
7208
14304
20014
13250
18832
25840
19176
28278
20986
20254
25740
24150
14508
29970
8058
43396
14916
25594
13782
15460
6954
19954
15312
7312
22788
9086
25158
24286
27376
12524
7772
7500
30282
8400
19088
12196
17876
6434
15260
15668
9204
6710
13084
14956
11274
25172
12554
18372
13432
25402
25346
15680
8984
9508
21238
26820
19398
35230
26042
24454
24862
25554
26268
25238
16176
14078
16402
16134
17288
17784
10070
36578
6126
13764
35992
6710
7418
9500
11920
25104
22784
19226
24330
13870
13930
24640
24674
12026
25166
14732
33730
27528
27718
26056
1651708
682262
25386
25930
5888
30058
14596
12408
7980
15320
23944
12906
7266
5898
37466
44904
6144
6694
11336
22244
23240
13200
27962
19624
7532
13630
26528
25498
23234
6498
14672
14892
13272
6626
16576
9560
9394
10160
33780
24988
25166
25234
24804
21780
13234
10176
13390
14524
14876
25032
24414
25612
10832
9024
22668
6198
26032
39808
18916
18818
26292
13312
34258
24852
30200
13288
19812
20278
25040
14278
12648
15812
11528
11146
5994
15108
15388
26118
23284
29242
11384
8938
15290
10970
7110
12730
15504
12506
15548
15450
27042
226774
15468
15986
15112
23998
22684
25494
24398
11176
7570
16848
15336
14666
8104
5982
19324
9148
23004
24052
15520
14774
11628
23486
22922
8930
9208
13832
11446
6464
12166
15264
25134
27444
12096
16958
20138
9928
10348
24680
15670
25302
24416
14728
30734
24688
6652
23886
16760
25178
21798
12194
23874
5500
13056
14050
10618
14046
13972
8610
25470
15632
17630
23816
16424
10028
6448
16198
11340
8424
25532
18042
18926
25546
11234
13860
21818
9864
24300
20610
8428
13402
22350
59088
17646
24414
17118
28890
13536
18666
14234
14858
11502
9102
10640
24468
24564
25670
25898
25220
25238
24900
25340
25784
24922
14506
12462
15512
8136
14308
8016
24128
9416
13184
15294
7308
17670
9166
24426
13022
11212
10224
10748
7684
13272
9868
8666
16246
18350
14708
17262
35244
5668
14774
18492
24864
21218
23938
12900
13532
12910
12684
13780
12488
12176
29244
25730
36366
8114
7722
31880
13762
11262
17636
12292
10262
6944
24968
24456
25100
8322
23050
14648
10298
13750
10618
8334
14374
7030
8114
5908
14728
21858
24762
25744
25472
25100
24432
13704
22884
18390
9140
24526
16190
24954
16714
15802
23478
21724
16476
8244
10458
10162
7474
7534
13244
36480
14734
5968
6504
8162
17238
9236
8844
17506
25004
188746
25144
15490
15374
5594
9858
11074
17324
15538
13096
9526
7874
11180
22760
14674
23836
13640
22796
13806
10284
18154
25520
8892
13504
12064
34440
8462
11294
19514
17398
12962
11100
15932
14792
7936
9924
19034
15192
12970
29210
26374
13028
11108
15074
15254
15936
15996
13826
18876
8352
8066
15320
21894
6782
10944
25538
25542
24336
25460
24942
26514
9064
12046
14802
13518
24676
24084
16570
6564
24588
24386
16624
6172
14980
14914
16076
8260
7828
15708
7296
9110
12576
9860
11286
16274
34162
25224
30330
16830
9290
6454
5582
5566
6352
6506
5894
15082
7092
23096
12582
8736
8178
14562
30326
18846
16108
21966
21422
13050
5920
12550
16136
16176
25080
24422
24438
18266
9024
12814
22530
34022
26632
11718
15968
7280
13874
14480
15766
16516
7660
91792
14702
12460
34652
14486
15086
15304
15242
16034
14460
25834
25170
24586
21650
15668
22740
12854
7734
11854
13300
16152
15488
15112
14228
16704
24930
19514
23776
13700
21054
29824
21108
18074
33776
16730
10182
11668
9096
6126
17160
16382
34456
7454
15352
14940
7030
12684
27716
14660
32348
26428
18862
23638
7606
12206
6976
15108
14854
9960
6152
19654
9778
12450
16242
24640
13802
14078
9922
15774
15924
15464
24302
15116
14744
15512
6094
11912
19214
20740
14210
8880
11026
21306
16882
8396
15236
24830
25388
6868
28698
44026
23300
23620
16710
21128
7198
14962
13670
25410
9988
15536
14282
13314
14068
20524
11282
10968
14716
12806
15016
6048
23628
34244
25404
25066
26188
25020
15368
25474
24886
25412
24408
25024
24738
24444
24852
10292
14570
9190
15952
20914
24764
21268
18504
18306
9100
11686
9154
13914
10104
14468
15466
12910
9146
6894
11478
14702
5550
5424
5694
5520
6002
5540
14600
12624
23616
12696
19680
9870
15076
25402
25066
21996
21384
20882
15452
18270
8266
14670
22700
14786
9556
9396
6850
7168
12838
14624
11662
22200
6360
6586
18822
15302
26272
24964
25254
10694
13174
14620
11536
11146
23912
22190
6074
5552
5748
6484
10824
23820
24844
24192
24408
25852
25258
24698
24946
24330
24708
24336
8136
9850
6390
14382
14740
7426
15616
15596
24742
25462
25516
26364
25302
25638
25646
25008
25430
24840
25410
23140
16052
27394
21698
13946
16114
23822
13040
14216
8292
11166
5888
25704
16558
9730
43002
16056
21004
9888
18940
25172
17314
14770
8048
13422
14338
8646
15130
37088
15362
13654
14308
12976
18782
18840
23312
13680
25486
33274
8240
25332
24040
14458
16748
8650
19486
7276
7706
6360
13860
6018
8306
24394
26844
15446
15386
15112
15446
15246
15394
15100
11358
11304
10156
24884
21604
12672
14420
25148
8686
18856
8468
21498
15996
51180
24280
16376
17686
22100
12594
20996
19930
22422
9800
8922
9464
14480
16874
22024
12950
17554
35098
17752
13552
6320
7926
21654
15700
13606
11514
14720
15222
14700
14934
15396
20756
10082
11200
15322
15190
7702
13360
9996
8688
5880
15128
14186
6690
30086
22726
19310
10016
40014
7740
33340
14812
24628
34944
9502
24086
19402
13132
138404
23730
10796
26116
7424
15172
8164
24514
22392
17950
19070
26032
16748
25478
7870
7436
5672
5972
6818
9580
6568
9906
15148
9272
15506
6962
15646
15466
10698
12910
25174
15856
25370
26144
36652
34494
34916
34262
36262
35386
34400
35410
25350
25764
25834
25338
20474
11112
35592
57276
25632
14994
14994
14550
14866
15186
15110
10942
19554
9664
14706
9966
8998
11342
15640
25484
34970
15060
6694
7538
25182
14890
15914
14992
9536
15380
15384
15534
6156
13266
11824
6754
8892
13478
14268
15886
15966
11926
27630
13014
21260
15646
9934
10328
33122
25698
19724
6152
21752
16706
17416
24776
5996
10354
9786
8494
14506
12628
9702
11798
14760
23958
16460
6620
10008
10364
14260
6222
13934
9838
25874
8578
16678
15600
13842
16064
18274
16530
25890
24938
24884
24484
25090
25426
26634
25778
25196
24538
25200
24306
26060
24512
26340
25086
25230
26180
25234
25518
26074
26144
25206
27050
24236
24920
24630
26356
24290
24760
24804
25120
24378
25406
26204
10824
10308
20182
21732
10130
25496
24648
16652
13978
10068
8432
15188
10200
7726
23720
8332
11764
11374
15140
13984
14932
19168
16578
14552
8640
7240
23398
11110
7266
11876
25244
14916
7414
7110
6916
17128
15918
18070
34600
26174
25088
90128
43290
23822
19000
16324
21530
25982
25986
9310
13360
8234
11938
9588
14814
12746
15042
15374
7488
24102
15564
14560
15028
14618
15460
15172
45860
15230
22038
21950
16042
16140
25790
6090
9398
14960
10006
13550
12582
11456
7188
11746
8588
14494
21712
21824
16304
33734
11564
21908
16096
7542
13740
32774
21100
13546
27816
10142
7448
10784
24884
13530
24402
26574
25078
25324
24480
25022
25356
25822
17618
7230
14644
23586
21942
9722
13660
23414
10682
5710
19400
14858
9644
8564
10864
16632
21328
17214
25264
14888
24366
9340
9818
14766
15548
6114
15492
13144
7230
9080
9566
22646
11728
5790
14380
15298
16540
52536
10110
17964
22770
10122
11498
11442
10070
13648
10140
14356
14836
10294
24762
21586
7076
6836
11416
10160
14982
17310
16720
21592
15358
16704
7208
11722
10510
25846
15496
25200
25700
7652
11440
16478
12676
13044
51264
7624
11234
12762
15226
13546
10460
9966
14854
14142
6318
14342
16128
16586
10548
22860
21338
11380
12120
6920
25366
12920
19222
20646
25060
12718
16442
15686
15558
25646
11714
12032
6630
12224
13670
12992
25308
24650
25298
25224
25474
24918
24446
25550
25900
25160
7240
23508
8550
9700
25768
21124
6464
7022
7300
13764
18092
14318
8528
22234
15668
8556
6764
14856
9508
8072
10284
24944
15228
25726
48714
24066
17112
19168
24720
25230
30486
14560
15408
15408
15344
15386
11912
10402
24238
10072
10130
13844
18942
7552
18262
18324
24112
20996
20044
15156
18484
15796
15464
14678
15534
15232
9160
9768
11772
15778
12856
12774
7538
12538
9094
17208
12780
12542
25716
13334
23982
23562
21042
16848
20914
10962
21494
13322
9834
6416
7910
23016
19558
5836
10646
25010
16058
24862
26206
24726
25056
24856
25544
10622
8894
262586
13984
15234
11254
12376
12022
14060
67760
18482
25154
25678
13952
16288
6516
21244
15732
14966
15352
6878
14518
12066
20090
14916
22914
23532
24992
15116
23350
11588
10246
12110
24364
18184
11090
9782
8036
17738
7534
12090
9712
11338
20934
20740
17324
10634
21984
16892
18124
11110
22952
19116
34026
23488
12280
15786
14550
15764
32282
18404
24244
12668
25320
6116
13616
8360
10274
10292
15932
13886
17346
22784
23502
22192
11434
14354
19058
8294
14588
12504
14746
25316
18392
15488
17818
