Latencies
5130
5168
5170
5174
5200
5206
5210
5210
5220
5222
5230
5232
5232
5236
5238
5238
5240
5240
5242
5244
5246
5246
5246
5248
5254
5256
5256
5260
5260
5268
5270
5276
5278
5280
5282
5282
5284
5284
5288
5290
5290
5292
5292
5296
5298
5306
5306
5308
5308
5314
5316
5316
5316
5316
5316
5316
5318
5318
5320
5322
5324
5324
5324
5326
5326
5326
5328
5328
5328
5328
5328
5330
5330
5330
5332
5332
5332
5334
5334
5334
5336
5338
5338
5340
5342
5342
5342
5344
5346
5346
5346
5348
5348
5352
5352
5354
5356
5356
5358
5358
5358
5358
5358
5358
5360
5360
5360
5362
5362
5362
5362
5362
5364
5364
5364
5364
5364
5366
5368
5368
5368
5368
5368
5370
5370
5370
5370
5370
5370
5370
5370
5370
5370
5370
5372
5372
5372
5372
5374
5374
5374
5374
5376
5376
5376
5376
5376
5378
5378
5378
5378
5378
5378
5380
5380
5380
5380
5380
5382
5382
5382
5384
5384
5384
5386
5388
5388
5388
5388
5390
5390
5390
5392
5392
5392
5392
5392
5394
5394
5394
5394
5394
5394
5396
5396
5396
5396
5398
5398
5398
5398
5398
5398
5398
5400
5400
5400
5402
5402
5402
5402
5402
5402
5404
5404
5404
5404
5406
5406
5406
5406
5406
5406
5408
5408
5408
5408
5408
5408
5410
5410
5410
5412
5412
5412
5412
5414
5414
5414
5414
5414
5416
5416
5416
5416
5416
5416
5416
5418
5418
5418
5418
5418
5418
5418
5420
5420
5420
5420
5420
5422
5422
5422
5422
5422
5422
5424
5424
5426
5426
5426
5428
5428
5428
5428
5428
5428
5430
5430
5432
5432
5432
5434
5434
5434
5434
5434
5434
5436
5438
5438
5438
5440
5440
5440
5440
5440
5442
5442
5442
5442
5442
5444
5444
5444
5444
5444
5444
5446
5446
5446
5446
5446
5448
5448
5448
5448
5448
5450
5450
5450
5450
5450
5450
5452
5452
5452
5452
5452
5452
5454
5454
5454
5454
5456
5456
5458
5458
5458
5458
5460
5460
5460
5460
5460
5462
5462
5462
5462
5462
5464
5464
5464
5466
5466
5466
5468
5468
5468
5468
5470
5472
5472
5472
5472
5472
5474
5474
5474
5476
5476
5476
5478
5478
5480
5480
5480
5480
5480
5482
5482
5482
5482
5482
5482
5482
5484
5484
5486
5486
5486
5486
5490
5490
5492
5492
5492
5494
5494
5494
5494
5494
5496
5496
5496
5496
5496
5498
5498
5498
5498
5498
5498
5500
5500
5500
5500
5502
5502
5502
5502
5504
5504
5504
5506
5506
5508
5508
5508
5510
5510
5512
5512
5512
5514
5516
5516
5518
5518
5518
5520
5520
5520
5520
5520
5522
5522
5522
5522
5522
5524
5524
5524
5526
5526
5526
5532
5534
5536
5536
5536
5536
5536
5538
5540
5540
5542
5542
5542
5542
5542
5542
5544
5544
5544
5544
5544
5544
5546
5546
5546
5548
5550
5550
5552
5552
5554
5558
5560
5560
5560
5560
5564
5564
5566
5566
5568
5568
5568
5570
5570
5570
5570
5570
5570
5570
5572
5574
5574
5574
5576
5578
5580
5582
5582
5582
5584
5584
5586
5586
5590
5590
5590
5590
5594
5594
5594
5598
5598
5598
5598
5598
5602
5606
5606
5606
5608
5608
5608
5610
5610
5610
5610
5610
5612
5612
5612
5614
5614
5616
5618
5622
5622
5626
5626
5626
5628
5628
5630
5632
5632
5634
5634
5640
5648
5648
5650
5652
5652
5652
5656
5658
5660
5660
5662
5662
5664
5664
5664
5666
5666
5666
5668
5670
5670
5674
5676
5676
5676
5678
5680
5680
5680
5682
5684
5684
5686
5686
5688
5690
5692
5692
5694
5694
5696
5698
5700
5704
5704
5710
5712
5716
5718
5722
5724
5724
5726
5726
5728
5728
5738
5740
5740
5740
5742
5744
5744
5744
5744
5746
5748
5752
5754
5754
5754
5756
5756
5758
5758
5758
5762
5762
5762
5762
5766
5768
5770
5770
5772
5774
5782
5782
5784
5786
5790
5790
5796
5798
5800
5800
5802
5802
5804
5806
5806
5806
5806
5808
5808
5810
5812
5814
5814
5814
5816
5818
5820
5820
5830
5830
5836
5838
5840
5842
5846
5850
5850
5850
5852
5854
5854
5858
5860
5862
5862
5864
5864
5874
5874
5876
5884
5888
5890
5890
5894
5894
5898
5900
5904
5906
5906
5908
5910
5912
5912
5912
5914
5916
5916
5918
5920
5920
5924
5924
5924
5926
5936
5940
5942
5944
5944
5946
5946
5948
5950
5950
5952
5952
5956
5962
5964
5964
5964
5968
5970
5970
5970
5972
5972
5976
5976
5978
5980
5980
5980
5982
5984
5986
5988
5990
5990
5992
5994
5996
6004
6006
6014
6014
6014
6022
6026
6044
6044
6044
6050
6054
6054
6066
6068
6070
6072
6074
6074
6076
6076
6078
6080
6082
6086
6088
6090
6090
6092
6092
6092
6092
6094
6100
6100
6102
6108
6114
6116
6118
6122
6122
6124
6126
6128
6136
6144
6144
6146
6146
6148
6148
6166
6166
6168
6170
6174
6174
6174
6176
6180
6190
6194
6194
6196
6204
6206
6208
6210
6212
6216
6222
6230
6234
6242
6244
6244
6246
6252
6252
6260
6268
6276
6286
6298
6304
6312
6318
6320
6338
6340
6346
6348
6368
6372
6388
6388
6406
6406
6410
6442
6452
6462
6466
6496
6496
6516
6524
6524
6532
6538
6554
6562
6586
6602
6610
6624
6664
6670
6672
6682
6728
6758
6784
6828
6840
6878
6898
7126
7160
7240
7346
7486
7504
7764
7842
7848
7972
8130
8264
8386
8544
8712
8752
8980
9034
9326
9558
9632
9674
10028
10036
10360
10372
10408
10464
10468
10644
10830
10954
11094
11192
11566
11722
11808
11862
12038
12076
12276
12298
12448
12786
12788
12890
13122
13252
13630
13650
13692
13758
14014
14236
14632
14690
15038
15304
15642
15790
15964
16766
17748
18116
18210
19492
20070
20344
20374
20498
20684
22522
22826
22846
23034
23278
23288
24136
24238
24326
24906
25088
25230
25252
25284
25414
25500
25644
26538
27078
27898
29072
29878
30150
30510
30594
30846
31544
31972
32066
32070
32338
32652
34098
34842
35154
35564
35598
35894
37498
37926
38938
39742
41992
49644
61322
64458
103258
