Latencies
5206
5248
5272
5412
5416
5444
5524
5532
5568
5610
5638
5642
5658
5676
5692
5734
5758
5814
5838
5878
5940
5952
5956
5966
6012
6024
6028
6048
6068
6138
6152
6156
6180
6202
6240
6248
6276
6424
6434
6576
6648
6676
6688
6720
6728
6800
6932
6942
6946
7010
7054
7062
7062
7088
7146
7200
7276
7278
7324
7362
7362
7364
7372
7446
7538
7574
7676
7692
7698
7714
7746
7828
7858
7864
7876
7886
7894
7942
7962
7964
7976
8066
8096
8120
8170
8232
8306
8320
8334
8354
8372
8376
8382
8386
8396
8464
8482
8488
8586
8588
8604
8650
8736
8782
8818
8834
8858
8862
8918
8942
8954
8978
9078
9234
9282
9310
9312
9318
9372
9396
9416
9480
9514
9536
9572
9612
9620
9654
9656
9728
9746
9762
9836
9860
9894
9902
9940
9974
9988
9994
10016
10028
10028
10048
10076
10148
10160
10232
10302
10350
10362
10392
10404
10478
10514
10520
10528
10532
10548
10648
10648
10650
10670
10752
10778
10828
10844
10884
10898
10960
11056
11074
11076
11166
11218
11234
11242
11284
11288
11322
11384
11420
11528
11530
11556
11600
11680
11720
11798
11804
11820
11830
11842
11866
11936
12000
12082
12164
12302
12318
12348
12348
12492
12508
12516
12574
12644
12766
12838
12928
12960
12978
13032
13032
13034
13126
13132
13132
13206
13316
13380
13390
13402
13452
13464
13472
13482
13600
13614
13634
13670
13674
13754
13768
13788
13812
13812
13822
13842
13844
13852
13888
13906
13914
13914
13928
13928
13982
13982
14030
14102
14154
14162
14162
14166
14198
14218
14218
14252
14278
14296
14326
14332
14364
14370
14386
14418
14442
14456
14466
14490
14510
14516
14542
14554
14572
14574
14590
14592
14630
14640
14652
14666
14692
14708
14712
14718
14720
14722
14758
14766
14768
14770
14798
14828
14878
14880
14880
14886
14890
14896
14936
14942
14944
14948
14952
14960
14970
14976
14980
14986
14996
14998
15010
15018
15018
15042
15044
15058
15064
15074
15076
15096
15102
15112
15118
15130
15132
15138
15140
15142
15146
15146
15156
15162
15180
15194
15198
15216
15230
15268
15268
15274
15282
15282
15286
15288
15294
15308
15310
15310
15316
15328
15332
15358
15360
15394
15448
15462
15464
15468
15486
15506
15508
15550
15578
15694
15698
15738
15752
15762
15762
15818
15828
15844
15884
15902
15930
15934
16012
16036
16046
16078
16118
16138
16144
16158
16190
16218
16268
16302
16308
16308
16366
16412
16416
16580
16622
16646
16682
16744
16750
16754
16808
16936
16948
16970
17056
17122
17134
17154
17168
17258
17376
17404
17404
17480
17500
17532
17580
17606
17606
17624
17722
17750
17752
17756
17872
17884
17956
18040
18118
18122
18142
18216
18226
18334
18384
18410
18488
18494
18512
18590
18620
18708
18750
18834
18900
18914
18952
19024
19162
19250
19332
19376
19394
19400
19452
19500
19528
19618
19684
19696
19696
19742
19764
19804
19940
19966
20020
20024
20030
20052
20090
20096
20096
20228
20238
20284
20286
20358
20458
20562
20666
20682
20740
20754
20758
20762
20820
20876
21000
21014
21046
21066
21072
21072
21080
21176
21224
21250
21268
21284
21318
21416
21418
21526
21542
21546
21554
21558
21602
21612
21740
21762
21848
21868
21970
21984
21994
21996
22142
22154
22174
22276
22294
22294
22300
22310
22386
22398
22506
22524
22560
22666
22686
22698
22712
22728
22774
22836
22842
22852
22864
22866
22870
23008
23026
23052
23066
23086
23100
23154
23170
23250
23264
23302
23302
23312
23320
23376
23410
23424
23430
23512
23546
23624
23646
23678
23682
23732
23736
23786
23812
23816
23824
23850
23858
23910
23968
23974
24038
24086
24106
24112
24128
24132
24132
24134
24134
24190
24200
24224
24250
24252
24260
24324
24324
24328
24340
24356
24360
24364
24418
24438
24456
24478
24484
24512
24524
24542
24550
24648
24680
24730
24748
24772
24782
24822
24844
24870
24878
24892
24892
24906
24910
24926
24946
24946
24966
25012
25052
25094
25112
25118
25156
25220
25224
25242
25282
25316
25336
25406
25432
25502
25504
25522
25530
25530
25562
25574
25788
25802
25804
25808
25810
25826
25830
25848
25874
25930
25932
26066
26164
26188
26196
26264
26300
26372
26406
26434
26546
26576
26582
26586
26588
26620
26626
26638
26650
26654
26720
26738
26766
26770
26778
26780
26838
26862
26866
26868
26908
26912
27042
27046
27110
27126
27158
27164
27168
27196
27230
27232
27286
27412
27488
27540
27542
27566
27576
27600
27648
27698
27726
27780
27848
27918
27924
27930
28134
28162
28222
28338
28416
28448
28452
28476
28490
28626
28660
28796
28806
28810
28842
28964
29008
29024
29048
29114
29230
29250
29366
29382
29506
29574
29668
29692
29826
29940
29952
30056
30080
30086
30102
30140
30176
30184
30302
30404
30434
30452
30506
30526
30616
30626
30666
30742
30818
30850
30902
30912
30916
30926
30994
31008
31034
31042
31098
31138
31216
31278
31316
31350
31382
31396
31554
31580
31596
31600
31686
31698
31752
31800
31974
32154
32174
32272
32274
32344
32418
32550
32634
32658
32658
32908
32920
32944
33048
33084
33112
33174
33194
33322
33432
33448
33452
33528
33534
33590
33596
33618
33652
33710
33722
33750
33766
33804
33854
33858
33898
33898
33918
33926
33938
33942
33956
33968
33978
33990
34010
34040
34050
34056
34062
34072
34102
34108
34114
34126
34174
34222
34238
34250
34260
34268
34268
34318
34320
34322
34334
34338
34342
34356
34372
34436
34442
34472
34472
34478
34478
34480
34492
34524
34536
34550
34564
34584
34590
34592
34600
34600
34600
34614
34620
34642
34660
34694
34726
34750
34810
34834
34842
34914
34954
34958
34964
34998
35016
35030
35040
35108
35114
35132
35142
35168
35248
35274
35378
35504
35530
35616
35840
35854
35924
36066
36482
36490
36826
37688
37768
40140
41846
41902
43184
43570
43604
43626
43708
44104
44106
44480
44512
44672
44746
45382
48662
51306
52062
52062
53882
54864
55358
55616
55680
56004
56556
56658
58116
73342
102306
111326
181634
403986
557994
1515908
5092620
