Latencies
5450
5480
5528
5530
5568
5574
5728
5836
5844
5894
5942
5998
5998
6006
6020
6036
6064
6066
6086
6104
6116
6126
6164
6182
6192
6196
6200
6220
6252
6268
6302
6348
6440
6440
6452
6474
6492
6506
6508
6518
6524
6568
6580
6634
6638
6714
6732
6760
6764
6794
6798
6810
6818
6824
6850
6858
6866
6894
6988
7046
7048
7050
7066
7172
7180
7184
7264
7280
7284
7284
7316
7354
7356
7362
7380
7382
7386
7468
7490
7496
7500
7514
7544
7576
7584
7608
7638
7650
7660
7692
7692
7708
7710
7718
7722
7732
7738
7740
7746
7762
7776
7776
7824
7896
7904
7924
7938
7944
7952
7998
8000
8002
8008
8016
8042
8062
8096
8110
8150
8158
8198
8216
8240
8268
8270
8278
8310
8322
8346
8356
8360
8374
8390
8390
8392
8442
8484
8490
8492
8510
8510
8534
8538
8546
8548
8566
8572
8590
8628
8682
8682
8700
8702
8720
8754
8802
8808
8848
8872
8878
8922
8982
8990
8990
8992
9002
9012
9022
9032
9038
9070
9168
9174
9182
9232
9276
9308
9312
9378
9380
9406
9454
9470
9510
9512
9520
9532
9536
9546
9600
9612
9634
9638
9652
9690
9704
9706
9708
9732
9792
9814
9822
9856
9884
9896
9948
9948
10000
10012
10024
10044
10090
10104
10110
10122
10164
10166
10178
10184
10184
10188
10218
10226
10226
10262
10276
10312
10316
10324
10334
10338
10366
10418
10456
10548
10596
10600
10612
10702
10714
10744
10750
10760
10778
10804
10826
10832
10906
10930
10934
10940
10970
11028
11048
11074
11078
11098
11118
11134
11136
11162
11172
11184
11208
11226
11232
11238
11254
11288
11320
11328
11344
11396
11416
11472
11482
11506
11550
11566
11628
11650
11708
11742
11744
11782
11808
11850
11864
11874
11892
11896
11906
11912
11918
11936
11938
11962
11964
11966
11968
11980
12000
12038
12046
12096
12106
12174
12208
12220
12220
12238
12250
12276
12318
12356
12372
12382
12398
12400
12404
12414
12458
12470
12474
12488
12624
12632
12660
12662
12674
12688
12688
12708
12730
12764
12816
12864
12928
12938
12956
12968
12992
13042
13058
13098
13138
13156
13162
13196
13208
13218
13226
13254
13264
13266
13280
13284
13318
13322
13336
13388
13414
13418
13426
13496
13536
13548
13586
13636
13704
13710
13766
13802
13822
13858
13928
13936
13938
13952
13956
13982
14022
14024
14036
14038
14046
14124
14196
14206
14206
14210
14214
14232
14256
14286
14338
14370
14378
14384
14390
14410
14424
14434
14436
14438
14480
14494
14494
14494
14494
14500
14536
14566
14580
14610
14614
14614
14620
14640
14646
14646
14646
14648
14656
14656
14672
14680
14686
14688
14728
14734
14738
14748
14768
14770
14770
14776
14776
14782
14792
14796
14798
14808
14826
14834
14840
14860
14868
14874
14878
14880
14886
14896
14918
14920
14936
14948
14948
14952
14960
14974
14980
14986
14986
14988
14994
15020
15024
15032
15036
15048
15054
15056
15058
15062
15068
15068
15074
15074
15080
15082
15086
15100
15102
15132
15136
15138
15138
15140
15144
15152
15170
15186
15188
15192
15194
15208
15218
15226
15236
15246
15252
15260
15274
15280
15282
15292
15292
15300
15304
15308
15310
15314
15316
15324
15330
15346
15370
15378
15380
15384
15388
15390
15392
15394
15400
15400
15424
15442
15456
15456
15458
15462
15464
15466
15484
15486
15490
15502
15504
15506
15508
15524
15528
15530
15532
15534
15552
15564
15572
15578
15588
15604
15648
15670
15678
15678
15684
15684
15706
15720
15726
15730
15744
15748
15760
15764
15768
15780
15784
15796
15808
15810
15812
15812
15816
15868
15872
15896
15922
15948
15964
15998
16006
16040
16044
16048
16052
16072
16090
16094
16098
16108
16148
16148
16200
16228
16238
16278
16324
16340
16366
16408
16518
16566
16622
16710
16838
16868
16904
16954
17018
17048
17084
17098
17100
17136
17150
17154
17232
17238
17256
17260
17352
17518
17552
17588
17592
17670
17682
17802
17838
17858
17878
17890
17910
17968
17986
18110
18226
18276
18362
18400
18488
18488
18538
18542
18556
18622
18656
18660
18664
18702
18718
18774
18888
18940
19010
19058
19250
19278
19300
19350
19352
19358
19360
19362
19372
19470
19522
19528
19534
19554
19602
19620
19632
19686
19690
19718
19854
19880
19934
20028
20038
20042
20116
20158
20162
20210
20272
20328
20336
20340
20340
20412
20442
20466
20584
20664
20706
20758
20848
20976
21044
21054
21136
21152
21170
21200
21208
21268
21336
21362
21390
21402
21406
21422
21516
21570
21584
21598
21602
21690
21694
21708
21762
21768
21774
21778
21780
21858
21866
21888
21902
21938
21940
21946
22072
22112
22192
22206
22238
22276
22292
22322
22376
22402
22432
22516
22554
22586
22736
22802
22838
22890
22918
22940
22970
22972
22990
23196
23230
23244
23254
23286
23346
23484
23574
23596
23598
23604
23608
23618
23628
23638
23702
23736
23758
23792
23796
23800
23800
23822
23830
23872
23886
23896
23972
23992
23994
24004
24028
24086
24122
24124
24144
24212
24236
24260
24266
24276
24282
24286
24296
24316
24316
24316
24326
24360
24372
24382
24394
24394
24408
24412
24428
24450
24482
24496
24516
24522
24548
24570
24574
24576
24594
24596
24596
24612
24614
24624
24624
24638
24668
24684
24704
24718
24748
24750
24762
24764
24780
24798
24802
24806
24816
24818
24824
24828
24834
24856
24870
24870
24896
24898
24898
24908
24924
24934
24948
24956
24960
24960
24960
24976
24982
24986
24992
24996
25036
25048
25076
25080
25084
25110
25112
25114
25138
25146
25150
25154
25164
25172
25186
25198
25230
25230
25248
25270
25304
25310
25312
25352
25356
25416
25420
25438
25442
25442
25442
25464
25474
25534
25538
25556
25560
25628
25686
25688
25688
25724
25724
25768
25854
25882
25982
25992
25996
26106
26110
26224
26322
26328
26366
26448
26472
27328
27482
27504
27836
28884
28906
29086
29144
29484
29574
29756
29760
30156
30300
30342
30748
30888
31090
31122
31166
32002
32104
32412
32696
33042
33128
33362
33524
33886
33896
33908
34136
34204
34226
34268
34380
34384
34546
34560
34598
34784
34812
34848
34898
35082
35340
35670
35692
35710
36194
37398
38636
39112
40160
40336
41202
41534
43392
44578
50042
55148
55740
207790
267426
5974494
