Latencies
5170
5172
5186
5192
5200
5202
5208
5208
5218
5224
5226
5228
5228
5230
5230
5230
5234
5234
5236
5244
5244
5248
5256
5258
5268
5268
5270
5270
5270
5272
5274
5278
5278
5280
5280
5280
5282
5282
5282
5284
5284
5286
5286
5288
5288
5290
5294
5296
5296
5296
5296
5298
5298
5300
5302
5302
5302
5304
5304
5304
5304
5306
5306
5306
5308
5308
5308
5308
5310
5310
5310
5314
5316
5316
5316
5316
5316
5318
5318
5320
5320
5322
5324
5324
5324
5324
5326
5326
5326
5328
5328
5330
5330
5330
5330
5330
5332
5332
5334
5336
5336
5336
5338
5338
5338
5340
5340
5340
5340
5340
5340
5342
5342
5342
5342
5344
5346
5348
5348
5350
5350
5350
5350
5352
5352
5352
5352
5354
5354
5354
5358
5358
5358
5358
5358
5360
5360
5360
5360
5362
5362
5362
5364
5364
5364
5366
5366
5366
5366
5366
5368
5368
5368
5370
5372
5372
5372
5374
5374
5374
5374
5376
5376
5376
5378
5378
5378
5378
5380
5380
5380
5382
5382
5382
5382
5382
5382
5382
5382
5384
5384
5384
5386
5386
5386
5386
5386
5386
5386
5386
5388
5388
5390
5390
5390
5390
5390
5392
5394
5394
5394
5394
5394
5394
5394
5394
5394
5396
5396
5396
5396
5398
5400
5400
5400
5400
5400
5402
5404
5404
5404
5404
5404
5406
5406
5406
5408
5408
5408
5408
5408
5410
5410
5410
5412
5412
5412
5414
5414
5414
5416
5418
5418
5418
5418
5420
5420
5420
5420
5420
5420
5422
5422
5422
5424
5424
5424
5426
5426
5426
5426
5426
5426
5426
5428
5428
5428
5430
5430
5432
5434
5434
5434
5436
5436
5436
5438
5438
5438
5438
5438
5438
5438
5438
5440
5440
5442
5442
5444
5444
5444
5444
5446
5446
5446
5446
5448
5448
5450
5450
5450
5450
5452
5452
5454
5456
5456
5456
5458
5458
5458
5460
5460
5462
5462
5464
5464
5464
5464
5464
5466
5466
5468
5468
5470
5472
5474
5474
5476
5476
5478
5478
5478
5480
5480
5480
5482
5486
5486
5490
5492
5492
5492
5492
5494
5494
5494
5496
5496
5496
5496
5498
5500
5502
5502
5502
5504
5504
5504
5506
5506
5506
5508
5510
5510
5510
5510
5510
5512
5514
5514
5514
5514
5516
5516
5516
5518
5518
5520
5522
5522
5524
5524
5524
5524
5524
5524
5524
5528
5530
5534
5534
5534
5536
5536
5538
5540
5542
5542
5544
5544
5544
5546
5546
5546
5546
5546
5548
5548
5552
5554
5556
5556
5556
5556
5558
5558
5558
5558
5558
5560
5560
5560
5560
5562
5562
5562
5564
5564
5564
5566
5566
5566
5568
5572
5572
5576
5576
5576
5580
5580
5584
5584
5588
5588
5590
5596
5596
5598
5598
5598
5598
5600
5602
5606
5606
5606
5608
5608
5612
5612
5612
5614
5616
5616
5618
5622
5622
5622
5622
5624
5624
5626
5628
5628
5628
5628
5630
5632
5632
5632
5632
5634
5634
5634
5634
5636
5638
5638
5642
5644
5644
5644
5646
5646
5650
5650
5652
5652
5656
5656
5656
5656
5656
5658
5660
5662
5666
5666
5666
5666
5668
5670
5670
5672
5672
5672
5672
5674
5674
5676
5678
5678
5678
5680
5682
5682
5684
5686
5686
5690
5690
5692
5694
5694
5694
5694
5696
5696
5696
5698
5698
5700
5700
5702
5704
5706
5708
5710
5710
5710
5714
5714
5716
5716
5716
5718
5720
5724
5726
5728
5730
5736
5740
5740
5744
5746
5746
5748
5752
5752
5754
5754
5758
5760
5760
5762
5764
5766
5768
5770
5772
5776
5784
5784
5790
5792
5794
5802
5802
5802
5804
5804
5804
5810
5810
5814
5814
5814
5820
5824
5826
5826
5828
5832
5832
5834
5836
5838
5840
5840
5842
5848
5858
5860
5860
5866
5866
5868
5868
5870
5876
5876
5882
5888
5888
5888
5890
5892
5894
5894
5894
5896
5898
5900
5900
5902
5906
5912
5914
5916
5918
5918
5920
5922
5926
5928
5938
5938
5940
5940
5940
5940
5940
5942
5944
5944
5944
5948
5950
5952
5956
5968
5970
5970
5972
5972
5974
5976
5976
5978
5978
5982
5982
5982
5984
5986
5988
5988
5990
5990
5990
5990
5990
5994
5994
5998
6004
6006
6010
6010
6012
6012
6012
6016
6022
6022
6024
6026
6030
6032
6034
6034
6034
6040
6040
6042
6046
6048
6048
6048
6050
6050
6054
6054
6056
6058
6060
6060
6062
6072
6074
6074
6078
6080
6080
6080
6082
6082
6084
6086
6088
6094
6094
6098
6102
6102
6110
6110
6112
6114
6114
6116
6116
6122
6124
6130
6130
6134
6136
6140
6142
6142
6150
6156
6160
6162
6166
6178
6180
6186
6188
6188
6190
6196
6198
6198
6200
6200
6208
6214
6218
6224
6226
6232
6236
6238
6238
6242
6242
6244
6246
6246
6246
6248
6252
6260
6260
6262
6262
6264
6272
6274
6274
6276
6276
6278
6280
6290
6298
6300
6300
6300
6302
6302
6304
6308
6312
6318
6328
6328
6330
6340
6344
6396
6416
6430
6434
6436
6444
6470
6470
6472
6474
6484
6488
6494
6502
6514
6600
6610
6618
6620
6622
6626
6632
6642
6646
6652
6702
6706
6732
6736
6746
6770
6802
6848
6854
6870
6878
6896
6898
6910
6964
7034
7064
7078
7122
7192
7202
7226
7234
7262
7306
7358
7452
7710
8000
8328
8356
8356
8514
8722
8796
8852
8886
8992
9014
9158
9416
9456
9650
9938
10002
10088
10158
10330
10928
10952
11064
11480
11496
11694
12760
12762
12918
13526
13706
13796
13890
14350
14414
14502
14642
14782
14862
14864
14902
15062
15538
15566
15690
16492
16584
16622
16694
17556
17570
18414
18540
18598
18862
19500
19608
19730
20206
21558
21598
21948
22382
22460
23066
24238
24416
24660
24898
25274
26052
26130
28556
29004
29284
31154
32428
32520
33346
33758
35848
36140
36990
37936
37968
38348
39110
46794
51632
54672
56460
56952
122690
10342680
