Latencies
4934
4946
4950
4954
4958
4958
4972
4980
4982
4982
4984
4986
4986
4990
4990
4990
4990
4994
4994
4994
4994
4994
4996
4998
5000
5000
5002
5008
5008
5008
5008
5008
5010
5010
5010
5010
5012
5012
5016
5018
5018
5020
5020
5020
5022
5022
5024
5024
5026
5026
5026
5026
5028
5028
5028
5028
5030
5030
5030
5030
5032
5032
5032
5032
5034
5034
5034
5036
5036
5036
5038
5038
5040
5040
5040
5040
5042
5044
5044
5044
5044
5046
5046
5046
5046
5046
5046
5048
5048
5050
5050
5050
5050
5050
5054
5054
5054
5056
5056
5058
5058
5060
5060
5060
5060
5062
5062
5066
5066
5066
5068
5070
5070
5072
5072
5072
5072
5074
5076
5076
5076
5078
5078
5078
5080
5080
5080
5080
5080
5080
5080
5080
5082
5082
5082
5084
5084
5084
5084
5084
5084
5084
5086
5086
5086
5086
5086
5086
5088
5088
5090
5090
5090
5090
5092
5092
5092
5092
5092
5094
5094
5094
5094
5096
5096
5098
5098
5098
5100
5102
5102
5102
5102
5102
5104
5104
5106
5106
5108
5108
5108
5110
5110
5112
5112
5114
5114
5116
5116
5118
5118
5118
5118
5118
5120
5122
5122
5122
5122
5124
5126
5126
5128
5128
5128
5128
5130
5130
5130
5130
5130
5130
5132
5132
5134
5134
5136
5136
5138
5138
5138
5140
5140
5140
5140
5142
5142
5142
5142
5144
5144
5144
5146
5146
5146
5146
5148
5148
5148
5148
5148
5148
5150
5150
5152
5152
5154
5154
5156
5156
5156
5156
5156
5156
5156
5156
5158
5158
5160
5160
5160
5160
5160
5162
5162
5162
5164
5164
5164
5164
5166
5166
5166
5168
5168
5170
5172
5172
5172
5172
5174
5174
5174
5176
5176
5176
5176
5178
5180
5180
5180
5180
5180
5180
5180
5180
5180
5180
5180
5182
5182
5184
5184
5184
5184
5184
5184
5186
5186
5186
5186
5186
5186
5186
5186
5186
5186
5188
5188
5188
5188
5188
5188
5190
5192
5192
5192
5192
5192
5194
5194
5196
5196
5196
5198
5198
5198
5200
5200
5202
5202
5202
5204
5204
5204
5204
5206
5206
5206
5208
5208
5208
5208
5208
5210
5210
5212
5212
5212
5212
5212
5212
5212
5214
5214
5216
5216
5216
5216
5216
5218
5218
5218
5218
5218
5220
5220
5220
5222
5222
5222
5224
5224
5224
5226
5226
5226
5226
5226
5228
5228
5228
5228
5228
5228
5230
5230
5230
5230
5232
5232
5232
5232
5232
5232
5232
5234
5234
5234
5234
5234
5236
5236
5236
5238
5238
5240
5240
5240
5240
5242
5242
5242
5242
5242
5242
5242
5244
5244
5244
5244
5248
5250
5250
5250
5250
5250
5252
5252
5252
5252
5252
5252
5252
5254
5254
5254
5254
5256
5256
5256
5256
5258
5258
5258
5258
5258
5260
5260
5262
5264
5264
5266
5266
5266
5268
5268
5268
5268
5268
5270
5270
5270
5272
5272
5272
5272
5274
5276
5278
5278
5278
5282
5282
5282
5282
5282
5284
5284
5286
5286
5286
5288
5288
5288
5290
5292
5292
5292
5294
5296
5296
5296
5296
5298
5302
5302
5302
5304
5304
5306
5308
5308
5310
5312
5314
5314
5314
5314
5316
5322
5322
5322
5324
5324
5324
5324
5326
5326
5326
5326
5328
5330
5330
5330
5330
5332
5334
5336
5336
5336
5338
5340
5340
5340
5340
5342
5342
5348
5350
5352
5352
5354
5356
5356
5358
5358
5360
5362
5362
5362
5364
5364
5364
5368
5368
5368
5368
5370
5370
5372
5372
5374
5374
5374
5378
5378
5380
5380
5382
5382
5382
5384
5384
5386
5386
5386
5386
5392
5392
5392
5392
5392
5394
5398
5400
5400
5400
5404
5406
5408
5408
5410
5414
5414
5416
5418
5418
5418
5418
5420
5420
5422
5424
5424
5424
5424
5428
5432
5432
5434
5436
5436
5438
5440
5442
5442
5444
5448
5448
5450
5452
5454
5454
5456
5456
5458
5458
5460
5462
5462
5462
5462
5464
5470
5472
5472
5474
5480
5480
5482
5484
5484
5484
5486
5486
5492
5498
5500
5500
5508
5510
5510
5510
5514
5518
5518
5522
5524
5526
5526
5526
5526
5530
5530
5532
5532
5532
5534
5544
5546
5548
5550
5554
5556
5560
5564
5566
5568
5568
5570
5572
5572
5574
5574
5576
5576
5582
5582
5584
5588
5588
5600
5602
5606
5606
5606
5608
5612
5616
5620
5622
5624
5628
5628
5638
5638
5638
5644
5646
5648
5652
5656
5658
5668
5674
5674
5678
5680
5682
5688
5688
5692
5694
5696
5708
5710
5718
5718
5722
5726
5726
5728
5730
5734
5736
5736
5746
5748
5752
5764
5776
5778
5782
5782
5782
5788
5790
5794
5794
5794
5798
5798
5798
5800
5800
5800
5802
5806
5812
5818
5820
5820
5822
5824
5826
5832
5840
5840
5844
5846
5846
5848
5850
5852
5858
5858
5860
5862
5864
5872
5874
5882
5882
5886
5888
5896
5896
5908
5908
5910
5914
5916
5920
5924
5928
5930
5932
5936
5940
5946
5954
5974
5982
5982
5984
5986
5994
5994
5996
6012
6012
6014
6022
6022
6036
6056
6068
6070
6072
6072
6076
6080
6080
6082
6082
6088
6096
6104
6116
6134
6140
6148
6178
6188
6188
6196
6240
6244
6256
6258
6274
6312
6332
6392
6406
6536
6554
6558
6614
6614
6620
6670
6734
6810
6838
6854
6896
6902
6918
7012
7684
7706
7712
8166
8180
8470
8584
8690
8930
8974
9444
9666
9710
9996
10058
10132
10436
10498
10632
10758
11094
11128
11162
11270
11552
11638
11694
11764
12006
12430
12752
13028
13034
13044
13050
13110
13276
13954
14162
14176
14882
15014
15076
15130
15186
15690
15882
16168
16174
16830
17206
17244
17816
17848
18124
18370
18520
19020
19652
19706
19882
20070
20072
20094
20220
20566
21356
21492
22152
22302
22720
23242
23350
23520
23566
24436
24462
24536
24698
24730
24826
25162
25298
25404
25450
25542
25620
26186
26216
26266
26616
27096
27186
27580
27844
28108
29272
30852
31822
32230
32374
32738
32976
33324
33552
33556
33570
33590
33672
33774
33946
34766
35284
35302
35424
35462
35766
35920
36370
37888
40818
41084
41172
42300
42338
45598
49150
51890
324626
