Latencies
5100
5180
5190
5190
5194
5194
5194
5198
5198
5198
5198
5200
5202
5202
5202
5204
5204
5206
5206
5212
5214
5214
5218
5218
5220
5220
5224
5228
5228
5228
5230
5234
5238
5238
5242
5242
5242
5244
5244
5246
5248
5256
5258
5258
5258
5264
5264
5264
5266
5268
5268
5268
5270
5270
5270
5280
5280
5280
5284
5284
5286
5288
5288
5292
5292
5294
5296
5298
5298
5302
5302
5304
5306
5306
5306
5308
5308
5308
5308
5310
5310
5312
5312
5312
5312
5312
5314
5314
5316
5316
5318
5318
5322
5324
5328
5328
5330
5332
5332
5332
5332
5334
5336
5336
5336
5336
5338
5338
5338
5338
5338
5338
5340
5340
5340
5342
5344
5344
5344
5346
5346
5346
5346
5346
5348
5348
5350
5350
5350
5350
5352
5352
5352
5352
5354
5354
5354
5354
5354
5356
5356
5356
5356
5356
5356
5356
5358
5358
5358
5360
5360
5360
5360
5360
5362
5362
5362
5362
5364
5364
5364
5364
5364
5366
5366
5366
5366
5366
5368
5368
5368
5368
5368
5368
5370
5370
5372
5372
5372
5372
5374
5374
5374
5374
5374
5376
5376
5376
5376
5376
5376
5376
5376
5378
5378
5378
5378
5380
5380
5380
5380
5380
5380
5380
5382
5382
5382
5382
5382
5382
5384
5384
5384
5384
5384
5384
5384
5386
5386
5386
5386
5386
5386
5386
5388
5388
5388
5388
5388
5390
5390
5390
5390
5390
5390
5392
5392
5392
5392
5392
5392
5394
5394
5396
5396
5396
5396
5396
5396
5396
5398
5398
5398
5400
5400
5400
5400
5400
5400
5400
5400
5400
5400
5400
5400
5402
5402
5402
5404
5404
5404
5404
5406
5406
5406
5406
5406
5406
5408
5408
5410
5410
5410
5412
5412
5412
5412
5412
5412
5412
5412
5412
5414
5414
5416
5416
5416
5416
5416
5418
5418
5418
5418
5418
5418
5418
5418
5420
5420
5420
5422
5422
5422
5422
5422
5422
5422
5422
5422
5424
5424
5424
5426
5426
5426
5426
5426
5428
5428
5428
5428
5428
5428
5428
5430
5430
5430
5430
5430
5430
5430
5432
5432
5432
5432
5434
5434
5436
5436
5436
5436
5436
5436
5436
5436
5438
5438
5438
5438
5438
5438
5438
5440
5440
5440
5440
5442
5442
5442
5442
5442
5442
5442
5442
5442
5442
5442
5444
5444
5444
5444
5446
5446
5448
5450
5450
5450
5450
5450
5450
5452
5454
5454
5454
5454
5456
5456
5458
5460
5460
5460
5462
5462
5462
5462
5462
5462
5462
5464
5464
5464
5464
5466
5466
5466
5466
5466
5468
5468
5468
5470
5470
5470
5470
5474
5474
5474
5474
5476
5476
5478
5478
5480
5482
5482
5482
5484
5484
5484
5486
5488
5488
5488
5488
5488
5488
5490
5492
5492
5492
5492
5492
5494
5494
5494
5494
5494
5496
5496
5496
5496
5496
5498
5498
5500
5500
5500
5502
5502
5502
5504
5506
5506
5506
5506
5506
5508
5508
5512
5512
5512
5512
5514
5514
5518
5518
5520
5522
5522
5522
5524
5528
5528
5530
5534
5534
5534
5536
5536
5536
5536
5536
5536
5536
5536
5538
5540
5540
5542
5542
5548
5548
5550
5550
5550
5550
5552
5552
5554
5556
5556
5556
5560
5562
5562
5562
5566
5568
5570
5570
5574
5574
5576
5576
5578
5578
5580
5580
5580
5580
5582
5582
5584
5584
5586
5588
5588
5588
5590
5590
5590
5592
5592
5592
5594
5594
5596
5596
5598
5598
5598
5602
5606
5606
5606
5610
5610
5610
5610
5612
5612
5614
5614
5618
5620
5620
5622
5624
5626
5626
5626
5628
5628
5630
5636
5636
5636
5638
5640
5640
5642
5646
5646
5646
5646
5646
5650
5650
5652
5652
5654
5656
5656
5660
5666
5666
5676
5676
5676
5680
5680
5680
5680
5682
5682
5684
5686
5688
5690
5692
5696
5698
5700
5704
5704
5704
5708
5712
5712
5712
5718
5718
5720
5722
5722
5724
5726
5728
5730
5732
5736
5738
5740
5740
5742
5744
5744
5746
5750
5750
5752
5754
5756
5756
5756
5758
5762
5768
5772
5772
5778
5778
5780
5780
5782
5784
5794
5798
5802
5804
5808
5808
5814
5816
5818
5820
5824
5824
5824
5826
5826
5838
5838
5840
5844
5846
5848
5856
5862
5862
5862
5864
5866
5868
5870
5874
5878
5884
5884
5884
5886
5888
5890
5904
5904
5906
5906
5908
5908
5908
5912
5914
5916
5916
5916
5920
5924
5926
5928
5932
5932
5936
5938
5940
5942
5942
5944
5950
5952
5952
5954
5954
5958
5960
5962
5962
5966
5970
5978
5990
5990
5992
5994
5996
5996
5998
6000
6000
6006
6012
6016
6016
6016
6018
6018
6022
6024
6026
6026
6026
6032
6034
6038
6044
6044
6052
6054
6056
6064
6064
6064
6064
6066
6066
6066
6070
6072
6076
6076
6078
6078
6080
6080
6080
6084
6084
6084
6086
6092
6092
6094
6096
6102
6104
6110
6110
6110
6114
6118
6118
6122
6134
6138
6142
6144
6152
6158
6158
6164
6166
6172
6174
6194
6196
6198
6198
6200
6200
6204
6206
6208
6212
6214
6216
6218
6226
6232
6232
6242
6242
6242
6246
6248
6248
6248
6256
6266
6266
6280
6284
6290
6292
6298
6298
6302
6304
6310
6314
6320
6334
6334
6348
6350
6352
6368
6374
6374
6388
6418
6438
6438
6456
6468
6492
6512
6512
6520
6526
6534
6548
6566
6584
6590
6600
6608
6624
6670
6672
6678
6704
6722
6754
6788
6828
6836
6938
6960
6978
7046
7070
7136
7168
7226
7400
7578
7760
7766
7864
8192
8254
8628
8742
8760
8846
9058
9142
9364
9394
10412
10672
10756
10962
11320
11654
12300
12348
12358
12882
12966
13006
13608
14020
14314
14342
14576
14726
15038
15048
15646
15708
15764
16018
16184
16196
16238
16310
16664
17182
17462
17980
18736
20614
20818
21568
21612
22092
22772
22892
23468
24168
24438
26202
26580
26774
27076
27540
29200
29342
29854
31480
31664
32676
33056
35774
36304
36374
39252
41312
43356
53514
67730
