Latencies
5140
5188
5190
5192
5200
5214
5216
5216
5216
5230
5232
5240
5246
5248
5248
5250
5252
5256
5256
5258
5260
5262
5262
5266
5266
5266
5268
5274
5280
5280
5282
5286
5286
5286
5288
5288
5288
5288
5290
5294
5294
5296
5300
5300
5302
5302
5302
5304
5304
5304
5304
5306
5306
5306
5308
5308
5308
5310
5310
5312
5314
5314
5314
5316
5318
5320
5322
5322
5322
5324
5326
5326
5326
5328
5328
5328
5330
5330
5332
5332
5334
5334
5336
5336
5338
5338
5338
5338
5340
5342
5342
5344
5344
5344
5344
5344
5344
5346
5346
5346
5348
5348
5348
5350
5350
5352
5352
5354
5356
5356
5356
5356
5358
5358
5360
5360
5360
5362
5362
5362
5362
5362
5364
5364
5364
5364
5366
5366
5366
5366
5366
5366
5368
5368
5370
5370
5370
5370
5370
5370
5372
5372
5372
5372
5372
5372
5376
5376
5378
5378
5378
5378
5378
5378
5378
5380
5380
5380
5380
5382
5382
5382
5382
5384
5384
5384
5384
5384
5386
5386
5386
5386
5386
5386
5386
5388
5390
5390
5392
5392
5392
5392
5394
5394
5394
5394
5394
5394
5394
5396
5398
5398
5398
5398
5398
5398
5400
5400
5400
5402
5402
5402
5402
5402
5404
5404
5404
5404
5406
5406
5406
5406
5406
5410
5410
5412
5412
5412
5412
5412
5414
5414
5416
5416
5416
5416
5418
5420
5422
5424
5424
5426
5426
5426
5426
5426
5428
5428
5428
5430
5430
5430
5432
5432
5434
5434
5434
5436
5436
5436
5438
5438
5438
5438
5440
5440
5442
5442
5442
5442
5442
5442
5442
5444
5444
5444
5444
5444
5444
5446
5446
5446
5448
5448
5450
5450
5452
5452
5454
5454
5456
5456
5456
5458
5458
5458
5460
5460
5460
5462
5462
5462
5462
5462
5462
5464
5464
5466
5466
5466
5466
5468
5468
5470
5470
5470
5472
5474
5474
5474
5476
5476
5478
5478
5478
5478
5478
5478
5480
5480
5480
5480
5480
5480
5480
5480
5480
5482
5482
5482
5482
5482
5484
5486
5486
5486
5488
5488
5488
5490
5490
5490
5492
5492
5494
5494
5494
5494
5494
5496
5496
5496
5496
5496
5498
5498
5498
5500
5500
5500
5500
5502
5504
5504
5504
5504
5504
5508
5508
5508
5508
5510
5510
5512
5512
5514
5514
5514
5514
5514
5514
5516
5516
5516
5516
5516
5516
5516
5516
5518
5518
5520
5520
5520
5522
5522
5522
5522
5522
5524
5524
5524
5524
5524
5524
5526
5526
5526
5526
5528
5528
5528
5528
5528
5530
5530
5530
5530
5532
5532
5532
5532
5532
5532
5532
5532
5534
5534
5534
5536
5536
5536
5538
5538
5538
5540
5542
5542
5542
5544
5544
5544
5546
5548
5550
5550
5550
5550
5550
5550
5550
5552
5554
5554
5554
5558
5558
5560
5562
5562
5566
5566
5568
5570
5570
5572
5572
5576
5576
5576
5576
5578
5578
5578
5580
5580
5584
5584
5584
5584
5588
5588
5588
5592
5592
5592
5594
5594
5594
5594
5594
5596
5598
5598
5600
5600
5600
5600
5602
5604
5606
5606
5606
5606
5608
5612
5614
5614
5616
5616
5620
5620
5622
5622
5624
5626
5626
5626
5628
5632
5632
5634
5636
5638
5638
5640
5642
5642
5644
5648
5648
5650
5650
5650
5652
5658
5658
5660
5662
5664
5664
5666
5670
5670
5670
5672
5672
5672
5674
5674
5674
5674
5676
5676
5678
5678
5678
5678
5680
5682
5684
5686
5688
5690
5690
5692
5692
5692
5692
5694
5696
5696
5698
5700
5702
5706
5706
5706
5706
5708
5708
5708
5708
5712
5714
5714
5718
5720
5724
5724
5726
5730
5730
5730
5730
5730
5734
5734
5740
5740
5740
5742
5742
5744
5746
5750
5754
5754
5756
5758
5760
5760
5762
5762
5762
5762
5764
5766
5766
5770
5772
5772
5774
5776
5782
5782
5784
5784
5784
5786
5786
5786
5788
5790
5792
5792
5794
5796
5796
5796
5798
5800
5800
5802
5802
5802
5806
5808
5810
5810
5812
5812
5814
5816
5822
5822
5822
5824
5824
5828
5828
5828
5828
5830
5830
5834
5834
5836
5840
5844
5848
5848
5850
5850
5854
5856
5858
5862
5862
5864
5864
5864
5866
5866
5868
5870
5872
5874
5874
5874
5878
5880
5884
5884
5886
5888
5894
5894
5894
5898
5900
5902
5902
5904
5906
5910
5910
5914
5918
5920
5922
5922
5922
5924
5924
5924
5926
5928
5930
5942
5946
5948
5952
5952
5954
5954
5958
5958
5960
5962
5962
5970
5972
5972
5974
5978
5982
5982
5982
5984
5992
5998
6006
6008
6012
6014
6024
6026
6026
6028
6032
6032
6040
6044
6056
6058
6058
6060
6062
6062
6066
6068
6076
6076
6078
6080
6082
6082
6086
6086
6092
6092
6094
6096
6098
6100
6104
6108
6110
6114
6116
6118
6120
6120
6122
6124
6130
6132
6132
6132
6140
6142
6146
6148
6148
6148
6148
6152
6152
6162
6164
6166
6166
6168
6170
6174
6174
6174
6176
6180
6180
6186
6188
6190
6192
6192
6202
6204
6206
6210
6212
6214
6216
6218
6222
6222
6222
6224
6224
6224
6232
6236
6236
6242
6246
6250
6258
6258
6262
6264
6268
6288
6294
6298
6302
6308
6312
6314
6316
6320
6332
6334
6352
6366
6370
6384
6388
6400
6418
6426
6430
6434
6460
6480
6516
6524
6530
6534
6546
6558
6584
6590
6610
6642
6648
6660
6702
6726
6732
6772
6776
6782
6868
6874
6880
6892
6942
6974
7030
7064
7090
7134
7228
7242
7286
7344
7354
7522
7620
7822
7924
7952
8682
9518
9828
9838
10910
11084
11318
11556
11818
12240
12356
12356
12910
13334
13390
13430
13766
14568
14656
14826
16124
16180
16386
17216
17528
17690
18276
18648
18808
18972
19030
20368
21224
22618
23722
23830
24398
25496
26856
26884
26920
27566
28872
29344
31818
33322
33406
34512
35838
36616
38834
40204
40510
40886
44946
303992
