Latencies
5282
5302
5320
5324
5338
5344
5372
5382
5392
5392
5396
5412
5416
5416
5418
5446
5456
5466
5478
5526
5534
5542
5568
5606
5608
5624
5658
5658
5666
5716
5718
5724
5724
5752
5798
5804
5814
5818
5856
5856
5868
5880
5880
5882
5902
5916
5922
5984
5984
5998
6018
6034
6088
6092
6112
6138
6144
6152
6226
6248
6282
6334
6358
6360
6362
6366
6384
6458
6530
6576
6612
6626
6634
6652
6800
6886
6890
6916
6956
7044
7096
7112
7126
7252
7276
7364
7410
7514
7570
7578
7620
7624
7646
7672
7692
7764
7896
7918
7938
7946
8042
8084
8138
8186
8244
8434
8442
8444
8474
8554
8560
8564
8568
8578
8618
8620
8624
8688
8704
8718
8726
8744
8788
8862
8952
9104
9168
9184
9192
9312
9314
9332
9354
9368
9420
9426
9476
9564
9654
9696
9766
9772
9838
9958
10110
10142
10172
10214
10236
10272
10304
10400
10412
10416
10514
10532
10630
10662
10702
10710
10746
10816
10826
10866
10880
10908
10928
10954
10968
10982
11022
11030
11180
11204
11210
11234
11258
11284
11286
11306
11306
11342
11390
11404
11406
11512
11582
11628
11654
11682
11706
11734
11770
11898
11916
11984
12028
12074
12126
12226
12248
12276
12276
12426
12444
12444
12524
12534
12586
12724
12740
12768
12792
12862
12904
12924
12930
12942
12966
12966
13032
13042
13046
13088
13094
13110
13134
13226
13238
13240
13270
13294
13324
13416
13450
13466
13482
13514
13524
13538
13548
13552
13566
13568
13610
13696
13702
13706
13802
13818
13820
13836
13838
13920
13922
13924
13958
14036
14074
14126
14138
14148
14150
14166
14168
14238
14240
14242
14264
14340
14342
14342
14348
14360
14376
14380
14420
14444
14456
14460
14466
14508
14540
14548
14574
14582
14584
14612
14622
14636
14646
14648
14650
14654
14658
14674
14688
14696
14698
14702
14714
14718
14728
14736
14746
14748
14752
14754
14760
14762
14764
14774
14776
14780
14786
14786
14788
14792
14794
14814
14816
14826
14830
14832
14844
14846
14852
14858
14860
14872
14872
14878
14880
14882
14882
14886
14894
14894
14906
14906
14906
14908
14912
14922
14926
14926
14926
14930
14946
14948
14958
14960
14962
14962
14970
14970
14982
14992
14992
14996
15004
15004
15008
15010
15016
15018
15018
15022
15028
15034
15034
15036
15040
15058
15062
15064
15066
15068
15080
15080
15082
15086
15092
15096
15104
15104
15104
15108
15108
15110
15110
15118
15120
15122
15136
15140
15144
15146
15146
15150
15152
15158
15158
15180
15184
15192
15198
15202
15204
15206
15214
15220
15220
15222
15224
15224
15226
15238
15268
15272
15274
15280
15280
15280
15286
15290
15298
15300
15300
15310
15316
15320
15328
15352
15354
15358
15368
15368
15386
15390
15394
15404
15408
15424
15438
15442
15450
15468
15480
15484
15486
15490
15492
15498
15502
15502
15512
15512
15516
15520
15530
15546
15548
15548
15548
15552
15556
15556
15562
15580
15596
15610
15612
15612
15620
15624
15630
15674
15674
15726
15730
15736
15742
15746
15770
15770
15772
15774
15776
15812
15824
15852
15874
15894
15898
15928
15932
16000
16006
16022
16024
16090
16124
16128
16154
16156
16186
16194
16256
16274
16284
16286
16292
16294
16398
16402
16404
16448
16472
16484
16488
16514
16646
16670
16762
16836
16878
16956
16980
17040
17072
17082
17110
17132
17150
17154
17164
17248
17264
17268
17272
17432
17500
17596
17634
17662
17684
17740
17752
17760
17950
17998
18022
18040
18042
18110
18176
18338
18372
18440
18462
18484
18652
18756
18774
18856
19074
19090
19170
19206
19382
19390
19398
19408
19412
19420
19442
19722
19754
20028
20126
20154
20220
20276
20366
20420
20476
20534
20544
20664
20734
20756
20798
20882
20922
21026
21122
21160
21260
21278
21300
21314
21360
21374
21420
21456
21572
21600
21780
21808
21894
21902
22172
22292
22498
22510
22570
22584
22852
22912
22990
23036
23036
23184
23224
23302
23418
23486
23566
23664
23694
23762
23820
23832
23842
23890
23914
23930
23944
23952
24030
24054
24164
24166
24256
24266
24268
24310
24340
24350
24370
24412
24440
24446
24472
24514
24518
24552
24610
24634
24646
24712
24726
24740
24752
24754
24826
24848
24848
24894
24894
24930
24950
24980
25014
25036
25078
25108
25130
25134
25152
25176
25192
25262
25282
25286
25296
25300
25400
25472
25492
25606
25768
25778
25796
25798
25922
25946
25972
25982
25984
26042
26224
26280
26354
26362
26376
26454
26502
26504
26540
26620
26622
26636
26686
26746
26766
26784
26874
26968
26980
27174
27238
27278
27282
27324
27342
27416
27474
27494
27508
27512
27672
27792
27796
27878
27926
28088
28132
28214
28240
28254
28334
28400
28456
28546
28672
28850
28866
28874
28952
29044
29066
29086
29118
29132
29152
29218
29236
29266
29352
29384
29638
29812
29818
29896
29958
30090
30316
30486
30514
30538
30572
30646
30674
30746
30756
30922
30922
31124
31156
31196
31244
31376
31384
31422
31428
31482
31504
31512
31708
31928
31990
32048
32096
32110
32126
32180
32270
32358
32452
32490
32492
32500
32566
32574
32616
32630
32664
32786
32806
32866
32900
32952
33222
33256
33338
33346
33456
33514
33542
33556
33572
33630
33632
33670
33704
33728
33776
33810
33830
33856
33884
33950
33952
34008
34018
34022
34028
34034
34068
34068
34082
34108
34114
34128
34140
34144
34148
34168
34186
34224
34236
34242
34248
34262
34276
34282
34286
34288
34294
34300
34310
34310
34322
34324
34330
34342
34358
34374
34384
34396
34418
34446
34460
34460
34472
34472
34482
34494
34494
34506
34518
34520
34522
34524
34534
34590
34592
34592
34600
34608
34622
34622
34626
34630
34644
34652
34666
34680
34688
34702
34716
34736
34738
34752
34762
34770
34780
34828
34830
34832
34852
34856
34876
34892
34896
34916
34936
34952
34958
34968
34970
34976
34980
35014
35044
35050
35066
35066
35066
35092
35132
35158
35182
35186
35236
35242
35256
35256
35258
35330
35334
35368
35376
35386
35410
35424
35446
35522
35546
35548
35582
35674
35726
35736
35744
35748
35846
35904
36168
36220
36264
38604
39444
40298
41278
41996
42852
42896
42974
43870
43914
43940
49770
52872
60666
63438
67294
76160
83708
88196
88328
95450
106252
106642
112982
115950
119078
227784
415368
415942
610132
634218
794724
2139876
16275736
