Latencies
5204
5218
5224
5232
5236
5242
5264
5268
5274
5276
5280
5286
5300
5312
5324
5328
5330
5342
5352
5352
5360
5364
5366
5368
5372
5376
5376
5376
5378
5384
5384
5384
5386
5396
5396
5400
5400
5408
5412
5448
5458
5466
5466
5480
5492
5496
5496
5506
5506
5510
5512
5518
5528
5530
5536
5542
5542
5550
5550
5550
5558
5558
5570
5574
5574
5580
5584
5586
5598
5600
5604
5608
5610
5616
5618
5628
5634
5634
5638
5644
5646
5654
5654
5660
5662
5664
5684
5688
5692
5698
5704
5708
5710
5710
5720
5726
5726
5730
5740
5752
5758
5764
5774
5776
5782
5784
5786
5798
5800
5802
5806
5810
5810
5812
5822
5822
5826
5842
5860
5864
5868
5882
5890
5910
5914
5918
5932
5936
5942
5950
5950
5958
5970
5992
6024
6028
6038
6042
6050
6064
6066
6074
6076
6086
6086
6086
6088
6094
6108
6114
6126
6128
6134
6152
6154
6160
6164
6164
6168
6168
6176
6194
6208
6210
6230
6244
6268
6272
6276
6290
6298
6302
6310
6316
6320
6324
6326
6362
6362
6380
6382
6416
6432
6450
6454
6474
6498
6502
6508
6510
6514
6526
6552
6564
6576
6582
6596
6598
6606
6626
6632
6636
6644
6646
6648
6666
6680
6692
6694
6698
6714
6728
6738
6744
6750
6764
6776
6784
6822
6824
6826
6832
6834
6844
6848
6916
6922
6926
6926
6934
6936
7000
7044
7070
7072
7076
7100
7100
7114
7116
7118
7128
7200
7202
7214
7232
7236
7272
7274
7288
7296
7300
7306
7364
7378
7378
7392
7402
7428
7444
7448
7448
7454
7462
7516
7520
7532
7540
7540
7548
7550
7556
7556
7566
7574
7586
7608
7632
7654
7666
7700
7712
7730
7758
7760
7810
7818
7820
7834
7838
7840
7874
7900
7912
7938
7944
7952
7992
8048
8048
8076
8106
8156
8174
8186
8196
8200
8216
8252
8262
8388
8390
8400
8402
8418
8430
8448
8470
8484
8492
8498
8510
8522
8566
8590
8592
8634
8636
8642
8650
8652
8664
8676
8692
8692
8694
8694
8706
8726
8758
8770
8798
8800
8854
8860
8872
8878
8894
8952
8952
8980
8998
9002
9054
9096
9138
9138
9146
9168
9170
9188
9212
9216
9220
9268
9328
9350
9350
9370
9374
9398
9402
9440
9444
9454
9456
9462
9478
9504
9520
9526
9540
9542
9614
9620
9626
9636
9656
9666
9668
9676
9690
9706
9738
9738
9758
9778
9782
9796
9796
9802
9816
9822
9824
9870
9894
9912
9928
9936
9936
9948
9956
9964
10044
10056
10072
10098
10102
10110
10114
10242
10252
10256
10262
10266
10268
10288
10320
10330
10352
10396
10398
10398
10418
10428
10438
10452
10454
10482
10498
10500
10506
10544
10552
10592
10612
10626
10654
10656
10678
10712
10714
10714
10718
10776
10844
10876
10886
10886
10890
10906
10948
10972
10974
10998
11000
11012
11026
11052
11056
11078
11120
11146
11146
11162
11168
11172
11182
11206
11266
11280
11348
11348
11390
11398
11406
11410
11434
11448
11454
11456
11486
11488
11502
11510
11524
11604
11622
11646
11732
11742
11750
11750
11794
11802
11810
11826
11830
11856
11856
11882
11892
11922
11930
11938
11942
11946
11950
11952
11954
11962
11974
11978
11980
11988
11992
11996
12014
12018
12030
12072
12082
12106
12118
12120
12124
12134
12138
12162
12162
12176
12180
12184
12188
12230
12234
12238
12246
12278
12294
12304
12310
12358
12380
12382
12384
12386
12400
12400
12400
12454
12466
12466
12476
12492
12498
12500
12508
12514
12530
12542
12544
12564
12572
12602
12612
12646
12678
12694
12696
12706
12710
12724
12732
12738
12760
12778
12790
12836
12844
12850
12880
12892
12898
12904
12924
12956
12962
12974
12980
13006
13026
13080
13080
13094
13098
13098
13124
13128
13134
13140
13148
13152
13164
13254
13276
13300
13314
13334
13342
13344
13384
13388
13390
13418
13494
13510
13526
13552
13560
13564
13576
13586
13592
13620
13624
13628
13638
13640
13684
13694
13708
13732
13734
13736
13744
13752
13786
13796
13814
13818
13818
13824
13830
13832
13834
13836
13836
13836
13840
13854
13858
13860
13860
13862
13872
13874
13892
14006
14006
14038
14040
14068
14074
14090
14102
14112
14128
14132
14132
14162
14164
14170
14190
14192
14194
14210
14220
14224
14228
14244
14280
14290
14316
14322
14374
14380
14400
14404
14418
14426
14428
14446
14456
14458
14458
14468
14472
14478
14482
14498
14498
14502
14506
14510
14510
14512
14516
14524
14530
14540
14550
14554
14558
14568
14574
14578
14582
14584
14588
14588
14590
14600
14602
14616
14620
14620
14620
14626
14650
14652
14654
14656
14658
14670
14676
14676
14680
14682
14682
14694
14696
14702
14710
14710
14712
14712
14718
14724
14728
14734
14746
14746
14748
14752
14754
14754
14764
14772
14774
14780
14788
14788
14790
14804
14808
14816
14818
14818
14824
14824
14826
14838
14838
14844
14852
14854
14860
14862
14864
14864
14878
14882
14898
14900
14900
14900
14902
14902
14904
14906
14920
14926
14926
14930
14934
14936
14944
14946
14946
14954
14958
14964
14964
14970
14974
14974
14974
14976
14976
14980
14984
14986
15000
15006
15008
15014
15014
15020
15020
15022
15028
15040
15042
15042
15042
15046
15048
15062
15066
15076
15084
15094
15098
15100
15106
15116
15118
15126
15144
15148
15164
15168
15170
15172
15192
15200
15200
15210
15234
15242
15250
15260
15260
15262
15274
15282
15284
15294
15298
15320
15330
15344
15346
15346
15348
15396
15400
15404
15438
15450
15466
15472
15480
15482
15498
15504
15506
15528
15532
15544
15544
15554
15558
15566
15566
15572
15584
15596
15598
15606
15610
15634
15658
15674
15734
15752
15778
15784
15794
15800
15872
15908
16024
16298
16338
16442
16508
16676
16928
16950
17378
17466
17870
18314
18532
18828
19626
19630
20278
20360
20488
20740
21296
21396
23224
23952
23990
24196
24232
24294
24460
24712
24800
25312
25380
25824
26208
26966
29144
32466
32724
33064
33824
33828
33842
34180
34414
35028
36320
36634
36952
39030
40794
42916
44828
45124
48546
50908
76594
94942
96376
100622
114606
127268
135296
153650
154344
583316
2321026
2368756
