Latencies
5156
5170
5170
5180
5194
5206
5220
5224
5226
5272
5276
5286
5300
5302
5304
5306
5312
5324
5344
5348
5350
5360
5366
5372
5386
5388
5390
5392
5392
5394
5398
5404
5408
5416
5432
5434
5434
5438
5440
5440
5462
5466
5472
5474
5478
5484
5486
5494
5498
5500
5508
5510
5510
5512
5526
5526
5526
5534
5536
5538
5538
5546
5548
5552
5556
5558
5558
5562
5562
5566
5574
5576
5590
5600
5604
5606
5610
5610
5628
5636
5642
5646
5648
5652
5656
5678
5680
5684
5688
5690
5694
5698
5704
5712
5732
5746
5746
5746
5748
5750
5762
5770
5776
5784
5788
5792
5812
5826
5834
5844
5844
5850
5850
5868
5882
5886
5902
5912
5930
5974
5978
5984
5988
5992
6012
6058
6066
6066
6074
6086
6090
6100
6102
6106
6136
6156
6172
6204
6216
6216
6222
6226
6238
6254
6256
6278
6280
6302
6304
6320
6324
6336
6340
6346
6366
6366
6374
6378
6390
6398
6400
6408
6438
6456
6504
6550
6554
6560
6562
6574
6590
6596
6606
6608
6612
6624
6632
6664
6674
6674
6684
6688
6698
6708
6730
6766
6790
6800
6804
6804
6822
6826
6872
6878
6894
6896
6900
6902
6920
6920
6922
6928
6928
6930
6960
6966
6986
7002
7016
7016
7040
7044
7050
7156
7166
7170
7176
7190
7196
7216
7218
7236
7244
7244
7260
7288
7290
7316
7336
7358
7358
7372
7424
7468
7474
7480
7528
7528
7538
7568
7592
7604
7610
7612
7624
7654
7706
7740
7752
7758
7764
7784
7814
7828
7880
7888
7900
7916
7926
7944
7962
7976
7976
8020
8030
8030
8036
8058
8094
8094
8096
8102
8106
8110
8126
8204
8216
8236
8248
8250
8282
8298
8326
8334
8350
8372
8372
8380
8392
8402
8448
8462
8470
8492
8536
8614
8634
8640
8650
8706
8720
8756
8770
8778
8790
8812
8864
8888
8918
8954
9012
9024
9066
9084
9090
9104
9150
9170
9194
9208
9236
9276
9300
9310
9312
9334
9334
9336
9338
9376
9396
9412
9434
9446
9446
9450
9450
9472
9472
9478
9500
9524
9536
9552
9566
9600
9636
9648
9680
9700
9710
9710
9732
9742
9746
9758
9766
9768
9784
9804
9816
9824
9836
9854
9866
9892
9920
9920
9972
10008
10012
10050
10082
10084
10092
10096
10128
10132
10166
10174
10186
10248
10250
10264
10310
10330
10330
10362
10374
10378
10406
10434
10474
10478
10490
10494
10512
10528
10536
10564
10584
10600
10604
10634
10650
10662
10670
10678
10684
10710
10714
10718
10722
10734
10764
10776
10776
10810
10836
10842
10842
10872
10874
10888
10892
10896
10920
10946
10966
10968
10976
10986
10988
11042
11052
11064
11116
11118
11120
11138
11144
11154
11176
11176
11184
11224
11236
11238
11240
11256
11256
11256
11282
11316
11334
11352
11352
11356
11362
11368
11384
11398
11400
11402
11422
11442
11498
11524
11554
11572
11610
11638
11650
11650
11678
11698
11714
11728
11732
11738
11768
11768
11790
11796
11872
11898
11926
11942
11990
12002
12006
12018
12044
12068
12068
12070
12074
12074
12096
12098
12106
12108
12114
12132
12140
12156
12180
12192
12250
12296
12332
12342
12386
12450
12510
12530
12544
12562
12564
12590
12592
12596
12604
12626
12648
12696
12698
12728
12734
12744
12766
12796
12796
12798
12806
12816
12822
12850
12876
12894
12924
12924
12934
12982
13008
13016
13016
13070
13074
13076
13086
13088
13100
13126
13158
13174
13202
13204
13212
13226
13230
13246
13282
13314
13328
13330
13346
13370
13392
13424
13426
13426
13428
13442
13484
13488
13494
13502
13504
13554
13554
13586
13610
13614
13620
13620
13630
13646
13650
13658
13666
13688
13714
13720
13724
13770
13782
13806
13812
13818
13824
13836
13846
13882
13884
13968
13984
13986
13992
14012
14028
14052
14064
14064
14094
14106
14114
14148
14162
14172
14176
14180
14182
14196
14218
14220
14222
14224
14234
14260
14260
14262
14262
14264
14284
14286
14286
14306
14320
14338
14346
14350
14352
14354
14364
14374
14384
14400
14406
14408
14432
14436
14448
14462
14464
14468
14470
14472
14478
14480
14488
14488
14504
14520
14526
14536
14544
14556
14562
14574
14580
14592
14596
14598
14624
14624
14636
14642
14650
14654
14666
14674
14674
14682
14690
14704
14704
14716
14734
14736
14748
14752
14762
14766
14780
14812
14830
14838
14842
14846
14850
14858
14860
14860
14862
14872
14874
14880
14880
14886
14892
14894
14894
14898
14900
14924
14932
14938
14942
14942
14948
14952
14956
14958
14962
14974
14976
14976
14980
14980
14990
15000
15002
15004
15004
15012
15020
15022
15024
15026
15034
15036
15036
15046
15054
15060
15060
15062
15070
15072
15084
15084
15090
15090
15092
15100
15100
15104
15106
15116
15118
15132
15134
15144
15150
15156
15156
15164
15166
15170
15172
15172
15190
15192
15200
15200
15200
15208
15208
15218
15242
15242
15244
15252
15254
15256
15258
15266
15270
15272
15276
15278
15284
15290
15290
15294
15298
15300
15316
15330
15350
15352
15356
15364
15378
15382
15384
15394
15400
15404
15424
15424
15426
15434
15442
15448
15450
15464
15468
15478
15478
15482
15484
15488
15492
15504
15516
15518
15518
15536
15558
15560
15568
15578
15580
15584
15594
15596
15610
15644
15672
15674
15688
15696
15712
15724
15730
15770
15788
15836
15852
15878
15960
16046
16066
16102
16240
16432
16472
16780
16826
17168
17254
17384
17458
17486
17656
18772
19194
19300
19424
19586
19646
19806
19840
20082
20382
21046
21082
21134
21292
21636
21642
21696
21718
21722
21736
21978
22022
22150
22254
22284
22306
22538
22644
22922
23228
23332
23362
23430
23736
23774
24038
24132
24154
24334
24386
24396
24472
24504
24550
24610
24616
24640
24648
24742
24756
24796
24812
24866
24898
24950
25306
25322
25470
25510
25616
25698
25726
25812
25846
25896
25942
26386
26572
27220
27964
28286
29684
29954
30318
30892
32276
33676
33992
34064
34664
34676
35128
38398
40068
40274
40544
44036
45420
45522
45790
48130
48242
52892
53470
77252
106458
173262
243568
886150
2165068
