Latencies
5076
5134
5146
5146
5152
5156
5158
5162
5162
5164
5164
5166
5168
5168
5172
5174
5176
5182
5182
5184
5188
5188
5194
5200
5200
5200
5202
5202
5204
5206
5206
5210
5212
5212
5214
5214
5218
5218
5218
5218
5220
5220
5220
5224
5228
5228
5228
5230
5232
5232
5234
5234
5236
5236
5238
5238
5238
5240
5240
5242
5242
5244
5244
5244
5244
5246
5248
5248
5252
5252
5254
5254
5254
5256
5258
5262
5262
5264
5264
5264
5266
5266
5266
5266
5266
5268
5268
5268
5268
5270
5270
5270
5274
5274
5276
5278
5280
5284
5284
5286
5286
5286
5288
5288
5290
5290
5290
5292
5294
5294
5296
5296
5298
5298
5300
5300
5300
5300
5300
5302
5302
5306
5306
5308
5308
5308
5312
5314
5314
5314
5314
5314
5314
5316
5316
5316
5316
5318
5320
5320
5322
5322
5322
5322
5322
5322
5322
5326
5326
5326
5326
5328
5328
5328
5328
5330
5330
5330
5330
5330
5332
5334
5334
5336
5336
5340
5340
5340
5342
5342
5342
5342
5342
5342
5342
5342
5344
5344
5344
5344
5346
5348
5348
5348
5350
5350
5352
5352
5352
5354
5354
5354
5356
5356
5356
5356
5356
5356
5358
5358
5358
5358
5360
5360
5362
5362
5362
5362
5362
5364
5364
5364
5364
5366
5366
5368
5368
5368
5368
5368
5368
5370
5370
5372
5372
5374
5374
5374
5374
5374
5374
5374
5376
5376
5376
5376
5376
5376
5378
5378
5378
5378
5378
5378
5380
5380
5380
5380
5382
5382
5382
5382
5382
5382
5382
5382
5382
5384
5384
5386
5386
5386
5386
5386
5386
5386
5386
5386
5388
5388
5388
5388
5390
5390
5390
5390
5390
5390
5390
5390
5390
5390
5392
5392
5394
5394
5394
5394
5394
5396
5396
5396
5396
5396
5398
5398
5398
5400
5400
5400
5400
5402
5402
5402
5402
5404
5404
5404
5406
5406
5406
5406
5406
5406
5406
5408
5408
5408
5408
5410
5410
5410
5410
5410
5410
5410
5410
5410
5412
5414
5414
5414
5414
5414
5416
5416
5416
5418
5418
5418
5418
5420
5424
5424
5424
5424
5426
5426
5428
5428
5428
5430
5430
5430
5432
5432
5432
5432
5432
5432
5432
5434
5434
5434
5436
5436
5436
5436
5436
5438
5438
5438
5438
5440
5440
5440
5440
5440
5442
5442
5442
5444
5444
5444
5444
5444
5446
5446
5446
5446
5446
5448
5448
5450
5450
5450
5450
5452
5452
5454
5454
5456
5456
5456
5458
5458
5458
5458
5458
5460
5460
5460
5462
5464
5466
5468
5468
5468
5468
5470
5470
5472
5472
5472
5472
5472
5472
5472
5474
5476
5476
5476
5476
5478
5478
5478
5478
5478
5478
5478
5480
5480
5480
5480
5482
5482
5484
5484
5484
5486
5488
5488
5488
5488
5490
5492
5494
5494
5494
5494
5496
5496
5498
5498
5498
5498
5500
5500
5502
5504
5504
5506
5510
5516
5516
5518
5518
5518
5520
5520
5522
5524
5524
5524
5526
5526
5528
5530
5530
5532
5532
5532
5532
5536
5536
5540
5542
5542
5542
5542
5548
5550
5550
5552
5552
5554
5556
5558
5560
5560
5560
5560
5562
5564
5564
5566
5566
5566
5566
5566
5568
5568
5568
5570
5572
5574
5576
5578
5580
5580
5584
5584
5586
5586
5588
5588
5590
5592
5592
5596
5600
5600
5602
5602
5602
5604
5604
5604
5604
5606
5608
5608
5616
5618
5622
5630
5634
5636
5636
5636
5636
5638
5644
5646
5646
5648
5648
5650
5650
5652
5652
5654
5656
5656
5662
5664
5664
5664
5664
5664
5666
5668
5670
5670
5676
5676
5676
5678
5678
5680
5682
5684
5686
5686
5686
5688
5690
5692
5694
5698
5700
5702
5702
5708
5710
5712
5712
5712
5714
5714
5716
5718
5718
5720
5720
5724
5724
5726
5730
5732
5732
5732
5734
5736
5738
5740
5740
5744
5746
5746
5748
5748
5750
5756
5756
5762
5764
5764
5766
5766
5768
5770
5770
5772
5774
5776
5778
5782
5794
5794
5796
5798
5798
5798
5800
5800
5802
5802
5806
5808
5810
5814
5814
5816
5820
5820
5826
5826
5828
5828
5832
5834
5838
5838
5840
5844
5844
5844
5844
5848
5848
5850
5850
5850
5850
5852
5856
5858
5858
5860
5862
5868
5870
5874
5878
5878
5880
5880
5886
5886
5886
5890
5892
5894
5894
5894
5898
5900
5900
5902
5904
5908
5910
5918
5922
5924
5924
5924
5928
5932
5934
5936
5938
5940
5940
5940
5944
5944
5944
5948
5950
5954
5958
5958
5964
5966
5966
5966
5970
5972
5978
5982
5986
5988
5990
5992
5994
6004
6004
6006
6006
6006
6012
6012
6014
6016
6016
6016
6020
6022
6028
6032
6034
6050
6050
6056
6056
6058
6058
6064
6066
6068
6070
6076
6080
6082
6088
6090
6092
6092
6094
6096
6100
6102
6102
6102
6104
6104
6110
6110
6118
6118
6120
6120
6122
6122
6124
6124
6126
6132
6134
6134
6140
6142
6144
6148
6156
6160
6178
6178
6186
6190
6192
6194
6198
6200
6202
6204
6232
6238
6238
6242
6254
6260
6266
6274
6278
6286
6290
6302
6302
6312
6314
6336
6342
6364
6370
6382
6390
6408
6410
6450
6456
6470
6472
6478
6484
6484
6496
6518
6528
6536
6552
6566
6580
6580
6584
6594
6650
6660
6720
6786
6830
6834
6838
6990
7090
7156
7190
7196
7270
7358
7390
7400
7508
7548
7550
7610
7616
7806
7812
7902
8094
8180
8298
8642
8726
8900
8944
8956
9018
9030
9070
9132
9166
9270
9474
9648
9952
10410
10708
11036
11196
11772
12350
12482
12822
13676
14058
15066
15490
15508
15636
16070
16172
17110
17416
17578
18002
18182
18244
18668
19584
19598
19644
19666
19678
19836
19862
20132
20328
20702
21052
21446
21806
22668
22718
22948
23288
23330
23524
23534
23632
23686
23812
24632
24814
25174
25730
26138
26214
26354
26412
26600
26762
27272
27364
27418
27724
27960
28094
28272
28564
28836
29228
29838
30340
32136
32974
33050
33718
33998
34680
35336
35534
35684
35862
36210
36352
36678
41112
45486
80772
