Latencies
4982
4988
4992
4994
5004
5006
5016
5022
5022
5026
5030
5036
5036
5042
5042
5044
5046
5046
5048
5050
5058
5060
5064
5064
5070
5074
5074
5076
5076
5078
5080
5082
5086
5086
5088
5092
5094
5094
5094
5096
5096
5098
5100
5104
5104
5104
5104
5106
5108
5110
5110
5112
5112
5112
5112
5112
5114
5116
5116
5118
5120
5122
5124
5126
5126
5126
5130
5130
5130
5132
5132
5132
5134
5134
5136
5138
5140
5140
5140
5142
5142
5148
5148
5148
5148
5150
5150
5150
5152
5158
5160
5160
5160
5164
5164
5166
5166
5170
5170
5172
5174
5176
5176
5176
5178
5178
5178
5184
5184
5184
5184
5184
5186
5186
5186
5186
5186
5188
5188
5188
5190
5190
5190
5192
5192
5192
5194
5196
5196
5198
5198
5198
5198
5198
5200
5200
5200
5200
5202
5202
5202
5202
5202
5206
5208
5208
5212
5212
5212
5212
5212
5212
5214
5214
5214
5216
5216
5216
5216
5216
5218
5218
5218
5218
5218
5218
5220
5220
5220
5222
5222
5222
5222
5222
5222
5222
5224
5224
5224
5224
5224
5226
5226
5226
5226
5228
5228
5228
5228
5228
5228
5230
5230
5230
5230
5230
5232
5232
5232
5234
5234
5234
5234
5234
5236
5236
5236
5236
5236
5236
5238
5238
5238
5240
5240
5240
5240
5240
5242
5242
5242
5242
5242
5244
5244
5246
5246
5246
5246
5246
5248
5248
5248
5248
5248
5250
5250
5250
5250
5250
5252
5252
5252
5252
5252
5252
5254
5254
5254
5256
5256
5256
5256
5256
5258
5258
5258
5258
5258
5260
5260
5260
5260
5262
5262
5262
5262
5264
5264
5264
5266
5266
5266
5266
5268
5268
5270
5270
5270
5270
5270
5270
5272
5272
5272
5272
5274
5274
5274
5274
5274
5276
5276
5276
5276
5276
5278
5278
5278
5280
5280
5280
5282
5284
5284
5286
5286
5286
5286
5288
5288
5288
5288
5290
5290
5290
5290
5290
5290
5292
5292
5292
5292
5292
5294
5294
5294
5294
5294
5296
5296
5298
5300
5300
5302
5302
5304
5304
5306
5306
5308
5308
5310
5310
5310
5312
5312
5312
5312
5312
5314
5314
5314
5316
5316
5316
5318
5318
5318
5318
5320
5320
5320
5320
5320
5322
5322
5322
5324
5326
5326
5326
5328
5328
5328
5328
5330
5332
5332
5332
5334
5334
5334
5334
5334
5336
5336
5336
5338
5338
5338
5338
5338
5338
5338
5338
5340
5340
5340
5340
5340
5340
5342
5342
5342
5342
5342
5342
5342
5348
5348
5348
5348
5350
5350
5350
5350
5352
5352
5352
5354
5354
5354
5354
5356
5356
5358
5358
5358
5358
5360
5360
5360
5360
5360
5362
5364
5364
5364
5364
5364
5364
5364
5368
5368
5370
5370
5370
5370
5370
5370
5370
5370
5372
5374
5376
5376
5376
5376
5376
5378
5378
5382
5382
5382
5382
5382
5382
5384
5384
5386
5386
5390
5390
5390
5390
5390
5392
5394
5394
5394
5396
5396
5398
5398
5400
5400
5402
5402
5402
5402
5402
5404
5404
5404
5404
5404
5406
5406
5406
5408
5408
5410
5410
5410
5410
5410
5412
5412
5416
5416
5416
5418
5418
5418
5418
5418
5418
5418
5420
5420
5422
5422
5424
5424
5426
5426
5428
5430
5430
5432
5434
5436
5436
5436
5436
5436
5436
5440
5440
5440
5440
5440
5442
5444
5444
5444
5450
5450
5450
5452
5452
5454
5454
5456
5458
5458
5460
5462
5466
5466
5468
5472
5472
5474
5476
5478
5478
5478
5480
5482
5482
5484
5484
5484
5484
5484
5486
5486
5488
5488
5488
5488
5488
5488
5490
5492
5502
5502
5510
5510
5510
5510
5516
5516
5516
5516
5520
5522
5522
5524
5526
5526
5526
5530
5530
5534
5534
5536
5538
5542
5544
5546
5546
5546
5548
5548
5548
5556
5562
5564
5564
5566
5568
5572
5572
5574
5576
5576
5578
5578
5588
5590
5592
5594
5598
5600
5602
5604
5608
5608
5610
5610
5612
5612
5612
5614
5618
5622
5624
5626
5628
5634
5634
5634
5636
5638
5638
5640
5642
5642
5644
5646
5648
5652
5652
5654
5656
5660
5664
5666
5666
5670
5676
5680
5684
5692
5692
5702
5704
5706
5710
5710
5712
5720
5720
5728
5730
5732
5734
5736
5736
5738
5738
5750
5750
5752
5754
5758
5760
5776
5776
5778
5782
5784
5784
5784
5786
5790
5800
5804
5806
5812
5820
5828
5828
5830
5834
5836
5838
5840
5842
5846
5850
5856
5856
5858
5860
5864
5880
5882
5882
5884
5888
5892
5894
5900
5900
5902
5908
5908
5912
5914
5924
5932
5940
5942
5944
5952
5952
5964
5966
5970
5972
5972
5974
5976
5976
5978
5982
5982
5984
5984
5998
5998
6004
6006
6008
6010
6020
6022
6022
6032
6032
6032
6038
6044
6044
6050
6056
6056
6056
6058
6060
6060
6060
6062
6062
6062
6064
6064
6066
6074
6074
6076
6088
6090
6100
6102
6110
6110
6114
6130
6134
6134
6134
6136
6146
6148
6152
6152
6158
6162
6184
6202
6212
6214
6222
6230
6232
6240
6244
6260
6268
6306
6334
6334
6336
6336
6346
6348
6354
6360
6424
6450
6454
6482
6484
6492
6494
6502
6516
6518
6542
6578
6586
6588
6624
6636
6652
6684
6704
6716
6728
6736
6740
6766
6776
6860
6966
7110
7414
7544
7666
7968
7972
7996
8002
8174
8318
8628
8808
8906
9552
9600
9628
9668
9910
10208
10248
10274
10302
10364
10378
10384
10630
10792
11236
11250
11560
11738
11778
11784
11814
11892
12058
12058
12092
12298
12394
12786
12968
13034
13356
13570
13770
13838
13860
14182
14592
15050
15242
15418
16164
16182
16432
16512
16896
17090
17158
17850
17948
18132
18200
18764
19218
19656
20066
20078
20084
20394
20434
20780
21114
21462
21756
22110
22564
22586
23308
23596
23844
23934
24030
24510
24514
24820
24856
25126
25646
25774
26174
26308
27252
27286
27784
27954
29174
29406
29808
30976
31644
31678
33188
33770
35092
35182
35376
35406
35982
36118
36202
39154
40460
50762
82440
