Latencies
5082
5120
5124
5124
5124
5126
5128
5136
5140
5142
5144
5146
5146
5158
5162
5162
5164
5164
5166
5166
5168
5168
5170
5170
5172
5174
5174
5176
5178
5184
5184
5186
5186
5188
5190
5192
5194
5194
5196
5196
5198
5198
5200
5204
5204
5208
5210
5212
5214
5216
5216
5222
5222
5222
5224
5224
5226
5226
5228
5228
5228
5232
5232
5232
5234
5234
5234
5234
5234
5236
5240
5244
5244
5246
5248
5248
5248
5250
5250
5250
5250
5252
5256
5256
5256
5262
5262
5262
5264
5264
5264
5264
5266
5266
5268
5268
5268
5274
5276
5276
5276
5278
5278
5282
5282
5282
5284
5284
5284
5286
5288
5288
5292
5292
5292
5292
5292
5296
5298
5300
5300
5300
5304
5304
5306
5306
5306
5308
5310
5312
5312
5312
5316
5316
5318
5318
5318
5322
5322
5322
5322
5324
5324
5324
5326
5326
5326
5328
5328
5330
5330
5330
5330
5330
5330
5330
5330
5332
5332
5332
5332
5336
5336
5336
5336
5336
5336
5336
5336
5338
5340
5340
5342
5342
5342
5344
5344
5346
5346
5346
5346
5346
5346
5346
5348
5348
5348
5348
5348
5350
5350
5350
5352
5352
5352
5352
5354
5354
5354
5356
5356
5356
5356
5356
5356
5356
5358
5358
5360
5360
5360
5362
5362
5362
5362
5364
5364
5364
5366
5366
5366
5368
5368
5368
5370
5370
5370
5370
5372
5372
5372
5374
5374
5374
5374
5374
5374
5374
5376
5376
5376
5376
5376
5376
5376
5376
5378
5378
5378
5378
5378
5380
5380
5380
5380
5380
5382
5382
5384
5384
5384
5384
5384
5386
5388
5388
5388
5390
5392
5392
5394
5394
5394
5394
5394
5396
5396
5396
5396
5396
5398
5398
5400
5400
5400
5400
5400
5400
5402
5402
5402
5402
5404
5404
5404
5406
5406
5408
5408
5408
5408
5408
5410
5410
5412
5412
5412
5412
5414
5414
5414
5414
5414
5416
5418
5418
5418
5420
5420
5420
5420
5422
5422
5422
5424
5424
5424
5424
5426
5426
5426
5428
5428
5428
5428
5430
5430
5430
5432
5432
5432
5434
5434
5434
5436
5436
5436
5436
5438
5442
5444
5446
5446
5448
5448
5448
5448
5450
5450
5450
5450
5450
5452
5452
5454
5454
5454
5456
5456
5458
5458
5458
5458
5458
5460
5460
5460
5460
5462
5462
5462
5462
5464
5464
5466
5466
5466
5466
5466
5466
5468
5468
5468
5470
5470
5470
5472
5472
5474
5474
5474
5474
5474
5474
5474
5476
5478
5478
5478
5478
5480
5480
5482
5482
5484
5486
5486
5486
5486
5488
5488
5490
5490
5492
5492
5492
5492
5494
5494
5496
5498
5498
5500
5500
5500
5500
5502
5502
5502
5502
5504
5504
5506
5506
5506
5508
5508
5508
5508
5508
5508
5510
5510
5512
5512
5512
5512
5512
5512
5514
5514
5516
5516
5516
5516
5516
5518
5518
5520
5520
5520
5522
5524
5524
5526
5526
5528
5530
5532
5534
5534
5534
5536
5536
5538
5538
5540
5540
5540
5540
5540
5544
5544
5544
5544
5544
5546
5546
5548
5548
5552
5552
5554
5556
5556
5556
5558
5562
5562
5564
5568
5568
5568
5570
5570
5574
5574
5574
5576
5578
5578
5578
5580
5582
5582
5582
5584
5584
5586
5586
5586
5588
5590
5592
5592
5598
5598
5598
5600
5600
5600
5602
5602
5604
5604
5606
5608
5608
5612
5612
5612
5612
5614
5614
5614
5618
5622
5624
5626
5630
5632
5640
5644
5644
5644
5644
5648
5650
5656
5658
5660
5662
5666
5668
5670
5672
5672
5672
5674
5674
5676
5684
5688
5688
5690
5692
5692
5692
5694
5694
5696
5700
5702
5708
5708
5710
5710
5712
5714
5722
5722
5728
5730
5738
5738
5740
5740
5740
5744
5744
5744
5746
5750
5752
5752
5758
5762
5764
5774
5778
5786
5786
5792
5794
5796
5800
5800
5800
5800
5806
5806
5810
5812
5812
5814
5814
5816
5818
5820
5826
5826
5830
5832
5834
5840
5844
5848
5850
5856
5858
5860
5864
5866
5870
5872
5874
5878
5880
5886
5886
5886
5896
5898
5900
5902
5904
5904
5904
5908
5910
5912
5918
5922
5922
5922
5928
5934
5934
5936
5942
5944
5946
5946
5946
5948
5950
5950
5952
5960
5966
5974
5974
5976
5988
5988
5988
5992
5992
5994
5994
5994
5996
6000
6006
6006
6010
6010
6012
6016
6020
6034
6036
6036
6036
6042
6044
6046
6046
6050
6052
6052
6052
6052
6056
6062
6062
6066
6066
6068
6076
6084
6086
6086
6092
6096
6114
6116
6120
6122
6126
6132
6134
6134
6136
6140
6142
6142
6146
6146
6158
6160
6162
6164
6164
6168
6170
6174
6178
6182
6184
6188
6190
6192
6206
6208
6208
6214
6216
6230
6230
6234
6236
6240
6244
6246
6248
6250
6252
6270
6294
6296
6310
6316
6316
6318
6322
6326
6340
6358
6362
6370
6380
6386
6416
6422
6436
6472
6480
6482
6484
6496
6522
6546
6550
6570
6618
6624
6674
6930
6974
7044
7070
7150
7210
7212
7272
7288
7512
7532
7800
7938
7970
8086
8216
8274
8416
8506
8650
8670
8708
8776
8816
8922
8944
8962
8970
8980
9338
9434
9462
9508
9708
9974
10088
10178
10232
10280
10534
10546
10566
10854
10890
11094
11372
11396
11462
11466
11500
11566
11880
11914
11970
12406
12572
12610
12736
12790
13120
13648
13910
13970
14004
14036
14108
14384
14394
14572
14582
14646
14664
14724
14732
15186
15196
15212
15288
15750
16046
16078
16124
16642
16872
17322
17558
17900
18234
18416
18618
18828
18938
19084
19294
19308
19344
19720
19858
20190
20216
20496
20590
20616
20830
20876
21000
21082
21204
21496
22398
22756
22852
23160
23266
23900
23938
24102
24552
24738
24756
24778
24850
24982
25074
25110
25210
25352
25658
25766
25900
25974
26868
26900
27276
27574
27960
28870
28876
29128
29160
29976
30162
30274
30298
30390
30406
31014
31260
31806
31928
32166
32702
33382
33394
33616
34110
34740
34944
35304
35480
35574
36414
36504
36766
40636
40972
41424
42178
45290
50948
58618
62210
63044
88068
