Latencies
5098
5110
5112
5126
5132
5132
5132
5132
5134
5136
5136
5138
5140
5144
5146
5148
5150
5152
5152
5152
5152
5154
5154
5154
5156
5156
5156
5156
5158
5158
5158
5160
5162
5162
5164
5164
5164
5166
5168
5168
5168
5172
5172
5172
5172
5172
5172
5172
5174
5174
5174
5174
5176
5176
5178
5180
5180
5180
5182
5182
5182
5182
5184
5186
5188
5188
5188
5190
5192
5192
5196
5196
5196
5196
5196
5198
5198
5198
5200
5202
5202
5202
5202
5202
5204
5206
5206
5206
5208
5210
5210
5210
5210
5212
5214
5216
5216
5216
5218
5218
5218
5220
5222
5224
5224
5224
5226
5226
5226
5226
5226
5230
5232
5234
5238
5242
5244
5244
5244
5244
5246
5248
5248
5248
5248
5248
5250
5250
5252
5252
5252
5252
5254
5254
5256
5256
5258
5258
5260
5260
5262
5262
5262
5262
5262
5262
5264
5264
5264
5264
5266
5266
5266
5266
5268
5268
5268
5270
5272
5272
5272
5272
5274
5274
5274
5274
5274
5274
5276
5276
5276
5278
5280
5280
5280
5280
5282
5282
5282
5282
5282
5282
5284
5284
5284
5284
5286
5286
5286
5286
5288
5288
5290
5290
5290
5292
5292
5292
5292
5294
5294
5294
5294
5296
5296
5298
5300
5300
5300
5300
5302
5302
5302
5304
5306
5306
5308
5308
5308
5308
5310
5310
5310
5310
5310
5312
5312
5312
5312
5314
5314
5314
5316
5316
5316
5316
5316
5316
5318
5318
5318
5318
5320
5320
5320
5320
5320
5320
5322
5322
5322
5324
5324
5324
5324
5326
5328
5328
5328
5328
5328
5328
5328
5330
5330
5330
5330
5330
5334
5334
5336
5338
5338
5340
5340
5340
5340
5340
5340
5340
5342
5342
5342
5342
5344
5344
5344
5344
5344
5344
5346
5346
5346
5348
5348
5348
5348
5348
5350
5350
5350
5352
5352
5352
5352
5354
5354
5354
5356
5356
5356
5358
5358
5358
5358
5358
5360
5360
5360
5360
5360
5360
5362
5362
5362
5362
5364
5364
5364
5366
5366
5366
5368
5368
5368
5368
5368
5368
5370
5370
5370
5370
5372
5374
5374
5376
5376
5378
5378
5378
5378
5378
5378
5378
5378
5380
5380
5380
5380
5382
5382
5382
5384
5384
5384
5384
5384
5384
5384
5386
5386
5386
5386
5386
5388
5388
5388
5388
5388
5390
5390
5390
5390
5394
5394
5394
5394
5394
5394
5396
5398
5398
5398
5400
5400
5400
5402
5402
5402
5404
5404
5404
5406
5406
5406
5408
5408
5408
5408
5408
5412
5412
5414
5416
5416
5416
5420
5420
5420
5420
5422
5422
5424
5424
5424
5426
5428
5428
5428
5428
5430
5430
5430
5430
5430
5432
5432
5434
5434
5436
5436
5436
5436
5436
5438
5438
5440
5440
5440
5440
5442
5444
5444
5444
5446
5448
5450
5450
5450
5452
5452
5452
5456
5456
5460
5462
5464
5464
5466
5468
5468
5468
5470
5472
5472
5476
5476
5478
5478
5478
5480
5480
5482
5484
5486
5486
5488
5492
5494
5496
5498
5498
5500
5506
5506
5506
5508
5508
5508
5514
5514
5514
5518
5520
5522
5522
5522
5522
5522
5522
5524
5526
5530
5530
5530
5532
5534
5534
5536
5542
5542
5544
5544
5544
5546
5546
5546
5548
5548
5550
5550
5554
5554
5556
5556
5556
5558
5558
5560
5562
5564
5566
5568
5570
5572
5572
5572
5574
5576
5578
5580
5582
5582
5584
5586
5590
5592
5594
5594
5598
5600
5600
5602
5606
5606
5608
5608
5614
5616
5618
5620
5620
5630
5632
5632
5636
5638
5640
5646
5646
5648
5648
5650
5656
5656
5658
5658
5658
5660
5662
5664
5664
5668
5670
5670
5674
5676
5682
5684
5684
5684
5686
5686
5694
5698
5698
5698
5698
5700
5700
5702
5706
5706
5708
5710
5710
5710
5714
5720
5722
5724
5726
5730
5732
5732
5736
5736
5736
5738
5738
5740
5744
5746
5748
5752
5764
5766
5768
5770
5772
5772
5774
5778
5780
5782
5782
5786
5790
5800
5802
5804
5804
5806
5808
5812
5812
5814
5816
5816
5816
5818
5818
5818
5818
5820
5824
5824
5826
5826
5830
5832
5836
5836
5840
5840
5844
5846
5848
5850
5850
5854
5854
5856
5856
5856
5862
5864
5864
5864
5868
5874
5874
5876
5878
5886
5886
5896
5898
5900
5902
5908
5912
5912
5914
5914
5916
5918
5920
5924
5926
5926
5930
5930
5936
5938
5938
5940
5946
5946
5948
5948
5952
5952
5958
5962
5970
5972
5980
5988
5990
5992
5996
5996
6004
6004
6008
6008
6018
6020
6028
6032
6040
6042
6044
6044
6054
6054
6062
6072
6072
6078
6078
6080
6080
6082
6084
6084
6104
6106
6108
6110
6114
6124
6128
6128
6132
6142
6142
6150
6152
6154
6156
6156
6160
6160
6166
6166
6170
6170
6174
6176
6182
6194
6200
6202
6204
6208
6210
6212
6212
6216
6216
6222
6230
6236
6242
6244
6246
6250
6254
6262
6274
6282
6288
6288
6288
6296
6298
6308
6320
6320
6322
6328
6330
6336
6350
6366
6376
6378
6378
6380
6382
6390
6400
6444
6444
6448
6456
6468
6486
6528
6544
6554
6556
6562
6578
6586
6596
6614
6638
6692
6748
6798
6806
6872
6884
6886
6940
6956
6978
6992
7012
7028
7170
7200
7206
7210
7266
7302
7510
7690
7762
7780
7826
7960
8058
8224
8372
8392
8402
8504
8538
8750
8760
8796
8980
9004
9086
9108
9316
9336
9364
9430
9548
9594
9934
10016
10248
10306
10474
10532
10562
10902
10950
10984
11118
11360
11360
11466
11470
11518
11546
11584
12302
12556
12806
12840
12846
12892
13002
13028
13186
13458
13542
13822
13956
13978
14124
14132
14792
14818
14866
15078
15194
15438
15532
15752
15798
16294
17340
17346
18150
18262
18968
19518
20170
20400
20906
21780
21842
22138
22550
22720
22842
22894
22920
23262
23542
23622
23686
24576
24588
24762
25720
25746
26364
26548
26718
27808
27824
28204
28676
29484
29900
29974
30632
31286
31360
32352
33062
35540
35566
35654
36480
37562
40100
40386
44622
45130
48728
51568
61348
75472
