Latencies
5116
5120
5128
5134
5134
5142
5150
5150
5164
5164
5168
5170
5174
5176
5178
5184
5184
5186
5186
5190
5190
5194
5202
5202
5202
5202
5204
5204
5204
5206
5208
5208
5210
5210
5210
5212
5214
5216
5218
5222
5222
5224
5226
5228
5230
5230
5232
5234
5234
5234
5234
5236
5236
5238
5238
5242
5246
5248
5250
5252
5256
5256
5256
5256
5256
5258
5258
5258
5260
5260
5262
5262
5262
5262
5264
5266
5266
5266
5266
5266
5266
5266
5266
5268
5268
5268
5270
5270
5270
5270
5274
5276
5276
5278
5278
5280
5284
5286
5286
5286
5286
5288
5290
5290
5290
5290
5292
5294
5294
5296
5296
5296
5296
5298
5298
5300
5300
5302
5302
5304
5304
5306
5306
5308
5308
5310
5310
5310
5310
5312
5312
5314
5314
5314
5316
5316
5316
5318
5318
5318
5318
5318
5320
5320
5320
5322
5322
5322
5322
5322
5322
5324
5324
5324
5324
5324
5324
5326
5326
5326
5326
5328
5328
5328
5328
5330
5330
5330
5330
5330
5332
5332
5332
5332
5336
5336
5336
5336
5336
5336
5338
5338
5338
5338
5338
5338
5340
5340
5340
5340
5340
5340
5342
5344
5344
5344
5344
5346
5346
5350
5350
5350
5350
5350
5352
5352
5352
5352
5352
5352
5354
5356
5358
5358
5360
5360
5360
5360
5360
5362
5362
5362
5362
5362
5364
5364
5364
5364
5364
5364
5364
5364
5364
5366
5366
5366
5366
5366
5368
5368
5368
5368
5368
5368
5370
5370
5370
5370
5370
5370
5370
5370
5374
5374
5374
5374
5374
5376
5376
5376
5378
5378
5378
5380
5380
5380
5380
5380
5380
5382
5382
5382
5382
5384
5384
5384
5384
5386
5386
5388
5388
5388
5388
5388
5390
5390
5392
5392
5394
5394
5394
5394
5396
5396
5398
5398
5398
5398
5398
5398
5398
5398
5398
5400
5400
5402
5402
5402
5402
5404
5404
5406
5406
5406
5408
5408
5408
5408
5410
5410
5410
5410
5410
5410
5410
5412
5412
5412
5416
5416
5416
5416
5416
5418
5418
5418
5418
5418
5418
5420
5420
5422
5422
5422
5422
5422
5424
5424
5426
5426
5426
5428
5428
5430
5430
5432
5432
5432
5432
5432
5434
5434
5434
5436
5436
5436
5436
5438
5438
5438
5438
5438
5438
5438
5440
5440
5440
5440
5442
5442
5442
5442
5442
5442
5444
5444
5444
5444
5444
5446
5448
5448
5450
5450
5450
5450
5452
5454
5454
5454
5454
5454
5454
5454
5456
5456
5458
5460
5462
5462
5462
5462
5464
5464
5466
5468
5468
5468
5470
5470
5470
5470
5472
5472
5472
5474
5474
5474
5474
5474
5478
5478
5478
5478
5480
5480
5482
5482
5482
5482
5482
5482
5482
5484
5484
5484
5484
5486
5488
5488
5488
5490
5490
5490
5492
5492
5494
5494
5496
5496
5496
5498
5498
5500
5500
5502
5504
5506
5508
5508
5508
5510
5510
5510
5512
5512
5514
5516
5516
5516
5518
5520
5520
5522
5526
5526
5526
5528
5530
5532
5534
5534
5534
5536
5536
5536
5538
5542
5544
5544
5544
5544
5546
5548
5550
5550
5552
5552
5552
5554
5554
5556
5556
5558
5558
5564
5564
5568
5570
5570
5572
5572
5572
5576
5576
5578
5578
5578
5580
5580
5582
5584
5584
5584
5586
5586
5590
5590
5594
5596
5596
5596
5596
5606
5608
5608
5612
5614
5622
5622
5622
5626
5626
5628
5628
5630
5632
5634
5638
5638
5638
5640
5640
5642
5642
5650
5652
5652
5652
5654
5654
5654
5658
5660
5660
5664
5664
5666
5666
5670
5670
5670
5672
5672
5672
5676
5678
5678
5680
5680
5682
5682
5686
5690
5694
5694
5696
5698
5702
5702
5702
5702
5704
5706
5706
5708
5710
5710
5710
5712
5714
5716
5716
5716
5724
5728
5728
5734
5734
5734
5734
5736
5736
5738
5740
5742
5744
5748
5748
5750
5760
5760
5760
5760
5762
5764
5764
5770
5772
5772
5780
5780
5782
5786
5786
5786
5790
5796
5798
5802
5804
5804
5806
5808
5808
5812
5812
5816
5818
5820
5820
5824
5824
5828
5828
5830
5830
5832
5834
5834
5836
5836
5838
5840
5844
5846
5850
5854
5854
5854
5854
5856
5858
5858
5860
5862
5864
5866
5866
5866
5866
5866
5870
5872
5874
5878
5880
5884
5884
5884
5888
5888
5888
5890
5892
5894
5896
5896
5898
5900
5904
5908
5908
5908
5910
5912
5916
5918
5918
5920
5920
5924
5924
5924
5924
5924
5924
5926
5926
5928
5928
5928
5928
5930
5930
5932
5932
5938
5942
5942
5946
5948
5950
5952
5952
5952
5954
5956
5956
5960
5960
5962
5964
5970
5974
5974
5974
5976
5976
5976
5978
5982
5982
5984
5986
5990
5990
5990
5992
5996
5998
6000
6000
6002
6004
6006
6006
6006
6008
6008
6008
6010
6010
6012
6016
6020
6020
6024
6026
6026
6028
6032
6036
6042
6044
6046
6050
6052
6054
6054
6056
6056
6062
6064
6064
6064
6066
6068
6068
6070
6072
6076
6078
6090
6090
6098
6098
6100
6108
6108
6116
6122
6126
6134
6144
6144
6150
6150
6158
6160
6174
6180
6186
6188
6190
6200
6208
6216
6220
6232
6238
6238
6240
6242
6250
6258
6260
6260
6264
6274
6274
6276
6296
6296
6300
6310
6328
6344
6344
6374
6394
6398
6408
6426
6446
6448
6466
6472
6486
6488
6492
6498
6502
6550
6560
6618
6620
6622
6688
6756
6778
6804
6808
6816
6822
6882
6884
6938
7024
7094
7162
7170
7212
7264
7366
7378
7466
7606
7730
7794
7812
7814
7924
7982
8160
8236
8442
8450
8712
8820
9004
9038
9164
9264
9434
9980
10088
10446
10448
10454
10504
10822
10840
11136
11172
11224
11550
11660
11728
12002
12076
12306
12362
12368
12492
12544
12608
12642
12748
12792
13216
13550
13592
13596
13644
14030
14084
14090
14496
14680
14724
14846
15004
15850
15926
16102
16390
16520
16626
16626
16888
19430
20216
20342
21630
21704
21812
22298
23142
24072
24100
24904
24982
25196
25230
25342
25494
25698
25758
26054
26140
26480
27382
28166
28194
29990
30042
30538
30962
31620
31812
32132
36284
40946
41056
75694
