Latencies
5440
5828
5896
6148
6192
6460
6620
6804
6918
7448
7656
7748
7958
8032
8540
8556
8934
9314
9772
9782
10012
10078
10248
10374
10378
11182
11234
11772
11786
12228
12488
12694
13142
13318
13378
13714
13872
14036
14042
14200
14250
14346
14362
14390
14462
14534
14538
14636
14676
14746
14758
14840
14882
14914
14914
14934
14940
14954
15110
15118
15122
15142
15220
15286
15330
15382
15418
15560
15628
15630
15776
15880
15916
15946
15978
15984
15990
15996
16036
16046
16108
16116
16176
16220
16248
16292
16470
16546
16646
16662
16704
16710
16716
16746
16834
16870
16906
16934
16938
16992
16996
17104
17198
17214
17252
17412
17446
17528
17690
17696
17698
17742
17826
18062
18128
18136
18164
18168
18276
18302
18324
18458
18482
18492
18528
18534
18556
18580
18688
18734
18826
18846
18938
19154
19160
19230
19236
19308
19382
19454
19466
19486
19500
19500
19588
19630
19748
19790
19824
19836
20028
20066
20160
20178
20310
20474
20554
20598
20654
20724
20784
20830
20838
20858
20878
20934
20944
21118
21154
21190
21234
21264
21268
21284
21296
21340
21350
21486
21526
21618
21634
21636
21730
21738
21850
21858
21942
21944
21970
21980
22044
22090
22092
22096
22184
22290
22454
22632
22658
22754
22802
22820
22832
22850
22890
22912
22920
22928
22952
23000
23008
23026
23096
23104
23150
23156
23168
23238
23360
23388
23430
23438
23486
23598
23608
23650
23678
23724
23760
23766
23826
23846
23858
23904
23920
23932
24052
24052
24130
24132
24136
24190
24202
24278
24306
24328
24334
24424
24426
24484
24560
24564
24572
24658
24748
24750
24762
24782
24800
24886
24896
24902
24948
25000
25020
25034
25074
25084
25100
25102
25116
25148
25198
25226
25226
25238
25248
25310
25316
25338
25368
25384
25474
25484
25484
25536
25550
25626
25682
25734
25750
25782
25888
25926
25954
26044
26118
26164
26200
26258
26272
26274
26312
26314
26346
26346
26356
26358
26386
26408
26432
26498
26500
26522
26570
26628
26722
26730
26740
26778
26886
26896
26932
26942
26970
27038
27074
27080
27080
27112
27132
27152
27190
27196
27218
27244
27290
27342
27390
27434
27526
27560
27566
27570
27586
27610
27620
27662
27674
27698
27714
27718
27776
27792
27794
27912
27926
27936
28002
28346
28368
28374
28388
28426
28476
28478
28590
28606
28686
28704
28788
28814
28840
29076
29084
29116
29186
29192
29246
29248
29326
29370
29446
29458
29528
29574
29576
29598
29658
29708
29742
29776
29950
30014
30036
30066
30094
30244
30256
30266
30272
30290
30326
30334
30362
30406
30408
30448
30452
30466
30468
30500
30512
30584
30788
30878
30892
30916
30976
31004
31016
31060
31076
31112
31298
31340
31342
31428
31460
31536
31558
31572
31612
31722
31760
31796
31862
31906
31936
31984
31994
31998
32000
32008
32056
32100
32140
32252
32328
32538
32548
32576
32600
32600
32608
32636
32744
32856
32874
32962
33184
33188
33300
33312
33332
33332
33374
33430
33516
33596
33648
33654
33714
33730
33732
33748
33776
33788
33802
33818
33828
33840
33852
33912
33944
33998
34018
34114
34132
34134
34174
34176
34222
34222
34244
34244
34260
34298
34310
34316
34356
34384
34432
34438
34458
34484
34518
34528
34572
34596
34602
34610
34614
34624
34626
34678
34702
34704
34718
34746
34750
34764
34786
34882
34908
34928
34948
35008
35026
35028
35034
35070
35084
35102
35108
35114
35126
35232
35264
35266
35272
35306
35344
35354
35380
35422
35428
35430
35464
35486
35486
35496
35584
35616
35624
35672
35702
35750
35764
35808
35832
35886
35988
35996
36004
36036
36058
36152
36154
36260
36276
36392
36500
36570
36640
36640
36684
36710
36966
37050
37076
37134
37186
37198
37300
37304
37408
37440
37484
37598
37612
37616
37818
37832
37984
37990
38022
38058
38108
38120
38146
38204
38224
38274
38288
38290
38296
38312
38436
38524
38532
38656
38668
38678
38874
38918
38928
38964
38988
39092
39150
39334
39366
39378
39404
39468
39522
39556
39594
39658
39700
39716
39896
40038
40050
40134
40192
40218
40358
40404
40428
40476
40508
40578
40584
40596
40634
40660
40946
41032
41160
41162
41194
41312
41418
41474
41532
41546
41594
41726
41766
41958
42020
42308
42334
42350
42482
42500
42514
42554
42688
42772
42810
42900
43016
43132
43170
43198
43274
43296
43404
43500
43664
43684
43720
43722
43722
43754
43802
43812
43826
43858
43968
43982
43982
44004
44162
44288
44288
44298
44318
44322
44342
44368
44416
44422
44478
44532
44532
44706
44748
44784
44860
44986
45038
45102
45120
45210
45292
45292
45456
45564
45596
45656
45664
45664
45694
45808
45812
45834
45876
45916
46000
46032
46068
46138
46176
46186
46362
46482
46514
46552
46608
46764
46876
46930
46932
46996
47100
47130
47144
47310
47328
47468
47474
47534
47616
47694
47708
47806
47900
47964
47996
48060
48118
48158
48180
48228
48358
48504
48606
48618
48698
49038
49170
49186
49226
49240
49298
49316
49498
49512
49570
49924
49976
49980
50054
50086
50224
50270
50636
50646
50708
50722
50886
50946
51022
51140
51324
51344
51372
51420
51510
51550
51714
51828
51912
52078
52108
52214
52406
52464
52504
52548
52574
52580
52586
52606
52622
52660
52692
52852
52908
52926
53012
53022
53046
53072
53122
53126
53186
53268
53288
53370
53408
53446
53506
53546
53700
53764
53770
53792
53798
53826
53900
53930
53934
53940
53952
53952
53958
53970
54004
54008
54070
54078
54102
54112
54112
54150
54184
54202
54214
54248
54280
54292
54294
54310
54326
54328
54334
54340
54348
54360
54408
54420
54492
54500
54512
54522
54554
54686
54718
54770
54888
54898
54932
54996
54998
55034
55042
55048
55102
55168
55174
55184
55236
55278
55320
55374
55394
55522
55526
55660
55740
55764
55816
55854
55904
56008
56024
56092
56166
56200
56402
56406
56716
56870
56902
57066
58008
58534
58592
59162
59306
59550
59724
60082
60264
60390
60512
60742
61054
61270
61792
62102
62836
62964
63056
63194
63568
63642
63650
63788
64392
64524
65040
65330
65580
65958
66016
66406
66430
67222
69128
69834
70046
70600
73268
73278
73468
73994
74118
74256
74642
75528
75676
78482
80126
83226
83928
84666
85464
86448
97446
100786
108014
113876
114388
125906
126672
146550
147644
624938
1122364
2151638
3401120
