Latencies
5470
5488
5536
5566
5568
5672
5704
5720
5756
5800
5812
5860
5892
5928
5968
5998
6010
6040
6044
6048
6106
6108
6140
6196
6254
6264
6338
6412
6458
6470
6486
6570
6570
6572
6578
6620
6678
6774
6780
6888
6910
6916
6994
7010
7012
7016
7062
7144
7206
7252
7314
7318
7360
7434
7472
7516
7542
7566
7608
7666
7676
7716
7730
7736
7742
7752
7782
7812
7860
7868
7912
7924
7932
8056
8094
8102
8102
8122
8204
8240
8258
8388
8418
8426
8432
8434
8464
8564
8568
8588
8604
8630
8720
8734
8760
8812
8820
8832
8834
8922
9000
9004
9030
9066
9100
9110
9186
9390
9454
9482
9530
9588
9628
9642
9658
9660
9724
9760
9872
9884
9928
9968
10052
10116
10150
10172
10244
10274
10296
10326
10408
10504
10510
10546
10558
10578
10708
10744
10776
10998
11000
11034
11066
11070
11084
11090
11098
11102
11104
11124
11166
11168
11266
11292
11294
11368
11376
11478
11514
11514
11540
11546
11716
11722
11752
11874
11882
11918
11930
11986
11990
12084
12094
12098
12134
12152
12162
12266
12300
12516
12540
12610
12672
12690
12734
12756
12804
12804
12838
12848
12866
12928
12994
13032
13060
13070
13116
13128
13174
13258
13294
13306
13318
13350
13386
13398
13402
13416
13430
13484
13520
13528
13550
13572
13592
13610
13624
13632
13650
13662
13706
13778
13872
14032
14092
14102
14124
14164
14176
14250
14282
14296
14336
14348
14364
14384
14400
14446
14552
14562
14580
14584
14640
14654
14662
14682
14698
14700
14714
14724
14758
14762
14804
14808
14812
14814
14824
14858
14866
14884
14894
14898
14912
14948
14958
14960
14986
15020
15020
15034
15040
15078
15084
15098
15100
15134
15142
15178
15194
15206
15268
15270
15282
15298
15328
15374
15378
15400
15402
15406
15408
15416
15426
15442
15450
15458
15474
15474
15478
15496
15504
15514
15518
15528
15558
15600
15610
15610
15620
15634
15656
15690
15692
15698
15704
15738
15748
15758
15764
15818
15856
15874
15918
15938
16004
16056
16058
16070
16100
16130
16218
16328
16334
16428
16440
16476
16486
16518
16520
16532
16548
16614
16694
16694
16700
16702
16716
16744
16790
16834
16836
16844
16852
16938
16948
16994
17000
17036
17072
17086
17140
17154
17220
17352
17376
17440
17476
17482
17490
17534
17544
17632
17658
17696
17812
17846
17908
18060
18060
18080
18156
18242
18292
18300
18434
18452
18484
18488
18522
18604
18614
18618
18624
18676
18678
18698
18714
18774
18882
18982
19052
19056
19060
19082
19098
19120
19120
19202
19222
19224
19236
19252
19276
19402
19420
19432
19464
19542
19558
19574
19630
19654
19750
19834
19838
19872
19926
19962
19968
19970
19976
20010
20032
20118
20214
20222
20240
20244
20442
20526
20538
20588
20614
20618
20646
20652
20674
20742
20804
20806
20848
20890
20904
20926
20996
21030
21052
21084
21130
21154
21162
21176
21214
21218
21304
21390
21406
21432
21512
21902
21922
21936
21944
22034
22048
22076
22110
22210
22340
22376
22472
22476
22524
22534
22560
22574
22736
22744
22780
22958
22960
23034
23056
23114
23146
23216
23248
23252
23306
23324
23460
23500
23552
23600
23634
23652
23678
23734
23772
23830
23854
23914
23944
23978
23994
24006
24012
24022
24038
24074
24126
24134
24152
24158
24212
24222
24244
24282
24294
24320
24322
24324
24332
24380
24390
24394
24408
24444
24522
24542
24558
24568
24582
24650
24680
24680
24742
24744
24746
24748
24750
24752
24754
24792
24836
24866
24908
24916
24922
24926
24930
25002
25032
25044
25142
25258
25260
25284
25314
25338
25356
25358
25400
25456
25484
25508
25516
25538
25570
25582
25592
25694
25706
25724
25794
25918
25928
26006
26026
26076
26094
26132
26170
26208
26256
26286
26310
26356
26364
26456
26474
26520
26526
26552
26642
26762
26824
26828
26844
26858
26874
26880
26894
26948
26964
26976
26982
26992
27020
27026
27090
27108
27126
27204
27208
27252
27264
27276
27384
27386
27404
27464
27484
27512
27516
27572
27596
27654
27656
27660
27698
27748
27824
27860
27866
27954
28016
28034
28050
28078
28086
28096
28142
28146
28178
28276
28312
28332
28430
28530
28562
28568
28592
28802
28824
28848
28896
28914
28918
28934
29038
29044
29052
29076
29106
29112
29126
29160
29184
29212
29226
29262
29272
29288
29294
29322
29334
29346
29366
29368
29388
29474
29474
29476
29502
29598
29602
29610
29654
29676
29708
29750
29750
29784
29808
29854
29900
29914
29962
30024
30038
30082
30428
30478
30538
30546
30606
30658
30666
30770
30798
30880
31118
31160
31184
31220
31332
31394
31442
31528
31542
31638
31652
31772
31792
31826
31904
31924
31994
32036
32154
32192
32254
32356
32422
32450
32546
32656
32684
32734
32760
32824
32908
32952
32958
32972
32982
32988
33018
33034
33110
33122
33170
33208
33326
33424
33460
33474
33488
33496
33512
33522
33536
33572
33576
33618
33618
33630
33650
33714
33734
33754
33796
33812
33820
33826
33864
33874
33882
33888
33942
33948
33972
33996
34000
34028
34044
34066
34076
34078
34110
34118
34122
34124
34132
34132
34144
34144
34150
34154
34166
34206
34206
34212
34212
34222
34228
34242
34252
34258
34266
34272
34276
34280
34296
34302
34302
34304
34320
34324
34336
34358
34364
34390
34432
34448
34516
34522
34530
34532
34540
34556
34568
34576
34606
34630
34630
34632
34636
34658
34658
34664
34670
34674
34686
34688
34740
34752
34758
34762
34816
34852
34862
34874
34884
34904
34910
34932
34940
34946
34974
34984
35002
35006
35028
35032
35038
35040
35056
35086
35126
35144
35188
35196
35238
35264
35298
35342
35360
35454
35462
35484
35502
35720
35780
35996
36134
36384
36408
36456
36458
36470
36514
36566
36994
37278
37820
37878
38006
39088
39628
40152
40160
40942
41010
41212
41296
41402
41424
41572
42288
42522
42602
42678
42978
43106
43268
43488
43826
43894
44066
44528
44724
44772
44938
45154
46324
48036
48432
49020
49040
49090
49634
49736
50106
50294
50552
50684
51570
52114
52458
52658
52744
53460
53564
53794
53858
54194
54230
54460
54510
54602
54826
55058
55480
55902
56050
58542
58610
59022
59182
62344
64004
64704
64932
65180
68216
71576
73424
93536
173554
235656
383248
1008958
4718714
10605374
