Latencies
5022
5042
5060
5062
5068
5072
5074
5076
5076
5078
5086
5092
5094
5094
5100
5104
5106
5106
5110
5112
5120
5126
5130
5132
5134
5134
5134
5140
5140
5142
5150
5150
5152
5154
5154
5154
5154
5154
5156
5158
5158
5160
5160
5164
5164
5166
5166
5168
5170
5170
5172
5172
5172
5172
5172
5174
5174
5176
5178
5180
5182
5184
5184
5186
5188
5188
5192
5194
5194
5194
5194
5196
5196
5196
5198
5198
5198
5200
5202
5202
5202
5204
5206
5206
5208
5208
5210
5210
5210
5210
5210
5210
5210
5212
5212
5212
5214
5214
5216
5216
5216
5220
5220
5222
5222
5222
5224
5226
5226
5228
5228
5228
5228
5230
5230
5232
5232
5234
5234
5236
5236
5238
5238
5240
5240
5240
5240
5240
5242
5242
5242
5242
5242
5242
5244
5244
5244
5246
5248
5250
5250
5250
5250
5252
5252
5254
5256
5258
5258
5258
5260
5262
5262
5264
5264
5264
5264
5266
5266
5266
5266
5268
5268
5268
5268
5270
5270
5270
5270
5270
5270
5270
5272
5272
5272
5272
5274
5274
5276
5278
5278
5278
5278
5278
5278
5278
5280
5280
5280
5280
5280
5280
5280
5282
5282
5282
5282
5284
5284
5284
5286
5286
5286
5286
5286
5288
5288
5288
5288
5288
5288
5290
5292
5292
5292
5292
5294
5296
5296
5298
5298
5302
5304
5304
5306
5306
5306
5308
5310
5310
5312
5314
5314
5314
5314
5314
5314
5316
5318
5318
5318
5318
5320
5320
5320
5320
5322
5322
5324
5324
5324
5324
5324
5324
5326
5326
5326
5326
5326
5328
5328
5330
5330
5330
5330
5332
5332
5332
5334
5334
5334
5334
5334
5336
5336
5338
5338
5338
5338
5338
5340
5342
5342
5342
5342
5344
5346
5346
5346
5346
5348
5348
5348
5350
5352
5352
5352
5352
5354
5354
5354
5356
5356
5356
5356
5358
5358
5358
5358
5360
5362
5362
5362
5362
5364
5364
5364
5366
5368
5368
5368
5368
5370
5372
5372
5374
5374
5374
5374
5374
5376
5376
5376
5378
5378
5378
5378
5380
5380
5382
5382
5382
5382
5382
5384
5386
5388
5388
5388
5388
5388
5388
5388
5390
5392
5392
5392
5394
5396
5396
5396
5396
5396
5398
5398
5398
5400
5400
5400
5402
5402
5402
5404
5404
5404
5404
5406
5406
5406
5408
5408
5408
5408
5410
5410
5412
5414
5414
5416
5416
5416
5418
5418
5418
5420
5420
5420
5420
5422
5422
5424
5424
5424
5426
5426
5428
5428
5428
5428
5430
5430
5430
5430
5430
5432
5432
5432
5432
5434
5436
5438
5438
5438
5440
5440
5440
5440
5442
5442
5442
5444
5444
5444
5446
5446
5446
5446
5448
5448
5450
5450
5452
5452
5452
5454
5456
5456
5456
5458
5458
5458
5458
5458
5458
5458
5460
5460
5460
5462
5462
5462
5462
5464
5464
5466
5466
5466
5468
5470
5472
5472
5474
5474
5476
5478
5478
5482
5482
5486
5486
5488
5488
5494
5494
5496
5500
5500
5500
5502
5506
5508
5510
5510
5510
5512
5512
5512
5514
5514
5514
5514
5514
5514
5516
5516
5518
5520
5522
5522
5524
5526
5526
5526
5528
5528
5528
5532
5532
5532
5532
5532
5534
5534
5536
5538
5538
5542
5544
5546
5546
5546
5548
5552
5552
5554
5554
5556
5560
5562
5568
5568
5570
5570
5570
5572
5572
5574
5574
5576
5580
5580
5584
5584
5584
5584
5586
5590
5592
5594
5594
5598
5600
5600
5602
5602
5602
5604
5604
5604
5604
5610
5610
5612
5612
5612
5614
5620
5622
5622
5622
5624
5626
5626
5626
5630
5632
5632
5634
5636
5636
5636
5636
5638
5638
5640
5642
5646
5648
5648
5650
5652
5652
5656
5658
5658
5660
5660
5660
5662
5662
5666
5672
5672
5672
5672
5674
5680
5682
5684
5684
5686
5686
5686
5690
5694
5698
5698
5698
5700
5700
5706
5708
5710
5710
5710
5714
5714
5716
5722
5724
5724
5726
5730
5732
5732
5732
5736
5740
5742
5742
5744
5744
5750
5750
5750
5752
5754
5758
5760
5760
5766
5766
5772
5774
5774
5780
5780
5782
5782
5790
5794
5794
5796
5796
5798
5800
5802
5802
5806
5810
5816
5824
5824
5826
5826
5826
5826
5830
5834
5836
5838
5838
5844
5844
5846
5846
5850
5850
5852
5852
5852
5858
5858
5858
5866
5866
5874
5876
5878
5882
5884
5884
5884
5890
5898
5900
5904
5908
5914
5914
5914
5916
5922
5924
5924
5926
5928
5930
5932
5934
5934
5934
5936
5938
5938
5942
5946
5946
5950
5952
5954
5954
5954
5956
5956
5962
5964
5972
5972
5974
5976
5978
5980
5980
5982
5988
5996
5996
5998
6002
6004
6006
6008
6014
6014
6016
6018
6018
6024
6030
6032
6036
6046
6046
6046
6052
6056
6058
6060
6066
6066
6066
6068
6070
6074
6080
6090
6092
6092
6092
6108
6112
6116
6116
6118
6124
6128
6136
6142
6144
6146
6150
6160
6162
6164
6172
6174
6178
6182
6194
6196
6200
6210
6214
6216
6220
6226
6228
6230
6232
6234
6234
6236
6236
6246
6248
6248
6248
6260
6264
6276
6286
6300
6304
6310
6330
6338
6348
6360
6362
6376
6376
6380
6392
6396
6418
6430
6440
6450
6470
6474
6484
6488
6558
6562
6572
6600
6648
6658
6684
6716
6742
6800
6808
6892
6894
6914
6954
6956
6962
6966
6968
6992
7006
7030
7066
7074
7080
7098
7098
7130
7244
7284
7322
7336
7366
7382
7434
7516
7536
7574
7644
7644
7768
7802
7856
8040
8146
8148
8264
8392
8558
8666
9544
9816
9916
10152
10550
10682
10732
10944
11094
11282
11354
11712
12056
12422
12876
13764
14660
15246
15350
15380
15386
15702
15750
15752
16034
16282
16992
17224
17438
17954
18044
18074
19208
19440
19584
19930
20202
20416
20534
20934
20974
21286
21532
21606
21872
22206
22314
23920
23994
24034
24138
25422
25524
25694
26352
26618
26732
26854
27144
28724
29726
30120
31340
33088
34456
34648
35562
35700
36808
37966
38604
40884
41512
41664
42064
43820
43982
44220
52018
52876
10158356
