Latencies
5048
5060
5082
5090
5112
5112
5116
5118
5122
5122
5126
5146
5148
5154
5154
5154
5154
5156
5158
5168
5172
5174
5174
5174
5180
5186
5186
5192
5196
5196
5196
5198
5198
5200
5204
5206
5208
5210
5214
5214
5214
5214
5214
5216
5216
5216
5216
5218
5218
5222
5224
5224
5228
5230
5232
5234
5236
5238
5240
5242
5242
5242
5244
5246
5248
5248
5250
5252
5252
5252
5252
5254
5254
5256
5256
5256
5256
5258
5258
5260
5260
5260
5260
5262
5262
5264
5266
5266
5266
5266
5266
5268
5268
5270
5274
5274
5274
5276
5278
5278
5278
5278
5278
5280
5282
5282
5282
5282
5282
5284
5284
5286
5286
5286
5288
5288
5292
5292
5292
5294
5294
5294
5298
5298
5300
5300
5302
5302
5302
5302
5302
5304
5304
5306
5306
5306
5308
5308
5310
5314
5314
5314
5316
5316
5318
5318
5318
5318
5318
5318
5320
5320
5322
5324
5324
5324
5324
5326
5326
5326
5326
5326
5328
5328
5328
5328
5332
5332
5334
5334
5334
5336
5336
5336
5338
5338
5338
5340
5340
5342
5342
5342
5344
5344
5348
5348
5348
5350
5350
5350
5350
5352
5352
5352
5356
5356
5356
5358
5358
5360
5362
5362
5362
5362
5364
5364
5364
5364
5364
5366
5366
5366
5366
5368
5368
5368
5370
5370
5372
5372
5374
5374
5374
5374
5376
5376
5376
5376
5376
5376
5376
5378
5378
5378
5378
5378
5378
5380
5380
5380
5382
5384
5384
5384
5386
5386
5386
5388
5390
5392
5392
5392
5392
5392
5394
5394
5396
5398
5398
5398
5398
5398
5400
5400
5400
5400
5400
5402
5402
5402
5402
5404
5404
5404
5404
5406
5406
5406
5406
5410
5410
5410
5412
5412
5412
5416
5416
5416
5418
5418
5418
5418
5418
5420
5422
5424
5424
5424
5426
5426
5426
5426
5428
5428
5428
5430
5430
5430
5432
5432
5432
5432
5434
5434
5434
5436
5436
5438
5438
5438
5438
5438
5440
5440
5440
5440
5440
5440
5440
5442
5442
5442
5442
5442
5442
5444
5444
5444
5446
5448
5448
5450
5450
5452
5452
5454
5454
5454
5454
5454
5456
5456
5456
5456
5456
5458
5458
5458
5460
5462
5462
5464
5464
5466
5466
5466
5468
5468
5470
5470
5470
5470
5472
5472
5472
5474
5474
5476
5476
5478
5478
5480
5480
5482
5484
5486
5486
5486
5488
5488
5488
5490
5490
5490
5492
5492
5494
5494
5496
5496
5496
5498
5498
5500
5500
5500
5500
5502
5502
5502
5504
5504
5506
5506
5508
5512
5514
5516
5518
5522
5522
5524
5524
5524
5524
5526
5528
5528
5530
5532
5532
5534
5534
5536
5538
5538
5538
5540
5540
5540
5544
5544
5544
5544
5544
5544
5548
5548
5548
5552
5552
5554
5556
5558
5558
5558
5560
5560
5560
5560
5562
5564
5564
5566
5572
5574
5574
5576
5576
5578
5578
5582
5582
5586
5586
5588
5590
5590
5594
5594
5594
5598
5600
5602
5602
5604
5606
5606
5606
5610
5612
5616
5616
5622
5624
5624
5624
5626
5626
5634
5634
5634
5634
5636
5636
5638
5640
5642
5642
5642
5644
5644
5646
5646
5646
5650
5652
5652
5654
5656
5658
5660
5660
5662
5664
5664
5666
5666
5666
5668
5670
5674
5676
5676
5676
5678
5678
5678
5678
5678
5680
5682
5684
5684
5688
5690
5692
5692
5692
5694
5696
5696
5698
5700
5700
5700
5702
5702
5702
5704
5706
5706
5706
5710
5712
5716
5716
5718
5718
5718
5720
5720
5722
5722
5722
5726
5726
5732
5734
5734
5734
5736
5736
5738
5742
5744
5748
5754
5760
5764
5764
5766
5766
5766
5768
5768
5772
5774
5774
5776
5776
5778
5780
5780
5780
5780
5780
5780
5782
5784
5784
5786
5786
5786
5788
5788
5788
5794
5794
5800
5800
5800
5800
5800
5806
5810
5810
5810
5812
5812
5816
5818
5818
5822
5824
5824
5826
5828
5828
5830
5832
5832
5834
5834
5836
5836
5836
5836
5840
5842
5844
5844
5848
5850
5852
5872
5874
5874
5878
5878
5880
5882
5882
5882
5882
5886
5890
5890
5892
5892
5892
5896
5896
5896
5898
5902
5902
5904
5904
5906
5906
5910
5910
5910
5912
5912
5914
5914
5916
5918
5920
5922
5922
5924
5928
5928
5928
5930
5934
5934
5936
5936
5938
5944
5944
5946
5946
5948
5958
5958
5958
5958
5960
5962
5964
5964
5966
5968
5968
5972
5972
5972
5976
5976
5980
5980
5980
5982
5982
5982
5984
5984
5988
5988
5988
5990
5990
5992
5992
5996
5998
5998
6000
6002
6008
6014
6022
6022
6024
6024
6026
6026
6036
6038
6040
6042
6044
6046
6046
6046
6050
6054
6054
6056
6058
6064
6066
6068
6068
6070
6070
6076
6076
6078
6086
6090
6092
6094
6096
6098
6102
6106
6106
6112
6112
6114
6116
6116
6116
6116
6118
6120
6122
6126
6130
6134
6136
6136
6138
6146
6150
6154
6154
6158
6164
6166
6166
6172
6178
6180
6182
6186
6188
6190
6196
6200
6200
6200
6204
6206
6208
6216
6220
6224
6224
6242
6242
6246
6246
6248
6254
6258
6260
6266
6268
6272
6274
6282
6288
6296
6298
6302
6304
6310
6314
6328
6334
6340
6350
6356
6368
6384
6390
6392
6402
6406
6408
6412
6412
6416
6422
6430
6430
6434
6436
6444
6460
6488
6492
6496
6516
6528
6530
6572
6584
6586
6586
6610
6628
6636
6648
6674
6696
6706
6714
6718
6740
6746
6770
6770
6772
6798
6808
6880
6926
6936
6956
6958
6994
6996
7002
7008
7010
7060
7064
7074
7090
7108
7108
7118
7140
7194
7206
7216
7220
7228
7234
7238
7272
7278
7278
7280
7288
7290
7294
7338
7338
7348
7424
7438
7482
7522
7530
7534
7546
7562
7570
7576
7590
7624
7676
7702
7738
7790
7792
7826
7834
7922
7932
7944
7980
8006
8104
8106
8142
8170
8212
8240
8414
8450
8648
8906
9178
9294
9708
10144
10494
10506
10570
10886
10970
11420
12894
12904
13562
13726
13918
14170
14452
14642
14860
14974
15038
15238
15460
15530
15990
16434
17286
17942
19052
21522
22144
24868
25360
29266
29316
32890
39356
40060
