Latencies
5206
5216
5218
5226
5232
5254
5270
5278
5284
5290
5296
5300
5302
5308
5314
5316
5316
5318
5326
5326
5328
5328
5328
5328
5330
5332
5336
5340
5340
5344
5344
5346
5348
5350
5350
5354
5356
5356
5358
5358
5360
5360
5362
5362
5364
5364
5364
5366
5368
5368
5368
5370
5370
5370
5370
5372
5372
5374
5374
5376
5376
5376
5376
5378
5378
5380
5380
5380
5380
5382
5382
5384
5384
5384
5386
5386
5386
5388
5388
5388
5388
5390
5390
5390
5390
5394
5394
5394
5394
5394
5396
5396
5396
5396
5398
5398
5400
5400
5402
5402
5402
5404
5404
5404
5404
5406
5408
5408
5410
5410
5410
5410
5412
5412
5412
5414
5414
5414
5414
5414
5414
5414
5414
5416
5416
5416
5418
5418
5418
5418
5420
5422
5422
5422
5424
5424
5424
5424
5426
5426
5426
5426
5426
5428
5430
5430
5432
5432
5432
5432
5434
5434
5434
5434
5436
5436
5440
5442
5442
5442
5444
5444
5446
5446
5446
5448
5448
5448
5448
5448
5450
5452
5452
5452
5454
5456
5456
5456
5456
5458
5458
5458
5458
5458
5458
5460
5460
5462
5462
5462
5464
5466
5468
5468
5468
5468
5470
5470
5470
5470
5470
5474
5474
5476
5478
5478
5478
5478
5478
5478
5480
5480
5482
5482
5482
5482
5484
5486
5486
5486
5488
5488
5488
5490
5490
5492
5492
5492
5492
5494
5494
5494
5494
5496
5496
5496
5496
5498
5498
5500
5500
5500
5502
5502
5502
5502
5504
5506
5506
5506
5506
5508
5508
5508
5508
5508
5510
5510
5510
5512
5512
5512
5512
5514
5516
5516
5516
5518
5520
5520
5522
5522
5522
5522
5524
5524
5526
5526
5526
5528
5528
5528
5528
5528
5530
5530
5532
5532
5532
5534
5534
5534
5534
5538
5538
5540
5540
5540
5542
5542
5542
5542
5542
5542
5544
5544
5544
5544
5544
5546
5546
5546
5548
5548
5548
5550
5550
5550
5550
5550
5552
5552
5552
5552
5552
5556
5556
5556
5558
5558
5558
5558
5560
5562
5564
5564
5564
5564
5566
5566
5570
5570
5574
5574
5574
5574
5576
5576
5576
5576
5576
5578
5580
5580
5580
5580
5582
5582
5582
5582
5582
5582
5584
5584
5584
5588
5590
5590
5590
5590
5592
5592
5592
5594
5594
5594
5596
5596
5596
5598
5598
5598
5600
5600
5600
5602
5602
5602
5604
5606
5606
5608
5608
5608
5608
5610
5610
5610
5612
5612
5612
5614
5614
5614
5614
5616
5616
5616
5616
5616
5620
5620
5622
5622
5624
5626
5626
5626
5626
5626
5626
5626
5628
5628
5628
5628
5628
5630
5630
5630
5632
5632
5636
5636
5636
5636
5638
5638
5638
5642
5642
5644
5646
5646
5646
5646
5648
5650
5652
5654
5656
5658
5658
5658
5660
5660
5662
5662
5664
5666
5666
5666
5668
5670
5670
5672
5672
5672
5676
5676
5676
5678
5680
5680
5682
5682
5684
5686
5686
5688
5688
5688
5690
5690
5690
5690
5690
5690
5692
5694
5694
5696
5696
5696
5698
5698
5700
5700
5702
5702
5704
5704
5704
5706
5706
5708
5708
5710
5710
5710
5712
5712
5714
5714
5714
5716
5716
5716
5718
5720
5722
5722
5722
5722
5724
5726
5726
5726
5728
5730
5732
5734
5734
5736
5738
5742
5742
5742
5744
5744
5746
5746
5750
5752
5752
5752
5752
5752
5754
5754
5756
5756
5758
5758
5760
5760
5762
5766
5768
5768
5772
5772
5776
5780
5780
5782
5782
5786
5786
5788
5788
5788
5790
5792
5794
5794
5796
5796
5798
5800
5800
5804
5804
5804
5808
5808
5808
5808
5810
5810
5810
5810
5810
5812
5816
5818
5818
5818
5824
5826
5826
5826
5828
5830
5830
5830
5832
5832
5834
5836
5836
5840
5840
5840
5844
5848
5854
5856
5858
5858
5860
5860
5862
5864
5866
5868
5868
5870
5870
5872
5872
5872
5874
5874
5876
5876
5878
5880
5882
5882
5884
5884
5886
5888
5890
5890
5890
5892
5892
5894
5896
5898
5898
5900
5906
5908
5910
5910
5912
5912
5914
5916
5916
5918
5920
5920
5924
5924
5932
5932
5932
5934
5936
5938
5938
5940
5940
5940
5942
5942
5946
5948
5950
5954
5958
5960
5966
5968
5970
5974
5976
5978
5980
5980
5980
5980
5982
5984
5988
5992
5992
5992
5992
5992
5994
5994
5998
5998
6000
6000
6000
6002
6004
6004
6006
6008
6008
6010
6010
6016
6016
6018
6018
6020
6022
6022
6022
6022
6022
6024
6024
6024
6026
6030
6032
6032
6034
6040
6042
6046
6050
6060
6064
6066
6078
6082
6082
6084
6090
6090
6094
6098
6106
6106
6114
6116
6118
6120
6124
6126
6130
6130
6134
6134
6136
6136
6136
6138
6138
6138
6142
6142
6146
6146
6148
6150
6150
6150
6152
6156
6156
6156
6158
6162
6164
6178
6180
6182
6182
6182
6186
6192
6198
6202
6204
6206
6206
6210
6212
6214
6218
6222
6224
6224
6226
6228
6228
6230
6232
6236
6238
6246
6248
6248
6250
6254
6256
6260
6260
6268
6274
6282
6286
6294
6294
6300
6302
6308
6312
6320
6320
6332
6338
6340
6352
6370
6370
6374
6376
6376
6380
6390
6392
6398
6406
6406
6408
6410
6416
6418
6420
6446
6452
6468
6468
6468
6470
6472
6480
6480
6490
6492
6504
6514
6520
6528
6528
6534
6570
6570
6584
6598
6618
6622
6640
6642
6644
6670
6686
6696
6748
6750
6766
6796
6796
6806
6808
6828
6842
6852
6852
6874
6876
6910
6974
7024
7024
7050
7110
7116
7120
7142
7150
7184
7194
7246
7266
7282
7306
7318
7318
7334
7342
7368
7388
7408
7408
7428
7448
7480
7486
7504
7508
7508
7510
7524
7536
7550
7566
7698
7708
7724
7728
7740
7752
7754
7760
7766
7780
7830
7832
7844
7876
7900
7914
7922
7944
7992
8050
8056
8060
8532
8566
8676
8778
8786
8888
8932
9028
9080
9410
9480
9542
9742
9746
9776
10884
11326
11976
13816
13974
14262
14452
14548
15972
16820
16954
17416
18322
19750
21110
23350
24034
24254
24486
24742
24982
25634
26276
28072
28082
30736
30804
31584
34416
36198
62450
112104
217700
343714
