Latencies
5230
5234
5246
5250
5260
5276
5286
5290
5294
5296
5300
5302
5318
5332
5334
5334
5336
5338
5340
5340
5342
5344
5346
5348
5350
5352
5352
5354
5354
5356
5356
5358
5358
5364
5364
5364
5364
5364
5366
5368
5370
5372
5372
5372
5372
5374
5378
5380
5380
5380
5380
5384
5386
5386
5386
5386
5388
5388
5388
5390
5392
5392
5392
5394
5394
5396
5398
5398
5398
5398
5400
5400
5402
5402
5404
5404
5406
5406
5408
5412
5412
5412
5414
5414
5416
5416
5416
5420
5424
5424
5424
5424
5424
5424
5424
5426
5426
5428
5428
5428
5430
5430
5430
5432
5432
5432
5434
5436
5436
5436
5436
5438
5438
5438
5438
5438
5440
5442
5444
5444
5446
5446
5448
5448
5448
5448
5452
5452
5452
5454
5454
5454
5454
5456
5456
5456
5456
5458
5458
5460
5462
5462
5464
5464
5466
5466
5470
5470
5470
5470
5472
5472
5474
5476
5476
5476
5476
5478
5478
5478
5478
5478
5478
5480
5480
5480
5480
5480
5482
5482
5484
5486
5486
5490
5490
5492
5492
5492
5494
5494
5494
5494
5496
5496
5496
5496
5496
5500
5500
5500
5502
5502
5502
5502
5504
5504
5504
5504
5506
5506
5506
5508
5508
5508
5508
5510
5510
5510
5510
5512
5512
5512
5514
5514
5516
5516
5520
5522
5522
5524
5524
5524
5526
5526
5528
5528
5528
5528
5528
5530
5530
5530
5530
5532
5532
5532
5534
5534
5534
5534
5534
5536
5536
5538
5538
5540
5540
5540
5540
5542
5542
5544
5544
5546
5546
5546
5546
5548
5548
5548
5548
5550
5550
5550
5550
5550
5550
5550
5552
5552
5552
5552
5552
5554
5554
5554
5556
5556
5558
5558
5560
5560
5560
5560
5560
5560
5562
5562
5564
5564
5564
5564
5566
5566
5566
5566
5568
5568
5570
5570
5570
5572
5574
5574
5574
5574
5576
5576
5576
5578
5578
5578
5578
5582
5582
5582
5584
5586
5586
5586
5588
5590
5590
5590
5590
5592
5592
5592
5592
5592
5592
5594
5594
5594
5596
5596
5596
5596
5598
5598
5598
5598
5600
5600
5600
5602
5602
5606
5606
5608
5608
5608
5608
5610
5610
5612
5614
5616
5616
5616
5618
5620
5620
5620
5622
5624
5626
5628
5628
5630
5632
5634
5636
5636
5636
5638
5640
5640
5640
5640
5640
5642
5642
5642
5642
5644
5646
5648
5648
5648
5650
5650
5650
5650
5652
5652
5654
5654
5654
5654
5654
5654
5656
5656
5656
5656
5656
5658
5658
5662
5662
5664
5666
5666
5668
5670
5670
5674
5674
5676
5676
5678
5678
5678
5678
5684
5684
5686
5686
5688
5688
5688
5688
5688
5688
5688
5692
5692
5694
5694
5694
5696
5696
5696
5698
5698
5698
5698
5700
5702
5702
5706
5706
5706
5708
5710
5710
5710
5712
5714
5714
5716
5716
5716
5720
5720
5724
5728
5730
5732
5732
5736
5736
5738
5742
5752
5752
5754
5754
5754
5756
5756
5758
5758
5758
5758
5758
5758
5760
5760
5762
5764
5766
5768
5768
5770
5772
5774
5776
5776
5778
5780
5780
5780
5780
5782
5788
5790
5790
5790
5790
5792
5794
5794
5794
5798
5802
5804
5806
5808
5812
5812
5814
5818
5818
5820
5824
5826
5826
5826
5826
5830
5830
5832
5832
5834
5834
5834
5834
5836
5838
5838
5840
5840
5840
5840
5842
5842
5842
5844
5846
5848
5848
5848
5848
5852
5852
5852
5854
5856
5856
5856
5858
5858
5860
5862
5862
5864
5868
5870
5874
5874
5876
5876
5876
5876
5878
5878
5878
5880
5882
5882
5884
5884
5888
5888
5890
5890
5896
5898
5900
5902
5904
5906
5906
5906
5906
5908
5908
5908
5910
5910
5910
5912
5912
5912
5914
5914
5918
5920
5926
5928
5928
5934
5934
5936
5938
5938
5938
5938
5942
5942
5942
5944
5944
5944
5944
5946
5950
5952
5952
5952
5956
5960
5964
5964
5966
5966
5968
5968
5972
5974
5974
5978
5980
5982
5982
5982
5984
5986
5986
5986
5990
5990
5994
5996
5996
5996
6000
6006
6008
6008
6010
6010
6012
6014
6014
6014
6014
6014
6016
6016
6016
6018
6018
6018
6018
6020
6020
6020
6024
6024
6026
6026
6028
6030
6030
6036
6038
6038
6040
6044
6050
6056
6058
6060
6060
6060
6060
6064
6064
6068
6068
6070
6072
6072
6074
6074
6074
6076
6076
6078
6078
6084
6084
6084
6086
6088
6088
6092
6092
6092
6094
6098
6098
6100
6102
6102
6104
6104
6108
6108
6112
6114
6114
6116
6118
6118
6118
6120
6120
6122
6126
6126
6128
6132
6136
6138
6138
6144
6146
6152
6154
6158
6158
6162
6166
6166
6168
6170
6172
6174
6180
6188
6188
6190
6194
6206
6206
6210
6216
6220
6222
6224
6226
6226
6228
6228
6230
6230
6238
6238
6238
6240
6240
6240
6242
6244
6254
6254
6260
6260
6260
6266
6266
6268
6274
6276
6282
6284
6290
6292
6292
6304
6304
6312
6312
6318
6322
6322
6328
6330
6336
6338
6340
6342
6346
6350
6352
6352
6354
6356
6356
6358
6358
6360
6376
6376
6378
6386
6400
6410
6414
6416
6424
6430
6452
6452
6454
6462
6468
6470
6472
6472
6478
6496
6504
6512
6520
6522
6528
6558
6564
6594
6598
6600
6612
6632
6648
6658
6674
6676
6724
6728
6760
6760
6766
6794
6796
6822
6822
6840
6854
6858
6872
6876
6906
6918
6928
6934
6944
6946
6946
6970
6982
6992
7012
7014
7016
7028
7030
7048
7090
7110
7130
7132
7138
7242
7276
7292
7338
7342
7352
7364
7400
7452
7464
7540
7542
7584
7600
7632
7648
7654
7754
7946
8080
8120
8126
8172
8200
8492
8576
8652
9152
9420
10022
10162
11496
14098
14400
15992
16216
17504
18334
18608
20688
21774
21966
24822
25010
25702
25862
30870
32268
32794
35128
37778
39878
113616
