Latencies
5154
5162
5176
5180
5188
5196
5202
5204
5204
5222
5230
5238
5238
5242
5246
5246
5254
5254
5256
5258
5262
5264
5266
5268
5272
5274
5274
5286
5286
5292
5292
5292
5294
5302
5302
5308
5310
5310
5312
5312
5314
5314
5314
5314
5320
5326
5328
5328
5332
5334
5336
5342
5350
5352
5356
5358
5362
5362
5366
5366
5368
5368
5370
5370
5374
5378
5382
5386
5388
5392
5394
5394
5396
5396
5400
5406
5410
5410
5412
5416
5418
5418
5420
5424
5428
5430
5434
5436
5436
5444
5444
5448
5448
5450
5450
5452
5454
5454
5456
5456
5464
5464
5464
5464
5470
5474
5478
5478
5482
5482
5482
5484
5486
5492
5492
5494
5496
5498
5500
5502
5504
5506
5514
5518
5526
5532
5534
5540
5540
5548
5558
5562
5568
5568
5570
5570
5574
5576
5576
5578
5580
5582
5584
5584
5586
5588
5592
5598
5598
5598
5600
5608
5620
5620
5636
5650
5650
5652
5652
5658
5662
5664
5666
5672
5674
5678
5680
5682
5684
5684
5688
5688
5690
5696
5708
5710
5714
5716
5716
5724
5726
5730
5740
5750
5752
5756
5758
5768
5772
5774
5780
5782
5786
5786
5786
5786
5794
5796
5798
5806
5810
5812
5812
5814
5814
5820
5820
5822
5824
5826
5828
5830
5836
5836
5838
5840
5840
5842
5848
5850
5852
5852
5854
5858
5860
5862
5864
5876
5878
5880
5882
5882
5886
5888
5892
5896
5902
5908
5912
5914
5922
5930
5930
5932
5938
5946
5950
5956
5958
5960
5964
5976
5976
5988
5996
5996
5998
6002
6006
6018
6020
6024
6032
6032
6034
6034
6056
6066
6078
6080
6080
6082
6084
6088
6096
6102
6106
6110
6110
6114
6124
6126
6128
6128
6136
6138
6150
6150
6156
6158
6166
6166
6178
6186
6208
6220
6226
6234
6242
6244
6266
6270
6278
6278
6284
6292
6304
6324
6340
6416
6418
6464
6466
6486
6488
6488
6490
6502
6512
6514
6548
6574
6610
6610
6620
6626
6648
6648
6696
6760
6772
6790
6808
6812
6812
6812
6814
6814
6816
6836
6836
6904
6930
6948
6948
6964
6978
6984
7004
7032
7076
7096
7128
7216
7262
7274
7284
7288
7288
7298
7314
7328
7334
7366
7368
7390
7408
7410
7414
7418
7428
7486
7500
7546
7548
7552
7582
7662
7668
7698
7706
7720
7770
7782
7792
7798
7808
7814
7834
7840
7866
7882
7916
7930
7950
7972
7978
8032
8042
8100
8114
8146
8190
8194
8198
8220
8236
8240
8260
8284
8368
8368
8378
8388
8406
8412
8416
8422
8546
8574
8630
8662
8676
8730
8806
8820
8826
8932
8984
9024
9038
9054
9188
9190
9258
9276
9292
9294
9296
9300
9416
9424
9472
9488
9500
9556
9610
9610
9636
9742
9804
9854
9864
9866
9884
9892
9914
9956
9998
10006
10034
10082
10156
10244
10244
10296
10310
10324
10356
10356
10376
10382
10398
10406
10426
10434
10442
10484
10520
10536
10562
10566
10592
10642
10700
10718
10720
10726
10784
10786
10800
10818
10838
10852
10922
10946
10974
11004
11036
11054
11168
11178
11208
11210
11216
11294
11310
11326
11326
11378
11390
11470
11472
11480
11488
11576
11616
11628
11680
11716
11720
11730
11744
11760
11764
11770
11772
11844
11866
11884
11902
11912
11946
11958
11978
12002
12022
12076
12098
12136
12152
12194
12204
12206
12208
12216
12224
12242
12288
12338
12372
12384
12408
12412
12430
12446
12528
12548
12576
12618
12694
12698
12704
12710
12726
12738
12780
12810
13008
13026
13072
13096
13112
13158
13282
13306
13350
13360
13390
13426
13440
13464
13492
13508
13540
13542
13546
13562
13606
13692
13710
13716
13716
13770
13786
13796
13798
13820
13908
13976
14078
14100
14112
14122
14128
14192
14222
14224
14238
14266
14308
14310
14324
14344
14376
14384
14388
14394
14422
14424
14432
14438
14444
14452
14456
14460
14466
14472
14476
14484
14498
14508
14510
14520
14520
14530
14536
14538
14538
14544
14558
14582
14584
14608
14616
14672
14674
14684
14712
14716
14716
14718
14720
14720
14726
14734
14752
14770
14774
14776
14794
14796
14804
14808
14826
14828
14830
14834
14842
14860
14864
14866
14882
14886
14896
14898
14900
14902
14910
14912
14932
14934
14946
14946
14946
14956
14960
14966
14972
14980
14986
14988
14998
15002
15010
15014
15020
15026
15028
15032
15034
15042
15044
15050
15050
15052
15064
15064
15068
15068
15070
15080
15084
15098
15102
15108
15108
15112
15116
15120
15120
15130
15132
15174
15176
15188
15188
15190
15192
15192
15194
15194
15202
15204
15206
15218
15220
15224
15228
15230
15230
15236
15238
15242
15242
15242
15248
15256
15258
15258
15258
15260
15266
15272
15272
15278
15282
15286
15288
15288
15290
15294
15298
15304
15314
15318
15332
15348
15348
15348
15352
15356
15374
15374
15374
15376
15384
15396
15396
15402
15412
15412
15436
15448
15454
15456
15480
15482
15492
15500
15516
15528
15536
15542
15548
15552
15558
15580
15584
15604
15666
15676
15678
15718
15722
15734
15740
15756
15758
15818
15818
15848
15874
15890
15912
15988
16042
16052
16178
16186
16226
16262
16272
16292
16306
16324
16368
16520
16558
16954
17114
17146
17152
17576
17922
18108
19000
19024
19076
19080
19108
19170
19206
19354
19432
19938
20318
20596
20684
20880
21284
21860
23006
23038
23344
23436
23966
24216
24300
24420
24496
24496
24572
24620
24664
24726
24816
24872
24958
25098
25124
25164
25252
25272
25412
25416
25472
25536
25740
30874
33420
34060
34672
34914
35120
36038
67646
116192
444864
