Latencies
5180
5234
5236
5270
5278
5292
5294
5302
5322
5334
5356
5378
5378
5382
5388
5394
5398
5402
5414
5416
5418
5420
5422
5424
5426
5428
5446
5450
5456
5470
5482
5482
5482
5486
5486
5486
5492
5508
5510
5522
5526
5532
5536
5548
5552
5558
5558
5562
5564
5574
5574
5580
5586
5588
5592
5594
5610
5610
5614
5620
5622
5628
5632
5634
5634
5638
5642
5644
5648
5660
5660
5662
5664
5668
5674
5676
5682
5684
5686
5698
5704
5706
5708
5708
5710
5720
5730
5736
5742
5744
5748
5752
5752
5756
5756
5768
5770
5774
5782
5784
5788
5792
5796
5798
5800
5800
5802
5806
5812
5826
5836
5840
5846
5848
5854
5860
5868
5878
5884
5886
5888
5894
5894
5900
5910
5916
5918
5918
5940
5972
5978
5978
5984
5988
5998
5998
6000
6004
6006
6010
6016
6028
6040
6042
6048
6052
6058
6072
6072
6084
6088
6106
6106
6124
6130
6132
6142
6156
6164
6184
6196
6202
6214
6228
6232
6236
6244
6264
6266
6272
6310
6334
6354
6364
6366
6376
6394
6404
6422
6428
6430
6434
6452
6464
6468
6470
6474
6482
6486
6488
6492
6518
6536
6560
6574
6608
6634
6662
6664
6668
6678
6700
6732
6734
6738
6766
6772
6796
6800
6818
6824
6834
6840
6864
6866
6916
6980
6992
7032
7034
7048
7102
7102
7102
7102
7144
7158
7174
7180
7192
7202
7214
7254
7274
7284
7290
7294
7304
7318
7360
7368
7384
7390
7396
7400
7472
7484
7486
7508
7516
7550
7576
7582
7628
7644
7688
7690
7720
7732
7734
7738
7758
7788
7798
7828
7836
7838
7858
7872
7876
7908
7910
7918
7920
7928
7942
7956
7962
7982
8006
8020
8022
8028
8104
8114
8140
8174
8180
8186
8210
8216
8228
8228
8232
8274
8280
8290
8304
8308
8320
8330
8356
8400
8428
8448
8460
8506
8524
8548
8552
8622
8634
8638
8648
8686
8690
8708
8720
8728
8752
8768
8780
8792
8798
8814
8896
8912
8962
8968
8978
9118
9122
9152
9160
9174
9182
9184
9208
9222
9224
9236
9254
9308
9308
9318
9328
9332
9374
9378
9424
9432
9434
9436
9442
9450
9470
9480
9482
9484
9502
9508
9508
9528
9534
9550
9578
9598
9616
9642
9646
9660
9682
9698
9722
9746
9756
9768
9776
9778
9798
9814
9818
9836
9856
9866
9872
9884
9890
9896
9948
9964
9966
9974
9986
9996
10018
10030
10072
10076
10158
10206
10232
10248
10276
10310
10324
10338
10378
10386
10420
10430
10452
10460
10484
10528
10536
10578
10582
10592
10606
10626
10632
10632
10634
10660
10662
10670
10676
10680
10694
10696
10712
10722
10734
10750
10766
10788
10796
10828
10830
10838
10840
10842
10852
10858
10884
10886
10952
10988
10998
11040
11046
11074
11082
11092
11100
11124
11144
11154
11162
11186
11186
11194
11210
11212
11226
11272
11310
11320
11332
11376
11380
11390
11396
11462
11468
11476
11476
11502
11514
11532
11544
11580
11594
11604
11616
11618
11626
11628
11628
11630
11634
11662
11706
11708
11724
11736
11742
11752
11784
11798
11810
11814
11816
11838
11842
11874
11888
11900
11906
11976
11982
11988
12000
12046
12048
12066
12092
12094
12102
12112
12126
12132
12140
12160
12172
12226
12232
12238
12298
12330
12360
12366
12376
12388
12424
12434
12440
12452
12492
12508
12564
12578
12600
12606
12608
12614
12616
12638
12646
12652
12662
12682
12726
12756
12766
12782
12784
12792
12796
12808
12810
12834
12860
12890
12890
12898
12906
12910
12928
12978
12988
12992
12992
13006
13018
13056
13128
13168
13174
13178
13192
13208
13240
13306
13310
13312
13332
13364
13364
13376
13408
13416
13422
13440
13460
13462
13478
13484
13512
13528
13534
13536
13542
13612
13632
13654
13658
13672
13686
13702
13710
13718
13724
13736
13738
13744
13746
13760
13800
13810
13812
13850
13856
13872
13874
13900
13904
13920
13934
13966
13968
13970
13978
13980
13986
14000
14008
14018
14022
14036
14042
14058
14060
14064
14090
14104
14106
14112
14130
14140
14170
14194
14198
14200
14206
14212
14222
14222
14226
14226
14246
14248
14250
14256
14260
14268
14272
14274
14288
14288
14292
14302
14324
14328
14332
14334
14348
14352
14358
14358
14360
14364
14366
14368
14372
14372
14380
14398
14402
14420
14424
14446
14450
14450
14450
14470
14472
14484
14492
14506
14518
14520
14526
14532
14534
14536
14540
14548
14554
14556
14576
14582
14586
14590
14598
14608
14608
14614
14614
14614
14622
14626
14630
14632
14634
14636
14644
14658
14660
14664
14666
14668
14676
14682
14682
14690
14692
14704
14706
14710
14712
14714
14718
14722
14726
14726
14726
14730
14734
14740
14752
14762
14764
14766
14766
14772
14778
14784
14784
14786
14786
14788
14792
14792
14796
14798
14802
14806
14808
14810
14818
14822
14834
14836
14840
14844
14854
14856
14868
14872
14872
14874
14876
14876
14880
14884
14888
14888
14896
14898
14898
14904
14916
14916
14930
14930
14938
14944
14950
14950
14952
14958
14960
14968
14982
15004
15004
15008
15018
15020
15020
15024
15034
15038
15044
15048
15050
15050
15054
15056
15058
15060
15060
15066
15066
15068
15068
15068
15074
15082
15084
15088
15094
15098
15100
15108
15108
15112
15112
15112
15114
15114
15116
15116
15124
15126
15128
15136
15140
15142
15150
15154
15168
15170
15174
15178
15184
15188
15194
15196
15200
15202
15202
15206
15208
15210
15212
15216
15216
15230
15238
15242
15242
15244
15246
15250
15254
15260
15262
15266
15274
15280
15284
15292
15294
15298
15300
15300
15310
15320
15326
15326
15330
15344
15360
15372
15374
15376
15378
15386
15424
15438
15444
15450
15490
15498
15500
15506
15528
15530
15536
15540
15618
15622
15624
15632
15634
15648
15650
15658
15662
15684
15688
15720
15722
15732
15736
15740
15752
15768
15812
15812
15856
15858
15864
15920
16018
16022
16096
16318
16572
18388
19172
19892
20392
21172
22586
22624
22802
23830
23988
24234
24402
24566
24778
24790
24924
25164
26092
26094
26718
27714
27908
29262
29454
30552
31538
31700
32470
33112
34538
34854
39556
45482
49018
89578
399848
428232
