Latencies
5156
5178
5182
5196
5208
5226
5236
5246
5248
5250
5254
5260
5270
5270
5272
5274
5274
5274
5274
5280
5282
5284
5288
5290
5300
5308
5310
5312
5312
5314
5320
5324
5330
5330
5336
5338
5348
5366
5370
5372
5372
5392
5400
5406
5408
5414
5416
5416
5420
5424
5426
5428
5444
5454
5464
5464
5468
5472
5476
5486
5492
5492
5494
5506
5510
5522
5530
5536
5538
5546
5550
5562
5580
5584
5584
5586
5592
5594
5596
5600
5606
5608
5612
5640
5652
5688
5690
5696
5698
5708
5710
5718
5734
5746
5746
5756
5764
5766
5774
5776
5786
5800
5806
5808
5808
5816
5828
5832
5844
5846
5848
5862
5868
5874
5886
5886
5894
5894
5902
5908
5926
5926
5926
5956
5978
5994
5996
6000
6004
6018
6024
6028
6032
6032
6044
6044
6046
6068
6072
6072
6096
6106
6112
6146
6148
6152
6154
6156
6160
6162
6184
6200
6200
6202
6212
6214
6214
6222
6228
6246
6248
6256
6258
6264
6276
6310
6312
6316
6326
6328
6328
6338
6352
6356
6388
6402
6406
6412
6414
6444
6450
6458
6462
6502
6524
6528
6536
6552
6554
6582
6582
6590
6590
6590
6592
6610
6624
6628
6630
6640
6652
6658
6676
6680
6682
6708
6720
6730
6744
6758
6774
6778
6786
6794
6820
6822
6824
6828
6850
6888
6894
6898
6932
7014
7016
7018
7050
7054
7058
7074
7078
7078
7086
7118
7124
7150
7160
7162
7162
7222
7234
7244
7276
7282
7356
7374
7386
7390
7398
7414
7426
7442
7450
7476
7490
7538
7548
7562
7568
7584
7600
7600
7622
7628
7654
7662
7692
7716
7742
7752
7766
7768
7772
7792
7802
7802
7816
7830
7830
7852
7854
7858
7904
7910
7910
7926
7938
7950
7954
7972
8000
8066
8138
8154
8172
8182
8242
8268
8278
8282
8298
8308
8312
8326
8326
8330
8352
8370
8436
8460
8470
8476
8478
8500
8520
8526
8532
8532
8554
8554
8558
8582
8622
8628
8648
8664
8688
8712
8712
8716
8722
8762
8784
8794
8794
8796
8802
8836
8852
8866
8868
8870
8906
8940
8944
8944
8970
8974
8978
8982
8988
8992
9006
9030
9032
9068
9090
9090
9092
9096
9106
9118
9124
9138
9172
9174
9176
9184
9192
9204
9208
9216
9232
9250
9276
9288
9290
9310
9334
9336
9350
9354
9386
9394
9406
9482
9488
9510
9534
9542
9554
9556
9586
9586
9598
9604
9672
9682
9686
9694
9704
9706
9716
9718
9734
9738
9740
9782
9800
9822
9834
9834
9854
9854
9858
9860
9874
9922
9948
9958
9962
9976
9992
10012
10020
10044
10056
10078
10080
10102
10116
10130
10136
10192
10192
10204
10226
10240
10254
10262
10296
10320
10338
10356
10368
10384
10386
10414
10440
10440
10448
10470
10472
10474
10478
10506
10570
10586
10592
10596
10612
10632
10634
10640
10648
10660
10662
10678
10682
10698
10702
10716
10732
10736
10742
10748
10758
10760
10768
10772
10778
10796
10816
10834
10850
10882
10884
10894
10912
10912
10914
10926
10930
10938
10940
10942
10950
10976
10976
10980
10986
11000
11012
11014
11020
11038
11064
11076
11116
11150
11156
11168
11168
11202
11216
11220
11238
11252
11322
11326
11342
11350
11368
11382
11392
11406
11418
11438
11460
11466
11494
11518
11520
11524
11544
11548
11550
11564
11572
11574
11610
11660
11668
11682
11684
11688
11692
11698
11712
11716
11734
11748
11764
11764
11766
11772
11800
11802
11822
11874
11878
11890
11908
11912
11916
11940
11978
11988
11996
12002
12004
12006
12012
12026
12036
12068
12082
12100
12118
12124
12128
12130
12134
12164
12186
12196
12204
12226
12246
12252
12272
12276
12296
12324
12332
12340
12342
12346
12350
12356
12362
12374
12376
12394
12400
12408
12412
12420
12422
12432
12442
12510
12514
12530
12534
12554
12584
12608
12616
12618
12626
12692
12696
12698
12700
12706
12712
12726
12742
12752
12770
12772
12774
12818
12832
12834
12836
12852
12896
12904
12920
12926
12954
12974
12974
12980
12986
12992
12996
12998
13010
13052
13124
13154
13158
13186
13194
13208
13208
13228
13238
13242
13254
13258
13266
13268
13290
13294
13300
13300
13312
13332
13342
13352
13386
13394
13402
13436
13440
13448
13458
13472
13490
13498
13508
13524
13526
13560
13564
13574
13576
13602
13606
13672
13694
13716
13732
13752
13770
13782
13802
13804
13826
13860
13880
13910
13960
13966
13970
13986
13996
14034
14060
14060
14074
14086
14100
14112
14122
14138
14156
14186
14206
14216
14220
14234
14252
14264
14268
14272
14298
14298
14318
14366
14376
14376
14404
14418
14420
14420
14442
14444
14448
14452
14518
14530
14544
14550
14554
14562
14578
14582
14590
14592
14594
14596
14608
14610
14622
14624
14632
14638
14638
14642
14648
14648
14652
14658
14660
14680
14682
14688
14716
14718
14726
14732
14736
14750
14760
14776
14778
14786
14798
14800
14804
14816
14818
14828
14844
14848
14852
14868
14882
14882
14884
14886
14908
14930
14940
14952
14952
14952
14958
14958
14960
14968
14972
14974
14976
14994
14994
14998
15000
15002
15014
15016
15022
15028
15042
15042
15042
15044
15044
15046
15050
15050
15060
15062
15066
15066
15072
15082
15090
15090
15128
15130
15142
15142
15146
15152
15166
15170
15174
15180
15182
15188
15194
15194
15198
15204
15204
15210
15210
15212
15218
15222
15240
15244
15258
15258
15274
15284
15284
15286
15288
15298
15302
15304
15310
15312
15330
15336
15342
15360
15362
15372
15378
15380
15382
15384
15384
15390
15398
15404
15410
15420
15426
15446
15452
15458
15470
15472
15474
15480
15482
15488
15494
15510
15514
15520
15526
15534
15544
15544
15564
15568
15586
15616
15616
15644
15646
15646
15662
15670
15684
15708
15714
15722
15754
15774
15782
15782
15782
15830
15832
15836
15852
15886
15900
15906
15930
15950
15974
15982
16050
16100
16162
16194
16282
16972
17288
18016
18930
19536
19570
19702
20382
22616
23546
23834
24002
24260
24272
24324
24358
24498
24740
24774
24842
24976
24982
25176
25404
25728
26868
27044
27260
29982
30470
32322
33796
36232
69668
143214
