Latencies
6620
7098
5298
5138
5928
5402
5804
7020
6158
5314
5768
5358
5336
5338
5418
5766
5410
5246
5142
5570
5390
5272
5912
5322
28914
5138
5268
5482
5564
6068
5720
5256
5614
5194
6062
5430
5452
5214
5578
5240
5526
5394
5358
5862
5806
5358
6284
5622
5312
5984
5652
5340
5626
5280
5656
5266
5920
5134
5496
5850
5212
5048
5302
5288
11432
5212
50380
10628
5408
5258
5412
5252
5104
6828
8846
5496
5596
5200
5448
16940
6010
5982
6040
5970
5296
5178
6670
5624
6616
5874
5142
6222
6730
5822
5178
11078
5234
5168
5348
5452
5308
5600
18868
5486
5286
6062
5280
5366
5322
5234
41132
5118
5726
5384
5336
5262
5284
5398
5296
9754
5352
5220
5232
5300
5600
5326
5408
6198
5172
20684
5212
6754
5316
5374
5966
5640
5522
5240
5274
5728
5292
5214
5242
5340
5836
6034
5330
9342
5908
5374
6456
5288
5916
5222
5248
5240
5302
5216
5216
6212
5300
5164
5024
5290
5300
50068
5328
5228
5684
7108
5506
5326
5248
5392
5368
6050
5324
5222
5538
5268
5902
5290
5948
5802
6096
5380
5206
5244
5796
6582
5736
5502
5176
6380
5790
6512
35670
5754
5956
5966
5372
5196
6010
6456
6084
6496
5206
5306
20810
5184
5180
5344
6882
5300
5574
5192
5206
5252
5284
5258
5582
5492
5858
5414
5318
5236
5284
6102
5630
5252
5492
5852
6078
5214
5360
5220
5438
5264
5538
6182
22272
5444
5378
5902
6002
5194
5200
5368
5792
5324
5388
6040
5930
5208
5684
5222
5184
5330
11138
15332
5268
5298
5214
5336
5066
5184
5064
5806
17796
5272
5772
5458
5246
5080
5144
12550
5420
5318
7776
5192
5162
5150
5404
7504
5642
5868
5436
41188
10954
5456
5960
5150
5224
6282
5770
5228
5512
5584
5430
7304
5318
5254
5656
5360
5438
22518
5244
6794
5206
5158
5262
5256
5470
5346
5076
5256
5270
5400
5106
5178
5952
6290
5194
5230
23904
5646
5352
5300
35670
5270
6006
5150
11038
5228
5966
5118
5600
5118
5440
5202
5576
5700
5110
5268
15814
5266
5216
5250
5260
5528
5328
5386
5220
5324
13782
5310
5054
5658
5574
5350
5192
5956
5538
5518
5246
5240
5986
5584
5728
5596
5200
30544
5286
28380
5478
5244
5046
5556
12714
5224
5354
5206
5240
5274
5172
5274
10500
7180
5456
6018
5482
5216
8426
5956
5050
15066
5280
5244
5130
5312
5924
5398
5212
5272
5236
6028
5282
5638
5862
5332
8604
5496
5550
5878
5222
5286
5764
5230
6184
5196
5192
5172
5676
5294
14526
5772
5390
5242
5304
5260
5258
6014
5250
5114
5212
29464
5572
5922
5414
24428
5728
6354
6024
5616
5366
5884
5264
5174
5166
5772
5238
5270
5280
5342
6148
5258
5226
5246
6320
5374
5386
5270
40386
40974
5490
5704
5376
5806
5532
14656
5214
5184
5198
5390
5208
5310
5570
5288
5450
5562
5468
5282
36140
5328
5292
5342
5124
5348
12890
5282
5152
5370
5318
5300
5496
27872
6694
6312
5352
5734
5066
5210
5560
5116
5062
9230
5406
5428
5260
5656
5248
5260
17028
6240
5302
5118
5190
5118
5198
5104
5220
7048
5304
5986
5560
5814
5750
5358
5264
6520
5618
5422
5260
6114
6506
5460
5796
5220
5358
5448
5222
5998
5276
5248
5754
5746
5622
5174
5150
5114
5226
5392
5312
5286
5836
5216
5332
11406
5338
5472
5990
5242
21552
5914
6190
5754
5398
6032
5586
5706
6912
5440
5234
5228
5120
5388
5396
5424
5152
5670
5260
5304
21748
5942
5408
5548
5378
11482
5448
5904
5770
5142
10578
6232
5386
5172
5116
5164
5816
5056
5216
5314
5244
5008
5716
14780
5118
5190
5256
5162
5222
5586
5440
5424
5212
5244
5822
5432
17680
30284
5136
5096
5226
5208
13658
5136
5898
5250
5434
5098
5220
5430
5526
5510
5170
5938
5174
5510
5296
5078
5846
5590
5080
8852
5566
5300
5996
5366
5418
5378
5308
5794
5776
5558
5766
5170
5702
5384
5312
5364
6030
5348
5562
5264
5332
5228
5300
5928
5318
5414
5256
5278
21282
5362
5576
5696
5204
6060
5746
5652
5622
5924
5394
5428
5756
5256
5226
5612
5364
5320
6176
5132
9782
5548
5322
5350
5232
14996
5154
5044
5486
5248
6246
5462
5846
6066
6018
5438
6294
6032
26030
5192
5250
5918
5362
5834
5648
5208
5378
5436
5308
5280
6088
20646
5348
5972
5804
5312
5064
5224
5394
5306
5132
5666
5688
5382
5786
5242
5474
5048
5164
5408
35430
5364
5316
6268
5340
24484
5290
5656
5070
5776
5066
5716
5300
5366
5262
5236
5272
6254
5266
11982
5550
24200
42998
5408
5540
6584
5334
28514
5366
5252
5398
6298
5306
5352
12352
5896
5326
5434
5930
5358
29842
5988
5348
6426
5834
5274
6426
5306
35408
14954
29884
5572
5596
6362
11712
5322
5382
10582
5708
5460
5476
5538
6666
5300
5702
5294
5696
6130
5948
9586
5074
5332
5388
5174
5370
5164
5608
5134
5856
5690
5258
7564
8832
8244
7216
6198
7108
8064
5926
5274
5250
5338
5754
6150
7612
6064
6672
5982
6658
6208
6308
7920
6682
6814
5592
5584
5320
5340
5296
6306
5250
6014
35328
5758
5178
9170
5190
5180
5360
5244
5110
5164
5324
5500
5630
12676
5216
5918
5692
5534
5742
5244
5656
5132
5246
5104
10558
5542
5286
7674
5358
6804
5158
5374
5142
22514
5044
5378
10077328
5422
5318
5176
12392
5220
5204
5216
5246
5056
5478
5364
5198
13558
5510
5274
5018
5254
6418
5274
5394
5150
11294
17930
5944
5568
38944
5522
5278
5304
5652
5154
9948
8070
5156
5154
5620
5080
5830
5886
5358
5614
5268
5322
5208
5174
5344
5246
5650
5246
5310
5218
5216
5618
5220
5908
5162
31732
5418
5988
5984
5214
5180
5718
5108
5286
5218
33740
5232
5044
5730
5294
24654
5186
5084
5106
5044
17732
6096
5232
7786
16678
5384
5464
5256
5296
32574
5318
5236
5406
5198
20778
24520
5212
5218
5270
5708
5378
5294
5940
5206
5702
5480
5228
18804
5394
5254
19174
5218
5660
5372
5420
5598
5122
5660
6304
5218
5346
5214
5704
5094
21392
5290
6270
5242
14860
6200
5472
5528
5994
5376
5722
5320
5370
5784
20216
8182
5256
5234
5606
27974
5480
5254
5298
5138
5144
5252
5516
5282
5348
6072
5360
5558
5282
6930
14014
5246
12454
5764
5980
6006
5242
5294
5598
5276
5806
5492
5812
11918
5268
5446
5200
5440
5610
5426
6512
6190
8900
9008
6266
6006
9232
9844
5316
6130
6148
10644
12906
43230
5362
6068
13904
5314
8316
5456
5610
5732
6824
5486
6464
5400
5424
5168
5922
5544
5688
5458
5310
5252
6820
5454
5318
5888
28250
5426
6152
16888
5374
5736
5210
5248
5800
5584
5678
5436
5350
5372
35326
23916
6006
12642
6580
5442
5528
5376
6496
5384
5392
5272
5310
6282
5660
5354
5348
5384
5308
5414
5258
5388
5422
10342
5574
5424
5330
5286
5740
5494
5816
6318
6268
5390
5612
5792
5576
5492
5570
5304
5658
12080
5436
5606
5268
5250
5824
5212
15720
5270
5170
5304
5604
5370
5100
5374
5362
5418
5836
5374
5980
5366
23776
5742
5350
5928
5178
5296
5736
5224
5272
5744
5374
5556
5786
5228
5588
5544
5306
26892
5358
5130
5554
28240
23802
5914
5554
6000
28684
5946
5234
5280
5338
5240
6200
5090
5734
6150
5202
5062
5222
5162
5428
12058
5644
5776
5330
5836
5484
5296
5744
5242
5342
5980
5288
6352
5896
5484
5854
5208
35366
5182
5366
6228
5154
5232
5516
36786
6124
5514
5344
25376
5554
5402
5392
5592
5308
5288
5292
5524
5792
5312
5356
5180
5278
5328
5192
6232
5520
10100
5282
5434
5258
5292
5616
5304
5396
5416
5538
13736
5260
5268
5488
5644
5362
6936
5526
5624
5258
5284
5442
5410
5328
5412
5734
5514
6102
5202
5992
5304
5850
5282
5658
5596
5260
5306
5182
6242
6230
5284
5300
5950
5650
5488
5312
5320
5634
5550
5252
5394
5406
5344
6088
5242
19462
28196
5474
5536
5428
6052
5188
6114
5352
5084
5248
5280
5524
5364
5290
5428
6470
22388
5446
5210
5220
5378
5850
5774
23672
5440
6170
5154
5032
5316
5356
6102
5174
5522
5226
5448
5916
5194
5774
5462
5486
5120
5202
5498
5410
5808
14214
17698
5408
5748
5252
5324
5902
5334
5938
24134
5620
5826
5928
5298
5428
5938
24830
5278
5542
5328
5900
5418
5682
5300
35402
38014
5554
5268
5904
11492
5476
5256
6010
5318
6198
5288
5270
5316
5184
5330
5218
5522
6572
5472
6038
5314
5716
5274
5566
5358
5426
5330
5218
5706
20044
5272
5330
5256
5256
5406
5222
41098
5218
5252
6082
6068
21456
5474
5744
5440
5416
5260
5348
5358
5264
5240
5288
5246
6280
5322
17236
5446
5254
6472
5666
5938
5212
5308
5672
23260
5632
8856
5302
19498
5180
6032
5334
6008
5288
5566
5844
5680
14452
5312
5088
5138
6108
5786
5382
5684
5298
5338
5406
5690
5502
5374
5872
5962
5392
5702
6094
6058
5260
5282
5108
5738
30914
5102
5312
5112
6006
5884
5232
5252
5866
5302
6510
6036
5474
5352
5140
5268
5864
5794
5240
17402
5700
5352
27316
5270
5206
6112
5240
5274
6522
5662
5760
5302
5246
20038
5246
5506
5294
16848
6112
5614
5300
5318
5526
5944
5484
6154
5934
5464
10108
5602
6058
5258
5266
5300
5312
5262
5366
5666
8598
22732
5324
5236
5700
20672
5350
6080
5500
6070
5442
5486
5250
17084
5268
5458
5404
5572
5892
5270
5578
5650
5402
6088
5200
6126
5212
5302
5618
5262
5270
5218
6800
5436
5454
12156
6486
15900
25118
5384
5586
5362
7690
5294
5164
5316
5928
5276
5256
5292
5624
5170
5710
5258
5496
5198
5888
5278
5602
5374
5126
5120
5164
5822
5276
5302
28194
5520
6140
5206
21794
5392
5176
5246
5320
10858
5212
5228
5346
5184
5132
5264
5530
7026
5442
5428
5944
5540
5302
5582
12524
5380
5130
5406
6358
5942
5596
5290
5078
5282
5358
5124
5292
5848
5056
5184
27138
6098
6664
29960
5554
5342
6008
5572
5368
5582
5622
6054
5112
5450
5610
5284
5078
5124
5092
5342
7108
5182
5280
5258
5226
6002
5952
5374
5536
10854
5198
29594
5492
22612
5880
20882
5394
6198
5264
5392
5164
6086
5284
5566
5174
5334
5266
5932
5776
5604
5212
6662
5398
6180
6004
5722
5322
5980
5770
6586
5284
5398
5590
5550
6106
5178
36418
5734
5404
18216
5300
6988
5506
38704
5424
5378
6490
5374
29768
7382
5220
5392
5504
5400
5302
6860
5462
5912
5836
5310
5416
13962
5862
5520
5302
5242
5276
5380
10360
5436
5408
6434
24406
6396
5616
5688
5342
5366
5316
5510
5394
5372
5494
5296
5138
5312
5328
6382
5708
6286
5682
5290
5330
5916
5228
14006
5292
5388
22966
5532
5304
5688
5314
5416
5424
5396
5210
5358
6080
6244
5268
5926
7120
5586
5490
5512
5542
6080
5362
5350
5588
5206
5264
5470
5628
5336
5372
25622
5466
5446
12250
5638
5844
5376
5458
6038
5492
5618
5356
5282
5508
5266
5398
5326
5224
5682
23386
5464
5462
5462
5932
5810
5378
6282
5484
5294
5592
5590
35216
5302
5570
5384
5256
5200
5396
5408
5372
6592
5228
5274
5316
5540
5444
5852
5472
5534
6126
5448
5428
5222
5216
5396
5232
5284
5282
5664
5914
5394
5844
6484
6746
5224
5984
5426
28240
5314
5428
5520
5268
5574
5870
5288
5220
35508
5248
5744
5312
5328
5772
5418
28580
5230
5556
5288
5552
5696
5258
6530
11540
5518
5254
6474
5314
5996
6856
10804
5364
5204
5648
5726
5848
5280
5942
5676
31696
5740
5850
5348
5238
12906
5454
5218
5968
5802
5398
5718
5348
5354
5256
5788
6142
5360
25462
6678
5296
5254
6264
5390
5404
5398
6026
5442
5220
6014
23482
