Latencies
6322
27050
6304
5704
25480
5478
5336
5918
7508
6046
5500
6118
5474
5486
5366
5364
5346
5486
5846
5210
5332
5862
5332
16174
18700
11058
6292
6836
5726
5826
5668
5266
6076
5706
5250
5950
5240
5246
5214
6756
23128
20070
5300
5810
5318
5310
5284
5170
5510
5378
5364
5648
5280
5346
5320
20656
5306
24700
5256
5308
5624
5608
5258
5368
5252
5290
11284
5136
5678
6094
26588
5998
5902
5272
5694
6550
12408
5372
25836
5720
5544
5242
5378
6092
5274
8336
8674
5976
5334
5464
5552
5378
5332
5792
5664
27866
5302
5454
6008
6352
5760
5242
5874
5260
5472
5422
5846
5250
5268
5238
5566
5240
5298
5214
5314
5428
5422
5564
5188
6016
5416
5452
6018
5528
6008
5146
5752
25692
5530
5494
8546
5588
5248
5466
5116
6276
5508
5382
5258
6556
35066
5344
38258
5568
5726
5378
5210
5916
5234
5166
5510
5726
5644
5430
34690
6538
5536
5288
6356
5324
6180
5372
5266
5548
5558
5328
5388
5572
5630
5950
5280
5270
5218
5362
5360
5400
11508
5298
5400
35018
18680
6028
5848
5446
5296
5376
6244
5386
5346
5258
6314
38996
31974
5134
5194
5358
5524
5578
5222
5646
5192
17502
5494
5352
5166
5692
5544
11216
7806
5630
5864
5690
5678
8168
6690
5574
7746
52988
5332
8244
5698
6230
25144
5898
5364
6014
5476
6194
5406
5520
5646
5386
5586
5564
5682
5858
41212
5366
5506
5442
5500
5456
5326
5416
5750
5974
5656
5822
6464
5358
5934
5628
5316
5386
5342
5436
5324
5868
6354
5418
5340
5770
5156
5218
5520
5408
5626
5250
5258
5546
5646
24762
5142
5726
5484
5794
5880
5580
5162
5100
5268
5408
5290
5408
5818
5236
6600
5274
5600
5526
5466
5776
5710
5422
5358
6012
6058
5332
5114
5344
17966
5366
5300
5378
5374
5460
5218
5348
21630
19364
5628
6050
5374
6592
19128
5834
5570
26492
6208
5136
5188
5332
5266
5116
5338
5634
5196
5346
5390
22934
5334
5318
5444
5820
39814
11548
5444
5356
5220
5756
5554
5722
5328
5156
5392
5266
5920
5510
5336
8866
5860
5520
6424
35516
5510
5850
17102
7132
5944
5264
33016
5400
5808
5356
5920
5206
5276
5246
5206
5962
5270
5252
5330
5326
5886
6004
5434
5256
5336
5500
5474
5292
5678
6722
5452
5676
5308
8898
5382
5336
5478
5310
5328
5682
21366
5528
5336
5142
6120
5606
5284
5194
5144
5236
5642
6308
5922
5364
5560
5552
7918
6094
5274
5130
9536
17036
6498
10100
5334
5220
5828
5508
5346
5770
5246
5264
5682
29322
5214
5434
5368
15972
5296
5366
5464
5334
5950
5614
5346
5318
5660
5490
5158
5320
5472
5170
5206
6028
5228
5268
6200
5522
5754
5644
5224
32020
5242
5482
5130
5308
5242
5102
5740
5646
5170
25270
5112
5286
5190
8086
5174
22364
6028
29806
36226
5248
5312
6010
5310
5198
6126
6078
5600
5788
41586
5856
5320
6156
40694
5656
18280
5956
5456
5374
6986
5238
5488
5228
5206
13144
5674
5400
5600
5054
6086
5638
35042
5318
5374
5234
53390
5780
9126
5420
5294
5384
5688
6496
5356
5284
5342
5456
5168
5218
5152
5628
6452
5926
7508
5542
5350
5984
5368
418158
5502
5264
5694
5976
6038
5354
5878
5206
5716
19356
5380
6032
6292
5548
6392
5792
8754
6966
8042
8810
5580
5194
5286
5100
5756
5270
5738
5314
6816
5198
5324
24154
7990
5580
5330
23842
6400
5338
5628
5326
5306
6190
5298
12180
5382
5228
10386
5216
6166
5322
5138
5292
5332
5598
5600
5326
5328
5334
5532
5308
5738
5250
5334
5278
5992
26482
5950
6010
5880
5978
5296
5506
5590
5538
5912
5154
5812
5686
5646
6074
5816
5860
14522
5602
5788
5342
5382
5296
5348
5252
5608
5306
5590
5440
5384
6038
5364
5412
5316
5314
5270
19806
5734
23174
5278
5280
5698
5352
5930
5286
16740
6268
5546
5806
5352
5292
5382
5928
5752
5840
5294
5316
9678
5200
13496
5896
5586
5482
5362
5316
5368
5330
5654
5342
6180
5220
6072
5470
5422
5606
5336
5188
6044
5544
5600
5246
5234
5368
10776
6460
5208
5588
5964
5340
5998
10464
5496
5302
5222
5466
20534
26314
6066
5880
5378
5300
6868
6698
5406
12294
5550
5316
6162
5584
5504
5464
5500
22392
5522
23526
6116
5408
5340
5742
5294
5322
5228
5392
5824
5972
9364
6132
5258
6110
5814
5192
5770
5398
5482
5356
5436
5822
5650
5556
5638
5306
5188
7260
6004
5672
5632
5808
5332
5324
5268
5342
5310
5846
5442
5340
9056
5354
5726
5336
5140
5374
24036
5298
5252
6066
5398
5508
5422
5940
5190
22700
6420
5264
8186
5658
5656
5290
5530
5752
5360
5482
5238
5758
5810
5330
5294
6524
5590
5272
21942
5454
6044
5188
8002
5426
24502
5266
5366
5458
5162
5372
5236
5400
5350
26700
5992
5166
5288
5700
5238
5380
5390
5686
5230
30824
5294
14372
6094
5358
5362
5602
5284
5514
5376
6274
6586
5280
5512
5688
5788
5312
5206
5642
13524
5306
6968
5220
5248
5796
5188
5488
5696
5386
5496
5302
5452
5476
5906
5522
5238
5368
10836
5236
6312
5850
5658
5622
5650
6124
5546
12412
5546
5296
5742
5134
5400
27364
5114
30814
5478
5272
5100
5150
5502
7508
5278
5388
5284
10064
25676
5472
5064
5140
5314
6056
5336
5932
6102
22152
5806
28318
5244
5480
14448
5384
8700
5400
5264
5370
5700
5186
5122
5172
6538
5740
5122
6118
5524
5620
5572
5248
5228
5134
5286
7286
33080
5306
5716
5166
5448
5672
5232
5256
5228
5482
6182
5286
7538
5708
5144
11740
5610
5366
34974
5154
5136
6194
5430
5216
5166
6174
6424
5566
5392
5504
5270
5828
5168
16494
5300
5620
5270
5380
5376
5086
5344
23492
10256
5350
5528
5426
6122
5340
6238
5178
5422
5292
5286
5142
5714
10530
5762
5364
14222
21922
6366
5736
6024
6012
5908
5876
5798
5498
5914
5932
5302
5276
6080
12930
5842
5516
6158
6188
5646
5204
5378
5350
5322
10380
5668
5222
5424
5666
5922
5204
5240
5262
5304
5388
5890
5390
5636
5376
5474
5216
6344
5470
5312
5870
5386
5388
5690
5812
5706
5332
5462
5738
6020
5804
6246
5452
5242
6242
5444
5538
5330
6228
15438
6180
21472
6694
5258
5282
6154
5354
5374
5926
5278
6636
5242
5232
5284
5352
27204
6078
5332
5214
5554
6576
5222
5164
5314
5346
5254
5280
5594
9038
5986
5312
5130
5382
5976
5566
5564
5450
5790
6274
5368
5682
5996
6114
5418
5170
5432
5174
5150
6016
5896
5808
17188
5338
6034
5658
5290
5332
5482
5440
5362
5260
5580
5588
6388
5324
5292
5206
5742
5304
6250
5240
5732
5524
6646
13450
5360
5424
5422
5320
5292
6052
5708
14790
6218
5522
5262
5342
5996
5330
14566
6042
5648
14340
5614
25034
5492
5860
5456
5592
5356
5926
5262
5340
6088
5230
5666
5612
5406
11838
5932
6042
5860
5862
5260
5346
5792
5390
5274
5364
5406
5230
5952
5830
16848
5360
5852
5966
5262
6210
5410
5906
5298
5334
5342
5356
5224
5318
6040
5902
5328
5240
22814
5994
33228
5316
12192
6244
5154
7800
19244
5872
5280
5408
6782
5978
5396
5372
5400
6050
5720
5842
6148
5684
6040
6672
5682
5224
5528
5540
5368
5246
5348
5352
5288
5494
5408
5590
5372
5340
5598
5344
5930
5546
6108
5958
5404
5870
5384
6074
5372
12114
5300
6754
6010
6136
5432
6246
6020
6492
5570
5296
5426
5336
5400
6202
5266
5362
5842
5326
5292
5868
6520
36756
5662
5232
5642
5476
21320
5582
5246
6024
7316
7702
28290
5590
5244
5844
5224
5264
9134
5408
5322
5822
5364
5680
5586
5272
5142
6196
5686
7174
6314
6198
6058
5238
5442
5402
5368
5360
5404
7292
7230
7334
5516
7452
5586
5596
6816
34066
5376
11066
5304
21012
6534
7368
5332
5934
5366
14546
5734
6534
29142
7622
5658
37354
5404
5576
7640
11676
6116
5286
5664
12120
15322
7780
5514
5650
5258
5744
9850
5236
5974
20284
6082
5786
8010
5400
6356
5400
17846
5870
26106
6658
5980
5388
5380
5216
5240
5216
21566
5700
5278
6236
5758
5258
30412
5970
5552
32564
5324
5306
5444
5326
16196
5282
5390
5150
5788
23494
5318
6288
5764
5606
5772
13800
6592
6146
6004
6622
20942
5816
5316
5242
5664
5346
5718
18276
5612
11650
5424
5364
5202
5780
5470
15992
5386
5688
5166
5498
5414
5246
5382
5168
5220
5364
5250
6186
5244
5182
5644
5232
5786
15242
5420
5292
5320
5592
5164
6358
6074
5554
5958
5386
5986
5510
5342
5250
5200
6108
5714
5428
5246
5256
5254
40984
5838
5158
5414
6080
5290
5346
5308
5272
6248
5362
5330
5420
7592
5508
5418
5310
6100
5426
5230
5698
5466
10966
6158
5408
5328
5206
5282
5154
5266
5358
6066
22462
5492
5260
5480
5712
5372
5642
5592
5550
27420
5274
5760
5356
6524
22176
5500
34234
5426
5268
5594
5300
5236
5594
5200
38314
5676
5654
5230
5308
5780
5492
5440
6386
6108
5792
5282
5568
5788
5880
5374
5308
5248
5456
5276
5592
5398
5666
6060
5450
6104
6082
5282
5568
32740
28132
15148
5986
5388
5380
14334
5428
5370
6300
5594
15702
5976
5452
5330
5480
5992
5742
5948
5962
5506
5560
5270
5642
6082
5264
6242
10728
5730
6830
5406
5338
5620
5884
5352
5348
8178
5404
5294
5224
5150
5398
5658
5174
5618
5212
10660
26374
5714
5390
5522
5322
6034
5534
7148
5332
5142
5862
5386
5344
5846
5720
20352
5314
5240
5400
5234
5242
27556
5364
5982
5298
5352
5628
5598
5524
6218
5298
5554
5542
5620
6344
5696
5392
34788
5334
5858
5472
5156
5432
5364
5406
5464
5286
6644
5940
6136
5656
5498
5538
6054
5318
5838
5526
6446
5704
5712
5552
6062
5532
15740
5350
5548
5536
5808
5468
5482
5750
5748
6082
5344
5322
5320
5752
5174
6330
5328
6034
5264
5704
5700
5384
24060
5882
5206
16748
5446
5598
5298
5424
28058
5192
5196
5268
5520
5756
5342
6030
5350
5258
23056
5608
5264
5254
6042
5496
5670
5776
5600
5700
5264
5556
7322
5422
5276
5306
5374
5818
5198
7162
5564
5692
6196
5374
6460
5384
5948
5676
5300
5316
5250
5274
9396
6142
5292
29606
6838
5406
6056
35620
5668
6118
33320
5346
5280
5388
5450
5546
5452
5704
5796
5436
5548
5510
34894
5184
5326
6072
5702
5526
8130
25230
34312
5586
5596
5744
5438
5522
5612
6228
5472
5378
5500
5714
5516
5386
5280
5598
5600
5646
5632
5508
5718
5304
6110
5274
5930
6224
6028
5448
5922
5226
5660
5354
5278
5564
6046
6106
5496
5300
5280
5850
5306
5438
5212
6000
5304
18772
6030
5570
6100
5496
5982
27262
5366
5504
5920
5206
5418
13950
28938
5772
5188
5164
8050
11192
5656
5256
5280
5342
5556
5362
5208
5626
5324
5248
5192
5190
5630
5432
6342
5672
6252
10206
6006
5324
5378
5894
5214
5222
5202
5252
5544
5656
5452
6094
5288
5392
5424
5372
5412
5672
5382
5228
14746
5330
5300
5440
5382
5528
5392
18268
5488
5320
5302
5374
5432
5380
6276
5364
5882
6502
5278
7248
9870
6268
5896
5338
5322
5226
6042
5654
5504
5428
35562
5946
5870
25336
5188
5200
34788
5212
5512
5416
5382
47836
5314
5928
5392
5890
40956
5946
5442
5522
5510
5798
5302
5216
20780
6064
5278
5302
5162
5424
6154
6226
6116
5242
5116
5464
5300
5772
16760
5798
6128
5288
5224
6098
6216
5818
6000
5406
25870
5706
6262
6180
5278
5902
5998
5452
5484
6122
5274
5792
15478
5868
5242
5936
5426
6170
8858
5204
5530
5406
5630
5964
5496
5258
6204
5726
5480
5532
5218
5740
5596
6046
19424
5224
5234
9052
6444
5850
5600
27826
17878
43680
5472
5254
10864
5590
5274
5548
5288
5492
5806
5234
5238
17510
5322
5610
40376
5798
6302
6262
5528
5436
5358
5376
20244
21760
26678
5492
5386
14206
8432
5252
5868
5198
5786
5358
5374
6334
5256
5498
5748
5348
5260
5256
8206
6162
5536
21808
5738
5312
