Latencies
32010
29560
8926
9428
10038
13840
14794
11342
12252
46058
12240
14698
9246
14708
15512
15704
14780
14900
14852
16036
15232
15364
15028
15758
22924
15250
14674
19232
14944
7304
15180
25650
25760
24510
16534
19408
21972
7420
19574
10056
14476
14398
5820
15564
20816
25104
25458
24630
24668
24664
25576
18128
9458
15898
11306
5858
5700
19960
8838
11072
15504
24520
14660
15678
17992
11310
6686
8418
24892
15190
14874
15032
14856
14436
48988
24740
18088
10776
10682
19852
14944
21816
6604
15902
15412
14824
15728
15306
15222
15256
14918
15564
15226
14888
14738
13890
7214
13844
34310
14260
24724
24836
24736
25036
25718
24476
6106
15062
14982
6692
5586
5898
5408
5720
6080
5410
5474
5454
24018
6866
10342
26274
24954
25626
24592
25084
25114
25020
24686
24502
26376
25298
26166
6372
15182
7258
34626
15450
15606
15040
15066
14614
15858
16316
14912
14966
14810
5574
5888
5840
6052
6088
6246
5806
6406
5770
5780
15476
14862
16030
15194
16446
44800
15490
24200
25086
25558
33784
25648
24002
15252
14648
15146
13104
15920
10692
9510
27402
14632
16024
15426
10062
7718
5482
6110
6194
5656
5384
5514
5766
5568
5436
5450
5402
6710
34614
15082
24810
25120
25446
25648
24516
24858
25342
25526
25718
11418
15096
14928
6550
6926
5820
5634
5468
5882
5978
5602
6014
5710
6226
15074
9144
10220
24266
11728
5950
6568
7220
6028
6798
7706
6664
7974
7532
6414
7394
6542
6764
6132
6196
6922
6818
7168
6800
6504
7150
6052
7084
6360
15024
11590
10790
7308
8660
24700
15522
14998
14818
14566
15664
14852
14854
15356
15058
14700
14796
14504
14872
15612
15430
15022
15080
15058
14858
15028
6764
18434
8468
10902
24538
8076
11386
17014
33990
15548
14718
15096
14802
14750
14972
14874
14930
15124
15122
5634
7942
8010
8720
26166
24212
12386
11454
24868
14824
14784
24564
24684
24994
25774
25186
25448
24690
25508
24636
24676
24996
25080
24930
24772
24634
24686
24784
25076
10210
8010
11924
11104
11458
8028
9586
10166
35160
24218
24370
25606
24638
24902
24996
25188
24764
24678
13498
22822
23310
6294
14542
7248
10138
9112
34210
23914
14562
15000
14944
13950
14740
16164
26272
19890
6694
15620
24764
14754
14994
14958
15714
14906
14548
15434
14656
8428
7530
14136
11460
34514
15110
14796
14850
15238
15036
15996
15372
15944
15506
15236
13276
13284
8658
15098
25308
15276
25004
24892
24800
25516
26656
25152
24778
24780
25222
24780
9734
8938
21286
25642
24918
15866
15090
14814
14540
15426
11528
9812
34406
25600
25848
25414
25230
25120
24664
25744
15186
14992
6032
6416
13286
15168
16586
14606
15322
15710
15036
6894
6348
14474
7794
11024
11222
5722
5634
5832
5418
6520
6238
24136
15322
25130
24714
24862
25226
24918
24552
24550
24642
24742
14232
14474
25330
22958
6124
6106
13930
15340
26040
24864
24910
17616
13594
7212
24726
15288
14532
14676
6688
14162
14652
14668
6638
10008
13404
13236
19972
33914
15074
15070
15310
14916
15456
14988
11484
13668
14026
24768
11084
6084
14072
7166
5578
5500
5916
5460
5380
5450
6122
5570
5864
5714
19360
13020
9792
9786
11404
7644
9224
9114
11344
7550
5576
5838
5992
5592
6066
5532
5602
5604
5594
5778
5416
5678
6160
6088
6064
6006
5448
5982
5546
5482
5502
6264
6260
11070
15028
13910
9454
7130
6294
6162
5702
5544
5694
5724
5410
5738
6070
5830
5452
6388
5604
5544
6142
5420
5614
6188
5680
5450
5442
9570
10958
13592
35736
24736
24658
24212
25452
24392
25112
25262
26182
7844
14966
12576
10940
9778
7438
8480
12170
7078
5586
5918
5848
5934
6182
11850
20264
11532
8874
24732
15612
15156
6402
12556
28502
22818
25610
15114
14948
16266
25548
25040
13386
24372
14480
25214
25234
15048
15020
15072
15890
15026
15172
15018
15712
15194
15504
9726
6468
6970
6800
13870
10224
5814
15318
6300
11828
9068
7790
23136
15502
15292
15082
9732
13010
7844
24692
5852
7524
7362
14964
13596
8912
7812
7748
15520
14868
14898
14210
12894
5808
9964
8184
5512
6288
5512
6026
8432
40376
8614
14748
7486
7036
9146
13392
13490
13054
6696
6384
6214
5560
5752
6796
6156
6802
15366
5854
13420
26224
16130
16338
16814
18478
21998
13814
25428
19046
20768
5970
23378
21442
11040
8750
43858
25572
25974
25234
25214
24990
24636
26582
25108
25230
24424
24744
24906
23876
25062
24672
25270
25096
24424
24456
24888
23858
26096
24824
25538
26034
25296
25140
25944
25806
25062
25164
24912
24530
25168
24790
24418
24606
25178
25184
24806
24742
24280
14146
15036
9446
6356
7982
14718
8158
6614
14078
13056
14402
5840
24506
16190
13610
23318
13484
11166
21458
9738
8832
6716
12890
14432
5536
5584
11070
13032
14314
5996
7844
8224
15324
13492
14212
24290
14292
14870
15106
15104
15304
15950
5888
5606
6500
7238
6028
12960
14936
10038
6372
5784
15894
13822
29878
14344
15224
15740
15770
6704
12332
14642
6482
25252
12584
22602
17918
5608
6580
8882
14032
7798
16080
9846
10462
15656
22642
14578
9466
6546
12444
5698
9920
6044
12384
10576
8434
15052
15440
1428586
15420
25778
25536
8564
14820
15146
14618
16588
8688
7716
14914
14972
14620
25396
24596
15446
36004
12760
6906
10572
5568
16440
23794
8156
11684
6864
22266
14270
6112
6830
24810
14278
25060
6234
8504
7498
8658
15098
15340
14974
13864
7404
6590
11086
12986
7068
9824
14912
8236
12390
11778
12428
13760
9846
8922
6628
5446
5470
5722
5524
6114
5438
5798
5484
6018
6014
6726
5736
14508
10634
16920
22566
15236
22178
9630
24634
14270
17014
21948
12082
24458
14770
19320
10320
15504
12980
12320
6544
11570
12956
23050
23660
13864
10482
12462
6022
8264
14268
15788
13954
14152
13526
15540
6518
6264
5656
13158
14408
6842
5446
5874
5470
5774
32070
15088
9700
11384
6960
8934
10188
25324
7494
14948
11766
10366
12178
11088
17384
19266
15790
24470
24592
24826
18270
17820
31870
23774
24970
16030
15314
24888
24954
24546
24504
15306
15620
15136
15388
14602
14994
14914
15020
15480
15954
15568
16416
15174
15240
15274
14996
14966
15786
15134
15198
14916
15396
16166
15224
9580
11392
8042
11568
11970
5684
5546
21852
11944
8940
5344
5528
5608
5450
6392
29086
5992
25378
23958
25096
24332
25616
24338
25542
17092
5978
5474
5870
6420
5834
12714
16202
8762
15314
5616
11596
15402
6062
10354
11430
15408
9674
9572
14936
16912
11900
23856
5792
8578
8670
29126
10154
15388
8410
12538
7962
13940
5934
15268
24848
7874
21006
31322
17758
21286
7118
22852
11676
18924
8224
15306
15294
14630
14402
23856
6410
6802
14596
14966
9140
37272
7300
18742
14628
25524
14134
24920
14334
30758
13928
15784
15418
14982
15108
14182
15280
14498
15250
14796
15864
25108
24764
25042
24674
17756
15770
15118
14732
15310
21086
18350
10212
14980
14964
15108
14832
6020
15470
14528
6650
5766
6354
11918
16256
25314
12958
14560
13744
13824
9572
8990
19408
22380
21466
14220
18836
13876
14246
12480
14612
9696
11586
11034
10756
5736
8276
24132
14796
15186
15154
14868
21908
14138
15128
25048
21274
23522
12324
9318
16676
25646
17702
14192
18674
9920
19082
24810
5528
5652
5822
6206
7030
10664
15030
15324
9570
11344
15026
12400
16744
18838
14100
15202
15144
14274
16590
13258
16120
7848
15400
12066
9838
10000
15426
9960
23584
9200
10750
22626
8020
14196
7632
25540
14536
11770
6836
8112
26430
15340
17166
15024
14888
15780
9292
15430
13774
14840
11114
11112
10706
14784
11928
12320
22288
12344
25414
21668
8598
21178
11798
15982
10268
11136
22760
8946
13790
15198
16188
24724
25908
24812
16104
22058
21448
15570
17906
13996
7946
12118
13868
10184
5822
6064
15008
15370
24288
25084
25644
25266
24688
26076
24794
25480
25670
25308
25250
23012
16622
19808
19750
12980
21190
17004
16126
8392
14822
6520
24022
25110
24838
24184
24756
24652
24628
24614
24954
24698
24310
20212
23422
9026
12428
14478
11238
12814
15220
5384
6254
5456
12676
13688
14048
5726
6640
10272
11752
13952
5950
7920
10978
15174
13354
8010
14994
14848
15772
14910
27906
6240
19286
17574
14888
12276
8188
13472
13968
18298
16158
23634
20366
16242
5896
6548
10242
9316
6960
23020
23120
15348
12384
16484
6748
10820
12548
20228
17246
7968
15766
7292
7092
7614
17316
6088
5842
5690
5732
6292
5770
15210
14998
15260
14814
14986
15208
15098
12094
15594
14558
14942
14908
15070
15026
15342
14928
14982
15060
14844
15068
13672
12438
11974
9400
14820
15046
9098
10340
12206
13752
15210
14788
9264
7990
11722
14286
20834
9350
15164
15252
24854
6448
8904
7620
6084
5450
5904
5470
10102
11608
11440
20412
11400
6958
18442
20322
10860
15060
11854
9568
10418
9916
15492
9822
5954
5388
5956
5830
5414
5998
5630
5676
8884
6956
14024
7830
15936
12366
6964
8700
5552
5494
5900
7536
5568
6322
5722
5906
9084
14920
13026
14158
12800
10200
6460
7746
11200
11524
10046
14854
12770
13806
13752
9972
7934
8154
5676
14900
15354
14874
15282
15218
14856
15414
6116
15154
8936
6908
7074
12882
13572
10208
14812
14574
14268
6268
11300
6052
15820
9342
21852
9040
9126
12606
10110
23996
15208
15440
14834
15756
15072
15074
6594
16044
15230
15778
14444
14986
15284
15228
12372
6422
34090
25046
24778
24582
25118
8818
8038
10876
12932
21768
6748
7218
5540
5968
6042
5440
6086
6624
5498
13482
6760
25870
15256
14992
14738
15008
14368
15432
14950
15054
15486
14784
14618
14638
14496
15372
15382
14826
14846
15262
15028
14782
14738
15562
15336
15456
15758
15018
14890
14850
15216
14770
6074
9656
34396
15060
14702
14498
14740
15192
15042
15044
15644
15174
15752
16440
15566
15714
14872
15078
14964
15288
15084
14908
14600
15202
15164
15120
14926
15322
15458
15390
15190
15302
16038
15714
15596
15556
14868
15196
14006
15310
15072
15930
15620
15134
15016
14866
15050
15298
15532
15408
15452
16138
15288
34712
14332
51332
5752
5598
5638
5936
5960
5566
6130
16252
15000
15104
15664
14988
6374
8344
8842
14816
33746
14982
15124
15056
14860
14766
14758
15152
14878
15082
15410
14964
14738
15198
14588
15048
15224
15148
14780
15036
15138
14564
15076
14924
14974
13910
20304
33942
14880
15370
14518
15042
14718
14962
15480
14820
11910
34836
15008
15474
14830
14778
14816
14792
15086
15460
14700
14840
14878
14806
14884
15042
14870
14872
15022
14992
15406
14990
15300
15474
14690
11358
10570
12474
24984
14460
15206
15304
14704
14460
14760
15650
11118
14122
12944
11564
6404
10648
8324
6406
9778
11168
34674
15090
14628
15098
15468
15264
14792
15500
14816
15522
14718
14784
15200
14994
14934
14872
15108
14650
15226
14982
14678
14782
15098
14974
15102
15064
15228
14776
15362
15774
5568
5542
34880
15284
14836
14798
14774
14744
15026
15228
15078
14890
15078
15140
14640
15196
14812
15068
15320
14662
15036
14980
12774
13278
8572
6006
24732
23540
14772
15164
15930
14708
15138
14698
15028
15066
14720
15118
14446
15042
14908
15126
15576
15208
15010
14986
14750
15016
15174
14888
14740
14092
25196
16044
14682
15040
10980
9372
9480
6398
10228
10050
10236
11256
12054
25874
15118
15350
14926
14850
15218
15266
14832
16348
13660
10554
11936
10894
5922
6880
5416
5610
5542
5480
6120
5722
6564
6250
14942
15514
14534
14286
14440
12112
8558
13476
11502
8578
7000
11368
13076
15136
8734
6680
6810
10552
6588
11846
10334
8066
15176
14270
24508
14988
14770
16192
16100
6746
9442
17686
14218
23298
8686
16632
24412
23694
20168
23228
22342
26228
6496
15366
12850
17954
9756
17736
16140
19004
12834
22328
241462
17292
14424
14542
12606
14354
9418
8296
15290
7496
15164
24922
17982
25212
14158
21426
15604
14204
8854
14528
22144
10430
34990
6174
11130
12938
7908
219768
20916
24316
12828
15154
13290
24208
15200
24764
26172
25250
24522
7586
13524
24756
14206
7994
17190
8558
16966
21052
11658
14564
18626
11060
14910
16156
24154
15052
17760
22310
14168
8312
12508
16086
14116
10748
7546
13930
12918
6500
10568
23118
34776
12718
18268
15350
14396
24944
24428
12296
16504
10938
9640
7028
14146
14894
14080
9834
14052
8528
14108
11078
13094
14742
15732
12488
15682
23862
13262
19562
21754
8344
6732
5444
5660
5718
14602
13650
11294
9398
14522
31376
9492
11220
8196
7826
14350
5834
25620
14334
25598
24840
15246
8636
24358
5626
15190
14392
14438
9206
14292
6256
11238
6130
13682
14884
24974
19236
20876
11698
14854
14712
7364
15602
29950
11296
10934
10264
10834
12026
11424
6806
6486
6712
13898
10818
6882
14326
8294
12456
9084
15172
14638
14162
15612
10076
12920
9764
15888
9872
6616
5828
5526
5442
5884
8932
7306
9282
6548
8766
7994
8134
13766
12270
5694
6922
9462
8628
8740
7524
7750
7988
58710
6754
6604
6830
6532
6446
6974
5994
6038
6402
7118
6864
9166
6066
8382
6880
7222
6588
25148
15402
14322
14906
15144
14880
15026
14934
14814
14894
7872
7196
19266
8382
14398
16026
26794
24440
24718
25080
7126
17588
7834
12468
24758
26148
9092
16326
24068
7202
5692
5480
6000
5354
6074
5514
5864
5400
5914
5518
14236
9258
35502
24872
15058
15338
15170
15300
16042
14996
14718
15660
14960
26376
25418
25134
25298
25662
25784
25110
25158
23820
15540
9488
21476
24688
10204
25228
15574
15568
15008
15630
15282
15212
15930
16614
15108
14786
15066
15110
14952
11734
12744
18484
6010
11778
6268
13118
22602
15546
15110
15848
14784
22884
14642
18178
14422
9956
25236
20946
28114
15676
10156
32732
12074
25232
15170
14718
14742
14884
15546
15178
15146
15294
14114
14710
16026
14874
15060
14668
14642
15138
17344
20706
17276
14100
12090
13712
10686
20180
8496
25288
14918
15102
14640
15250
14992
14884
15344
14914
8110
14214
8166
12088
15360
9072
17164
20634
7724
8056
24186
15306
15476
15152
15690
14508
16132
15342
15012
15980
14546
5600
6026
5546
10418
7324
14946
7674
23072
6572
14382
5836
25234
9558
22610
9572
14284
24356
10930
19934
15624
8658
23570
9388
13590
14122
18606
8200
19506
18308
19256
6096
16884
10600
5574
6744
14244
16484
15382
14872
7330
9710
6954
10872
15772
16218
9198
14788
7456
8416
25664
34434
24534
14358
6264
5558
6186
5344
11188
7770
16964
13902
23282
7302
13886
21956
13916
14114
6832
5960
6542
5496
15308
5590
7642
13992
15454
12304
13376
10310
15306
15328
9802
5788
6204
6252
17538
11368
11346
13896
24430
11832
15322
13412
15082
8886
6434
6154
5696
6192
5496
15964
8998
15418
24058
13622
12864
12206
10978
14160
12776
11222
13878
14414
15424
12736
14532
33576
14662
24700
24928
24772
24534
24908
25590
25492
25498
25130
24550
25484
25498
6340
5742
6196
5410
5940
6344
5448
6346
6024
14354
17342
12534
14420
14412
5536
16332
6458
6214
6032
5362
6042
5576
6484
6402
8864
11326
26030
16786
6500
10528
6762
13126
9658
6858
6864
13926
14852
14026
13902
7588
6712
14324
8606
15640
15180
24064
24832
15878
15070
14808
6260
22596
9548
15668
9480
22672
19704
33352
24864
7724
15418
8556
10986
23514
18890
14152
32972
20370
24114
22672
13212
6924
8552
5978
10164
29702
9778
15184
13562
34892
25918
25206
24776
15068
15880
14944
14808
14626
15104
14988
14886
15090
14700
15418
12566
21972
22118
19014
22816
14270
16286
11948
11096
11154
16942
24850
19048
23742
23824
14762
11278
13466
21826
15814
24110
24782
24490
24994
25112
24646
24616
24870
24804
24572
25104
24626
29790
15664
15608
17242
6784
25108
14626
15046
15144
14586
15966
15652
14782
15076
15400
14702
15310
14454
15184
15318
15324
15022
14926
15410
14892
14680
15474
14906
14932
14942
15342
14982
15194
14810
14946
15100
15474
15048
15622
15120
14984
15150
15150
14912
15260
6294
11238
13018
44062
15840
14754
15318
25934
24752
24750
25130
1791564
15860
14696
15620
15112
7228
12734
14314
16464
19434
14704
14636
11232
13220
10542
15594
14732
25564
33750
24206
24310
24670
24774
23890
15670
6258
33564
9054
6976
12718
10060
10078
6678
5978
6272
6258
16328
15958
15756
16224
15192
15664
15764
15402
14374
12130
6030
6160
11710
11100
6864
7996
9652
9848
31728
14582
35172
15388
15262
15896
16112
15050
14786
15490
60686
14690
14776
14972
12134
11856
11434
14162
16572
10800
24666
25786
15044
15048
14476
13342
13606
18496
7138
6594
9266
18000
16556
9478
20946
25304
7282
8372
7456
5868
5470
5394
5984
5418
6176
5404
11106
12344
9292
10480
22074
9522
12334
12328
11334
6804
6268
15974
10196
10574
9668
13062
15216
6898
12872
12026
6654
5594
5616
5668
6166
5392
5482
6256
5902
6008
5454
5516
10170
15200
15370
15652
15988
14562
14788
7704
6002
14310
9466
11122
6406
8794
43458
24630
24220
15244
15388
14984
15026
15338
14890
15222
25616
25508
24832
25530
24996
24748
24726
25066
24770
24978
25558
26068
24772
25244
20238
7374
5678
6446
5466
5622
6250
10350
8890
8710
8756
7764
7802
8508
8020
7674
7120
17824
15974
7938
13288
13798
13036
12126
7780
6904
9414
6434
9414
14730
15012
35550
15954
26552
26406
25212
25178
25362
26098
26166
25262
25620
26828
26426
12434
10022
10344
9566
19434
13308
25196
26166
24914
25132
25650
24892
26858
15692
15122
5986
12566
6670
23856
13910
24480
15184
15076
15152
14978
15172
16280
14864
15124
15168
15646
14728
14828
15094
14788
14770
15184
15140
27508
24782
9160
21532
11064
14210
7176
5492
12578
15738
15348
15004
15462
14556
14942
15084
15274
15360
13492
24202
12068
9600
8276
12384
6402
37188
43836
15854
24660
24028
24566
24782
24748
24856
19808
23500
11930
32914
21706
25542
14790
24338
15304
15474
14704
15446
15022
14870
15190
15544
15836
14734
14754
14692
14756
14788
14796
16108
15068
15748
14776
6102
5496
5336
5458
5746
6176
5574
5458
11542
15254
6266
6744
21842
8264
12268
24200
15320
14696
14864
15112
14716
15472
14866
15164
14426
15100
14878
15570
15236
15142
14890
15346
8390
15668
22936
12886
13864
10126
24448
14264
14830
15548
15152
14934
14952
15064
14954
16242
16924
15830
14750
15372
15296
7440
9724
14400
8546
18018
15660
15386
