Latencies
6842
14528
14998
12742
7196
12652
7400
12826
12414
11946
10722
5414
5694
15816
5410
14724
15854
14482
15076
14818
14790
14938
15012
8834
5666
13020
9612
6556
11924
11308
12182
14394
11280
12542
10976
13300
8584
330654
15310
6830
14216
5938
8632
15060
13058
15222
15712
14748
15610
14542
7934
14008
7004
13386
6078
6430
5988
12842
14406
10540
7052
5408
6744
12204
5918
31346
10272
11492
10208
13450
54580
5646
5484
5728
15018
9178
6936
8842
8630
24630
14522
14780
14468
12090
6620
10812
8664
12892
6588
13104
7064
9912
13528
8530
12960
11708
6346
8842
12342
64698
16624
7366
9780
8368
13474
15098
12678
12250
7254
5748
5278
5906
5360
5876
5218
27022
15284
14156
16070
10304
7800
11684
14448
10086
7596
10630
13392
14890
11690
5996
10008
11292
8734
8592
7602
11722
13360
13184
15606
15068
7740
8144
24010
14588
15696
11286
14198
20868
7720
5418
5780
10072
5896
16030
6096
6468
13034
6586
10106
9242
5328
6152
11900
6954
24256
15494
14944
15168
15270
15086
15408
15246
58270
5916
8366
14448
15550
5974
5474
15058
15568
15582
14730
8666
6742
11370
5682
5890
5808
5654
5926
6006
5310
5524
5794
7122
8788
6632
6980
10758
15394
15536
15504
5578
5556
11138
13604
14992
5254
5440
14230
8832
12404
13092
6914
6194
5414
5374
6290
25134
15214
15748
15304
15092
15242
14760
15126
70420
15048
15570
15618
14870
38438
14688
15766
15286
14856
15096
14748
15370
15886
14900
15358
15046
15334
5312
13720
7342
10408
6604
14718
25554
14666
15010
15434
15134
15410
14884
15086
14094
14334
5278
6522
6868
5328
5390
27400
5436
5910
6544
7758
9472
14368
13296
5550
11938
5552
8774
7196
17754
14464
14508
14984
14752
15774
15024
15058
14934
15054
14998
15856
15342
14978
14806
15056
15046
15692
14726
5828
10376
15084
11066
5286
10142
24052
6060
5766
5524
7642
14184
14774
12934
15474
14310
15490
15138
14930
15356
15216
15160
15044
10328
14978
5872
10778
6282
5320
5400
5362
5342
5886
5994
5310
5714
5824
5234
5400
6538
5386
5522
7976
14012
10456
8820
14998
9038
11718
15874
15068
5704
5456
6018
11046
8588
14166
14904
14726
16020
13624
7206
5944
9758
8270
10978
5856
6088
14260
14408
14118
15112
15380
8522
10118
6756
15242
5992
14984
15078
13878
8158
8236
13216
8910
15118
11696
6922
10116
12788
13822
5926
5514
5966
7476
15328
10090
5626
15008
13080
9500
7840
11294
13278
15318
12356
10762
7534
33726
14790
15780
14994
15210
49738
14998
15374
14848
15134
14850
14220
14838
10738
12418
5930
6406
67756
10702
14432
15082
6256
14106
5920
13810
6262
6360
6308
6150
12408
11918
15450
11324
11302
13714
11278
16662
8908
18124
10076
12970
14040
6854
5952
5990
5964
5670
5492
5768
7992
8808
9850
5924
14652
15702
6904
5692
9554
10026
13268
10582
7498
12676
13818
15896
13966
15330
14818
14896
14550
14740
15122
8472
15104
14986
15118
6606
5578
5648
5392
5680
13338
10054
6270
6392
10610
11488
5626
5522
13270
13346
11142
14412
6104
13838
9904
14640
5682
24632
15538
14872
15322
14830
15258
16182
15520
8420
8708
11526
14982
9424
10050
10150
11338
6496
5774
12128
6352
5434
13038
15334
14784
15356
12542
13830
5940
14106
5680
10304
12128
8906
11786
6612
5358
6008
5692
5566
24708
14444
14550
12444
6648
13842
11662
12498
14348
9368
7782
6452
5856
5604
5402
5840
5672
7668
6368
10478
10172
5908
8324
13030
11728
14802
7820
14106
7384
11268
10666
6052
6016
9960
25214
15818
471480
5400
5772
5472
18154
14064
7480
14572
14744
12998
6334
15096
10178
5816
25082
15034
16014
15446
10140
14466
10368
13276
7006
21346
10234
14694
7570
15004
6224
9356
13322
14888
14852
15242
14980
9782
24442
5564
14534
14792
15238
14602
14826
14940
11612
13092
24726
14444
15238
15040
15142
6302
5490
16384
6162
10494
13200
5884
14318
7266
13840
8232
13412
7454
14786
10528
6430
15086
8452
6304
7170
5440
5630
5902
5914
5810
5402
5298
5368
5720
5960
6066
5446
6212
5784
5296
5430
5822
5308
5680
5974
5342
88830
5238
5364
6044
5360
5648
5290
5366
5422
5860
5324
5334
5390
5674
5918
5484
5504
5402
5920
5430
5270
5864
5786
6116
5704
5318
5304
14172
5862
14434
12786
6420
5714
7024
5530
5562
6084
5604
5874
5454
5500
5294
5876
5368
5318
6124
5792
5280
6308
5728
5400
5720
5406
5824
5644
5946
5548
5468
14576
11698
9424
7404
6128
6286
5446
5422
5386
5470
5422
6012
5942
5336
5506
5408
6000
5420
5564
5476
5558
5468
5474
5508
5640
5544
5478
5830
5550
5456
5460
6220
7634
5678
5972
5726
15970
14744
23982
14820
5636
5936
7140
5430
5502
5446
5442
5696
13904
5480
7340
5656
5980
5374
5368
5534
5954
5840
5382
5668
6124
5584
5620
5480
5320
6040
5388
5426
5448
5358
5276
6004
5470
6072
6062
5674
5502
5460
5418
5424
5552
5458
5464
5384
5480
5558
14810
15420
12286
14852
11754
11664
12526
8566
23930
14024
14252
15406
14794
14856
14708
15170
6760
5496
5934
5382
5338
5410
5994
5382
5920
5328
5452
5762
5584
5438
5384
5352
5822
5298
5468
6094
5416
5744
5390
6602
5742
5298
5860
5320
5624
5904
12010
9712
10302
12578
11866
11174
11802
15518
14668
25328
15034
14718
15684
15144
14962
15468
15978
15230
15104
14994
14598
15594
15126
15042
15064
15466
14960
14822
14998
15166
15534
14904
14918
15806
15160
14926
14918
15732
15066
15510
14936
14968
14886
15530
15012
15498
15256
14776
15458
11362
10806
11936
7684
7090
5648
5474
6228
6160
5324
5742
5418
5816
5364
15226
5300
5412
5940
5276
5568
5352
5308
7296
5498
5454
5398
5840
5336
5396
5706
5324
5984
5482
5482
5408
5416
5512
5424
5558
5308
34164
15774
14504
14642
14670
15390
14738
14634
15124
15234
15030
14834
15312
14236
14746
34562
14412
16162
14984
14964
15472
14880
14986
15182
15200
15188
15184
14976
15150
15186
15204
15156
21208
15758
16244
5412
5454
5460
5840
5706
5376
5512
5900
13996
9790
7270
15500
12898
14698
6844
5596
5946
5994
7828
6184
15292
7638
8738
6770
24524
15112
14566
15472
14966
14942
15088
15126
15244
15022
15914
16154
16122
15450
15354
15312
14662
15416
14934
15398
15038
14990
15174
15084
15176
14962
15336
16118
8546
9974
15352
15886
14386
15044
15116
15046
15084
12822
10898
14988
6950
34080
14078
15224
14772
15104
15642
14992
14872
14950
14588
15406
14876
8034
12828
55426
5690
35670
15268
16646
15420
15328
15078
14956
14816
15370
15190
15006
15282
15042
15292
15432
14746
15196
15128
15330
14956
15412
16000
5808
5348
5566
5884
24264
14870
15618
14446
15392
14614
14764
15488
15136
14772
15092
15332
15534
15018
14772
14910
11496
15262
15014
14688
15094
15406
15190
14820
15816
15264
15124
15310
6672
11752
6666
9152
12248
8586
10270
6622
13348
14772
5508
15246
13234
11606
9248
12250
6836
6386
5458
5566
5418
14960
14968
15552
14874
6096
12776
8478
24152
9494
12154
5350
15226
12556
10710
15456
5720
5550
6056
5972
12162
15088
7732
11392
14630
15114
7100
6268
10784
8780
6136
5952
5862
5356
5300
5262
6484
11900
7350
11778
24322
5454
14822
15442
15768
14254
15832
15056
14918
14862
14800
15150
14988
14816
15614
9784
6474
8410
12668
24512
16084
14986
14728
11202
7564
17398
8210
14606
5612
6174
5506
5886
5828
13444
12282
5370
24412
15080
15352
15156
14830
15252
14820
15288
15322
15030
16330
15246
15492
15124
15628
15516
25112
14246
14870
16018
2553140
14958
14976
15200
34562
14750
5966
6024
5416
5598
6100
5870
12872
10114
5998
13802
24946
15006
14836
15048
15116
15238
15068
15264
15270
14938
15066
14854
14848
14766
14916
7198
20466
13086
10574
14724
9992
10700
14210
24878
14804
14724
14540
15878
15146
14990
15314
15494
16014
15612
14868
15088
14866
11162
10560
14482
13622
14310
24756
15100
14906
5646
15074
15524
15094
13112
6976
13174
8488
10068
13126
12446
6128
6154
5428
7720
6106
5502
5328
5310
5448
5364
5410
5308
5444
5406
5376
5788
15034
15330
9760
14878
14110
7858
24084
15196
24636
5462
14722
14872
15726
14350
14292
6374
5734
7656
6332
5706
24766
804646
5552
5332
5306
6076
5438
19356
5934
5416
5332
5346
5404
5882
5446
5370
5692
5338
6000
11264
10554
14596
16168
14984
15276
14676
15034
15310
15346
14538
15360
15056
14902
15072
14918
15494
15018
14622
14742
14738
12396
13974
6814
11070
9088
14568
13278
8718
10266
13862
14102
15044
15282
8386
8820
11006
13656
9712
10590
10248
5522
11574
11668
14180
10722
13722
6876
6490
5990
5268
5754
15288
14638
14380
15514
15140
15392
14992
14944
15128
15182
14982
15150
15152
15128
15278
15042
15152
15148
11664
13568
7696
24876
15460
15770
15120
15154
14936
15096
14868
131966
14560
14346
15558
8078
10164
7922
15506
6386
5312
5636
5558
16928
5732
6450
14808
11628
12890
9446
23220
14642
13014
5740
24434
5466
14750
15344
14600
14808
11754
10942
9378
5668
5540
15216
8314
15140
14714
14756
15688
43162
15192
6150
15084
15168
15098
15292
15324
15180
14992
10978
10354
10280
5962
6086
9984
7872
5546
11924
11070
10046
10800
6702
15084
9706
9318
6978
5394
5432
5596
5418
5366
5334
5560
15064
14708
14550
14580
14918
11040
5508
6004
5602
11256
9296
13752
11658
12956
6804
11848
7094
5928
12904
12246
14164
15650
531676
9780
5638
5342
5892
9780
13964
7238
12622
21514
8866
5900
15196
6338
7556
8278
12100
10600
12874
12806
5532
5602
5674
14940
6956
10200
7492
13772
14934
14394
5438
5834
5340
5424
5682
5530
6048
5916
6104
15460
12186
5830
5484
14472
9990
5356
12008
7634
6228
15010
12992
9298
8180
7916
15176
11374
6344
11088
13062
14454
8316
10558
14408
9352
12370
11210
10748
8866
8800
12804
9956
11122
12516
11290
9100
11786
6330
7308
14546
7800
15394
15274
9230
15556
6840
15482
10876
15178
15388
14570
15908
15194
15258
15044
15182
15210
6328
5904
5728
5562
5988
14356
9924
15204
14744
15258
14038
6754
5514
5336
5926
5294
6026
5354
5374
5294
11432
14818
10614
11434
12972
11082
16646
14722
9376
10520
14600
15132
11062
13674
14720
9402
11298
13494
6702
14578
12336
9744
6434
9810
5814
5416
5542
5790
5926
6212
10468
14238
11158
10008
9210
5820
12634
11930
6442
7730
7662
8852
15058
13822
14620
9366
8162
12510
24204
14404
14606
15402
15086
15482
15020
15298
10588
14880
5780
6570
10732
9228
12944
9492
5312
6248
8058
8600
15128
12560
15082
14410
5762
8558
14384
14352
5954
6106
6056
5558
24752
14034
5830
5794
5378
6260
14192
14902
7588
14304
6212
11606
13906
14250
12562
6932
14236
9942
13296
7348
6964
14230
7782
11352
7348
15318
8006
14050
7966
9022
13750
10706
5974
5374
5246
5476
5160
5650
10716
9934
7464
5786
6464
5534
5892
13622
8622
13572
10064
13860
14130
14814
5994
8840
14646
23176
5498
9926
7354
13896
8432
12616
6190
5844
6318
6990
5844
13976
13744
7124
7468
13200
14730
13814
14218
14854
12728
5604
13766
9198
14188
14874
10566
10486
8376
9386
14296
15410
15292
15746
15038
15638
15062
8584
5316
5620
6168
7004
8804
12196
8368
9078
6322
14848
10464
11098
8736
14202
7252
13634
5728
6800
13806
8036
6816
5338
5770
5300
5586
5404
5960
6102
10104
15448
15774
14272
15458
8546
15624
19174
13352
8400
170796
7674
15372
10506
1937192
14464
17704
9472
5372
15030
14884
14820
8908
18968
1276304
19034
18436
19900
14066
14674
6438
11690
5856
7876
31946
13260
6790
14882
5552
15590
15226
15456
15294
14710
15292
15182
15298
14920
15022
15494
16140
15568
13536
15280
14774
15752
15046
15244
15272
15280
14352
5634
16078
25624
15816
13990
14904
15684
14774
14090
14190
15008
11896
9506
8408
5384
5404
5526
5848
5482
6374
14508
14516
14416
8854
5926
7706
13236
8698
10604
7996
5980
8162
5500
7466
5850
5686
5888
14318
13200
6844
15176
10466
12336
6582
5626
8360
6098
7882
9518
14742
10058
6144
6822
12246
12942
5486
11434
6734
12790
8806
15144
6176
14468
11110
13252
15882
6634
5454
5410
6242
6140
5302
6020
5546
6184
5398
5660
5710
5504
6364
5556
5440
16498
12898
6022
15586
14534
15330
15280
14968
14698
15410
14934
15078
14864
15752
15042
15390
15146
34870
8504
14174
11602
11782
10890
14938
5784
24810
8282
5850
6450
15420
7076
7970
8514
14094
15530
12790
6752
14026
15732
14432
7048
10922
9824
5344
8880
11840
10002
14872
24544
6144
30950
12596
11316
15548
11494
14638
13940
7296
14242
11494
15916
9174
6440
5504
5968
5860
5350
6090
5710
5454
5508
5936
10688
13848
5810
5976
5576
5504
6896
13258
14678
7498
6972
11524
11106
7590
15812
7716
14650
15008
15290
14820
8908
14074
14098
13976
7590
5950
14504
9982
15032
9850
10356
6276
5500
5472
14354
11804
9316
9278
12674
14204
11552
12324
7358
14668
13816
14670
13348
12144
12290
13280
9968
6242
12124
7802
8418
6106
7818
8722
12084
14200
10560
11148
5608
12000
10134
11756
7218
11130
15154
14100
9626
12082
9212
8596
9732
14616
7518
5498
13538
11394
11222
14456
6312
9692
6056
12870
8542
8424
15066
6622
7840
24048
6182
15256
15374
14868
15780
13218
10320
6404
15096
14198
14726
15382
14678
14192
6850
11392
9732
8894
14490
5482
52574
14834
14848
14924
6284
5344
6372
5422
5482
5640
5552
24322
5582
14896
15338
15202
14728
15346
14948
15160
15786
6804
6968
5850
5360
5780
5656
6662
5700
24332
14344
14960
15140
15324
14920
14608
14838
14966
14998
14746
13198
7744
12114
7848
13444
9356
15266
12364
14960
15004
14516
15002
15216
14638
14474
7384
12278
6624
7908
7628
5370
5710
5648
9120
12900
13334
10202
13244
12280
9088
9420
7006
7168
13256
11958
7184
5910
7228
12032
6272
10714
14406
14582
13834
14114
14494
6626
10724
10034
13162
5422
13516
12448
8844
6648
7038
8466
10144
13042
6222
9742
6006
6926
6580
25004
14254
14962
15274
15098
15138
15248
15204
14966
15148
15408
15360
10418
10920
10866
10464
13016
9392
14320
14816
15142
15370
10616
7240
5730
5414
5314
6214
5404
5616
5418
5488
5474
5616
5674
5374
5276
14852
6226
12766
13428
9786
10956
13942
14662
34096
14512
14766
15706
15234
15186
15232
15196
15288
15560
16186
15196
15294
14964
14730
14816
12068
14068
6732
12290
7962
10706
14622
20722
14160
5910
8960
15694
6366
14736
15496
10372
7668
6000
6106
5494
5444
5298
5336
5386
5582
5290
5846
5352
5674
5402
5380
5376
5316
5412
5362
5460
5826
5458
5524
5408
5332
5258
5272
5302
5740
5340
5388
5454
5446
6654
5682
13218
24420
15664
15274
15250
14842
15728
14780
14688
15538
15364
15450
20506
11356
5900
9682
14832
15344
15042
14818
16150
15558
14818
15252
15038
5892
13476
10060
6988
5502
11742
7024
5572
5502
5508
5380
5362
5402
5422
5496
5642
5830
5730
5370
8018
6276
12212
7674
5994
14590
5710
10258
6652
13656
8290
7942
10090
13136
13788
14544
9620
11170
5734
14654
6558
9782
6732
5782
5920
5376
5592
5340
5398
5800
5384
5984
5372
5372
5238
5506
5578
6356
15222
8402
13630
13814
5962
10852
13416
13570
11306
6954
11488
11176
6426
11880
8380
13318
5964
6194
11240
5642
12646
14102
14016
6104
12078
7278
14180
11876
14222
8644
14294
8750
14132
6974
5592
6034
5460
5368
5412
6060
5336
24244
14420
14976
15320
15048
15168
15086
15376
15324
15174
15170
15080
15260
14822
15300
25342
15144
15818
15266
15174
15488
15444
15328
10226
9364
6194
14444
16360
15282
21392
14844
8098
11494
16178
8526
7586
13250
15048
14816
10932
9294
5726
15132
15224
14674
14394
13304
11770
10222
6304
6366
8512
13660
14740
14902
8546
14294
14648
15442
11524
14116
10652
8842
26110
11722
6242
5538
5452
5632
5888
14112
14658
6576
15076
14004
6478
8372
11830
11544
5760
15192
9140
12446
10092
7822
13018
6290
5584
10242
6840
9452
11078
14384
6870
8408
5428
6672
6408
9046
8024
13550
15174
13920
5744
9278
8000
11366
20390
15556
24750
14700
16218
15352
15088
15226
15216
15362
14818
15236
15232
15262
13490
14906
13090
11746
5588
5882
14284
12690
14206
6146
6618
14950
12598
14614
13556
6122
14854
5408
5866
6078
5948
6600
5702
5418
5494
6090
5890
5474
6950
5750
5628
5506
6812
6442
5426
6250
6086
5582
5938
5822
8632
11646
5506
6162
5766
6008
5950
5856
6230
5586
6424
5414
6208
10702
11022
13550
12064
6770
5724
5478
5532
5696
6132
12426
15202
8350
5616
14708
7682
5538
6294
5872
5732
5420
5606
5818
15194
7128
14548
15076
15258
14366
14308
15102
5508
5670
5478
5988
6124
5686
5962
5548
6566
5450
5408
5466
5990
5482
5450
12046
6460
7912
12418
24478
14640
14820
15316
15254
14970
15058
15224
14632
14670
14868
15064
15134
14938
15200
15178
15460
15106
15520
13668
11356
7224
11534
8882
7772
7192
8984
8556
9666
7320
14612
14428
12740
15080
8678
7348
11134
8934
13836
6840
24858
14850
14916
15106
13754
10046
9494
9424
14586
14732
7806
6258
11118
9890
6024
6428
12646
12776
10932
11824
14532
8098
7088
9016
9404
12104
5780
11276
6688
5472
5348
5436
5360
5380
5626
14928
9132
7914
5744
11846
14336
15520
5546
10104
6244
5396
33006
14966
11782
8258
6080
7332
9080
14768
11802
10590
9900
8434
14992
6920
6022
22908
6730
12784
13098
12556
13854
8762
12568
11914
33850
5514
14720
14760
15016
14898
14646
14754
7230
15842
6908
6644
14828
14876
7912
13846
7304
14842
9870
9010
14068
5666
7398
12742
7208
10442
11206
8444
6746
5720
5552
5642
5642
15890
5598
8876
6180
7880
12164
6046
8450
11078
15002
12684
5668
9220
11904
49798
24504
11820
5592
6250
7002
6780
14826
6836
13054
12808
5764
5440
6114
17076
175324
11580
14602
5494
14190
5518
12356
7138
15312
9272
6206
11634
7790
5758
5532
15546
6208
15504
10694
13860
11584
13042
5622
12162
7056
14850
8500
14910
5900
12048
13244
13858
11130
11036
14618
13710
14000
24970
10002
13354
14826
10118
6924
14980
7756
13404
13396
8958
15012
15886
15302
14638
14978
14488
15420
23504
10670
14974
5820
5732
8882
12774
27258
7158
8884
13338
7826
6438
8774
14522
11176
12376
11102
6512
7078
14452
15632
12316
14926
5768
