Latencies
34854
12590
8356
5626
5644
5732
14834
11358
6188
13308
14626
14822
14724
14836
15008
14846
15038
14758
15014
8042
14710
15574
29128
13188
5680
34876
34458
33044
17414
27234
15714
14764
15036
14660
15054
33598
69050
34574
34880
34134
34800
34192
34344
35248
34460
34240
37256
34814
34530
25898
32640
25076
14810
15032
14786
14758
32132
26010
27142
16648
15410
15042
6360
5482
5294
5388
5652
5914
14608
15308
10650
32024
21542
30976
34474
23486
53498
24588
12082
6396
7490
17064
24960
28550
14258
24926
30414
15188
24936
33978
24802
25342
25118
24820
24414
20654
6504
7678
21988
63070
53960
53852
53944
54060
53910
53772
54006
54026
54608
54098
33618
117080
15150
25036
24464
14708
15362
15030
14780
15254
14842
15072
14634
44020
25292
12900
26644
30998
34328
24398
25140
14540
24838
24800
23994
25936
25020
25768
24330
25554
24874
25052
24418
25330
25566
24832
24664
24998
24232
24458
24900
25334
24624
115706
18890
11570
13380
12032
14742
14108
10972
12564
11700
64432
24646
53814
53898
54746
35428
53852
54060
52962
34618
34078
35634
34452
34558
34400
34612
34566
34580
34678
63490
34172
53738
33144
52318
53072
54282
53454
53256
54096
53508
16456
45290
6446
23506
53932
24168
53830
54706
53456
53304
53826
54466
53858
53104
55524
34182
25130
55124
94282
21746
21384
34534
14350
24730
14910
14582
35128
24560
23960
14716
15366
14608
14642
14872
14672
25528
24196
25052
24308
24540
53528
29684
42906
24106
34338
34122
34982
34102
34818
33714
35332
35268
34402
34684
34896
34546
35434
34526
34420
34552
34618
34182
34582
34174
34498
34076
33186
30334
18500
16314
15814
13678
20028
12918
8264
43228
62656
53650
53446
53856
53276
55138
53846
54090
54084
52570
22214
52278
42700
35272
24522
54166
53802
54420
54342
53000
53822
54072
54102
54074
54402
9068
24070
14346
25428
8266
33048
15440
36438
25018
34680
34642
33560
34308
34754
34838
6328
24038
19294
19540
18946
32696
28670
14150
34126
34376
53814
54064
53904
53888
54056
54018
54056
17798
35092
13206
10998
13804
6130
12650
10014
10548
5428
10968
19340
32018
13132
16688
16928
18586
6864
51700
27062
21800
8170
26860
20444
17166
24348
27348
32130
8366
28284
26188
29366
29106
63450
44334
54214
52998
53758
23814
51066
19946
1019484
43600
35324
29678
14688
19352
43574
17704
14524
6506
8880
8234
24600
24794
25356
24896
36574
18096
23382
18478
21570
12720
22132
8914
14512
20306
7044
17324
13948
23830
14718
14626
20866
15902
9228
14082
11826
14732
11580
43266
21142
11542
22600
15076
13288
8416
22176
44612
25024
24546
24038
24266
25024
24592
24780
14748
14940
14708
15018
14680
14444
14960
15054
14896
14562
14602
14514
15178
25002
34522
34688
34448
33574
34556
35292
34538
34540
34532
34536
34536
34536
34540
34296
34550
34544
34536
34582
33538
35586
34536
34322
25546
15982
29018
25584
30586
10924
15918
23220
8900
28250
8606
14922
9448
11604
11404
13290
7218
6756
35290
33928
33812
34570
32676
26176
13528
14574
14114
16664
7892
8358
20418
10044
11356
9590
13982
7954
14278
8472
22936
11996
8090
14060
15272
39814
56856
19310
54340
53808
32530
11902
18256
15978
21552
30420
22524
34896
25638
34354
34806
33750
34720
35074
26918
34894
34384
35854
30572
51158
18054
27384
8216
10686
24370
26334
25660
25702
24710
24776
24670
19054
28428
18994
20054
25036
24322
24756
31234
24950
30668
29954
30590
54602
32246
24408
14548
24134
40934
53872
21320
8682
17174
23898
20530
6630
17676
27832
10858
21722
8842
26270
24870
11396
14396
10370
6948
12238
25028
14464
12434
11894
11872
9530
17246
25986
33574
22856
21432
6290
24832
10580
18866
8796
14598
14748
16840
12200
9928
15332
43808
35332
20476
30554
23454
22418
6152
14188
10392
14924
24810
24666
24626
24754
24850
24528
24624
25686
30400
11402
19858
9822
8306
11522
8822
17018
8422
7606
24084
34380
29046
12800
9822
43440
34434
26052
35390
30472
16408
16814
54632
25182
33334
34520
34610
34242
35184
34316
34900
33920
34640
35016
34412
40168
34392
22208
14702
14862
12378
15068
7938
13852
7166
39366
35666
41472
23382
23604
41004
42516
25172
44226
19530
31864
44830
45164
27034
34684
33830
7456
32432
22138
25774
15270
25032
24256
25160
24650
24870
24908
24980
7358
13748
12458
7740
13512
13268
11798
15418
33800
30174
8296
5928
12272
14820
10990
13390
13622
7938
13072
9942
9930
32280
14776
6126
6222
23978
21594
35328
21678
33084
41962
21526
39268
25120
24626
34554
34666
53748
52966
43976
22896
6024
21214
21978
25334
10158
17498
34682
14942
39848
50402
18836
22642
25250
8482
44760
18356
9534
6500
5694
13538
14058
11950
13790
7016
25532
31836
16936
26432
24522
34236
31368
24492
14818
14584
14668
15812
14850
14484
15392
14618
13738
6858
9814
8642
17114
29330
25314
23502
35008
33966
34758
34150
34838
15250
15052
14874
15446
23786
34638
33526
24526
36100
34640
35050
23356
20006
63350
6358
6112
30922
56280
27816
19730
49880
16292
17398
29140
19270
34408
64200
53666
53334
53680
194100
34730
34076
33918
34050
34884
34742
34046
34224
34882
53748
43106
25192
34460
34348
34562
34514
34814
34052
34872
34758
34600
33560
34834
34506
34876
21854
14894
32124
43104
35540
30422
49282
37360
22028
19008
10880
15126
9086
15056
14638
14606
14782
14914
15546
15358
14654
14778
14658
14958
8620
9092
16202
8936
9866
11882
28188
11768
33674
8630
9336
16218
24170
24312
25012
24384
25030
24370
25318
24238
24962
25110
34194
6848
22078
15660
8686
15624
24674
43548
54342
31312
30732
51232
17880
16070
34008
8106
15228
15242
11254
6360
15600
10462
7514
9374
24068
37922
24838
14562
15720
15000
24966
17988
8430
20744
20124
18210
19692
16310
12204
6182
15780
16944
15328
12602
9272
13500
11488
8878
30274
23036
22182
31440
32228
23052
36178
19008
41230
48470
18494
15738
7096
21300
33778
24394
34782
34650
34916
34684
21560
34246
14550
8174
10788
19794
14500
15080
5746
17526
6984
10506
13632
15210
25692
22940
25180
53684
32118
54510
36744
24960
21112
42158
7224
28252
24674
29632
27518
24838
23492
34908
17126
6830
9870
11606
7074
5434
5422
5494
7780
23856
20080
27608
43698
27042
13950
29120
33002
12558
35126
21524
53048
12600
15436
15128
14744
15206
14804
14730
15372
14896
14950
15122
15254
5800
12420
30282
15636
42124
26450
28568
25408
5606
10720
10882
20858
6170
9288
5528
6202
7222
13848
11582
27488
22164
10894
26140
17868
6500
15268
10926
15156
16360
15974
39108
6040
5934
5378
5982
5438
9482
6958
15952
15926
25560
24842
24164
25600
25126
24918
47546
35678
25246
15002
24844
18568
27434
24524
15598
8758
23228
6788
11568
35050
35388
34604
34496
34526
26008
44340
53692
35246
34714
35020
55602
54354
53298
53026
54192
55448
53284
53584
55044
18772
19752
14936
15016
13736
22432
21334
15034
15966
24196
24516
24300
25460
24844
21560
7132
10198
8932
11888
32242
15508
15346
14968
15014
15018
6676
6374
13364
29140
20532
50494
14678
35496
53882
58038
32590
53692
25184
25132
32452
19516
24732
8246
12762
14850
44156
10872
49088
37530
33812
46338
30542
35716
23864
13998
9056
33150
17514
17694
31242
30282
20302
41534
20042
31950
33972
11162
23732
43880
34734
54100
53850
53680
53894
53608
83350
74722
54044
53898
54394
53526
53914
54286
53576
53900
701790
34068
34582
34536
34240
34830
34282
34348
98916
25520
34222
34348
34874
34714
34382
34006
34276
34586
34438
54174
35366
52168
58616
15628
9130
11714
25830
26444
5954
56066
25922
34166
31484
13272
6416
34526
15232
15262
14470
15164
34428
34682
14656
35134
33946
34506
34770
34434
34506
34126
35104
34802
34168
25046
37258
30170
32964
24586
15064
24722
53072
53888
53802
54028
54170
54392
53394
53800
54530
53622
54466
53430
34900
35136
52850
53264
53860
53640
54938
54604
53062
33952
35058
34770
20210
17784
25816
21106
34456
36014
36324
20016
53818
25906
53924
53032
53898
53326
53788
53936
55664
53214
54008
54072
53376
50780
37374
34386
19916
23466
12648
19562
25864
34180
25324
34508
34552
34348
34234
34504
22258
33702
24778
15678
24536
25316
24434
13186
25418
34226
34480
34498
34526
34102
34478
34540
31500
27926
24938
34434
30978
52958
23324
31424
19430
25838
12418
37076
53840
8354
29460
37834
34816
43188
21470
16410
21746
29732
35360
35160
54000
53922
44020
24774
25532
23824
24646
24624
25506
24944
25552
24864
24650
9934
15184
27692
29740
23768
43456
15374
14642
14812
17496
34270
16292
19348
29378
12734
14396
11594
15722
15076
14566
14738
15050
15256
15142
19402
24256
24696
14396
8744
29334
32128
20588
21134
39588
20298
38106
35616
28288
43454
33940
44980
53920
54170
53790
54180
53810
54006
53100
21572
20620
35984
31974
48188
6442
21250
14624
29480
19700
52166
14944
11282
32760
25456
46130
32562
17854
50870
5692
13914
18974
19412
12500
9678
11336
11152
5764
11482
7480
8604
11422
8902
12592
29672
34268
23970
34890
34160
8152
15278
23306
44536
33014
36090
53866
22160
11638
19808
49346
25984
31390
25708
22292
14156
12436
6080
9700
9272
7352
14038
12436
9138
16254
14920
14926
24642
24782
24618
24814
25164
45478
54218
25470
24088
14422
12062
20986
16732
17732
7300
5860
5370
14226
12040
34108
25324
34008
33836
34724
34114
34974
24068
21160
33156
39500
43704
17836
7654
19380
20166
32442
39472
29902
43754
22782
47142
33378
25270
25034
25530
21514
30254
12542
10984
9096
24662
11618
12398
72004
32832
19880
24092
21370
14952
11622
8096
11306
23838
14850
14746
15590
15346
14022
380900
33934
24666
34610
34296
34420
34704
35102
33946
35058
34130
33954
34552
34580
7202
7740
29216
30334
18122
16852
20838
27078
25638
23974
21698
25180
54996
54530
53914
53670
20758
25916
6332
7112
33508
25258
23804
35312
33484
53160
53960
17068
48138
14698
31130
22150
5622
6616
15924
33204
18124
25456
25436
10866
9836
6224
11600
12660
11570
9544
21058
27274
7686
7198
11246
25820
32034
36272
26280
34866
21224
30232
35766
15746
25024
15830
38700
8592
18096
11938
10636
42620
18498
9154
32364
12962
26496
15178
11042
13512
12482
23016
22294
14744
20902
25536
24712
15096
14606
14898
8040
15650
13310
6586
26884
25274
15264
14652
28420
16954
26580
12442
11196
11336
14460
33384
26850
44192
54550
16306
49376
31232
55716
20954
12772
11926
23238
8828
15420
15876
8570
21328
10334
7188
43800
18028
47832
29718
42470
38734
33990
28928
29064
27822
14640
14430
14684
9960
25152
17844
10340
14512
11510
12562
8438
12892
7366
28484
29894
35092
23618
34564
34504
5714
24772
62688
35982
43910
40386
39786
15984
22352
25304
6892
13112
25268
38396
30588
34026
24282
15030
11688
12358
11704
13086
20080
29638
53950
32408
18882
30468
54160
37366
14762
26332
19242
29714
34934
33244
26190
36542
46414
33728
34834
19556
34352
26046
8948
34432
26884
30938
20878
46786
23248
32496
51908
45402
16312
30598
17000
30832
46666
20684
14550
23654
11244
23272
12096
9374
12670
10624
19508
24404
5802
7796
18060
28228
18100
19262
51398
30780
29914
16408
15858
21580
20250
25656
25074
64512
21082
54568
15510
9610
7746
14602
5848
5544
18146
25944
10960
17080
44594
30090
12522
15574
47514
34670
44968
53368
25396
26696
29070
35294
53844
53810
48754
44018
17526
25978
21998
30392
40070
38558
42810
39104
6890
18408
34358
15420
34246
8542
30584
7172
42282
39274
35786
28212
17696
27684
27680
30678
23810
25312
23970
19544
32988
34100
33484
20276
6348
32316
49238
30924
25110
27660
28084
26296
35714
49664
25306
44876
53434
13292
10038
6942
9618
15390
29700
10586
24626
15476
7650
20130
8376
12294
11332
7802
7678
7466
14010
24044
16616
16080
15224
14946
14808
13984
24386
19814
25616
6354
10124
10554
14094
9370
6382
12406
12208
26220
32372
16984
24144
5952
18140
24182
14998
8168
24528
24512
9640
8104
20078
17224
8766
7186
23692
11190
13228
20848
18616
13664
