Latencies
7024
6174
6074
6632
5434
5864
7526
5894
5832
5462
5920
5634
5570
5434
5448
5368
5784
5504
5458
5338
5234
5890
5526
5886
5780
5936
5458
5500
5446
5648
5818
5508
5418
5734
5308
5522
5830
6330
5442
5382
5894
5506
5376
5568
5852
5438
6378
6254
5516
5766
5718
6312
6472
5920
5468
5610
6420
5476
5414
6194
5470
5406
6018
5608
5490
6148
5442
5424
25756
5642
6270
5784
5512
6552
5422
5460
5396
6242
6188
5452
5534
6528
5436
6496
5430
6072
5868
5652
5530
5406
5510
9100
5772
5530
5470
6202
5402
5650
5440
5424
5516
5670
5450
5662
5422
6158
5834
5396
6110
5598
5476
5726
5990
5472
5406
6116
6632
5936
5454
6146
6152
6196
6046
5800
5820
5628
5476
6146
5442
5462
5560
5558
20690
5336
25876
5610
5452
6568
5412
5866
5272
5604
5410
5762
7114
5964
5788
5942
6036
5544
6254
5432
5688
5820
5708
5608
5462
5602
5400
5566
5360
5686
7776
5388
5590
5418
6058
5642
5570
5634
5798
5538
5304
5474
5916
5502
5356
6060
28298
7406
5796
5438
6192
5496
5492
5698
6264
5726
9676
6064
5284
5452
5550
6186
5858
5442
5812
6152
5834
6058
5916
5390
5532
6198
9970
5952
6560
5390
6008
5706
5348
5454
5394
5746
5624
5766
6160
5614
6310
5452
6106
5964
5756
5410
5406
5616
5412
5874
5424
5860
5482
12436
5472
6138
5534
5442
5422
5534
5426
6042
6756
5556
5544
5402
5360
6004
5734
5688
5480
5816
5600
5588
5762
5870
5578
6396
5774
6068
5444
6560
5670
6170
5334
5778
5478
5418
5454
5418
6022
6280
5864
5688
6066
6126
5470
5592
5790
5486
5420
5830
6126
5792
6760
5628
6880
5384
5842
5994
5584
6252
5562
5916
5856
5372
5750
19312
5484
5430
5804
7654
5326
5508
5922
5914
5886
5832
6134
6170
7378
5434
5960
5838
5610
6308
6014
5442
5550
5422
5382
6146
5418
5556
5686
5954
6256
6140
5554
5708
5468
5950
5628
5318
5966
5394
5512
5452
5662
5444
5866
12718
5728
7248
5744
5374
5514
5868
5608
5416
17066
5912
5524
5380
6004
5546
6024
5394
12166
6038
15266
5780
5884
6784
5604
5906
5328
5892
5364
5926
5876
5200
5384
12416
6648
6092
5954
5508
5424
5734
5400
5440
16832
5358
6224
5320
5474
5474
5344
5766
5700
5492
5520
5352
5652
5696
5320
6360
6236
5598
5454
7288
5898
6142
6498
5400
5396
6368
5590
5404
5944
6298
5896
5776
5960
5784
5708
5950
6600
5444
5424
5762
5348
5414
5644
5672
6274
5366
7152
6006
5452
5446
5448
6880
5714
5868
5386
5456
5376
5596
5498
5712
5544
51080
5410
5828
5328
5544
5940
5358
5332
5542
5330
5614
5262
5502
6108
6030
5374
6054
5596
5462
5714
5784
6102
5924
5562
5640
5938
6790
5332
5802
5426
5876
5406
5402
5884
6222
6338
5702
5564
5316
5702
6038
6026
5734
5528
5684
5352
5430
5486
6250
5862
5380
5396
5612
5494
5276
6992
6188
5570
5394
5518
5536
5486
5550
5734
5426
6734
5488
5824
18250
5274
5406
5410
5462
5814
6606
10594
5538
5618
5646
5826
35754
6282
5490
6494
5470
5244
5532
5780
17912
5628
5526
6676
5568
8136
6706
5568
5748
5642
5480
6056
5536
6228
5518
5402
5586
5530
5722
6436
5654
5408
5476
5408
5798
5308
5926
5336
5842
5376
5884
5850
6024
5660
5382
5344
7066
6176
5480
5374
6448
5646
5992
6198
6404
5578
5416
5560
6484
5980
5852
6808
5810
5968
8626
5676
6098
5634
5346
5574
5418
5652
5962
6140
5782
6084
7120
5444
5874
6002
5590
5864
5466
5586
5504
5356
5794
5544
5628
5478
5430
5568
6462
6630
5720
6192
6538
5536
5954
5532
6220
5612
5988
5342
5484
6840
5866
5394
5760
5574
5722
6508
5638
5410
5966
5924
5758
6408
5390
5912
5512
5406
5392
5610
6136
6630
5978
5984
5460
5652
6594
6346
5592
5346
6244
5370
5476
5722
5654
6122
5956
6128
5544
5260
6196
5668
5358
5830
5590
5342
5896
5920
6586
5426
5488
6864
6302
5522
5848
5438
5404
5438
5420
6086
6108
6046
5500
6202
5504
5648
5954
5396
5352
5230
5318
5472
5714
6702
5444
5822
5976
5492
5632
5354
5308
5728
5406
5610
5466
5470
6744
5420
5440
5334
5862
6068
5350
6848
5968
5430
5942
5360
5770
5542
7608
5602
5792
8806
5790
5988
8326
5644
5872
6262
5900
5584
5530
6152
5698
5924
6588
5932
5728
5496
5960
7114
5468
5940
5406
5524
5746
6552
5574
5308
5382
14708
5518
5966
5476
5490
5358
5520
5962
20848
5954
5874
5496
5606
5518
5426
5902
5690
5464
5392
5508
5448
5748
5454
5472
5988
5464
5344
5632
5864
5406
5620
5844
5428
5392
5398
5592
5814
6054
5884
5996
5504
18732
6706
5828
5950
5426
6062
5732
6168
5414
18912
5500
5500
5560
6126
8538
6298
5420
5404
6236
5704
5440
14056
6730
5578
5728
11512
5562
5342
6244
5980
5412
5618
5684
6192
5450
6196
5574
5366
5772
5390
5456
5568
20698
5292
5872
5606
5542
5422
5850
6096
7064
6100
6118
5462
6172
5700
5482
5484
6120
5584
5382
5424
6172
5622
5662
5670
6018
5724
5416
5702
5432
6276
6832
5420
5378
5404
6186
6052
26186
6220
5774
6814
6776
5588
5434
5784
5978
6064
5978
5672
5554
5410
5604
5514
5570
5306
5392
5536
5538
5556
5728
5682
6134
5792
6504
5838
5430
5352
5840
5474
5582
5426
5446
5456
5542
5508
5412
6040
6284
6094
5438
5390
5978
6110
5658
6150
5446
5514
5560
5806
6158
5854
5534
5466
5542
5518
5408
5464
5736
5990
5376
5624
5276
5460
5592
6118
5494
5388
5480
5564
5472
5456
5426
5752
5780
5922
5912
5398
5594
5408
5390
5992
5368
5906
5344
5340
5966
5536
5364
5502
5814
5926
6288
5642
5456
5390
5536
6188
5524
5540
5546
5340
5526
5738
5794
6240
5964
5938
5298
5996
5290
5586
5364
5360
6622
6004
5666
5332
5402
5632
5624
6180
6090
5482
6184
5364
6640
5596
5944
5486
5416
5486
5434
5560
6906
5372
6100
5946
38270
5540
6060
6032
5568
5492
5978
5468
5662
5486
5516
9086
10722
5532
5538
5922
5362
5868
5560
6290
6148
6198
5672
5682
6294
5858
6368
5736
5616
5516
5856
5786
5922
6284
6284
5438
5308
5416
5754
6080
5500
5600
5924
5580
5492
6066
5898
5392
5850
5512
6356
6038
5490
6330
5566
5510
5526
5382
6290
5710
5536
5748
5398
5518
5568
5374
6120
6170
5990
5360
5382
5424
5882
5502
5636
5364
6676
23300
5532
5520
5536
5548
5438
5822
6048
5884
5526
6022
5358
6092
6196
6100
5396
5558
5952
5950
5660
5408
6266
5362
5710
5430
5972
15978
5740
5518
5496
5422
5590
5406
5330
5504
5788
5622
5456
5512
5482
5616
8388
6288
5624
5724
5650
5728
5990
5824
5628
5428
5500
6166
5744
5506
5512
5592
6430
5768
5336
5830
6090
5852
5888
5348
5412
5432
6042
5472
5952
6492
5624
6114
5396
5478
5664
18642
23760
5946
5996
5416
6522
5540
5520
5392
5560
6480
6006
6042
5804
5456
5448
5340
5654
6348
5510
5308
6238
5896
6122
6024
5442
5552
5520
5638
5650
5412
6094
5814
18044
6002
5928
6644
5418
6214
5924
16670
5858
6330
5376
5402
5740
6664
5368
5572
6048
5440
5420
5462
5446
5606
6174
5416
6120
9078
5724
5912
5724
5344
5894
5456
5484
5758
5698
5640
5208
5248
5940
5608
5384
5446
5478
5350
6358
5630
5442
5422
5952
6946
5432
6118
5600
5580
5414
5390
5424
5436
5760
5376
5398
5782
7398
6144
5794
6156
6058
5742
5752
5698
5516
5446
5422
5810
5808
5760
7192
5632
5602
5500
6274
6728
5906
5542
5334
6198
5386
5860
12266
6206
6078
6670
6060
5536
5600
6106
6362
6150
5584
5720
6024
6196
5608
5400
7126
5502
6034
6272
5566
5932
5544
5618
5640
6114
5564
7594
6342
5376
6118
5528
5866
5512
5676
5382
5744
6436
6194
5992
5678
5572
6048
5770
6066
6274
5754
5850
6184
5382
5376
5378
5480
6112
5368
5944
5438
5500
5480
75696
5930
5678
5746
5448
5356
5796
5398
5352
5966
5466
5420
5294
7708
5454
5626
5376
5574
5400
5296
6092
5732
5398
5820
5438
5616
5406
5536
5678
5794
5674
11402
5516
5344
5784
6886
5418
5544
5358
6034
5506
5458
5554
5428
5686
5528
5540
5424
5376
6174
5388
5424
5838
5884
5736
5986
5282
5562
5552
5526
6036
5460
6238
5496
6266
6154
5470
5560
5438
5440
5434
5508
5494
5494
5464
5360
5916
5346
5408
5334
6228
5700
6234
5446
5486
5594
5712
5550
5722
5506
6038
5860
5688
5308
23750
5508
5780
5526
5408
5394
5752
6482
6044
5414
5282
5608
5810
6282
5328
15996
5634
5384
5532
6242
5796
5544
5638
6130
6264
5814
5868
5946
5340
5194
6448
6250
5422
5400
5924
6088
5712
5442
5412
5430
9776
5518
5366
5872
6030
5688
5650
5570
5448
5340
5912
5994
6702
5702
6154
5384
6952
6086
5664
5996
6170
6096
6410
5544
6244
6944
5236
7148
6012
5526
7292
5708
5434
5582
5418
5482
5310
31504
6314
5516
5754
6208
5550
5392
5840
5652
5542
6024
5660
6244
5246
5318
5374
5456
6752
5366
13880
5358
5426
5518
5434
5416
5374
5518
5448
14318
5620
6024
5380
5344
5534
5362
6174
5862
6266
5434
5536
5620
5682
5664
5392
5728
5430
5666
6064
6074
5240
5378
5824
6294
5884
5590
6760
5372
5668
6460
5708
5366
5392
5850
5842
5954
5332
6048
5254
5440
5366
5960
5664
5390
6582
5764
5732
5462
5572
5936
5498
5470
5556
5818
5710
7216
6106
5220
5626
5954
5898
5320
5784
7080
6742
6216
5436
5552
5930
5438
5420
5368
5618
5584
5520
5334
5602
5550
6370
6020
6042
5368
5408
5420
5726
5778
5482
5740
6678
5362
5710
5366
5520
6360
5762
5358
5624
5618
5388
6718
6758
5380
5398
6690
5994
5742
5412
6034
15604
6100
5890
5470
5914
5394
5768
6332
6480
5350
5840
5432
5372
5384
5324
5382
5616
5644
5676
5266
5816
5898
6314
6028
6126
5828
5410
5536
5566
5508
8176
6146
5352
5346
5348
7414
14306
5482
6186
5532
5812
5326
5460
5854
5362
5776
5910
5548
5868
5520
6452
5888
5404
5514
5606
5324
5618
5992
6300
5792
5358
5562
7056
6226
6012
5480
5798
6152
6054
5608
5426
5504
5788
5898
5758
5398
5884
5762
5432
5600
5602
5312
5394
5520
6900
5344
6284
5528
5542
6238
5478
5376
5398
5822
5310
5912
5768
5492
6174
6080
5366
5542
5420
5526
6038
6034
5402
5406
5926
5728
5446
6384
5620
39518
6468
5532
5944
5712
5818
5804
26210
5672
6168
9756
9176
6408
5900
5842
6332
7060
5672
9544
6544
5888
7748
5706
8224
7606
5848
6146
5682
5740
5640
7150
5834
6436
7010
5746
6090
5516
6136
5546
6014
5540
5654
5816
5432
6604
5570
6330
5306
5550
5520
6592
6474
5590
5882
5594
6218
5662
5872
5620
5388
5750
5746
5462
5394
5564
5706
15458
5378
5558
7248
6356
5542
5404
5534
5478
5448
5900
5704
5634
6128
5538
12060
5430
5534
5752
5484
7044
5560
5526
5436
5384
5472
5418
5600
5534
6192
5308
31784
5608
5564
5542
5840
5302
34522
5850
5912
5572
6106
5404
5966
6122
6166
6086
5834
5794
5492
5584
5712
5634
5882
5604
5392
5856
5574
5554
5494
6084
6604
5650
5850
6062
5586
5656
5580
6058
5470
5948
7120
5930
5840
5708
6616
5822
5558
6152
6306
5804
5946
5680
6632
5726
38164
6206
6840
5650
6000
6248
5482
5534
6184
5420
5494
5552
5970
5412
5440
5466
5858
5624
5772
5386
5492
6744
14782
5892
5682
5534
5526
5492
5480
5510
5806
5764
5488
5684
6216
5560
5610
24738
6220
6150
5874
6164
6156
5376
5778
5366
5560
5518
5970
5638
5444
6304
6262
5566
5260
5840
5486
5524
5460
5922
5554
5550
5524
5892
6638
5590
7052
5568
6360
5530
5342
5632
5412
5508
5730
5356
5846
5810
5654
5530
6012
5572
5892
6066
5424
6204
5474
6808
5296
5512
5378
5630
6982
5420
5950
5612
5466
5466
5476
5542
5706
5364
5454
5700
6874
5360
5464
6068
6014
5528
6098
5566
5454
5952
5528
5788
5996
6132
5584
5992
5376
20670
6498
5510
5508
7110
5858
5412
5528
6606
5616
6188
5440
5544
5632
5540
6084
5766
5850
5444
13996
5424
5912
25548
5628
5848
6310
5500
5462
5684
6018
11516
5562
6238
5294
5724
5536
7024
6034
5780
5630
5604
5498
5618
5820
5564
6250
5444
5512
6044
6644
5770
5814
6160
5968
5606
5704
5570
6970
5670
5544
6010
5338
5476
36966
6164
5698
5460
5758
6216
6498
5994
6112
5460
5408
5650
6948
6034
5518
5478
5542
6458
5612
5830
5502
5532
5650
5746
5542
5452
5610
5410
6296
5498
6926
5308
5916
6578
5634
6866
6156
5348
6496
5472
5866
6152
5488
5596
5290
5910
19172
6112
5542
5968
5642
5452
5524
7386
6006
5778
5386
5974
5500
6162
5926
6198
5420
5600
5530
5440
5436
5424
5398
5690
5366
17152
7284
5456
6096
6038
6428
5454
5502
5738
6262
5792
10878
6374
5416
5448
5612
5438
5454
5990
5454
5284
6130
5764
5982
5230
5306
5240
5382
5680
6184
5960
5294
5504
5614
6184
5350
5810
6170
5240
8500
6548
7330
5524
5570
5604
5572
5412
5828
5520
5866
5592
6280
7216
5388
5396
6654
13636
5348
5376
6122
5360
5404
5496
5986
5392
5360
5528
6252
5598
5912
5384
7142
5398
9884
5426
5894
5580
5680
5298
5370
5560
5524
5494
5352
5764
6362
5366
5356
5362
5284
5400
5284
5336
5804
5294
5594
5508
6000
5426
5458
5570
5522
5608
5284
5620
5732
6320
5386
5590
5490
5478
5254
7100
5438
5672
5420
5574
5734
6142
5520
6148
6118
6034
5578
5404
6200
5592
6866
5888
5646
5540
6032
5574
5584
5488
5688
5578
5798
5564
5962
5722
5502
5724
5566
5484
6226
5384
6044
15708
5984
6500
5350
6250
6902
6444
5340
5518
5928
5766
5374
5372
5558
5942
5488
5296
5340
5374
5520
5394
5446
7182
5448
6066
14822
5548
5832
5426
5396
5932
5384
6160
5330
5616
5940
5708
5460
5872
5522
17924
5350
5304
5564
5400
5590
5590
19622
5398
5850
5496
5662
5628
5544
5676
5422
5556
5390
5416
6054
7050
25322
6110
5404
6616
5500
5484
5458
5496
6648
6150
5826
5440
5988
6024
5364
5444
5548
5422
5968
5662
5196
6224
6148
32390
5366
5284
5532
6070
5494
5580
5830
6284
5888
5538
5310
6096
5406
5324
6338
6170
5560
5618
5758
21044
5792
5406
5526
5518
5522
5508
5582
5572
5654
5558
5384
6076
5334
5438
5474
5472
6488
5376
5650
17004
6210
5452
6072
5364
5560
5672
6702
8218
6596
5324
5984
5524
5488
5670
6020
5842
5838
5984
6108
6234
6454
9468
24592
5574
6300
5566
5502
5466
9624
5330
7190
5682
6046
6180
6332
6106
5712
5712
55686
6944
5524
6184
5936
28544
5342
5982
5966
5778
7354
6356
7472
5756
5464
6144
5730
5534
6358
5966
5996
6060
5836
5474
5626
5476
38784
5770
5490
6316
5696
5912
17948
5488
5500
5664
18116
7508
8424
10158
9338
5276
5942
6122
7042
5542
6008
5690
6374
5562
5836
5880
6136
5524
6248
6208
5742
5554
5866
5756
5954
5582
5766
5506
6208
5732
5884
5594
6394
5542
5438
5486
5518
5558
5900
5620
5500
5728
6016
5610
6216
5386
5476
5748
5440
5540
6266
5458
6100
6676
5492
5514
5518
5754
6506
5520
5494
5878
5342
5760
5936
5536
5796
5642
5388
5506
6250
5386
5530
5808
5830
5826
6366
5346
5442
5682
5544
5698
5390
5656
5944
5894
5682
5724
5462
5906
5712
5394
5454
5884
5540
5798
5580
6358
5586
6114
6202
5412
5420
5600
5402
5496
5424
5694
5530
5708
5456
28490
5952
5974
5374
22984
5426
14098
6226
5352
6068
5810
5670
5656
5400
5448
5468
5300
5380
6332
5560
6464
5844
5722
5584
5814
5508
5710
6032
5524
5436
6010
5584
5428
5494
5536
5912
5436
5464
5464
6138
6710
5358
5330
5442
6178
5350
5868
6152
5408
5390
6328
5958
5410
6104
6026
5732
6224
5496
5496
5518
5572
5450
5310
5696
6342
5474
5632
6352
5344
5524
5316
5838
5454
5438
6814
5962
5428
5240
5416
6516
5594
5480
5816
5400
5712
5354
5512
5484
5502
5876
5418
12466
5316
5388
5440
5290
5834
6114
5338
5794
5496
5496
5438
5480
5302
5836
5524
6560
5576
6416
5996
5650
5400
5370
5390
5556
5674
6208
5448
5532
5648
5860
5730
6646
5552
6368
5508
5566
5462
5528
5502
6416
5894
5492
5346
5546
5490
5418
5778
5400
5372
5442
5440
5686
5570
6342
5988
5882
5628
5658
5532
5498
6122
6130
6242
6044
6258
6238
5838
6036
5386
5428
5348
5480
5406
5602
5722
5530
5346
5418
5394
5310
5828
5320
6098
6244
5362
5998
6336
6326
5972
28700
6252
5394
6064
6248
5388
5476
6320
5574
5508
5672
5674
5400
5594
5886
5310
5536
5698
5446
5506
26320
6770
5344
5848
6832
22080
6606
5518
11234
5496
5490
5368
5410
23748
5536
6452
5652
5408
5628
5476
5550
5632
5504
5984
5650
5344
17592
5518
6294
6260
5426
5536
6006
5742
5856
5586
6602
6130
5316
5582
6080
5532
5626
5758
6280
5992
5660
5726
5446
6466
6572
6630
5370
5362
5572
6726
6142
6052
5382
5414
5362
5408
5474
6060
5478
5480
5456
5540
5408
5498
5344
6062
6790
5642
5414
5450
5446
5668
5446
6614
7000
6112
6082
5476
6038
5500
6064
6030
5514
5502
5536
5326
5744
5406
5486
5330
5516
7160
5452
5336
5442
5408
6044
5934
5576
5444
5680
6056
5412
5976
5538
5732
5418
6056
5516
6232
5450
5978
5372
5412
35696
6868
5918
7018
6144
5610
12418
5486
5992
6080
5926
5454
6902
5330
5504
5566
6112
5532
5394
5294
5484
7804
5346
5748
6094
5544
5686
5374
5470
5754
6098
5852
6774
5948
5504
5912
5528
6000
6004
5836
5496
6074
5492
5514
5524
34516
5758
5778
