Latencies
7016
6406
5510
5726
5988
5956
5316
34842
5886
5678
6158
19378
5616
5666
5482
5470
5372
6148
5680
5714
5696
5918
6290
5482
12150
5476
5540
5478
5374
5576
5376
5336
5724
6424
5352
6228
5440
5500
6238
5778
6118
5400
5786
6806
6128
6108
5472
6426
5422
5368
5420
5434
5544
5422
5440
5754
5348
5494
5470
5376
5396
5442
5576
12016
5404
5452
5866
6004
5370
5394
5372
6024
6060
6138
6450
5456
5750
5602
5364
5658
5960
5390
6420
5484
5490
5332
5950
5618
5840
5370
6158
5388
5612
5810
5402
5624
5742
5404
6568
5576
5452
5880
5398
5356
5804
5514
5586
5864
5272
5262
5384
5502
5576
5394
5678
14202
5772
22242
5412
5474
5702
6648
6012
6132
6028
5546
6000
5358
5386
5924
5372
5698
5386
5390
5968
5902
5598
5338
6294
6152
6274
6466
5570
5446
5734
5776
5560
5614
5410
5436
5434
5406
5466
5408
6208
5476
5306
5588
6502
6012
5422
5450
22184
5450
5612
6060
5474
5402
20926
5994
5428
5508
5722
8594
5414
5778
5356
5400
5614
6378
5658
5654
5938
5918
5542
5966
5624
5528
5824
7880
26034
5828
5614
5918
5658
5756
5664
23426
5562
11710
5820
17354
5450
5584
5564
6302
5460
5646
5444
5350
6134
14362
5432
6082
6356
5540
5382
5398
5510
5432
6058
5362
5356
5542
5476
5452
6004
6126
5402
5398
6114
5452
5782
5536
5376
5454
5404
6024
5278
5368
14468
6296
5328
6118
5834
6396
32368
5784
5344
5466
5372
5414
5682
5562
5420
5404
6270
5522
5936
5736
5294
5842
5428
6250
6280
19684
5460
5656
5434
5950
6320
17046
5462
6026
33476
6036
5446
5490
6010
5426
5630
5900
23014
6122
6432
5504
5522
5766
6554
5324
6134
5462
6190
5364
5374
5882
5390
5730
5438
5570
5782
9162
6244
5434
5542
5362
6708
5946
5436
6112
5706
5868
5576
5554
5418
5486
5850
5376
5344
5442
5450
5394
5752
5416
5384
5170
19062
5474
22044
5442
5616
34530
6426
5644
5522
6380
5564
5470
5488
6092
5396
6402
5476
6686
5528
6134
5480
5528
5432
5794
6194
6048
9250
9146
5346
6078
6624
5510
6920
5438
5676
5474
5368
5858
15584
6130
5548
5376
18166
5420
5412
5492
5478
5514
5370
5336
5404
5414
5420
5418
5488
5538
6130
5698
5390
5556
5312
14830
5974
6052
6090
6016
5632
5456
5402
5572
5232
6072
5924
5456
5810
5796
5512
5556
6190
6026
6178
6120
5888
5580
6336
5366
5392
5632
5374
5228
6114
6208
16258
5518
5584
5504
5734
5616
5806
5612
5408
5488
5452
5628
5550
18004
5464
5912
5856
5470
5806
5664
8168
5414
5800
5464
5918
5640
5770
5350
5342
5984
5904
6010
6252
5848
5402
23990
5504
6292
5652
5950
5510
5920
5566
5860
5748
5600
5804
5624
5384
14992
5616
22816
5890
5710
5364
9628
5360
5660
18304
25654
5388
5700
5688
5260
5592
5478
6358
5258
5724
5342
5280
7156
5428
6004
5802
5564
15920
5724
6034
5340
5620
5494
5468
5392
8378
5470
5358
5944
5684
13754
5426
5354
5908
5558
5488
5580
6380
5416
5828
5506
34476
5440
38776
5414
5962
6316
5308
5336
5402
5344
11332
5764
5410
5852
6604
6020
5426
6030
5376
5406
5470
5898
9644
5828
5946
6294
5390
5434
6376
5694
5614
5366
5376
5436
5396
5448
5416
6158
6104
5236
5680
5950
5446
6250
5498
5520
5896
5472
5522
21534
5384
5422
5402
13448
15328
5368
5246
5362
9572
5370
5386
5590
5972
5436
5960
14486
5636
5638
5720
5502
5344
5938
6128
5408
5298
6222
21200
5480
5524
5476
6014
5394
5462
5420
5518
6074
18072
5612
5442
5314
6098
5474
5818
5440
5340
18980
5368
5708
14946
5530
5396
5494
5658
25212
5344
5704
5360
5792
5324
5302
6190
5958
5994
5462
6838
5876
5532
5424
5538
5530
5432
23776
5608
5484
5484
5118
5446
5674
6098
8828
7104
5468
5696
5624
5396
5800
5768
5942
5506
5446
5484
5802
5468
6160
6110
5480
5244
18800
5394
5464
6124
7052
5788
6308
6134
5918
13578
6600
5412
5700
5390
5444
20014
5452
5348
27142
5780
5380
6522
13672
5302
5348
5622
6004
5330
6178
5986
6484
5630
5408
5552
5370
5686
5396
5650
5312
5358
5482
5334
5860
5510
6270
5800
5508
5474
5490
6342
24190
34972
5646
5526
5476
5566
6192
5618
5966
6120
5490
5310
5506
5596
5448
5432
5642
20344
14694
6634
6270
5404
5488
31100
5760
5266
5360
5280
5224
5678
5978
5502
5380
7952
5364
17098
5814
5496
5490
5434
5370
6128
5352
7274
25174
34840
5360
5398
5606
5420
5402
5884
5492
5532
5420
5478
6182
5372
5972
6346
5450
5404
5376
5544
11776
6194
5860
5354
5512
19220
9368
5464
5648
5392
5660
8642
5426
5798
11374
5272
6070
8014
5514
6128
21298
6056
22354
5702
6022
5214
5368
5742
5398
5132
5746
5908
6524
6044
14502
21430
5594
5472
5432
6042
6264
5732
5394
5492
5520
5910
5548
5678
5780
11414
5772
5528
5534
6000
5614
5614
5396
5710
5494
6272
5382
6994
5556
5364
6164
5710
5428
5384
6088
5866
5854
5366
5640
6100
5656
16510
5746
5318
5394
6320
5538
5514
5318
5622
5400
20812
5548
5378
5626
5790
5378
10174
5966
5322
5334
5450
5586
6496
5374
5938
5586
15878
5254
5528
5996
25432
5982
5412
5346
5540
5156
5326
5334
5188
5432
5870
5574
5488
5516
6134
5216
5496
5908
5366
5478
5606
5704
5518
5578
6194
5768
7732
5548
5540
5468
5560
6572
5350
5778
6224
5512
22944
5438
5486
5344
5726
11700
5796
6502
5448
5896
11280
5342
6444
5316
5578
5496
5948
6500
6088
5646
5740
5444
5566
5952
5352
5494
5914
5366
5494
6120
5582
5328
5476
5232
5180
6112
5520
5160
5366
5260
5652
5722
5706
6226
6182
5412
5408
5324
5714
5748
5680
5522
5930
5786
6012
5394
5394
5238
5296
6256
5590
5270
5552
5822
5544
5508
5542
5652
5680
6374
5406
5786
5832
5460
6324
5256
5724
5282
5928
5326
5324
11270
6110
5226
5832
5420
5190
5320
6096
5400
6048
5596
5800
5374
62672
5492
5488
5412
5342
5994
5312
6142
15254
5852
5442
6144
5390
5392
5436
6252
6108
6572
6092
5476
5962
5658
5400
5894
5662
5714
5620
5360
5524
5514
5484
5880
5352
5282
5838
5414
5588
6092
5414
7980
5430
5874
5854
5932
5502
5248
5418
5334
5302
5422
5332
5714
6294
5372
5388
5934
5324
5246
5376
5292
5220
6126
5218
5422
5592
6732
5412
36198
5554
6242
5536
5628
5312
5288
5606
5396
5620
16342
5524
5444
24596
25352
5492
5338
5554
5968
5968
5936
5428
12808
5654
5412
5584
5572
5564
5420
5422
6864
5658
5614
5814
5404
5362
5788
6324
5614
8922
5308
5378
5356
5370
8164
6006
5806
5244
5940
5496
5344
5428
5996
5594
6144
6186
5386
5548
6124
5518
5990
6252
5380
6250
5382
5706
5286
5416
5274
5548
5428
5426
5274
5986
5704
5406
19958
5396
5344
24452
5446
5566
5534
5336
5384
5908
5372
5428
5366
5374
5330
5214
5912
5404
5668
5960
5418
5838
5384
6104
6394
5544
5242
6130
5338
5654
5490
6010
5298
5734
5378
5360
6158
6216
5366
6526
5392
5942
20496
5500
5524
5442
5472
5516
5950
5530
5604
5836
5500
5392
5350
18984
5960
5798
17224
5234
5746
6880
5370
5398
5318
5588
6058
6248
5456
5756
5910
5230
5310
5380
5266
5498
5364
6004
5644
5418
6576
6070
5700
5706
5690
5574
29960
5464
5572
5934
5644
5548
6070
5430
61696
5450
5440
5400
5578
5778
5858
5318
5392
5918
5424
5530
5642
6098
5568
5480
5836
5896
5438
5358
5470
5414
25638
15876
12688
5754
38278
5462
5290
5910
6200
5254
6166
5528
5492
5716
6266
5494
8516
6102
6008
6328
5474
5784
6050
25210
6126
5552
5404
5830
6212
6216
6374
5508
5798
5254
5718
5560
5216
5392
5480
5380
6010
5306
5940
11202
5666
5324
5590
5308
18136
5428
6086
5388
5364
5638
5500
5912
5374
5818
5858
5520
5254
6212
5708
5768
5370
5406
5414
5356
5232
5394
5260
5384
22258
21104
5334
5550
5886
5448
5302
5334
6120
5342
5316
5336
5376
5436
5354
6028
5398
6060
6070
5438
5492
5558
5860
5398
5378
5310
5498
5340
5716
5476
5354
5390
5404
5454
5824
5852
5552
5356
5914
5478
6144
5830
5882
5920
5712
5292
5280
9108
6148
5652
5484
5432
6136
5430
5418
5612
5520
5382
6652
5386
5618
6468
5348
31606
5338
6344
5438
6274
25764
5380
6156
6116
6098
33098
5806
6168
5976
5196
5510
5468
5740
5502
5546
6048
6364
5740
5264
5556
5706
5802
5392
5206
5340
6116
5462
5408
6148
33710
10706
14470
5338
6060
7100
12346
5388
6026
5490
5878
5428
5430
5728
7374
6548
5670
8638
5384
30008
5730
6022
5664
6100
5848
5512
19852
5504
6856
5408
6248
5858
5644
10970
6078
6824
5760
30410
31868
5428
5284
5392
5590
6342
5566
5932
5836
5260
6168
5654
5738
5332
5468
6470
5442
5414
5352
5884
5336
5436
5636
5364
5344
6182
5814
5728
5460
5680
5646
5578
5336
5912
5474
6200
6018
32804
5502
5974
5526
5930
5742
5664
5916
6198
5382
5492
5344
5700
5348
6090
5948
15072
5626
5610
5772
5918
5530
5384
5406
6186
6040
5338
5598
5674
6276
6320
5460
6048
6098
5372
5680
5574
5378
5626
5464
5306
5430
5922
5946
6132
6170
5768
5782
5362
5674
5358
7726
5266
5588
5452
5782
5332
6390
5664
5558
5618
5670
5570
5448
6374
5566
5240
5968
5344
5336
5456
5802
5228
5360
10208
5320
5814
5778
5396
5916
8752
5508
5514
5994
5456
5420
5444
5728
5682
5940
5360
5416
5384
32338
5582
5356
5406
5366
14178
20550
6252
5388
5370
5530
5772
5588
5644
5390
5218
25510
5690
5350
5326
5364
5304
5350
28428
5328
5314
5894
5326
5816
5570
5696
5770
5418
5342
5364
6322
6264
6232
5712
5448
6316
5682
17930
6118
5306
5952
5334
5300
5382
5316
5928
6472
6070
15202
5352
6382
5434
5298
5552
5504
6064
5426
22138
5262
5334
5702
5500
5968
5934
6042
5312
6036
5226
5784
5378
6000
16796
5822
5340
5238
5368
5826
5604
5458
5648
5426
5236
5770
5326
5798
26890
5616
5604
5908
42700
5322
5828
5742
5546
5250
5508
5330
5400
5816
5396
6342
5282
6264
5432
5422
5412
6562
5434
5902
26834
10910
36730
29434
33528
5658
5614
10142
5928
5390
5490
5382
5440
5432
5588
5988
5412
5364
5974
6426
5620
5758
5394
5306
5356
6650
5692
5852
5780
5998
5542
9376
8520
5420
5980
6816
6124
18440
5250
5418
5302
5362
5400
5640
5520
6118
5636
5288
5898
6606
5518
5408
6250
5462
5298
6538
5376
5498
30346
15334
28880
15882
5932
5822
5692
5368
5976
6342
5686
6824
6790
5362
5344
5280
6162
5256
6728
5798
5938
5276
20266
5742
5316
17930
5208
5494
5244
5984
5440
5596
5856
5196
5926
5368
5746
6042
5390
5372
5438
5566
5398
5382
6278
5368
5644
5898
6074
5324
5726
6262
5348
5402
5804
5458
5522
5428
5552
5836
5758
6128
5448
5274
5810
5230
5384
6256
5374
5360
5358
5338
5214
5414
5358
5416
5234
6332
5436
5940
5780
5844
5380
5800
5328
5298
5460
23970
28062
5920
5798
5400
5254
5808
5388
5670
5334
5240
5408
20188
5356
5726
5528
5622
5412
5796
5486
5432
6178
5654
5814
5450
5796
5456
5690
5356
5630
6664
5670
5236
5436
6158
5956
5438
5344
5408
5360
5966
5482
6514
36748
5554
5666
5866
5346
5558
7010
5996
5398
5452
5526
5438
5992
5602
6058
6054
5442
5418
6086
5468
5224
5468
5938
5484
29498
5330
9696
5640
