Latencies
15668
32130
18300
13034
10678
11234
15256
11552
15308
7464
5508
24710
35440
35398
35256
35196
34842
34370
40926
33000
31076
36126
44090
42838
28150
48288
72618
60014
34622
54858
25726
28282
51918
45980
45296
84704
17722
23402
23454
44514
22690
28080
30988
12216
14070
26540
41174
16168
30488
25118
24442
17904
34214
33114
54074
31830
25010
17810
34914
32520
24754
31260
27904
55256
35464
35720
455286
59792
54118
85504
54748
76336
84952
74212
54460
54046
54372
54178
54400
53734
54718
32074
44060
34432
34390
33666
46726
19462
32140
20746
42648
39398
52704
25368
33494
33308
28582
24772
21412
26564
19468
19502
37900
58488
16792
31862
34524
42642
34372
9878
12874
11032
9762
23506
19084
28502
39488
10080
42014
46832
39612
46222
42714
40246
41080
33366
27378
22004
17710
25770
38258
30452
22758
24976
34984
34516
34986
34672
35064
33832
35240
72748
73354
54220
54650
73848
74742
24786
30368
30808
7842
7100
8016
14820
13492
15590
16884
27044
28102
26824
18020
146608
20766
44102
43210
55148
53564
54160
54256
54770
53682
54174
54446
54468
53708
53354
37526
27092
48676
29556
20522
54784
50212
20384
35378
52880
44198
24834
34036
35446
53956
34790
34666
34512
34102
35474
22544
30930
17292
22954
18864
21674
25194
72814
22818
41534
62636
24960
34088
34792
34304
33830
34052
53760
54668
54464
17990
37044
49904
24990
34124
44786
53770
42008
52572
50636
38156
34476
45056
36932
24928
34124
35152
14888
14942
12782
7682
6102
15278
35770
45082
54126
54116
54312
19776
26150
23912
25048
24914
42594
25120
22168
25484
23564
21560
16838
34914
25608
34666
34642
34940
34318
34920
34162
30236
24106
34096
16532
39660
9982
12202
15038
14338
19826
20634
17514
45300
85954
27256
37834
10426
12462
35100
15286
14768
809282
25746
35000
34410
33570
34706
35548
33918
34288
34448
35018
34866
34802
41190
34982
34484
34074
35060
33790
34476
34700
34156
33758
34642
34686
54924
54232
54066
58752
53962
54420
54880
37764
31174
51254
23686
51242
15836
22436
41952
23532
40462
36366
17950
38552
193234
46412
27938
43430
22860
30554
25004
14292
17090
29886
30422
26002
34176
17156
29092
18190
33258
53306
27584
21006
16782
24542
16268
34048
25864
30682
18594
44270
40664
53148
33186
25726
63902
27686
23552
62840
39606
53766
29386
16548
38824
20992
15536
16518
5330
15090
9366
9184
5554
11388
28080
46144
66086
35112
44254
53736
54502
54224
53566
54776
54156
31610
21754
44656
63826
54238
53940
53510
18362
37276
54428
42494
47408
53560
34270
17688
35646
30424
35654
32380
35218
34840
16094
18082
34072
44376
54510
44802
54536
45684
32914
20980
25504
24396
35106
33342
34658
35476
34100
34212
34772
35446
34336
34222
34422
21708
23286
24390
34594
34052
34396
34976
34476
35370
34384
33202
34518
26432
27690
17410
39428
53024
27964
22196
34608
25664
34692
34342
34378
34814
34650
34542
34948
33788
22646
30090
33910
21882
24254
45512
83448
73556
467454
39550
25466
32970
53088
71010
32756
62692
24292
72100
33226
13238
30040
24708
16466
23012
24642
16758
26046
25482
24032
35326
34030
34386
34944
34610
22048
13588
8834
15064
14500
14798
15234
15290
15322
15414
8744
14648
14450
24450
53550
20784
29864
36724
39652
37726
20550
26984
33176
21652
36550
54032
18076
19700
32192
43478
23934
35224
33788
35108
53588
34742
15784
56680
43052
53276
206212
77958
24764
34118
53770
24350
40768
35044
54178
25714
22048
24798
53916
43592
54982
52942
52156
55098
54728
54292
54090
54456
54836
52954
74706
55046
53910
54754
54196
54260
10814
107196
51804
44794
24880
36596
53060
34890
15534
34284
31860
23278
39324
18952
17798
24660
34554
24816
34822
34860
30532
29748
18608
21632
14416
19906
31212
26892
68150
17706
34320
45094
54188
54284
53068
55030
53340
54824
54230
23940
15998
19710
25610
53102
44794
27632
28682
34804
44032
32156
48308
18496
34040
62484
16758
18650
53984
54646
105746
33862
45894
31216
30272
24946
22784
22786
30830
20794
24138
17876
27186
28448
13140
16210
22280
37296
18706
16454
29586
24818
24860
18196
20118
28324
48920
49366
16182
33404
25138
11394
32924
33842
27278
84700
41560
54416
25930
48198
51434
45252
38664
34552
43946
53962
55014
672126
34404
32372
28268
31378
30504
38360
38734
71220
48500
24624
31380
39430
44088
18794
73128
48716
41080
34622
21074
44736
35332
53988
32260
21928
53068
17642
18950
45650
37778
5676
34394
53372
54566
54400
54176
54376
63634
26186
24560
34088
53642
32326
30120
18896
25692
23176
44368
37152
40286
6092
43796
46802
29688
17884
42642
28750
33086
44606
54590
54254
53672
55096
44192
23784
23958
55204
54386
85844
44102
14522
15290
33304
34848
34852
34316
34726
33412
34810
55106
34402
35092
34402
34564
35146
35266
35210
35212
33866
34730
54342
34976
34402
34400
34576
35252
34088
34600
34204
34362
35724
35046
34488
34490
34114
34870
33962
17086
16826
27000
17132
30280
22712
31098
19918
34668
27468
17450
24478
25164
35958
34928
34628
35026
34472
34502
34746
34790
34984
34462
34664
34856
34768
34614
34938
34500
35290
34048
34668
34968
34084
35972
34378
34754
34654
16314
26406
6046
34192
15924
34720
65116
27628
15796
6182
16278
17656
14730
12208
15490
16258
15628
15372
35042
15374
15064
15586
14904
14922
12266
14316
14282
21334
14510
14138
15346
8842
35060
25372
73444
54672
34480
34242
34468
34790
34376
34670
15256
33636
34514
35438
31660
23626
17754
25438
23418
24170
34794
5830
23316
32618
34008
16262
12888
6026
14898
34526
34152
35254
34762
35772
53274
34866
34400
34694
34674
34542
29176
9626
10962
14878
14982
13608
15200
10840
11582
24500
34556
25486
34366
35024
34786
33820
34580
34814
20234
16862
22532
48400
33652
14508
21154
20484
30150
6522
9282
20492
29912
35354
24870
15344
15084
14896
15774
15260
15108
14606
15258
14950
15392
15458
5888
21468
33854
45232
24354
17496
19248
15814
18908
12618
30330
29286
18866
2366592
32966
74550
53918
55876
54622
53586
53578
54312
54354
54244
54120
54276
54176
53416
54040
53614
53674
53334
53772
54966
75266
53696
53252
54138
53534
98414
54602
52174
52926
53916
79174
44488
29484
47252
39282
28532
8168
14312
14412
14328
14506
34596
9552
14802
21224
36174
16612
37742
40020
33776
29040
54700
61994
43974
24470
34444
34876
34354
35190
33958
34358
34204
35302
34560
34366
34026
34372
33926
34220
34408
35166
35464
34548
33684
34006
35308
33838
33682
34310
34826
35126
34408
34500
34626
34660
233444
33916
34772
34634
34566
34790
34264
35316
33982
34752
34748
35132
34312
34750
34748
34778
34392
34938
34576
35024
34506
33472
30514
23738
14930
15412
15226
15022
14670
15156
14980
15192
15224
15634
15126
14966
54142
16448
17616
36722
19178
27862
41886
5288
44474
28794
33042
24328
18510
35628
52122
36200
34068
54116
6708
5486
5382
5346
5328
5844
5952
5716
5928
5240
5954
5314
5852
5250
5608
5436
18536
19976
9156
8472
24732
22320
25882
63354
34554
33924
54458
54176
54376
53440
54190
54244
53658
54244
52680
303782
44412
54130
53956
54578
54472
73032
53824
55276
53484
54078
55124
53406
54242
54402
54546
55506
54232
34912
35306
34504
34220
34818
33406
19934
32484
26094
35084
39534
41810
54424
27694
46098
31492
38182
29394
44414
25650
54506
32104
12654
28180
27932
21948
43260
42018
20830
34046
24534
41310
34594
34114
35592
6744
15460
14382
14472
8746
24362
32030
40076
23288
41400
25132
21444
35772
23062
35602
34154
34810
32544
29172
21428
25940
20504
35348
25592
34734
34684
34430
575066
24458
3410316
35000
16666
31046
14374
10868
7330
38336
51924
41818
46822
28166
33726
34416
29974
22730
15644
43962
23524
33800
34518
34714
33792
35106
33754
34676
15164
15152
15224
15646
9284
27806
11300
7640
5900
8518
12782
32668
27388
44552
80828
9728
33096
31706
48134
26116
34352
21678
18776
31978
16418
23918
21580
36106
21362
54158
32056
25006
40696
24816
53120
34524
53834
53078
26148
15550
14540
38278
54862
46804
21498
13002
34576
38606
46762
54944
27794
37338
38548
34996
33134
41712
32818
22284
21186
44238
26740
17788
26058
34956
23632
34744
35130
34190
15282
23404
32506
31162
24250
37068
25936
24548
33204
33064
25682
65156
54108
52208
31624
33552
49474
73538
23050
52400
17570
27046
26226
26208
40432
50050
25748
33440
26190
27020
38932
24126
35224
26872
33934
24036
167684
59338
45940
28318
27630
9940
15090
11192
34776
34564
34200
33502
15276
15018
34592
18240
17984
48712
34452
26656
48804
54680
25284
21824
35042
50494
24862
35258
54476
53160
25052
52510
24120
21634
44066
25698
20110
19704
22312
24958
26340
34726
25734
32868
33990
34304
25816
30248
44798
33590
54092
53706
54336
60768
53254
54048
53416
54650
53554
53840
52852
55038
54206
53048
1103280
24076
53592
53988
54458
55102
54086
54226
53372
54168
54798
53440
55046
72946
54230
54230
22028
45412
45368
23748
33866
34320
18946
35316
25194
53782
53536
54284
1598578
24728
54462
54660
54634
33820
35224
238644
25230
34488
54536
54014
21666
63596
41610
24816
24760
34516
34404
34146
34414
34396
20460
24366
28368
7014
27426
13310
33432
29308
63212
19304
25670
18968
15994
6388
14022
22388
20574
31338
19216
6504
7300
16134
11372
32926
7280
28414
53322
34634
54884
55164
55022
53232
39602
5836
25204
31810
40726
26308
44284
40492
16400
58514
49816
62328
50162
55020
55480
29684
17614
29454
24652
29892
22316
25308
16842
30364
22486
25294
34996
26828
43938
11100
44090
35880
35518
41554
43556
34686
53664
18870
29452
34148
53524
53548
18348
32284
15408
57632
26056
21542
54146
6696
37530
13666
20750
19580
43694
28084
139824
16934
18340
21516
43652
24782
34432
34894
31616
35568
28858
55212
63512
49058
33400
28242
50682
22042
18800
9130
10624
8188
5810
34330
34618
35148
34668
37754
42496
39658
33306
19104
29598
16654
21360
33826
34790
31546
33044
16146
16286
13040
12898
34100
14778
15368
15186
14692
14832
23858
5570
9340
32608
6776
32164
10538
10262
12454
30206
7332
9916
27050
32154
11284
21066
25336
17290
58018
30480
29160
26516
37700
34196
25948
34326
33506
40726
32216
13368
11954
7236
9250
11974
7320
19860
14400
14486
16054
3270806
28988
21830
24842
15304
25110
23652
26270
11792
339424
52388
34310
34324
34456
34356
34142
34378
33790
68520
15782
34690
34710
34666
34664
34920
34976
14700
14834
15228
15180
15246
20326
23572
49120
48132
40460
31246
13150
23362
36232
43678
31686
32888
23960
40350
40408
36382
17276
37480
28818
20548
44074
44314
50088
43800
40786
46676
48938
13712
16070
15098
20788
11316
20334
28042
39554
25016
26208
17182
45672
24340
74278
43372
53686
54864
54858
53914
54370
53918
51022
44652
27710
39850
43088
30348
23896
54188
20428
55238
46068
43942
18302
18668
45344
347790
20560
25480
16748
24860
51494
63264
43650
53406
53984
54186
54162
53862
34920
17426
33628
34716
27248
62620
23508
14358
14586
14794
12378
9808
12044
7272
9778
11500
5642
5794
196448
24120
35458
33574
50630
52606
17102
46574
6440
52182
34162
29068
25076
27678
38632
19096
48702
20080
15644
13392
25068
13882
25444
23894
25666
25200
25184
24954
24200
24632
24994
25640
18792
53860
43286
57728
23892
20826
28238
6806
38198
30748
33382
24592
34536
35034
34400
26926
8404
14152
16434
13172
22706
12826
8050
10836
11578
15858
12136
18434
33036
32996
54020
42154
43464
19298
27188
15188
14532
14854
15076
125116
34604
34256
23950
23810
27942
23658
24116
15776
16338
35372
26544
23338
21778
21858
14734
13708
13904
15428
9204
13520
33454
44376
29046
17764
33654
29536
45806
28892
26190
25658
53074
34640
53836
54302
55248
54522
74904
56506
54614
25514
34926
35070
34158
34850
34776
34298
34874
34752
33920
15656
15286
15380
33520
35382
32504
8746
11454
8930
14616
15824
13708
11412
14606
18856
14338
14532
5924
5348
5382
5372
5580
5872
5254
5378
5660
5970
5692
9700
15260
8810
8980
12296
17014
23962
19876
50926
29050
44556
24652
34808
34576
34482
34558
35090
54758
56070
53804
54184
54426
54464
55388
35064
15756
22934
6230
6432
13050
27366
15660
13892
11966
5614
6184
11868
15336
15430
14464
15010
15514
14836
14908
15272
15324
14776
15504
15192
34974
34142
34546
15896
16948
19338
42950
48678
13332
33224
18232
29740
19386
24748
28252
