Latencies
6826
6654
5384
5456
5914
5350
5464
5836
5514
7756
5920
5458
6332
5348
7000
5518
5776
6368
5660
5896
5408
5322
8296
5834
6514
5342
5502
5348
9042
5414
5396
5422
5410
5428
5588
5382
5870
5492
5304
5506
12808
5468
5378
5530
5186
8832
5474
5964
5700
5360
5534
5692
5806
5600
5492
5484
5410
6160
5226
5458
5326
5524
11880
5670
5674
5494
5806
5424
6484
5892
5474
5364
5466
5512
5376
6796
5850
5882
5422
5420
5312
5368
5352
5340
5490
13470
5818
5374
5756
5592
18776
6726
5340
6032
5348
5780
5520
5490
6078
5978
5996
5410
11722
6884
6020
5568
5442
5404
5464
6330
5556
5958
5358
5602
5710
5688
5510
5406
5260
5446
7208
5654
5782
6078
5450
5718
5562
5932
5358
5628
5930
5402
5320
5264
5476
5360
5444
5356
5524
5530
6032
7010
5462
6390
6214
5842
5498
5880
5332
6436
5366
6718
5606
5450
6236
5304
5404
5366
5560
5990
6084
5394
5498
6100
5338
6128
5280
5348
6492
5370
5196
5204
5300
5556
5216
5702
6092
5810
5406
5392
5692
5358
5904
5520
5362
5266
5250
5294
6052
14094
5488
6034
5586
12492
5934
5444
6126
5872
5244
5982
5436
5308
5718
7332
5330
5370
5626
5496
5324
5344
5250
5362
5170
5510
5720
8834
5280
5200
5460
5590
5490
5256
5504
6640
5908
5580
5502
5544
5414
6076
5290
6596
5424
5594
6186
5340
5788
5672
5748
15260
5342
5290
5468
5364
5392
5464
5392
5490
8328
5424
39492
5396
5510
5464
5422
5816
5432
5314
5380
5830
5612
5530
5500
5718
5384
6058
5778
5510
5780
5586
6596
5548
5738
5392
5456
5370
5478
5962
5608
5360
5624
5558
5564
5456
6506
6306
5460
5498
5366
12994
5806
5298
5404
8610
5184
5942
7518
5410
6668
5838
5326
5514
5510
5550
5528
5536
5544
5424
8006
5418
5566
5486
5826
5442
5304
5434
20034
7550
5560
5918
5932
5486
5472
5288
5952
5276
5800
5840
6920
5380
6206
6214
5510
5998
5462
5734
5342
5932
6404
5454
5748
5708
5766
5374
5536
5818
5532
5824
5384
5580
5472
5524
5700
5436
5314
5712
5912
5516
5550
5474
5634
6256
5490
5824
6088
5408
5808
5552
5534
5832
5504
5536
5418
5656
5536
5418
5708
6088
5922
12622
5364
5220
5930
6174
5866
5480
12612
5516
5950
5366
5414
6276
6320
5892
5428
5390
5686
5490
5432
5648
5840
5652
5502
5484
6236
5240
5488
5474
5758
5720
5396
5848
6994
9964
5418
5476
5488
5984
5778
5520
5272
5440
5412
5504
5676
6310
5474
5394
13088
5432
5508
5534
5998
5500
5804
5556
5380
6332
5770
5516
6162
5486
5402
5534
5882
6092
5894
5588
6050
5476
5522
5652
7206
5452
5820
5324
5854
5444
5506
5520
5488
5342
12868
5714
6266
5288
5984
5364
5372
5340
5356
5544
5570
5280
5584
5502
6236
5506
5928
6008
6126
5496
6592
5628
5952
5460
6052
5310
5616
5478
5596
5258
5420
5748
5862
6074
5448
5488
6542
5742
5350
5434
6196
5504
6204
5392
5532
5428
5514
5334
5500
5604
5332
5484
6108
18700
6066
5538
5618
5452
5630
5520
5696
5516
5430
6298
23316
35738
5650
5422
5462
5526
10154
6510
5826
6274
6056
5488
6364
16506
5530
5698
5416
5456
7356
5306
5776
5390
5584
5528
7940
5390
5548
5214
5320
5306
5310
6248
6790
5614
5406
5968
5624
5422
5496
6058
5788
5710
5358
5956
5506
5558
5478
6300
6040
5426
5332
5794
5354
5460
5470
5522
5326
5386
5452
5836
5208
5798
5822
6030
5330
6408
5494
5378
5788
6274
5362
5766
6090
6090
5322
5386
5394
5650
5540
5632
5262
5854
5664
6054
5532
5560
5372
5394
5804
13370
5292
5444
5444
5394
5522
5524
6206
5480
5464
5328
6432
5562
23544
5338
5470
5622
5584
5564
5742
5954
5186
5684
26018
11850
5288
5680
5850
5336
5512
12858
5612
5760
5314
6146
5554
5746
5948
5364
5992
5526
5408
5382
6174
6288
5558
5494
5476
5520
6072
5256
5454
5458
5340
5364
5302
5486
5508
5520
5888
6958
5478
5528
5474
5934
19770
5536
5350
5610
66466
5376
5350
5936
5952
5464
6040
5204
5818
8384
5492
5292
6458
5330
5494
5596
5860
5652
27598
5702
5302
6918
5374
5658
5528
5586
6088
6036
5378
5456
5538
6084
5388
5332
5804
5924
22914
6028
6174
6046
6006
15124
5364
5974
5586
5132
5182
5308
5372
6268
5878
5334
5944
5234
31636
5444
5336
5708
5392
5480
36164
6126
5768
6098
5420
5256
5280
5464
5520
5454
5290
6186
5700
5430
5646
5590
5568
6286
7002
5630
6010
6074
5440
5386
5486
5268
9268
22880
5602
5588
5438
5298
5608
5482
20410
5252
5468
5440
6658
6724
5362
5948
5472
5348
12436
5374
5384
5594
5500
5270
30218
6082
5432
8002
11544
6058
5486
5802
6206
5646
5358
5516
5504
5478
5366
5532
5292
5680
5416
5868
5746
7832
5330
5502
5614
5354
5528
5334
6220
5578
5440
5568
5290
5456
5468
34740
5426
5572
5900
5634
5438
5414
5718
5510
5426
5432
5700
5800
6294
5404
5276
5604
5432
5534
6224
5498
5970
35344
5270
6648
5442
5466
5824
5848
5476
13246
5398
5972
5404
5530
5416
5354
5428
10168
5854
5906
6926
5330
5370
5960
5344
5572
5612
5514
5428
6232
5840
5454
5568
5386
6254
5526
5576
5398
5466
6388
5358
5790
21798
5404
5638
5950
5538
5500
5468
5384
6358
6004
5272
5368
5844
5918
5450
5596
6228
6008
5574
5780
5724
5530
5568
5514
5512
15164
5870
5802
5718
5512
11820
45692
5516
5556
5476
5534
5504
5474
6158
5780
7872
5474
5716
5736
6362
5590
5406
5412
5662
13464
5384
5490
6228
5428
5528
5668
5434
5410
5576
26232
5620
5496
5918
5486
5326
5456
5370
6440
14130
5538
5562
5504
5718
14386
6358
5628
14866
5494
5594
5654
5342
15586
10260
5550
5334
5480
5860
5528
14620
5786
5416
6492
6010
11064
5886
5698
5772
5688
5480
5488
5790
5438
5484
6088
10012
6850
5408
5338
5918
6298
5402
5350
5852
5544
5426
5284
5458
5634
6014
5330
5498
5558
5580
5454
5838
5458
5290
5426
5672
5290
5540
5466
5414
5880
6124
5794
5606
6062
5496
5592
5828
5654
5500
5488
5414
20448
5522
5476
6602
5522
6050
5466
5580
10304
23566
5592
5582
5396
27906
5376
5612
5464
5636
6156
5618
5528
6158
5478
5594
5388
5586
5976
5594
5546
7558
5348
5972
5562
5902
5494
5524
5980
5564
5498
6584
5366
5686
5646
5294
5946
5486
5502
6712
5400
5436
5602
5840
6248
5578
5518
5976
5432
5982
5948
5428
5474
5236
5856
5470
5514
6318
6172
5546
5566
5820
5546
6120
5748
5564
5500
5412
5690
5588
5558
5420
5700
5340
6220
5896
6144
7230
5372
5536
5500
5732
5512
5598
11234
6140
52386
5956
5306
14152
5498
5592
5726
5524
5656
5824
5440
5520
5730
5482
5394
5864
5844
22930
5376
6110
6084
5524
5388
5360
5440
5698
10080
5522
5698
5350
5732
6150
5522
5558
6228
5470
5438
5532
5520
5840
6510
5966
5460
5258
5626
6158
6012
6874
5574
5554
6378
5826
5516
5340
5812
5870
5534
6534
5508
27858
5398
5578
5434
5884
5570
5946
5624
5450
5400
5640
5362
5528
5432
5320
5460
5848
5642
5506
5788
5518
6402
6164
5384
5468
5390
5400
15180
5536
6464
6124
5784
5604
6144
6418
6498
6368
6188
5900
6370
6264
8438
7996
7642
7218
8840
8676
5936
7432
5360
5504
6038
5736
5998
5612
5956
5540
6038
25594
7146
5954
5412
5654
5314
5674
5420
5444
5460
6110
6006
5482
5518
5414
5342
5364
7066
5878
5434
5576
5410
5394
6050
5770
5514
5650
5792
5872
5374
5658
5292
5780
5592
6226
5614
7012
5452
5386
5306
24796
6136
5338
5468
5430
5514
5638
5514
6088
5560
5664
6168
5464
5856
5346
5378
6302
5506
5278
5278
5258
5270
5602
5826
5320
5546
5386
5604
5682
5782
5470
7768
34978
5796
5352
5724
5780
36790
5542
5390
6098
5792
5284
5718
5350
6928
5320
5628
5358
9814
5508
5348
5476
5894
6116
5278
5370
6170
5380
5684
5390
5942
5302
5330
5698
5384
5354
5190
5360
5248
5140
25292
5978
5610
5246
5238
5366
5934
5326
5164
5238
5214
5382
24654
6724
5390
5252
5316
5506
5464
9174
5694
5774
6028
5390
5608
7784
5280
5456
9038
6920
7328
9636
11042
11020
9008
9288
5580
5936
5816
5824
5280
5208
5300
13490
5326
5746
5880
5272
5966
6580
5264
5424
32918
5626
6678
20832
6000
5796
5498
6612
5970
5562
8654
6034
5504
5924
5452
5324
5366
5710
6410
5666
6092
5424
5836
5642
5930
5300
5522
6386
6106
5290
6112
5748
5510
5178
5282
5592
5236
5352
5324
5324
6574
5252
5482
5346
5464
5540
5408
5318
5416
6130
5922
5906
5836
5182
6200
5970
5660
5184
5676
5492
5534
5664
5282
6172
5924
5286
5374
5544
5378
5306
5402
5532
5916
10408
5390
5684
5544
5350
5720
5186
5466
5188
5486
5722
6612
6368
5398
5402
5466
5872
6050
5350
5724
5920
5618
5456
5476
6316
5540
5606
6152
5624
5516
5322
5252
13612
5558
6116
5276
5360
5516
5406
5956
5522
5246
5284
5378
5744
6066
5322
5392
5318
5376
6422
5398
5362
5486
5710
6136
5242
5372
16582
6000
5416
5340
5570
5506
5336
5336
5678
5308
13806
5600
5632
5634
6070
5488
5776
5656
5306
5544
5716
5234
5340
5832
5306
5992
5992
5226
5942
5798
5366
5208
16906
5340
5350
6184
5326
5568
5294
5770
5282
5842
5258
19268
5160
5232
5364
10760
5376
5288
5770
14102
5558
5394
5386
5172
5674
12306
5294
5424
17626
6208
12954
5390
5328
5604
9312
5262
5376
5214
5322
5178
5534
5706
5204
5304
6072
5204
5278
5494
5764
5208
5258
5256
5254
25394
5608
5228
5232
5228
5840
5960
6204
5954
5816
5350
5572
5500
5262
5640
5838
5266
5492
5504
5318
5300
5254
6144
5286
5202
5282
5626
5412
42966
5616
5514
5414
5454
5520
5798
6562
5296
5212
5554
5164
5736
5396
5212
6290
5366
5232
5152
5308
5786
11366
11132
5576
5398
5364
5452
6008
5720
5488
5512
10340
5456
5334
5444
6014
14178
5870
5432
5388
5910
7698
5334
5574
5532
5216
5840
5804
5762
5146
5192
5382
5754
5684
5170
5248
5176
5192
5316
5562
11682
5172
5256
10424
16536
5310
5176
5730
6218
5262
5270
5570
5714
19080
5270
5826
5266
5430
5820
5560
5578
5474
5298
9594
5478
5320
6160
5512
5398
5402
5910
5598
6118
6326
5342
5354
6558
6792
5360
5338
6544
5186
5354
5282
5214
5852
5734
5416
5240
5236
29970
6020
6418
5472
5748
6062
5298
5406
5758
5384
5748
5414
5260
5174
5304
5866
5764
5476
5334
5500
5230
5348
5546
6290
5722
5338
5450
5740
5226
5158
6028
12522
5714
5344
5622
5190
5396
5260
7216
5118
5454
5404
6044
28872
5180
5464
5276
5460
5150
5562
5204
5164
5184
5404
5424
5406
5610
5640
5318
5128
5466
5982
5736
5418
5954
5712
5374
5560
5736
5302
5212
5334
5182
6660
5604
5420
5670
5930
5288
5272
5432
5888
5294
6036
6122
5522
10628
6168
5508
5542
5316
5738
5284
5160
22798
7406
5348
6404
5180
5910
5170
5292
5392
5326
5390
5262
5530
5612
5528
5352
13178
5254
5292
5210
5602
6010
5570
5382
5230
5264
5408
5494
5228
5288
5380
5378
5882
5192
5798
6448
5328
5384
5408
30244
5342
6062
5324
14612
5244
5808
5932
5336
21812
5812
6068
5488
5248
25606
5442
5146
5240
15434
6280
5864
5522
7666
5334
5382
5334
5446
5692
5286
5346
24920
5236
5916
5470
5224
6066
5338
5270
5194
6326
5202
6220
5338
5666
5132
42226
5416
5184
5408
5688
40094
5184
5414
5432
5190
5494
5378
5182
5336
5320
5416
5280
5814
5578
5508
5754
5420
5342
5870
5802
5342
6430
5326
5928
