Latencies
7348
5820
5898
5836
5790
5748
5660
6980
5830
5532
6130
5350
6108
5542
5744
6040
5832
8428
5612
5388
5638
5470
5348
5278
5876
5348
5760
5304
5898
5988
5340
5516
5398
5576
5220
5594
5340
5598
5416
5668
5798
5270
5204
6806
5572
5818
5848
5508
5988
6068
7924
5736
5298
5500
5358
5536
5760
5412
5726
6020
5134
5380
5670
5358
6102
5380
6012
6034
5372
5826
5664
6012
5564
6930
5516
5300
6012
5166
6944
5424
5300
5554
5572
6266
5866
6248
5384
5364
5852
5400
5606
5328
5468
5390
6018
6092
6860
5626
6280
6856
5394
6112
5766
5326
6650
5244
5902
5612
5262
5290
5306
6098
6034
5376
5570
5656
14410
5434
5172
5574
5410
5494
7078
5258
6150
6268
5250
5346
5374
6002
5376
5340
6276
5572
5532
5344
5844
5876
6180
5342
5368
6514
5898
6592
5572
5316
5530
6230
6138
5420
5428
5970
5274
5236
5408
6054
6076
5586
5458
5354
5338
5372
6936
5390
5772
5606
5512
5356
6026
5246
5500
5664
5604
5898
5294
6330
5324
6476
5728
5416
5976
5400
5912
5394
6276
5496
6134
5360
5624
5562
5876
5850
5316
5394
5288
5348
5688
5374
5248
6050
5620
5654
6204
6004
5860
7126
5268
5380
5924
5324
5354
6042
5308
5586
5550
5816
5974
5408
5638
5630
5394
6114
5824
5406
6102
5420
5730
5480
5444
5260
5710
5584
5456
5810
5410
5714
5452
5982
5636
6166
5892
5636
5942
5678
5398
5474
5342
6542
7182
5828
5766
5410
5248
5928
5990
6460
6024
6162
5444
5378
5798
5608
6088
5836
5644
5796
5452
5402
5758
6020
5992
5304
5616
5280
5480
5320
5760
7312
5348
6368
5340
5906
5932
5758
5418
5780
5540
5896
5394
5828
6194
5334
5432
5632
5830
5374
6936
5424
5340
5442
5380
5646
5832
5578
5374
5622
5356
6880
5302
5422
5772
5708
5818
6570
5686
5890
5410
5344
5316
13888
5816
5516
6188
5280
5428
5544
7204
5518
5736
7400
5978
5406
7108
5466
5738
5624
5628
5240
5766
5870
5980
5350
5752
5490
5354
5946
5304
5418
5256
5350
5962
18396
5324
5396
5344
5664
6636
5356
6118
5620
5336
6292
5494
5556
8402
5892
5536
5264
6372
5308
5518
5278
5510
5394
5398
6518
6642
5290
5792
5428
5978
8534
5236
5318
5352
5240
5292
5838
5224
5224
5476
6868
5366
5848
5228
6352
5460
6082
5490
5560
5308
5296
5342
5550
5526
5302
5694
5428
7008
5420
5460
5462
5614
6126
5382
5220
5540
5224
5826
5578
5866
5580
5732
5698
5852
6590
5098
5512
14536
5680
6424
5494
5344
5956
5298
5900
6002
5772
5842
5754
6714
5604
6036
7238
5434
5350
5904
5428
5380
5476
5558
5486
6318
6158
5588
6614
6212
7076
5788
5288
6812
5300
5276
5448
5872
5418
5776
5864
5326
5982
5388
6004
5908
5556
5414
5782
8452
5868
5444
5408
5224
5408
6162
5550
6210
5474
5270
5774
5288
5262
6162
6942
27106
5502
5740
5620
5374
5750
6242
5296
5382
5610
29330
5608
27344
5406
6842
6074
5904
6202
5564
5432
5400
6104
6066
5680
5508
5792
5590
5334
5318
5732
5300
7284
5792
5600
5308
6012
5616
5428
6014
5274
5396
5234
5340
6896
5356
5498
5200
5838
5346
6686
5822
5970
5440
5674
6796
5538
5506
5884
5394
5406
5420
5584
5728
5666
5920
5336
5364
5264
5612
5562
7010
7022
5420
7796
6724
5576
5360
5540
5614
6500
5910
6778
5808
5534
5450
6144
6476
5284
5314
5662
6266
5266
5782
5378
6038
6770
5554
5522
5374
5288
5392
5804
5728
5738
5506
5398
5634
5170
5924
5470
5372
5218
5336
5308
5796
5242
6084
5806
5846
5984
5404
19828
5414
5376
5698
5990
5222
5624
5636
5546
5632
5822
6440
5960
5582
6000
5242
5242
5646
5918
5298
5786
5342
5374
5840
6592
5594
5260
5320
6240
5284
5758
6158
5788
5378
5438
5762
5526
5308
5580
8462
5186
5348
6018
5176
5320
5348
5378
5506
5574
5202
5478
5570
5634
5472
5352
5238
5498
5356
5286
5344
6074
7868
5434
5964
5354
5582
6558
6456
5474
6204
5552
5476
6006
5940
5380
6616
5998
5518
5226
5522
6558
5324
5274
5282
6096
5860
5840
5208
5380
5944
6114
5616
5834
5500
6400
5310
5166
5246
5852
5158
5238
5738
6318
5976
5438
5876
5926
5360
5662
13360
5528
5334
6026
5996
5352
6092
5936
5548
5482
5530
6900
5302
5892
5236
5292
5864
5376
5416
5582
5526
6054
6098
5822
6224
6136
5236
5854
5560
6288
5416
5788
5932
5746
5910
5356
5682
6360
5354
5664
5706
5628
6198
5768
6022
6106
9358
5900
5904
5348
5604
7250
5534
5126
5614
5358
5344
5304
5488
5988
5512
5482
5632
5542
5264
5472
5820
5894
5952
5844
5632
5336
5320
5558
5424
5608
5354
5372
6540
5274
5164
5314
5372
5324
5584
5596
5792
5352
5700
5322
5254
5878
5350
5568
6000
6018
5820
5396
6062
5682
5986
5372
5460
5158
5460
5512
5372
5262
5840
5338
5396
5342
5280
6226
5796
5704
5290
5276
5264
5716
6646
5442
5536
5634
6768
6306
6108
5646
5614
5550
5594
5382
5282
5412
5280
5350
6054
5356
5368
5960
6176
5334
5192
5320
5328
5408
6048
5614
5328
6160
13856
5560
5632
5240
6732
5400
5434
5358
6046
5698
5500
5892
5782
6016
6234
5416
5888
5364
5852
5436
5808
5436
6590
5344
5338
5304
6016
5252
5690
6006
5336
5266
5930
5286
6172
6020
5378
5594
25440
5662
5394
5300
5298
5228
5264
5810
5920
6302
6102
5794
5356
5510
5374
5956
5658
5782
6224
5660
5104
5774
5388
5480
5496
5984
5608
5376
5278
6048
5708
5690
5300
5522
6078
6402
6800
5396
5406
5418
5950
6100
5678
5626
6724
5296
5378
6028
5936
5584
6160
5574
5704
5382
5972
5360
5302
5476
5238
6810
5304
6028
5294
5266
5298
5570
5470
5364
5308
5388
5404
5710
6332
5868
5244
5450
5402
6010
5384
5886
6592
5426
5810
7352
5378
5966
5212
6234
5828
8638
6032
5284
6280
5296
6156
5258
6008
5346
5254
5304
5970
5922
5514
5458
5762
6718
5202
6962
5658
5272
5334
5378
6000
6258
5718
5368
5732
5386
5642
5772
5936
5910
7078
5502
6000
5102
5912
11878
5478
5890
12356
5634
5282
5542
5360
5636
5376
5610
6642
5824
8476
5252
5288
5262
5258
5236
5470
5698
5346
5846
6156
5668
5642
6174
5796
5842
6186
5436
5212
5376
5356
6018
5858
5586
5292
7100
5620
14888
5310
5414
5312
6074
5542
5386
5364
5644
5888
5778
5646
5966
5688
41958
5276
5626
5518
5224
5344
7038
6152
5432
5426
5696
5752
6248
5708
6178
5484
5304
5436
6144
5294
5466
5514
5376
6298
5224
5296
5696
5276
5266
5578
5592
5206
5518
5276
5326
5108
5274
5216
5362
5806
5570
5390
5278
5468
40340
5214
6664
5698
5418
5426
5406
6840
5794
5524
6116
5974
5914
5336
5626
5300
5334
5246
5284
5370
5836
5154
5664
6148
5444
7448
6228
5268
5320
5174
6128
6162
5206
5286
5962
5466
5536
5542
5330
5930
6032
5580
5392
5250
5082
5504
5878
5836
6540
5290
5592
5522
5274
5444
5540
5820
6542
5420
6094
5252
5286
5152
5598
5370
5324
5220
5808
5822
5176
5284
5194
5212
5482
5210
5322
5426
5268
5294
5564
5642
5966
6562
5700
5742
5566
5304
5258
5662
5282
5334
5346
5632
6000
5566
5232
5220
6210
5262
6044
5682
5596
6224
5432
5588
5782
5422
5572
5648
5256
5450
5414
5778
5250
5412
6796
5240
5844
5172
5468
5226
5320
5566
5256
5578
5492
5918
5498
5444
5350
5188
5442
6344
5480
5316
5332
6372
5210
5462
5514
5756
5690
5838
5784
5366
6050
5470
5502
5406
26142
6526
6170
5764
6242
5882
5464
6100
5830
5436
6038
5762
5276
5388
5354
29248
5374
5504
5502
5294
5518
5950
6358
5412
6008
6270
5146
5254
5476
5824
5214
5404
5304
5492
6364
5638
5578
5396
6078
5814
5384
5294
5408
5526
6184
5212
13706
5322
5414
5458
6624
5362
5292
6092
5552
5836
5672
5992
6142
5394
6090
5362
5452
5658
5306
5206
5376
5524
5504
6044
5722
5916
5396
10776
5546
5316
6008
5722
5684
6250
5428
5232
5270
16396
5250
5260
5910
5650
7252
34924
5388
5630
5586
5352
6044
5344
5974
5378
5540
5586
5404
5572
5484
5538
5368
15054
5744
6860
5396
5272
5444
14354
5504
5856
5794
5634
5518
5342
5208
5602
5522
5600
5472
6644
5348
36286
5498
5446
5838
5322
5562
5232
5470
5322
5782
5696
5752
5840
5548
5420
5346
5646
5716
7500
6734
6208
5522
5434
5376
5448
5332
5716
5374
5396
5390
5566
5444
6726
6264
5766
5590
5878
5588
5792
6568
6118
6272
6296
5788
5990
7140
5202
6026
5274
5414
6846
5594
5456
5352
5258
5900
5374
5700
5496
5688
5234
6024
5784
5596
6132
5962
5620
5548
5344
5430
5840
5818
5578
5464
5416
6080
18546
5626
5266
5578
5464
5396
5214
5778
5506
5422
5436
5288
6120
5414
5744
5452
5588
5370
6054
5932
5504
5236
5432
5696
5320
5660
5648
6162
5424
5128
5594
5974
5960
5454
5504
6290
5610
5256
5402
5518
6996
5848
6066
5560
5360
7242
5654
6018
5764
5568
5584
5728
5422
5924
5714
5374
5604
5430
5662
5342
5626
5318
5320
5430
5216
5384
5212
5710
6140
6652
6288
5570
6676
5392
6008
5464
6112
5362
6498
5452
5360
5398
5814
5434
5376
6110
5608
5470
6120
5818
5328
6068
5638
5428
5274
5556
5696
5420
6476
5312
5784
5280
5652
5436
5548
5670
5504
5408
5324
5418
5934
5946
6050
5504
5684
5362
5958
5418
6050
7422
5336
5932
5694
5370
6276
5390
5968
5626
5368
5284
5674
5482
5874
5954
5992
5440
5964
5408
5808
5360
5452
5414
5676
5400
5510
5932
5546
5604
5700
5852
5268
5700
5570
5374
5312
5600
5722
5922
5402
5744
5314
5318
5568
5426
5378
8476
5404
5424
5316
5420
5292
6312
6228
5454
6064
5666
5342
5296
11738
5312
5244
5288
5408
5358
5258
5274
6508
5444
5304
7042
5512
5488
5462
5388
5314
5458
5302
5912
5464
5356
5464
5876
5308
5458
5442
5404
5428
5480
5806
5892
5318
5956
5400
5542
5332
6040
6068
5780
5584
5530
5812
6042
5362
5712
5928
7312
5450
5970
5730
6226
5234
5388
5574
6170
5318
5270
5502
6312
5250
5802
5386
5854
6926
5316
5308
5732
5880
5466
6436
5282
5434
5374
5482
5212
5360
5440
5232
5710
5746
5232
5402
5390
5250
6252
5842
6296
5262
5118
6062
5432
5746
5336
5832
5814
5634
5562
10180
5658
5368
5826
6140
5500
5784
5978
5860
6128
5414
5940
5356
6108
5436
18740
5756
5914
5432
5490
7626
5890
5278
5264
5478
6120
5954
5992
5362
6098
6280
6222
5714
5236
5508
5536
5218
5814
7466
6074
5334
5312
5326
5524
5882
5358
5458
5768
5516
5686
6172
5726
5708
5640
5726
5552
5828
5146
5822
5286
6310
6754
5650
5262
5586
5530
6326
5908
5568
5698
5676
5370
5856
6252
5624
5386
7508
5466
5958
5384
5516
5824
6078
6290
5462
5720
5910
5246
5448
5470
5838
6622
5882
6170
6084
5746
5738
5656
5636
5338
5462
5652
5810
5990
5928
6510
5326
5768
5692
6164
5264
5772
5708
5954
6338
5948
5542
5722
5984
5592
5488
6002
5580
5676
6012
5852
5712
6952
5452
5724
5378
5380
6108
6180
5922
5400
5764
6424
5204
5442
5402
5340
5302
5470
5702
5534
5376
5894
5848
5492
5636
5876
5378
7560
6004
5994
5298
5814
5942
5608
6050
5356
5424
5622
6556
5372
5706
5810
5782
6644
5498
6636
5518
5426
88700
5620
5368
5530
5788
5494
5998
6496
5990
5442
5840
6162
6994
5364
5458
6170
5330
5346
5430
5718
5338
5692
5950
5458
5430
5756
5984
5240
6048
5466
5636
5854
5706
5290
5622
6244
6846
5546
5408
5986
5516
6578
5952
5434
5268
5580
5398
5238
5862
5520
5508
5492
5450
5470
5992
5390
5648
5268
6468
5374
6138
5614
5668
5722
5516
5380
6352
5714
5642
5520
6376
5830
5564
5914
5856
5664
5690
6156
5692
5460
5980
6826
5690
5388
5782
6518
6094
5448
5470
6422
5338
5478
5482
5360
5830
5408
5932
6716
7530
5280
5862
5920
6404
7258
5266
5416
5690
5334
5392
6612
7900
5408
5350
5824
5660
5644
5406
5298
5176
5660
5422
5334
5520
5446
5572
28272
5654
5580
5978
5550
5422
5452
5760
5310
5414
5824
5494
5446
6244
5568
7592
5400
5458
5952
5438
5540
5630
7438
6324
5434
5308
5536
5430
6020
5670
6096
5478
5538
5354
5542
5558
5478
5830
5468
6352
5600
5224
5342
5308
6644
5556
5732
5444
5896
5448
5508
5968
5800
5690
7806
6068
5394
6388
5732
5678
5950
5754
6034
5890
6736
5862
5624
5974
5542
5414
5420
5428
5382
5988
5496
5846
5768
5996
5946
5712
6216
5188
5504
5368
6300
5536
5480
5652
5928
5504
5362
5324
5512
5390
5908
5170
5408
6170
5450
5952
5932
5796
5594
5314
5488
5514
5734
5524
5634
5690
5270
7660
5386
5372
5816
5266
5410
6586
5276
5588
5694
5702
5822
5450
5470
6416
6176
5848
6052
5286
5964
6054
5576
5778
5528
6170
6002
6454
5350
5934
5422
6406
5542
5434
5326
5422
5510
5704
7506
7140
5444
5944
5230
5548
5368
6122
5594
6916
5804
5360
5910
5510
6164
5640
5656
6254
5218
5494
7008
5224
5440
5328
5620
5242
5330
5382
5408
5458
6310
5648
7350
5878
5720
5338
5510
6264
6524
5504
6104
5668
5340
5582
5218
5758
5394
6396
5258
5290
5512
5386
5658
5354
5852
5202
5412
5998
7024
5808
5486
5568
5624
5272
5398
5374
5788
5482
5484
5578
6044
5566
6774
6018
5284
5772
6028
7148
5884
5458
5372
5282
5452
49046
5946
5346
5424
5298
5426
5770
5268
5412
5270
5590
6342
5506
6112
5478
5946
5454
5468
6020
5298
5404
5850
5376
7182
5442
5624
5608
5386
6288
5502
6296
5402
5752
5832
5456
5380
5868
5674
6672
5148
5460
6788
5358
6096
5372
5854
6452
5416
5634
6138
6124
5432
5356
6138
5254
5374
5482
5454
6116
5296
6138
5832
5462
5830
5404
5246
5550
6608
5880
5496
5352
5680
5400
5408
5478
6130
5350
5288
5290
5346
5334
5718
6030
7798
5812
5500
5376
5342
5442
5220
5610
5606
5912
6112
5462
5754
6070
5398
5466
6034
6596
6354
5392
6116
5340
5384
6810
5578
5920
5182
5782
5476
5426
5564
5962
6930
36924
5794
5282
5438
22232
5582
6138
5446
5570
6740
5774
5310
6082
6226
5798
5878
6070
5856
5506
5710
6622
5748
5918
6004
5464
6548
6198
5920
5398
5284
6960
5960
5756
5292
6158
5514
7024
5562
5878
5468
5284
5408
5806
14438
5236
11102
6176
5218
17020
6180
5442
5310
6812
5472
5612
5564
6916
5328
5340
5356
6070
5476
6930
5408
5362
6120
5840
5706
5736
5206
6192
5534
5396
5420
6348
5570
6060
5422
5478
5450
5356
5758
5288
5616
5744
5792
5700
5176
6782
5318
5758
5224
7480
5964
5314
5514
5392
5884
5310
5212
5516
5532
5420
5670
5246
5310
5450
5492
5922
5464
5320
5348
5316
5786
5928
5382
5454
5330
5494
5840
5602
5800
6106
5378
5758
5520
6816
5816
6330
5460
5842
5734
5234
5358
6956
6440
5942
5380
5738
5516
5332
5550
5948
6046
5178
5766
5646
5506
5962
5420
6820
5262
5274
5310
5994
5420
5538
5300
5264
6232
5698
7268
5842
5760
5478
5570
5370
5250
6524
5368
5866
5976
5692
5746
5340
6286
5414
5390
5258
6462
5346
5452
5364
5682
5762
5510
12150
5624
5178
5866
6050
6108
6120
5312
6220
5450
5486
6820
5360
5442
5742
5256
5652
24026
5400
5458
5444
5266
5446
5336
5754
5788
5130
5650
5642
5816
5224
10504
5206
5426
5694
15884
5474
6556
5796
5812
5324
5636
5604
5784
5710
5558
5342
5842
5782
5402
5948
6120
5148
5510
5354
5682
7500
5294
5548
5462
5688
5904
23082
5854
5216
5244
5388
5400
5212
5720
5678
5672
5324
5864
5224
5800
5284
5864
15742
5396
5532
5672
6132
5664
6006
5364
5492
5356
5730
5466
5442
6648
5406
5440
5694
6136
5492
5362
5324
5350
5296
5312
5590
6010
5422
5328
5396
5486
6316
5818
9382
5806
5750
5480
5340
5948
6714
5750
5662
5316
5334
5236
5792
5570
5396
5514
5342
5602
5440
5692
5210
5314
5490
5192
5526
6990
5364
5384
5256
5270
5426
5274
5398
5230
5184
5358
5300
5692
5824
5520
6066
5618
5952
5238
5538
5746
5790
5804
5908
5612
5246
5310
5394
5560
5990
7258
6284
5756
5680
5692
5394
5712
5416
5770
5756
5226
5432
5414
5326
5954
5278
6040
5186
6382
5466
5432
5488
5694
5142
5654
5358
5600
5394
11498
5354
5452
5484
5490
5354
5402
5166
6160
5764
5494
5454
5606
5350
5250
5958
5598
6056
6738
5418
5416
5466
5278
5678
6338
5400
5828
6168
5240
5382
5394
5616
5734
6004
5300
5454
5158
6842
6842
5404
5280
5096
5202
5834
5150
5688
5588
5622
5292
5456
5250
6102
5676
5678
5310
5784
5262
5544
5512
6000
6018
5292
5276
5398
5296
6024
5390
5862
5370
5972
5540
5624
5408
5240
5260
5794
5826
5590
5454
5366
5412
5324
5914
5578
5712
5380
7090
5430
5988
5346
22756
5404
5224
5308
6468
5300
6220
5602
5274
5402
5986
5264
5966
5392
5614
5918
5276
5218
5944
10438
5284
7154
5258
5698
6574
5368
5230
6008
5414
22090
5760
5674
5268
5246
5462
5548
5668
6100
5428
5826
5258
5140
5946
5894
5094
5694
5896
5476
5560
5286
5316
5384
7576
6576
14712
20362
5700
5300
5260
5164
26416
5304
5312
5384
5264
5312
5450
5722
5894
5196
5768
14284
5232
5266
5216
5700
7866
5416
5314
5738
5328
15124
5252
5306
5448
5220
5462
5400
5380
5360
5234
5184
5404
5366
5766
5704
5284
5534
6318
5344
5228
5352
5340
5252
5840
5490
5574
5426
5220
6178
6582
5520
5766
5292
5448
5200
5252
5212
5290
5456
5484
6006
5448
5342
5308
