Latencies
7474
5684
10548
14642
14178
6714
8808
11642
13478
13750
10460
11216
11488
14334
9486
8884
14802
11660
7056
14138
5634
8640
6418
6036
7522
13708
8686
15314
14870
13462
14064
7198
12674
8464
7132
8942
10098
9016
5740
16276
14568
15326
15068
14634
10734
14106
5946
5742
12214
9314
11226
6336
13330
11062
9230
14678
7800
11832
5332
14698
6636
11416
12160
5340
7604
12170
5720
12158
15700
8568
14572
8226
7424
10474
8400
13588
11590
15056
14434
15406
14802
15220
7122
14842
25318
5796
15388
6064
261066
8310
14514
7564
14742
14340
14730
5436
13818
7468
8480
6194
7096
9612
7156
15052
6520
6498
12238
13188
14224
12298
12134
11572
11374
13166
5470
14660
13482
9720
13294
8578
15662
35946
14800
14492
14626
34948
13518
5644
12170
5576
15624
5704
12640
9754
14242
13726
10278
14570
5548
13164
8116
7296
14830
14984
15314
15052
14666
12260
7706
5692
9302
10808
14674
6114
9242
6060
6056
19684
14262
8680
9580
8736
12882
11424
14748
14550
13376
8906
11612
6608
11266
15336
12656
15864
15278
14664
14804
15168
14656
14906
14860
5672
9038
9288
10648
6070
7020
15406
13658
9060
5538
15210
14824
1665804
16116
14756
13188
12936
8734
11510
9098
8500
10010
15666
12632
8536
11678
11614
15410
7444
7650
15394
5746
14622
14702
15496
8978
9896
12786
15132
15250
11620
7068
13948
5802
11928
15292
12338
6538
15060
9782
12438
14894
12258
14742
14380
5556
16476
7384
12718
14544
10472
10360
9090
8982
14028
7656
11148
7002
13072
11048
11414
12078
13868
13876
24900
5518
14932
15186
15044
15276
10044
7436
12548
12740
13256
8766
10948
6070
10354
14164
12776
31486
9434
10190
24930
15378
8184
8100
7150
9684
9700
15264
11546
24984
5560
15908
15196
6770
14304
5972
16402
16394
15306
9578
6222
15078
15176
10012
7578
15202
12550
7954
17000
24298
14050
15120
15138
14908
15390
15110
6968
12814
12244
6614
9642
5610
13210
12244
15590
10384
15014
14818
14604
16006
14720
8704
8308
8984
10236
6670
7706
13452
5396
24672
15488
14758
15512
13742
13088
12364
7362
9844
13322
11086
8558
5344
7780
6148
14520
11968
7044
8952
11502
14634
14644
14708
14716
15410
15288
15104
15158
13900
15172
12062
14870
12006
9096
8906
13802
15390
10658
13824
14540
14584
14638
6176
12120
12238
9752
15012
11750
13256
11066
12050
9706
9376
11152
6394
10982
14104
11976
13472
9242
14674
5418
13562
16228
11766
8610
39568
11372
9536
10692
5646
5474
5776
11574
12048
7496
8518
14654
9330
12580
12172
10192
6414
24166
5622
581396
14442
14872
15218
7002
15656
15846
15152
14942
15444
15398
15122
15132
14830
15518
14624
11332
7030
12744
6730
14488
9332
10270
15108
15348
8504
8592
14662
7920
15254
9642
11222
144552
6202
7248
12082
26750
15172
14490
15746
15140
16404
9950
12916
11644
14592
9588
14348
9082
881754
15672
14858
7314
9424
10238
11702
9568
15540
7590
7106
7708
8426
14900
8958
14820
9950
9736
12722
13798
5398
5564
5584
5834
6146
5982
5594
5800
14232
10064
15666
15446
15128
8582
5942
5548
5462
9240
13390
14190
11874
15380
8250
6136
5872
6166
6308
7306
6116
6736
6604
6374
8458
6660
5594
5454
5716
5382
5510
6126
5418
6022
6046
5746
5312
5944
5314
5706
5420
5988
5402
5668
5344
5400
5384
5386
5546
5420
5366
5906
5510
5692
5594
6082
5342
5534
5306
5666
5354
6022
13116
8704
12830
27866
25416
15780
14310
58162
14590
15408
15074
6324
6992
13780
13072
14820
6696
5400
14382
6298
15362
8558
7464
11752
7056
6460
8058
13960
11980
12296
12950
14212
11062
9958
7098
8760
9926
13452
5802
5928
14498
14182
5726
10238
14060
12064
15808
14560
14802
15030
5640
13224
11338
8246
9640
8206
14328
5546
5568
5698
11360
9136
6554
12628
14954
5500
5874
10040
15884
9304
723996
11154
8246
9484
16314
14484
13658
8566
13240
7852
9534
10912
12590
5630
47186
14394
5830
15244
6398
8486
10904
7536
10876
15102
10194
8980
11662
14296
14210
5924
13748
12250
14742
14814
14842
5792
15402
15204
11766
10600
7874
13908
10712
14754
10734
11500
5340
11634
12170
15028
399532
14320
14758
14556
15250
14630
15100
9158
9922
5570
8640
10200
13986
9218
12492
8766
8402
7338
13966
15074
20722
14954
11838
11680
32072
10072
14040
11182
12218
12750
10368
25962
39166
7322
35422
14868
7986
9520
9088
11564
14512
8352
9824
13772
11024
7282
12400
9628
9080
9866
14034
14800
9894
10224
9238
13632
15456
14954
15250
15530
16144
15470
18084
12994
9458
14592
7726
13830
9548
14614
10100
14670
9068
5580
13682
13410
10904
22052
12988
9324
14976
15052
13420
8294
14676
15368
10972
20876
15852
15434
13598
6236
9916
24602
14950
14952
15266
15234
12596
11232
11590
15080
15214
15828
15362
15284
9644
9780
14038
8122
865214
15102
13166
7346
15648
15316
15398
15406
7242
8510
13990
6284
7212
13388
9966
9344
24322
15384
14644
14444
15116
13672
13340
6726
13426
14362
15252
6046
15590
15412
13326
11654
6814
7842
12790
11146
12184
15244
15474
12114
12542
13140
24292
6558
15552
7356
14064
14496
8514
15328
12682
14600
7056
7378
15326
16032
11540
9728
24140
11024
9428
9256
13316
7518
10822
12126
9176
6494
5762
24114
15368
15344
15018
10100
12454
11404
10016
15248
235062
9222
11042
7310
11532
13790
14928
12150
7780
13282
13580
13540
6478
10458
10162
7566
9752
14100
25108
14612
15226
13372
14134
14580
12376
14472
8122
9224
14992
8280
9404
14526
8868
5670
10782
13758
12968
14588
25142
5582
14978
14806
14802
14932
20948
14786
5952
5826
11024
14612
8442
22350
11560
8136
7440
12282
10566
8972
12588
9332
13328
10176
6124
11056
13936
8104
15340
6576
9514
9234
13064
7994
14030
9368
6600
10648
25042
14238
16154
14570
15012
15026
15710
15250
15800
14992
15016
15690
15096
10864
13694
11028
10000
14624
8668
12262
6490
13866
13014
14096
5986
25600
14240
5576
15122
8548
10990
6676
11618
6634
6154
5714
8898
8104
5450
14762
6092
25426
14912
15252
14830
15344
15102
11032
14712
11068
5708
7888
6312
9538
6414
14280
8492
6146
9542
15390
11624
7240
13622
7568
11276
12014
5574
14030
7682
8180
12314
10696
5980
9088
9472
6208
10916
9220
14170
7108
10504
8108
14898
5984
15232
15420
14968
6550
14922
10526
15632
15384
15052
14214
7194
8656
8646
13410
12084
24750
15212
15388
15080
14962
14978
12912
10924
24630
8990
15442
13232
14340
10166
7538
10758
16008
14872
6572
26112
14466
14864
15950
15290
14854
15150
15092
15812
15746
14870
15726
14936
14946
15422
15528
15610
14778
15058
14746
15110
14684
14854
14916
15082
15590
15262
593618
15080
15370
15344
14740
15496
15174
15174
8694
10338
15216
14380
12300
8390
8472
14340
15384
14864
10270
11682
7096
16710
13636
14254
14932
12006
9790
13454
7698
9148
5688
5728
11220
14438
11800
14756
13854
12908
14550
12588
15244
13946
10022
11916
10548
6790
14510
14010
7966
11594
8440
8446
9674
12914
10992
6010
6302
6518
15542
6028
14538
6302
5346
9348
12952
9714
14282
13990
14734
15230
15442
16218
15344
13564
5830
10900
14280
8436
12768
8930
14128
152852
6530
15106
11532
9826
6132
9956
11660
15190
425110
8386
8502
7028
13148
7924
7950
14540
8358
8462
13854
8030
7374
11134
10438
11268
9106
15806
15144
14666
15128
5748
14082
5558
11854
9662
15544
7840
14950
15080
14662
13504
15558
14760
6160
12216
6006
9854
11848
14152
15500
10540
12586
14754
6834
15166
15610
15208
13878
6650
15316
14830
7682
14636
11320
9482
10892
15666
5528
10506
13904
38350
14060
15106
35140
14892
11486
12386
15228
14210
6178
9496
11568
16522
13836
9970
9352
8468
6550
8532
13808
13578
8178
15236
10794
24512
14482
14844
15192
15192
12226
8824
14992
7484
14382
5642
5610
7072
5380
11302
15598
9916
13458
13794
24606
128428
255734
5344
15426
15168
15346
8672
14812
9068
9126
15408
5870
15032
12874
9400
5852
11710
15558
14556
11192
11842
6192
9178
9810
6232
14152
6964
8814
8118
7792
13496
11300
11060
11448
11178
8932
14460
8692
14386
14932
14608
15570
14638
14986
15262
15374
11436
12310
11488
14644
13578
14762
12130
10954
11886
9740
15350
10472
10242
9980
7046
13090
5780
9680
12524
7732
13752
15662
14770
15168
15440
14872
15620
9544
7508
10320
7128
5522
6404
10798
13954
5514
8224
9632
9106
7638
6434
5896
13422
15514
11956
15628
14316
13492
7626
12364
9276
13618
15844
15894
16194
15972
7190
5938
14798
10740
14000
14382
11152
5904
14868
15064
12782
6390
10972
7458
5550
9656
12638
15380
15522
6874
11410
9700
5484
9214
12074
11148
15340
9380
9558
6000
7288
10310
15136
14682
11438
48378
6880
5636
10094
15224
14610
5934
11668
12232
11018
5950
14858
13018
6318
12162
9724
15282
5676
15000
5526
8182
5460
10174
11688
13924
6228
13346
11538
7020
5728
13268
10000
14860
14404
14718
14678
14932
14728
1990480
5520
15202
7660
12962
6504
14712
11658
11154
7484
14874
12180
11446
6004
9182
14316
11030
9098
12114
15016
5996
7152
15864
10662
8708
6248
9230
5886
9872
13902
5486
14886
13868
14736
12502
13690
9666
8512
6904
8830
5834
10532
14366
13812
14984
14364
14952
14636
14492
8044
10620
12244
14650
10228
13348
14610
11814
11824
6634
13464
7152
13278
5804
12410
8160
12888
8258
8694
9784
5848
8534
9292
5850
14116
15256
9686
6932
9556
7514
10954
8972
11456
24536
15372
14700
14774
14904
13642
5816
14458
14566
7502
7556
14466
15500
44542
14246
14914
14838
14270
10272
13594
6234
15500
87494
14716
10820
7280
5846
13534
13686
15098
5508
14506
15486
14604
15180
15036
15432
15092
15040
15240
15180
15362
15394
15282
14894
15204
7270
11984
5588
13546
14662
7530
6400
13006
13444
14780
10682
6498
24630
9742
6528
15360
10390
13352
6556
11770
6372
15834
14538
14682
14622
15174
15666
7098
20536
13618
9986
6510
12950
14612
7642
10196
15250
12456
10674
14048
8150
6392
14362
13928
12514
12888
8036
10854
15458
14872
10570
8010
10142
11206
12500
13060
11472
11818
14056
11418
5516
14636
7696
14612
6022
6562
5792
5416
5758
5318
5474
10042
6394
10606
13448
9770
14146
12672
136094
5966
5408
5772
5420
5274
5488
6102
5980
5302
5378
5622
5962
5504
5358
5948
5376
5632
5328
5930
9674
10348
15380
10092
14606
15070
5464
15186
14756
13828
13684
9550
9972
7942
11836
13052
7958
8816
9884
8700
14436
10140
14806
9466
7910
6084
14330
10868
8928
6108
12970
9026
9800
8410
10870
14418
12402
7246
14694
14442
15540
14518
8198
14762
5274
15982
14644
12442
11196
5600
14190
12190
11840
11988
13502
14104
7062
14668
6558
7050
6884
12938
11678
9452
9500
13862
14594
9990
9284
11190
15212
12582
13654
14280
13766
16606
15236
14870
7400
13130
15066
11524
6700
13832
6374
12904
11992
5568
14634
15916
14850
15368
14934
15338
14668
14930
14130
14940
6202
37264
14862
7498
12266
14222
14268
13414
8802
10256
14934
13918
15226
15540
13766
12636
15096
14614
11302
6904
7276
7132
14578
6096
12956
8906
7576
7646
12134
7624
8338
15196
13958
14200
10668
14576
5518
13868
5650
9068
13356
14946
5618
7680
8960
7900
12240
10250
7270
7504
13410
6928
11336
12598
7108
13534
6324
9562
6524
9138
13262
7482
10496
7912
12234
12844
6234
8924
5662
12474
14478
16020
15214
15594
15412
14924
14776
15088
14986
15186
15368
14912
6142
7618
6400
10954
11688
11552
7344
7374
15416
10832
9786
9442
13480
5880
11078
9846
15244
15182
11012
5682
6706
9012
14924
6690
12466
5442
6918
6960
10930
6534
14296
13148
7578
10884
13176
7534
6464
9254
9922
11436
5616
10052
11412
14984
11996
11592
16538
6562
7764
11860
7716
5912
11184
8368
15366
15020
10600
5780
15164
5908
15012
10438
10940
6250
5428
8232
7686
15218
8826
6316
11062
6736
59306
8908
14556
15344
6340
5934
7334
14220
48782
6000
7158
11048
6004
5946
9678
7826
14876
11618
15426
6474
15010
7820
12518
12912
15422
9716
10724
10324
10346
13182
9612
13622
14206
14940
10712
6358
5622
12176
10366
8228
11230
12466
10258
9698
11524
6302
14804
14388
9706
14346
6410
6268
15228
15258
11912
7994
8942
7182
6262
7268
13358
8448
14822
8854
15028
5478
15826
14654
14960
15316
15326
11706
9822
12652
5922
15076
11750
7860
15770
14282
14614
14786
12130
14666
15602
11388
11100
11194
6492
7666
8784
9512
13216
7788
14558
15590
14684
15392
107372
8068
12660
5306
8528
8350
14514
13494
12550
13516
5874
10108
8568
12044
9318
8168
8932
8528
9086
11256
9806
5676
14044
11888
12012
5620
14634
14758
9138
12182
10732
13832
7254
8428
6864
9138
8914
14454
15436
15350
14602
15714
15330
15076
15148
14490
8194
11914
5406
8372
11450
12304
14638
12818
6412
10246
14406
14974
14900
11386
12418
15708
7118
13214
24208
14616
14640
9692
8638
15480
7088
12806
10204
7842
15268
14486
14526
10296
7250
12378
6566
25170
15172
15040
7042
17214
13230
10908
5612
11022
12324
10586
12692
9224
13326
7846
11346
7884
6674
5590
11830
13820
15180
10126
8764
9846
11790
11862
9092
13082
7360
15330
13434
6166
6324
9960
14604
16596
15560
16032
14820
6988
11206
10032
10548
10984
11280
16060
14884
14956
15534
14462
11282
6924
15774
15662
15218
9566
13078
11098
10536
14128
6620
5508
13658
7882
9158
9982
9078
14682
14502
13464
7508
5792
11922
13790
8778
14836
10880
8490
7190
14494
6650
11628
9936
14008
32512
15800
34634
15244
15442
15328
15838
15442
8822
5434
12640
7778
24802
5934
6784
5700
6012
14668
10694
12370
5398
13524
14246
6662
8610
5700
14658
5542
14848
14388
9128
13778
8508
29602
14846
14968
15316
14928
11334
10138
14876
11658
15438
6504
11678
15870
14382
14374
10838
28692
10766
10654
10092
5842
8490
7328
6200
9804
10422
6230
7742
14560
5650
13228
15356
7550
13144
13802
6470
12082
11592
5922
24322
15422
15140
14112
6286
8490
12736
9044
14824
14722
8904
6088
10476
6902
10124
13314
8604
9432
8346
9048
12356
10798
18638
13880
15662
17696
7580
9474
7688
5980
13238
6976
6584
6294
14100
7446
10142
8674
11806
5784
8232
11368
9450
7056
9018
12072
13402
9032
7494
96140
15228
15480
15136
15168
15870
15462
11054
10428
15546
15406
14798
15584
14912
31006
5692
8340
14552
36624
12136
10178
7552
146520
14716
11392
8556
5586
13454
10590
5370
6644
9462
11000
11750
13548
6950
13284
5570
5986
10214
9084
5458
12812
9686
7098
9592
7682
8014
6552
15558
15208
15150
14834
13396
14272
12582
10808
7450
14620
13590
15700
6330
13054
6124
8334
14606
7190
9770
8664
6336
13482
12780
11160
11508
7374
5520
5910
5538
10234
12312
9932
14034
13550
13066
11078
14060
23706
15342
5374
10468
9538
15588
7588
8426
7530
15568
12736
8614
8420
11966
7402
7488
14612
9762
13700
6008
15300
14500
6094
14120
5752
13468
6884
14474
14002
14278
13898
14894
7562
15480
9694
8930
39694
13486
7464
13298
12612
11316
38604
14570
13586
15452
5364
15094
15066
14570
6068
5606
10914
11612
8946
11312
6772
12128
8582
5770
13758
12318
6116
12264
5570
10494
7384
12330
9702
10006
14426
13702
9454
13436
8062
12176
6176
5328
5342
5940
5980
5536
5302
5606
7522
8926
11736
14650
6332
8292
14664
14662
6776
8620
15334
15820
14838
15128
15140
14684
14992
14980
15708
14750
6408
12396
15226
9946
14332
49984
8128
13294
14182
8114
10678
13556
15332
14642
12030
15090
12704
6608
9426
6742
13618
13362
8638
13326
6258
5562
9424
13746
9606
8602
9096
10534
7908
10508
10068
8164
9764
5512
7394
14510
14982
13776
24918
15784
15724
12960
15142
10302
15334
14436
23462
8770
10758
15414
11700
9242
8492
7442
8552
13428
15822
15122
9950
7174
10856
11654
14896
5620
12746
10114
13168
10082
16074
13326
7118
14890
6870
10010
10822
7400
5356
5278
5342
5350
6000
5478
5468
5480
5600
5320
5774
5688
6402
6262
13322
5340
15232
7510
7814
5606
15154
7962
8444
5666
6504
6522
15542
14790
6442
14216
6298
11222
12722
14532
9390
12882
8244
9068
14878
15204
15400
15492
15170
9440
18440
12894
9818
12854
11280
7946
7270
13520
11310
11228
5606
5744
13652
14198
13266
7396
13352
24390
15362
15474
15864
15002
15718
11532
10696
6362
7092
8100
9924
10124
14882
11010
11980
10284
24894
15172
15156
68216
15468
14802
15600
15228
14834
15142
15170
15222
14776
15482
14876
15522
10898
7312
5718
12246
10568
14942
14454
13208
13088
12690
14964
7956
6218
12620
8802
8932
11776
9584
11600
23388
6240
6514
14316
10840
11820
6754
11668
7506
7182
9298
11848
13262
10074
12552
14846
24372
14678
14586
15064
14962
15826
15240
15664
15086
11686
11372
14100
14326
15200
11726
14610
9402
15960
7636
9000
12342
6760
15410
12856
13312
8552
8284
11200
14616
11536
5810
14566
7442
8624
14352
12372
14806
9462
13710
13444
15216
528540
5562
15058
15748
15296
6334
6908
14496
15828
14614
10602
15210
13988
5888
5666
13124
15086
14174
13410
11058
8726
13534
11642
15084
13632
6830
10026
14542
12956
15588
5930
5338
12938
6334
5980
10612
7458
8642
14118
14808
12090
11986
15314
11492
6472
10158
10938
14676
14842
9656
13714
13796
9944
9852
15248
15520
15000
14822
15326
15082
14298
9916
5836
11098
7066
10924
14404
15750
14488
14902
15378
15102
15058
14950
15140
15186
15242
15114
16036
14762
6546
13292
6724
5692
15640
14348
15868
13662
9386
11028
6646
8986
14114
19312
17472
16644
7110
8848
6828
5628
12510
13840
10190
13884
5932
10250
8840
8616
15398
14006
7496
10208
7954
6344
9854
8058
11688
24126
15706
15412
15348
14902
15494
15260
14876
15278
15500
15176
15206
15064
16384
16356
15800
15974
16338
16110
15576
14754
15428
15642
6682
16086
14554
14850
6330
17454
12024
12848
18194
8172
9600
5684
10790
13944
12202
12908
5608
14886
9342
94240
6250
13564
13034
6180
7138
14714
15312
14934
15292
1306024
5598
15594
14816
15126
15018
15212
14430
552154
13964
14798
15644
207500
11230
15456
10940
9436
5680
10496
10078
12990
7168
13976
14848
6154
13488
13560
12374
11664
9864
8454
8396
11072
14390
16116
16418
16108
15720
7080
12656
10018
15730
6512
14738
11082
51104
8404
14756
16136
5952
13682
23474
5816
9234
7322
6050
7694
10988
9096
7376
9280
6428
6622
11288
11952
7350
8246
10498
6634
7002
8164
