Latencies
24532
14454
11730
13826
17092
19356
32044
11266
10490
24234
14256
23056
21550
21364
10082
34340
15208
24934
21244
20850
59750
11848
16766
11766
27434
13356
14608
6602
7530
6900
6090
11462
11128
7976
24932
15382
14866
15220
19998
24004
13240
17540
13510
9802
17692
17786
11068
22112
17620
11088
8144
18156
7418
14320
10342
7664
11336
11358
14750
16600
15190
24854
24730
25438
13430
10432
18154
6254
24152
24754
7404
24744
24480
11050
13162
9130
18824
18982
13188
16884
7510
21978
14672
11178
16920
16260
23460
14980
15946
12844
7834
7734
8710
16174
11300
15140
34590
25176
24496
14920
14962
14994
15264
10950
20036
23004
20590
16476
12090
16460
17260
14274
25646
23430
7632
14636
7454
61498
58130
20498
40814
22088
20000
15330
13196
25100
33614
14486
7074
7322
5652
19266
19814
8208
10012
23010
13550
24028
25182
12098
23734
21320
11548
11106
35048
18944
9454
7106
14726
22146
24918
15124
25214
19512
25102
24514
24562
24820
16316
10022
9996
13774
22728
19870
12842
13322
14026
6350
14924
13496
7328
14828
6912
25130
13362
8500
16558
18986
38946
14460
8748
6444
6100
31604
6504
26880
11920
13300
61166
26634
22310
7516
10490
11882
14822
7256
5454
6278
12002
25744
6798
34536
15038
24322
25420
25044
25542
9876
16380
23690
25520
25272
25112
337638
10216
14780
9498
14692
11998
12454
9106
14782
14442
22006
11710
13428
13514
12296
24268
25160
24578
16638
20810
12434
8014
11590
11636
24280
14478
8516
10474
5718
5478
5400
15662
24638
24216
23412
24342
14662
26082
24376
10340
25036
24650
8750
11534
15014
6240
24948
24714
6966
12156
10154
14158
23402
18094
34326
24726
15378
45014
44830
19368
7736
19732
14284
24894
24410
13816
16192
15062
14898
13992
20296
24110
34154
18626
16476
7408
11588
22056
7932
16280
24926
25378
19592
10018
15162
5646
14448
6072
5766
14048
9738
13732
16820
10122
15186
8352
16706
14486
9932
15404
21480
24660
15124
10090
20014
14780
15634
10868
14828
8108
25100
15602
8380
23508
24692
11416
17246
33874
8626
14740
9124
24026
14974
23898
24484
15604
25044
25794
24884
5822
24998
20192
15774
23166
8826
25010
13268
12258
8204
13748
6864
30316
17090
24652
24144
24696
24448
40356
7734
7346
21998
32402
19248
7906
8992
15428
15824
21178
10074
19874
22888
14810
16314
24980
24392
25854
25274
24718
24916
24814
25086
25016
24282
19202
24010
18136
7506
8790
11354
6140
25262
8542
16322
6496
10936
18138
7128
15390
15484
13684
9152
13600
10008
6560
12878
25002
25008
16600
11576
14394
8444
15126
15210
17586
6744
9516
18128
13194
23364
17300
34216
24594
24796
108490
16206
19982
6696
22016
8262
14556
21326
13238
10220
10936
23940
6476
19586
8458
11406
37498
24832
25160
196100
16270
6772
13768
15426
18368
24388
16804
33648
15584
23902
32826
14664
9960
10740
8246
22772
14128
15658
24776
24086
9084
20246
16716
26410
20852
21508
22946
14996
23848
15040
14390
13354
8338
15154
6446
24394
9414
15358
6206
6354
15720
48756
23888
13766
15396
17624
19778
24180
12638
22128
17580
15218
15428
8780
19012
27042
10912
8396
14892
16066
24792
15600
34082
22884
19784
18290
20872
163040
24456
7302
5900
8812
14264
14260
13670
17220
14848
21958
34452
8716
18556
14602
6368
18926
24696
32290
23456
15346
13648
7008
12736
5534
24652
11872
10014
13874
6646
24380
23874
25168
16398
12354
20170
11402
7340
15524
16470
34854
16992
14100
21756
12834
16738
23258
7240
14418
20188
20306
11796
11266
13904
9300
10732
18892
20928
13148
6546
10814
29832
24356
46028
25108
24312
25356
24370
15754
12024
20002
6324
27512
18892
21182
21398
6222
10874
7886
8256
12684
9974
8620
11836
23054
14902
25398
22506
23666
10766
21858
14868
9950
9000
6178
10280
6458
17404
11608
33552
25146
24534
24808
24972
83702
32768
15050
10828
25296
17006
10282
23668
34730
6584
5800
5946
14542
6238
15860
24840
30916
16186
11940
16212
19140
6982
23000
17226
16932
18236
13028
6734
8428
7218
7916
15382
9958
18642
13076
21962
24588
21632
26036
7896
30604
21738
22376
23166
24008
24962
6258
10640
10364
7176
7850
6052
22962
24574
15988
19634
15644
14440
25434
25872
31140
11222
7522
9536
10730
30032
15482
24764
12328
11842
7264
21532
32086
15830
18584
9096
16350
5794
29764
15486
14998
22508
17134
18492
9628
15252
14772
17554
16848
10498
34388
66176
13474
15330
13166
19598
11604
18728
23028
6422
6996
9848
9876
7392
7468
29226
17674
15796
25636
17616
12150
21514
5838
21630
24424
24734
9608
23740
24662
13790
9370
14104
15380
33954
14228
13168
6116
5676
5480
14664
19610
14156
16454
25304
24426
25544
24008
24732
24634
24866
24464
21682
12392
22410
9972
34924
25934
14982
15832
21544
9516
12860
6108
24984
17062
14178
12496
18006
21644
7450
19964
4923368
34338
25364
25916
6274
25154
16500
14796
11260
19788
6524
15008
5912
6700
8552
5552
6214
6312
5514
6058
12100
12244
8888
25498
24126
26330
21220
31148
16058
12446
12428
22644
13330
29148
17582
7674
15160
19938
21922
25704
20104
8230
13248
14920
9802
11294
9800
12010
10074
18846
8002
28520
11118
5880
17224
24238
8120
20560
17282
8748
17100
18752
19502
24850
15092
7078
23382
15776
11422
25682
14354
14700
30602
25406
24992
2586344
24512
15486
17292
16492
18186
14858
15146
10126
19786
6066
10420
6250
5496
5556
5476
10424
10778
14036
9650
6140
11128
11500
9724
17792
24952
23270
6358
34228
39660
25428
19468
6204
23664
24898
24342
24710
9410
7392
19432
21884
6992
23336
22336
11604
20760
29112
12220
12496
21280
14580
32540
6448
9252
6188
10934
15148
12138
24230
14206
14900
15112
15224
24338
21566
24854
15058
7978
18484
19874
16010
16150
13048
11576
10400
14892
8322
8096
6342
8246
15640
25690
11684
14146
21866
22812
17860
15742
18136
8862
12244
20900
19420
24738
23102
17138
8108
6668
5930
14908
15900
11194
15414
14482
24932
24490
24476
24590
24310
24924
24610
14184
10210
24126
22100
15236
5910
12592
14606
12636
8818
9666
7578
11516
6316
18388
6284
22014
14548
10992
7482
15026
13800
23040
19220
22250
25548
5846
19304
24938
22208
22160
8496
20258
7024
9306
13258
13352
7442
5828
14058
21366
23870
21114
21516
12584
15396
6084
23988
19278
27864
9810
6688
24076
21128
6306
6940
11510
14506
15490
7394
12952
6002
34124
25302
24088
25094
24394
48154
18830
23584
24688
21898
24848
15908
11614
24966
8516
9710
16000
24386
14974
39662
8756
13006
12374
9688
15454
15066
14774
6002
11580
11472
15524
8940
12820
7544
14412
48810
7630
8568
20694
23984
14902
24208
11182
6386
11442
24916
10926
26404
6912
12130
15726
24204
23394
23228
19952
11626
10894
17850
21942
13900
8600
9924
14804
9770
9828
13750
10608
24592
14762
14702
9558
6286
25756
17966
23338
7812
14796
14928
7912
11732
6272
23700
14894
6080
15386
23018
16300
21584
24304
14500
24432
26332
19084
16584
15790
14684
14106
26172
20718
25458
17058
13716
7554
14672
12034
9140
32632
10540
20206
24568
24432
24248
34316
24680
30256
22030
14150
13958
13404
6632
12476
7522
13504
5814
14876
21382
19734
7520
6984
9486
21732
23024
12212
14952
16978
10802
13386
25066
11892
34554
24100
13670
14450
21344
10452
13070
11333560
15422
14910
25432
24990
15624
24510
12772
21784
20922
21632
7266
25206
77596
11488
15386
24996
21776
8704
15622
28586
18074
13622
7326
6600
7690
13566
15444
12080
15568
8526
15300
19012
13260
20602
18048
23512
8178702
34470
25456
24234
25834
16970
7444
23224
13552
10174
23110
8690
14378
6630
14704
14220
19334
14776
9720
9526
16780
33828
33298
25060
9912
33116
34680
20546
20074
16810
13322
20810
15772
25094
15752
15194
23370
6964
17410
19726
23220
15354
16942
25668
15926
14878
14704
14770
15332
8894
25038
136510
24726
13206
9440
21746
22972
13550
15460
17654
12032
23678
6306
11824
11204
8916
22934
23438
33624
24766
22158
13552
17498
20822
18992
17856
33954
14996
29786
20040
9764
11444
25692
11456
6722
11694
9046
7326
15396
15260
15684
16368
15198
15774
10274
15386
8056
24390
6956
20708
37930
9088
13270
13964
6192
5668
5874
14864
13886
6952
6486
10230
25010
14656
34728
14606
25044
23658
30902
9402
12358
14238
13376
16632
22070
24826
26418
15048
24370
25234
24712
17210
16370
15432
25862
24840
12716
24236
12224
10042
21398
14742
10566
7956
8646
15040
13866
22696
19884
8880
12376
23870
15424
24800
24724
13240
11350
14160
7800
23780
21204
22336
10090
9058
9578
11518
13412
13222
12580
13026
24252
15232
15044
15030
15452
5504
5724
15658
10342
15526
9372
16538
14896
14538
14648
10496
13814
14998
11418
6418
15720
5392
13314
9310
9548
34850
24786
24608
14086
22938
13556
13866
7892
19668
15024
13570
15166
8046
16216
11016
15470
22872
7532
18756
14026
13220
14084
14096
15668
9438
24020
13832
15216
15262
6398
34890
24808
89750
23948
24786
8272
15390
14592
14918
25140
24352
15412
24966
15072
10514
7844
24636
15420
24702
25080
16070
19772
12324
14686
15466
23018
13876
7618
30630
21258
13334
24650
16160
25740
24740
25994
24590
26048
26040
9866
20532
10590
8906
12738
13716
14568
13260
12626
12790
10742
21178
9480
18226
7398
42318
24894
6886
26106
5804
15084
22816
6020
15428
16570
19600
25946
21876
25314
15794
8248
14732
22380
10806
28152
10056
18918
21766
6338
23366
6658
24318
12540
17058
5948
8478
10240
13878
14534
10446
15162
15728
24654
23992
6890
16178
15552
13752
22294
9866
14976
12916
12498
12760
8536
6982
7158
9074
13204
13610
15344
16890
7952
14700
20188
6274
13058
15544
15200
11568
25040
14140
23892
9234
20554
6076
6036
15114
15802
5406
24266
17074
13534
11312
15514
17856
7822
17970
8906
11712
15184
11788
14536
10006
14080
7496
7080
20514
25192
24096
19808
20214
25232
24834
25288
24494
25134
25008
25498
25188
25878
12392
13634
21644
7968
15038
6250
6364
5852
6018
6466
14134
14572
12702
7230
6300
16172
16740
23340
17292
17138
12168
15498
17648
17990
18248
53292
24610
10174
13626
9850
20766
12422
20840
15872
14644
15300
15286
15246
15240
15282
15620
15202
5742
5630
5516
5542
5628
21702
5822
5612
15760
13492
11160
6208
5908
7798
25054
14706
15140
15122
15078
15138
14998
14464
15056
14080
12988
15130
82386
22334
15724
15026
18166
6202
15342
25100
14626
24516
24718
24478
24510
25118
25434
25998
25556
25614
24298
6390
15766
11016
20208
24038
11458
23584
19642
10326
18674
12974
24160
15148
15790
15006
6570
10248
15118
5594
14112
6314
15528
11128
12690
12856
16864
24036
25108
24684
14370
14726
7284
17266
21146
12518
25196
14840
23834
14276
24190
21194
26584
14562
6732
15362
13368
20388
9944
15144
8650
13396
14940
24250
24790
11518
7978
10442
19388
12212
7048
23492
8972
12738
11656
12416
11714
6496
14768
10448
14240
6900
7630
7516
7010
14464
6458
368900
14506
15730
17288
15756
19380
26096
31414
24486
7758
15734
15350
31212
21706
16032
24834
15360
19408
12716
24814
17514
23454
6636
34934
23356
15666
16242
13016
22324
10656
31144
19730
22830
18230
6634
5458
5402
5970
15236
15346
12526
7994
18260
14636
12096
22190
15196
17260
25100
15724
9910
15084
9862
12290
8968
6450
7064
15506
11468
16110
16500
7800
6290
7804
12134
15240
14828
14458
22580
357324
24152
37840
9022
20146
8732
23660
19864
6004
8572
12632
5536
5900
14798
8810
14882
13440
14968
8530
11444
8784
14700
10758
17680
16354
15464
15130
26292
25496
24660
25380
15214
10170
23872
9040
12716
17186
14820
9436
25302
15294
15296
17044
10500
13818
24714
15098
14478
23264
8766
11646
22700
22788
14866
15302
24096
13982
11954
9636
5912
23838
15874
7102
12686
15264
9758
15546
23616
9882
18964
11928
24446
8166
15616
25486
24750
7542
6016
15826
10308
6314
14814
12012
22984
34182
24594
7722
24122
22326
14000
27704
8156
15526
34932
25134
21126
5842
6262
18562
28848
12462
25218
8008
34104
15010
17900
31756
17098
18254
8872
8470
15256
27888
19276
6876
7160
12884
15462
15516
15074
9966
23620
8810
15402
11886
22728
7018
10824
7942
12028
7974
6814
6872
14976
14942
23696
25210
14590
6192
24440
22208
14942
17122
34066
24636
34522
24498
25082
25818
22842
12850
6410
14144
11388
13280
14112
33958
20030
33662
14146
26632
15234
22166
10878
12814
16106
8330
25040
23462
25240
13556
29174
6978
23698
5390
6320
5732
6214
6714
5944
9118
6276
18944
22534
17326
21360
24486
21522
13246
24024
16454
6572
24320
11030
16300
6482
19794
23780
10382
5456
14488
8722
11524
8480
9698
13972
15122
15334
24844
25580
25154
16708
7724
17094
8406
8042
19310
20550
8394
19178
20966
24294
13542
22060
11426
15512
6272
25640
11726
25204
26544
18718
9470
6650
6666
7526
10738
9016
15406
6264
5800
5480
11308
15648
35756
25652
24800
24560
25028
23952
24174
8544
23900
12646
14962
19842
13106
8578
11774
5882
7018
25000
14182
24916
24596
24716
25110
24798
12240
17644
17164
17744
17792
24704
11956
23976
10702
19332
7876
20782
11064
9094
7486
7766
12852
6878
8280
11692
15462
14664
25010
17000
13020
6796
25914
23002
25590
14360
7408
6494
10882
6764
9984
7452
12098
13190
8102
13228
6954
6386
5758
8860
6732
6344
13908
15256
7418
11734
7098
24868
22694
6608
20240
9992
13904
15056
15078
14924
14652
15268
14844
14960
15142
14928
14800
14832
15464
6964
11296
9982
6268
23980
13978
13490
21716
30222
16580
9104
9830
14998
26356
16586
26656
13322
5736
13008
9554
13980
14118
10042
7440
12032
27774
8436
24892
18778
11958
6642
14618
5582
9342
8790
22146
14578
25640
21548
15374
23000
13070
24318
7524
22500
16968
5838
24606
23300
8686
10240
7186
9900
24156
6322
23904
22972
14356
14698
14852
15114
15116
21736
15218
24098
6880
20248
20082
16066
7780
14834
9296
11858
5416
9720
6200
9124
8284
13852
6044
13862
6304
12972
12972
14000
14630
18232
16892
15608
15430
15662
24908
24642
58070
22006
31746
23972
6772
11758
22242
5782
23284
13808
24676
23840
25220
17710
25712
32698
13450
24228
33722
26544
21078
21468
25004
14108
21060
24350
24594
25890
24680
7082
6676
11466
10748
23232
14568
34716
24476
22896
25412
24256
15970
14772
15836
13964
24410
5814
9730
23932
24016
22692
10336
7400
34082
14996
24900
28930
10692
11240
5880
28726
24496
7210
11284
24494
28024
16420
24648
6312
29348
24810
11172
7966
23826
6678
15704
21366
10014
6786
9840
12498
10696
8700
14828
14706
9026
8028
20260
20392
13070
6920
13652
14094
15958
25010
26014
11874
9304
14428
11254
8978
15406
25950
10132
10394
14288
21646
12532
5500
9104
25114
13270
15826
14858
8838
8604
13814
20790
12702
15574
11250
9848
17958
27082
19724
19926
22356
8418
6192
19990
8348
20834
14958
24892
15168
14276
10754
9036
11518
13290
11330
11132
17460
9350
12842
8748
11594
22480
7384
9232
15794
24556
14204
11444
23048
8574
17976
8048
35956
19088
5950
11914
12132
5692
12700
7124
11200
8836
15314
11418
12158
9310
12322
15010
11784
12278
7056
7064
7912
18554
10290
6852
12620
14650
7396
12888
25062
13350
21808
10642
7254
7842
13578
6344
5920
6140
5458
5478
6076
12166
12356
6642
15038
11234
5894
20672
9784
8738
7226
5732
9140
8898
11114
22592
10952
18216
8362
30442
24596
7794
15176
12634
12446
22280
11016
24590
15410
17154
13614
31706
15548
22288
19154
28650
9378
7646
12226
10456
7480
14264
11010
6064
5400
5824
9084
7132
8018
11712
13858
10716
20466
6048
15674
25396
24428
24862
24636
24764
23798
7530
15524
20278
34090
25366
14338
7242
13226
15098
25140
15944
32064
7666
12068
24194
15566
15328
14864
14998
14806
15292
14922
15326
14532
14872
34190
66442
9222
11484
15576
7470
14650
25384
21164
7522
17670
14068
7504
6964
10918
18184
6358
23636
13738
16396
21984
9132
7760
20614
10372
14834
21326
17090
15474
17112
12256
14190
9166
6178
9782
11428
7656
14594
10376
13516
12070
6206
13966
11090
10690
10152
9314
9408
10474
26012
22548
20418
22122
12178
17490
9112
15738
10504
14230
15714
23808
16082
9874
11364
8288
6190
20152
11964
13560
14972
15308
7894
16782
9638
17008
20996
13736
6030
6742
15868
23268
10624
8750
6224
6268
34092
24848
25330
25194
25160
24678
24342
25642
24880
24532
24820
10408
7720
7816
10106
12782
21728
25286
23618
18584
11712
24612
17650
9310
23276
25530
20168
9888
30984
23358
13858
14550
6450
8204
22538
7690
10764
16042
11392
13904
6250
20382
36912
7874
22632
19848
7080
8008
13690
18186
25678
25598
8358
10032
20350
20334
18488
10006
15146
17022
11424
14626
25132
15720
11392
21394
10978
15560
6650
5944
24588
15178
14842
24358
25386
24268
11146
7566
17352
15608
14232
14402
18742
33380
34642
15438
24756
24292
24964
24622
25066
15866
18486
15182
24508
15430
14638
14500
15084
15160
15320
14296
15590
15434
33274
15966
24726
14750
24906
24654
24718
24926
11764
19220
10444
24700
11970
15496
7746
7964
15812
25036
15438
14412
15428
11900
17136
17320
15488
13850
18016
29034
24904
15352
25096
25378
24390
25360
8422
14720
22360
13306
20732
9562
14624
12034
11414
13284
125604
8998
14490
7948
12022
15858
10732
23000
6964
13972
17320
14212
12744
6260
9704
7526
10298
7952
10128
5926
14436
7398
12932
19490
20670
23796
10806
15800
21230
25072
26156
25024
24608
24400
14848
9124
13104
26392
12046
15514
14796
15158
16250
14822
6166
15350
24624
15208
15244
14936
33924
25896
28738
7868
28188
14956
7404
5722
19544
23906
17924
19160
6846
53686
7996
8008
24356
17352
16398
7184
24432
21874
23804
24476
10780
16004
12386
13564
12416
7570
9396
25684
8054
7542
15472
34448
9266
11358
9530
10006
21294
9964
24720
11452
15288
23516
12970
19958
12922
24122
21626
14814
5530
5424
7162
6290
14856
5982
12752
6924
8512
7570
14118
13170
13126
6482
7290
19972
11288
7264
11744
8060
13302
34146
16084
24784
25486
21138
25546
33984
24494
25048
24860
24178
24800
24714
24828
21808
24810
15962
10634
25594
14816
25294
15140
20974
21630
20222
17648
15436
13480
7792
14930
7520
24532
14790
14782
14704
15486
14942
14920
22352
14810
14380
14340
13606
21630
18808
14766
19910
10258
13860
15044
8812
7688
16376
10594
14196
24890
8702
12488
11766
17950
9236
23806
24892
15276
24742
25120
25742
24780
12206
7200
6372
8734
14784
20438
15108
25422
13572
15768
16062
9972
11564
12752
32648
25296
24528
10052
15834
11674
10786
13470
13796
22100
15482
6382
34324
10072
27772
19842
14666
14832
25828
24782
8636
24010
16024
