Latencies
8124
5640
5444
5874
5480
5478
5732
6724
5512
5632
5876
5514
5766
5922
5488
5412
6060
5444
6120
6090
5966
6340
5374
5404
6372
5622
6108
5664
10670
6300
5704
5894
5986
5864
6414
6266
5652
6058
6060
5630
5412
6096
5450
5820
5580
5976
7366
6110
5424
6372
6012
5514
6626
5934
5834
5858
6498
5590
5580
6064
6222
5412
6118
6028
5628
5446
5704
5362
5480
6416
5864
5838
5686
5420
5756
5580
6000
5866
5772
11214
6020
6436
6042
6242
5472
5672
6020
6322
5548
5494
5396
5470
5532
5728
5674
5748
5708
11790
5816
6132
6118
6652
6186
5432
6030
5470
5462
5492
5486
5510
5472
6606
5664
5268
5424
5742
5368
6132
5974
6872
5636
5434
5550
5454
5906
6008
5866
5524
6478
5376
5932
5368
5362
6172
5852
5498
5380
11298
5996
5486
6018
5982
5454
9704
5516
5490
5740
5524
5976
5584
5472
5358
5442
5954
6986
6204
5330
5930
5704
6122
5384
5850
5450
5580
6298
5920
5908
5512
6102
5488
6190
5598
5550
5368
5424
5730
6040
6322
5428
5998
6118
6226
5410
5414
5762
7282
5826
5464
5620
5432
5900
5406
5360
5728
6104
14088
5422
5436
5608
6006
5968
5498
6334
5360
5542
7310
5644
5530
5636
6206
5400
6296
6152
5726
5508
5378
5394
5906
5518
5742
5556
13300
5410
5596
6462
5588
5852
5346
5634
6192
5522
5378
5672
6344
5724
5454
27074
5434
5944
6234
5634
5416
5960
5416
5370
5474
5562
5392
5862
5996
6288
5620
5476
6328
5472
5726
5620
5668
5726
5366
5736
5908
5650
5500
6196
37778
6096
5494
5424
5368
6028
5568
5876
5896
5474
6374
5688
6296
5510
6522
5464
5474
6252
5574
5586
5530
6166
5600
5604
6382
5398
10692
6058
6382
5434
5998
5650
6122
5440
5530
6314
6004
5496
5886
5626
5578
6480
5810
5724
5726
5474
5342
6050
5942
5456
5814
5474
6762
6332
6056
15418
6212
5476
5458
5772
6206
5558
5846
5488
5584
5474
5696
6322
6432
5804
5636
6116
5484
25474
5924
5618
5466
5450
5978
5394
5444
5522
6222
23486
5874
6082
5542
5922
5726
5928
5704
5364
6206
5490
19346
5872
5404
5282
11932
5596
5380
5364
6722
5976
5460
10948
5354
6068
6150
5468
5434
5498
5652
5872
17660
5258
6110
5312
6402
5778
5418
5492
5352
5822
5552
5472
5612
6174
5522
5408
5414
5944
5948
5514
5952
5444
5424
5560
5986
5508
5472
6494
5444
5664
5494
5416
5638
5480
5294
5814
5766
5384
5694
5878
5710
5426
5686
6138
6026
5404
5410
5692
5964
5520
5486
6350
5438
5472
5306
5464
5414
6058
5526
5458
5724
5396
5880
5938
6196
23486
5840
5406
6460
5408
5564
5946
5284
5356
9032
6304
5964
5422
5474
5464
5630
5524
5898
5516
5570
6918
5510
5466
5640
5436
5876
5874
5590
5322
5680
28480
5632
6292
5442
5914
5994
5912
6140
5880
5436
5274
5810
5330
6068
5852
5480
5342
6452
5986
5622
5846
5356
5632
5816
5426
13258
5784
5736
5878
5518
6080
5578
5594
5398
35366
5556
5498
6226
5796
5432
6910
5412
5742
5330
5434
5446
5588
5502
6324
5632
5610
5730
6294
6076
5452
5570
5470
7096
5384
5898
30002
5358
5334
5418
5410
5394
8896
16920
5724
5678
5992
6280
10912
5452
5388
5438
5398
5588
5370
5772
6072
6538
5380
5480
5816
5284
5566
5384
5994
5522
5490
14082
5944
5470
5510
5434
38878
5934
5768
6246
19340
6226
6042
33998
6208
5436
5528
9888
5742
5948
5674
5594
5922
5246
6284
6008
6058
5610
5852
5634
6002
5278
5424
5638
5276
5798
6054
15966
5756
5468
6038
6618
5578
5404
5596
5934
5750
5486
6094
5406
5874
5796
5702
6090
6190
5358
5698
5400
5964
5446
5918
5490
5316
5684
6214
5982
5550
5390
6606
5440
8164
5456
5896
12702
5856
5994
6104
6108
5560
5642
6022
6984
5518
5752
5470
6046
6192
5310
6312
6084
5888
5554
5510
5354
5466
5496
5916
5606
5380
5404
5724
5908
5294
5658
5516
5400
5344
6676
5942
5624
5354
6158
5418
5470
5518
6152
5636
8434
5738
5476
5398
5540
5866
5466
6230
5710
6278
5476
5646
6740
5800
5578
5778
5842
5408
5858
5586
5778
5510
5448
5570
5478
5382
5606
6252
6058
5424
5472
6108
5768
5342
6834
5800
6126
6164
5488
5414
5724
5550
5488
18150
5406
5656
7122
5448
5754
5888
11156
5424
6778
6214
6038
5388
6766
5858
5450
5356
5350
6050
5356
5424
5240
5374
5814
5898
5968
5370
6108
5962
6186
5970
5424
5458
5920
5572
5960
5792
5558
6282
5894
5946
5766
6228
6152
5792
5852
5526
5670
5406
15848
5532
5856
5878
5664
5380
5400
5308
6064
5402
6006
18736
5892
5624
5866
5284
5926
5744
5388
5572
5392
5712
5436
5314
5428
5406
5470
5408
6112
6204
6706
5564
6114
5764
5966
5712
5380
5866
5374
5676
5522
5402
6412
5636
6032
6242
5770
5530
5890
5200
5376
6212
5368
5412
5448
5238
5424
5674
5538
5310
5780
5410
6064
5852
5396
5524
5996
5932
5558
6204
5466
5362
5958
5404
5486
5736
5692
5542
5392
5504
6910
5954
11764
5536
5478
5454
5560
5440
5480
5718
5866
6096
5684
5578
5530
6204
5820
5582
5514
5478
5402
5424
5556
5920
6364
5492
5470
5592
5766
5592
5398
5326
5468
5814
5520
36422
5406
5650
5470
11966
6852
5498
5486
5470
5598
5778
6022
6042
5686
5276
5552
5330
6274
5812
5518
5450
5762
5846
5588
6008
5488
5732
5788
5474
6272
5410
7378
6500
12104
6110
5658
5482
5370
5426
5768
5594
5552
5412
5394
5368
6052
6318
5476
6296
5394
5624
5638
5398
6074
5364
5846
5830
5398
5440
5374
5382
5338
5414
5902
5288
11614
6670
5692
10734
5414
6108
25458
6290
5648
6178
5438
5604
5460
5470
5746
5418
5650
5394
5392
5444
5864
5340
5620
6056
5418
5470
36892
6268
5594
5232
5334
6098
6320
5312
5480
5422
6150
5896
6712
5800
5528
5498
5716
5986
5664
5542
6396
6236
5434
5350
24254
7592
5608
6118
5444
6196
6288
5894
6242
5458
5410
21926
6294
5956
21504
5940
5452
5466
5450
17168
5480
5440
5384
6164
6302
6058
5258
5446
5320
11382
5768
5638
5510
5502
5888
5396
5500
5412
5594
5626
5918
5370
5406
5410
5484
5472
5444
5964
5590
5600
5354
13158
5518
5372
5498
6140
5962
6116
5420
5366
5354
5484
23822
5262
5524
5310
5940
5806
5658
5480
5782
14794
5472
6302
5892
5524
6256
5378
27646
5420
5260
5428
7338
5464
6228
5374
5816
5804
5426
5430
5772
5898
5408
5828
5646
5288
8598
5240
6292
16974
5794
5726
6468
5794
5604
5300
5466
5494
5764
5430
5302
5484
5414
5378
5904
11432
9032
5448
5896
5358
5378
5518
5316
5652
5276
5322
5294
5392
5406
5450
5490
5492
5544
5578
5710
5520
6278
5520
38640
6240
5416
5436
6222
5792
24956
5632
5812
5988
5460
5418
5796
5298
5502
11560
5412
5538
5338
5444
5678
5360
5864
5606
6300
5584
5514
5706
5424
6206
6122
24712
24746
5424
6086
5348
5790
30584
5930
5472
5650
5448
5468
5746
6162
5650
6306
5474
5874
5754
5444
5358
5652
5562
5954
5304
5334
6114
5318
5146
5404
5458
5422
5386
5338
6032
5554
5414
6184
5728
5520
5556
5988
5386
5666
5440
5414
5694
5796
5386
5520
5586
5724
5814
6008
6292
32096
5820
5668
6342
5588
5522
5818
23402
5504
5768
5680
5436
5424
6100
5840
6254
24442
5860
5692
5540
5372
5342
5414
5394
5826
5458
5374
5960
5680
5720
10602
5578
5790
5600
6066
5392
5670
5604
5662
5600
5478
6022
5280
5336
5260
5672
5406
5294
5844
6640
5450
5434
5924
5606
5340
5378
5384
26674
13770
5430
6074
5456
5410
5980
5452
5352
6100
5982
5996
5368
5412
5360
5704
5880
5760
6276
5416
6192
5374
5426
5848
5400
5464
5408
6094
5398
5734
5458
5918
5868
5396
5512
5386
5450
5562
5490
5448
5510
6054
5906
6160
5938
5638
6016
5444
5572
5888
5502
5402
5482
5398
5436
5500
5696
5806
5876
8228
5428
5408
6360
36936
5546
5402
6540
6904
5978
5570
6204
5908
5730
5326
5410
5290
5944
5202
5280
5616
5264
5288
5480
6034
5448
5946
5512
5418
5720
6304
5926
5370
5578
5838
5694
5718
6136
5352
6166
5760
5784
5698
5606
5598
6060
5526
5910
5722
5360
5670
5360
5474
5370
12536
5996
5450
5768
5328
5564
5388
6182
5618
6124
5524
5686
5530
5466
5712
5604
6020
5964
5388
22262
5362
8896
11106
5410
5376
5480
6146
9008
5672
5720
5664
5398
5274
6186
5532
5748
5408
5698
5398
5916
5608
6048
5370
5422
5478
6042
5862
5880
6086
6018
6380
5422
5744
5330
5732
5398
6764
5580
5468
5822
6106
5380
5324
5482
5344
5262
5402
5584
5408
5474
5758
5342
5644
6388
5920
5370
5420
5354
22612
5844
5384
5574
6000
5790
5376
5272
5314
5796
5326
5416
5814
5382
5436
6840
5692
15394
5476
5822
5318
5754
5404
6260
10178
5374
6120
5344
5944
5378
5784
5470
5606
5624
5382
5356
6258
5672
5470
5396
5726
5906
6138
5408
5940
6062
5618
5782
5538
6338
5818
5468
6050
6028
6186
5734
5500
6086
5904
5676
5666
6088
5572
5772
6130
5398
5466
6208
5578
5974
5746
5700
5362
5802
5526
27480
6106
5480
5346
5854
5730
5376
5384
6146
5438
6148
5446
6120
5498
6110
5518
5406
6098
5680
5852
6002
5436
5420
6438
5586
6536
6258
6286
6048
5444
6196
5614
5416
6006
5348
5528
25866
5460
6510
6674
5342
5648
5622
6152
5808
23582
5658
5386
5354
5426
5336
5410
5982
6034
5374
6240
6174
6102
5478
6160
17798
5914
5270
5498
5320
5352
6224
5730
5502
5408
5510
5438
5330
6060
5738
5526
5466
5352
5878
5668
24706
10194
5478
6312
6218
9824
5450
5714
5572
5672
5972
5418
6630
5570
5406
5612
5872
5852
5604
6158
5986
5866
5314
5528
5408
6058
5680
5564
5752
5678
5542
5478
5366
5672
5392
5616
5418
6194
5402
5846
5676
5820
5472
5508
5404
5822
5764
5586
5462
5914
5740
5490
5452
6680
5402
5388
5720
5896
19154
5356
5620
5682
5194
5492
5430
5528
5380
5974
5378
6036
5376
6072
6048
19416
6264
6102
5628
6150
5356
5676
5430
5520
6026
5242
5390
18588
5658
5322
5926
5896
5412
6110
5788
6074
6354
5522
5414
5928
6740
5740
5488
5884
5428
5712
5600
5490
6160
5938
5472
5892
6144
5424
5500
5946
5382
5410
5358
6330
5398
5690
5372
6392
5424
5724
5960
5382
14800
5556
5510
5994
12196
6072
5746
5466
5838
5486
6266
6252
5384
5526
5378
5482
5450
5442
5596
5922
6192
5636
5372
5942
5898
5648
5500
5582
5542
5948
6116
6016
5398
6120
5586
5886
5376
6234
5540
5618
5698
5462
6248
5906
6236
5420
5536
5404
5938
5966
8638
5492
5800
5404
5372
6166
5708
5476
5970
5400
5450
5448
5614
6008
5494
5656
5422
7096
5392
5890
5452
6020
5464
5362
11864
5494
5966
5530
6010
5300
6160
6410
5696
5870
6088
6124
6134
6034
6174
6130
6274
5356
6556
5452
5390
5610
5718
5628
5442
5680
5744
6290
5762
6216
18008
5736
6124
5646
5386
17404
5414
6058
5492
5584
5466
5678
5440
7482
6176
5640
5674
6154
5460
5484
5534
5402
5920
5432
10944
5668
5360
27280
22306
5468
5414
6344
5510
6408
6210
6238
6176
5390
5934
5916
5944
5372
6094
5414
5688
5464
5402
5350
6050
5408
13160
6602
5394
5392
5934
5932
5794
5652
6020
6054
5586
5678
5552
5908
6008
6132
5384
5744
5462
5620
5716
6028
5970
6048
5882
5620
6000
5528
5500
5412
5864
6058
5832
5410
5916
5708
5894
5396
5578
5500
5346
6084
6126
5804
5848
6056
5416
5756
5784
5450
5484
5986
5890
6160
5248
6310
5262
5904
5760
5406
5380
6164
7372
5414
5818
20570
5456
44656
5644
5414
6204
5418
5808
5796
5356
6008
30020
6152
5644
5480
6172
5874
5912
5434
5984
5416
5368
6152
12986
5844
5730
5490
5376
5426
5384
5532
5852
5392
5570
42930
5502
5860
5808
6404
5382
5420
5470
5336
6088
5466
5402
5422
5458
5684
5990
5508
5440
5732
5644
6162
6152
6142
5480
5902
5496
5932
5428
5624
5334
5582
6268
7148
6250
5330
5410
5466
5966
14754
5358
6602
5578
5746
5390
5374
5844
5396
5394
5508
5334
20534
6146
5350
6052
5856
7414
5698
5482
10014
15774
5790
5948
11348
5346
5424
5376
5452
5434
5394
5834
5408
5316
30078
5916
6092
5702
5288
5444
7434
6274
5998
5742
5786
5886
6068
5886
6422
5744
7052
6018
5740
5680
5832
7994
7810
7208
6290
6158
23536
6474
7394
6854
6786
7264
7408
6334
5810
5942
6082
5384
5848
5438
5586
5596
6300
6136
6226
5676
5484
5478
5508
5452
5662
5498
5426
6048
5660
5522
5450
5978
5766
5400
5428
5452
5782
5458
6242
5786
5540
6330
5430
5778
5376
5810
5968
5478
5434
5326
5442
5542
5716
5740
5680
6628
5758
6276
5568
6300
5768
5864
5194
5634
5500
5796
5972
5410
5344
5846
5406
5832
5390
5402
6302
6086
6212
5796
5676
5794
5434
5584
7106
6520
5214
5310
5488
5332
5842
21966
5568
8160
6094
5676
6094
5654
5954
5436
5792
5286
5364
5642
5248
5452
6450
34578
5610
5420
5258
5414
6024
6042
5790
5422
5440
5532
5416
5534
5486
5484
6198
5710
25910
5382
5608
5640
5840
6086
5842
5792
5516
5846
5292
6056
5504
5420
6108
5684
5398
6310
17720
6006
5928
5324
5572
5384
5988
5656
5396
5464
5674
5902
5698
6254
6242
5412
5884
5802
5504
6284
5622
5614
6172
6058
5986
5442
5640
6082
5394
5410
5970
5382
5826
6344
6054
5804
8922
5486
5680
34924
6196
5884
5554
6002
6164
5920
5434
5534
5496
5344
5362
5476
12004
5410
6062
5408
6032
5384
6074
17602
9184
5814
5684
5330
5632
6016
5480
5370
5380
5582
5372
8988
5322
6396
5846
5566
6080
6116
5338
5844
5410
5696
5388
5478
5378
6150
6028
5486
6010
30700
6044
5454
6056
5836
5440
6024
5638
6092
33330
10510
5536
5294
5306
5350
5346
25366
5638
5470
13878
5378
5320
5380
5476
6008
6358
5344
5416
5754
5782
5400
5932
5332
5920
5418
5372
5484
5526
5736
5368
5494
5550
5488
5426
5598
5388
5440
6116
5444
5912
5474
5452
5486
5376
5452
52972
5480
5734
5552
5360
5694
5354
6026
5808
5306
5410
29416
5630
5398
5626
5474
6360
5384
5884
5412
5300
9802
5754
6218
5374
5738
6068
5632
20992
6314
5792
5688
5538
6098
5660
5368
5780
5540
5374
5816
5612
5398
5900
6196
5510
5348
5780
5530
5506
5424
5808
5782
6230
5556
5244
6028
5388
5698
5412
5386
5444
6238
5446
6134
5290
5500
10630
5374
5398
5384
6256
27060
5706
5568
20944
5474
5360
5878
5900
5404
6160
5480
5758
5180
5852
5734
5502
5662
5598
5530
5722
5504
5624
7004
5452
5414
6116
5402
5358
5622
6086
5328
5380
5470
5332
5406
5418
5490
5322
5652
5470
5392
6282
5766
6104
5602
6036
5542
6026
5682
5750
5526
5600
18500
9438
5454
5424
5916
5640
6126
5384
5816
5432
6190
5460
5436
5696
5712
13852
5450
5390
6014
5450
6290
5454
5406
5348
5696
5746
5494
6326
5360
6476
5734
6224
5842
5876
6118
5956
5498
6140
5676
6168
5406
5456
5438
5400
5920
5790
5842
5520
5968
5430
5296
53538
5428
6096
5370
5374
5300
5546
6070
5828
5962
5482
5480
5424
5764
27028
5694
5764
5432
5404
5892
32160
5534
17624
5400
5728
5842
5516
5256
5786
5396
7070
5686
5478
5882
6088
5432
10044
5808
5688
6028
6778
5576
5586
5608
5406
5924
5356
6210
5394
5970
5610
5482
5714
5334
5726
5998
5518
5290
6206
5320
5374
6184
5264
5630
5438
5488
5962
5834
5710
5328
5412
6518
32686
5468
5380
14112
5564
5678
5434
6264
15500
5326
5334
5534
5378
16906
5444
5388
5646
5748
5896
5532
5444
5454
20656
6138
6010
6088
5346
10850
30614
5412
5968
5494
6008
5624
5858
5926
5672
5952
7642
5882
5456
5488
5472
5356
5394
5364
8468
6942
5416
5108
13004
6472
5392
5592
5434
5482
5392
5430
5756
5410
5520
5456
5992
5534
5460
5636
5924
6894
5638
5634
5420
5440
5376
5464
5740
5480
5668
5556
5688
6028
5942
23988
5486
5520
6644
5608
6088
5400
5358
5884
5910
5660
5668
5468
6086
5606
5442
6630
6062
5628
5396
5518
6128
17982
5360
5460
5360
5424
6082
5902
5570
5688
21192
5538
5514
5846
38950
5698
6240
9440
6032
16212
6386
5386
5538
5774
5750
5406
10416
6220
5336
5404
5410
5458
5890
5506
5270
5676
5282
5982
5354
6216
5790
5658
5310
5916
5360
5550
6526
5922
5296
5410
6092
5412
8982
5546
5456
5444
5366
5444
5964
15604
5474
5898
5370
5514
5472
5988
5340
5380
6232
5486
6474
5608
5346
5410
5506
5394
5384
6088
5336
5404
7420
6008
5450
5388
5548
6406
5322
6174
5456
5686
5306
5942
5368
5728
23208
5932
5376
9678
5928
6208
5750
6546
5984
5458
5682
5636
5418
5404
6468
5694
5650
5808
6010
5568
6168
13898
6016
6052
21074
6018
5316
5886
6330
5654
6250
5418
5860
6424
5596
5526
5592
5576
5416
5796
5940
6316
6002
5998
6716
5732
5664
6102
5700
5602
15564
5984
5468
5758
5394
5590
8446
5876
5686
5796
5762
5644
5926
5794
5408
11326
5416
5728
5714
5404
5822
5498
5376
5446
6060
6076
5342
5642
5492
34228
6006
5432
5396
5512
10844
5552
5656
5280
30678
5662
5320
5602
5520
5464
5436
5436
6088
5458
5550
5316
5422
5482
5766
5534
6108
6274
5914
43438
5698
5974
5984
6078
6120
6010
5448
5584
5664
5514
5434
5324
5924
20790
5338
5668
5854
6228
5714
5954
9304
5440
5480
5538
24018
5428
5998
5486
6116
11408
6068
5934
5574
5456
6384
5516
5920
5580
6318
5570
5406
5966
5740
5452
6052
5318
6196
5846
5274
5458
5346
5690
