Latencies
4976
4990
4992
4994
4996
5012
5018
5020
5020
5022
5022
5022
5028
5032
5032
5034
5038
5040
5042
5042
5044
5044
5044
5044
5044
5048
5050
5050
5050
5052
5052
5052
5054
5058
5058
5060
5062
5066
5068
5068
5070
5070
5072
5072
5072
5074
5074
5074
5074
5078
5080
5082
5082
5082
5082
5082
5084
5084
5086
5086
5088
5088
5088
5090
5094
5096
5096
5096
5100
5100
5102
5104
5104
5106
5106
5108
5108
5110
5110
5110
5112
5112
5114
5116
5120
5124
5126
5126
5128
5130
5130
5130
5134
5134
5134
5134
5134
5136
5136
5138
5138
5138
5140
5140
5142
5144
5144
5148
5148
5148
5148
5148
5150
5150
5150
5150
5150
5152
5156
5156
5156
5160
5160
5160
5162
5162
5162
5164
5164
5164
5164
5164
5166
5166
5168
5168
5168
5168
5168
5170
5170
5170
5170
5172
5174
5174
5174
5176
5176
5176
5176
5176
5178
5178
5180
5182
5182
5182
5182
5184
5184
5186
5186
5186
5186
5188
5188
5188
5188
5188
5188
5190
5190
5190
5190
5190
5192
5192
5192
5192
5192
5194
5194
5194
5194
5194
5194
5194
5194
5196
5196
5196
5196
5198
5198
5200
5200
5200
5200
5200
5200
5200
5200
5202
5202
5202
5202
5202
5202
5204
5204
5204
5204
5204
5204
5204
5204
5206
5206
5206
5206
5206
5206
5208
5208
5208
5210
5210
5210
5210
5210
5210
5210
5210
5212
5212
5214
5214
5214
5214
5216
5216
5218
5218
5218
5218
5218
5218
5220
5220
5220
5220
5220
5220
5222
5222
5222
5224
5224
5224
5224
5224
5226
5226
5226
5226
5228
5228
5228
5228
5228
5230
5230
5230
5232
5232
5232
5232
5232
5232
5234
5234
5234
5234
5234
5234
5236
5236
5236
5236
5236
5236
5236
5238
5238
5238
5238
5240
5240
5240
5242
5242
5242
5244
5244
5246
5246
5246
5246
5248
5248
5248
5250
5250
5250
5250
5250
5250
5252
5252
5252
5252
5252
5254
5254
5254
5256
5256
5256
5256
5256
5256
5258
5258
5258
5258
5258
5258
5258
5260
5260
5262
5262
5262
5262
5262
5264
5264
5264
5264
5264
5264
5266
5266
5266
5266
5268
5268
5270
5270
5270
5270
5270
5272
5272
5272
5272
5274
5274
5276
5276
5276
5278
5278
5280
5280
5280
5280
5280
5284
5284
5284
5286
5286
5286
5286
5288
5288
5290
5290
5290
5290
5290
5290
5292
5292
5292
5292
5292
5292
5292
5294
5294
5294
5294
5294
5296
5296
5296
5296
5296
5296
5296
5298
5298
5300
5300
5300
5300
5302
5302
5302
5304
5304
5304
5304
5306
5306
5308
5308
5308
5310
5310
5310
5310
5310
5310
5312
5312
5312
5316
5316
5316
5318
5320
5320
5320
5322
5322
5322
5322
5322
5322
5322
5324
5324
5324
5324
5324
5324
5326
5326
5326
5326
5328
5328
5328
5330
5330
5330
5332
5332
5334
5334
5334
5334
5334
5334
5334
5336
5336
5336
5336
5338
5338
5338
5340
5340
5342
5344
5350
5350
5350
5352
5352
5352
5352
5354
5354
5354
5356
5356
5358
5358
5360
5362
5362
5364
5366
5366
5368
5368
5368
5368
5368
5370
5370
5370
5372
5372
5372
5372
5374
5374
5378
5378
5378
5380
5380
5380
5382
5382
5382
5384
5388
5390
5390
5392
5394
5396
5398
5398
5400
5400
5400
5402
5402
5402
5404
5404
5406
5410
5410
5412
5414
5414
5414
5414
5416
5418
5420
5424
5426
5430
5430
5432
5432
5434
5434
5436
5438
5438
5438
5442
5442
5444
5446
5446
5448
5456
5456
5458
5460
5462
5468
5470
5470
5472
5472
5474
5478
5478
5482
5482
5484
5486
5486
5488
5492
5496
5498
5500
5500
5502
5510
5512
5512
5516
5516
5518
5518
5518
5518
5520
5520
5522
5522
5522
5526
5528
5532
5534
5536
5538
5540
5540
5540
5540
5542
5544
5550
5552
5554
5556
5558
5560
5562
5562
5564
5564
5564
5566
5566
5570
5572
5574
5574
5578
5580
5582
5586
5588
5592
5592
5592
5598
5598
5598
5598
5602
5602
5604
5606
5606
5606
5608
5610
5612
5614
5618
5622
5624
5624
5626
5626
5626
5628
5628
5628
5632
5634
5634
5634
5636
5638
5640
5640
5642
5642
5644
5644
5646
5652
5654
5656
5658
5660
5662
5662
5668
5674
5678
5680
5680
5680
5680
5684
5684
5686
5688
5688
5690
5696
5698
5700
5708
5712
5714
5714
5718
5720
5722
5724
5726
5726
5732
5734
5736
5742
5742
5744
5746
5750
5754
5754
5756
5756
5756
5758
5758
5758
5760
5760
5760
5760
5764
5764
5764
5766
5768
5770
5770
5770
5772
5774
5776
5776
5778
5782
5786
5790
5794
5812
5814
5818
5820
5820
5820
5822
5824
5824
5830
5832
5838
5844
5846
5848
5850
5852
5852
5878
5878
5904
5904
5906
5908
5908
5910
5920
5920
5920
5922
5928
5930
5934
5934
5942
5942
5950
5954
5956
5958
5960
5970
5972
5974
5992
5992
5998
6006
6012
6012
6034
6044
6052
6068
6074
6076
6078
6078
6082
6082
6088
6094
6100
6124
6168
6168
6188
6228
6234
6250
6260
6292
6308
6406
6412
6432
6500
6514
6516
6528
6538
6598
6642
6688
6694
6764
6786
6882
6938
7008
7010
7014
7058
7126
7396
7472
7604
8068
8582
9660
9788
10138
10364
10568
10778
10818
10836
10850
10894
10928
10932
10956
11046
11326
11532
11906
12186
12522
12908
12910
14218
14522
14586
14968
14998
15114
15862
16456
16960
19708
20146
20590
22400
24232
24260
24268
24476
24480
24488
24498
24504
24506
24574
24594
24648
24752
24760
24760
24764
24776
24790
24800
24994
25004
25020
25046
25058
25156
25220
25462
25872
26198
26604
27184
27206
27490
27518
29014
29332
32360
32820
33214
34484
34508
34644
34926
34966
35054
35138
35214
35216
35402
35496
35578
35598
35646
35670
35774
35856
36032
36522
38368
40594
40622
41304
41652
41836
42102
44584
82898
86460
