Latencies
4984
4986
5002
5004
5006
5014
5014
5016
5016
5018
5036
5038
5040
5040
5042
5042
5044
5046
5048
5048
5048
5050
5052
5052
5052
5054
5056
5056
5060
5060
5062
5062
5064
5066
5066
5068
5070
5070
5070
5070
5072
5072
5072
5074
5074
5076
5076
5076
5078
5078
5078
5078
5078
5078
5080
5080
5080
5084
5084
5084
5084
5086
5088
5088
5090
5092
5094
5094
5094
5094
5096
5096
5096
5098
5098
5098
5098
5100
5100
5100
5100
5100
5100
5102
5102
5102
5102
5102
5104
5106
5106
5108
5108
5108
5108
5108
5110
5110
5110
5112
5114
5116
5118
5120
5120
5120
5120
5122
5122
5122
5124
5126
5126
5126
5128
5130
5132
5132
5132
5134
5134
5136
5136
5136
5136
5136
5136
5138
5138
5140
5140
5140
5142
5142
5142
5142
5142
5144
5146
5146
5148
5148
5148
5150
5152
5152
5152
5152
5154
5154
5154
5154
5156
5156
5158
5160
5160
5160
5160
5162
5162
5162
5164
5164
5164
5164
5166
5166
5166
5166
5168
5168
5168
5168
5170
5170
5170
5174
5174
5174
5174
5176
5176
5176
5176
5176
5178
5178
5180
5180
5180
5180
5180
5182
5182
5182
5184
5186
5186
5188
5188
5188
5190
5190
5190
5190
5192
5192
5192
5192
5192
5192
5192
5192
5192
5194
5194
5194
5194
5196
5196
5198
5198
5198
5200
5202
5202
5202
5202
5202
5202
5204
5204
5204
5206
5206
5206
5208
5208
5208
5210
5210
5210
5210
5210
5210
5212
5212
5212
5212
5214
5214
5216
5220
5220
5222
5222
5222
5222
5224
5224
5226
5226
5226
5226
5226
5228
5228
5228
5228
5228
5228
5228
5228
5228
5230
5232
5232
5232
5232
5232
5234
5234
5234
5234
5234
5236
5236
5236
5236
5238
5238
5238
5240
5240
5240
5240
5242
5242
5242
5242
5242
5244
5244
5244
5244
5244
5244
5244
5244
5246
5246
5246
5246
5246
5246
5248
5248
5248
5248
5248
5248
5248
5250
5250
5252
5252
5252
5252
5252
5254
5254
5254
5254
5254
5256
5256
5256
5256
5256
5258
5258
5260
5260
5262
5264
5264
5264
5264
5266
5266
5266
5266
5266
5268
5268
5268
5268
5270
5272
5272
5272
5274
5274
5274
5274
5276
5276
5276
5278
5278
5278
5278
5278
5280
5280
5280
5280
5280
5280
5282
5284
5284
5286
5286
5286
5288
5288
5288
5288
5288
5290
5290
5290
5292
5294
5294
5294
5294
5296
5296
5296
5296
5298
5298
5298
5298
5300
5300
5300
5302
5302
5302
5302
5302
5304
5304
5304
5304
5304
5306
5306
5306
5306
5308
5308
5308
5310
5310
5310
5310
5312
5312
5314
5314
5314
5314
5314
5316
5316
5318
5320
5320
5320
5322
5322
5322
5324
5324
5324
5324
5324
5324
5326
5326
5328
5328
5330
5330
5330
5332
5332
5332
5332
5334
5334
5334
5334
5334
5334
5336
5336
5338
5340
5342
5342
5344
5346
5348
5348
5348
5348
5350
5350
5350
5350
5350
5352
5352
5352
5354
5354
5356
5356
5358
5358
5358
5358
5358
5358
5360
5360
5362
5362
5362
5364
5364
5366
5366
5368
5368
5368
5370
5370
5370
5370
5370
5372
5372
5374
5376
5376
5376
5376
5378
5378
5378
5378
5378
5378
5380
5380
5380
5380
5380
5382
5382
5382
5384
5384
5384
5386
5386
5386
5388
5388
5390
5392
5396
5396
5396
5398
5398
5400
5400
5400
5402
5402
5402
5402
5402
5404
5404
5404
5404
5404
5404
5404
5404
5404
5406
5406
5406
5406
5406
5408
5408
5408
5410
5410
5410
5410
5412
5412
5414
5414
5416
5418
5418
5418
5420
5420
5420
5420
5422
5424
5424
5426
5426
5428
5428
5428
5428
5430
5432
5432
5432
5432
5432
5434
5436
5436
5436
5436
5436
5438
5438
5438
5440
5440
5442
5442
5442
5442
5442
5444
5444
5444
5446
5446
5446
5446
5448
5448
5450
5450
5452
5454
5454
5456
5456
5458
5462
5462
5464
5464
5466
5466
5468
5468
5472
5472
5472
5474
5476
5478
5478
5478
5480
5480
5482
5484
5484
5484
5488
5488
5488
5488
5490
5490
5490
5492
5492
5500
5502
5502
5504
5504
5510
5512
5514
5514
5514
5518
5522
5524
5526
5526
5528
5530
5532
5534
5538
5540
5542
5544
5544
5544
5550
5552
5556
5556
5558
5560
5562
5564
5564
5568
5568
5574
5576
5580
5580
5584
5586
5586
5588
5588
5594
5602
5604
5604
5608
5610
5614
5616
5616
5616
5618
5620
5620
5624
5624
5624
5624
5626
5632
5634
5634
5638
5640
5642
5652
5660
5664
5670
5674
5674
5676
5678
5678
5680
5682
5684
5684
5684
5686
5686
5686
5688
5694
5694
5696
5696
5698
5698
5704
5704
5706
5708
5710
5710
5714
5718
5720
5724
5728
5728
5728
5732
5738
5738
5744
5746
5746
5748
5750
5750
5752
5758
5758
5760
5764
5768
5770
5772
5776
5782
5784
5790
5792
5792
5792
5794
5796
5796
5796
5808
5808
5812
5814
5816
5816
5820
5822
5830
5832
5842
5848
5852
5854
5866
5876
5882
5886
5890
5896
5900
5902
5908
5908
5916
5920
5920
5928
5932
5948
5980
5996
5998
6002
6036
6048
6066
6068
6068
6070
6072
6074
6078
6084
6090
6090
6096
6102
6102
6110
6118
6130
6134
6142
6150
6152
6176
6178
6194
6240
6240
6252
6376
6400
6410
6412
6436
6452
6480
6494
6508
6594
6620
6716
6822
6828
6866
6892
6908
6956
6984
7012
7064
7074
7116
7120
7152
7256
7264
7326
7336
7458
7490
7576
7578
7618
7644
7726
7774
7822
7860
7920
8816
8930
9806
10546
10892
11190
11192
11358
11810
13450
13524
14512
14616
14620
14724
14760
14852
14910
15114
15268
15316
15388
15524
15540
15784
17828
18378
19332
22230
24338
24450
24626
24672
24712
24738
24740
24764
24900
25032
25084
25376
25502
25788
26542
27256
29800
30702
33668
35050
35390
35426
35456
35568
35596
35700
35718
35858
35916
36090
36270
37002
40598
47614
52720
55716
