Latencies
5030
5070
5080
5082
5086
5094
5110
5110
5116
5116
5118
5118
5120
5130
5130
5132
5138
5138
5138
5138
5138
5138
5138
5140
5142
5146
5146
5148
5150
5150
5152
5156
5156
5156
5158
5158
5158
5158
5158
5158
5158
5160
5162
5162
5162
5162
5164
5166
5166
5170
5170
5170
5170
5170
5172
5172
5172
5172
5172
5172
5174
5174
5174
5174
5174
5176
5182
5182
5182
5184
5184
5184
5184
5184
5186
5186
5186
5186
5188
5188
5188
5188
5188
5188
5188
5188
5190
5192
5192
5192
5192
5192
5192
5192
5194
5194
5194
5194
5196
5196
5196
5196
5196
5196
5196
5198
5198
5198
5198
5198
5198
5200
5200
5200
5200
5200
5200
5200
5200
5200
5200
5202
5202
5204
5204
5204
5204
5204
5204
5204
5206
5208
5208
5208
5210
5210
5212
5214
5214
5214
5216
5216
5216
5216
5218
5218
5218
5218
5218
5218
5220
5220
5220
5220
5220
5220
5220
5222
5222
5222
5222
5222
5222
5224
5224
5224
5226
5226
5226
5226
5226
5226
5226
5228
5228
5228
5228
5230
5230
5230
5230
5230
5230
5230
5230
5232
5232
5232
5232
5232
5232
5232
5234
5234
5236
5236
5236
5238
5238
5238
5238
5238
5238
5240
5240
5240
5240
5240
5242
5242
5242
5242
5242
5242
5242
5242
5242
5242
5242
5244
5244
5244
5244
5246
5246
5246
5246
5246
5248
5248
5248
5248
5248
5250
5250
5250
5250
5250
5252
5252
5252
5254
5254
5254
5256
5258
5258
5258
5258
5258
5260
5260
5262
5262
5262
5262
5262
5264
5264
5266
5266
5266
5266
5266
5266
5266
5268
5268
5268
5268
5270
5270
5270
5270
5270
5270
5272
5272
5274
5274
5274
5274
5276
5276
5276
5276
5278
5278
5280
5280
5280
5280
5280
5282
5282
5284
5284
5286
5286
5286
5286
5286
5286
5286
5286
5288
5288
5288
5288
5288
5288
5290
5290
5290
5290
5290
5292
5292
5292
5292
5292
5294
5294
5296
5296
5296
5296
5296
5296
5296
5296
5296
5298
5298
5298
5298
5300
5300
5300
5300
5302
5302
5302
5304
5306
5308
5308
5308
5308
5308
5308
5308
5310
5310
5310
5312
5312
5312
5312
5312
5312
5312
5314
5316
5316
5316
5316
5316
5316
5318
5318
5318
5320
5320
5322
5322
5322
5322
5324
5324
5324
5324
5326
5326
5326
5326
5328
5328
5330
5330
5330
5330
5334
5334
5334
5336
5336
5336
5336
5336
5338
5340
5340
5342
5342
5344
5344
5344
5344
5344
5346
5346
5346
5348
5348
5348
5350
5350
5350
5350
5352
5352
5354
5354
5354
5356
5356
5356
5356
5358
5358
5360
5362
5364
5366
5366
5366
5368
5368
5368
5368
5370
5370
5374
5374
5374
5374
5374
5376
5376
5380
5382
5382
5382
5382
5384
5384
5386
5388
5388
5390
5390
5390
5390
5392
5392
5392
5394
5394
5394
5396
5398
5398
5398
5400
5402
5402
5404
5404
5406
5406
5408
5410
5412
5412
5412
5414
5414
5416
5416
5416
5416
5418
5418
5418
5418
5422
5422
5422
5422
5422
5422
5424
5424
5426
5426
5426
5426
5428
5430
5432
5432
5432
5432
5434
5434
5436
5436
5436
5436
5436
5436
5440
5442
5442
5442
5442
5444
5444
5448
5448
5452
5458
5460
5460
5460
5462
5462
5462
5462
5464
5464
5468
5470
5472
5472
5474
5474
5476
5476
5478
5478
5478
5480
5480
5480
5484
5484
5484
5486
5486
5486
5486
5490
5490
5490
5494
5498
5498
5500
5500
5500
5500
5502
5502
5504
5504
5506
5506
5508
5510
5512
5514
5514
5514
5516
5516
5516
5516
5516
5518
5518
5518
5520
5520
5520
5520
5524
5524
5526
5534
5536
5536
5538
5538
5538
5540
5540
5540
5540
5540
5540
5542
5546
5548
5550
5552
5554
5554
5556
5558
5558
5558
5558
5560
5562
5562
5564
5568
5570
5570
5572
5572
5574
5576
5576
5576
5576
5578
5580
5582
5582
5584
5586
5588
5588
5590
5592
5594
5594
5594
5594
5596
5600
5602
5604
5604
5606
5610
5612
5614
5614
5616
5618
5622
5622
5622
5622
5622
5624
5624
5626
5626
5626
5628
5628
5632
5634
5634
5638
5638
5642
5642
5642
5644
5646
5646
5650
5654
5658
5660
5660
5660
5664
5666
5666
5666
5668
5670
5670
5672
5682
5688
5690
5690
5692
5692
5696
5700
5700
5702
5704
5708
5710
5710
5712
5714
5716
5718
5718
5718
5718
5722
5722
5722
5726
5728
5730
5742
5744
5744
5744
5744
5746
5748
5748
5748
5750
5752
5752
5754
5754
5756
5756
5756
5762
5762
5764
5764
5766
5768
5770
5774
5782
5782
5782
5784
5784
5784
5786
5786
5788
5790
5792
5794
5794
5794
5794
5800
5802
5802
5802
5804
5804
5808
5810
5810
5814
5824
5826
5828
5830
5836
5838
5838
5840
5842
5842
5848
5852
5856
5858
5864
5866
5868
5870
5872
5874
5874
5876
5878
5884
5888
5892
5892
5896
5904
5906
5908
5908
5912
5916
5924
5928
5930
5932
5936
5936
5942
5946
5948
5952
5954
5956
5958
5970
5976
5982
5984
5984
5988
5994
6000
6002
6024
6026
6026
6032
6032
6040
6040
6040
6054
6056
6056
6064
6066
6068
6068
6070
6078
6080
6090
6096
6096
6146
6152
6168
6170
6172
6176
6190
6208
6218
6312
6404
6516
6516
6524
6534
6570
6590
6592
6626
6636
6652
6748
6750
6800
6820
6868
6894
6896
6900
6930
6958
6982
7108
7192
7196
7236
7252
7262
7302
7368
7374
7518
7634
7874
7890
7990
8196
8406
8542
8718
8834
9430
10142
10438
10714
10966
11180
11256
11304
11438
11462
11860
11984
12048
12462
13716
14656
14728
14776
14778
15914
18754
21366
22626
24586
25274
25386
25892
27514
29468
29738
30024
34306
35616
36140
72706
