Latencies
5092
5106
5122
5142
5146
5148
5148
5148
5170
5172
5176
5178
5180
5182
5182
5186
5192
5192
5196
5196
5198
5200
5202
5202
5202
5208
5210
5210
5212
5214
5214
5216
5216
5218
5220
5220
5220
5220
5220
5220
5222
5224
5224
5224
5226
5226
5228
5228
5228
5228
5230
5234
5236
5236
5238
5238
5238
5240
5240
5240
5240
5244
5246
5248
5248
5248
5248
5250
5254
5254
5254
5254
5254
5254
5254
5258
5258
5258
5260
5260
5262
5262
5262
5264
5264
5264
5264
5266
5266
5268
5270
5270
5270
5272
5272
5272
5272
5274
5274
5274
5274
5276
5276
5276
5276
5276
5278
5278
5278
5280
5280
5280
5282
5282
5282
5282
5284
5288
5288
5288
5290
5290
5290
5290
5292
5292
5292
5292
5294
5294
5294
5296
5296
5298
5300
5300
5300
5300
5300
5300
5302
5304
5306
5306
5306
5306
5306
5306
5308
5308
5308
5308
5308
5310
5310
5310
5310
5312
5312
5312
5314
5316
5316
5320
5320
5324
5326
5326
5328
5328
5328
5330
5330
5332
5332
5332
5334
5334
5334
5334
5336
5336
5336
5338
5338
5338
5338
5340
5340
5340
5342
5342
5342
5342
5344
5344
5344
5344
5346
5346
5348
5350
5354
5354
5354
5354
5356
5356
5356
5356
5356
5358
5358
5358
5358
5360
5362
5362
5362
5362
5362
5364
5364
5364
5366
5368
5368
5368
5368
5368
5370
5370
5372
5372
5372
5374
5376
5378
5378
5378
5378
5378
5378
5378
5380
5380
5380
5380
5380
5380
5380
5382
5382
5382
5384
5384
5384
5386
5386
5388
5388
5388
5388
5390
5390
5390
5390
5390
5392
5392
5392
5396
5396
5398
5398
5400
5400
5400
5400
5400
5400
5402
5402
5402
5402
5402
5404
5406
5406
5406
5406
5410
5410
5410
5410
5410
5412
5412
5412
5412
5412
5412
5414
5414
5414
5414
5414
5414
5414
5414
5416
5416
5416
5416
5416
5418
5418
5418
5418
5418
5418
5420
5420
5420
5422
5422
5422
5422
5422
5422
5424
5424
5424
5426
5426
5426
5426
5428
5428
5428
5428
5428
5428
5428
5428
5430
5430
5430
5430
5430
5430
5430
5432
5432
5432
5432
5434
5434
5434
5434
5434
5434
5436
5436
5436
5436
5438
5438
5438
5440
5440
5440
5440
5442
5442
5442
5444
5444
5446
5446
5448
5448
5448
5450
5450
5450
5450
5452
5454
5454
5456
5456
5456
5456
5458
5460
5460
5460
5462
5462
5462
5464
5464
5464
5466
5466
5466
5468
5468
5468
5468
5470
5470
5470
5470
5470
5470
5470
5470
5470
5470
5472
5472
5472
5474
5474
5474
5476
5476
5476
5476
5478
5478
5478
5478
5478
5480
5480
5482
5482
5484
5484
5484
5484
5484
5486
5486
5486
5488
5488
5488
5488
5490
5492
5492
5494
5494
5494
5498
5500
5500
5500
5500
5500
5502
5504
5506
5508
5508
5512
5514
5516
5518
5518
5520
5522
5522
5524
5526
5528
5532
5536
5536
5536
5536
5538
5538
5540
5542
5542
5542
5542
5542
5542
5546
5546
5546
5550
5550
5556
5556
5556
5558
5560
5560
5562
5568
5568
5570
5576
5578
5578
5578
5578
5580
5580
5580
5580
5582
5584
5584
5590
5592
5594
5596
5596
5596
5598
5598
5600
5606
5608
5620
5620
5624
5626
5626
5628
5630
5632
5634
5640
5640
5642
5642
5644
5644
5646
5650
5652
5656
5658
5658
5658
5658
5662
5664
5668
5668
5670
5670
5672
5672
5674
5674
5676
5676
5682
5686
5690
5690
5692
5692
5692
5694
5694
5698
5700
5700
5700
5700
5702
5704
5704
5710
5714
5718
5722
5722
5724
5726
5726
5730
5730
5732
5736
5736
5738
5742
5746
5750
5750
5752
5752
5754
5760
5766
5766
5766
5766
5768
5770
5772
5772
5774
5774
5776
5776
5776
5778
5778
5780
5786
5786
5786
5788
5788
5788
5792
5792
5796
5800
5802
5806
5806
5806
5808
5812
5814
5814
5816
5816
5816
5816
5816
5818
5820
5820
5822
5824
5828
5830
5830
5840
5842
5842
5844
5846
5846
5848
5852
5852
5854
5854
5854
5858
5862
5864
5864
5864
5866
5866
5868
5872
5872
5876
5876
5878
5878
5880
5880
5880
5880
5884
5890
5892
5894
5898
5898
5898
5900
5900
5904
5906
5906
5908
5910
5910
5912
5912
5912
5912
5916
5918
5920
5920
5920
5920
5922
5924
5924
5926
5926
5928
5930
5930
5932
5932
5934
5938
5942
5944
5944
5944
5952
5952
5954
5954
5956
5958
5958
5958
5962
5966
5968
5968
5970
5970
5972
5974
5974
5976
5978
5982
5984
5984
5984
5984
5988
5992
6000
6000
6004
6008
6014
6016
6018
6018
6018
6020
6022
6024
6028
6028
6032
6034
6034
6036
6038
6038
6040
6044
6048
6050
6052
6054
6054
6056
6070
6072
6074
6074
6082
6084
6088
6088
6096
6100
6102
6102
6104
6104
6106
6112
6116
6116
6120
6122
6122
6128
6142
6146
6154
6164
6172
6172
6172
6176
6184
6186
6190
6192
6230
6252
6270
6274
6278
6286
6286
6300
6316
6316
6338
6346
6350
6356
6364
6384
6390
6450
6458
6476
6502
6552
6554
6556
6560
6572
6584
6662
6718
6728
6792
6882
6904
6910
6916
6960
6972
6974
6978
7014
7040
7046
7066
7066
7090
7096
7102
7144
7148
7162
7172
7184
7214
7348
7350
7360
7440
7442
7482
7572
7584
7608
7714
7734
7932
8414
8542
8572
8744
9050
9074
9116
9226
9228
9312
9396
9560
9884
9976
10156
10736
10794
10930
11122
11160
11316
11372
11554
11622
12000
12536
12652
12772
12862
12886
13338
13426
13854
13990
14438
14496
14538
14582
14718
14722
14742
14764
14798
14800
14870
14880
14880
14910
14916
14954
14966
14968
14982
15004
15032
15074
15094
15112
15120
15122
15138
15156
15162
15176
15188
15212
15244
15248
15268
15344
15400
15402
15402
15486
15494
15540
15618
15766
15800
15808
15824
15906
16026
18614
18654
19932
20366
20874
24562
25062
25320
28652
29112
33706
34210
34210
34338
34540
34544
34604
34630
34634
34640
34640
34658
34660
34668
34746
34824
34850
34996
35252
35316
35382
35614
36320
36638
