Latencies
5000
5012
5018
5030
5034
5034
5036
5036
5040
5042
5042
5046
5048
5050
5050
5050
5052
5056
5058
5060
5062
5064
5068
5068
5072
5072
5072
5072
5074
5074
5076
5076
5076
5076
5076
5078
5078
5080
5080
5080
5080
5080
5082
5084
5086
5086
5088
5090
5094
5094
5096
5096
5096
5098
5098
5098
5098
5100
5102
5102
5102
5102
5104
5106
5108
5108
5108
5108
5112
5114
5114
5114
5116
5118
5120
5122
5122
5122
5122
5124
5124
5126
5126
5128
5130
5132
5132
5132
5132
5134
5134
5134
5136
5136
5136
5136
5136
5136
5138
5138
5138
5138
5138
5138
5140
5140
5140
5140
5140
5140
5142
5142
5142
5142
5142
5144
5144
5144
5144
5144
5144
5144
5146
5146
5146
5146
5146
5148
5150
5152
5152
5152
5152
5154
5154
5154
5154
5156
5158
5158
5158
5160
5160
5160
5162
5162
5164
5164
5164
5164
5164
5166
5166
5166
5166
5166
5168
5170
5170
5172
5172
5172
5172
5172
5174
5174
5174
5174
5176
5178
5178
5178
5180
5180
5180
5180
5182
5182
5184
5184
5184
5184
5184
5186
5186
5186
5186
5186
5186
5186
5186
5186
5188
5188
5188
5190
5190
5190
5190
5190
5192
5192
5192
5192
5192
5192
5192
5192
5192
5194
5194
5194
5194
5194
5196
5196
5196
5196
5198
5198
5198
5198
5200
5200
5200
5200
5200
5200
5202
5202
5204
5204
5204
5204
5204
5206
5206
5206
5206
5208
5208
5208
5208
5210
5210
5210
5212
5212
5212
5212
5212
5214
5214
5214
5214
5214
5216
5218
5218
5218
5220
5220
5222
5222
5222
5222
5222
5222
5222
5224
5224
5224
5224
5224
5224
5226
5226
5226
5226
5226
5228
5228
5228
5228
5230
5230
5230
5230
5230
5230
5232
5232
5232
5232
5232
5232
5234
5234
5234
5234
5236
5238
5238
5238
5238
5240
5240
5240
5242
5242
5244
5244
5244
5244
5244
5246
5246
5246
5248
5248
5248
5248
5250
5250
5250
5252
5252
5252
5252
5252
5252
5254
5254
5256
5256
5256
5256
5256
5258
5258
5258
5258
5260
5260
5260
5260
5262
5262
5262
5266
5266
5268
5268
5268
5268
5270
5270
5270
5270
5270
5270
5270
5272
5272
5272
5272
5272
5272
5272
5274
5276
5276
5276
5278
5278
5280
5280
5282
5282
5282
5284
5284
5284
5284
5284
5284
5286
5286
5286
5286
5286
5290
5292
5292
5292
5294
5294
5296
5296
5298
5300
5300
5300
5302
5302
5302
5306
5306
5306
5306
5306
5310
5310
5310
5310
5312
5312
5312
5314
5316
5316
5316
5316
5318
5318
5318
5320
5320
5322
5322
5322
5322
5322
5324
5324
5326
5328
5330
5330
5332
5332
5334
5334
5336
5336
5336
5338
5338
5338
5338
5342
5344
5344
5344
5346
5346
5346
5348
5352
5352
5352
5356
5356
5356
5358
5360
5360
5364
5368
5368
5368
5370
5370
5370
5372
5372
5376
5378
5378
5378
5380
5380
5382
5382
5386
5388
5388
5390
5390
5390
5390
5394
5394
5394
5394
5394
5396
5396
5396
5396
5400
5400
5400
5402
5404
5408
5410
5410
5410
5412
5412
5414
5416
5416
5416
5416
5416
5418
5420
5422
5422
5424
5424
5424
5424
5426
5426
5428
5428
5428
5428
5432
5432
5434
5434
5436
5436
5438
5440
5442
5444
5446
5448
5448
5450
5450
5454
5456
5456
5456
5456
5458
5458
5458
5460
5460
5460
5464
5464
5464
5464
5466
5466
5466
5468
5472
5472
5474
5476
5476
5476
5476
5478
5480
5480
5482
5482
5484
5484
5486
5492
5492
5494
5494
5494
5496
5496
5498
5500
5500
5500
5502
5502
5504
5506
5510
5512
5512
5512
5512
5516
5518
5518
5520
5522
5526
5528
5532
5534
5534
5536
5536
5538
5538
5540
5540
5542
5544
5544
5546
5548
5552
5552
5552
5552
5556
5560
5562
5562
5562
5566
5566
5568
5568
5570
5572
5574
5576
5576
5578
5578
5578
5578
5582
5582
5584
5584
5586
5586
5588
5588
5590
5590
5592
5592
5592
5594
5596
5606
5606
5606
5608
5608
5610
5612
5612
5614
5616
5618
5622
5622
5624
5626
5626
5628
5628
5630
5634
5634
5638
5644
5644
5644
5644
5646
5648
5650
5650
5656
5658
5664
5664
5666
5668
5672
5672
5672
5674
5674
5678
5680
5684
5686
5688
5688
5690
5692
5694
5696
5696
5698
5706
5710
5710
5710
5710
5712
5712
5716
5718
5720
5722
5724
5726
5726
5726
5728
5732
5734
5736
5740
5742
5746
5746
5748
5750
5750
5750
5752
5754
5756
5758
5764
5764
5770
5772
5772
5774
5780
5786
5788
5792
5792
5794
5794
5794
5794
5796
5804
5804
5808
5810
5818
5822
5826
5828
5828
5828
5832
5834
5844
5844
5846
5850
5852
5854
5860
5860
5868
5870
5870
5872
5876
5876
5878
5882
5888
5892
5892
5898
5902
5902
5904
5912
5914
5918
5922
5926
5928
5934
5936
5940
5942
5942
5942
5944
5950
5954
5960
5964
5970
5972
5976
5984
5984
5986
5992
5994
6000
6004
6016
6016
6018
6020
6034
6036
6036
6036
6046
6062
6068
6068
6086
6086
6102
6110
6134
6142
6144
6146
6180
6200
6206
6222
6238
6244
6266
6278
6290
6290
6296
6324
6354
6360
6372
6398
6406
6410
6452
6466
6508
6518
6564
6592
6606
6614
6626
6688
6714
6714
6718
6736
6772
6792
6902
6962
6970
7024
7036
7052
7056
7060
7064
7076
7114
7168
7334
7384
7456
7516
7534
7688
8012
8790
9878
10308
10490
10674
10686
10786
10790
10794
10804
10904
10946
11124
11318
11440
11848
12014
12204
12242
12266
13190
14234
14380
14506
14654
14692
14702
14792
14874
14958
15010
15174
15190
15196
15234
15342
16242
17026
19908
21202
21614
21912
22102
23158
23790
24484
24506
24620
24712
24950
24964
25062
25170
25292
25308
25328
25330
26970
28528
29292
29506
29922
32176
32444
32700
34520
34586
35090
35126
35294
35322
35426
35450
35478
35658
36140
40468
43778
45122
49718
