Latencies
5272
5302
5308
5344
5346
5378
5380
5384
5384
5386
5388
5410
5440
5468
5484
5496
5510
5526
5554
5584
5588
5592
5606
5644
5652
5682
5694
5696
5710
5730
5764
5780
5862
5894
5946
5952
5954
6018
6066
6114
6174
6240
6260
6264
6276
6340
6348
6528
6536
6662
6846
7034
7102
7290
7428
7444
7448
7538
7806
7928
8880
8880
9052
9840
10432
10532
10866
10966
11066
11094
11214
11270
11548
12570
12650
12664
12664
12888
12894
13100
13176
13284
13318
13798
13988
14080
14198
14200
14328
14386
14436
14442
14490
14492
14510
14516
14516
14518
14536
14536
14536
14542
14564
14566
14610
14626
14628
14654
14654
14656
14664
14668
14680
14682
14684
14684
14690
14694
14696
14696
14698
14700
14722
14722
14728
14732
14736
14740
14746
14750
14750
14754
14758
14760
14760
14762
14762
14770
14776
14776
14778
14782
14788
14792
14796
14798
14802
14806
14814
14818
14818
14820
14822
14828
14836
14840
14844
14848
14848
14860
14862
14866
14868
14868
14870
14870
14876
14876
14878
14884
14894
14894
14896
14904
14906
14914
14916
14916
14918
14918
14920
14922
14926
14930
14938
14942
14942
14942
14950
14950
14952
14952
14954
14956
14958
14962
14966
14968
14968
14970
14970
14970
14972
14976
14978
14980
14982
14994
14996
15006
15010
15014
15014
15016
15016
15020
15020
15024
15024
15038
15046
15048
15058
15058
15058
15060
15060
15072
15072
15074
15074
15076
15078
15078
15082
15082
15086
15088
15088
15090
15092
15092
15092
15094
15094
15096
15096
15108
15112
15114
15114
15120
15122
15124
15124
15126
15126
15128
15132
15134
15134
15142
15144
15148
15158
15158
15158
15160
15164
15168
15172
15174
15174
15178
15178
15180
15180
15180
15180
15182
15182
15182
15184
15186
15186
15190
15200
15202
15208
15210
15212
15212
15214
15218
15220
15222
15222
15226
15226
15228
15230
15230
15232
15232
15236
15238
15244
15248
15250
15256
15258
15258
15262
15270
15280
15282
15282
15286
15288
15288
15288
15292
15294
15296
15302
15302
15310
15312
15320
15324
15326
15328
15328
15330
15332
15332
15334
15338
15338
15340
15346
15348
15350
15356
15358
15360
15362
15362
15364
15368
15370
15376
15376
15386
15392
15398
15398
15402
15406
15406
15408
15410
15412
15430
15434
15438
15442
15446
15450
15452
15452
15452
15454
15454
15456
15458
15460
15460
15462
15466
15468
15470
15474
15476
15478
15480
15482
15484
15514
15520
15528
15528
15538
15538
15548
15560
15564
15566
15606
15612
15618
15634
15638
15670
15682
15686
15696
15706
15714
15738
15784
15788
15808
15898
15922
15922
15950
16010
16192
16276
16282
16284
16318
16362
16424
16444
16462
16472
16524
16836
16860
16886
16918
16954
17034
17216
18724
19664
19776
20364
20574
20980
21454
21660
21964
23450
23480
23592
23658
23662
23782
23910
23990
24016
24250
24316
24396
24422
24444
24538
24548
24556
24570
24580
24628
24630
24632
24640
24694
24726
24758
24768
24776
24780
24782
24784
24802
24814
24834
24834
24870
24890
24900
24908
24908
24946
24956
24984
24996
25016
25054
25068
25078
25100
25106
25150
25160
25214
25228
25252
25282
25342
25372
25400
25432
25452
25466
25466
25546
25622
25678
25684
25818
26024
26354
26658
27560
27812
27898
27968
28302
29032
29042
29588
30048
30244
30440
31280
31800
31946
32674
33060
33418
33494
33508
33528
33544
33700
33714
33774
33796
33812
33820
33850
33864
33866
33886
33908
33910
33928
33952
33972
33980
33986
34012
34014
34034
34054
34060
34078
34078
34092
34094
34098
34102
34106
34106
34128
34130
34134
34140
34164
34170
34186
34216
34228
34232
34242
34254
34256
34258
34266
34272
34274
34288
34290
34298
34302
34306
34308
34312
34312
34334
34342
34344
34346
34372
34378
34384
34384
34388
34390
34392
34394
34398
34402
34414
34418
34424
34434
34440
34444
34448
34450
34450
34452
34454
34458
34470
34470
34474
34476
34476
34476
34486
34498
34504
34508
34512
34512
34516
34518
34522
34528
34532
34532
34534
34540
34544
34544
34546
34550
34550
34552
34554
34554
34554
34556
34558
34576
34580
34590
34592
34596
34600
34600
34602
34602
34608
34608
34612
34616
34616
34616
34618
34622
34624
34630
34632
34632
34638
34638
34640
34642
34646
34648
34648
34648
34656
34660
34660
34662
34666
34672
34674
34676
34678
34696
34702
34704
34708
34708
34714
34724
34726
34726
34728
34730
34732
34732
34732
34736
34736
34738
34738
34740
34742
34746
34748
34750
34750
34752
34756
34760
34768
34770
34774
34774
34780
34780
34782
34782
34788
34792
34794
34798
34802
34802
34804
34814
34828
34828
34828
34832
34834
34840
34844
34854
34858
34860
34862
34868
34868
34870
34874
34874
34882
34884
34886
34890
34896
34902
34906
34910
34916
34922
34926
34938
34940
34950
34954
34956
34956
34956
34960
34964
34964
34966
34984
34988
34990
35000
35004
35008
35012
35020
35022
35032
35048
35068
35076
35078
35080
35084
35086
35114
35134
35134
35136
35138
35146
35150
35178
35184
35198
35200
35204
35236
35236
35236
35256
35258
35266
35266
35280
35294
35342
35344
35350
35352
35360
35376
35460
35494
35546
35560
35650
35706
35736
35736
36094
36242
36514
39470
40080
40210
40328
40478
40884
40938
41782
43052
43222
43304
43622
43818
44062
44508
44872
45198
45430
45444
46190
46362
48492
49682
50384
50474
53476
53612
53614
53668
53708
53718
53760
53772
53826
53834
53834
53858
53868
53896
53904
53908
53932
53944
53952
53956
53966
53968
53974
54022
54050
54050
54062
54080
54090
54106
54122
54140
54140
54220
54228
54244
54306
54372
54372
54390
54410
54456
54490
54500
54508
54588
54638
54690
54710
54724
54924
54980
55202
59178
59254
59454
62242
64036
69058
89264
107934
111200
116792
128726
136196
167672
167910
216480
310208
423730
446388
872068
