Latencies
5134
5150
5150
5156
5160
5164
5174
5176
5176
5188
5190
5192
5192
5200
5200
5200
5200
5200
5202
5204
5206
5208
5208
5212
5214
5218
5218
5218
5220
5220
5222
5224
5226
5226
5232
5234
5238
5240
5240
5240
5246
5248
5250
5250
5252
5256
5256
5262
5262
5264
5264
5266
5266
5266
5268
5268
5268
5268
5270
5270
5272
5274
5274
5274
5276
5280
5280
5280
5286
5286
5288
5288
5290
5290
5290
5292
5296
5298
5298
5300
5300
5300
5300
5302
5304
5304
5304
5306
5306
5308
5308
5308
5310
5314
5314
5314
5314
5314
5316
5318
5318
5320
5322
5322
5322
5324
5324
5326
5326
5326
5326
5328
5328
5330
5330
5332
5334
5336
5336
5336
5338
5338
5338
5340
5340
5340
5340
5340
5340
5342
5342
5342
5342
5344
5344
5344
5346
5346
5346
5346
5346
5348
5348
5348
5350
5350
5350
5352
5352
5352
5354
5354
5354
5354
5356
5356
5356
5358
5358
5358
5358
5358
5360
5360
5362
5362
5362
5362
5362
5362
5362
5362
5362
5364
5364
5364
5364
5366
5366
5366
5366
5366
5366
5366
5368
5368
5368
5368
5368
5368
5368
5370
5370
5370
5370
5372
5372
5372
5372
5376
5376
5376
5376
5376
5378
5378
5380
5380
5380
5380
5382
5382
5382
5382
5382
5384
5384
5384
5384
5384
5384
5384
5386
5386
5386
5388
5388
5388
5388
5388
5390
5390
5390
5392
5392
5392
5394
5394
5394
5396
5396
5396
5396
5398
5398
5398
5398
5398
5400
5400
5400
5400
5402
5402
5402
5402
5404
5404
5404
5406
5408
5408
5408
5408
5410
5410
5412
5412
5412
5412
5412
5414
5414
5414
5414
5414
5414
5414
5416
5416
5416
5418
5418
5420
5420
5422
5422
5422
5424
5424
5424
5424
5424
5424
5426
5426
5426
5426
5428
5428
5428
5428
5428
5428
5430
5430
5430
5430
5430
5430
5432
5432
5432
5432
5434
5434
5436
5436
5436
5436
5436
5436
5438
5438
5440
5440
5440
5442
5444
5444
5444
5446
5446
5446
5448
5448
5448
5448
5450
5450
5450
5452
5452
5454
5454
5456
5456
5456
5458
5458
5458
5460
5460
5460
5462
5464
5464
5466
5468
5470
5470
5470
5474
5474
5474
5474
5474
5476
5476
5478
5480
5480
5480
5480
5480
5482
5482
5482
5484
5484
5484
5484
5484
5484
5486
5486
5486
5488
5490
5490
5490
5492
5498
5498
5498
5500
5500
5500
5502
5502
5504
5504
5506
5506
5506
5508
5510
5512
5512
5512
5512
5514
5514
5518
5520
5524
5524
5524
5524
5524
5524
5526
5528
5530
5532
5532
5534
5534
5534
5538
5540
5540
5540
5542
5544
5544
5544
5546
5546
5548
5550
5550
5552
5552
5552
5554
5554
5556
5556
5556
5556
5558
5560
5564
5566
5566
5566
5570
5572
5572
5574
5574
5576
5576
5576
5582
5584
5586
5586
5590
5590
5590
5592
5594
5594
5594
5594
5596
5604
5606
5606
5608
5608
5610
5614
5614
5614
5614
5616
5616
5618
5620
5622
5630
5630
5630
5632
5634
5636
5636
5636
5638
5640
5642
5644
5648
5650
5650
5650
5650
5652
5654
5656
5656
5658
5658
5658
5658
5658
5660
5662
5662
5666
5666
5668
5668
5668
5670
5672
5674
5676
5680
5680
5682
5682
5684
5686
5688
5688
5690
5700
5702
5702
5702
5706
5706
5708
5710
5712
5712
5714
5716
5718
5722
5722
5724
5726
5726
5730
5730
5732
5734
5734
5736
5746
5746
5746
5748
5748
5750
5756
5756
5758
5760
5760
5762
5762
5762
5762
5766
5770
5772
5772
5778
5780
5782
5784
5786
5788
5788
5790
5790
5790
5792
5792
5794
5794
5796
5796
5800
5800
5800
5802
5804
5806
5808
5810
5810
5812
5812
5814
5814
5814
5818
5824
5824
5826
5828
5832
5832
5834
5834
5834
5834
5836
5836
5836
5836
5838
5838
5840
5842
5846
5848
5848
5850
5868
5872
5872
5878
5880
5884
5884
5886
5888
5888
5892
5894
5896
5898
5900
5900
5902
5902
5904
5906
5912
5914
5916
5918
5920
5924
5930
5934
5936
5936
5940
5942
5942
5942
5944
5944
5946
5946
5950
5956
5958
5958
5958
5966
5966
5968
5968
5972
5976
5976
5980
5982
5984
5992
5992
5994
5998
6002
6004
6004
6006
6014
6014
6014
6018
6018
6022
6022
6024
6026
6030
6030
6034
6038
6040
6048
6050
6056
6064
6066
6068
6068
6070
6076
6080
6084
6086
6086
6088
6088
6088
6090
6090
6092
6094
6096
6102
6102
6102
6104
6108
6110
6114
6114
6120
6124
6124
6136
6140
6150
6154
6154
6154
6156
6162
6164
6168
6168
6168
6174
6174
6180
6188
6188
6190
6192
6192
6194
6198
6198
6208
6210
6210
6212
6214
6224
6226
6226
6228
6228
6244
6254
6258
6262
6268
6268
6270
6272
6282
6282
6284
6294
6296
6298
6298
6308
6310
6320
6326
6326
6332
6334
6340
6350
6352
6358
6392
6394
6410
6412
6454
6468
6476
6478
6482
6496
6496
6498
6532
6544
6544
6546
6552
6560
6588
6602
6614
6632
6660
6682
6692
6700
6728
6734
6738
6784
6862
6868
6900
6902
6922
6930
6960
6964
7124
7198
7208
7232
7334
7346
7402
7416
7486
7498
7504
7556
7572
7720
7742
7906
8306
8426
8708
8738
8914
8936
8936
8940
8976
9234
9442
9584
9608
9636
9654
9884
10314
10518
10630
10654
10854
10864
10882
11104
11266
11500
11588
11972
12148
12320
12368
12688
13206
13338
13400
13440
13456
14468
14824
15042
15270
15782
16098
16288
16482
17564
18046
18106
18150
18248
18852
18880
19234
19680
20254
20724
20998
21658
22260
22572
22984
23806
23904
24372
24618
24954
24962
25022
25106
25532
26096
26100
26370
26650
28010
28504
28552
28744
29358
29794
30170
30300
30338
30788
31346
31982
32292
32358
32808
32850
33672
34236
34400
35038
35080
35098
35456
35720
35758
35784
35822
36124
36560
37414
40738
43840
51552
57600
