Latencies
4980
4980
4984
4994
4994
4998
5000
5004
5004
5014
5016
5020
5020
5020
5022
5026
5026
5026
5028
5028
5030
5030
5032
5034
5036
5036
5036
5038
5038
5038
5040
5040
5040
5042
5042
5044
5044
5044
5044
5044
5046
5046
5046
5048
5048
5050
5054
5056
5056
5058
5058
5060
5060
5062
5062
5066
5066
5068
5070
5072
5074
5076
5080
5080
5082
5084
5084
5084
5084
5086
5086
5086
5090
5090
5090
5090
5092
5092
5092
5094
5094
5096
5096
5096
5098
5100
5100
5104
5108
5108
5110
5110
5110
5112
5112
5112
5114
5114
5114
5116
5116
5118
5118
5120
5120
5120
5122
5122
5122
5122
5124
5124
5126
5128
5130
5130
5132
5132
5132
5134
5134
5136
5136
5136
5138
5138
5138
5140
5142
5142
5142
5142
5144
5146
5146
5146
5148
5150
5150
5150
5150
5150
5152
5152
5152
5154
5154
5154
5154
5154
5156
5156
5156
5156
5156
5158
5158
5160
5160
5162
5162
5164
5164
5164
5164
5164
5164
5166
5168
5168
5168
5168
5168
5170
5170
5170
5170
5172
5172
5174
5174
5174
5176
5176
5176
5176
5176
5176
5178
5178
5178
5178
5178
5180
5180
5180
5182
5182
5182
5184
5184
5184
5184
5186
5188
5190
5190
5190
5190
5190
5192
5192
5192
5194
5194
5194
5194
5194
5194
5196
5196
5198
5198
5198
5198
5200
5200
5200
5200
5200
5200
5200
5202
5202
5202
5204
5204
5204
5206
5206
5206
5208
5208
5208
5208
5208
5208
5208
5208
5208
5210
5210
5210
5210
5212
5212
5212
5212
5212
5214
5214
5214
5214
5214
5214
5214
5214
5216
5216
5216
5216
5216
5218
5218
5218
5218
5218
5218
5218
5220
5220
5220
5222
5222
5222
5222
5222
5224
5224
5224
5224
5224
5224
5224
5224
5224
5226
5226
5226
5226
5226
5228
5228
5228
5228
5228
5228
5230
5230
5230
5230
5230
5230
5230
5232
5232
5232
5232
5232
5234
5234
5236
5236
5236
5236
5236
5238
5238
5238
5238
5240
5242
5242
5242
5244
5244
5246
5246
5246
5246
5246
5248
5250
5250
5250
5252
5252
5254
5254
5256
5256
5256
5258
5260
5260
5260
5260
5262
5262
5264
5264
5264
5264
5264
5266
5266
5266
5266
5266
5268
5268
5270
5270
5270
5272
5272
5274
5274
5274
5274
5274
5276
5278
5278
5278
5278
5278
5280
5280
5282
5284
5284
5284
5286
5288
5288
5290
5290
5290
5290
5290
5292
5292
5294
5294
5294
5294
5296
5296
5296
5296
5300
5300
5300
5300
5300
5302
5302
5304
5304
5306
5306
5306
5308
5308
5308
5308
5308
5312
5312
5312
5314
5314
5314
5314
5316
5316
5316
5318
5318
5320
5320
5322
5322
5322
5324
5326
5328
5330
5334
5334
5334
5336
5336
5336
5336
5336
5336
5338
5338
5338
5340
5340
5340
5342
5342
5344
5344
5346
5346
5348
5352
5352
5354
5354
5354
5354
5354
5358
5358
5360
5360
5360
5362
5366
5366
5366
5366
5370
5370
5370
5374
5374
5374
5374
5376
5376
5378
5378
5378
5380
5380
5382
5384
5384
5384
5384
5384
5386
5386
5388
5390
5392
5396
5396
5400
5400
5400
5400
5400
5402
5402
5402
5404
5408
5410
5412
5416
5416
5418
5418
5420
5422
5424
5424
5424
5424
5426
5428
5428
5428
5430
5430
5432
5432
5432
5432
5434
5434
5434
5436
5438
5438
5440
5444
5446
5452
5454
5460
5462
5464
5468
5468
5470
5470
5472
5472
5472
5474
5476
5478
5478
5478
5480
5480
5482
5482
5484
5486
5488
5488
5490
5494
5494
5496
5500
5502
5504
5504
5506
5506
5508
5510
5510
5514
5514
5516
5516
5516
5518
5518
5522
5522
5524
5524
5524
5524
5524
5524
5524
5526
5528
5528
5530
5532
5532
5532
5534
5536
5536
5538
5538
5540
5542
5544
5548
5550
5550
5552
5552
5554
5558
5560
5560
5562
5562
5564
5564
5566
5566
5566
5574
5576
5580
5580
5580
5580
5584
5586
5586
5586
5586
5586
5586
5588
5590
5592
5596
5598
5602
5602
5604
5606
5608
5618
5628
5630
5636
5638
5640
5642
5642
5642
5642
5644
5662
5664
5666
5668
5670
5678
5678
5680
5684
5684
5692
5692
5692
5694
5694
5698
5716
5718
5722
5728
5734
5734
5734
5736
5736
5738
5744
5744
5746
5746
5752
5754
5756
5758
5760
5764
5772
5772
5774
5776
5778
5780
5780
5782
5784
5784
5788
5794
5800
5802
5806
5806
5814
5814
5816
5818
5818
5820
5820
5824
5824
5824
5824
5826
5832
5842
5842
5842
5842
5850
5850
5854
5858
5862
5866
5868
5874
5876
5886
5888
5888
5894
5902
5904
5906
5908
5908
5908
5910
5912
5912
5912
5914
5916
5920
5920
5924
5926
5928
5930
5934
5936
5938
5938
5940
5944
5948
5950
5950
5958
5958
5960
5964
5966
5966
5968
5974
5974
5976
5978
5978
5982
5992
5992
6006
6008
6012
6014
6024
6024
6034
6034
6050
6054
6058
6060
6064
6066
6072
6074
6076
6084
6084
6100
6108
6112
6116
6116
6132
6140
6142
6146
6154
6158
6164
6170
6180
6202
6210
6220
6224
6244
6246
6278
6290
6304
6328
6350
6394
6400
6416
6442
6458
6484
6506
6508
6534
6538
6576
6586
6606
6630
6702
6716
6828
6834
6874
6890
6890
6910
6990
7018
7042
7068
7138
7146
7170
7200
7238
7248
7312
7356
7360
7528
7528
7544
7630
7658
7758
7842
7848
7908
8060
8158
8384
8426
8574
8730
8804
8830
8948
9274
9604
9924
10046
10130
10214
10656
10670
10756
10836
11132
11192
11672
11974
12042
12154
12600
12824
13370
13740
13894
13932
13974
14342
14370
14396
14546
14742
15472
16184
16242
16310
16854
16882
17892
17986
18206
18546
18678
18734
19182
19606
20142
20658
20916
21334
21434
21660
22208
22274
23356
23498
24114
24360
24938
25432
26242
26346
26492
27430
27742
28064
29684
29776
29780
30632
31348
31428
31590
33014
33056
33472
34026
35808
35884
36000
36162
36430
36828
37928
39422
40542
68284
