Latencies
5110
5152
5156
5158
5162
5184
5190
5194
5196
5202
5208
5210
5212
5212
5212
5216
5220
5222
5222
5224
5226
5228
5232
5234
5234
5236
5236
5238
5246
5248
5248
5248
5252
5254
5254
5254
5256
5262
5264
5266
5266
5266
5268
5268
5270
5272
5274
5276
5278
5282
5284
5284
5284
5284
5284
5292
5296
5296
5296
5296
5296
5298
5300
5300
5302
5302
5304
5304
5304
5306
5306
5306
5308
5310
5312
5314
5316
5316
5316
5316
5316
5318
5318
5318
5320
5320
5320
5320
5322
5322
5324
5324
5324
5326
5326
5326
5328
5330
5330
5330
5330
5332
5332
5332
5334
5336
5336
5338
5340
5342
5342
5342
5342
5344
5344
5344
5344
5346
5346
5346
5346
5348
5348
5348
5348
5348
5350
5350
5350
5350
5352
5352
5352
5352
5352
5352
5354
5354
5354
5354
5354
5356
5356
5356
5356
5358
5358
5358
5358
5360
5360
5360
5362
5362
5362
5364
5364
5364
5366
5366
5366
5366
5368
5368
5368
5368
5368
5370
5370
5370
5370
5372
5372
5372
5372
5374
5376
5376
5376
5376
5378
5378
5378
5378
5380
5380
5380
5380
5384
5384
5384
5384
5384
5384
5386
5386
5386
5386
5388
5388
5388
5388
5390
5390
5390
5390
5392
5392
5392
5392
5392
5394
5394
5394
5394
5394
5394
5396
5396
5398
5398
5400
5400
5400
5400
5402
5402
5404
5404
5404
5404
5406
5406
5408
5408
5408
5410
5410
5410
5410
5412
5412
5412
5412
5412
5412
5412
5412
5414
5414
5414
5414
5416
5416
5416
5418
5418
5420
5420
5420
5422
5422
5422
5422
5422
5424
5424
5424
5424
5424
5426
5428
5428
5428
5428
5430
5430
5430
5430
5430
5430
5432
5432
5432
5432
5432
5432
5432
5434
5434
5434
5436
5436
5436
5436
5436
5436
5438
5438
5438
5438
5438
5440
5440
5440
5442
5442
5444
5444
5444
5444
5444
5448
5450
5450
5450
5450
5452
5452
5454
5454
5454
5456
5458
5458
5458
5458
5458
5460
5460
5460
5460
5462
5464
5466
5468
5468
5468
5468
5468
5470
5474
5474
5474
5476
5476
5478
5478
5478
5480
5480
5480
5482
5482
5484
5486
5486
5486
5486
5488
5488
5488
5488
5488
5488
5492
5494
5494
5494
5496
5496
5496
5496
5498
5498
5500
5500
5500
5500
5500
5502
5502
5502
5502
5504
5504
5504
5504
5506
5508
5510
5510
5512
5512
5512
5514
5514
5514
5514
5516
5516
5516
5516
5518
5520
5520
5520
5520
5522
5522
5524
5524
5524
5526
5526
5526
5528
5528
5528
5530
5532
5534
5536
5536
5538
5540
5540
5542
5542
5542
5542
5542
5542
5542
5544
5546
5546
5548
5548
5548
5550
5550
5550
5550
5550
5554
5554
5554
5556
5556
5556
5556
5558
5560
5560
5560
5562
5564
5564
5566
5566
5568
5568
5568
5570
5572
5572
5574
5574
5574
5576
5578
5580
5580
5580
5580
5582
5584
5584
5584
5586
5586
5588
5588
5588
5590
5590
5592
5596
5600
5600
5602
5602
5602
5604
5604
5608
5608
5608
5610
5610
5612
5614
5614
5616
5616
5616
5616
5620
5620
5620
5622
5622
5622
5624
5624
5624
5626
5626
5626
5628
5628
5630
5632
5632
5632
5634
5636
5636
5636
5636
5640
5640
5642
5642
5644
5648
5648
5650
5650
5650
5652
5654
5654
5656
5658
5658
5660
5660
5660
5660
5662
5662
5664
5666
5666
5666
5666
5666
5668
5670
5670
5670
5670
5672
5674
5676
5678
5682
5684
5684
5686
5686
5688
5688
5690
5694
5694
5694
5700
5704
5704
5706
5708
5712
5712
5714
5722
5722
5722
5724
5724
5730
5730
5732
5734
5736
5736
5738
5740
5744
5746
5748
5748
5752
5752
5752
5752
5758
5762
5768
5768
5770
5770
5772
5772
5774
5776
5778
5780
5780
5786
5786
5788
5788
5788
5790
5790
5792
5792
5796
5796
5798
5800
5810
5812
5812
5814
5814
5814
5818
5818
5818
5818
5822
5822
5824
5824
5824
5826
5828
5830
5834
5834
5836
5838
5838
5840
5842
5842
5844
5844
5846
5848
5856
5856
5856
5860
5860
5860
5860
5862
5864
5864
5864
5866
5866
5866
5868
5868
5868
5868
5876
5876
5882
5886
5888
5888
5890
5890
5892
5896
5896
5896
5898
5898
5898
5900
5902
5902
5904
5906
5910
5912
5914
5914
5916
5920
5922
5922
5922
5924
5926
5926
5932
5934
5940
5940
5940
5942
5944
5944
5944
5944
5946
5946
5952
5954
5954
5956
5956
5958
5960
5962
5968
5970
5972
5972
5974
5976
5980
5982
5992
6000
6004
6004
6006
6010
6012
6014
6016
6018
6020
6022
6026
6028
6028
6028
6028
6032
6034
6034
6034
6042
6050
6050
6052
6054
6056
6058
6060
6062
6066
6068
6080
6082
6084
6084
6084
6086
6086
6086
6088
6088
6100
6102
6104
6108
6112
6112
6118
6118
6120
6120
6124
6126
6128
6130
6130
6132
6134
6134
6142
6144
6144
6144
6146
6146
6148
6150
6156
6166
6166
6166
6174
6178
6180
6184
6190
6190
6192
6192
6194
6196
6198
6198
6200
6202
6204
6206
6214
6218
6228
6232
6234
6252
6268
6278
6280
6280
6286
6292
6304
6308
6316
6316
6322
6326
6330
6334
6346
6348
6348
6348
6350
6358
6364
6388
6388
6388
6398
6412
6416
6416
6430
6462
6462
6486
6490
6524
6576
6584
6656
6702
6740
6822
6888
6926
6942
6978
6980
7010
7012
7058
7090
7126
7266
7282
7282
7368
7506
7848
7984
8008
8012
8158
8164
8300
8378
8700
9018
9506
9550
10126
10226
10250
10332
10398
10684
10764
10852
11110
11314
11396
11962
12338
12856
13360
13426
13530
13814
14172
14842
14930
16742
17630
17692
17736
18866
18886
18908
21292
21644
21998
24922
25394
25422
26438
26812
27796
28140
31736
32962
33632
