Latencies
5294
5366
5512
5544
5570
5708
5710
5902
5988
6114
6160
6234
6250
6330
6438
6542
6554
6724
6792
6850
6876
6906
7052
7054
7064
7216
7298
7396
7426
7480
7526
7604
7650
7660
7744
7832
7856
7936
7960
8014
8088
8114
8218
8448
8658
8674
8748
8754
8758
8762
8764
8824
8830
8880
9014
9032
9244
9272
9376
9644
9662
9688
9818
9834
9884
9892
9918
9950
10000
10022
10064
10092
10100
10108
10192
10210
10332
10420
10436
10528
10536
10544
10590
10628
10662
10672
10758
10762
10856
10904
11060
11108
11120
11238
11258
11288
11294
11350
11358
11376
11400
11404
11576
11612
11616
11742
11844
12034
12034
12100
12154
12226
12248
12268
12562
12570
12696
12696
12754
12764
12790
12800
12834
12880
12888
12906
12916
13064
13220
13262
13414
13422
13458
13916
13962
13986
14028
14106
14112
14264
14274
14284
14338
14386
14432
14436
14438
14450
14474
14502
14580
14586
14596
14606
14620
14640
14642
14648
14650
14656
14660
14662
14706
14710
14712
14764
14774
14776
14776
14780
14792
14804
14804
14836
14838
14846
14866
14876
14882
14882
14882
14924
14926
14934
14936
14958
14972
14976
14998
15004
15006
15014
15016
15022
15054
15064
15066
15084
15086
15096
15120
15134
15136
15146
15166
15176
15178
15188
15194
15196
15200
15206
15208
15214
15224
15226
15228
15230
15244
15248
15258
15260
15280
15290
15308
15310
15318
15326
15332
15342
15362
15370
15386
15390
15422
15424
15450
15452
15480
15498
15514
15556
15608
15630
15658
15680
15702
15712
15758
15762
15780
15820
15836
15846
15870
15898
15936
15982
16048
16058
16074
16088
16092
16170
16180
16246
16306
16418
16418
16424
16426
16500
16644
16654
16674
16840
16902
16918
16962
17066
17158
17190
17194
17286
17338
17378
17406
17514
17562
17640
17666
17712
17982
18176
18310
18336
18346
18396
18588
18600
18842
19018
19176
19256
19514
19522
19592
19674
19762
19764
19766
19908
19956
20022
20032
20034
20182
20182
20238
20246
20336
20352
20458
20470
20512
20524
20526
20542
20618
20628
20646
20666
20676
20748
20752
20752
20848
20862
21038
21046
21082
21100
21100
21174
21180
21216
21264
21268
21328
21398
21456
21468
21478
21498
21550
21554
21678
21708
21748
21794
21872
21952
22008
22008
22010
22116
22228
22298
22360
22374
22376
22386
22422
22426
22700
22782
22990
23078
23218
23240
23242
23354
23434
23484
23528
23640
23664
23666
23682
23694
23760
23794
23814
23886
23894
23968
24062
24078
24126
24134
24136
24138
24156
24158
24174
24204
24242
24306
24356
24358
24436
24526
24570
24590
24594
24606
24606
24616
24648
24648
24688
24704
24706
24716
24768
24772
24776
24780
24796
24798
24798
24800
24820
24824
24844
24854
24892
24912
24930
24944
24948
25018
25054
25068
25082
25090
25098
25166
25168
25168
25168
25198
25246
25258
25290
25336
25348
25388
25428
25446
25458
25480
25494
25530
25536
25578
25640
25658
25690
25776
25824
25836
25864
25926
25934
25948
25954
26002
26024
26036
26080
26092
26452
26502
26620
26700
26780
26784
26834
26966
27026
27094
27148
27232
27290
27380
27400
27580
27676
27772
27884
27988
28104
28148
28192
28230
28256
28286
28426
28478
28636
28644
28682
28720
28810
28812
28846
28888
28968
28970
29096
29154
29222
29226
29404
29442
29566
29576
29626
29750
29776
29782
29862
29874
29954
29994
30238
30248
30266
30362
30426
30440
30454
30740
30772
30932
30938
30966
30982
31020
31092
31098
31124
31178
31184
31196
31252
31252
31256
31310
31388
31468
31472
31528
31536
31552
31570
31606
31716
31720
31984
32022
32054
32116
32178
32220
32268
32376
32432
32484
32504
32572
32584
32606
32688
32898
32906
32968
32976
33036
33040
33042
33186
33260
33342
33366
33370
33420
33456
33490
33492
33494
33526
33530
33542
33578
33600
33620
33620
33692
33718
33780
33832
33836
33898
33932
33950
33960
33964
33992
34024
34040
34044
34048
34054
34078
34096
34102
34104
34108
34118
34134
34206
34226
34234
34242
34246
34264
34278
34310
34314
34326
34338
34364
34374
34376
34398
34412
34418
34418
34420
34422
34430
34434
34476
34482
34502
34512
34546
34552
34554
34554
34554
34564
34564
34566
34566
34574
34580
34598
34612
34616
34622
34622
34634
34648
34650
34674
34678
34682
34694
34704
34712
34714
34740
34742
34756
34758
34784
34786
34792
34796
34806
34832
34878
34882
34918
34922
34938
34938
34954
34958
34960
34970
34974
34982
35012
35066
35078
35084
35090
35092
35112
35112
35124
35182
35212
35224
35238
35260
35302
35356
35392
35464
35484
35520
35562
35652
35732
35826
36032
36234
36460
36586
36612
36658
36838
36866
37182
37434
37502
37816
37960
38072
38128
38150
38314
38456
38574
38768
38866
39038
39224
39232
39430
39600
39840
39992
40076
40212
40276
40590
40688
40966
40982
41104
41188
41236
41278
41440
41600
41660
41680
41892
42004
42564
42874
43056
43072
43170
43198
43314
43530
43564
43756
43774
43800
43802
43900
43910
43976
44150
44196
44210
44318
44336
44376
44444
44548
44648
44748
44810
44860
44986
45036
45066
45264
45336
45412
45458
45480
45668
45716
45932
45982
46052
46126
46212
46470
46588
46756
46964
47054
47112
47606
47852
48810
48910
49200
49266
49342
49564
49724
49956
50002
50072
50264
50324
50340
50858
50930
50960
51172
51186
51284
51536
51602
51606
51730
51828
51974
52040
52182
52264
52406
52414
52708
52850
52884
53168
53174
53176
53290
53372
53392
53478
53512
53518
53546
53590
53600
53644
53654
53696
53728
53802
53820
53874
53904
53932
53932
53936
53936
53970
53984
53988
54012
54086
54110
54128
54156
54164
54164
54258
54324
54330
54412
54418
54462
54518
54700
54870
54882
54890
54894
55000
55416
55744
55836
56972
57326
57952
58764
58872
58890
61408
61770
62052
62718
63242
63586
63720
63750
71168
72504
72994
73178
73504
74522
79406
89316
111620
127332
134748
143846
177994
183856
2060024
