Latencies
5224
5238
5248
5252
5256
5258
5260
5268
5292
5296
5298
5298
5300
5302
5302
5304
5304
5306
5310
5312
5314
5316
5316
5318
5318
5318
5320
5320
5322
5324
5324
5326
5332
5340
5348
5350
5350
5352
5354
5356
5358
5362
5364
5370
5372
5372
5374
5376
5376
5376
5378
5378
5378
5382
5384
5384
5386
5386
5388
5390
5390
5390
5392
5396
5402
5406
5408
5410
5410
5412
5414
5416
5416
5418
5420
5422
5426
5428
5428
5430
5430
5434
5436
5438
5440
5440
5442
5442
5446
5450
5452
5454
5456
5456
5458
5460
5460
5462
5462
5462
5464
5464
5468
5470
5470
5472
5482
5484
5490
5494
5496
5496
5498
5502
5504
5504
5504
5504
5506
5508
5508
5510
5514
5518
5526
5530
5530
5538
5544
5544
5550
5552
5556
5556
5560
5562
5562
5572
5578
5578
5580
5586
5586
5586
5592
5592
5594
5596
5600
5606
5610
5618
5622
5626
5626
5632
5638
5642
5646
5660
5664
5664
5666
5666
5670
5672
5672
5678
5684
5694
5696
5698
5704
5710
5718
5720
5730
5732
5734
5734
5740
5742
5744
5746
5746
5750
5756
5768
5768
5770
5772
5778
5780
5782
5784
5784
5784
5788
5792
5802
5804
5810
5810
5816
5822
5826
5828
5830
5832
5834
5842
5848
5848
5858
5860
5862
5864
5878
5878
5882
5884
5884
5888
5892
5898
5908
5912
5912
5914
5916
5922
5924
5946
5948
5956
5958
5972
5974
5980
5980
5984
5988
5988
5988
5990
5990
5992
5992
5998
5998
6004
6022
6028
6028
6028
6028
6030
6040
6042
6060
6066
6084
6092
6094
6098
6100
6102
6102
6102
6106
6110
6114
6116
6126
6126
6128
6130
6132
6136
6148
6154
6158
6164
6176
6178
6182
6184
6186
6188
6194
6196
6196
6202
6222
6234
6244
6244
6254
6262
6262
6266
6276
6284
6284
6286
6290
6304
6330
6336
6342
6370
6398
6436
6438
6448
6452
6464
6496
6508
6508
6528
6538
6558
6562
6580
6582
6590
6618
6658
6662
6668
6674
6678
6680
6684
6708
6730
6732
6740
6748
6748
6750
6758
6778
6838
6846
6866
6908
6938
6938
6942
6982
6986
7018
7026
7026
7034
7048
7062
7090
7098
7108
7116
7130
7130
7134
7142
7168
7198
7242
7284
7304
7310
7344
7352
7362
7404
7474
7514
7516
7524
7538
7542
7566
7574
7584
7646
7712
7730
7778
7804
7854
7860
7874
7894
7910
7912
7954
7972
7978
7978
8014
8016
8032
8032
8032
8034
8068
8076
8124
8148
8170
8186
8200
8220
8328
8348
8350
8356
8360
8364
8366
8386
8414
8420
8436
8472
8476
8484
8532
8540
8570
8580
8592
8622
8636
8644
8670
8676
8678
8682
8698
8698
8740
8742
8746
8758
8810
8824
8866
8876
8886
8886
8894
8914
8940
8940
8960
8994
9008
9030
9038
9068
9098
9158
9164
9176
9178
9206
9238
9264
9272
9298
9312
9330
9356
9374
9380
9400
9404
9434
9464
9498
9516
9522
9552
9696
9708
9722
9728
9746
9810
9858
9864
9922
9924
9930
9932
10004
10006
10068
10070
10080
10130
10142
10150
10154
10154
10160
10162
10170
10192
10218
10222
10234
10256
10384
10386
10406
10440
10458
10470
10480
10510
10516
10524
10566
10570
10598
10676
10726
10766
10778
10816
10836
10852
10852
10886
10900
10954
10956
10980
10996
11014
11014
11070
11086
11092
11096
11118
11172
11210
11246
11256
11284
11306
11332
11332
11394
11400
11416
11434
11474
11528
11534
11588
11608
11612
11632
11646
11692
11704
11718
11768
11772
11792
11804
11824
11840
11882
11886
11900
11910
11950
12038
12058
12070
12072
12096
12216
12216
12224
12254
12258
12262
12296
12312
12312
12346
12348
12404
12434
12446
12454
12498
12512
12542
12582
12598
12604
12616
12624
12626
12664
12744
12750
12752
12760
12862
12876
12888
12942
12944
12954
12968
12974
12980
12982
13006
13080
13140
13148
13192
13244
13292
13318
13358
13366
13396
13416
13426
13428
13432
13456
13462
13498
13506
13526
13528
13538
13566
13584
13600
13630
13666
13670
13670
13688
13714
13722
13732
13746
13750
13772
13784
13824
13842
13844
13866
13868
13924
13998
14012
14038
14082
14098
14104
14106
14106
14108
14118
14130
14148
14154
14182
14188
14200
14210
14210
14212
14212
14222
14226
14230
14232
14234
14248
14256
14262
14266
14278
14298
14300
14302
14310
14310
14322
14324
14360
14368
14370
14380
14382
14386
14406
14416
14420
14422
14426
14426
14428
14470
14482
14496
14510
14522
14524
14540
14540
14544
14552
14554
14568
14576
14586
14586
14594
14596
14596
14634
14634
14636
14638
14646
14652
14652
14658
14662
14666
14672
14678
14690
14698
14698
14720
14722
14726
14728
14730
14734
14744
14750
14752
14754
14760
14762
14762
14772
14774
14778
14782
14786
14790
14792
14796
14798
14798
14800
14804
14816
14826
14828
14832
14834
14836
14840
14842
14844
14856
14858
14860
14866
14866
14876
14884
14896
14896
14916
14934
14938
14944
14944
14948
14954
14956
14962
14962
14968
14980
14980
14988
14990
15006
15020
15020
15032
15034
15038
15052
15054
15062
15062
15066
15072
15072
15076
15090
15094
15096
15102
15108
15110
15112
15112
15114
15118
15122
15138
15144
15148
15172
15176
15178
15184
15186
15192
15196
15196
15206
15208
15214
15216
15224
15226
15232
15242
15244
15252
15262
15268
15272
15276
15288
15290
15300
15304
15306
15310
15310
15312
15320
15326
15328
15332
15338
15352
15352
15360
15380
15380
15386
15388
15396
15398
15406
15408
15408
15418
15444
15454
15462
15490
15492
15494
15500
15506
15506
15510
15536
15552
15586
15598
15608
15614
15616
15616
15648
15652
15670
15670
15728
15752
15818
15820
15834
15836
15846
15848
15894
15990
16006
16090
16306
16314
16802
16976
17024
17182
17248
17380
17902
18022
18160
18282
18404
19182
19350
19858
20366
20398
21040
21832
22016
22670
23212
23412
23440
23444
23460
23482
23594
23882
24000
24028
24090
24164
24174
24202
24382
24526
24552
24566
24574
24624
24634
24736
24936
24968
25008
25010
25142
25466
25468
25882
31334
34616
34704
39028
48344
136932
206192
458070
515062
