Latencies
5300
5344
5354
5354
5356
5360
5372
5378
5386
5392
5400
5400
5400
5402
5402
5402
5410
5416
5428
5434
5436
5438
5440
5440
5446
5448
5448
5450
5450
5452
5452
5456
5458
5462
5468
5470
5472
5478
5492
5498
5498
5500
5514
5518
5520
5520
5528
5536
5538
5542
5542
5550
5552
5558
5560
5562
5562
5564
5566
5566
5568
5568
5570
5580
5582
5594
5598
5604
5604
5616
5622
5626
5626
5628
5632
5632
5636
5644
5654
5656
5656
5666
5668
5668
5672
5676
5682
5684
5686
5688
5690
5690
5690
5690
5698
5706
5712
5714
5714
5718
5720
5720
5724
5728
5732
5738
5746
5752
5758
5764
5768
5770
5776
5776
5776
5776
5776
5778
5780
5780
5780
5782
5788
5790
5796
5798
5800
5808
5808
5824
5828
5840
5846
5850
5860
5864
5866
5874
5880
5882
5886
5892
5894
5900
5904
5904
5910
5912
5916
5920
5924
5924
5926
5928
5930
5932
5936
5938
5938
5948
5956
5966
5970
5972
5978
5984
5988
5990
5992
5994
6002
6010
6028
6028
6036
6038
6038
6040
6048
6048
6052
6058
6060
6066
6076
6078
6078
6080
6092
6096
6104
6104
6108
6108
6110
6122
6124
6130
6134
6146
6148
6152
6174
6188
6192
6200
6204
6218
6218
6222
6222
6230
6244
6246
6258
6260
6262
6264
6292
6292
6304
6304
6310
6322
6326
6328
6332
6336
6344
6346
6354
6376
6376
6380
6388
6414
6426
6428
6430
6452
6470
6490
6496
6496
6514
6516
6532
6540
6546
6550
6554
6556
6562
6564
6564
6596
6602
6614
6618
6626
6628
6640
6642
6660
6664
6666
6678
6698
6716
6718
6720
6724
6724
6738
6756
6766
6770
6802
6802
6816
6846
6848
6848
6856
6882
6892
6922
6948
6950
6950
6952
6962
7018
7026
7032
7042
7042
7044
7044
7050
7052
7060
7064
7076
7096
7100
7114
7138
7226
7232
7242
7262
7274
7274
7280
7300
7306
7330
7336
7424
7458
7462
7468
7478
7478
7508
7510
7516
7562
7626
7632
7644
7674
7678
7678
7684
7686
7728
7756
7758
7764
7774
7788
7810
7830
7836
7838
7838
7850
7850
7870
7876
7886
7892
7920
7922
7924
7924
7930
7932
7966
7966
7990
7992
8014
8026
8028
8046
8058
8088
8114
8122
8138
8168
8168
8194
8262
8272
8282
8294
8300
8312
8384
8390
8392
8394
8396
8412
8432
8450
8474
8484
8496
8500
8500
8502
8514
8514
8516
8530
8536
8544
8558
8558
8624
8624
8632
8650
8682
8740
8774
8782
8790
8822
8824
8930
8932
8980
8982
9016
9052
9064
9066
9066
9080
9088
9090
9094
9100
9102
9104
9114
9124
9134
9146
9158
9166
9170
9186
9204
9230
9250
9298
9350
9364
9374
9400
9438
9450
9462
9488
9504
9548
9572
9580
9600
9602
9618
9626
9654
9670
9678
9706
9722
9724
9728
9730
9740
9740
9762
9764
9766
9826
9842
9844
9852
9862
9870
9900
9900
9904
9904
9908
9936
9962
9976
9994
10056
10058
10064
10066
10074
10078
10080
10090
10116
10116
10122
10126
10130
10136
10160
10162
10168
10186
10192
10198
10206
10220
10236
10312
10326
10328
10330
10348
10386
10390
10406
10424
10426
10442
10528
10528
10534
10556
10568
10596
10650
10652
10668
10672
10708
10762
10772
10782
10796
10806
10858
10864
10864
10876
10904
10934
10946
10950
10960
10980
10986
10996
11004
11018
11024
11034
11076
11106
11130
11140
11148
11156
11166
11180
11180
11186
11218
11252
11276
11298
11314
11318
11338
11378
11382
11400
11404
11408
11520
11520
11580
11608
11614
11620
11648
11648
11658
11666
11678
11744
11816
11830
11842
11846
11850
11880
11882
11886
11894
11894
11926
11948
11988
12008
12030
12030
12038
12048
12058
12064
12068
12078
12092
12096
12120
12144
12176
12240
12254
12270
12276
12282
12282
12302
12316
12346
12388
12412
12472
12508
12528
12566
12566
12608
12632
12634
12642
12690
12736
12756
12794
12796
12796
12798
12812
12816
12826
12834
12842
12858
12916
12922
12976
12992
13040
13048
13070
13090
13140
13144
13176
13208
13220
13228
13228
13234
13236
13244
13266
13284
13320
13346
13366
13366
13382
13424
13426
13458
13462
13476
13488
13564
13590
13606
13606
13634
13660
13680
13702
13722
13766
13772
13820
13826
13844
13850
13856
13856
13862
13878
13882
13900
13998
14028
14042
14062
14078
14092
14100
14128
14142
14160
14160
14168
14182
14192
14194
14230
14230
14236
14244
14270
14314
14320
14320
14324
14332
14336
14342
14344
14346
14350
14356
14366
14368
14380
14392
14398
14408
14422
14434
14456
14456
14464
14478
14478
14480
14482
14484
14486
14490
14490
14490
14492
14500
14500
14504
14508
14522
14526
14540
14548
14548
14548
14550
14560
14560
14564
14564
14570
14570
14572
14580
14582
14584
14590
14594
14606
14612
14612
14614
14614
14622
14638
14638
14648
14656
14664
14668
14674
14702
14704
14722
14728
14746
14752
14756
14764
14766
14768
14772
14774
14776
14782
14786
14788
14792
14792
14794
14798
14818
14822
14824
14828
14828
14832
14834
14834
14838
14846
14846
14854
14854
14856
14862
14882
14884
14888
14892
14908
14918
14918
14932
14936
14944
14944
14966
14968
14970
14976
14978
14984
14990
14992
14996
15018
15024
15034
15034
15036
15044
15050
15058
15062
15068
15080
15088
15094
15114
15132
15136
15146
15148
15152
15156
15156
15160
15174
15176
15176
15176
15186
15204
15206
15216
15216
15224
15236
15238
15238
15240
15246
15250
15252
15264
15268
15268
15268
15270
15286
15286
15298
15302
15310
15320
15338
15342
15342
15342
15352
15360
15368
15374
15382
15386
15414
15418
15420
15434
15470
15472
15484
15506
15508
15516
15518
15534
15558
15570
15572
15574
15576
15614
15614
15628
15648
15656
15664
15674
15676
15682
15750
15764
15782
15788
15790
15796
15852
15856
15986
16084
16202
16316
16414
17266
18150
18528
19458
20284
20522
21280
21514
21710
21884
21888
21916
23554
23604
23800
23906
24150
24194
24230
24326
24410
24642
24696
24762
24970
25002
25238
25436
27374
31690
32112
33910
34526
34858
35814
38060
39160
42218
44264
46350
49130
58796
1755548
