Latencies
5048
5084
5090
5092
5094
5096
5100
5100
5108
5110
5136
5136
5140
5142
5142
5146
5154
5156
5160
5160
5160
5164
5164
5166
5168
5172
5172
5172
5174
5176
5176
5178
5182
5182
5182
5184
5188
5192
5200
5202
5202
5204
5206
5208
5210
5210
5214
5214
5214
5216
5216
5216
5218
5218
5220
5220
5220
5222
5226
5226
5228
5228
5228
5230
5230
5232
5234
5234
5236
5236
5240
5240
5242
5242
5244
5244
5244
5246
5246
5246
5248
5248
5248
5248
5250
5250
5250
5250
5250
5252
5252
5252
5254
5254
5254
5254
5256
5256
5258
5258
5258
5260
5260
5260
5262
5264
5264
5264
5266
5266
5268
5268
5268
5268
5268
5270
5270
5270
5270
5272
5272
5272
5272
5276
5276
5276
5276
5278
5278
5278
5278
5280
5280
5280
5280
5282
5282
5284
5284
5284
5284
5286
5286
5286
5286
5286
5286
5288
5288
5288
5288
5290
5290
5290
5290
5290
5292
5292
5292
5292
5292
5292
5292
5292
5294
5294
5294
5294
5294
5296
5298
5300
5300
5300
5300
5302
5302
5302
5302
5304
5304
5304
5306
5306
5306
5306
5306
5306
5308
5310
5310
5312
5312
5312
5312
5314
5314
5314
5314
5314
5316
5316
5316
5316
5316
5316
5316
5318
5318
5318
5318
5318
5320
5322
5324
5324
5324
5326
5328
5328
5330
5330
5330
5332
5334
5336
5336
5336
5336
5338
5338
5338
5342
5342
5342
5342
5342
5344
5344
5344
5344
5344
5344
5346
5346
5346
5346
5348
5348
5350
5350
5350
5350
5352
5354
5354
5354
5354
5354
5354
5356
5356
5358
5358
5358
5358
5360
5360
5360
5360
5362
5362
5362
5362
5364
5364
5366
5366
5366
5368
5368
5368
5368
5368
5370
5370
5370
5372
5372
5372
5372
5372
5374
5376
5376
5376
5376
5378
5378
5380
5380
5382
5382
5382
5382
5384
5384
5384
5384
5384
5386
5386
5386
5388
5388
5388
5388
5388
5390
5390
5390
5392
5392
5392
5392
5392
5392
5392
5394
5394
5394
5394
5394
5394
5396
5396
5396
5396
5398
5398
5398
5398
5398
5398
5398
5400
5400
5400
5400
5402
5402
5404
5404
5404
5404
5406
5406
5406
5406
5408
5408
5410
5410
5412
5412
5412
5414
5414
5414
5416
5416
5416
5416
5418
5418
5418
5418
5418
5420
5420
5420
5420
5420
5420
5420
5422
5422
5422
5422
5424
5424
5424
5426
5428
5428
5428
5430
5430
5432
5432
5432
5432
5432
5434
5434
5434
5434
5434
5436
5436
5438
5438
5438
5438
5438
5438
5438
5440
5440
5440
5442
5442
5444
5444
5444
5444
5448
5448
5448
5450
5452
5452
5452
5452
5452
5454
5454
5454
5456
5456
5456
5458
5458
5458
5460
5460
5460
5462
5462
5462
5462
5462
5462
5464
5464
5466
5468
5470
5470
5470
5472
5472
5472
5474
5474
5478
5478
5480
5480
5480
5482
5482
5482
5482
5484
5484
5486
5486
5488
5488
5488
5492
5492
5492
5492
5494
5494
5494
5494
5496
5498
5500
5500
5502
5502
5502
5504
5506
5506
5510
5510
5510
5510
5510
5510
5512
5512
5512
5514
5516
5516
5518
5518
5520
5520
5520
5522
5522
5526
5528
5528
5530
5530
5532
5532
5534
5534
5536
5538
5540
5540
5542
5544
5544
5544
5546
5548
5552
5556
5556
5556
5556
5558
5558
5560
5560
5562
5564
5564
5566
5566
5566
5570
5572
5572
5578
5582
5584
5584
5584
5586
5586
5588
5588
5590
5594
5594
5594
5594
5594
5598
5600
5600
5602
5602
5606
5608
5610
5610
5612
5614
5618
5618
5620
5620
5624
5626
5626
5628
5630
5632
5632
5632
5634
5634
5636
5636
5642
5644
5646
5646
5648
5648
5650
5650
5650
5654
5656
5658
5660
5662
5662
5664
5666
5666
5668
5668
5670
5672
5674
5674
5678
5678
5680
5682
5682
5682
5694
5698
5698
5700
5704
5704
5706
5708
5710
5710
5710
5712
5714
5716
5728
5728
5730
5732
5734
5738
5740
5742
5742
5744
5744
5746
5750
5750
5754
5756
5758
5758
5760
5760
5764
5766
5770
5772
5772
5774
5774
5776
5778
5780
5780
5782
5782
5788
5790
5792
5794
5796
5800
5800
5800
5800
5804
5804
5806
5806
5806
5810
5814
5816
5820
5820
5822
5824
5824
5826
5828
5828
5832
5832
5836
5836
5840
5846
5848
5852
5852
5854
5856
5856
5858
5860
5862
5862
5864
5866
5866
5870
5872
5874
5876
5878
5880
5880
5884
5886
5890
5890
5892
5892
5896
5896
5898
5900
5902
5902
5906
5912
5912
5912
5916
5918
5920
5922
5924
5928
5928
5930
5934
5934
5936
5936
5936
5940
5940
5942
5942
5944
5948
5956
5956
5956
5958
5960
5960
5964
5972
5972
5976
5980
5988
5994
5996
5998
5998
6000
6002
6004
6004
6006
6010
6012
6014
6016
6016
6016
6022
6024
6026
6036
6036
6046
6046
6046
6050
6060
6066
6066
6070
6070
6072
6074
6076
6078
6078
6078
6082
6084
6084
6086
6090
6094
6096
6098
6100
6100
6102
6102
6104
6104
6104
6106
6108
6112
6120
6124
6130
6138
6138
6140
6142
6142
6144
6148
6152
6152
6156
6162
6168
6168
6168
6172
6172
6174
6178
6178
6180
6184
6188
6192
6192
6202
6216
6220
6220
6226
6230
6234
6240
6258
6280
6280
6284
6286
6286
6286
6288
6302
6308
6312
6324
6370
6382
6392
6394
6410
6460
6488
6524
6534
6568
6602
6660
6662
6706
6750
6770
6872
6882
6930
6934
6948
7124
7188
7198
7240
7292
7314
7420
7424
7462
7490
7578
8140
8320
8416
8498
8534
8534
8606
8670
8734
9184
9256
9314
9428
9444
9534
9698
9758
9804
9960
10318
10334
10770
10896
10924
10986
11016
11166
11278
11436
11528
11752
11756
11920
12310
12400
12792
12816
13284
13464
13576
13622
13644
13934
14048
14098
14152
14512
14640
14808
14826
15022
15046
15048
15192
15362
15652
16306
16582
16964
18234
18602
18930
19494
19546
20154
20228
20556
20754
20800
21034
21042
21422
21970
22448
22532
23910
24714
24938
25132
25890
26854
27996
28026
29800
29918
31356
31404
32908
32976
33152
33244
35894
36380
37088
37366
421070
