Latencies
4990
5014
5022
5026
5028
5032
5034
5044
5048
5052
5054
5054
5058
5060
5062
5062
5066
5070
5072
5072
5072
5074
5078
5078
5080
5080
5084
5084
5084
5086
5088
5088
5088
5090
5090
5090
5092
5092
5092
5092
5094
5096
5098
5098
5100
5100
5100
5102
5104
5106
5106
5106
5108
5110
5112
5112
5114
5114
5114
5114
5116
5116
5118
5118
5118
5120
5124
5124
5124
5124
5126
5126
5128
5128
5128
5128
5130
5130
5132
5134
5134
5134
5136
5138
5138
5140
5142
5142
5144
5144
5146
5148
5150
5150
5152
5152
5154
5154
5154
5156
5158
5158
5158
5158
5158
5158
5158
5158
5162
5162
5164
5166
5166
5166
5166
5166
5168
5168
5170
5172
5174
5174
5174
5176
5176
5176
5178
5180
5180
5180
5180
5182
5182
5184
5184
5184
5186
5186
5186
5186
5186
5188
5188
5190
5190
5190
5192
5196
5196
5196
5196
5196
5196
5196
5196
5196
5196
5200
5200
5200
5200
5202
5202
5202
5202
5202
5204
5204
5204
5204
5206
5206
5206
5206
5206
5206
5206
5206
5206
5208
5208
5208
5210
5210
5210
5210
5212
5214
5214
5214
5214
5216
5216
5216
5216
5218
5218
5218
5218
5218
5220
5220
5222
5222
5222
5222
5224
5224
5224
5224
5226
5226
5226
5226
5226
5228
5232
5232
5234
5234
5234
5236
5236
5236
5236
5236
5236
5238
5238
5238
5238
5238
5240
5240
5240
5240
5242
5242
5242
5242
5242
5244
5244
5244
5246
5246
5246
5248
5248
5248
5250
5250
5250
5250
5250
5250
5252
5252
5252
5252
5252
5252
5254
5256
5256
5256
5256
5256
5256
5258
5258
5258
5258
5258
5258
5258
5258
5258
5260
5260
5260
5260
5262
5262
5264
5264
5264
5266
5266
5266
5266
5268
5268
5268
5270
5270
5270
5270
5270
5270
5272
5274
5274
5274
5274
5274
5274
5274
5274
5276
5278
5280
5280
5282
5282
5282
5284
5286
5286
5288
5290
5290
5290
5290
5292
5292
5294
5294
5294
5296
5296
5296
5296
5298
5300
5300
5300
5300
5300
5300
5302
5302
5302
5302
5304
5304
5304
5304
5306
5306
5306
5306
5306
5308
5310
5310
5310
5310
5314
5316
5318
5318
5320
5320
5320
5322
5324
5326
5326
5326
5326
5328
5330
5330
5330
5330
5332
5332
5334
5334
5336
5338
5338
5338
5340
5340
5340
5340
5340
5340
5342
5342
5344
5344
5344
5344
5346
5346
5346
5350
5350
5350
5352
5354
5356
5358
5358
5358
5358
5358
5358
5360
5360
5360
5360
5360
5360
5362
5364
5366
5366
5366
5366
5366
5366
5368
5368
5368
5370
5372
5372
5372
5372
5372
5372
5374
5376
5376
5376
5376
5376
5376
5380
5380
5380
5380
5382
5384
5384
5386
5388
5388
5390
5390
5392
5392
5392
5392
5392
5392
5394
5394
5396
5396
5396
5396
5398
5400
5400
5400
5402
5402
5402
5404
5404
5404
5404
5406
5406
5408
5408
5408
5408
5408
5410
5410
5410
5414
5416
5418
5418
5420
5422
5424
5426
5430
5432
5432
5434
5434
5436
5436
5436
5438
5438
5442
5442
5442
5444
5444
5444
5444
5444
5446
5446
5446
5448
5448
5450
5450
5450
5450
5452
5452
5454
5456
5458
5458
5458
5460
5462
5462
5462
5462
5462
5462
5462
5466
5466
5470
5472
5472
5474
5476
5476
5478
5480
5486
5488
5488
5490
5490
5490
5494
5494
5498
5498
5500
5504
5506
5506
5506
5508
5508
5508
5508
5512
5512
5512
5514
5518
5520
5520
5528
5528
5530
5532
5532
5534
5534
5536
5542
5544
5546
5546
5548
5552
5552
5554
5554
5556
5556
5558
5560
5560
5562
5564
5568
5576
5576
5580
5584
5586
5590
5592
5592
5592
5592
5594
5598
5598
5598
5600
5600
5600
5600
5602
5604
5608
5608
5608
5610
5614
5616
5620
5620
5622
5624
5624
5626
5626
5628
5630
5630
5632
5634
5640
5640
5642
5642
5642
5644
5646
5648
5648
5650
5650
5652
5656
5656
5658
5658
5658
5658
5662
5666
5666
5668
5668
5670
5674
5674
5678
5680
5680
5682
5684
5684
5688
5690
5692
5692
5692
5698
5700
5700
5704
5706
5712
5716
5722
5724
5724
5726
5730
5738
5742
5744
5746
5748
5750
5750
5752
5754
5754
5758
5758
5762
5762
5764
5764
5770
5776
5780
5780
5784
5784
5786
5786
5790
5796
5798
5798
5800
5800
5800
5802
5802
5802
5804
5804
5808
5810
5810
5812
5812
5818
5826
5830
5830
5834
5834
5834
5838
5838
5840
5840
5846
5852
5852
5860
5866
5866
5872
5886
5892
5892
5892
5894
5894
5902
5902
5906
5908
5908
5910
5912
5914
5918
5920
5922
5926
5928
5928
5930
5938
5938
5940
5940
5940
5942
5942
5944
5948
5956
5958
5958
5958
5960
5962
5962
5964
5966
5966
5968
5968
5970
5972
5974
5974
5976
5976
5976
5976
5978
5978
6004
6006
6006
6008
6008
6022
6026
6030
6034
6038
6038
6040
6048
6048
6056
6058
6064
6066
6086
6090
6090
6092
6096
6104
6106
6106
6110
6110
6116
6120
6134
6152
6152
6156
6158
6164
6172
6194
6196
6206
6244
6250
6252
6252
6288
6302
6314
6340
6342
6344
6350
6362
6398
6418
6418
6430
6472
6500
6502
6538
6556
6562
6586
6598
6664
6730
6764
6778
6800
6848
6932
6998
6998
7022
7034
7048
7084
7096
7226
7726
7784
7916
7952
8422
8486
8658
8700
8910
9182
9396
9456
9626
9748
9844
9876
10498
10508
10616
10812
11130
11266
11554
11706
11710
11712
11782
11824
11826
12482
12932
13340
13538
13562
13622
13844
14058
14210
14454
14572
14654
14724
14732
14988
15176
15216
15308
15378
15634
15712
15940
16602
16686
16706
17342
18534
19500
19538
19824
20538
20938
21218
21322
21524
22044
22832
22846
23236
23348
24658
24684
24932
25054
25626
25790
26262
27430
27932
28154
29192
29918
31062
31662
35140
35298
38716
40742
42304
46726
71264
10035064
