Latencies
4988
5006
5014
5018
5020
5024
5042
5042
5046
5046
5048
5048
5060
5072
5074
5074
5080
5080
5082
5084
5092
5094
5096
5098
5100
5102
5106
5106
5108
5110
5110
5112
5116
5116
5116
5118
5118
5120
5120
5122
5124
5126
5128
5132
5136
5138
5140
5140
5142
5142
5144
5146
5146
5146
5148
5152
5154
5156
5156
5158
5158
5158
5158
5160
5162
5164
5164
5164
5166
5166
5166
5168
5168
5168
5168
5172
5174
5174
5174
5176
5178
5178
5180
5180
5182
5182
5184
5184
5184
5186
5186
5186
5186
5188
5188
5188
5190
5190
5192
5192
5192
5198
5198
5198
5198
5200
5200
5200
5202
5202
5202
5202
5204
5204
5204
5204
5206
5206
5206
5206
5206
5208
5208
5208
5208
5208
5210
5210
5210
5210
5212
5212
5212
5214
5216
5216
5216
5216
5216
5218
5218
5218
5218
5220
5220
5220
5222
5222
5222
5222
5222
5222
5222
5222
5222
5224
5224
5224
5224
5224
5224
5224
5224
5226
5226
5226
5226
5226
5228
5228
5228
5230
5230
5232
5232
5232
5232
5232
5232
5234
5234
5234
5236
5236
5236
5240
5240
5240
5240
5240
5242
5242
5242
5242
5242
5244
5244
5246
5246
5246
5246
5246
5248
5248
5248
5248
5250
5250
5250
5250
5250
5250
5250
5252
5252
5252
5252
5252
5252
5252
5252
5254
5254
5254
5254
5254
5254
5256
5256
5256
5256
5256
5258
5258
5258
5258
5260
5260
5260
5262
5262
5262
5262
5264
5264
5264
5264
5264
5264
5266
5266
5266
5266
5268
5268
5268
5270
5270
5270
5270
5272
5272
5272
5274
5274
5274
5276
5276
5276
5278
5278
5280
5280
5280
5282
5282
5284
5284
5284
5284
5284
5284
5284
5286
5286
5288
5288
5288
5288
5288
5290
5290
5290
5292
5292
5292
5292
5294
5294
5294
5294
5296
5296
5296
5298
5298
5298
5300
5302
5302
5302
5304
5304
5306
5306
5306
5308
5310
5310
5312
5312
5316
5316
5318
5318
5318
5318
5320
5320
5320
5322
5322
5324
5324
5324
5324
5324
5324
5326
5328
5328
5328
5328
5328
5330
5332
5332
5334
5334
5334
5334
5334
5334
5334
5336
5336
5336
5338
5338
5338
5338
5340
5340
5342
5342
5342
5344
5346
5346
5346
5346
5348
5348
5350
5350
5350
5350
5350
5350
5350
5352
5352
5352
5354
5354
5356
5356
5356
5356
5358
5358
5358
5360
5360
5360
5360
5362
5362
5362
5364
5364
5364
5366
5368
5370
5370
5370
5372
5372
5372
5372
5372
5374
5374
5374
5374
5374
5376
5376
5376
5376
5378
5378
5380
5380
5380
5380
5380
5380
5382
5382
5384
5384
5384
5388
5388
5388
5388
5388
5388
5390
5392
5392
5392
5392
5394
5396
5396
5396
5396
5400
5402
5404
5406
5408
5408
5408
5408
5410
5410
5412
5414
5414
5414
5416
5416
5416
5416
5418
5422
5422
5424
5424
5424
5428
5428
5434
5436
5440
5440
5440
5442
5444
5444
5444
5444
5446
5448
5448
5454
5454
5454
5456
5456
5456
5458
5458
5458
5460
5462
5464
5464
5464
5468
5470
5470
5472
5474
5474
5476
5476
5476
5476
5478
5478
5478
5480
5480
5480
5480
5480
5486
5488
5490
5490
5492
5492
5500
5500
5500
5504
5506
5508
5508
5510
5510
5510
5512
5512
5514
5514
5516
5516
5516
5518
5520
5524
5524
5526
5528
5528
5530
5532
5532
5532
5532
5534
5534
5538
5538
5540
5542
5542
5546
5548
5548
5550
5550
5552
5554
5554
5556
5556
5556
5558
5558
5558
5560
5564
5564
5564
5566
5568
5570
5570
5572
5574
5576
5578
5578
5580
5580
5580
5580
5584
5586
5586
5586
5590
5590
5590
5590
5590
5590
5592
5592
5594
5594
5596
5598
5598
5598
5598
5598
5600
5602
5604
5604
5606
5612
5614
5614
5614
5616
5616
5618
5620
5622
5622
5622
5624
5626
5628
5628
5630
5630
5632
5634
5638
5638
5638
5638
5640
5640
5644
5644
5646
5650
5650
5650
5652
5656
5656
5658
5658
5658
5660
5662
5662
5664
5666
5666
5666
5666
5668
5668
5668
5672
5672
5672
5674
5674
5674
5674
5674
5678
5678
5678
5680
5684
5684
5684
5684
5688
5688
5694
5694
5696
5696
5700
5702
5704
5706
5706
5708
5708
5708
5710
5712
5712
5716
5716
5720
5720
5722
5722
5728
5728
5728
5732
5732
5736
5736
5736
5738
5740
5740
5740
5744
5746
5746
5750
5756
5758
5758
5764
5766
5766
5766
5770
5772
5774
5774
5774
5778
5782
5782
5782
5784
5784
5784
5784
5788
5790
5792
5794
5798
5798
5798
5800
5800
5804
5812
5812
5816
5818
5820
5820
5820
5822
5824
5824
5826
5826
5830
5832
5836
5838
5838
5838
5838
5840
5844
5844
5846
5848
5848
5850
5854
5854
5860
5862
5864
5866
5868
5868
5872
5878
5880
5880
5880
5880
5882
5886
5886
5888
5890
5892
5898
5898
5902
5902
5906
5912
5928
5932
5934
5938
5942
5948
5952
5954
5956
5958
5960
5966
5968
5970
5974
5980
5984
5986
5986
5990
5992
5992
5998
5998
6000
6000
6012
6012
6012
6016
6016
6020
6022
6024
6026
6028
6030
6030
6032
6040
6044
6048
6052
6056
6058
6066
6068
6068
6074
6076
6076
6078
6086
6086
6100
6100
6102
6102
6118
6118
6134
6136
6136
6140
6142
6142
6142
6144
6148
6150
6152
6156
6162
6170
6172
6206
6212
6216
6230
6248
6250
6272
6284
6294
6298
6298
6320
6350
6364
6378
6386
6386
6398
6410
6432
6434
6436
6450
6468
6562
6568
6570
6582
6592
6644
6670
6696
6722
6734
6932
7102
7584
7724
7776
7908
8186
8470
8608
8882
8938
9014
9066
9334
9470
10472
10488
10808
13210
13684
14438
14490
14530
15100
15684
15744
15848
16366
16450
16738
17232
18030
18202
18502
18668
18758
19298
19384
19800
19948
20094
20530
20642
20748
20766
20988
21552
22668
23082
23836
24358
24480
24630
25084
25140
25170
25806
25820
26514
26792
27636
29032
30614
30722
30826
31304
31590
32008
33284
33378
33614
33740
33764
33870
34642
34672
34746
35112
35416
36098
36718
36970
38410
38780
40026
55234
70852
