Latencies
5464
5478
5518
5604
5630
5722
5796
5798
5816
5840
5844
5864
5924
5988
5990
6056
6058
6136
6156
6164
6166
6186
6204
6218
6276
6356
6390
6458
6560
6586
6594
6668
6688
6750
6760
6790
6894
6896
6918
6960
7016
7042
7046
7108
7174
7228
7246
7350
7420
7516
7568
7642
7746
7788
7848
7886
7898
7914
7992
8040
8054
8076
8142
8148
8170
8196
8224
8262
8342
8350
8370
8376
8436
8550
8608
8716
8886
8922
8932
8974
8994
9018
9100
9154
9212
9352
9420
9430
9596
9694
9708
9728
9736
9740
9760
9780
9974
10014
10066
10080
10100
10102
10186
10210
10342
10458
10506
10508
10566
10610
10622
10676
10692
10700
10700
10764
10792
10828
10836
10884
10966
10982
10988
11006
11018
11028
11032
11046
11050
11066
11146
11156
11156
11282
11446
11476
11600
11830
11928
12086
12114
12128
12182
12188
12224
12234
12308
12352
12360
12438
12478
12488
12488
12510
12550
12642
12694
12740
12768
12820
12826
12856
12860
13032
13062
13118
13138
13210
13248
13340
13454
13456
13490
13492
13556
13580
13624
13634
13664
13664
13740
13746
13772
13838
13874
13958
14004
14040
14042
14078
14092
14100
14148
14258
14272
14346
14360
14360
14366
14400
14424
14440
14446
14460
14462
14476
14496
14504
14514
14518
14522
14524
14542
14588
14598
14616
14618
14624
14632
14648
14704
14710
14714
14720
14722
14724
14732
14738
14744
14748
14754
14774
14780
14818
14822
14850
14862
14888
14892
14902
14934
14940
14942
14944
14956
14966
14974
14976
14998
15006
15012
15014
15038
15040
15054
15060
15066
15066
15076
15080
15084
15090
15102
15120
15120
15124
15124
15128
15132
15140
15142
15142
15144
15154
15170
15176
15184
15190
15208
15218
15256
15294
15296
15300
15320
15340
15340
15340
15364
15368
15376
15404
15410
15434
15450
15454
15466
15470
15480
15504
15536
15590
15598
15602
15636
15650
15700
15704
15718
15730
15758
15784
15802
15844
15922
15930
15962
16026
16030
16036
16084
16104
16128
16138
16146
16150
16156
16204
16258
16270
16274
16338
16338
16342
16402
16426
16430
16496
16504
16530
16654
16708
16786
16822
16834
16990
17018
17030
17114
17158
17240
17244
17264
17340
17380
17406
17414
17420
17470
17492
17556
17620
17646
17668
17710
17772
17780
17786
17832
17906
17908
17940
18098
18194
18328
18344
18394
18398
18432
18494
18564
18648
18746
18752
18846
18886
18916
18986
19104
19174
19178
19322
19338
19362
19366
19380
19416
19512
19548
19554
19576
19642
19644
19674
19680
19698
19728
19746
19780
19924
19960
20026
20254
20298
20400
20580
20678
20750
20764
20922
20940
21040
21140
21214
21248
21256
21282
21404
21416
21444
21476
21532
21568
21824
21828
21880
21964
22078
22110
22134
22212
22260
22280
22348
22442
22482
22486
22644
22648
22670
22728
22816
22854
22916
22962
22966
23014
23078
23096
23192
23306
23310
23486
23508
23508
23574
23664
23704
23962
24002
24072
24076
24076
24144
24150
24166
24176
24184
24286
24346
24384
24396
24430
24456
24472
24484
24486
24486
24498
24534
24586
24656
24660
24662
24700
24702
24706
24736
24742
24756
24766
24772
24774
24774
24790
24796
24826
24838
24858
24864
24910
24938
24944
24966
24980
24994
25000
25004
25046
25060
25080
25082
25090
25090
25098
25126
25140
25144
25202
25204
25252
25292
25292
25308
25340
25352
25370
25388
25392
25400
25584
25584
25590
25600
25612
25654
25680
25800
25818
25860
25872
25892
25894
25926
25944
25988
26002
26136
26180
26246
26250
26266
26268
26296
26330
26344
26346
26448
26540
26586
26614
26774
26864
26944
26962
26980
26980
27022
27034
27034
27056
27102
27148
27154
27266
27488
27546
27666
27680
27742
27962
28084
28206
28334
28418
28572
28586
28644
28690
28794
28798
28918
29100
29442
29494
29498
29544
29602
29880
29972
30070
30124
30196
30228
30270
30492
30532
30652
30672
30684
30714
30760
30764
30926
31064
31184
31260
31396
31454
31478
31556
31660
31714
31790
31850
31950
32112
32116
32136
32442
32460
32476
32498
32606
32650
32740
32850
32908
33100
33156
33158
33176
33234
33318
33358
33384
33562
33660
33680
33730
33748
33762
33848
33850
33878
33906
33918
33926
33986
34016
34034
34052
34108
34108
34120
34132
34142
34150
34160
34202
34234
34246
34254
34284
34306
34308
34312
34314
34334
34348
34350
34386
34388
34412
34420
34426
34440
34444
34446
34478
34480
34492
34492
34494
34504
34510
34520
34524
34528
34540
34542
34550
34566
34586
34596
34610
34636
34658
34668
34674
34682
34702
34734
34740
34782
34800
34822
34834
34836
34852
34928
34928
34942
34984
34988
34988
34988
35010
35018
35074
35076
35132
35170
35178
35200
35208
35426
35446
35484
35552
35640
35710
35784
36064
36144
36290
36338
36346
36402
36660
36684
36706
36728
36974
37142
37374
37432
37436
37554
37798
37838
37920
37978
38024
38136
38166
38190
38322
38324
38354
38484
38656
39328
39368
39412
39588
39616
40108
40488
40496
40688
40894
41054
41078
41250
41490
41580
41668
41820
41836
41900
42016
42446
42522
42744
43006
43070
43170
43272
43502
43548
43554
43608
43616
43672
43740
43840
43860
43960
43982
43994
44022
44146
44314
44330
44370
44404
44466
44500
44534
44590
44626
45074
45092
45472
45546
45656
45666
45760
45804
45874
45888
46118
46398
46434
46600
46886
47184
47366
47714
47844
47954
48390
48578
48684
48738
49090
49340
49420
49506
50164
50332
51304
51454
51578
51728
52258
52550
52694
52716
52792
52874
52892
52892
52926
53140
53196
53246
53246
53314
53330
53448
53450
53452
53474
53490
53508
53538
53544
53584
53690
53712
53726
53764
53774
53786
53794
53848
53868
53870
53884
53888
53890
53890
53904
53940
53952
53970
53972
54004
54006
54018
54026
54042
54054
54070
54086
54092
54100
54104
54104
54138
54162
54168
54168
54176
54176
54176
54198
54210
54226
54228
54228
54310
54316
54320
54352
54364
54368
54376
54386
54412
54430
54456
54470
54530
54534
54540
54616
54618
54632
54666
54722
54870
54942
54956
55176
55304
55408
55456
55772
55834
56050
58000
58080
58264
59324
59508
59728
61094
61236
62258
62494
62774
63492
64358
65470
66922
67986
67990
70942
71006
71134
71658
72266
72778
73530
73616
73912
76088
92140
93988
135970
205584
223974
429206
440324
441586
452242
1582842
