Latencies
5268
5398
5414
5492
5502
5524
5556
5598
5602
5664
5680
5708
5714
5720
5720
5744
5746
5754
5772
5846
5898
5922
6010
6016
6098
6098
6104
6122
6138
6190
6200
6318
6358
6370
6382
6418
6444
6458
6494
6498
6592
6608
6614
6740
6794
6908
6924
7032
7066
7084
7084
7090
7116
7120
7194
7318
7372
7386
7462
7466
7496
7510
7528
7540
7626
7674
7684
7798
7802
7834
7854
7900
7942
7952
7974
7978
8010
8026
8048
8070
8168
8192
8220
8222
8264
8290
8294
8318
8402
8430
8488
8574
8576
8598
8622
8656
8662
8662
8672
8680
8726
8828
8928
8930
8956
9000
9000
9056
9082
9138
9190
9214
9216
9302
9362
9396
9514
9538
9548
9594
9620
9660
9792
9816
9892
9938
9996
10018
10034
10042
10054
10058
10156
10166
10170
10170
10222
10224
10224
10252
10308
10330
10344
10376
10438
10440
10468
10488
10520
10526
10592
10608
10614
10644
10676
10692
10736
10776
10790
10816
10820
10842
10866
10886
10892
10898
10940
10942
11048
11120
11152
11182
11188
11230
11262
11264
11274
11310
11326
11428
11434
11520
11536
11568
11646
11674
11700
11742
11770
11778
11782
11858
11990
11992
12008
12012
12042
12044
12108
12144
12150
12170
12186
12194
12362
12456
12568
12578
12610
12692
12792
12894
12936
12962
12962
12974
12976
12980
13156
13166
13204
13228
13236
13240
13372
13386
13404
13442
13466
13476
13540
13614
13650
13650
13658
13702
13712
13730
13744
13752
13826
13894
13938
14038
14066
14116
14118
14118
14120
14150
14190
14208
14250
14270
14338
14414
14450
14474
14490
14516
14550
14562
14570
14578
14582
14594
14600
14612
14614
14622
14666
14692
14700
14702
14726
14736
14742
14760
14768
14776
14776
14778
14788
14812
14828
14836
14848
14864
14870
14870
14874
14888
14888
14894
14904
14944
14952
14954
14968
14968
14976
14978
14978
14978
14982
15034
15052
15054
15060
15068
15072
15082
15082
15088
15092
15096
15116
15118
15206
15210
15214
15220
15230
15234
15264
15272
15274
15276
15298
15322
15462
15470
15476
15486
15488
15492
15514
15536
15540
15574
15616
15646
15656
15664
15668
15674
15684
15704
15718
15742
15750
15786
15802
15826
15848
15878
15880
15928
15950
15968
16016
16162
16190
16288
16304
16398
16424
16466
16472
16492
16502
16606
16732
16800
16836
16932
16942
16996
17008
17228
17230
17276
17360
17418
17422
17422
17502
17512
17558
17574
17686
17708
17724
17738
17740
17784
17870
17880
17966
18002
18136
18158
18278
18370
18374
18374
18376
18442
18452
18484
18530
18542
18552
18554
18686
18710
18766
18778
18904
18922
19076
19128
19134
19140
19162
19196
19206
19240
19240
19246
19396
19414
19422
19436
19452
19462
19702
19740
19776
19858
19860
19868
19886
20084
20108
20124
20184
20198
20220
20234
20268
20362
20364
20412
20438
20468
20502
20510
20550
20590
20600
20632
20660
20710
20850
20872
20912
20972
21072
21162
21190
21216
21274
21398
21428
21482
21502
21564
21792
21922
21954
22010
22020
22040
22056
22060
22070
22092
22102
22158
22220
22292
22314
22320
22356
22430
22444
22452
22458
22522
22558
22588
22698
22718
22762
22944
22954
22958
23012
23018
23034
23090
23112
23152
23188
23252
23284
23438
23506
23508
23512
23566
23626
23626
23636
23636
23638
23688
23712
23716
23728
23758
23778
23802
23834
23838
23838
23860
23924
23984
24000
24014
24042
24056
24088
24114
24140
24156
24200
24250
24310
24314
24328
24332
24334
24340
24344
24400
24408
24492
24508
24522
24526
24536
24556
24558
24566
24568
24584
24596
24614
24662
24674
24688
24708
24708
24716
24750
24752
24780
24792
24798
24804
24832
24850
24866
24878
24914
24936
24958
24974
24976
24988
24992
24992
25006
25018
25024
25024
25034
25070
25072
25160
25168
25194
25220
25282
25282
25296
25310
25316
25352
25360
25432
25438
25524
25540
25560
25584
25590
25592
25670
25674
25680
25690
25730
25736
25744
25746
25752
25800
25926
25944
25952
26006
26022
26026
26036
26084
26172
26210
26230
26242
26338
26342
26390
26444
26490
26576
26710
26750
26838
26844
26880
26898
26902
26960
27038
27084
27130
27220
27252
27282
27290
27340
27364
27412
27420
27426
27474
27502
27536
27626
27632
27642
27708
27738
27750
27758
27878
27908
28006
28008
28032
28072
28092
28134
28136
28204
28206
28330
28338
28354
28424
28482
28602
28606
28614
28642
28668
28686
28726
28812
28822
28878
28924
28954
29012
29024
29214
29322
29420
29434
29444
29448
29534
29594
29736
29760
29818
29832
29848
29892
29892
29922
29980
30156
30204
30310
30326
30336
30342
30364
30390
30404
30404
30416
30452
30566
30574
30612
30658
30672
30678
30694
30708
30842
30866
30916
30956
30968
31068
31076
31100
31108
31122
31156
31162
31224
31324
31330
31360
31426
31436
31532
31678
31736
31838
31960
32110
32270
32290
32378
32430
32434
32464
32526
32556
32594
32622
32640
32696
32782
32828
32850
32852
32858
32866
32882
32894
32900
32900
33070
33200
33228
33430
33436
33494
33502
33502
33512
33514
33674
33674
33700
33748
33812
33886
33912
33934
33956
33956
33964
33964
33976
33980
33980
33998
34004
34008
34010
34030
34034
34038
34042
34048
34050
34052
34064
34068
34076
34078
34080
34082
34092
34108
34118
34120
34122
34124
34134
34156
34168
34176
34200
34202
34204
34212
34218
34238
34248
34266
34268
34270
34270
34274
34288
34306
34314
34320
34322
34324
34328
34334
34338
34350
34350
34358
34358
34360
34364
34380
34382
34418
34420
34430
34432
34434
34436
34436
34438
34442
34444
34448
34464
34464
34466
34472
34482
34496
34510
34510
34510
34514
34528
34536
34538
34540
34544
34544
34564
34564
34574
34574
34580
34582
34584
34584
34584
34586
34588
34592
34602
34608
34640
34644
34644
34660
34678
34678
34680
34718
34732
34740
34744
34746
34756
34772
34780
34786
34822
34828
34852
34856
34862
34888
34926
34966
34988
35000
35000
35054
35058
35064
35076
35078
35080
35080
35082
35110
35172
35194
35196
35260
35282
35350
35490
35548
35590
35624
35718
35876
35976
36162
37154
37198
37292
38020
38750
38864
39110
40340
40354
42416
43348
43756
44248
44314
44764
46188
47986
50468
52706
54150
54658
54718
57352
61130
62376
65794
66100
68364
104180
108862
262518
311924
400466
425404
1791708
1904508
