Latencies
4982
4990
5002
5004
5006
5014
5016
5022
5024
5026
5046
5046
5072
5072
5074
5074
5076
5082
5082
5082
5084
5084
5088
5090
5094
5104
5108
5108
5112
5114
5116
5118
5120
5126
5126
5126
5126
5128
5128
5128
5130
5132
5134
5136
5138
5138
5138
5138
5138
5140
5144
5144
5144
5144
5144
5146
5146
5150
5150
5150
5150
5152
5156
5156
5156
5156
5156
5156
5158
5158
5158
5162
5162
5162
5166
5166
5168
5168
5170
5170
5172
5174
5176
5176
5176
5176
5176
5178
5178
5182
5182
5182
5184
5186
5186
5186
5186
5188
5188
5188
5188
5188
5190
5192
5192
5194
5194
5194
5196
5196
5198
5198
5200
5200
5200
5202
5202
5202
5204
5206
5208
5208
5208
5210
5210
5210
5212
5212
5212
5214
5214
5214
5214
5214
5214
5216
5216
5216
5216
5216
5216
5218
5218
5218
5220
5220
5220
5220
5220
5220
5222
5222
5222
5222
5222
5222
5222
5222
5222
5222
5224
5224
5226
5226
5228
5228
5228
5228
5228
5228
5230
5230
5230
5230
5232
5232
5232
5234
5234
5234
5234
5236
5238
5240
5240
5242
5242
5244
5246
5246
5246
5248
5248
5250
5250
5250
5252
5254
5254
5256
5256
5256
5256
5256
5258
5258
5258
5260
5260
5260
5260
5262
5262
5262
5262
5264
5264
5264
5266
5266
5266
5266
5268
5268
5268
5268
5268
5268
5270
5272
5272
5272
5272
5272
5272
5272
5274
5276
5276
5276
5278
5278
5278
5278
5280
5280
5282
5282
5282
5286
5286
5288
5288
5288
5288
5290
5290
5290
5290
5290
5290
5290
5290
5292
5292
5292
5292
5294
5294
5294
5294
5294
5296
5296
5296
5298
5300
5300
5300
5302
5302
5302
5302
5304
5304
5304
5304
5306
5306
5306
5306
5308
5308
5308
5308
5310
5310
5310
5314
5314
5316
5316
5318
5318
5320
5320
5320
5320
5322
5322
5322
5324
5324
5324
5326
5326
5326
5326
5328
5328
5330
5330
5332
5332
5334
5334
5334
5336
5336
5336
5336
5338
5340
5340
5340
5340
5340
5340
5340
5342
5342
5342
5342
5342
5342
5346
5346
5346
5348
5348
5348
5348
5350
5352
5354
5354
5354
5356
5356
5356
5358
5358
5358
5360
5360
5360
5360
5360
5362
5364
5364
5364
5364
5366
5366
5368
5368
5368
5370
5370
5372
5372
5372
5372
5372
5372
5374
5374
5374
5374
5374
5376
5376
5376
5376
5376
5376
5376
5376
5378
5378
5378
5378
5378
5380
5380
5380
5380
5380
5382
5382
5382
5384
5384
5384
5384
5384
5386
5386
5388
5388
5388
5388
5388
5390
5392
5392
5392
5392
5394
5394
5394
5396
5398
5398
5400
5400
5400
5400
5400
5400
5402
5402
5402
5404
5404
5406
5406
5408
5408
5408
5410
5410
5410
5410
5410
5412
5412
5412
5414
5414
5414
5416
5418
5418
5418
5418
5422
5422
5422
5422
5422
5424
5426
5426
5428
5428
5428
5432
5432
5432
5432
5432
5432
5434
5436
5442
5444
5444
5444
5444
5444
5446
5446
5446
5448
5450
5450
5452
5452
5452
5456
5456
5456
5462
5462
5464
5464
5466
5466
5466
5470
5470
5472
5472
5474
5474
5476
5478
5480
5480
5486
5486
5486
5490
5490
5492
5492
5492
5494
5496
5496
5498
5500
5500
5500
5502
5502
5502
5504
5504
5504
5504
5504
5510
5512
5512
5512
5512
5514
5514
5514
5514
5516
5516
5520
5520
5520
5524
5526
5526
5526
5526
5528
5530
5530
5530
5530
5532
5532
5536
5538
5538
5540
5540
5542
5542
5544
5548
5550
5550
5552
5552
5554
5556
5556
5556
5560
5560
5564
5564
5566
5566
5568
5568
5568
5570
5570
5574
5574
5574
5580
5580
5580
5588
5590
5590
5592
5592
5594
5594
5600
5602
5606
5610
5610
5610
5612
5612
5614
5614
5616
5618
5618
5620
5626
5628
5630
5634
5642
5650
5652
5654
5658
5658
5658
5660
5662
5666
5666
5666
5668
5668
5674
5674
5676
5676
5680
5680
5682
5682
5688
5688
5694
5696
5696
5698
5698
5702
5704
5708
5710
5710
5712
5712
5714
5716
5718
5720
5720
5722
5724
5726
5726
5730
5734
5738
5740
5742
5748
5748
5752
5754
5762
5764
5764
5768
5772
5772
5772
5772
5778
5778
5780
5782
5782
5782
5784
5784
5788
5792
5792
5794
5794
5796
5796
5798
5800
5802
5802
5804
5804
5804
5806
5806
5808
5808
5810
5812
5816
5818
5820
5822
5826
5826
5828
5834
5836
5842
5844
5848
5850
5850
5854
5854
5856
5864
5868
5870
5874
5874
5878
5878
5880
5882
5884
5888
5888
5888
5890
5892
5894
5894
5896
5896
5900
5902
5904
5904
5906
5906
5908
5912
5916
5930
5932
5938
5938
5942
5942
5944
5944
5944
5950
5950
5952
5956
5960
5962
5962
5982
5988
5996
5996
6000
6002
6002
6004
6008
6008
6008
6010
6010
6010
6014
6016
6018
6020
6026
6028
6028
6030
6040
6046
6046
6048
6048
6070
6072
6084
6086
6088
6092
6092
6098
6122
6126
6130
6132
6136
6138
6146
6166
6172
6174
6180
6186
6202
6220
6220
6226
6236
6244
6276
6280
6296
6304
6308
6324
6330
6402
6414
6438
6456
6464
6494
6500
6506
6518
6522
6540
6542
6582
6590
6614
6696
6708
6720
6738
6740
6752
6758
6784
6810
6862
6862
6888
6894
6898
6950
6962
7018
7024
7086
7164
7186
7186
7288
7368
7430
7664
7708
7740
8122
8140
8172
8216
8412
8504
8620
9012
9172
9264
9738
10030
10222
10642
10892
11070
11072
11312
11408
12312
12342
12850
12898
12952
12996
13066
13722
14584
14596
14638
14726
14812
14960
14962
15018
15086
15238
15486
15550
15878
16078
18206
18848
20872
21086
21408
23326
23684
24284
24300
24416
24430
24624
24690
24694
24782
24786
24794
25012
25150
25176
25752
27000
29422
29520
29988
31000
34792
34828
35254
35576
35670
35700
35808
37288
40294
41272
42670
45728
75702
