Latencies
5024
5026
5030
5032
5034
5038
5042
5044
5044
5050
5052
5056
5058
5058
5064
5068
5072
5072
5074
5074
5076
5078
5078
5078
5080
5082
5082
5084
5084
5086
5090
5092
5092
5094
5094
5100
5100
5100
5100
5102
5104
5106
5106
5106
5108
5110
5110
5112
5112
5114
5114
5116
5116
5118
5118
5120
5122
5126
5126
5126
5130
5130
5130
5134
5136
5136
5136
5138
5140
5142
5142
5144
5144
5148
5148
5148
5148
5150
5154
5154
5154
5154
5156
5156
5156
5156
5158
5158
5158
5160
5160
5160
5162
5162
5162
5162
5164
5164
5164
5164
5164
5166
5166
5168
5168
5170
5170
5172
5172
5174
5174
5176
5176
5176
5178
5178
5180
5180
5182
5182
5182
5182
5182
5186
5186
5186
5186
5188
5188
5190
5190
5192
5192
5194
5194
5194
5194
5194
5196
5196
5196
5196
5196
5196
5196
5196
5198
5198
5198
5198
5200
5200
5202
5202
5202
5204
5204
5204
5204
5204
5204
5204
5204
5206
5206
5206
5206
5206
5208
5208
5208
5208
5208
5208
5210
5210
5210
5210
5210
5210
5210
5212
5214
5214
5214
5216
5216
5218
5218
5220
5220
5220
5220
5220
5220
5222
5222
5222
5222
5222
5222
5222
5222
5224
5224
5224
5224
5224
5226
5226
5226
5226
5226
5226
5226
5228
5228
5228
5228
5228
5228
5230
5230
5230
5230
5230
5230
5230
5230
5232
5232
5232
5232
5232
5232
5232
5232
5234
5234
5234
5234
5234
5236
5236
5236
5238
5238
5238
5238
5238
5238
5238
5238
5238
5238
5240
5240
5240
5240
5240
5240
5240
5242
5242
5242
5242
5242
5242
5242
5244
5244
5244
5244
5244
5244
5246
5246
5246
5246
5248
5248
5248
5248
5248
5248
5248
5250
5250
5250
5250
5250
5250
5252
5252
5252
5252
5252
5254
5254
5254
5254
5256
5256
5256
5256
5256
5256
5256
5258
5258
5258
5258
5258
5258
5258
5258
5258
5258
5258
5260
5260
5260
5260
5260
5260
5260
5260
5260
5260
5262
5262
5262
5262
5264
5264
5264
5264
5264
5264
5264
5264
5264
5266
5266
5266
5266
5266
5268
5268
5268
5270
5270
5270
5270
5270
5272
5272
5272
5272
5272
5274
5274
5274
5274
5274
5274
5276
5276
5276
5276
5276
5278
5278
5278
5278
5278
5280
5280
5280
5280
5280
5280
5280
5280
5282
5282
5282
5282
5282
5284
5284
5284
5286
5286
5286
5286
5286
5286
5286
5286
5288
5288
5288
5288
5288
5288
5288
5290
5290
5290
5290
5292
5292
5292
5292
5294
5294
5294
5296
5296
5296
5296
5298
5298
5298
5298
5298
5300
5300
5300
5300
5300
5300
5300
5300
5302
5302
5302
5302
5302
5304
5304
5304
5304
5306
5308
5308
5308
5310
5310
5310
5310
5310
5310
5310
5312
5312
5312
5314
5314
5314
5314
5316
5316
5316
5318
5320
5320
5320
5320
5320
5320
5320
5320
5322
5322
5322
5322
5322
5324
5324
5324
5326
5326
5326
5328
5328
5328
5330
5330
5330
5332
5332
5334
5334
5336
5336
5338
5338
5340
5340
5342
5342
5342
5342
5342
5344
5346
5348
5348
5348
5350
5350
5352
5352
5354
5354
5356
5356
5358
5358
5360
5360
5360
5360
5362
5362
5366
5366
5370
5370
5372
5372
5372
5372
5374
5374
5376
5378
5378
5378
5380
5380
5380
5382
5384
5384
5384
5386
5386
5388
5390
5390
5390
5392
5394
5394
5394
5394
5396
5396
5398
5398
5402
5402
5404
5404
5406
5406
5406
5406
5408
5408
5408
5408
5410
5410
5412
5412
5412
5412
5414
5416
5416
5420
5420
5428
5430
5434
5434
5434
5436
5436
5438
5438
5438
5440
5440
5442
5444
5446
5446
5446
5448
5448
5448
5448
5450
5450
5456
5460
5460
5462
5462
5462
5464
5466
5466
5468
5468
5470
5472
5474
5476
5476
5478
5478
5480
5482
5482
5482
5484
5486
5488
5490
5494
5496
5500
5500
5502
5506
5508
5508
5510
5510
5512
5514
5516
5518
5518
5520
5524
5526
5528
5530
5532
5536
5538
5540
5542
5542
5542
5544
5546
5548
5550
5550
5552
5556
5556
5558
5560
5562
5564
5566
5572
5574
5576
5578
5578
5580
5580
5580
5584
5584
5586
5588
5588
5592
5594
5598
5598
5600
5602
5602
5602
5602
5606
5608
5608
5614
5614
5614
5614
5614
5622
5628
5628
5628
5630
5634
5636
5636
5638
5640
5640
5640
5644
5644
5646
5646
5646
5646
5648
5650
5658
5660
5662
5662
5668
5672
5672
5672
5674
5676
5680
5686
5688
5692
5692
5698
5700
5706
5708
5714
5718
5726
5728
5728
5734
5740
5742
5750
5752
5754
5754
5758
5762
5762
5764
5764
5764
5766
5768
5770
5770
5772
5776
5780
5788
5790
5792
5792
5794
5796
5800
5800
5804
5808
5820
5822
5822
5824
5826
5828
5834
5838
5840
5840
5842
5842
5844
5850
5850
5850
5852
5852
5852
5856
5864
5868
5878
5888
5888
5896
5898
5908
5910
5910
5912
5918
5930
5936
5936
5942
5946
5948
5952
5952
5952
5958
5962
5968
5968
5982
5984
5984
5988
5988
5990
5990
5992
5996
5996
6028
6034
6038
6056
6066
6082
6086
6090
6090
6102
6144
6152
6164
6164
6170
6178
6196
6204
6214
6284
6286
6348
6370
6416
6434
6476
6522
6528
6532
6572
6614
6620
6630
6666
6672
6688
6692
6740
6762
6766
6788
6804
6852
6876
6880
6884
6940
6972
6998
7032
7044
7068
7076
7086
7092
7094
7150
7172
7192
7228
7300
7332
7428
7454
7492
7518
7554
7574
7676
7752
8172
8506
9036
9096
9910
9986
10076
10396
10460
10464
10548
10562
10624
10644
10658
10660
10678
10726
10764
10770
10776
10796
10824
10832
10876
10940
10986
11004
11010
11038
11206
11282
11288
11300
11320
11420
11432
11496
11538
13612
14028
14034
14094
14160
14552
14684
14756
14778
14844
14924
14942
15012
15022
15298
15470
16016
17182
18160
19398
19602
19874
20748
21510
21784
22870
24320
24576
24622
24632
25346
25378
25506
25726
25736
25870
26224
28014
28708
33872
35220
35462
35488
35502
35506
35856
36948
37284
38996
40530
42106
43492
44334
46900
48488
71350
72542
