Latencies
5090
5104
5122
5134
5142
5142
5144
5144
5146
5148
5148
5148
5148
5150
5152
5152
5156
5158
5158
5158
5158
5160
5160
5162
5162
5164
5170
5170
5170
5170
5170
5170
5172
5172
5176
5176
5176
5178
5178
5180
5180
5180
5186
5188
5188
5188
5190
5192
5192
5192
5192
5194
5194
5196
5196
5198
5198
5198
5198
5198
5200
5200
5200
5200
5200
5202
5202
5202
5204
5206
5208
5208
5208
5208
5208
5208
5210
5210
5212
5212
5212
5214
5214
5216
5218
5218
5218
5218
5218
5218
5218
5218
5220
5222
5226
5226
5228
5228
5228
5228
5230
5230
5230
5230
5232
5232
5232
5232
5232
5232
5234
5234
5234
5236
5236
5236
5236
5236
5236
5238
5238
5238
5238
5238
5238
5240
5240
5240
5242
5242
5242
5244
5244
5244
5244
5246
5246
5246
5248
5248
5250
5250
5250
5250
5252
5252
5252
5252
5252
5254
5254
5256
5256
5256
5258
5258
5260
5260
5262
5262
5262
5264
5264
5264
5266
5268
5268
5268
5268
5268
5272
5272
5272
5274
5274
5274
5274
5274
5274
5274
5274
5278
5278
5278
5282
5282
5284
5284
5284
5284
5284
5286
5286
5286
5286
5288
5288
5290
5290
5290
5290
5290
5292
5292
5292
5292
5292
5294
5294
5294
5296
5296
5298
5298
5298
5298
5300
5302
5302
5302
5302
5304
5304
5304
5304
5304
5306
5306
5308
5308
5308
5310
5310
5310
5312
5312
5312
5312
5312
5312
5312
5314
5314
5316
5316
5316
5316
5316
5316
5318
5318
5318
5318
5318
5320
5320
5320
5320
5322
5322
5322
5324
5324
5324
5324
5326
5326
5326
5326
5326
5326
5326
5328
5328
5328
5328
5330
5330
5330
5330
5330
5330
5330
5332
5332
5334
5334
5334
5336
5336
5336
5336
5336
5338
5338
5338
5338
5338
5340
5340
5340
5340
5340
5342
5342
5342
5342
5344
5346
5346
5346
5346
5348
5348
5348
5348
5348
5348
5350
5350
5350
5350
5350
5350
5352
5352
5352
5352
5352
5352
5352
5354
5354
5354
5356
5356
5356
5356
5356
5356
5356
5358
5358
5360
5360
5360
5360
5360
5362
5362
5362
5362
5364
5364
5366
5366
5366
5366
5366
5366
5368
5368
5368
5370
5370
5370
5370
5370
5370
5372
5372
5372
5374
5374
5376
5376
5376
5376
5376
5378
5378
5378
5380
5380
5380
5380
5382
5382
5382
5384
5384
5384
5384
5384
5386
5386
5386
5386
5388
5388
5390
5390
5392
5394
5394
5394
5396
5396
5396
5396
5398
5398
5400
5400
5402
5402
5402
5402
5404
5404
5404
5404
5404
5406
5406
5406
5406
5406
5408
5408
5410
5410
5410
5412
5412
5412
5414
5414
5416
5416
5416
5416
5416
5418
5418
5418
5418
5422
5422
5422
5422
5422
5422
5422
5426
5426
5426
5426
5426
5428
5428
5428
5428
5430
5432
5434
5436
5438
5438
5438
5440
5440
5440
5440
5442
5444
5444
5448
5448
5448
5450
5452
5452
5452
5452
5452
5452
5452
5456
5456
5458
5460
5460
5462
5462
5462
5464
5464
5466
5468
5470
5472
5474
5476
5478
5478
5478
5480
5480
5480
5482
5482
5484
5486
5486
5486
5488
5488
5488
5490
5490
5492
5494
5494
5496
5496
5498
5500
5500
5500
5500
5502
5504
5506
5508
5508
5508
5512
5516
5518
5518
5518
5518
5518
5522
5526
5528
5528
5530
5534
5534
5536
5536
5536
5536
5538
5540
5540
5544
5544
5550
5554
5556
5558
5558
5558
5568
5570
5570
5574
5576
5578
5578
5580
5580
5582
5582
5584
5584
5584
5586
5588
5590
5592
5592
5594
5596
5602
5604
5604
5610
5610
5610
5614
5618
5620
5622
5626
5626
5630
5630
5632
5634
5634
5634
5638
5642
5644
5644
5652
5652
5654
5654
5656
5658
5658
5658
5660
5662
5664
5666
5668
5668
5670
5672
5674
5678
5680
5680
5682
5686
5688
5690
5692
5696
5698
5700
5702
5704
5706
5712
5712
5714
5718
5718
5720
5720
5720
5720
5724
5724
5726
5730
5732
5734
5734
5734
5738
5740
5742
5742
5744
5746
5748
5750
5762
5766
5770
5772
5774
5774
5780
5782
5782
5786
5790
5790
5792
5798
5802
5808
5810
5812
5814
5814
5818
5818
5820
5822
5822
5824
5830
5832
5840
5840
5842
5844
5844
5850
5852
5856
5864
5868
5870
5870
5870
5874
5876
5878
5878
5878
5880
5880
5880
5882
5882
5886
5886
5888
5890
5894
5896
5898
5898
5904
5904
5904
5906
5906
5916
5920
5922
5926
5930
5930
5946
5950
5952
5952
5954
5956
5960
5964
5966
5970
5974
5976
5978
5982
5984
5986
5988
5992
5996
5998
6012
6012
6014
6018
6018
6020
6026
6026
6030
6044
6044
6046
6052
6056
6056
6062
6064
6076
6080
6080
6082
6082
6082
6100
6100
6116
6128
6134
6158
6162
6164
6180
6202
6206
6216
6230
6240
6252
6256
6260
6262
6264
6272
6278
6290
6292
6300
6314
6342
6344
6400
6402
6408
6412
6414
6416
6422
6438
6448
6486
6502
6512
6550
6552
6556
6596
6600
6624
6626
6648
6682
6710
6728
6748
6750
6768
6774
6832
6852
6910
6994
7094
7186
7210
7222
7236
7298
7310
7380
7424
7486
7580
7780
7784
7792
7854
8216
8708
8780
8800
8944
9198
9268
9562
10102
10422
10460
10606
10646
10864
10954
10966
11108
11390
11466
11564
11666
12000
12728
13246
14194
14270
14414
14472
14670
14708
14774
14904
14978
15016
15084
15344
15792
15906
17452
17938
17950
18358
18960
19122
20040
20698
20808
20844
21508
21764
22182
22516
23390
24148
24176
24288
24326
24368
24518
24594
24722
24778
24806
24852
24876
24884
24898
25132
25372
25488
27012
27034
27166
27282
27394
28598
28736
29416
31326
31434
31716
32042
32574
32758
32804
32896
33564
34868
35052
35232
35242
35244
35326
35374
35462
35544
35560
35716
35876
35924
35988
38398
39290
40290
40434
40600
41608
81358
394750
