Latencies
5128
5130
5134
5134
5134
5136
5150
5152
5156
5160
5162
5164
5164
5166
5166
5166
5168
5170
5170
5170
5172
5176
5178
5178
5180
5180
5180
5182
5184
5184
5184
5186
5188
5188
5188
5190
5190
5190
5192
5192
5192
5192
5194
5196
5196
5196
5198
5198
5198
5198
5200
5202
5202
5204
5204
5206
5206
5208
5210
5210
5212
5212
5212
5214
5216
5218
5218
5220
5222
5224
5224
5224
5226
5226
5226
5228
5228
5230
5230
5230
5232
5232
5232
5232
5232
5234
5234
5234
5234
5234
5236
5236
5240
5242
5244
5244
5244
5244
5246
5248
5248
5248
5250
5250
5250
5250
5250
5250
5250
5250
5252
5252
5254
5254
5254
5256
5258
5260
5260
5262
5262
5262
5266
5266
5268
5268
5268
5270
5270
5270
5270
5272
5272
5272
5272
5274
5274
5274
5274
5274
5274
5274
5276
5276
5276
5276
5276
5276
5278
5280
5280
5280
5280
5282
5282
5282
5282
5284
5284
5284
5284
5284
5284
5286
5286
5286
5288
5288
5288
5290
5290
5290
5290
5292
5292
5292
5294
5294
5294
5296
5296
5296
5296
5296
5296
5296
5298
5298
5298
5298
5300
5300
5300
5300
5300
5300
5300
5302
5302
5302
5304
5304
5304
5304
5306
5306
5308
5308
5308
5310
5312
5312
5312
5312
5312
5314
5314
5314
5314
5316
5316
5316
5318
5318
5318
5318
5318
5318
5320
5320
5320
5320
5320
5322
5322
5322
5324
5324
5324
5324
5326
5326
5326
5328
5328
5328
5330
5330
5330
5330
5330
5330
5330
5330
5332
5332
5332
5332
5332
5332
5334
5334
5334
5336
5336
5336
5336
5338
5338
5338
5338
5338
5340
5340
5340
5340
5340
5342
5342
5342
5342
5344
5344
5344
5344
5344
5346
5346
5346
5346
5346
5346
5348
5348
5348
5348
5348
5348
5350
5350
5350
5350
5350
5352
5352
5352
5354
5354
5354
5354
5356
5356
5356
5356
5356
5358
5358
5358
5358
5360
5360
5360
5360
5360
5360
5360
5360
5362
5362
5364
5364
5366
5366
5366
5366
5366
5368
5370
5370
5370
5372
5372
5374
5374
5374
5374
5376
5376
5378
5378
5378
5380
5380
5380
5380
5382
5382
5382
5384
5384
5384
5384
5384
5386
5386
5386
5386
5386
5388
5388
5390
5390
5392
5392
5392
5392
5392
5394
5394
5394
5396
5396
5396
5398
5398
5398
5398
5398
5398
5400
5400
5400
5400
5400
5402
5402
5402
5404
5404
5406
5406
5410
5410
5410
5412
5412
5414
5414
5414
5416
5416
5416
5418
5418
5420
5420
5422
5422
5422
5422
5424
5424
5426
5426
5426
5428
5430
5432
5432
5432
5434
5434
5434
5436
5436
5440
5440
5442
5442
5442
5444
5444
5444
5444
5446
5446
5450
5452
5452
5458
5458
5460
5462
5462
5462
5464
5464
5466
5468
5470
5472
5472
5472
5474
5474
5476
5478
5478
5478
5482
5482
5482
5482
5484
5486
5486
5488
5488
5490
5490
5492
5492
5492
5494
5494
5494
5496
5500
5500
5500
5500
5502
5504
5504
5504
5506
5506
5512
5512
5516
5516
5518
5518
5518
5526
5528
5530
5530
5532
5534
5536
5538
5538
5540
5540
5540
5542
5542
5544
5546
5548
5550
5558
5558
5562
5566
5568
5568
5570
5570
5574
5576
5576
5578
5578
5580
5586
5586
5586
5588
5590
5590
5590
5592
5594
5596
5596
5602
5604
5604
5606
5608
5612
5614
5614
5616
5618
5620
5620
5620
5620
5622
5622
5622
5624
5626
5626
5626
5638
5638
5640
5644
5646
5646
5650
5652
5652
5656
5658
5660
5662
5664
5666
5670
5670
5672
5672
5682
5682
5682
5684
5684
5686
5688
5688
5692
5704
5704
5706
5706
5708
5708
5708
5710
5712
5714
5716
5716
5716
5718
5722
5726
5728
5728
5728
5730
5732
5736
5736
5738
5740
5740
5742
5742
5746
5752
5756
5756
5758
5758
5760
5772
5776
5776
5778
5788
5790
5792
5794
5796
5796
5798
5798
5800
5802
5804
5808
5810
5810
5814
5816
5820
5822
5826
5826
5826
5826
5828
5830
5832
5832
5836
5838
5840
5850
5854
5854
5856
5858
5862
5864
5866
5866
5870
5872
5872
5876
5878
5886
5886
5886
5888
5890
5890
5892
5892
5894
5900
5904
5910
5912
5914
5916
5918
5922
5928
5932
5932
5934
5936
5940
5940
5940
5942
5944
5946
5946
5946
5954
5958
5958
5960
5964
5970
5970
5972
5974
5980
5994
5998
6008
6008
6016
6018
6018
6022
6022
6024
6026
6026
6028
6030
6030
6032
6036
6036
6038
6038
6038
6048
6050
6058
6058
6058
6060
6062
6064
6066
6078
6082
6082
6092
6096
6098
6100
6106
6110
6110
6112
6114
6116
6118
6122
6122
6124
6128
6134
6138
6142
6152
6154
6156
6172
6180
6192
6194
6200
6204
6208
6210
6210
6210
6244
6244
6244
6274
6280
6308
6366
6372
6376
6376
6388
6398
6422
6436
6442
6476
6502
6504
6538
6550
6594
6624
6642
6660
6724
6736
6736
6742
6754
6784
6792
6850
6874
6874
6898
6900
6902
6928
6930
6950
6962
6974
6992
7012
7042
7050
7104
7186
7232
7240
7280
7292
7300
7304
7336
7368
7418
7422
7442
7482
7562
7718
7722
7724
7784
8354
8572
8704
8768
8850
9044
9578
9614
9802
9812
9826
9856
10014
10034
10192
10200
10284
10498
10522
10560
10586
10608
10638
10648
10662
10734
10764
10774
10954
10964
10984
11226
11418
11456
11536
11980
12930
13006
13196
13566
13688
13708
14084
14150
14214
14328
14392
14702
14810
14816
14880
14894
14898
14998
15402
15620
15634
16490
17396
17576
17626
17868
18694
18778
19274
20378
20660
21526
21720
22022
22786
22980
23274
23418
23636
23706
23772
24260
24358
24486
24546
24626
24690
24690
24692
24786
24792
24802
24870
24910
24962
24980
24990
25102
25130
25132
25166
25200
25316
25350
25488
25564
25706
25798
25942
26160
26560
26852
27254
27412
27934
28948
30714
30754
30986
31986
32320
32816
33186
33438
33480
33898
33986
34080
35368
35374
35414
35434
35452
35452
35488
35862
35882
36030
36076
36600
36868
40444
40746
40828
40892
41042
41144
42416
43250
43590
43808
44972
45600
50766
61054
81496
84428
