Latencies
5138
5202
5218
5222
5230
5234
5242
5246
5260
5262
5264
5268
5270
5284
5288
5290
5300
5304
5308
5316
5316
5318
5324
5326
5332
5338
5342
5342
5342
5342
5346
5348
5350
5352
5354
5354
5358
5366
5374
5378
5388
5404
5412
5414
5416
5416
5420
5422
5428
5432
5432
5442
5448
5452
5458
5458
5460
5468
5480
5482
5482
5500
5502
5504
5504
5526
5528
5528
5540
5546
5546
5546
5548
5552
5556
5556
5562
5564
5566
5568
5568
5580
5584
5586
5588
5592
5598
5608
5610
5618
5628
5628
5632
5634
5638
5650
5650
5662
5662
5666
5682
5686
5700
5700
5706
5710
5714
5730
5734
5744
5748
5752
5754
5762
5772
5790
5794
5798
5800
5804
5818
5838
5840
5868
5870
5872
5874
5874
5882
5898
5900
5908
5910
5936
5944
5946
5950
5962
5968
5984
5990
6002
6026
6066
6086
6086
6100
6112
6194
6258
6328
6374
6388
6418
6426
6430
6480
6482
6530
6544
6608
6630
6640
6682
6814
6820
6892
6962
6984
7010
7066
7120
7136
7150
7196
7212
7212
7226
7242
7282
7414
7540
7598
7656
7670
7688
7694
7736
7756
7772
7844
7850
7918
7948
7962
8018
8028
8122
8124
8150
8162
8226
8274
8342
8466
8562
8608
8628
8634
8710
8818
8926
9018
9238
9298
9378
9456
9628
9726
9744
9790
9866
9890
9936
9956
10190
10344
10384
10402
10472
10498
10500
10508
10538
10562
10566
10750
10804
10874
10944
10986
11058
11066
11084
11118
11122
11170
11186
11300
11312
11380
11536
11566
11698
11758
11822
11836
11900
11924
11948
12044
12066
12274
12304
12312
12378
12388
12492
12518
12596
12692
12724
12740
12890
13018
13114
13164
13168
13340
13384
13422
13428
13434
13478
13492
13532
13606
13632
13644
13646
13686
13770
13802
13830
13900
13944
13972
14022
14028
14058
14066
14072
14100
14112
14154
14176
14210
14222
14248
14282
14284
14302
14360
14398
14424
14432
14440
14442
14448
14454
14456
14464
14466
14470
14470
14478
14496
14498
14508
14518
14532
14538
14548
14570
14572
14584
14586
14586
14590
14594
14602
14610
14624
14628
14642
14644
14656
14656
14658
14660
14662
14662
14668
14674
14674
14690
14690
14692
14692
14696
14702
14702
14710
14710
14710
14712
14716
14724
14734
14740
14740
14740
14746
14750
14750
14754
14756
14758
14760
14774
14780
14784
14788
14788
14788
14788
14792
14794
14800
14804
14808
14810
14816
14818
14818
14822
14824
14828
14830
14834
14836
14836
14844
14846
14850
14852
14854
14856
14856
14860
14860
14862
14862
14864
14868
14872
14874
14874
14874
14876
14878
14882
14882
14882
14884
14888
14888
14888
14890
14900
14900
14902
14904
14908
14910
14910
14912
14918
14918
14920
14920
14920
14920
14920
14922
14924
14926
14928
14938
14938
14938
14940
14940
14944
14950
14954
14954
14954
14954
14956
14962
14964
14968
14970
14976
14978
14978
14980
14982
14990
14992
14996
14996
14996
14998
15002
15006
15006
15006
15008
15012
15012
15012
15014
15014
15018
15018
15024
15028
15028
15030
15034
15038
15040
15042
15042
15044
15048
15052
15054
15066
15070
15072
15072
15074
15076
15076
15082
15084
15088
15090
15092
15094
15100
15102
15106
15108
15108
15112
15116
15118
15122
15122
15126
15126
15130
15134
15134
15134
15136
15142
15148
15148
15150
15152
15158
15160
15162
15164
15164
15164
15168
15168
15172
15172
15172
15172
15174
15176
15178
15180
15180
15180
15184
15186
15190
15190
15192
15194
15196
15196
15196
15198
15200
15204
15206
15206
15208
15208
15210
15210
15212
15214
15216
15216
15218
15218
15220
15220
15222
15222
15222
15224
15226
15228
15228
15228
15230
15234
15234
15236
15238
15240
15242
15244
15246
15246
15248
15248
15248
15248
15250
15252
15254
15254
15256
15256
15258
15260
15262
15262
15262
15264
15264
15266
15268
15272
15272
15272
15272
15274
15276
15276
15276
15282
15286
15288
15292
15292
15294
15294
15296
15298
15300
15300
15304
15306
15308
15310
15314
15316
15322
15322
15324
15328
15332
15332
15336
15338
15340
15344
15348
15350
15358
15358
15372
15372
15376
15386
15388
15390
15390
15390
15392
15392
15394
15396
15408
15410
15412
15412
15414
15430
15432
15436
15438
15452
15452
15454
15456
15460
15462
15462
15466
15472
15472
15474
15476
15484
15484
15492
15494
15496
15500
15506
15510
15514
15544
15552
15558
15560
15564
15566
15570
15572
15576
15582
15584
15588
15590
15592
15594
15598
15606
15620
15624
15628
15636
15644
15646
15652
15660
15664
15674
15674
15676
15676
15682
15698
15698
15700
15708
15710
15720
15734
15738
15738
15738
15742
15748
15752
15768
15772
15776
15846
15854
15862
15870
15888
15908
15914
15914
15950
15954
15954
15968
15972
15998
16002
16022
16030
16042
16060
16072
16100
16100
16162
16174
16230
16308
16352
16382
16452
16606
16638
16642
16758
16876
16960
17036
17080
17144
17144
17272
17622
17672
17846
18380
18420
18448
18520
18538
18566
18612
18796
18824
19202
19216
19350
19430
19436
19484
19578
19684
20356
20484
20492
20520
20546
20552
20674
20710
20710
20986
21340
21380
21384
21580
21736
22210
22226
22312
22426
22684
22722
22986
23052
23068
23172
23588
23682
23876
23888
23928
24032
24116
24136
24142
24206
24206
24234
24252
24336
24412
24428
24498
24506
24602
24614
24620
24676
24750
24770
24814
24842
24872
24914
24920
24924
25036
25108
25156
25168
25264
25342
25484
25500
25538
25538
25684
25858
26158
26296
26506
26574
26752
26832
26858
27056
27140
27270
27800
27812
28012
28348
28934
29070
29428
29428
29442
29502
29796
30046
30256
30362
30660
30914
30944
31290
31360
31614
31678
31736
31934
32036
32052
32194
32218
33048
33066
33070
33702
34066
34088
34168
34232
34272
34354
34428
34506
34524
34558
34750
34820
34832
34928
34966
34992
35012
35130
35236
35364
35528
35552
35630
35800
35812
37194
37980
39688
40166
40428
41416
41696
42710
42982
43238
43324
45026
46076
46158
47054
47188
48326
49682
58590
60044
63058
65754
70470
229242
239154
537716
800222
963750
1021146
1149344
2109676
2274160
3438424
30795346
