Latencies
5382
5416
5474
5474
5588
5614
5716
5720
5738
5748
5780
5834
5838
5906
5910
5998
6062
6072
6208
6222
6272
6324
6328
6422
6554
6762
6912
7006
7140
7314
7338
7706
7878
8100
8118
8190
8310
8324
8406
8510
8556
8640
9004
9102
9454
9522
9790
10008
10210
10220
10290
10326
10346
10668
10714
10800
10838
10852
10952
11038
11158
11438
11580
11866
12058
12062
12112
12158
12228
12260
12338
12486
12694
12756
12766
12800
12896
13042
13126
13326
13368
13440
13546
13576
13740
13768
13790
13806
13874
13998
14114
14134
14166
14178
14186
14192
14220
14244
14290
14296
14326
14326
14370
14392
14406
14410
14416
14444
14456
14468
14476
14480
14496
14518
14522
14526
14538
14550
14564
14576
14580
14592
14598
14598
14604
14610
14632
14634
14636
14638
14640
14646
14654
14658
14658
14660
14682
14694
14698
14702
14702
14712
14716
14716
14720
14724
14724
14730
14736
14736
14736
14744
14746
14750
14762
14762
14764
14776
14784
14788
14808
14812
14816
14834
14838
14850
14850
14860
14862
14862
14866
14868
14868
14870
14874
14876
14884
14896
14916
14924
14926
14928
14936
14936
14944
14944
14954
14956
14960
14962
14974
14978
14978
14978
14980
14982
14988
14988
14990
14992
14992
14994
14996
15004
15006
15008
15014
15016
15024
15030
15030
15036
15036
15036
15038
15040
15044
15046
15046
15046
15048
15050
15054
15054
15058
15058
15060
15062
15062
15062
15064
15064
15064
15068
15068
15074
15076
15076
15076
15080
15082
15082
15084
15084
15084
15088
15088
15088
15090
15090
15094
15096
15096
15100
15100
15104
15106
15108
15110
15110
15112
15112
15114
15114
15116
15118
15124
15138
15142
15146
15148
15152
15158
15166
15166
15166
15172
15174
15174
15178
15184
15186
15188
15190
15192
15192
15194
15202
15202
15202
15204
15208
15216
15218
15218
15218
15226
15232
15234
15234
15234
15278
15280
15282
15290
15292
15298
15302
15304
15310
15316
15326
15328
15338
15340
15348
15370
15380
15392
15394
15422
15474
15484
15522
15562
15586
15586
15662
15670
15674
15676
15724
15732
15748
15758
15760
15760
15766
15852
15878
15916
15932
15932
16022
16060
16118
16152
16208
16234
16260
16328
16384
16390
16400
16408
16504
16538
17256
17428
17670
17762
18162
18342
18464
18748
19094
19486
19496
19830
19862
19922
20654
20678
20680
21156
21200
21428
21440
21500
21552
21556
21846
21992
22006
22008
22020
22108
22162
22174
22290
22372
22470
22616
22680
22962
23054
23106
23348
23430
23672
23742
23816
23868
23926
23974
24236
24278
24278
24372
24394
24420
24502
24562
24582
24590
24618
24620
24688
24714
24742
24744
24820
24904
24924
25084
25120
25126
25152
25156
25214
25218
25240
25298
25392
25500
25630
25688
25814
25924
25932
25996
26154
26178
26214
26316
26382
26474
27254
27414
27474
27636
27776
27848
27946
28436
28492
28774
29096
29384
29598
29762
29808
29910
29982
30146
30268
30318
30650
30728
30740
30764
30854
30956
31130
31318
31504
31986
32014
32112
32306
32396
32442
32484
32574
32638
32692
32838
32860
32868
32936
32954
33022
33072
33092
33118
33162
33210
33242
33256
33260
33284
33298
33344
33346
33380
33450
33474
33482
33514
33524
33536
33574
33576
33594
33594
33608
33610
33614
33632
33648
33650
33650
33658
33666
33670
33676
33682
33698
33704
33716
33732
33746
33750
33754
33772
33778
33778
33780
33788
33790
33794
33804
33824
33826
33826
33832
33846
33852
33856
33856
33856
33864
33866
33872
33884
33902
33908
33920
33924
33944
33954
33954
33990
33992
33992
33994
33998
34010
34014
34028
34042
34062
34066
34068
34076
34080
34082
34088
34092
34092
34106
34110
34126
34128
34128
34132
34138
34138
34154
34164
34166
34168
34176
34184
34188
34200
34208
34218
34230
34232
34238
34244
34258
34276
34276
34278
34282
34284
34290
34296
34300
34310
34316
34344
34348
34348
34350
34356
34356
34356
34358
34358
34362
34366
34370
34372
34378
34380
34388
34390
34394
34398
34406
34410
34420
34422
34424
34430
34430
34434
34434
34434
34444
34450
34450
34456
34466
34466
34468
34474
34474
34480
34482
34484
34484
34486
34488
34492
34492
34504
34508
34510
34518
34522
34524
34526
34528
34528
34532
34534
34538
34540
34544
34554
34556
34556
34562
34562
34564
34572
34574
34578
34578
34578
34580
34584
34586
34598
34600
34600
34602
34606
34614
34614
34618
34624
34626
34626
34626
34626
34628
34628
34630
34632
34640
34644
34646
34648
34650
34654
34656
34658
34658
34664
34666
34670
34678
34682
34684
34686
34686
34686
34696
34696
34698
34700
34702
34704
34704
34706
34708
34712
34712
34730
34734
34736
34738
34738
34742
34744
34746
34748
34760
34764
34774
34790
34792
34794
34794
34796
34810
34812
34812
34816
34820
34820
34822
34828
34828
34830
34836
34848
34858
34868
34876
34876
34888
34890
34900
34902
34922
34934
34946
34958
34966
34968
34970
34976
34980
34986
34998
35014
35020
35024
35026
35038
35044
35048
35060
35062
35064
35072
35088
35092
35102
35104
35106
35126
35132
35132
35136
35154
35186
35186
35198
35198
35200
35202
35208
35222
35242
35244
35248
35248
35256
35270
35302
35306
35320
35326
35326
35330
35362
35370
35376
35402
35414
35472
35486
35516
35568
35580
35602
35648
35678
35704
35734
35796
35830
35876
35894
35904
35906
35964
36046
36054
36238
36276
36388
36658
36820
36922
37350
39002
39248
40166
40274
40466
40594
40734
41180
41420
42048
42510
42614
42904
42968
43334
43618
43762
43854
43948
44008
44102
44346
44430
44664
44812
44982
45024
45094
45352
45420
46858
47004
49086
49226
50476
51410
52146
52618
52624
52838
52942
52964
53218
53244
53262
53302
53358
53442
53446
53454
53552
53562
53710
53716
53744
53750
53782
53816
53822
53858
53890
53910
53916
54064
54100
54110
54144
54168
54178
54320
54324
54378
54388
54396
54442
54446
54512
54516
54546
54556
54604
54708
54840
54852
54910
55054
55084
55102
55170
57126
57416
58392
59274
60392
61140
61218
62370
63272
63672
63840
64112
64210
64260
64272
64544
64578
64766
64918
64932
65100
65238
66906
67652
68372
68732
68740
69786
72562
73226
74086
74930
75314
78102
79088
79528
79712
85282
88632
88786
88920
92088
94838
96472
97184
97532
97540
97638
99720
103150
107768
109408
124528
135534
136896
158384
621996
1156266
