Latencies
5190
5206
5214
5228
5252
5260
5272
5274
5276
5282
5286
5292
5292
5294
5296
5298
5298
5300
5300
5306
5312
5312
5312
5314
5318
5318
5320
5324
5324
5326
5326
5328
5328
5330
5330
5330
5336
5338
5340
5342
5346
5348
5348
5350
5352
5354
5354
5356
5358
5358
5360
5360
5360
5360
5360
5364
5364
5364
5366
5366
5366
5368
5368
5368
5368
5370
5370
5372
5372
5372
5374
5374
5376
5376
5378
5380
5382
5382
5384
5386
5386
5386
5390
5392
5392
5392
5392
5392
5394
5396
5398
5400
5400
5400
5402
5404
5404
5404
5404
5406
5406
5406
5406
5406
5408
5408
5410
5410
5410
5410
5410
5412
5414
5414
5414
5414
5416
5416
5418
5418
5422
5422
5422
5422
5424
5426
5426
5428
5428
5428
5434
5434
5434
5434
5434
5434
5436
5436
5438
5438
5442
5444
5444
5444
5446
5446
5446
5446
5446
5448
5450
5452
5454
5454
5456
5458
5458
5460
5460
5462
5462
5464
5464
5464
5466
5466
5466
5468
5470
5470
5472
5472
5480
5484
5484
5484
5484
5486
5486
5488
5488
5488
5490
5492
5496
5496
5500
5500
5502
5504
5504
5506
5508
5508
5510
5512
5512
5512
5514
5514
5518
5518
5518
5518
5520
5520
5522
5526
5528
5528
5528
5530
5532
5532
5534
5536
5536
5536
5538
5540
5540
5542
5542
5546
5548
5550
5550
5550
5552
5554
5554
5554
5556
5556
5556
5562
5564
5564
5566
5568
5570
5572
5574
5576
5578
5582
5586
5588
5588
5588
5590
5590
5592
5592
5594
5598
5598
5600
5602
5612
5612
5614
5614
5614
5614
5616
5618
5620
5620
5624
5626
5626
5628
5630
5630
5634
5636
5638
5638
5638
5638
5638
5640
5642
5644
5646
5646
5650
5650
5650
5652
5654
5660
5662
5664
5668
5672
5676
5682
5682
5688
5692
5692
5694
5694
5696
5698
5698
5700
5700
5704
5706
5706
5708
5708
5708
5710
5714
5714
5716
5716
5720
5722
5722
5724
5724
5730
5730
5734
5734
5736
5744
5750
5750
5754
5754
5754
5756
5760
5760
5764
5768
5772
5772
5774
5776
5776
5784
5784
5786
5786
5788
5788
5788
5788
5788
5790
5790
5792
5796
5796
5798
5800
5800
5800
5802
5804
5806
5810
5814
5814
5828
5828
5834
5834
5834
5836
5838
5838
5840
5842
5848
5862
5862
5874
5876
5886
5886
5888
5892
5892
5896
5898
5904
5908
5912
5914
5918
5918
5924
5926
5930
5932
5934
5940
5940
5942
5942
5942
5944
5948
5952
5954
5958
5960
5960
5962
5966
5966
5968
5968
5976
5980
5984
5986
5988
5988
5992
5994
5994
5996
6002
6008
6010
6016
6018
6018
6020
6022
6026
6034
6042
6042
6050
6050
6052
6054
6056
6058
6064
6064
6068
6068
6072
6072
6078
6088
6096
6100
6100
6104
6108
6122
6128
6128
6130
6134
6142
6146
6148
6150
6154
6162
6166
6168
6170
6174
6174
6176
6178
6180
6184
6184
6198
6204
6204
6214
6224
6248
6260
6264
6276
6292
6296
6314
6328
6356
6398
6434
6484
6512
6524
6530
6540
6554
6558
6562
6570
6586
6586
6588
6596
6624
6628
6664
6668
6724
6736
6740
6740
6760
6762
6790
6812
6850
6868
6872
6892
6934
6936
6968
6998
7066
7114
7186
7242
7298
7350
7512
7664
7850
7860
8038
8326
8356
8406
8508
8546
8588
8942
8998
9368
9502
9524
10128
10396
10428
10568
10592
10648
11040
11104
11150
11248
11566
11980
12182
12228
12468
12608
12762
13714
13802
13874
13978
14252
14254
14262
14276
14290
14322
14326
14346
14364
14418
14422
14448
14454
14456
14464
14478
14480
14506
14546
14550
14566
14568
14570
14570
14570
14578
14590
14596
14600
14604
14614
14620
14622
14636
14648
14650
14650
14652
14652
14672
14674
14680
14680
14688
14706
14708
14718
14726
14728
14734
14734
14738
14750
14750
14750
14750
14752
14754
14766
14766
14770
14770
14772
14776
14776
14782
14792
14792
14792
14794
14794
14796
14800
14800
14802
14802
14802
14808
14808
14818
14818
14820
14828
14832
14836
14836
14840
14850
14856
14860
14868
14868
14870
14876
14880
14882
14886
14888
14890
14892
14898
14900
14904
14908
14908
14912
14918
14926
14926
14928
14930
14932
14932
14942
14942
14944
14946
14948
14950
14952
14952
14966
14968
14970
14972
14972
14976
14978
14980
14982
14982
14982
14984
14984
14984
14986
14986
14988
14988
14988
14988
14992
14992
14994
14996
15000
15000
15002
15002
15006
15006
15010
15012
15016
15020
15022
15024
15030
15032
15032
15036
15038
15040
15040
15042
15042
15042
15044
15044
15044
15046
15046
15048
15048
15056
15064
15066
15066
15068
15070
15072
15074
15078
15078
15080
15082
15084
15084
15090
15092
15094
15094
15098
15104
15104
15106
15110
15112
15114
15116
15118
15126
15130
15134
15136
15142
15156
15156
15166
15170
15170
15178
15180
15184
15184
15186
15188
15194
15202
15202
15204
15204
15210
15214
15218
15220
15228
15228
15238
15244
15244
15250
15250
15254
15256
15258
15258
15262
15264
15268
15270
15272
15280
15280
15280
15280
15280
15282
15286
15286
15300
15304
15304
15308
15314
15318
15324
15332
15336
15340
15342
15360
15364
15378
15384
15384
15392
15392
15394
15398
15402
15404
15406
15406
15414
15418
15418
15420
15442
15458
15460
15464
15466
15474
15488
15492
15500
15500
15508
15512
15516
15532
15540
15542
15544
15566
15576
15580
15586
15624
15626
15632
15652
15664
15686
15690
15694
15696
15700
15718
15752
15762
15808
15848
15850
15876
15900
15956
16014
16054
16090
16146
16180
16194
16246
16302
16322
16516
16618
16708
17162
17600
18310
19782
20458
20500
22128
22250
23612
24110
24266
24282
24414
24490
24596
24644
24758
24790
24808
24838
24964
25010
25134
25136
25186
25290
25310
25392
25418
25426
25438
25602
25678
25744
25836
26050
26148
28342
28388
29982
31032
31376
33592
33792
34032
34292
34430
34548
34562
34600
34664
34674
34682
35118
35156
35232
35456
35468
35622
35732
36192
37052
37638
38874
39108
39868
39934
40752
41036
41298
43424
45578
45732
46050
50434
50884
51424
51438
52906
54388
55026
58158
58898
69496
159022
