Latencies
5038
5070
5086
5118
5118
5128
5136
5144
5148
5160
5188
5190
5192
5194
5196
5202
5206
5210
5212
5216
5216
5218
5220
5222
5224
5230
5236
5242
5244
5244
5244
5244
5252
5254
5264
5264
5266
5268
5270
5270
5272
5272
5274
5274
5274
5276
5278
5278
5282
5284
5286
5286
5288
5290
5300
5302
5302
5304
5306
5308
5312
5320
5322
5324
5324
5334
5358
5362
5362
5366
5366
5372
5374
5380
5382
5382
5388
5388
5390
5392
5392
5394
5398
5400
5418
5420
5420
5424
5430
5434
5440
5456
5456
5458
5462
5466
5476
5478
5480
5492
5504
5508
5520
5550
5594
5596
5606
5628
5630
5646
5656
5658
5662
5664
5668
5698
5706
5726
5816
5820
5866
5866
5914
5940
5962
5968
6088
6088
6092
6136
6136
6216
6228
6232
6250
6266
6286
6314
6342
6400
6446
6470
6496
6600
6600
6650
6680
6742
6786
6804
6836
6942
7152
7276
7342
7662
7726
7744
7758
7886
7966
7982
8000
8014
8136
8226
8268
8374
8536
8538
8540
8576
8608
8658
8686
8736
8866
8880
8974
9036
9056
9066
9104
9280
9302
9480
9694
9738
9900
9900
10076
10090
10160
10248
10272
10484
10720
10828
10954
10960
10966
10972
11042
11048
11102
11204
11262
11442
11448
11552
11596
11748
11760
11930
12078
12154
12160
12310
12388
12600
12640
12688
12712
12726
12758
12774
12844
12900
12972
13032
13046
13326
13370
13470
13734
13860
13874
13964
13984
14012
14040
14052
14070
14120
14128
14154
14174
14188
14200
14234
14244
14246
14246
14252
14262
14290
14300
14302
14308
14314
14320
14324
14336
14350
14354
14360
14372
14372
14374
14388
14400
14402
14412
14422
14428
14444
14456
14464
14468
14474
14476
14480
14490
14494
14498
14498
14502
14508
14510
14510
14518
14534
14538
14538
14546
14550
14556
14560
14560
14560
14564
14576
14584
14588
14588
14592
14596
14602
14606
14606
14606
14614
14618
14622
14624
14628
14634
14636
14648
14648
14648
14650
14650
14652
14654
14654
14654
14660
14662
14662
14670
14674
14674
14676
14676
14678
14682
14696
14704
14704
14706
14706
14708
14714
14714
14716
14718
14720
14722
14726
14734
14734
14740
14750
14756
14760
14762
14764
14776
14780
14782
14784
14784
14790
14790
14792
14794
14794
14798
14798
14798
14802
14802
14802
14804
14806
14808
14810
14810
14812
14818
14818
14818
14822
14830
14836
14836
14840
14842
14850
14850
14852
14852
14854
14856
14856
14856
14858
14860
14862
14864
14864
14864
14866
14866
14868
14868
14870
14872
14876
14876
14878
14882
14882
14882
14888
14888
14890
14892
14892
14894
14894
14894
14896
14896
14896
14898
14902
14902
14904
14906
14908
14910
14912
14912
14916
14916
14918
14918
14920
14920
14920
14920
14922
14924
14926
14928
14930
14934
14938
14942
14944
14948
14948
14952
14952
14952
14952
14958
14958
14958
14960
14960
14962
14962
14964
14966
14968
14968
14970
14972
14976
14978
14980
14982
14982
14984
14986
14986
14986
14990
14990
14992
14994
14996
14998
15000
15000
15002
15002
15002
15004
15004
15010
15014
15016
15018
15022
15024
15026
15028
15032
15032
15032
15032
15032
15036
15036
15036
15038
15038
15040
15042
15044
15046
15046
15052
15054
15056
15056
15056
15058
15064
15064
15066
15066
15068
15068
15068
15070
15070
15072
15074
15076
15076
15080
15082
15082
15082
15086
15086
15088
15088
15092
15092
15092
15092
15094
15096
15096
15096
15096
15098
15098
15100
15100
15102
15104
15104
15104
15106
15108
15108
15108
15108
15108
15108
15108
15110
15114
15114
15114
15114
15116
15116
15116
15118
15118
15118
15118
15118
15120
15122
15122
15122
15122
15124
15124
15126
15126
15126
15126
15130
15132
15132
15134
15134
15134
15134
15134
15136
15136
15136
15136
15138
15138
15138
15138
15140
15140
15140
15140
15142
15142
15142
15142
15144
15144
15146
15146
15146
15146
15146
15148
15148
15150
15150
15150
15150
15150
15152
15152
15152
15154
15156
15158
15158
15158
15160
15160
15162
15164
15164
15164
15164
15164
15164
15164
15166
15166
15166
15166
15166
15168
15168
15172
15172
15176
15176
15178
15178
15180
15180
15186
15188
15188
15188
15190
15194
15194
15194
15196
15198
15198
15200
15200
15200
15202
15202
15204
15206
15206
15206
15208
15208
15212
15212
15214
15214
15216
15218
15228
15228
15228
15230
15230
15236
15244
15244
15246
15248
15248
15250
15252
15252
15254
15254
15256
15258
15262
15264
15266
15270
15272
15280
15280
15284
15292
15294
15298
15300
15300
15300
15302
15310
15310
15312
15314
15316
15318
15318
15322
15328
15330
15330
15332
15332
15334
15340
15342
15342
15352
15356
15356
15366
15368
15370
15372
15374
15376
15380
15384
15392
15394
15394
15398
15404
15406
15406
15408
15408
15410
15416
15422
15426
15428
15438
15442
15442
15444
15446
15448
15452
15452
15470
15472
15472
15472
15476
15480
15486
15490
15496
15496
15502
15518
15518
15524
15526
15528
15534
15534
15540
15548
15550
15558
15560
15570
15572
15580
15582
15584
15588
15594
15596
15598
15600
15610
15626
15632
15640
15642
15646
15658
15660
15664
15666
15668
15674
15706
15724
15726
15756
15768
15782
15798
15800
15814
15826
15876
15902
15922
15924
15932
15940
15958
16018
16020
16278
16290
16338
16512
17224
17656
17966
18332
18470
19016
19398
19492
19808
19992
20202
20352
20376
20484
20514
20632
20734
20758
20988
21152
21236
21408
21472
21590
21836
21888
22030
22134
22292
23334
23498
23644
23978
24190
24320
24340
24342
24462
24490
24514
24582
24668
24806
24852
24942
24970
25042
25042
25094
25114
25142
25156
25174
25180
25196
25242
25248
25260
25292
25398
25400
25428
25474
25522
25560
25614
25794
25998
26398
26716
26924
27250
29186
29394
29928
30192
31412
32520
33276
33376
33436
34718
34728
34788
34798
34818
34890
34950
34960
35008
35102
35628
35642
35718
35980
36074
36262
36422
36562
36792
37466
38462
39028
39040
39044
39472
40280
40382
41796
43010
43492
43776
44062
44688
44728
44852
44942
45028
45294
45352
45636
45688
45744
45814
46148
49246
50168
50378
51010
51736
51934
53038
54074
54350
54964
56098
61504
68518
111826
181572
