Latencies
5134
5164
5200
5204
5216
5258
5264
5270
5280
5286
5292
5298
5298
5300
5300
5302
5304
5306
5310
5320
5320
5324
5324
5326
5334
5338
5346
5348
5352
5360
5370
5370
5370
5372
5388
5390
5408
5416
5418
5418
5424
5440
5440
5450
5458
5464
5468
5468
5472
5474
5476
5478
5478
5480
5480
5494
5512
5516
5520
5522
5524
5530
5534
5536
5564
5566
5568
5578
5582
5586
5590
5592
5602
5606
5612
5616
5648
5670
5674
5678
5688
5698
5704
5716
5722
5722
5722
5732
5738
5738
5738
5760
5784
5786
5800
5800
5812
5814
5862
5874
5880
5884
5892
5910
5916
5922
5940
5946
6016
6028
6038
6094
6108
6110
6126
6136
6142
6146
6156
6232
6234
6246
6252
6262
6340
6358
6436
6464
6550
6566
6700
6778
6882
6884
6894
6936
7010
7122
7158
7178
7270
7346
7372
7450
7452
7548
7840
7876
7928
8024
8162
8218
8258
8310
8336
8398
8464
8544
8574
8604
8640
8704
8714
8788
8874
8950
8964
8976
9006
9054
9126
9274
9294
9460
9468
9504
9714
9922
9932
9966
10012
10168
10182
10208
10312
10378
10566
10668
10758
10774
10788
10818
10920
10976
11008
11112
11162
11338
11354
11448
11512
11646
11874
11902
12046
12226
12232
12284
12482
12506
12508
12532
12544
12592
12724
12864
12900
12936
12974
13080
13184
13212
13430
13460
13470
13492
13624
13656
13680
13772
13810
13838
13842
13892
14176
14180
14184
14194
14212
14228
14242
14258
14262
14270
14272
14278
14280
14290
14316
14322
14338
14346
14350
14352
14366
14374
14376
14378
14380
14386
14386
14392
14394
14402
14406
14408
14414
14418
14428
14434
14442
14452
14462
14464
14468
14468
14488
14488
14490
14492
14496
14498
14500
14500
14502
14502
14504
14508
14512
14512
14514
14526
14526
14526
14532
14538
14540
14540
14544
14548
14558
14562
14562
14568
14572
14572
14572
14580
14584
14592
14594
14594
14594
14594
14596
14608
14614
14614
14614
14618
14618
14622
14628
14636
14636
14636
14642
14642
14642
14642
14650
14650
14656
14656
14656
14670
14672
14678
14680
14680
14684
14688
14688
14692
14692
14692
14692
14694
14696
14698
14702
14704
14708
14710
14716
14716
14720
14730
14732
14732
14734
14736
14736
14736
14742
14746
14746
14748
14748
14750
14750
14752
14754
14756
14758
14760
14762
14762
14762
14770
14770
14772
14772
14778
14780
14780
14784
14784
14786
14788
14788
14788
14788
14788
14790
14792
14792
14794
14802
14806
14812
14812
14812
14814
14820
14822
14822
14830
14832
14834
14844
14844
14844
14846
14848
14850
14850
14852
14854
14854
14860
14862
14862
14864
14868
14868
14870
14872
14874
14876
14876
14878
14880
14880
14886
14886
14886
14888
14888
14892
14894
14894
14900
14902
14904
14904
14912
14912
14914
14914
14914
14916
14918
14918
14922
14926
14928
14930
14932
14934
14936
14936
14936
14936
14938
14938
14940
14940
14944
14944
14944
14944
14944
14944
14946
14948
14948
14950
14952
14954
14956
14956
14956
14960
14962
14964
14964
14966
14968
14968
14970
14978
14978
14980
14988
14990
14994
14994
14996
15000
15000
15002
15004
15006
15012
15016
15016
15020
15020
15022
15024
15024
15026
15028
15032
15034
15040
15040
15042
15042
15044
15044
15044
15044
15048
15050
15052
15052
15054
15058
15058
15060
15060
15060
15060
15060
15066
15068
15070
15070
15072
15074
15074
15074
15074
15078
15080
15084
15084
15084
15086
15090
15092
15102
15106
15106
15106
15106
15108
15108
15112
15112
15114
15114
15116
15116
15118
15118
15120
15120
15120
15122
15122
15124
15124
15124
15124
15124
15124
15124
15126
15130
15130
15130
15132
15136
15138
15138
15138
15140
15144
15146
15148
15148
15150
15154
15160
15162
15162
15162
15164
15164
15164
15168
15170
15170
15172
15174
15176
15176
15176
15176
15176
15178
15178
15180
15182
15182
15184
15184
15190
15194
15194
15196
15196
15198
15198
15202
15204
15206
15206
15208
15208
15210
15210
15214
15222
15222
15224
15224
15228
15238
15238
15246
15248
15248
15248
15250
15250
15254
15256
15258
15266
15270
15274
15274
15276
15280
15280
15280
15282
15284
15284
15286
15288
15294
15296
15296
15300
15310
15314
15316
15322
15322
15326
15328
15328
15330
15336
15336
15338
15344
15352
15354
15360
15362
15364
15364
15376
15382
15382
15382
15386
15388
15392
15406
15410
15410
15416
15422
15440
15442
15444
15444
15444
15446
15450
15460
15466
15468
15470
15472
15498
15512
15516
15516
15518
15520
15528
15538
15542
15542
15544
15558
15568
15584
15590
15594
15600
15602
15604
15608
15610
15614
15616
15622
15634
15650
15656
15658
15676
15682
15692
15692
15704
15710
15730
15736
15746
15778
15788
15810
15814
15838
15860
15862
15894
15900
15916
15968
16006
16028
16054
16056
16062
16198
16210
16234
16330
16504
16860
17242
17454
17874
18204
18442
18482
18766
18918
18954
19084
19606
19614
19620
20154
20170
20374
20428
20442
20472
20476
20478
20542
20550
20556
20682
20784
20816
20970
21286
21348
21672
22314
22560
22670
22684
22992
23064
23152
23474
23586
23722
23754
23934
23996
24054
24108
24154
24230
24326
24330
24458
24488
24512
24536
24626
24634
24684
24712
24716
24746
24762
24816
24840
24848
24868
24870
24870
24878
24902
24924
24998
25126
25138
25154
25154
25174
25202
25324
25370
25374
25410
25498
25604
25720
25800
26160
26454
26464
27908
27982
28848
28858
28870
29282
30114
30152
30208
30350
30606
30732
31420
31698
32970
33408
33582
33594
33698
33938
34154
34182
34182
34362
34384
34396
34412
34438
34456
34460
34476
34482
34562
34602
34786
34840
34896
34926
35090
35238
35526
35636
35802
35958
35998
38032
38130
38680
38764
39262
39846
40776
40966
41656
42520
43392
44184
44190
44744
44976
45126
45166
45378
45484
45554
45640
45670
45696
45718
45790
45812
46004
46022
46238
50002
50616
53104
53706
53976
54536
54760
59812
62770
69564
73364
77874
79356
98078
131234
162008
3722348
