Latencies
5410
5442
5522
5524
5540
5594
5600
5604
5634
5650
5678
5698
5770
5780
5850
5950
5970
6040
6042
6124
6126
6128
6168
6222
6296
6322
6350
6418
6540
6548
6594
6670
6778
6794
6832
6858
6892
7002
7108
7130
7134
7228
7242
7250
7252
7314
7342
7426
7674
7916
7962
8212
8408
8408
8420
8502
8512
8540
8628
8842
8910
9016
9184
9434
9464
9692
9702
9780
9834
10166
10174
10336
10468
10540
10620
10780
10834
10836
10876
11042
11548
11642
11666
11748
11902
11928
12028
12074
12328
12430
12610
12636
12700
12754
12818
12842
12876
12998
13042
13332
13460
13470
13544
13962
14130
14324
14336
14338
14344
14356
14358
14366
14382
14384
14390
14436
14444
14450
14454
14470
14476
14478
14488
14488
14492
14498
14500
14508
14512
14518
14520
14526
14528
14546
14550
14552
14556
14562
14562
14566
14574
14582
14590
14594
14602
14606
14608
14612
14614
14616
14626
14628
14630
14630
14630
14632
14634
14636
14636
14640
14646
14656
14656
14662
14666
14676
14676
14678
14678
14678
14680
14680
14684
14686
14690
14692
14698
14710
14712
14714
14718
14718
14722
14722
14722
14724
14724
14738
14742
14742
14744
14746
14748
14750
14750
14756
14758
14758
14762
14762
14764
14768
14772
14776
14778
14782
14782
14786
14786
14792
14792
14794
14794
14798
14800
14800
14804
14810
14810
14812
14812
14816
14822
14828
14834
14836
14836
14838
14840
14840
14840
14846
14850
14850
14850
14850
14852
14858
14858
14858
14862
14862
14864
14874
14876
14878
14882
14886
14888
14892
14892
14898
14898
14898
14902
14902
14908
14910
14912
14912
14918
14918
14920
14924
14930
14930
14930
14934
14934
14934
14934
14940
14940
14946
14948
14950
14952
14952
14954
14960
14962
14962
14962
14964
14964
14966
14966
14966
14966
14968
14970
14974
14976
14978
14978
14978
14980
14980
14982
14982
14982
14984
14988
14988
14988
14990
14990
14990
14990
14990
14992
14994
14996
14996
14998
14998
15002
15004
15004
15004
15006
15010
15016
15024
15026
15026
15028
15030
15034
15034
15036
15036
15036
15038
15038
15042
15044
15044
15046
15048
15048
15054
15058
15058
15060
15060
15064
15066
15068
15070
15072
15072
15076
15076
15076
15082
15084
15088
15090
15090
15090
15098
15104
15104
15104
15108
15110
15114
15118
15118
15130
15132
15140
15142
15146
15148
15150
15150
15156
15160
15164
15166
15168
15170
15170
15172
15174
15176
15182
15184
15184
15184
15186
15188
15188
15192
15196
15198
15202
15204
15206
15208
15212
15212
15216
15220
15222
15222
15228
15230
15230
15232
15234
15234
15242
15242
15246
15246
15246
15246
15248
15250
15256
15256
15268
15272
15278
15280
15282
15282
15284
15286
15286
15290
15292
15294
15296
15296
15298
15298
15300
15304
15304
15318
15324
15326
15332
15336
15338
15338
15338
15346
15346
15350
15352
15356
15356
15360
15364
15366
15372
15372
15374
15380
15382
15382
15384
15388
15392
15396
15398
15400
15404
15406
15410
15412
15420
15420
15426
15428
15430
15430
15432
15434
15436
15442
15452
15456
15464
15472
15474
15478
15482
15482
15486
15488
15490
15494
15502
15508
15522
15532
15536
15538
15538
15558
15560
15560
15560
15562
15564
15564
15568
15576
15578
15580
15582
15594
15598
15608
15626
15634
15648
15652
15660
15662
15674
15680
15682
15686
15706
15710
15718
15726
15734
15744
15750
15750
15762
15764
15768
15772
15786
15808
15816
15830
15850
15854
15864
15866
15866
15872
15876
15882
15888
15902
15912
15924
15966
15974
15980
15994
16006
16056
16104
16110
16148
16174
16208
16276
16282
16298
16330
16332
16336
16346
16358
16400
16454
16492
16496
16658
16734
16802
17162
17714
17844
17862
17976
18178
19016
19822
19978
19998
20050
20122
20236
20256
20284
20444
20478
20488
20498
20756
20778
20786
20872
21062
21248
21280
21432
21500
21508
21554
21798
21914
22034
22096
22284
22456
22496
22822
22882
23092
23144
23480
23604
23750
23756
23880
23932
23946
23954
24000
24158
24172
24178
24234
24282
24294
24308
24336
24354
24364
24368
24380
24494
24518
24526
24536
24542
24582
24600
24666
24724
24930
24934
24938
24966
24970
25002
25024
25048
25060
25068
25072
25074
25080
25084
25086
25122
25166
25190
25222
25240
25242
25374
25374
25382
25392
25416
25440
25452
25542
25636
25638
25898
25900
25906
26038
26072
26298
26400
26576
26596
26602
27428
27474
27652
27656
28276
28780
28840
28952
29100
29176
29896
30068
30128
30174
30362
30404
30538
30798
30912
31324
31708
31924
31974
32054
32476
32632
32652
32728
32804
33082
33318
33344
33434
33528
33576
33616
33646
33664
33680
33684
33696
33700
33726
33756
33758
33804
33816
33838
33870
33886
33890
33890
33896
33916
33924
33930
33932
33942
33952
33958
33968
34002
34006
34012
34026
34026
34032
34056
34058
34068
34074
34086
34094
34104
34114
34116
34120
34120
34122
34136
34138
34142
34142
34144
34148
34182
34190
34194
34194
34206
34208
34218
34226
34230
34236
34252
34260
34264
34268
34292
34298
34322
34324
34334
34346
34348
34354
34354
34360
34360
34366
34380
34382
34384
34400
34402
34404
34406
34414
34418
34432
34434
34438
34438
34446
34450
34456
34466
34470
34470
34470
34472
34480
34498
34500
34506
34516
34522
34526
34528
34538
34542
34546
34546
34558
34570
34576
34580
34580
34584
34594
34610
34614
34616
34634
34644
34654
34656
34660
34660
34662
34668
34684
34696
34696
34698
34714
34714
34716
34742
34744
34750
34754
34770
34774
34784
34786
34796
34814
34814
34818
34836
34858
34870
34884
34892
34900
34924
34954
34956
34958
34984
34986
34994
34998
35004
35042
35072
35072
35072
35122
35150
35182
35200
35224
35226
35238
35258
35292
35296
35296
35326
35334
35362
35386
35394
35394
35402
35420
35424
35438
35516
35550
35584
35598
35634
35664
35760
35884
36124
36206
38076
38256
38384
38594
39728
40368
42434
44054
44118
44466
44492
44584
44734
44800
44816
45034
45072
45254
45680
45770
45970
46528
48216
49730
51150
52446
52990
53018
53084
53208
53216
53398
53556
53792
53810
53832
53864
53910
54010
54028
54074
54124
54146
54188
54302
54302
54364
54376
54438
54544
54546
54558
54584
54594
54666
54808
55172
55244
55270
57620
60778
63740
64502
64596
65254
65338
66090
66750
99654
104940
107788
128236
410836
