Latencies
5080
5084
5084
5084
5100
5116
5130
5136
5146
5148
5162
5162
5164
5170
5170
5172
5174
5184
5186
5188
5192
5192
5194
5198
5198
5206
5212
5212
5216
5218
5218
5222
5238
5238
5242
5242
5244
5258
5270
5286
5318
5324
5332
5338
5344
5344
5362
5374
5384
5392
5394
5412
5434
5438
5446
5448
5460
5460
5468
5474
5482
5486
5486
5486
5490
5502
5522
5528
5532
5532
5532
5540
5550
5562
5568
5608
5624
5636
5648
5658
5692
5710
5718
5722
5726
5730
5750
5750
5754
5756
5766
5782
5794
5800
5846
5858
5864
5884
5920
5922
5954
6010
6018
6028
6034
6048
6060
6076
6088
6098
6130
6142
6154
6164
6276
6280
6298
6308
6344
6380
6400
6414
6450
6542
6552
6646
6848
6940
7160
7394
7500
7566
7754
7934
7934
7940
7942
8068
8142
8150
8196
8212
8490
8610
8616
8634
8668
8712
8812
8840
8854
8856
8994
8994
9206
9338
9358
9426
9470
9478
9506
9532
9536
9550
9774
9792
9802
9826
9946
10164
10246
10322
10400
10504
10506
10650
10676
10696
10736
10776
10824
11010
11178
11310
11500
11530
11758
12058
12086
12180
12192
12372
12468
12474
12548
12870
13010
13122
13166
13180
13446
13636
13652
13676
13714
13756
13838
13950
13954
14048
14160
14182
14192
14292
14300
14326
14328
14340
14388
14396
14414
14440
14454
14472
14494
14510
14512
14512
14520
14538
14542
14548
14560
14560
14574
14576
14604
14608
14608
14610
14612
14622
14650
14650
14652
14654
14656
14658
14664
14666
14672
14692
14706
14722
14730
14732
14740
14748
14758
14760
14776
14776
14788
14794
14802
14804
14808
14824
14824
14838
14844
14846
14850
14850
14852
14868
14874
14878
14880
14886
14888
14892
14892
14898
14898
14900
14902
14904
14910
14910
14914
14916
14916
14920
14920
14922
14922
14924
14926
14932
14932
14936
14948
14952
14954
14962
14962
14966
14966
14966
14970
14970
14974
14974
14978
14978
14982
14982
14982
14986
14988
14988
14992
14998
15002
15006
15010
15014
15016
15016
15016
15016
15018
15018
15020
15022
15026
15028
15030
15030
15030
15032
15034
15042
15046
15050
15052
15054
15058
15062
15062
15068
15074
15076
15078
15080
15086
15092
15092
15094
15094
15096
15100
15102
15108
15110
15114
15114
15116
15118
15118
15120
15122
15122
15124
15130
15130
15132
15134
15136
15136
15140
15144
15160
15168
15168
15168
15172
15172
15172
15176
15176
15184
15184
15186
15192
15194
15196
15198
15198
15200
15200
15200
15202
15202
15206
15208
15210
15212
15216
15216
15216
15218
15218
15222
15224
15226
15228
15228
15230
15230
15232
15236
15242
15244
15246
15248
15250
15250
15250
15252
15252
15254
15256
15258
15258
15258
15258
15260
15260
15262
15262
15264
15266
15266
15266
15266
15266
15266
15266
15268
15268
15268
15270
15270
15270
15272
15272
15272
15274
15274
15274
15274
15274
15276
15280
15282
15282
15284
15292
15294
15294
15298
15300
15300
15302
15302
15302
15304
15312
15312
15312
15314
15318
15320
15330
15332
15334
15336
15338
15338
15342
15344
15344
15352
15356
15358
15360
15364
15364
15366
15368
15370
15372
15372
15380
15380
15382
15382
15388
15394
15394
15408
15412
15418
15424
15428
15428
15430
15436
15436
15436
15442
15452
15456
15460
15470
15486
15494
15494
15498
15506
15514
15516
15546
15560
15560
15564
15572
15574
15590
15604
15634
15636
15640
15650
15654
15658
15662
15714
15746
15760
15774
15778
15792
15808
15810
15836
15850
15860
15940
15942
16042
16046
16082
16104
16148
16194
16196
16248
16662
17324
17364
17564
17574
17574
17626
17876
18060
18566
18570
18772
18792
18976
19032
19262
19336
19926
20050
20148
20158
20244
20286
20374
20470
20496
20658
20946
21076
21216
21362
21494
21846
21912
22034
22116
22258
22416
22634
23192
23458
23492
23604
23626
23926
23992
24194
24200
24360
24378
24434
24450
24534
24538
24610
24676
24700
24802
24820
24834
24852
24960
25042
25066
25148
25156
25222
25404
25408
25528
25576
25652
25654
25858
25868
26086
26212
26296
26438
26686
26696
27024
27038
27056
28212
28350
28568
28694
29072
29366
29428
29474
29532
29622
29840
30010
30070
30082
30164
30310
30330
30626
31024
31116
31142
32000
32286
32444
32540
33074
33200
33356
33364
33372
33376
33396
33406
33414
33452
33482
33550
33600
33634
33652
33718
33744
33752
33762
33808
33812
33812
33846
33890
33906
33930
33930
33984
33992
34002
34014
34030
34032
34042
34052
34064
34070
34090
34104
34122
34152
34158
34170
34194
34194
34204
34220
34222
34224
34224
34226
34226
34262
34266
34290
34296
34296
34302
34312
34314
34316
34318
34322
34332
34336
34342
34360
34364
34376
34382
34392
34392
34400
34416
34434
34446
34460
34462
34470
34474
34482
34488
34498
34500
34502
34520
34538
34542
34550
34556
34556
34560
34564
34566
34576
34584
34592
34594
34608
34614
34618
34624
34626
34626
34628
34636
34640
34644
34648
34658
34658
34676
34682
34682
34684
34692
34694
34700
34704
34706
34710
34712
34716
34724
34728
34732
34754
34756
34758
34764
34768
34770
34790
34794
34806
34828
34830
34844
34858
34858
34882
34882
34896
34908
34914
34930
34934
34940
34958
34980
34980
35048
35052
35120
35130
35142
35190
35212
35238
35278
35278
35318
35328
35334
35384
35400
35404
35446
35452
35532
35542
35564
35640
35684
35686
35910
35922
35952
35954
36132
37592
39368
39430
39514
39698
39794
39912
40094
40606
40742
40776
41454
41854
41882
42912
43854
43930
44060
44130
44514
44610
44612
44690
44720
44750
44820
45058
45128
45208
45218
45236
45370
45510
45766
45948
46326
47042
50088
50368
50592
50736
51046
51584
51868
52374
53422
53688
53954
54408
54514
54690
55324
57430
58228
58284
65202
65210
66060
68816
72440
73488
77528
90806
110142
116822
176056
181876
275338
389758
1320598
8894640
