Latencies
5142
5148
5170
5172
5176
5188
5192
5194
5196
5196
5198
5200
5204
5204
5208
5220
5222
5228
5234
5234
5234
5240
5242
5244
5244
5246
5248
5248
5250
5252
5256
5256
5258
5258
5258
5258
5262
5262
5262
5266
5274
5274
5274
5278
5278
5278
5284
5286
5286
5286
5290
5292
5292
5292
5294
5294
5296
5296
5296
5298
5298
5298
5298
5300
5300
5302
5304
5304
5304
5308
5308
5308
5308
5308
5308
5308
5308
5310
5310
5312
5314
5316
5316
5318
5320
5320
5320
5320
5322
5322
5322
5322
5322
5324
5326
5326
5326
5326
5326
5328
5328
5328
5332
5332
5332
5332
5332
5334
5334
5334
5334
5336
5336
5336
5338
5338
5338
5338
5338
5340
5342
5344
5344
5344
5344
5344
5346
5346
5346
5348
5348
5348
5348
5348
5350
5350
5352
5352
5352
5352
5352
5354
5354
5354
5354
5356
5356
5358
5358
5358
5358
5358
5358
5358
5360
5360
5360
5360
5362
5362
5362
5364
5364
5366
5366
5366
5366
5368
5368
5368
5370
5370
5370
5372
5372
5374
5374
5374
5374
5374
5374
5374
5376
5376
5376
5378
5378
5378
5380
5380
5380
5380
5382
5382
5382
5382
5382
5384
5384
5384
5384
5384
5384
5386
5386
5386
5388
5388
5390
5390
5392
5392
5394
5394
5394
5394
5394
5394
5396
5396
5396
5398
5398
5398
5400
5400
5400
5400
5402
5402
5402
5402
5402
5406
5406
5406
5406
5406
5406
5406
5408
5408
5408
5410
5410
5410
5412
5412
5412
5412
5414
5414
5414
5416
5416
5416
5416
5416
5418
5418
5420
5420
5420
5420
5420
5420
5422
5424
5424
5424
5424
5424
5426
5426
5426
5426
5426
5426
5428
5428
5428
5430
5430
5432
5432
5432
5434
5434
5436
5436
5436
5438
5440
5440
5442
5442
5442
5442
5442
5444
5444
5444
5446
5448
5448
5448
5450
5450
5450
5452
5452
5452
5452
5454
5454
5454
5456
5456
5456
5456
5458
5458
5458
5460
5460
5460
5460
5460
5460
5462
5462
5462
5462
5464
5464
5466
5466
5468
5470
5470
5470
5472
5472
5472
5472
5474
5474
5476
5478
5478
5484
5484
5486
5486
5486
5486
5488
5488
5492
5492
5494
5494
5498
5498
5500
5500
5502
5502
5504
5504
5504
5504
5506
5510
5510
5510
5512
5512
5512
5514
5514
5514
5516
5516
5516
5516
5518
5518
5520
5520
5520
5520
5520
5522
5524
5524
5524
5526
5526
5528
5528
5530
5530
5530
5532
5534
5534
5536
5538
5538
5538
5540
5540
5542
5542
5542
5542
5542
5544
5544
5546
5546
5546
5546
5546
5546
5548
5550
5550
5550
5550
5552
5554
5554
5554
5554
5554
5556
5556
5556
5558
5558
5560
5562
5562
5562
5562
5564
5564
5564
5566
5566
5568
5568
5568
5570
5570
5570
5570
5572
5572
5572
5572
5576
5578
5578
5578
5582
5582
5582
5584
5586
5590
5590
5592
5592
5592
5594
5594
5596
5596
5598
5598
5600
5600
5600
5600
5602
5604
5604
5608
5608
5608
5608
5610
5610
5612
5612
5614
5614
5618
5618
5618
5620
5620
5622
5622
5622
5622
5622
5624
5624
5624
5626
5626
5626
5626
5628
5630
5630
5632
5634
5636
5640
5640
5644
5644
5644
5644
5644
5644
5646
5650
5650
5650
5650
5652
5652
5658
5658
5658
5658
5662
5664
5664
5664
5664
5666
5668
5670
5672
5672
5674
5674
5676
5676
5678
5678
5680
5682
5684
5684
5688
5688
5688
5688
5690
5698
5698
5706
5706
5706
5706
5706
5714
5716
5716
5718
5718
5718
5718
5720
5720
5720
5722
5724
5724
5724
5724
5724
5726
5726
5728
5728
5730
5730
5732
5734
5734
5736
5738
5740
5742
5742
5746
5748
5748
5748
5748
5750
5750
5750
5750
5750
5752
5752
5754
5756
5756
5758
5760
5760
5760
5764
5764
5764
5766
5766
5768
5770
5772
5774
5776
5780
5780
5782
5782
5784
5786
5788
5790
5792
5800
5800
5800
5800
5800
5802
5806
5806
5806
5808
5812
5814
5816
5818
5820
5822
5824
5824
5828
5830
5832
5834
5834
5838
5840
5842
5844
5846
5848
5848
5852
5852
5852
5856
5862
5862
5862
5862
5866
5868
5872
5876
5878
5878
5878
5880
5882
5882
5882
5884
5884
5884
5886
5886
5886
5892
5894
5898
5902
5904
5906
5906
5908
5908
5918
5918
5918
5920
5922
5924
5926
5926
5928
5928
5930
5932
5934
5934
5936
5938
5942
5942
5946
5946
5948
5948
5950
5950
5952
5952
5954
5958
5960
5964
5968
5968
5972
5974
5974
5978
5978
5980
5980
5982
5984
5986
5992
5992
5994
5996
5998
5998
6000
6000
6006
6008
6008
6008
6008
6008
6012
6014
6014
6016
6016
6018
6020
6020
6022
6026
6028
6030
6030
6032
6034
6036
6036
6040
6040
6040
6042
6044
6048
6048
6048
6048
6048
6050
6050
6052
6054
6054
6056
6056
6062
6064
6068
6070
6070
6076
6080
6080
6084
6084
6084
6084
6084
6086
6090
6092
6092
6092
6092
6094
6102
6102
6104
6106
6112
6114
6122
6124
6126
6126
6128
6130
6136
6142
6144
6144
6146
6150
6156
6158
6160
6164
6166
6166
6168
6174
6178
6178
6184
6184
6186
6186
6186
6188
6190
6192
6194
6194
6198
6204
6206
6208
6210
6212
6214
6218
6220
6228
6230
6234
6234
6236
6238
6238
6248
6252
6254
6272
6274
6280
6286
6286
6288
6294
6300
6304
6306
6310
6324
6330
6332
6334
6336
6338
6338
6340
6344
6352
6354
6370
6378
6384
6386
6402
6418
6422
6430
6466
6480
6496
6508
6530
6532
6550
6552
6554
6560
6564
6604
6610
6634
6654
6682
6684
6684
6698
6746
6784
6786
6820
6830
6834
6844
6904
7024
7074
7154
7212
7218
7272
7422
7438
7480
7588
7704
7822
8066
8334
9066
10054
10108
10246
10410
10530
10788
10800
10984
11084
11186
11692
11990
12076
12106
12106
12132
14676
15466
15600
16844
17866
18142
20488
20868
20900
22014
22386
22716
23512
23638
23758
24164
25218
25900
26048
26774
26782
27614
27646
28716
29320
29546
29872
32214
33348
35876
36626
37322
37418
49664
