Latencies
4998
5010
5018
5032
5034
5042
5042
5044
5048
5052
5054
5056
5058
5060
5062
5074
5080
5080
5080
5082
5082
5084
5084
5086
5088
5090
5090
5090
5090
5092
5092
5092
5094
5094
5098
5098
5098
5100
5100
5100
5102
5104
5108
5108
5112
5114
5114
5116
5122
5122
5122
5122
5124
5124
5128
5128
5128
5130
5134
5134
5134
5136
5136
5136
5142
5142
5144
5144
5150
5150
5152
5154
5154
5158
5160
5160
5162
5162
5162
5162
5166
5166
5166
5166
5166
5166
5168
5168
5168
5170
5170
5172
5172
5172
5174
5174
5174
5176
5176
5176
5178
5178
5178
5178
5180
5180
5180
5180
5180
5182
5184
5184
5184
5184
5186
5186
5190
5190
5190
5192
5192
5194
5194
5196
5196
5196
5198
5198
5200
5200
5202
5202
5202
5202
5202
5204
5204
5204
5204
5204
5206
5206
5206
5206
5206
5206
5206
5208
5208
5210
5210
5210
5210
5210
5210
5210
5212
5214
5214
5214
5214
5216
5216
5216
5216
5216
5216
5218
5220
5220
5220
5220
5220
5220
5220
5220
5222
5222
5222
5222
5226
5226
5226
5226
5228
5228
5228
5228
5228
5230
5230
5230
5230
5230
5230
5230
5232
5232
5232
5232
5232
5232
5234
5234
5234
5234
5234
5236
5236
5236
5236
5236
5236
5238
5238
5238
5238
5238
5238
5238
5240
5240
5240
5240
5240
5240
5240
5242
5242
5244
5244
5244
5244
5244
5246
5246
5248
5250
5250
5250
5250
5250
5250
5252
5252
5252
5252
5252
5254
5254
5254
5254
5256
5256
5258
5258
5260
5260
5260
5262
5262
5262
5262
5262
5264
5264
5264
5264
5264
5264
5264
5264
5264
5266
5266
5266
5266
5266
5266
5266
5266
5268
5268
5270
5270
5270
5270
5270
5270
5270
5272
5272
5272
5272
5274
5274
5274
5274
5274
5276
5276
5276
5276
5278
5278
5278
5280
5280
5280
5280
5280
5280
5280
5280
5282
5282
5282
5282
5284
5284
5284
5284
5284
5286
5286
5286
5286
5286
5288
5288
5288
5290
5290
5290
5290
5292
5292
5292
5292
5292
5292
5294
5294
5296
5296
5298
5300
5300
5302
5302
5302
5302
5302
5302
5306
5306
5306
5306
5308
5308
5308
5310
5310
5310
5312
5312
5314
5314
5314
5316
5316
5316
5318
5318
5320
5320
5320
5322
5322
5322
5322
5324
5324
5324
5324
5326
5326
5328
5328
5328
5328
5328
5330
5330
5330
5330
5330
5330
5332
5332
5332
5332
5334
5334
5336
5336
5336
5338
5338
5340
5340
5340
5342
5342
5342
5344
5344
5346
5346
5346
5346
5348
5348
5350
5350
5352
5352
5352
5352
5354
5358
5358
5358
5358
5360
5360
5360
5362
5362
5362
5362
5366
5366
5366
5366
5368
5370
5370
5370
5372
5372
5374
5376
5376
5376
5376
5376
5378
5378
5378
5380
5382
5384
5384
5384
5386
5386
5386
5386
5386
5386
5388
5388
5390
5390
5390
5392
5394
5394
5396
5398
5398
5400
5400
5400
5402
5404
5406
5408
5408
5408
5410
5410
5410
5412
5412
5414
5414
5416
5416
5418
5418
5420
5422
5422
5424
5424
5424
5424
5424
5426
5426
5428
5428
5432
5434
5436
5436
5436
5436
5436
5440
5442
5444
5446
5450
5450
5452
5454
5456
5462
5464
5464
5472
5474
5474
5474
5474
5476
5476
5476
5478
5478
5478
5480
5482
5482
5482
5482
5484
5484
5484
5484
5486
5486
5486
5488
5488
5488
5490
5494
5494
5498
5500
5500
5502
5502
5504
5504
5506
5508
5508
5512
5514
5518
5518
5520
5520
5520
5520
5522
5524
5524
5524
5524
5528
5528
5530
5530
5530
5532
5534
5536
5538
5538
5540
5542
5544
5544
5546
5546
5550
5552
5554
5554
5556
5556
5558
5558
5564
5564
5564
5568
5568
5568
5570
5572
5572
5574
5580
5584
5586
5586
5586
5588
5592
5592
5596
5596
5596
5598
5600
5602
5608
5608
5612
5612
5616
5616
5618
5618
5620
5620
5622
5622
5624
5626
5628
5628
5630
5630
5632
5632
5636
5642
5642
5642
5644
5646
5650
5650
5652
5652
5656
5656
5658
5658
5658
5662
5666
5666
5668
5668
5670
5672
5680
5682
5682
5684
5686
5686
5688
5694
5694
5694
5694
5702
5702
5702
5704
5706
5706
5710
5710
5712
5714
5716
5718
5722
5724
5724
5728
5732
5734
5734
5734
5734
5736
5736
5738
5740
5744
5746
5748
5750
5750
5750
5752
5752
5754
5756
5756
5758
5758
5760
5760
5764
5768
5770
5770
5774
5778
5780
5780
5786
5786
5790
5792
5794
5796
5796
5796
5798
5798
5800
5802
5810
5812
5812
5812
5816
5822
5824
5828
5830
5830
5832
5838
5840
5842
5844
5844
5848
5848
5850
5850
5850
5854
5856
5858
5860
5862
5866
5870
5870
5872
5876
5876
5878
5878
5880
5884
5884
5886
5888
5890
5890
5894
5896
5898
5900
5900
5902
5902
5904
5904
5906
5906
5912
5918
5918
5918
5922
5922
5926
5930
5930
5932
5936
5936
5936
5938
5940
5952
5956
5958
5958
5960
5962
5962
5966
5968
5968
5970
5970
5970
5974
5978
5980
5988
5990
6000
6004
6016
6022
6024
6028
6028
6030
6032
6040
6042
6052
6058
6066
6080
6084
6092
6096
6100
6102
6106
6106
6108
6110
6116
6120
6120
6120
6122
6122
6142
6142
6148
6148
6156
6160
6172
6174
6182
6184
6184
6206
6206
6228
6242
6244
6262
6272
6278
6308
6310
6312
6320
6320
6322
6336
6376
6416
6418
6428
6436
6452
6454
6458
6464
6510
6524
6610
6612
6634
6638
6650
6652
6656
6658
6680
6682
6720
6812
6890
6936
7020
7044
7062
7092
7098
7162
7170
7214
7294
7378
7400
7540
7554
7562
7634
7648
7658
7706
7824
7848
8054
8338
9520
9544
9726
9894
10396
10608
10850
10902
10992
11500
11546
11610
11794
11976
12164
12172
12338
12544
12712
13240
14344
14608
15474
16666
16888
17016
17250
17304
17422
18314
18370
19426
19534
20022
20806
21576
22002
22040
22078
22426
22430
22522
22580
23542
24482
25376
25476
26630
27426
27994
29260
30456
30750
31666
32298
32880
33648
33648
38586
39428
71578
80220
87102
