Latencies
4932
4980
4980
4988
5000
5002
5004
5014
5016
5018
5020
5022
5022
5024
5024
5026
5026
5028
5028
5030
5034
5034
5038
5040
5042
5044
5046
5046
5050
5050
5052
5054
5054
5056
5056
5058
5060
5060
5062
5066
5066
5066
5068
5072
5074
5074
5074
5080
5080
5082
5084
5086
5086
5086
5088
5088
5092
5092
5092
5092
5094
5094
5098
5098
5100
5100
5106
5106
5110
5110
5112
5112
5112
5112
5114
5116
5116
5116
5116
5118
5118
5120
5120
5122
5122
5122
5122
5124
5124
5124
5124
5124
5126
5126
5130
5130
5130
5132
5132
5134
5134
5134
5136
5138
5138
5138
5142
5142
5142
5144
5144
5144
5146
5146
5148
5150
5150
5150
5150
5150
5150
5152
5152
5154
5156
5156
5156
5158
5160
5160
5162
5162
5162
5162
5162
5164
5166
5166
5166
5166
5168
5168
5168
5170
5170
5170
5172
5172
5172
5172
5172
5172
5174
5174
5174
5174
5174
5174
5176
5176
5176
5176
5176
5178
5180
5180
5180
5180
5182
5182
5182
5182
5184
5184
5184
5184
5184
5184
5184
5186
5186
5186
5186
5186
5186
5186
5186
5188
5188
5188
5190
5190
5190
5190
5192
5192
5194
5194
5194
5194
5196
5196
5196
5198
5198
5198
5198
5200
5200
5200
5200
5200
5200
5200
5202
5202
5202
5202
5202
5204
5204
5204
5204
5204
5204
5204
5206
5206
5206
5206
5206
5206
5206
5208
5208
5208
5208
5208
5208
5208
5208
5210
5210
5212
5212
5212
5212
5212
5212
5212
5214
5216
5216
5216
5216
5218
5218
5220
5220
5222
5222
5222
5222
5222
5222
5224
5224
5224
5226
5226
5226
5226
5228
5228
5228
5228
5228
5230
5230
5232
5232
5232
5232
5232
5232
5232
5234
5234
5236
5236
5238
5238
5238
5238
5240
5240
5242
5242
5242
5242
5242
5242
5242
5244
5244
5244
5246
5246
5246
5246
5246
5246
5248
5248
5248
5248
5248
5250
5250
5250
5250
5250
5250
5250
5252
5252
5252
5254
5256
5258
5260
5260
5260
5260
5260
5260
5260
5260
5262
5262
5262
5262
5262
5266
5268
5268
5268
5268
5268
5268
5270
5270
5270
5272
5272
5272
5272
5274
5274
5274
5274
5276
5276
5278
5278
5278
5278
5278
5278
5280
5282
5282
5282
5282
5282
5284
5286
5286
5288
5288
5288
5288
5290
5292
5294
5296
5298
5298
5298
5298
5298
5300
5300
5300
5300
5300
5300
5302
5304
5304
5304
5304
5306
5306
5308
5308
5308
5308
5310
5310
5310
5310
5310
5312
5314
5316
5316
5316
5316
5318
5320
5322
5324
5324
5324
5328
5330
5330
5330
5332
5332
5334
5336
5336
5336
5338
5338
5338
5340
5340
5340
5340
5340
5340
5340
5342
5342
5342
5342
5342
5344
5344
5344
5344
5346
5346
5346
5346
5348
5348
5350
5350
5352
5352
5354
5354
5354
5356
5356
5356
5358
5358
5358
5358
5358
5358
5360
5360
5360
5362
5364
5364
5364
5366
5368
5368
5370
5372
5372
5374
5374
5374
5376
5376
5378
5378
5380
5382
5384
5386
5386
5386
5388
5388
5388
5390
5390
5392
5392
5392
5392
5392
5394
5394
5396
5398
5400
5402
5402
5402
5402
5402
5402
5404
5404
5404
5406
5406
5406
5408
5410
5410
5410
5412
5412
5412
5412
5412
5414
5414
5416
5416
5416
5416
5418
5418
5420
5422
5424
5424
5428
5430
5432
5432
5432
5436
5436
5440
5440
5440
5446
5446
5448
5448
5452
5452
5452
5452
5452
5454
5454
5456
5456
5456
5456
5456
5458
5458
5462
5464
5466
5470
5470
5476
5476
5478
5478
5482
5488
5488
5488
5490
5490
5492
5492
5494
5496
5496
5498
5498
5500
5502
5510
5510
5510
5512
5514
5514
5516
5516
5516
5518
5524
5524
5524
5526
5528
5530
5534
5538
5540
5540
5540
5542
5544
5546
5548
5550
5552
5556
5558
5562
5564
5566
5566
5568
5568
5572
5572
5572
5572
5572
5580
5582
5584
5588
5588
5588
5590
5592
5592
5596
5604
5604
5604
5606
5608
5608
5612
5614
5618
5618
5620
5622
5622
5622
5622
5622
5624
5624
5626
5626
5628
5628
5630
5634
5634
5636
5636
5638
5638
5640
5642
5644
5644
5646
5646
5648
5648
5650
5650
5654
5658
5662
5662
5664
5664
5664
5666
5666
5668
5670
5670
5670
5672
5672
5678
5678
5686
5686
5686
5688
5690
5692
5692
5696
5700
5702
5704
5708
5710
5714
5714
5714
5716
5718
5722
5724
5726
5726
5728
5728
5728
5734
5734
5738
5738
5742
5748
5748
5750
5750
5750
5754
5756
5760
5760
5762
5766
5768
5772
5776
5776
5776
5780
5784
5784
5786
5788
5788
5790
5790
5794
5798
5798
5798
5798
5804
5804
5806
5808
5808
5810
5814
5816
5818
5820
5822
5828
5830
5830
5832
5832
5832
5850
5852
5854
5856
5858
5866
5870
5870
5872
5872
5872
5872
5874
5876
5878
5880
5882
5886
5890
5892
5892
5896
5898
5902
5902
5904
5906
5908
5908
5910
5914
5914
5916
5916
5918
5924
5924
5924
5930
5930
5936
5938
5938
5942
5942
5950
5950
5950
5952
5958
5958
5960
5960
5964
5966
5970
5972
5980
5980
5982
5986
5992
5994
5996
6002
6002
6006
6006
6008
6012
6014
6014
6018
6020
6020
6020
6022
6022
6024
6026
6030
6036
6042
6046
6050
6052
6054
6056
6062
6074
6086
6088
6090
6094
6102
6118
6128
6170
6176
6182
6184
6184
6190
6192
6212
6214
6214
6220
6242
6276
6290
6322
6330
6334
6376
6392
6394
6396
6422
6454
6458
6484
6514
6550
6554
6644
6776
6816
6830
6842
6842
6892
6928
6940
6940
7024
7052
7478
7706
7818
8220
8548
8996
9588
9846
9976
10948
11146
11252
11558
11590
11808
12188
12578
12626
13502
14032
14250
14470
14716
15326
15386
15572
16036
16254
16350
16566
16688
17448
17488
17606
18678
19020
19438
19618
20096
20702
21642
22900
23274
23788
23804
23916
23920
24216
24230
24322
25144
25172
25314
25320
25522
25726
26258
26866
26914
27288
27490
27574
27858
27874
28692
29028
31428
32158
32848
34862
35832
36172
40726
51666
56450
64500
