Latencies
5198
5208
5212
5228
5228
5234
5236
5244
5248
5248
5252
5256
5258
5258
5260
5260
5264
5266
5268
5272
5272
5272
5274
5274
5276
5276
5278
5278
5280
5282
5282
5282
5282
5284
5286
5290
5292
5292
5296
5298
5298
5298
5298
5298
5300
5300
5302
5302
5302
5304
5304
5306
5306
5306
5308
5308
5308
5308
5310
5312
5312
5314
5314
5316
5316
5316
5318
5318
5320
5322
5322
5324
5326
5326
5326
5326
5328
5330
5330
5332
5332
5332
5332
5334
5334
5334
5334
5334
5334
5336
5336
5336
5336
5338
5338
5338
5338
5340
5340
5340
5342
5342
5342
5342
5342
5342
5344
5344
5344
5346
5346
5346
5348
5348
5348
5350
5350
5350
5350
5350
5350
5350
5350
5350
5352
5354
5354
5354
5354
5354
5354
5356
5356
5358
5360
5360
5360
5360
5362
5362
5362
5362
5362
5364
5364
5366
5366
5366
5366
5368
5368
5368
5368
5368
5370
5370
5370
5372
5372
5372
5374
5374
5374
5376
5376
5378
5378
5378
5378
5378
5380
5382
5382
5382
5382
5382
5384
5384
5386
5388
5388
5390
5390
5392
5392
5394
5394
5394
5394
5396
5398
5398
5398
5398
5398
5400
5400
5400
5400
5402
5402
5402
5402
5404
5404
5404
5406
5408
5408
5408
5408
5408
5408
5410
5410
5410
5410
5410
5412
5412
5412
5414
5414
5414
5414
5416
5416
5418
5418
5418
5418
5418
5418
5420
5422
5422
5422
5424
5424
5424
5424
5426
5426
5426
5426
5426
5428
5428
5428
5428
5430
5430
5432
5432
5432
5432
5432
5432
5434
5434
5434
5434
5434
5436
5436
5436
5436
5436
5436
5436
5436
5438
5438
5438
5438
5438
5438
5440
5440
5440
5440
5442
5442
5442
5444
5444
5444
5446
5446
5446
5446
5448
5448
5448
5448
5448
5450
5450
5450
5452
5452
5452
5452
5454
5454
5454
5454
5454
5454
5456
5456
5458
5458
5458
5458
5460
5460
5460
5460
5460
5460
5460
5462
5462
5462
5462
5462
5464
5464
5464
5464
5466
5466
5466
5466
5468
5468
5468
5470
5470
5470
5472
5474
5478
5478
5478
5478
5480
5480
5480
5480
5482
5482
5482
5484
5486
5486
5486
5486
5486
5486
5490
5490
5490
5492
5492
5494
5494
5494
5496
5496
5496
5498
5498
5500
5500
5500
5500
5500
5502
5502
5502
5504
5504
5504
5504
5504
5506
5506
5506
5506
5508
5508
5508
5508
5510
5510
5512
5512
5514
5514
5516
5516
5516
5516
5516
5518
5518
5518
5520
5520
5522
5522
5524
5524
5524
5524
5526
5526
5526
5526
5528
5528
5528
5530
5532
5532
5532
5534
5534
5534
5534
5534
5536
5536
5536
5536
5538
5542
5542
5542
5544
5544
5544
5544
5546
5546
5546
5546
5548
5548
5548
5548
5552
5554
5554
5554
5556
5556
5558
5560
5560
5560
5562
5562
5564
5564
5570
5570
5572
5572
5574
5574
5574
5574
5576
5576
5576
5578
5580
5580
5580
5582
5584
5584
5584
5586
5586
5586
5588
5588
5590
5592
5592
5596
5600
5602
5604
5604
5604
5606
5606
5608
5610
5614
5616
5616
5618
5618
5620
5620
5620
5622
5622
5622
5622
5622
5624
5624
5626
5628
5630
5630
5630
5632
5632
5632
5634
5636
5636
5638
5640
5640
5640
5644
5644
5644
5644
5646
5646
5646
5650
5652
5652
5654
5654
5656
5656
5658
5658
5658
5660
5660
5662
5662
5662
5664
5664
5666
5670
5670
5672
5672
5672
5674
5674
5674
5678
5678
5680
5682
5682
5684
5684
5686
5688
5690
5698
5698
5698
5702
5702
5702
5702
5702
5704
5706
5708
5710
5712
5714
5714
5714
5716
5718
5718
5720
5720
5720
5720
5724
5724
5724
5724
5726
5726
5728
5728
5728
5728
5732
5732
5732
5734
5734
5734
5738
5740
5744
5750
5750
5750
5750
5752
5752
5754
5754
5754
5754
5754
5756
5760
5760
5760
5762
5762
5762
5764
5768
5770
5770
5770
5774
5774
5776
5776
5776
5778
5780
5782
5784
5784
5786
5790
5790
5794
5798
5800
5804
5804
5806
5806
5806
5808
5808
5808
5810
5810
5812
5814
5814
5814
5816
5816
5816
5816
5824
5826
5826
5826
5828
5828
5832
5836
5836
5838
5838
5840
5842
5842
5846
5846
5852
5856
5856
5856
5858
5858
5864
5866
5870
5870
5872
5872
5872
5872
5874
5876
5876
5876
5878
5878
5880
5882
5882
5882
5884
5886
5886
5888
5888
5890
5892
5892
5894
5894
5894
5898
5900
5900
5902
5902
5904
5904
5904
5908
5914
5916
5918
5918
5922
5922
5922
5930
5930
5932
5936
5936
5938
5938
5940
5940
5944
5944
5944
5946
5948
5948
5950
5962
5962
5964
5966
5966
5970
5970
5972
5974
5982
5984
5984
5986
5986
5988
5990
5990
5990
5992
5992
5992
5996
5998
5998
5998
5998
5998
5998
6000
6000
6004
6008
6010
6014
6016
6016
6016
6016
6020
6022
6026
6026
6026
6028
6030
6036
6040
6040
6046
6046
6048
6050
6050
6050
6054
6054
6060
6060
6060
6072
6074
6074
6078
6084
6084
6084
6090
6092
6094
6094
6102
6104
6108
6110
6112
6112
6116
6116
6118
6118
6120
6124
6124
6126
6126
6126
6126
6132
6136
6136
6138
6140
6146
6164
6168
6170
6172
6174
6180
6180
6192
6200
6200
6200
6200
6200
6204
6204
6208
6212
6212
6212
6216
6218
6220
6220
6222
6224
6224
6224
6224
6226
6226
6228
6230
6232
6234
6236
6248
6250
6258
6260
6262
6270
6274
6288
6290
6292
6294
6298
6308
6324
6326
6328
6340
6354
6354
6358
6358
6372
6378
6380
6384
6408
6418
6420
6434
6434
6444
6448
6450
6476
6490
6508
6510
6510
6530
6544
6566
6576
6578
6582
6590
6592
6592
6594
6600
6614
6750
6820
6820
6838
6854
6876
6884
7088
7204
7226
7248
7268
7322
7324
7380
7440
7500
7772
7878
7966
7982
8230
8422
8694
8980
8990
9150
9534
9560
9710
9806
9994
10394
11622
11838
12158
12420
13058
13502
14758
15030
15462
15890
18688
19636
19944
20610
22346
22784
23124
23716
24584
25290
26398
31084
32510
35436
35526
35546
35884
40814
43032
