Latencies
5138
5194
5196
5200
5200
5202
5204
5206
5206
5208
5210
5212
5212
5216
5216
5216
5228
5236
5236
5240
5240
5242
5244
5246
5246
5246
5248
5248
5248
5252
5254
5254
5254
5258
5260
5262
5262
5264
5264
5264
5264
5266
5268
5268
5274
5274
5274
5274
5280
5280
5280
5280
5282
5282
5282
5284
5284
5284
5284
5288
5288
5290
5290
5290
5294
5294
5294
5294
5296
5296
5298
5298
5298
5300
5300
5300
5300
5302
5304
5306
5306
5308
5308
5308
5308
5312
5316
5318
5318
5318
5318
5318
5318
5320
5320
5322
5322
5322
5324
5324
5326
5328
5328
5328
5328
5330
5330
5332
5332
5332
5334
5334
5334
5334
5334
5336
5336
5336
5336
5336
5336
5338
5338
5340
5340
5342
5342
5342
5342
5344
5344
5344
5344
5346
5346
5346
5348
5350
5350
5352
5352
5352
5352
5352
5352
5352
5352
5354
5354
5354
5354
5356
5356
5356
5356
5358
5358
5358
5360
5360
5360
5362
5362
5362
5364
5366
5366
5366
5366
5368
5368
5368
5368
5368
5370
5370
5370
5370
5370
5372
5372
5372
5374
5374
5374
5374
5374
5376
5376
5376
5376
5376
5378
5378
5378
5378
5378
5380
5380
5382
5382
5382
5384
5384
5384
5384
5384
5384
5384
5384
5384
5384
5386
5386
5386
5386
5386
5386
5388
5388
5388
5390
5390
5390
5390
5390
5390
5390
5392
5392
5392
5392
5394
5394
5394
5396
5396
5396
5398
5400
5400
5400
5402
5402
5402
5402
5402
5404
5404
5404
5406
5406
5406
5406
5406
5406
5408
5410
5410
5410
5410
5410
5410
5412
5412
5412
5412
5412
5412
5414
5414
5416
5418
5418
5420
5420
5420
5422
5422
5422
5422
5424
5424
5424
5424
5424
5424
5424
5426
5426
5426
5428
5428
5430
5430
5432
5432
5432
5432
5434
5434
5434
5434
5436
5436
5438
5438
5438
5438
5440
5440
5440
5440
5440
5440
5442
5442
5444
5446
5450
5450
5450
5450
5450
5450
5450
5452
5452
5452
5454
5454
5456
5456
5456
5456
5456
5458
5458
5458
5460
5460
5462
5462
5464
5466
5466
5466
5468
5470
5470
5470
5472
5472
5472
5472
5472
5474
5474
5474
5476
5478
5480
5480
5482
5486
5486
5486
5488
5488
5488
5490
5492
5492
5494
5496
5498
5498
5498
5500
5500
5502
5502
5502
5506
5506
5506
5506
5508
5508
5508
5510
5510
5512
5512
5512
5512
5514
5516
5520
5522
5524
5524
5526
5532
5532
5536
5536
5538
5538
5538
5538
5540
5542
5542
5544
5544
5546
5546
5546
5548
5552
5552
5554
5556
5556
5558
5558
5558
5560
5560
5562
5562
5566
5566
5566
5566
5568
5568
5570
5572
5574
5574
5576
5578
5578
5578
5580
5582
5582
5582
5582
5584
5586
5586
5586
5586
5588
5588
5590
5590
5592
5592
5592
5594
5594
5594
5596
5598
5600
5600
5600
5602
5602
5604
5604
5606
5608
5610
5610
5610
5612
5612
5614
5616
5616
5618
5618
5618
5620
5620
5620
5622
5622
5624
5626
5628
5628
5628
5630
5630
5634
5634
5638
5638
5638
5638
5640
5642
5644
5644
5646
5646
5648
5648
5650
5652
5652
5654
5654
5656
5656
5656
5656
5660
5660
5666
5666
5666
5666
5668
5668
5668
5670
5674
5676
5684
5686
5688
5690
5690
5690
5692
5692
5694
5694
5694
5696
5698
5698
5700
5700
5700
5702
5702
5702
5704
5704
5704
5704
5704
5704
5706
5708
5708
5708
5710
5710
5712
5712
5714
5716
5718
5720
5724
5724
5726
5730
5732
5732
5732
5734
5736
5736
5736
5736
5738
5738
5738
5740
5740
5742
5742
5752
5754
5756
5758
5758
5760
5760
5760
5762
5762
5762
5766
5768
5768
5768
5768
5770
5770
5772
5772
5776
5778
5780
5780
5784
5784
5784
5786
5788
5788
5788
5794
5796
5802
5802
5802
5804
5804
5806
5806
5808
5808
5812
5812
5812
5814
5814
5816
5816
5818
5820
5820
5824
5824
5826
5826
5828
5828
5828
5832
5834
5834
5834
5834
5836
5836
5836
5838
5840
5840
5840
5846
5848
5852
5858
5858
5860
5868
5874
5874
5876
5878
5878
5880
5882
5884
5884
5884
5886
5886
5888
5890
5890
5892
5898
5898
5898
5902
5902
5902
5902
5904
5908
5908
5910
5910
5912
5916
5916
5918
5918
5920
5922
5922
5922
5924
5924
5926
5928
5934
5936
5936
5938
5942
5942
5942
5944
5946
5948
5954
5960
5966
5966
5968
5970
5970
5974
5974
5978
5978
5980
5986
5986
5990
5990
5992
5992
5992
5994
5998
6000
6000
6000
6002
6004
6006
6006
6008
6008
6008
6008
6014
6018
6020
6020
6028
6032
6032
6034
6038
6040
6040
6042
6042
6050
6050
6056
6056
6058
6058
6064
6066
6074
6076
6076
6082
6092
6092
6092
6094
6098
6102
6102
6104
6104
6110
6110
6110
6110
6112
6122
6124
6130
6130
6132
6142
6142
6150
6150
6152
6156
6158
6166
6168
6168
6168
6176
6180
6182
6182
6184
6184
6186
6186
6190
6192
6194
6196
6200
6206
6210
6214
6216
6216
6216
6224
6226
6226
6230
6234
6234
6240
6242
6246
6246
6248
6248
6250
6250
6258
6260
6264
6270
6270
6272
6274
6276
6278
6278
6280
6294
6298
6316
6316
6326
6328
6330
6336
6338
6340
6342
6346
6360
6366
6370
6380
6386
6388
6396
6402
6404
6408
6428
6434
6454
6466
6482
6484
6484
6486
6502
6528
6534
6538
6548
6550
6556
6564
6574
6578
6580
6602
6602
6606
6610
6614
6652
6656
6678
6690
6698
6700
6744
6750
6752
6758
6800
6818
6834
6838
6852
6870
6878
6894
6912
6942
7002
7042
7102
7128
7232
7268
7288
7292
7296
7354
7602
7610
7616
7638
7776
8010
8104
8198
8398
8936
9148
9246
9386
9482
9552
9610
9704
9772
9786
9814
9944
10142
10756
11030
11540
12986
13200
13318
14092
14354
14540
14724
15004
15224
15778
17452
17764
17826
18008
19898
20350
21506
22178
22470
22700
23464
24836
24870
24888
25090
25100
26302
27208
28378
28770
29384
29812
32070
33676
35706
37448
38634
53878
54028
