Latencies
5004
5030
5044
5046
5052
5058
5066
5068
5072
5076
5080
5084
5084
5092
5094
5096
5098
5102
5102
5106
5108
5108
5112
5114
5114
5116
5120
5120
5124
5128
5128
5130
5132
5134
5136
5138
5138
5142
5142
5142
5150
5150
5150
5150
5152
5152
5152
5154
5154
5154
5156
5158
5158
5160
5160
5160
5160
5162
5162
5162
5164
5164
5164
5166
5166
5166
5168
5172
5172
5172
5174
5178
5178
5178
5178
5180
5182
5182
5182
5182
5184
5184
5186
5188
5188
5190
5190
5190
5190
5190
5192
5192
5192
5192
5192
5194
5194
5196
5196
5196
5198
5200
5200
5200
5200
5202
5202
5204
5204
5206
5206
5206
5206
5206
5208
5208
5208
5210
5210
5210
5212
5214
5214
5216
5216
5216
5216
5216
5218
5218
5218
5218
5218
5218
5218
5220
5220
5222
5222
5222
5222
5224
5224
5224
5224
5224
5226
5226
5226
5228
5228
5228
5228
5228
5230
5230
5230
5232
5232
5232
5232
5234
5234
5234
5234
5234
5236
5236
5236
5236
5236
5238
5238
5240
5240
5240
5240
5242
5242
5244
5244
5244
5244
5246
5246
5246
5246
5248
5248
5248
5248
5250
5250
5250
5250
5252
5252
5252
5254
5254
5256
5256
5256
5256
5256
5256
5258
5258
5258
5258
5260
5260
5260
5260
5260
5260
5262
5262
5262
5262
5262
5264
5264
5264
5264
5264
5264
5264
5266
5266
5268
5270
5270
5272
5272
5272
5272
5272
5274
5274
5276
5276
5276
5276
5278
5278
5282
5284
5284
5284
5284
5286
5288
5288
5290
5292
5292
5292
5292
5292
5294
5296
5298
5298
5298
5300
5300
5300
5300
5304
5304
5304
5304
5306
5306
5306
5308
5308
5308
5308
5310
5310
5310
5310
5312
5312
5314
5314
5314
5314
5314
5316
5318
5318
5318
5318
5318
5318
5320
5320
5320
5320
5322
5322
5322
5322
5324
5324
5326
5326
5328
5328
5328
5330
5332
5332
5334
5334
5334
5334
5338
5340
5340
5342
5344
5344
5344
5346
5346
5346
5346
5346
5346
5348
5348
5348
5348
5350
5350
5350
5352
5352
5354
5354
5354
5354
5356
5356
5356
5358
5358
5360
5360
5360
5360
5362
5362
5362
5362
5364
5364
5368
5368
5368
5370
5370
5370
5372
5372
5372
5374
5374
5374
5374
5376
5378
5378
5380
5380
5382
5382
5384
5388
5390
5392
5394
5394
5396
5396
5396
5396
5396
5398
5398
5400
5400
5400
5400
5400
5402
5404
5406
5408
5410
5410
5412
5412
5414
5414
5416
5416
5416
5416
5416
5416
5420
5420
5424
5426
5426
5426
5428
5428
5432
5432
5436
5436
5436
5436
5438
5438
5440
5442
5442
5442
5444
5444
5446
5446
5448
5450
5450
5452
5452
5452
5452
5452
5452
5452
5452
5454
5456
5456
5456
5460
5460
5460
5462
5466
5466
5468
5468
5470
5470
5470
5470
5472
5472
5474
5474
5478
5478
5480
5482
5484
5484
5484
5484
5486
5486
5488
5490
5490
5498
5498
5500
5500
5502
5502
5504
5506
5506
5506
5510
5510
5512
5512
5512
5512
5512
5518
5520
5520
5520
5520
5520
5522
5522
5522
5524
5526
5528
5528
5530
5534
5534
5542
5546
5548
5550
5550
5550
5552
5554
5554
5554
5556
5558
5558
5558
5558
5560
5562
5564
5566
5568
5570
5572
5574
5574
5576
5582
5582
5584
5584
5588
5588
5592
5594
5594
5600
5602
5602
5602
5604
5604
5604
5606
5612
5612
5614
5616
5616
5616
5616
5616
5616
5620
5620
5620
5624
5624
5626
5628
5628
5632
5632
5634
5634
5642
5644
5644
5646
5648
5650
5652
5652
5654
5662
5662
5664
5664
5666
5668
5668
5670
5670
5676
5678
5680
5680
5682
5686
5686
5688
5690
5692
5694
5694
5696
5698
5700
5700
5704
5710
5710
5712
5714
5716
5716
5718
5718
5718
5720
5722
5722
5724
5724
5724
5726
5726
5726
5728
5736
5738
5740
5742
5744
5744
5744
5744
5746
5746
5746
5748
5750
5750
5752
5752
5754
5756
5756
5758
5758
5758
5758
5758
5760
5762
5764
5764
5764
5766
5770
5770
5774
5774
5776
5776
5778
5782
5784
5784
5788
5788
5790
5790
5790
5792
5792
5792
5794
5796
5800
5804
5808
5808
5810
5810
5812
5814
5814
5816
5816
5818
5822
5822
5822
5824
5828
5828
5832
5832
5836
5836
5838
5840
5840
5842
5842
5846
5846
5848
5856
5858
5862
5862
5864
5864
5866
5868
5868
5870
5870
5870
5870
5874
5884
5884
5886
5888
5888
5892
5896
5900
5900
5902
5906
5910
5910
5912
5912
5912
5914
5916
5916
5918
5922
5922
5922
5928
5928
5932
5934
5938
5938
5938
5940
5942
5942
5942
5944
5944
5948
5952
5958
5958
5964
5966
5970
5970
5974
5978
5982
5984
5984
5992
5992
5994
5996
6000
6000
6002
6004
6008
6010
6016
6018
6024
6026
6030
6030
6036
6040
6040
6042
6042
6046
6048
6050
6050
6052
6058
6058
6074
6078
6084
6086
6098
6106
6106
6110
6112
6116
6120
6120
6120
6120
6128
6130
6130
6132
6144
6146
6150
6156
6158
6160
6172
6188
6194
6200
6214
6224
6238
6238
6240
6260
6262
6294
6298
6306
6318
6320
6320
6326
6332
6340
6340
6342
6354
6366
6380
6386
6412
6418
6440
6452
6498
6538
6544
6550
6570
6580
6628
6642
6676
6702
6722
6728
6742
6794
6794
6800
6822
6874
6926
6946
6970
6976
7066
7194
7370
7374
7538
7542
7762
7998
8020
8606
8636
8904
9840
10032
10238
10282
11014
11466
11660
12710
12776
13492
13818
14530
15048
15206
15610
15970
16128
16200
16206
16722
17482
17534
17562
17774
17800
18422
18760
19190
19500
19810
21556
23582
24460
24510
25344
26384
26436
27064
27622
28340
28620
29822
31240
32694
34880
35080
35386
35680
36492
46094
