Latencies
5224
5228
5230
5252
5252
5256
5260
5266
5270
5274
5280
5280
5282
5284
5286
5300
5308
5312
5312
5316
5316
5322
5324
5324
5326
5326
5334
5338
5342
5342
5348
5364
5368
5370
5376
5376
5378
5384
5384
5386
5394
5394
5400
5402
5404
5408
5410
5414
5416
5416
5416
5418
5422
5424
5426
5428
5434
5438
5438
5448
5454
5474
5474
5478
5480
5482
5484
5492
5496
5498
5498
5504
5506
5510
5512
5514
5518
5518
5526
5538
5544
5548
5550
5550
5558
5562
5564
5568
5576
5578
5582
5584
5584
5590
5596
5598
5602
5604
5606
5616
5624
5630
5630
5632
5638
5640
5642
5642
5648
5652
5652
5654
5654
5654
5660
5662
5674
5684
5692
5694
5696
5702
5706
5708
5712
5712
5720
5724
5726
5740
5742
5750
5756
5756
5766
5786
5792
5794
5802
5806
5808
5810
5820
5820
5820
5826
5830
5854
5862
5864
5866
5874
5888
5900
5912
5912
5920
5926
5928
5936
5938
5952
5958
5958
5986
5992
5996
6002
6004
6008
6022
6034
6048
6054
6056
6056
6080
6084
6098
6116
6134
6136
6144
6158
6172
6188
6192
6200
6204
6210
6228
6236
6246
6256
6264
6304
6310
6314
6326
6326
6336
6374
6378
6386
6386
6388
6438
6440
6468
6480
6496
6502
6510
6544
6550
6608
6640
6644
6644
6670
6674
6676
6686
6690
6734
6752
6758
6760
6778
6784
6792
6792
6806
6816
6852
6874
6886
6902
6924
6942
6950
6954
6966
6990
7002
7004
7030
7056
7082
7088
7102
7104
7108
7114
7120
7132
7146
7158
7174
7210
7276
7280
7304
7314
7326
7336
7382
7410
7458
7476
7496
7500
7526
7536
7540
7550
7554
7556
7590
7596
7638
7658
7696
7702
7704
7718
7724
7742
7754
7756
7758
7758
7760
7790
7792
7796
7814
7816
7828
7830
7834
7854
7878
7886
7918
7918
7946
7952
7954
7978
7990
7998
8036
8056
8072
8094
8096
8100
8114
8114
8180
8186
8202
8226
8230
8240
8244
8266
8300
8304
8320
8322
8340
8340
8366
8380
8386
8408
8442
8450
8450
8456
8458
8468
8472
8476
8480
8484
8500
8510
8522
8530
8558
8560
8582
8584
8594
8632
8654
8656
8662
8662
8690
8690
8700
8726
8740
8746
8750
8762
8774
8848
8848
8850
8862
8888
8890
8924
8932
8946
8960
9004
9028
9060
9064
9106
9116
9116
9134
9146
9172
9176
9200
9224
9242
9246
9246
9264
9280
9304
9376
9388
9402
9422
9440
9454
9454
9464
9498
9498
9520
9536
9568
9592
9606
9632
9632
9646
9654
9656
9658
9662
9676
9704
9720
9726
9728
9740
9742
9760
9786
9800
9828
9838
9860
9884
9886
9898
9902
9902
9926
9948
9964
9988
10014
10076
10100
10104
10106
10154
10170
10196
10200
10204
10208
10212
10216
10218
10260
10260
10264
10266
10266
10270
10276
10280
10296
10376
10382
10410
10412
10412
10452
10458
10470
10490
10536
10552
10560
10588
10608
10610
10618
10620
10628
10646
10646
10672
10700
10708
10712
10752
10798
10800
10818
10824
10852
10854
10858
10862
10866
10876
10890
10918
10988
10990
11032
11082
11106
11128
11128
11132
11158
11176
11176
11202
11202
11210
11258
11272
11294
11316
11340
11354
11412
11434
11436
11494
11532
11566
11574
11576
11584
11612
11628
11634
11642
11656
11662
11694
11726
11732
11736
11738
11764
11782
11790
11810
11822
11832
11836
11858
11902
11982
12030
12036
12050
12086
12102
12106
12132
12136
12144
12156
12162
12176
12178
12186
12212
12212
12214
12220
12234
12256
12278
12316
12362
12390
12452
12492
12498
12522
12528
12552
12590
12594
12596
12600
12602
12626
12630
12670
12696
12700
12718
12748
12750
12754
12756
12768
12772
12792
12800
12800
12806
12810
12812
12814
12822
12832
12846
12856
12874
12898
12910
12922
12934
12948
12960
12968
12992
13024
13026
13068
13094
13104
13108
13202
13202
13220
13266
13268
13268
13272
13280
13332
13340
13362
13396
13430
13436
13474
13490
13490
13500
13512
13522
13538
13558
13568
13576
13612
13630
13634
13644
13684
13690
13702
13754
13812
13824
13844
13864
13870
13884
13940
13966
14006
14028
14038
14042
14068
14070
14070
14084
14084
14110
14122
14126
14138
14164
14186
14188
14192
14202
14224
14264
14290
14296
14330
14336
14338
14338
14338
14342
14358
14362
14370
14372
14384
14392
14398
14402
14434
14434
14446
14446
14448
14448
14456
14466
14474
14476
14478
14504
14508
14518
14524
14546
14548
14568
14568
14574
14584
14602
14606
14608
14610
14610
14616
14618
14622
14630
14636
14636
14642
14644
14648
14654
14654
14656
14666
14672
14688
14688
14700
14700
14700
14704
14706
14708
14714
14714
14718
14724
14724
14726
14728
14734
14736
14738
14740
14744
14752
14780
14784
14808
14812
14818
14820
14824
14828
14838
14840
14842
14846
14852
14860
14860
14866
14868
14870
14870
14876
14876
14880
14882
14884
14886
14886
14890
14896
14896
14928
14944
14948
14948
14956
14964
14964
14966
14976
14976
14988
14990
14990
14996
15002
15008
15014
15030
15034
15034
15036
15038
15044
15052
15056
15060
15062
15066
15070
15082
15096
15102
15106
15106
15116
15118
15128
15146
15154
15158
15164
15166
15168
15174
15190
15192
15208
15208
15208
15214
15214
15218
15226
15244
15244
15244
15252
15256
15264
15276
15280
15282
15308
15324
15330
15342
15346
15366
15370
15374
15384
15390
15416
15418
15420
15424
15430
15438
15448
15472
15488
15490
15490
15492
15496
15508
15526
15526
15536
15556
15558
15560
15566
15566
15580
15592
15600
15612
15614
15622
15624
15644
15648
15652
15668
15696
15722
15732
15742
15778
15780
15782
15788
15790
15802
15802
15818
15824
15836
15844
15884
15898
15908
15938
15948
16050
16094
16248
16282
16410
16732
16788
17338
17450
17752
17776
17854
18110
18574
18750
19002
19472
19718
19976
20442
20484
21278
21400
21646
22140
22264
22300
22472
22508
22840
23146
23190
23580
23744
23748
24050
24168
24172
24220
24236
24316
24324
24390
24400
24466
24560
24642
24872
24880
24882
24934
24948
24958
25084
25102
25224
25586
25654
27360
33836
34542
38044
38400
47860
48350
48428
59644
64228
72392
78332
233224
