Latencies
5216
5242
5248
5250
5256
5268
5272
5280
5288
5296
5300
5302
5308
5316
5322
5336
5340
5346
5352
5354
5356
5362
5366
5368
5372
5372
5374
5376
5378
5378
5380
5388
5390
5392
5396
5402
5404
5406
5418
5422
5422
5424
5424
5430
5434
5438
5442
5444
5444
5444
5446
5448
5452
5456
5466
5472
5476
5478
5478
5482
5482
5482
5484
5488
5498
5504
5518
5520
5520
5522
5536
5542
5544
5552
5552
5556
5558
5558
5560
5564
5570
5572
5574
5592
5596
5600
5616
5624
5624
5638
5644
5646
5646
5648
5658
5660
5672
5674
5684
5688
5690
5690
5694
5704
5708
5712
5712
5712
5720
5724
5724
5728
5728
5728
5744
5748
5752
5764
5766
5776
5778
5778
5784
5798
5798
5806
5806
5808
5810
5810
5828
5828
5836
5840
5842
5854
5856
5860
5860
5864
5868
5874
5876
5878
5884
5900
5904
5906
5910
5914
5918
5924
5926
5930
5932
5934
5934
5942
5944
5946
5948
5960
5968
5968
5974
5980
5982
5988
5996
6002
6002
6004
6006
6010
6016
6026
6028
6028
6038
6040
6046
6046
6050
6054
6056
6064
6066
6066
6070
6072
6072
6078
6084
6092
6116
6124
6128
6132
6154
6156
6188
6194
6198
6200
6254
6288
6320
6326
6326
6336
6358
6372
6378
6382
6392
6400
6400
6406
6408
6410
6410
6416
6420
6434
6464
6484
6502
6506
6520
6520
6534
6548
6578
6588
6596
6606
6658
6658
6690
6696
6720
6722
6732
6752
6772
6806
6810
6816
6820
6864
6888
6924
6928
6928
6936
6948
7000
7016
7076
7080
7080
7152
7196
7202
7202
7232
7244
7270
7284
7286
7306
7308
7316
7382
7382
7434
7462
7474
7484
7532
7534
7554
7562
7602
7608
7612
7618
7650
7650
7682
7714
7716
7762
7832
7898
7906
7922
7930
7948
7974
8050
8060
8086
8096
8100
8116
8140
8152
8182
8182
8198
8212
8244
8248
8252
8268
8284
8286
8308
8324
8354
8364
8418
8420
8438
8448
8464
8466
8500
8510
8520
8524
8542
8632
8660
8662
8684
8708
8724
8728
8730
8736
8752
8794
8834
8838
8844
8878
8904
8920
8934
8944
8978
8990
9064
9096
9122
9134
9154
9156
9164
9178
9186
9188
9192
9218
9234
9238
9256
9258
9276
9308
9312
9316
9358
9380
9382
9386
9396
9398
9440
9456
9470
9478
9484
9490
9496
9512
9524
9526
9600
9606
9616
9618
9620
9650
9722
9724
9800
9810
9818
9828
9866
9870
9888
9896
9900
9904
9916
9922
9926
9930
9936
9966
10000
10044
10050
10068
10088
10144
10148
10156
10162
10194
10292
10320
10334
10356
10382
10386
10426
10440
10470
10494
10512
10526
10568
10572
10574
10574
10604
10634
10652
10664
10674
10718
10728
10736
10788
10790
10818
10824
10858
10876
10882
10888
10896
10900
10904
10914
10914
10918
10946
10962
10966
10970
10988
10992
10992
11018
11042
11054
11064
11078
11118
11132
11180
11210
11278
11284
11284
11300
11302
11332
11342
11342
11354
11360
11394
11414
11416
11420
11426
11438
11440
11476
11484
11486
11494
11530
11548
11560
11570
11584
11608
11618
11640
11642
11660
11706
11710
11752
11752
11760
11762
11772
11822
11842
11886
11910
11912
11928
11954
11972
11984
12012
12016
12020
12022
12038
12046
12118
12128
12170
12180
12220
12242
12242
12310
12330
12378
12384
12406
12412
12432
12434
12474
12496
12548
12550
12616
12690
12690
12778
12798
12814
12818
12832
12860
12872
12878
12916
12950
12966
12972
13018
13018
13034
13040
13052
13054
13054
13058
13066
13084
13094
13098
13104
13114
13124
13152
13164
13178
13186
13206
13216
13238
13254
13254
13312
13320
13326
13332
13350
13360
13364
13388
13394
13418
13424
13448
13496
13496
13506
13550
13556
13602
13614
13622
13680
13682
13704
13758
13820
13868
13914
13918
13922
13928
13930
13956
13990
13992
13994
14020
14020
14044
14056
14062
14070
14116
14120
14144
14160
14174
14182
14186
14190
14198
14212
14218
14226
14236
14240
14254
14266
14332
14334
14338
14344
14348
14350
14362
14364
14366
14378
14378
14390
14392
14396
14398
14404
14414
14440
14442
14462
14474
14482
14484
14492
14500
14506
14510
14512
14512
14514
14526
14526
14536
14546
14548
14550
14556
14562
14574
14584
14588
14602
14610
14626
14636
14642
14644
14650
14658
14664
14666
14676
14680
14680
14682
14694
14694
14694
14696
14698
14712
14714
14718
14728
14730
14732
14732
14742
14744
14752
14754
14760
14766
14766
14784
14788
14790
14792
14792
14796
14800
14802
14804
14808
14810
14812
14812
14814
14816
14818
14824
14826
14828
14828
14842
14850
14850
14858
14870
14872
14872
14874
14876
14878
14880
14884
14890
14892
14894
14896
14906
14922
14932
14934
14936
14936
14944
14944
14948
14952
14956
14958
14958
14962
14966
14968
14972
14972
14974
14984
14986
14990
14990
14996
15000
15004
15014
15014
15014
15014
15016
15016
15018
15022
15024
15040
15046
15050
15058
15060
15062
15074
15084
15088
15088
15094
15100
15102
15102
15104
15104
15106
15110
15112
15126
15144
15162
15166
15178
15180
15184
15184
15192
15196
15200
15200
15226
15226
15234
15250
15252
15252
15256
15266
15268
15274
15276
15282
15284
15288
15302
15306
15306
15310
15318
15322
15324
15330
15338
15338
15352
15356
15368
15370
15376
15388
15410
15414
15420
15424
15432
15436
15448
15448
15454
15460
15462
15470
15472
15480
15480
15500
15524
15530
15532
15558
15566
15572
15594
15610
15636
15658
15674
15674
15698
15714
15716
15724
15772
15828
15834
15838
15956
15958
15960
15966
15998
16028
16030
16030
16112
16174
16348
16426
16796
17292
17296
18934
19108
19868
20568
22218
22564
23508
23952
24044
24282
24484
24504
24788
24880
25530
26802
29134
30624
32166
32352
33244
33986
34092
34684
34978
38634
38840
40520
42688
67020
98474
544148
2026472
2644982
