Latencies
5192
5226
5226
5236
5244
5250
5252
5254
5254
5260
5270
5270
5272
5280
5280
5284
5286
5288
5288
5292
5292
5302
5302
5308
5308
5310
5318
5324
5328
5336
5344
5346
5352
5352
5352
5354
5354
5356
5358
5360
5364
5364
5366
5372
5380
5382
5382
5388
5392
5394
5394
5400
5400
5404
5406
5406
5408
5418
5420
5420
5420
5420
5426
5426
5430
5430
5430
5436
5436
5440
5444
5458
5462
5462
5466
5484
5486
5488
5492
5496
5496
5498
5500
5514
5514
5516
5520
5522
5522
5528
5534
5542
5544
5548
5548
5550
5550
5556
5560
5564
5592
5596
5600
5608
5610
5624
5624
5628
5630
5632
5640
5642
5642
5652
5658
5668
5674
5678
5680
5690
5690
5692
5700
5704
5708
5726
5746
5754
5758
5762
5780
5780
5790
5792
5802
5812
5814
5816
5820
5828
5832
5838
5838
5842
5846
5852
5858
5862
5868
5894
5906
5910
5920
5926
5938
5944
5956
5958
5960
5966
5978
6022
6024
6032
6034
6042
6044
6046
6046
6050
6058
6060
6072
6076
6090
6094
6106
6114
6122
6130
6138
6152
6158
6158
6168
6168
6170
6176
6180
6182
6186
6192
6196
6198
6210
6220
6220
6222
6222
6266
6292
6298
6300
6318
6346
6346
6368
6370
6378
6402
6424
6424
6430
6436
6452
6464
6506
6520
6528
6550
6610
6626
6642
6646
6670
6672
6672
6704
6704
6742
6758
6766
6774
6784
6786
6800
6802
6808
6816
6930
6952
6958
7020
7034
7046
7080
7108
7110
7136
7138
7176
7314
7344
7370
7374
7380
7386
7390
7438
7450
7454
7456
7458
7462
7474
7488
7488
7496
7500
7502
7510
7510
7524
7526
7548
7562
7594
7598
7616
7628
7628
7632
7634
7862
7868
7890
7912
7926
7934
7948
7994
8018
8046
8048
8056
8062
8070
8074
8074
8078
8104
8112
8162
8196
8204
8206
8208
8214
8238
8242
8244
8266
8274
8310
8320
8334
8336
8342
8352
8352
8358
8418
8450
8470
8500
8508
8518
8526
8542
8550
8558
8566
8572
8572
8574
8586
8604
8610
8688
8694
8730
8738
8752
8752
8766
8782
8794
8800
8898
8916
8934
8944
8950
8982
8992
9000
9010
9022
9030
9034
9040
9042
9042
9058
9090
9090
9130
9136
9172
9190
9194
9198
9282
9292
9360
9366
9452
9458
9464
9464
9472
9502
9506
9508
9516
9552
9566
9572
9582
9588
9606
9616
9616
9624
9710
9712
9728
9744
9750
9752
9778
9788
9792
9804
9822
9830
9892
9902
9924
9936
9956
9958
9974
9976
9976
9982
9984
9990
10012
10062
10074
10082
10088
10098
10114
10114
10122
10134
10146
10164
10166
10180
10184
10220
10230
10262
10400
10406
10446
10460
10462
10534
10550
10574
10604
10606
10612
10614
10614
10624
10636
10658
10720
10764
10770
10776
10782
10786
10790
10804
10806
10810
10836
10844
10848
10850
10854
10860
10874
10884
10896
10902
10906
10908
10920
10928
10928
10994
11000
11016
11036
11078
11086
11092
11096
11110
11124
11132
11188
11236
11236
11280
11292
11300
11302
11316
11320
11330
11330
11340
11340
11356
11364
11382
11382
11384
11386
11428
11440
11460
11534
11542
11558
11566
11574
11600
11618
11626
11648
11662
11692
11696
11702
11728
11746
11764
11774
11780
11780
11828
11834
11850
11888
11930
11930
11952
11962
12006
12012
12050
12060
12086
12104
12112
12150
12172
12220
12220
12238
12238
12270
12280
12280
12282
12322
12334
12350
12354
12388
12406
12456
12466
12484
12504
12506
12510
12518
12520
12532
12542
12544
12546
12568
12576
12576
12578
12602
12638
12644
12652
12700
12708
12714
12732
12736
12746
12746
12758
12760
12780
12816
12824
12838
12840
12842
12878
12894
12944
12958
12960
12964
13048
13100
13164
13166
13210
13214
13222
13228
13228
13238
13258
13282
13288
13304
13318
13330
13332
13332
13342
13348
13362
13364
13376
13402
13442
13474
13476
13476
13482
13504
13536
13538
13552
13556
13578
13584
13588
13594
13612
13678
13698
13702
13722
13750
13802
13816
13838
13846
13858
13884
13914
13924
13936
13952
13960
13968
13970
13972
13976
14000
14026
14030
14032
14034
14036
14052
14106
14110
14110
14112
14124
14158
14160
14190
14214
14218
14222
14226
14242
14254
14260
14276
14298
14300
14302
14326
14330
14332
14346
14354
14354
14358
14366
14366
14384
14388
14412
14418
14444
14446
14460
14466
14476
14476
14490
14492
14502
14516
14520
14528
14548
14562
14564
14568
14568
14578
14608
14614
14616
14622
14624
14648
14650
14666
14676
14694
14698
14698
14700
14702
14716
14716
14718
14718
14732
14740
14776
14776
14780
14806
14808
14816
14820
14828
14830
14836
14842
14844
14846
14848
14854
14856
14866
14874
14874
14874
14878
14878
14884
14894
14894
14894
14896
14900
14902
14912
14926
14942
14956
14956
14968
14974
14978
14980
14986
14986
14988
14988
14990
14992
15002
15008
15012
15022
15028
15036
15042
15044
15052
15054
15076
15118
15120
15122
15126
15140
15144
15148
15152
15154
15156
15176
15176
15184
15188
15200
15220
15230
15234
15240
15242
15244
15260
15262
15266
15266
15280
15282
15284
15284
15290
15298
15328
15332
15344
15360
15366
15368
15368
15372
15380
15382
15384
15386
15388
15398
15402
15418
15426
15426
15444
15448
15452
15460
15460
15468
15468
15486
15488
15492
15496
15508
15508
15508
15516
15522
15528
15530
15532
15532
15540
15552
15558
15580
15590
15598
15608
15614
15640
15642
15644
15656
15672
15700
15710
15716
15720
15722
15736
15754
15772
15798
15822
15858
15894
15924
15926
15940
15942
15950
15954
16014
16034
16062
16120
16132
16230
16242
16446
16540
17130
17150
17468
17470
17476
18232
19094
19374
19776
20228
20232
20540
20598
21590
21920
21938
22350
22372
22386
22624
23502
23608
23608
23740
23776
24042
24224
24260
24280
24290
24314
24406
24410
24534
24566
24578
24618
24864
24870
25040
25180
25540
25554
25714
25892
28424
28498
32446
34030
35334
37062
40186
67644
146576
226144
325942
1325940
1714196
