Latencies
4992
5006
5006
5014
5018
5024
5028
5028
5030
5032
5034
5042
5044
5046
5052
5060
5060
5060
5062
5064
5064
5066
5068
5068
5070
5072
5076
5076
5076
5076
5080
5088
5088
5094
5096
5100
5100
5102
5104
5106
5110
5110
5110
5110
5110
5112
5112
5114
5118
5118
5118
5120
5120
5122
5122
5122
5122
5122
5126
5130
5134
5134
5134
5134
5136
5136
5136
5136
5138
5138
5140
5140
5142
5144
5144
5144
5144
5144
5144
5146
5146
5148
5148
5148
5150
5150
5150
5154
5156
5156
5158
5158
5160
5160
5162
5162
5164
5164
5164
5166
5166
5168
5168
5168
5170
5170
5170
5170
5172
5172
5174
5174
5174
5176
5176
5176
5178
5178
5178
5178
5178
5178
5180
5180
5182
5182
5184
5184
5184
5186
5188
5188
5188
5188
5188
5188
5190
5190
5190
5190
5190
5190
5190
5192
5192
5192
5192
5192
5192
5192
5194
5194
5196
5196
5196
5196
5198
5198
5200
5200
5200
5200
5202
5202
5202
5202
5204
5204
5206
5206
5206
5206
5206
5206
5206
5208
5208
5208
5208
5208
5210
5210
5210
5210
5212
5212
5212
5212
5212
5214
5214
5214
5214
5216
5216
5216
5216
5216
5218
5218
5218
5218
5218
5220
5220
5220
5222
5222
5222
5222
5222
5224
5226
5226
5226
5226
5226
5226
5228
5228
5228
5228
5228
5228
5228
5230
5230
5230
5232
5232
5232
5234
5234
5234
5236
5236
5236
5236
5236
5236
5238
5238
5240
5240
5240
5242
5242
5242
5242
5242
5242
5242
5244
5244
5244
5246
5246
5248
5248
5248
5248
5250
5250
5250
5250
5252
5252
5254
5254
5254
5254
5254
5256
5256
5256
5258
5258
5258
5258
5258
5258
5260
5260
5260
5260
5262
5262
5262
5262
5262
5264
5264
5264
5264
5266
5266
5266
5266
5268
5268
5268
5268
5270
5270
5270
5270
5272
5272
5272
5272
5272
5274
5276
5276
5276
5276
5276
5278
5278
5278
5278
5280
5280
5280
5280
5280
5282
5282
5282
5284
5284
5284
5284
5284
5286
5286
5286
5288
5288
5288
5288
5290
5290
5290
5290
5290
5290
5292
5292
5292
5292
5294
5296
5296
5296
5296
5296
5296
5298
5298
5298
5300
5300
5300
5300
5302
5302
5302
5302
5302
5304
5304
5304
5304
5306
5306
5306
5308
5308
5308
5308
5308
5310
5310
5312
5312
5314
5314
5314
5314
5316
5318
5318
5320
5320
5320
5322
5322
5324
5324
5326
5328
5328
5328
5330
5330
5330
5330
5330
5330
5334
5334
5336
5336
5336
5336
5336
5336
5338
5338
5340
5340
5340
5340
5340
5340
5342
5342
5342
5342
5342
5342
5342
5344
5344
5344
5344
5344
5346
5346
5346
5346
5348
5348
5348
5348
5350
5350
5350
5350
5352
5352
5354
5354
5356
5358
5358
5360
5360
5362
5362
5364
5364
5364
5364
5366
5366
5368
5368
5368
5368
5370
5370
5370
5372
5372
5372
5374
5374
5374
5374
5376
5378
5378
5380
5380
5380
5380
5382
5382
5384
5384
5386
5386
5388
5388
5392
5392
5392
5394
5394
5394
5396
5396
5396
5396
5398
5398
5398
5400
5400
5400
5400
5402
5402
5410
5410
5412
5412
5412
5412
5412
5414
5414
5416
5416
5416
5416
5418
5418
5418
5418
5418
5418
5420
5420
5420
5420
5422
5424
5426
5426
5426
5428
5428
5428
5432
5432
5434
5434
5434
5436
5438
5440
5440
5442
5444
5444
5446
5446
5446
5446
5452
5454
5460
5460
5460
5462
5462
5464
5466
5468
5468
5470
5470
5472
5474
5474
5474
5476
5476
5478
5480
5480
5484
5484
5484
5486
5486
5486
5486
5488
5488
5492
5492
5492
5496
5500
5500
5500
5502
5502
5504
5506
5506
5512
5514
5514
5518
5518
5520
5520
5522
5524
5526
5526
5526
5528
5530
5534
5538
5538
5538
5540
5540
5542
5542
5544
5546
5546
5548
5550
5550
5550
5552
5556
5558
5568
5568
5568
5570
5570
5576
5578
5580
5580
5580
5584
5586
5586
5588
5588
5596
5602
5602
5604
5606
5606
5606
5610
5610
5610
5612
5614
5614
5614
5616
5616
5616
5618
5618
5620
5622
5624
5624
5624
5624
5626
5626
5628
5630
5632
5632
5634
5634
5634
5634
5638
5638
5638
5640
5644
5646
5646
5648
5650
5650
5650
5650
5656
5656
5658
5658
5662
5668
5668
5670
5674
5676
5676
5676
5676
5678
5684
5688
5688
5690
5690
5690
5690
5696
5696
5700
5704
5704
5706
5706
5710
5710
5712
5712
5714
5716
5718
5718
5722
5722
5722
5722
5724
5724
5728
5730
5732
5732
5734
5736
5738
5740
5740
5742
5742
5742
5744
5744
5744
5748
5750
5750
5752
5752
5754
5756
5760
5762
5764
5764
5764
5766
5766
5768
5768
5770
5770
5772
5774
5774
5774
5778
5782
5784
5784
5786
5786
5788
5788
5790
5798
5800
5800
5804
5806
5806
5808
5810
5810
5812
5812
5812
5812
5814
5814
5818
5818
5820
5822
5822
5822
5822
5828
5828
5836
5838
5838
5842
5842
5844
5852
5854
5858
5858
5858
5860
5862
5868
5870
5872
5872
5878
5884
5886
5886
5886
5888
5890
5890
5894
5896
5898
5900
5902
5912
5912
5916
5916
5920
5920
5920
5932
5936
5936
5940
5946
5948
5952
5952
5956
5958
5960
5962
5976
5984
5986
5988
5996
5998
6000
6008
6014
6026
6030
6044
6058
6066
6128
6134
6148
6168
6174
6190
6250
6296
6332
6338
6444
6576
6586
6780
6792
6876
6902
6904
6924
6982
6994
6996
7052
7056
7132
7156
7228
7234
7304
7826
8450
8502
8544
9734
10052
10626
10720
10744
10744
10766
10872
10878
10896
10902
10902
10904
10952
10954
11004
11020
11026
11028
11064
11072
11084
11250
12096
12342
12806
13558
14220
14752
20348
20558
22880
23276
23628
23936
24260
24440
24532
24568
24642
24978
25422
25550
27298
27334
27372
29298
33578
34680
35076
35448
35472
35528
35658
35752
35924
35946
36316
36418
36642
39236
39374
41840
42076
73126
