Latencies
5146
5160
5168
5180
5192
5198
5200
5204
5206
5208
5210
5210
5214
5222
5224
5226
5226
5226
5232
5232
5234
5236
5238
5240
5242
5244
5246
5246
5252
5254
5256
5258
5260
5260
5260
5264
5266
5266
5268
5274
5276
5276
5276
5278
5280
5280
5284
5286
5288
5290
5290
5294
5296
5298
5298
5300
5302
5302
5302
5302
5302
5304
5304
5306
5306
5306
5310
5312
5312
5314
5316
5318
5320
5320
5322
5324
5326
5326
5326
5326
5326
5326
5328
5328
5332
5332
5332
5332
5334
5334
5334
5336
5336
5336
5336
5336
5338
5338
5340
5340
5340
5342
5342
5342
5342
5342
5344
5344
5346
5348
5348
5348
5348
5350
5350
5350
5350
5352
5352
5352
5352
5352
5352
5354
5356
5356
5358
5358
5358
5360
5360
5360
5360
5362
5362
5362
5362
5362
5364
5364
5364
5364
5366
5366
5366
5366
5368
5368
5370
5370
5370
5370
5370
5370
5372
5372
5374
5374
5374
5374
5374
5374
5374
5376
5376
5376
5378
5378
5378
5378
5378
5380
5380
5380
5380
5382
5382
5384
5384
5384
5384
5384
5384
5384
5384
5386
5386
5386
5386
5386
5386
5388
5388
5388
5390
5390
5390
5392
5392
5392
5394
5394
5394
5394
5394
5394
5396
5398
5398
5398
5398
5398
5400
5400
5400
5402
5402
5402
5402
5402
5402
5402
5402
5404
5404
5404
5404
5404
5406
5406
5406
5408
5408
5408
5408
5410
5410
5410
5410
5410
5412
5412
5412
5414
5414
5414
5414
5416
5416
5416
5416
5416
5416
5418
5418
5418
5418
5420
5420
5420
5420
5420
5422
5422
5422
5424
5424
5424
5424
5426
5426
5426
5426
5428
5428
5428
5430
5430
5430
5432
5432
5434
5434
5434
5434
5436
5438
5440
5440
5440
5440
5440
5440
5442
5442
5442
5442
5444
5444
5444
5444
5446
5446
5446
5448
5448
5448
5450
5450
5450
5450
5450
5450
5450
5454
5456
5456
5456
5456
5458
5458
5458
5460
5460
5460
5460
5462
5462
5462
5464
5464
5464
5466
5468
5468
5468
5470
5470
5472
5472
5472
5472
5472
5472
5476
5476
5476
5476
5476
5476
5478
5478
5478
5480
5480
5482
5484
5484
5484
5484
5484
5484
5486
5486
5488
5488
5488
5488
5488
5492
5496
5496
5500
5500
5500
5500
5500
5500
5500
5500
5502
5502
5502
5502
5502
5504
5504
5504
5506
5506
5506
5506
5508
5508
5508
5508
5508
5512
5514
5514
5514
5514
5516
5516
5518
5520
5520
5520
5520
5522
5522
5522
5524
5524
5524
5524
5524
5526
5526
5526
5528
5528
5528
5528
5528
5528
5530
5530
5530
5530
5530
5532
5534
5534
5534
5536
5536
5538
5538
5538
5540
5540
5540
5540
5542
5544
5544
5544
5544
5546
5546
5546
5548
5548
5548
5550
5550
5552
5554
5554
5554
5554
5556
5556
5558
5558
5560
5560
5560
5560
5560
5560
5562
5562
5562
5562
5564
5566
5568
5570
5570
5570
5570
5572
5572
5574
5576
5578
5578
5582
5584
5588
5588
5590
5590
5592
5592
5594
5596
5600
5602
5602
5602
5604
5608
5610
5610
5610
5610
5614
5614
5616
5616
5618
5618
5618
5620
5620
5624
5624
5626
5628
5630
5632
5634
5636
5638
5638
5640
5640
5642
5642
5642
5644
5644
5646
5646
5648
5650
5650
5652
5652
5652
5654
5654
5654
5658
5660
5660
5660
5662
5662
5666
5668
5668
5670
5672
5674
5674
5676
5682
5684
5684
5686
5688
5690
5696
5698
5704
5704
5708
5708
5708
5708
5710
5710
5712
5714
5716
5716
5716
5716
5720
5722
5724
5726
5730
5732
5732
5732
5732
5736
5736
5738
5738
5738
5740
5742
5742
5742
5744
5744
5746
5746
5748
5750
5750
5752
5758
5758
5760
5762
5762
5762
5768
5768
5772
5774
5776
5778
5780
5782
5784
5784
5784
5790
5790
5792
5792
5792
5794
5794
5796
5802
5806
5812
5820
5820
5822
5822
5822
5822
5824
5828
5830
5832
5834
5836
5836
5842
5842
5844
5846
5846
5846
5848
5848
5850
5850
5852
5858
5858
5862
5864
5864
5864
5876
5876
5880
5882
5882
5884
5888
5890
5890
5890
5892
5894
5900
5902
5904
5906
5906
5906
5906
5910
5910
5910
5910
5914
5916
5916
5918
5918
5924
5924
5924
5926
5928
5936
5938
5940
5942
5944
5944
5946
5946
5946
5950
5950
5950
5952
5952
5952
5952
5954
5956
5958
5960
5962
5966
5966
5966
5972
5974
5976
5980
5982
5982
5986
5986
5988
5990
5992
5996
5996
5998
5998
5998
6000
6000
6002
6002
6004
6004
6004
6006
6008
6010
6010
6010
6014
6014
6024
6026
6026
6030
6032
6034
6036
6038
6038
6038
6042
6050
6050
6052
6052
6058
6058
6058
6058
6064
6064
6072
6078
6080
6082
6082
6082
6086
6086
6098
6100
6100
6102
6102
6104
6110
6112
6114
6114
6114
6122
6126
6130
6138
6142
6142
6144
6144
6144
6152
6160
6164
6166
6168
6168
6174
6176
6178
6182
6186
6190
6192
6192
6198
6198
6198
6200
6200
6218
6222
6226
6232
6236
6236
6236
6242
6246
6250
6256
6260
6266
6266
6268
6274
6286
6300
6304
6322
6332
6334
6342
6352
6354
6358
6368
6368
6372
6374
6384
6390
6392
6434
6438
6460
6464
6468
6478
6484
6496
6516
6524
6532
6550
6582
6598
6608
6624
6634
6648
6720
6726
6736
6744
6748
6758
6764
6774
6780
6804
6856
6906
6908
6936
6970
7006
7010
7042
7100
7108
7108
7116
7126
7140
7166
7182
7200
7344
7382
7452
7600
7634
7640
7746
7970
8026
8082
8126
8264
8408
8616
8646
8988
9006
10410
10844
10924
10978
11438
11558
11590
11602
11832
13364
14032
14218
14300
15042
15122
15380
15440
15686
16200
16272
16424
16440
16726
17824
18896
19664
19768
20522
20542
20580
20706
20822
20888
20894
20930
21224
21310
21368
22108
22488
22782
23366
23756
25620
25812
26334
28018
28140
29144
31480
31912
33604
34194
34558
34866
35666
36064
43562
72736
