Latencies
5164
5174
5174
5182
5190
5206
5216
5220
5226
5226
5228
5228
5230
5232
5234
5236
5238
5240
5242
5242
5244
5244
5250
5252
5260
5264
5264
5264
5270
5270
5272
5274
5274
5274
5274
5276
5278
5278
5278
5282
5284
5284
5284
5286
5286
5286
5288
5290
5294
5294
5294
5298
5298
5298
5300
5302
5302
5306
5308
5308
5308
5310
5310
5310
5312
5314
5316
5316
5316
5318
5318
5320
5320
5320
5320
5320
5320
5320
5322
5324
5324
5324
5324
5326
5328
5328
5328
5328
5328
5330
5330
5330
5330
5332
5332
5332
5332
5332
5334
5334
5334
5334
5334
5336
5336
5338
5338
5340
5340
5342
5342
5342
5342
5344
5344
5344
5344
5344
5346
5348
5350
5350
5350
5350
5352
5352
5352
5352
5354
5354
5354
5356
5358
5358
5358
5358
5358
5360
5360
5360
5362
5362
5362
5362
5364
5364
5364
5364
5364
5364
5366
5366
5366
5368
5368
5368
5370
5370
5372
5372
5372
5372
5372
5372
5372
5374
5374
5374
5374
5374
5374
5374
5374
5374
5376
5376
5376
5378
5378
5378
5378
5378
5380
5380
5380
5382
5382
5382
5382
5382
5382
5382
5384
5384
5384
5384
5384
5386
5386
5386
5388
5388
5388
5388
5388
5388
5388
5388
5388
5390
5390
5390
5390
5392
5392
5392
5392
5392
5392
5392
5394
5394
5394
5396
5396
5396
5398
5400
5400
5402
5402
5402
5402
5404
5404
5404
5404
5404
5406
5406
5406
5406
5408
5408
5408
5408
5410
5410
5410
5412
5412
5412
5412
5412
5414
5414
5414
5416
5416
5416
5416
5416
5416
5418
5418
5418
5418
5418
5418
5420
5420
5420
5420
5422
5422
5422
5424
5424
5424
5426
5428
5428
5430
5430
5430
5434
5434
5434
5434
5436
5436
5436
5436
5436
5436
5436
5438
5440
5440
5442
5442
5444
5444
5444
5446
5446
5446
5448
5448
5448
5448
5448
5450
5450
5452
5454
5454
5454
5456
5456
5456
5458
5458
5458
5458
5458
5460
5460
5460
5460
5460
5460
5462
5462
5462
5462
5462
5462
5464
5464
5464
5464
5464
5464
5466
5466
5468
5468
5468
5468
5470
5472
5472
5472
5474
5474
5474
5476
5476
5476
5478
5478
5480
5482
5482
5482
5482
5484
5484
5484
5486
5486
5486
5488
5488
5488
5490
5490
5490
5490
5492
5494
5496
5496
5496
5496
5498
5500
5500
5500
5500
5500
5502
5504
5506
5506
5506
5510
5510
5514
5514
5516
5516
5516
5518
5518
5520
5522
5522
5524
5524
5524
5524
5526
5530
5532
5532
5532
5534
5534
5534
5536
5536
5538
5538
5538
5538
5540
5540
5540
5542
5542
5542
5544
5544
5546
5546
5546
5548
5548
5550
5550
5554
5554
5556
5556
5556
5556
5556
5556
5558
5558
5560
5560
5564
5564
5564
5564
5568
5568
5570
5570
5572
5572
5572
5574
5574
5574
5574
5576
5578
5580
5580
5582
5582
5584
5584
5584
5586
5586
5586
5588
5592
5592
5594
5596
5596
5598
5598
5600
5600
5600
5600
5602
5602
5604
5604
5606
5606
5606
5606
5608
5610
5612
5612
5612
5616
5618
5618
5620
5620
5620
5622
5622
5624
5624
5624
5626
5628
5630
5630
5630
5632
5634
5634
5636
5636
5638
5640
5640
5642
5642
5642
5642
5644
5644
5646
5646
5646
5648
5650
5650
5652
5652
5654
5654
5654
5654
5656
5658
5658
5660
5662
5662
5662
5664
5666
5666
5666
5668
5668
5670
5674
5674
5674
5674
5676
5676
5676
5676
5676
5678
5678
5678
5680
5680
5680
5682
5686
5686
5688
5690
5692
5692
5696
5696
5700
5704
5706
5706
5708
5708
5710
5710
5710
5712
5712
5714
5716
5716
5718
5718
5720
5720
5720
5720
5722
5728
5734
5734
5740
5742
5742
5744
5744
5744
5746
5746
5748
5750
5750
5750
5754
5754
5760
5762
5762
5768
5770
5770
5778
5778
5778
5782
5788
5790
5792
5792
5796
5798
5800
5800
5804
5806
5806
5806
5808
5808
5814
5814
5816
5816
5816
5818
5820
5820
5820
5822
5822
5822
5824
5826
5826
5826
5830
5834
5834
5834
5836
5840
5842
5846
5846
5848
5848
5848
5850
5852
5854
5854
5856
5858
5858
5862
5864
5866
5868
5868
5874
5874
5874
5874
5876
5876
5878
5878
5884
5884
5888
5888
5894
5894
5900
5902
5908
5908
5912
5912
5914
5914
5920
5922
5924
5926
5928
5930
5930
5930
5934
5936
5938
5938
5938
5938
5940
5940
5940
5946
5948
5954
5956
5958
5958
5960
5960
5964
5964
5968
5968
5976
5976
5980
5980
5982
5984
5984
5986
5986
5990
5990
5994
5994
5994
5994
5996
6006
6014
6014
6014
6018
6018
6018
6020
6024
6024
6026
6026
6026
6028
6032
6032
6034
6040
6044
6046
6046
6048
6048
6050
6054
6054
6056
6060
6060
6066
6068
6068
6070
6070
6070
6070
6072
6072
6074
6078
6078
6084
6084
6084
6086
6090
6092
6092
6094
6096
6098
6098
6100
6104
6110
6112
6114
6116
6118
6120
6120
6122
6124
6124
6128
6128
6128
6128
6128
6130
6132
6134
6136
6138
6140
6142
6142
6144
6150
6154
6156
6156
6164
6166
6166
6168
6172
6172
6176
6184
6192
6194
6194
6194
6200
6202
6204
6204
6214
6218
6220
6230
6230
6244
6262
6274
6278
6284
6284
6292
6298
6330
6334
6352
6354
6370
6380
6384
6386
6394
6402
6408
6410
6420
6430
6440
6444
6458
6466
6468
6486
6492
6500
6514
6520
6540
6544
6548
6590
6600
6604
6658
6672
6700
6702
6706
6724
6752
6762
6762
6812
6812
6828
6848
6866
6868
6882
6904
6944
6954
6982
6986
6990
7034
7044
7046
7066
7090
7102
7116
7194
7210
7216
7260
7340
7346
7350
7354
7456
7492
7796
7834
7986
8140
8188
8426
8930
9082
10028
10186
10302
10688
11428
11484
12462
12722
13346
13580
15524
15566
16164
16974
17446
18974
20050
20146
20684
21778
23544
28032
28248
32004
33280
52936
