Latencies
5216
5222
5228
5228
5232
5240
5244
5250
5254
5262
5272
5278
5280
5288
5290
5294
5296
5296
5300
5306
5308
5308
5308
5316
5318
5346
5352
5354
5356
5356
5366
5372
5374
5386
5388
5404
5406
5408
5418
5418
5422
5424
5426
5434
5434
5438
5438
5442
5450
5450
5460
5464
5468
5476
5480
5486
5488
5492
5496
5520
5522
5526
5530
5536
5544
5546
5548
5548
5558
5570
5582
5590
5590
5592
5606
5608
5608
5616
5616
5626
5628
5628
5636
5642
5646
5654
5658
5670
5676
5676
5682
5682
5696
5710
5710
5722
5726
5730
5738
5742
5742
5750
5750
5752
5752
5754
5764
5768
5778
5786
5818
5824
5840
5842
5862
5870
5872
5886
5886
5888
5894
5908
5908
5916
5920
5928
5936
5952
5966
5972
5976
5978
5978
5980
5986
5994
6018
6034
6040
6048
6048
6064
6070
6092
6126
6134
6142
6144
6152
6162
6162
6162
6180
6182
6198
6202
6202
6210
6218
6236
6240
6242
6252
6282
6284
6306
6318
6326
6328
6346
6350
6424
6438
6442
6466
6492
6494
6502
6510
6514
6520
6526
6528
6538
6538
6538
6542
6548
6552
6560
6590
6598
6598
6634
6634
6640
6654
6658
6668
6674
6682
6682
6710
6728
6728
6742
6748
6750
6756
6766
6768
6790
6792
6812
6856
6860
6866
6872
6884
6898
6902
6916
6944
6970
6988
7022
7038
7046
7048
7048
7068
7068
7108
7112
7122
7154
7160
7164
7178
7200
7212
7212
7220
7234
7246
7256
7300
7324
7328
7332
7376
7388
7422
7442
7446
7452
7452
7468
7482
7490
7514
7520
7528
7528
7546
7566
7574
7584
7586
7632
7668
7690
7716
7722
7760
7762
7768
7778
7784
7794
7820
7844
7846
7848
7858
7862
7880
7926
7956
7998
8032
8056
8060
8088
8100
8100
8136
8136
8138
8144
8150
8152
8232
8260
8300
8306
8334
8366
8372
8376
8394
8394
8396
8436
8452
8472
8474
8480
8510
8510
8526
8544
8548
8560
8562
8598
8602
8610
8622
8638
8642
8646
8650
8652
8732
8762
8770
8772
8782
8788
8790
8822
8840
8844
8924
8934
8964
8970
8974
8992
9000
9006
9080
9106
9138
9158
9182
9200
9220
9222
9228
9228
9244
9266
9294
9308
9332
9380
9400
9402
9402
9462
9472
9472
9502
9504
9508
9520
9544
9550
9568
9622
9632
9662
9696
9702
9744
9752
9778
9790
9824
9838
9848
9854
9874
9892
9896
9916
9920
9928
9972
9976
9984
9990
10020
10034
10042
10050
10092
10100
10100
10114
10118
10132
10148
10172
10224
10238
10240
10274
10288
10318
10354
10380
10384
10428
10434
10442
10450
10462
10500
10502
10516
10534
10536
10540
10550
10558
10558
10560
10564
10576
10598
10598
10600
10612
10624
10656
10664
10694
10704
10708
10714
10716
10734
10746
10748
10750
10766
10770
10774
10776
10788
10792
10794
10796
10802
10808
10812
10878
10906
10946
10952
10956
10978
10984
10994
11040
11144
11146
11190
11236
11276
11284
11290
11302
11322
11324
11358
11388
11392
11400
11404
11412
11424
11454
11488
11492
11554
11574
11582
11602
11604
11626
11628
11646
11648
11662
11668
11670
11678
11684
11718
11730
11794
11806
11808
11822
11852
11854
11868
11890
11892
11914
11930
11972
12002
12014
12018
12038
12054
12068
12090
12106
12114
12120
12144
12150
12180
12214
12292
12300
12304
12304
12350
12354
12394
12404
12446
12452
12470
12480
12590
12590
12594
12600
12624
12642
12662
12670
12692
12744
12746
12748
12750
12774
12786
12876
12882
12892
12948
12950
12960
12968
12970
12976
13000
13002
13030
13038
13038
13040
13054
13054
13090
13102
13104
13116
13152
13152
13158
13178
13188
13214
13226
13230
13230
13280
13308
13332
13338
13342
13364
13404
13408
13424
13430
13480
13484
13492
13496
13500
13520
13548
13570
13594
13598
13606
13606
13636
13660
13666
13668
13680
13690
13692
13706
13706
13748
13754
13758
13820
13858
13862
13862
13898
13912
13944
13952
13972
13984
13994
13998
14004
14014
14034
14042
14044
14060
14064
14068
14076
14112
14124
14138
14146
14154
14158
14162
14164
14222
14250
14258
14262
14276
14282
14288
14288
14296
14346
14350
14368
14374
14392
14406
14412
14428
14448
14448
14450
14450
14454
14460
14466
14474
14486
14496
14502
14512
14520
14530
14538
14540
14554
14558
14562
14588
14626
14628
14634
14638
14654
14670
14688
14692
14696
14698
14698
14706
14722
14726
14746
14758
14758
14760
14764
14780
14782
14784
14792
14800
14810
14824
14828
14834
14844
14850
14854
14872
14874
14874
14874
14876
14890
14898
14898
14900
14900
14904
14908
14918
14930
14932
14938
14946
14950
14952
14952
14956
14964
14966
14968
14974
14976
14988
14992
14998
15000
15000
15008
15014
15014
15016
15022
15026
15030
15042
15044
15048
15052
15056
15064
15066
15090
15092
15098
15118
15118
15118
15118
15120
15124
15128
15130
15132
15134
15136
15136
15144
15146
15148
15150
15164
15164
15166
15168
15170
15172
15174
15180
15184
15186
15186
15190
15202
15202
15208
15212
15216
15216
15218
15234
15242
15254
15258
15258
15262
15266
15266
15268
15282
15284
15284
15288
15288
15294
15302
15304
15308
15332
15350
15354
15356
15358
15358
15364
15380
15388
15390
15392
15398
15408
15418
15424
15426
15428
15432
15436
15444
15448
15466
15468
15478
15492
15506
15534
15542
15544
15548
15550
15554
15560
15564
15576
15592
15616
15620
15628
15636
15644
15662
15664
15702
15714
15726
15742
15742
15744
15810
15818
15860
15878
15898
15900
15914
15926
15938
15970
15970
16142
16202
16240
16242
16260
16550
16572
16616
16666
16684
16712
16788
16804
17016
17494
18360
19424
19486
19814
20074
20158
20228
20464
20912
21484
21922
22282
23072
23312
23314
23352
23958
23960
23988
24196
24238
24248
24300
24384
24466
24512
24568
24624
24644
24766
24776
24830
24996
25048
25078
25374
26114
27204
27730
28044
29012
29710
30944
31094
32950
33244
33768
34466
34972
35164
35476
36108
38030
38296
38828
40886
44022
44826
45014
45696
45932
56946
67492
74328
101458
136142
198706
