Latencies
5170
5172
5180
5224
5224
5252
5258
5268
5268
5270
5278
5286
5286
5288
5288
5292
5294
5298
5300
5302
5310
5312
5320
5326
5328
5330
5332
5332
5340
5346
5348
5348
5350
5352
5356
5360
5362
5368
5380
5384
5388
5388
5394
5394
5394
5412
5416
5420
5424
5424
5428
5430
5430
5438
5444
5444
5446
5446
5448
5448
5450
5466
5466
5478
5480
5480
5480
5486
5488
5504
5504
5504
5508
5508
5510
5512
5518
5532
5534
5540
5542
5546
5550
5554
5558
5566
5578
5578
5586
5594
5596
5604
5612
5618
5624
5628
5634
5636
5638
5660
5664
5664
5670
5692
5694
5712
5716
5718
5720
5728
5732
5742
5750
5752
5760
5760
5764
5778
5784
5790
5790
5828
5828
5834
5840
5848
5848
5856
5858
5858
5860
5862
5864
5870
5874
5876
5882
5886
5888
5898
5900
5900
5916
5922
5928
5934
5936
5940
5948
5952
5954
5970
5982
5982
5988
5994
5998
5998
6006
6016
6022
6034
6036
6058
6062
6064
6066
6072
6086
6092
6094
6096
6098
6100
6114
6120
6122
6126
6126
6128
6138
6140
6166
6186
6194
6198
6200
6204
6216
6230
6252
6262
6266
6276
6286
6316
6330
6332
6352
6424
6430
6432
6434
6442
6472
6478
6484
6486
6488
6552
6560
6562
6614
6670
6674
6682
6686
6688
6742
6758
6758
6766
6770
6810
6822
6824
6842
6846
6858
6860
6868
6886
6890
6898
6914
6920
6946
6960
6962
7010
7010
7028
7032
7054
7060
7114
7136
7140
7180
7204
7228
7232
7238
7258
7272
7282
7286
7328
7342
7350
7360
7362
7402
7402
7420
7430
7434
7436
7446
7448
7460
7484
7488
7536
7540
7542
7550
7552
7578
7610
7634
7710
7730
7734
7752
7780
7792
7796
7816
7824
7836
7854
7874
7876
7892
7916
7940
7960
7964
7972
7978
7980
7988
8002
8004
8036
8038
8040
8044
8072
8088
8114
8126
8146
8154
8164
8178
8180
8190
8208
8210
8256
8270
8284
8310
8336
8340
8350
8382
8392
8412
8420
8466
8482
8504
8510
8520
8586
8610
8626
8646
8648
8654
8658
8664
8692
8698
8698
8736
8748
8780
8816
8846
8848
8850
8864
8868
8868
8888
8896
8936
8984
9002
9004
9008
9024
9032
9042
9048
9056
9064
9106
9120
9158
9160
9176
9186
9214
9228
9252
9252
9292
9296
9378
9386
9400
9410
9444
9446
9462
9468
9490
9510
9518
9532
9536
9558
9588
9602
9614
9640
9652
9658
9666
9668
9678
9678
9692
9716
9732
9738
9740
9836
9844
9858
9870
9880
9928
9960
10016
10042
10048
10058
10084
10116
10122
10192
10196
10198
10218
10264
10272
10280
10286
10300
10312
10326
10342
10346
10348
10392
10428
10450
10450
10452
10460
10466
10470
10482
10506
10558
10568
10588
10602
10610
10618
10622
10628
10642
10650
10662
10666
10666
10688
10794
10804
10824
10828
10828
10838
10846
10902
10906
10966
10970
10978
10986
11006
11006
11030
11052
11054
11056
11060
11062
11062
11076
11090
11092
11094
11102
11106
11108
11112
11146
11178
11212
11254
11266
11282
11304
11324
11386
11388
11414
11420
11432
11438
11466
11478
11494
11500
11520
11536
11542
11542
11554
11558
11576
11586
11598
11610
11640
11646
11650
11666
11678
11684
11716
11720
11730
11738
11744
11762
11778
11782
11782
11804
11812
11834
11838
11842
11852
11918
11922
11922
11944
11960
11978
11982
12068
12086
12088
12094
12112
12140
12158
12164
12166
12228
12242
12244
12254
12260
12308
12364
12380
12398
12432
12442
12468
12488
12492
12496
12512
12622
12622
12654
12660
12674
12676
12708
12734
12816
12818
12834
12862
12864
12886
12890
12922
12932
12958
12966
12968
12986
12990
12992
13058
13058
13060
13062
13096
13106
13114
13136
13170
13252
13264
13298
13356
13380
13384
13386
13390
13414
13418
13422
13484
13484
13508
13536
13564
13576
13598
13618
13628
13640
13650
13676
13690
13692
13696
13744
13818
13882
13884
13898
13908
13918
13926
13928
13948
13956
13964
13964
13990
14008
14010
14026
14038
14070
14076
14086
14088
14096
14102
14116
14120
14130
14168
14186
14202
14234
14240
14242
14266
14276
14334
14352
14366
14370
14386
14388
14400
14412
14412
14418
14426
14432
14448
14454
14466
14468
14478
14486
14494
14496
14516
14536
14538
14552
14554
14570
14570
14576
14586
14592
14602
14606
14626
14626
14636
14638
14648
14656
14668
14680
14682
14692
14698
14698
14712
14718
14724
14724
14728
14732
14742
14742
14744
14774
14778
14780
14780
14782
14804
14806
14808
14818
14822
14824
14830
14848
14848
14852
14852
14858
14862
14870
14870
14872
14876
14878
14884
14884
14884
14886
14902
14910
14914
14914
14926
14938
14940
14940
14942
14942
14950
14954
14964
14964
14970
14982
14986
14988
14994
14996
14996
15000
15000
15002
15004
15006
15012
15012
15014
15014
15020
15020
15022
15026
15028
15032
15040
15040
15044
15046
15046
15048
15050
15060
15070
15076
15078
15084
15086
15088
15092
15094
15098
15102
15102
15102
15102
15112
15112
15120
15124
15126
15126
15136
15138
15138
15138
15142
15144
15146
15148
15154
15154
15154
15158
15172
15178
15180
15182
15184
15186
15186
15192
15194
15200
15206
15208
15220
15224
15224
15226
15232
15244
15244
15250
15252
15252
15252
15270
15274
15288
15290
15290
15294
15296
15302
15302
15304
15308
15320
15326
15326
15332
15336
15342
15346
15348
15350
15352
15362
15366
15370
15376
15420
15428
15428
15436
15438
15460
15460
15468
15468
15476
15478
15486
15486
15490
15490
15492
15508
15524
15530
15546
15570
15576
15578
15582
15590
15620
15644
15654
15656
15660
15666
15674
15678
15688
15690
15694
15706
15706
15714
15718
15730
15734
15736
15762
15810
15816
15854
15868
15878
15880
15892
15894
15896
15986
16100
16178
16298
16454
16566
16598
16696
17166
17470
18032
18628
18718
19104
19214
19588
19954
20678
21062
21188
21196
21566
21908
22024
22336
22510
22620
22702
22884
22954
23232
23244
23338
23630
23832
24058
24244
24388
24492
24596
24602
24750
24770
24834
24846
24928
24978
25004
25042
25112
25404
25542
25652
25656
25678
25754
25934
31930
34144
34518
34850
34864
35238
39026
43356
48900
55644
68302
75276
78526
98534
99500
115958
369916
370078
536052
