Latencies
5330
5340
5354
5354
5356
5372
5378
5418
5424
5426
5428
5430
5432
5442
5446
5450
5456
5464
5466
5472
5472
5474
5476
5478
5480
5482
5484
5488
5496
5500
5500
5502
5508
5512
5522
5526
5532
5532
5536
5542
5544
5546
5550
5554
5554
5566
5566
5574
5580
5580
5586
5588
5590
5592
5592
5592
5594
5598
5600
5602
5602
5616
5616
5622
5622
5626
5626
5628
5640
5646
5650
5652
5654
5658
5660
5664
5670
5672
5674
5684
5694
5696
5696
5698
5716
5726
5726
5726
5738
5742
5744
5744
5746
5752
5754
5756
5758
5760
5764
5766
5770
5774
5774
5778
5778
5784
5786
5790
5792
5792
5794
5794
5794
5796
5798
5804
5806
5810
5818
5818
5828
5828
5834
5838
5840
5846
5850
5850
5856
5858
5862
5864
5868
5872
5884
5890
5898
5898
5900
5900
5900
5914
5916
5918
5920
5922
5926
5928
5930
5930
5932
5934
5934
5948
5954
5956
5966
5968
5974
5998
6006
6010
6010
6022
6022
6024
6028
6032
6036
6040
6040
6040
6042
6052
6052
6054
6058
6058
6060
6064
6066
6072
6092
6098
6114
6116
6116
6122
6132
6134
6142
6144
6150
6158
6162
6168
6174
6174
6180
6188
6194
6198
6206
6218
6220
6228
6238
6248
6260
6264
6270
6274
6276
6276
6298
6306
6310
6312
6316
6316
6320
6324
6326
6328
6332
6334
6382
6382
6392
6404
6420
6426
6430
6442
6442
6460
6466
6468
6470
6472
6490
6490
6494
6500
6516
6530
6544
6554
6574
6604
6614
6624
6658
6672
6698
6702
6706
6732
6732
6764
6774
6810
6820
6824
6828
6828
6834
6842
6842
6844
6854
6858
6858
6866
6884
6890
6890
6900
6902
6918
6946
6978
6998
7008
7028
7052
7070
7076
7086
7096
7110
7114
7148
7164
7172
7182
7192
7192
7214
7226
7226
7228
7250
7290
7304
7308
7326
7340
7344
7348
7354
7384
7410
7432
7432
7434
7434
7436
7444
7444
7446
7464
7482
7518
7520
7548
7554
7584
7596
7596
7598
7606
7684
7684
7690
7716
7734
7758
7760
7764
7770
7784
7786
7788
7794
7856
7860
7872
7926
7928
7940
7942
7992
7996
8004
8014
8024
8026
8076
8100
8128
8144
8172
8226
8240
8244
8248
8256
8282
8290
8300
8304
8372
8388
8416
8422
8482
8488
8528
8552
8556
8568
8584
8600
8606
8608
8638
8732
8746
8764
8796
8818
8820
8820
8828
8836
8852
8858
8858
8864
8870
8898
8972
8974
8986
9004
9006
9018
9022
9052
9064
9094
9096
9096
9106
9138
9146
9154
9158
9162
9216
9250
9258
9276
9294
9308
9318
9342
9354
9406
9412
9416
9450
9466
9474
9476
9538
9540
9548
9554
9554
9570
9584
9586
9602
9606
9608
9630
9656
9678
9678
9700
9716
9726
9728
9744
9756
9774
9774
9792
9794
9798
9812
9816
9850
9860
9870
9908
9920
9926
9982
9992
9998
10034
10034
10038
10056
10058
10064
10078
10078
10080
10126
10150
10194
10222
10224
10256
10300
10330
10336
10346
10364
10372
10386
10414
10426
10452
10454
10458
10464
10494
10510
10518
10522
10526
10528
10570
10572
10574
10606
10606
10612
10616
10618
10638
10638
10658
10666
10676
10678
10718
10724
10726
10776
10808
10810
10828
10850
10850
10860
10870
10878
10884
10898
10962
10992
11010
11024
11040
11058
11066
11096
11134
11162
11180
11208
11216
11250
11262
11272
11294
11294
11320
11366
11386
11388
11418
11420
11432
11434
11444
11446
11472
11516
11522
11536
11540
11582
11582
11592
11608
11652
11684
11688
11694
11716
11720
11742
11744
11746
11780
11798
11826
11850
11854
11876
11876
11878
11904
11922
11926
11926
11934
11938
11982
12024
12024
12050
12056
12102
12112
12118
12128
12130
12134
12136
12142
12158
12214
12228
12236
12254
12322
12352
12366
12384
12388
12408
12418
12442
12446
12450
12456
12510
12562
12564
12612
12626
12676
12682
12694
12724
12730
12752
12758
12774
12784
12826
12844
12854
12862
12896
12898
12920
12922
12948
12960
12986
12992
12994
13018
13088
13094
13106
13114
13148
13168
13184
13186
13186
13188
13244
13246
13256
13258
13266
13286
13320
13330
13344
13356
13378
13388
13390
13392
13414
13418
13428
13430
13448
13450
13516
13540
13552
13564
13566
13600
13620
13658
13688
13692
13732
13748
13754
13810
13814
13822
13828
13842
13862
13882
13902
13936
13938
13948
13954
13974
13976
13998
13998
14014
14060
14070
14106
14132
14148
14148
14160
14188
14192
14204
14224
14230
14238
14256
14296
14302
14356
14366
14380
14396
14406
14416
14424
14436
14438
14446
14452
14462
14468
14486
14494
14494
14502
14508
14508
14514
14532
14532
14546
14556
14560
14564
14564
14568
14570
14584
14586
14588
14590
14592
14594
14604
14608
14618
14628
14638
14644
14644
14668
14684
14688
14692
14696
14698
14714
14734
14736
14746
14756
14756
14766
14766
14774
14776
14778
14782
14784
14792
14802
14804
14804
14806
14810
14812
14812
14812
14822
14826
14826
14836
14842
14842
14852
14852
14858
14870
14872
14894
14908
14908
14910
14912
14912
14936
14940
14946
14956
14958
14960
14964
14976
14982
14982
14984
14984
14988
14990
14992
14992
14998
15000
15004
15006
15016
15016
15018
15030
15034
15036
15040
15042
15050
15052
15056
15066
15066
15068
15074
15082
15084
15100
15104
15110
15114
15116
15120
15120
15134
15138
15142
15162
15168
15168
15168
15168
15170
15176
15192
15196
15204
15208
15208
15208
15210
15210
15212
15212
15218
15222
15230
15260
15262
15264
15266
15278
15280
15282
15286
15296
15302
15312
15312
15314
15322
15342
15348
15352
15360
15376
15378
15400
15402
15418
15436
15446
15448
15456
15458
15464
15468
15470
15490
15498
15498
15500
15506
15514
15584
15604
15630
15660
15688
15704
15716
15728
15738
15766
15786
15794
15796
15798
15832
15840
15922
15948
15948
15976
15996
16036
16050
16098
16164
16332
16650
16810
16882
17576
18400
18622
18634
18768
18816
19052
19106
19698
19762
20358
21120
21532
21642
21966
22136
22974
23298
23532
23558
23696
24006
24050
24214
24410
24424
24442
24580
24596
24824
25032
25076
25184
25270
25338
25586
26926
26928
27544
30304
30920
30942
31330
31948
33282
33470
33502
34840
35576
42358
44336
293440
