Latencies
7354
7204
5592
5538
6096
5894
5414
5670
5346
5760
5470
5404
5860
5262
6356
6726
5324
6254
5286
6138
5800
5460
5214
5812
5280
5514
6212
5656
5578
5848
5318
5464
5366
5404
5382
5680
5576
5476
5742
5194
5774
5382
5908
5654
5528
5688
5436
5246
6836
5434
5522
5406
5432
5258
7558
5360
6492
5168
5564
5294
5658
5498
5700
5592
5426
5696
5448
5650
5306
5776
5222
6426
5344
5768
6278
5668
5856
5224
5462
5660
5408
5700
5258
5176
5622
32158
5506
5642
5386
5326
5672
5904
5672
5560
6452
5212
5748
5696
5394
5278
5592
5940
5550
5864
5220
5202
5238
5594
5328
5216
5394
5576
5238
5286
5480
5510
5360
5292
5216
5248
6060
5500
5420
5198
5998
5934
5870
5532
6030
5284
5650
5262
5308
5194
5226
5700
5114
5940
5488
5390
5186
6126
31866
5530
5170
6116
12450
5220
5304
5642
5364
5202
5248
5324
5470
5340
5166
6190
6046
6524
6350
7538
5648
5716
7484
5990
5556
6018
5734
5574
6018
5990
5258
5798
5290
5528
5336
5550
5258
5722
5220
5534
5322
5554
6310
5938
5704
5844
5404
5640
6000
5518
5364
6532
5362
6006
5980
6796
5448
5744
5986
5180
6116
5192
5680
5478
6196
6232
5172
5222
5292
5800
5496
5234
5284
5730
6258
5946
5944
24142
5800
5374
5854
5228
5058
5376
5694
5372
5200
31616
5974
6002
5916
12052
5192
5850
5442
5250
6310
27972
25224
5122
5994
5522
5574
5834
5836
5596
5152
5160
6056
5672
5374
8194
6100
5178
5316
5272
8400
5700
6638
5232
5982
5740
5496
5698
5804
5252
5442
5436
5400
6134
6114
5400
5172
5544
5366
5882
5824
5396
5294
5248
6256
5966
5314
5332
5210
5560
6180
5894
5266
5744
5310
5288
5724
6704
5408
5092
8078
6020
5458
5798
5188
5394
5704
5246
5848
5462
5956
5206
5862
5232
5282
5432
5444
6350
6056
5232
5444
5750
5886
5322
5356
6080
5176
5118
7388
5668
5618
5780
5206
5710
5506
5570
5238
5342
5224
5190
5860
5740
5078
5428
5436
5586
5624
6308
5826
5214
5918
5310
5194
5486
5632
5092
6256
6466
5284
5222
6280
5192
5362
5294
5282
5648
5868
5356
5436
6182
5148
5292
6624
6252
14184
5292
11678
5530
5210
17972
5664
5642
5726
5226
5290
5228
5324
12836
5336
5172
5326
5460
5124
5160
5204
5174
5974
12738
5192
5166
5368
5178
5284
5500
5168
7434
5286
5782
5382
6144
5338
5238
5732
5354
5280
5164
14632
5582
8070
5244
5092
5156
5606
6678
5388
5174
5348
5810
5228
5332
5450
5414
6172
5130
5672
5766
5430
5916
5816
5538
5416
5240
5896
5612
6072
5140
5280
5272
5316
5974
5688
5888
5300
5418
5260
5336
5360
6442
6106
6176
5756
5278
6168
11310
5146
5546
5366
5444
5266
5918
5786
5432
5458
5424
5488
6560
5340
6108
5698
5148
5938
5618
5510
6126
5286
5140
5246
5684
5228
5236
5682
5360
5282
5254
5772
5378
5344
5328
6750
5154
5188
5656
