Latencies
29612
12892
25078
5202
5454
5450
5886
5198
5968
5822
5428
5406
5336
26588
5496
5626
7140
5282
5504
5308
5386
22076
6484
5916
5810
5742
5834
6554
5482
5444
5772
5270
5274
5812
5408
5612
6488
5670
6530
5498
5568
5220
5470
6578
21962
5284
5222
5336
5320
5234
9882
5358
5322
5580
5292
6902
5780
5764
5608
10068
5920
5388
6196
5678
26596
5196
5244
6206
5482
5640
5216
5520
33276
5138
25202
5490
6076
5742
5866
5364
5640
5360
5294
6422
6160
5814
5384
5466
6158
5674
5952
5352
5876
6032
5964
5330
5676
5620
6578
11832
5202
5764
5352
5454
5414
5902
5326
5492
5346
6466
6032
5404
5222
6344
5980
5398
5914
5398
5828
10512
24240
5776
5700
5490
5662
6190
5388
5298
5382
5906
5730
5310
5492
5368
5904
5436
5966
6134
5508
5458
5418
5616
5390
5232
5424
5676
5932
6206
5546
6180
5750
5354
5378
5448
5364
5318
5286
6176
8332
5922
6080
6022
5942
5396
5978
5228
5328
5570
5548
5282
9246
5582
5246
5224
5310
5876
6774
5852
5420
5216
5866
5732
6428
5612
6308
6106
8134
5574
5514
6574
5434
5754
6126
6004
5550
5474
6042
6102
5350
6630
5938
5728
5226
5334
5410
5318
5540
5230
5200
5796
5216
5844
5328
5690
5752
5612
5208
5388
5196
7068
5338
5776
5176
5324
5158
5362
5406
5372
5368
5824
5558
5268
5530
6126
6180
5222
5172
6224
5168
5350
5346
6218
5624
18004
5388
5372
5372
5358
5672
5420
6474
5270
5310
5388
6938
5570
5242
13124
5716
5446
5574
5472
5502
5384
6016
5268
5192
5290
5974
6402
5402
5342
11248
6470
5378
20964
5482
5346
5196
5340
6022
5664
5408
5688
5628
6122
7102
5372
5268
6174
6666
5360
5618
8440
6172
5482
8740
5246
5220
33148
5358
5306
7616
5464
5476
6550
26768
6546
5274
5456
5922
5366
5406
17334
5334
5470
5598
15542
5242
6014
5154
5356
5414
5810
5742
5600
23324
5936
5770
6010
5214
5288
6260
5486
6184
5596
5916
5728
5708
6106
6510
9454
5560
5944
5984
5322
5964
5694
13724
5298
5550
5348
5512
5524
5262
5638
17120
5888
6122
35488
6128
6094
5382
6870
5372
5400
5344
6016
5394
5306
5386
7130
5342
5322
5830
5584
5438
5364
6468
5304
5698
5354
6144
5206
7222
5322
5368
5944
5304
5150
6250
5420
6396
6006
5198
5386
25560
5610
5602
6146
5408
6230
5622
5452
5926
5336
5636
5376
5278
5542
5252
5986
5950
5312
5316
5344
6256
5384
5668
7252
5334
5336
5672
7298
6072
5632
6256
5614
6438
6562
178394
6066
7152
6220
5818
5590
5632
5492
5428
5304
5418
6120
5316
5388
6658
6288
5336
5676
5496
5694
5510
5440
5870
6052
5610
5672
6744
5402
5524
5700
5486
5230
5392
5394
5408
5474
11202
5414
5830
5368
5708
5392
5424
5332
5302
5668
5292
6160
5770
5408
5700
5376
5362
5412
5266
6208
5492
5812
5992
5398
5798
5286
5672
5650
5286
5474
5508
5362
6144
5378
