Latencies
7362
7336
5648
5714
5558
6008
5580
5374
5486
6260
5358
5270
5970
5514
6156
8960
5498
6138
5270
42262
6970
5712
5918
33874
5416
5342
5320
5404
5556
6028
6986
5376
5380
5294
5320
5526
5820
5308
5334
5362
33788
5514
5388
5514
5930
5916
5708
5260
5292
5756
29108
6094
5806
5740
5412
5398
5874
5490
5902
6398
5424
5912
5594
5494
5592
5346
5578
5596
5580
5858
5484
5902
5862
6140
6182
5356
5882
5686
5578
5852
5938
6224
7658
6224
5768
5460
5238
5276
5126
5688
6382
5684
5908
5356
5532
5794
5688
5970
5606
5740
5438
5290
17308
13348
5232
16050
5490
5250
5252
5376
5400
5894
5522
5360
13102
5336
5394
5726
6322
7574
6166
8564
7260
6506
5980
6274
6248
6138
5824
5312
5350
5258
5460
5442
5354
5730
5356
6686
6344
5458
5460
6036
6120
5358
5284
15060
5898
6092
6020
5310
5454
6022
5394
5528
5312
5492
5356
5516
6050
5724
5654
5336
5660
5294
5380
6260
5512
5618
6042
5564
5216
5622
5356
5458
6332
5400
5876
6024
6122
6028
5774
5628
5348
5274
5348
6106
5378
6126
5410
5438
6274
5430
5422
5838
5490
5318
6550
5554
5798
5390
5442
5488
5278
5438
5918
5922
9708
5358
6166
6942
6626
5478
5406
5520
5942
5394
5406
5492
5686
6064
6102
5376
5410
5466
5940
5512
5956
5350
5416
5390
5764
5450
5576
5940
5416
5388
6024
6046
5566
5470
5860
5668
5298
5304
6162
6244
5312
5376
5384
5326
6140
5368
5238
6140
5384
5520
5214
5480
5706
5714
5400
5800
6024
5516
5330
5818
6150
5880
5436
6416
5726
5170
5226
5898
8850
5998
5986
5862
5330
5706
5636
5452
5844
5298
5280
5396
5680
5396
5646
5230
5352
5504
5600
6090
5406
5410
10171472
6904
6108
5808
5444
31218
5448
5672
6268
6260
5566
5770
5348
5712
5340
5288
5688
6018
27504
6208
6040
5378
5656
5378
28360
6200
6014
5202
5360
5670
10044
5848
6138
6168
5402
30624
6290
5360
5408
5842
6070
5570
5296
13838
5418
5290
5206
5332
19986
5420
5528
5978
6074
6836
5390
5274
5420
5436
5730
6204
5660
5952
5688
5692
5976
5244
5776
5652
5734
5484
5468
5910
7934
6176
5398
5896
5530
5908
5352
5386
5768
5430
5584
6040
5456
6696
5350
5212
6328
5648
6062
5878
5916
5340
5364
5986
5432
24356
5492
5808
5508
5210
5472
5988
5318
5752
23802
5908
5466
5972
5420
5498
6198
5306
6150
5420
6856
5522
5346
6154
5368
5430
5442
5700
5522
5418
8784
5494
5406
7326
32652
5408
6218
5444
5358
5328
5610
5968
5422
11752
5676
5466
5312
6354
5748
5268
6624
5554
5482
5946
5378
5424
6032
37174
5972
6336
6678
5716
5292
5254
5312
5718
5876
5372
31038
5276
5290
5776
34162
5944
5616
5688
6048
5448
5506
5350
5536
