Latencies
5124
5128
5138
5140
5146
5152
5160
5160
5162
5164
5168
5178
5178
5178
5180
5180
5182
5184
5186
5190
5190
5190
5190
5194
5194
5194
5194
5194
5196
5196
5196
5198
5198
5198
5198
5200
5200
5200
5200
5204
5204
5204
5208
5212
5212
5212
5214
5214
5214
5214
5214
5214
5216
5216
5218
5222
5222
5222
5222
5224
5226
5228
5228
5232
5232
5232
5232
5234
5234
5234
5236
5236
5238
5238
5238
5238
5240
5242
5244
5246
5246
5246
5246
5248
5248
5250
5250
5250
5250
5252
5252
5254
5254
5256
5256
5256
5256
5256
5258
5260
5260
5260
5262
5262
5264
5264
5264
5266
5266
5266
5268
5268
5270
5272
5274
5274
5276
5278
5278
5280
5280
5280
5282
5282
5284
5284
5284
5284
5286
5286
5288
5288
5290
5290
5290
5292
5294
5294
5294
5294
5294
5296
5296
5296
5298
5298
5298
5298
5298
5300
5300
5300
5302
5306
5306
5306
5308
5308
5308
5308
5310
5310
5310
5310
5312
5312
5312
5312
5312
5314
5314
5314
5314
5316
5316
5318
5318
5318
5320
5322
5322
5322
5324
5326
5326
5326
5326
5328
5328
5328
5328
5328
5330
5330
5330
5330
5332
5332
5332
5334
5334
5334
5334
5336
5336
5340
5340
5342
5342
5342
5342
5342
5342
5342
5344
5344
5344
5346
5346
5346
5348
5348
5348
5348
5350
5350
5350
5350
5352
5352
5352
5352
5352
5352
5352
5352
5352
5354
5354
5354
5356
5356
5356
5358
5358
5358
5360
5360
5360
5360
5360
5362
5362
5362
5364
5364
5364
5364
5364
5366
5366
5366
5366
5366
5366
5366
5366
5368
5370
5370
5370
5370
5372
5372
5372
5372
5372
5374
5374
5374
5374
5374
5374
5376
5376
5376
5376
5376
5376
5378
5378
5378
5378
5380
5380
5382
5382
5382
5382
5384
5384
5386
5386
5386
5386
5386
5388
5388
5390
5390
5390
5392
5392
5392
5392
5394
5394
5394
5394
5394
5396
5396
5396
5396
5398
5400
5402
5402
5402
5402
5402
5404
5404
5404
5408
5408
5408
5408
5408
5410
5410
5412
5412
5414
5414
5414
5414
5414
5414
5414
5416
5416
5416
5416
5418
5420
5420
5420
5420
5422
5422
5422
5422
5422
5424
5424
5424
5426
5426
5426
5428
5430
5430
5432
5432
5432
5434
5436
5436
5436
5436
5436
5436
5436
5436
5438
5438
5440
5444
5444
5444
5444
5444
5446
5446
5448
5448
5448
5448
5450
5450
5452
5452
5452
5452
5454
5454
5454
5454
5456
5456
5456
5456
5458
5460
5460
5462
5464
5464
5464
5464
5466
5468
5468
5468
5470
5470
5472
5472
5472
5472
5474
5476
5476
5476
5476
5478
5478
5480
5480
5480
5482
5482
5482
5482
5482
5484
5484
5484
5488
5488
5488
5488
5490
5492
5492
5492
5496
5496
5496
5496
5496
5496
5498
5500
5500
5502
5502
5506
5506
5506
5506
5510
5512
5512
5514
5514
5516
5518
5518
5520
5520
5520
5522
5524
5524
5524
5524
5524
5526
5526
5528
5530
5530
5530
5532
5532
5534
5534
5534
5536
5538
5538
5538
5538
5538
5542
5542
5542
5544
5544
5546
5546
5548
5548
5552
5554
5556
5558
5558
5558
5558
5558
5562
5562
5562
5562
5562
5564
5564
5566
5566
5566
5568
5568
5568
5570
5570
5570
5570
5572
5572
5572
5574
5576
5576
5578
5578
5580
5580
5582
5584
5584
5586
5586
5586
5588
5588
5590
5590
5592
5592
5592
5594
5596
5596
5598
5598
5600
5600
5602
5602
5602
5604
5608
5608
5608
5610
5612
5616
5616
5618
5618
5618
5620
5620
5622
5622
5622
5624
5624
5624
5624
5626
5630
5632
5632
5632
5634
5636
5636
5638
5638
5640
5640
5640
5642
5642
5644
5644
5646
5650
5650
5652
5658
5658
5664
5664
5666
5666
5666
5672
5672
5678
5680
5680
5680
5680
5686
5688
5688
5688
5688
5688
5690
5690
5692
5694
5696
5700
5700
5702
5706
5708
5708
5708
5710
5712
5712
5716
5722
5722
5724
5724
5724
5726
5728
5730
5734
5734
5740
5742
5742
5742
5746
5746
5748
5750
5752
5754
5754
5756
5756
5758
5762
5764
5766
5768
5770
5770
5772
5772
5774
5774
5774
5774
5774
5776
5780
5782
5788
5788
5790
5792
5796
5796
5798
5812
5814
5816
5820
5820
5820
5822
5824
5824
5828
5828
5830
5832
5834
5834
5838
5842
5842
5848
5850
5850
5850
5852
5856
5858
5860
5860
5862
5862
5864
5872
5878
5882
5884
5886
5886
5888
5892
5892
5894
5896
5898
5900
5902
5906
5908
5908
5910
5912
5914
5916
5916
5918
5918
5920
5920
5924
5928
5930
5932
5944
5946
5946
5946
5948
5952
5960
5962
5964
5966
5968
5968
5970
5972
5974
5974
5978
5980
5984
5984
5990
5990
5992
5994
5994
5994
5998
6008
6010
6012
6016
6016
6016
6022
6024
6024
6028
6028
6032
6034
6044
6044
6052
6054
6058
6060
6060
6062
6062
6064
6064
6070
6072
6076
6078
6084
6088
6090
6092
6094
6096
6098
6100
6104
6104
6104
6106
6108
6118
6130
6138
6140
6144
6146
6146
6146
6148
6148
6150
6156
6156
6160
6168
6172
6186
6194
6196
6200
6208
6214
6216
6218
6218
6222
6226
6232
6236
6236
6242
6248
6258
6274
6290
6294
6306
6308
6312
6314
6332
6332
6340
6340
6344
6360
6372
6376
6392
6402
6412
6438
6442
6502
6556
6556
6556
6564
6576
6598
6616
6628
6650
6652
6720
6920
6922
6938
6966
7050
7056
7092
7152
7160
7204
7262
7290
7370
7504
7518
7818
7992
8060
8372
8402
8668
8868
8908
9012
9138
9660
9794
10086
10096
10102
10692
11648
11820
11980
12128
12136
12316
12820
12834
12924
13030
13634
13664
13878
13918
14160
14480
14864
15380
15970
16236
17186
18252
18406
18584
18732
18754
18924
18962
18992
20378
20386
20420
20668
20760
20892
21154
21226
21394
21668
21884
22606
23128
23426
23704
23724
23826
24512
25110
25542
27092
28064
29206
30866
31084
31618
32418
32830
35092
35528
35900
36974
39832
43056
43680
45430
109136
