Latencies
5004
5006
5026
5026
5038
5044
5046
5056
5058
5058
5060
5064
5064
5064
5072
5072
5078
5082
5084
5092
5094
5100
5104
5106
5106
5110
5112
5114
5114
5118
5118
5118
5120
5120
5120
5124
5126
5126
5132
5132
5132
5134
5134
5134
5136
5136
5136
5138
5138
5138
5138
5138
5142
5142
5144
5146
5146
5148
5148
5148
5150
5150
5152
5152
5154
5154
5154
5158
5160
5160
5160
5160
5162
5164
5164
5166
5166
5168
5170
5172
5172
5172
5172
5176
5176
5176
5176
5178
5178
5180
5180
5180
5180
5180
5182
5182
5184
5184
5184
5184
5184
5186
5186
5186
5186
5188
5188
5188
5188
5188
5188
5190
5190
5190
5192
5192
5192
5194
5194
5194
5194
5196
5196
5196
5196
5198
5198
5198
5200
5200
5200
5200
5200
5200
5204
5204
5204
5204
5204
5206
5206
5206
5206
5206
5206
5208
5208
5208
5208
5210
5210
5210
5210
5210
5210
5212
5212
5212
5212
5214
5214
5214
5216
5216
5216
5216
5216
5218
5218
5218
5220
5220
5222
5222
5224
5224
5226
5228
5228
5228
5228
5230
5230
5230
5230
5230
5232
5232
5232
5234
5234
5234
5234
5234
5234
5236
5236
5236
5238
5238
5238
5238
5240
5240
5240
5240
5242
5242
5242
5244
5244
5244
5246
5246
5248
5248
5248
5248
5248
5250
5250
5250
5252
5252
5252
5254
5254
5254
5254
5254
5256
5256
5256
5256
5258
5258
5260
5260
5260
5260
5260
5262
5262
5262
5264
5264
5264
5266
5266
5266
5268
5268
5268
5268
5270
5270
5272
5272
5272
5274
5276
5276
5276
5276
5278
5278
5280
5280
5280
5280
5282
5284
5284
5284
5284
5284
5286
5286
5286
5286
5286
5286
5286
5286
5288
5290
5290
5290
5290
5290
5292
5292
5292
5294
5294
5298
5298
5298
5300
5302
5304
5304
5304
5304
5306
5306
5308
5308
5310
5310
5310
5310
5312
5312
5312
5312
5314
5314
5314
5314
5316
5316
5318
5318
5318
5318
5318
5318
5320
5320
5320
5320
5322
5322
5326
5326
5326
5326
5330
5330
5332
5334
5334
5334
5334
5336
5338
5338
5338
5340
5342
5342
5342
5342
5344
5344
5344
5344
5346
5348
5348
5350
5350
5350
5352
5352
5352
5352
5352
5354
5356
5356
5358
5358
5358
5358
5358
5358
5362
5362
5362
5364
5364
5364
5364
5364
5366
5366
5366
5366
5368
5370
5370
5370
5370
5372
5372
5372
5374
5374
5374
5374
5374
5376
5376
5376
5378
5378
5380
5380
5382
5382
5384
5386
5386
5388
5394
5394
5394
5394
5396
5396
5396
5398
5398
5398
5400
5400
5400
5402
5402
5402
5404
5404
5406
5408
5408
5410
5410
5412
5412
5412
5414
5414
5414
5416
5420
5420
5420
5422
5424
5424
5424
5424
5424
5426
5426
5426
5426
5428
5428
5428
5428
5430
5430
5432
5432
5432
5432
5438
5438
5440
5442
5444
5444
5444
5444
5444
5446
5448
5448
5448
5450
5450
5452
5454
5456
5456
5458
5458
5460
5462
5464
5466
5466
5468
5468
5474
5478
5480
5480
5480
5480
5480
5482
5484
5486
5488
5488
5490
5490
5490
5492
5492
5492
5492
5494
5494
5494
5496
5496
5496
5496
5498
5498
5500
5502
5502
5502
5506
5506
5506
5508
5508
5508
5510
5512
5512
5514
5516
5516
5518
5522
5524
5526
5526
5526
5526
5528
5530
5534
5536
5536
5536
5540
5540
5540
5540
5540
5542
5544
5544
5546
5546
5546
5546
5550
5550
5552
5552
5552
5554
5556
5558
5558
5558
5560
5564
5564
5564
5566
5568
5568
5568
5570
5570
5572
5574
5576
5578
5578
5580
5580
5580
5582
5582
5584
5584
5590
5592
5592
5594
5600
5600
5602
5602
5602
5602
5604
5604
5606
5606
5608
5610
5612
5614
5618
5618
5618
5620
5620
5620
5620
5624
5626
5626
5626
5628
5630
5632
5632
5634
5634
5638
5638
5640
5642
5642
5646
5650
5650
5650
5654
5654
5656
5656
5658
5658
5658
5660
5664
5664
5664
5666
5668
5670
5672
5674
5678
5678
5678
5680
5688
5690
5690
5690
5692
5694
5696
5696
5698
5698
5710
5712
5712
5714
5714
5716
5716
5718
5726
5726
5730
5734
5736
5738
5744
5748
5752
5760
5760
5762
5764
5764
5766
5766
5768
5768
5772
5774
5774
5776
5780
5784
5786
5788
5792
5798
5798
5798
5798
5804
5808
5810
5814
5814
5814
5816
5818
5820
5822
5824
5826
5826
5828
5828
5830
5832
5832
5834
5838
5842
5842
5842
5844
5848
5850
5850
5852
5852
5858
5858
5860
5860
5862
5866
5866
5868
5874
5874
5876
5878
5882
5884
5886
5886
5892
5892
5898
5902
5902
5904
5904
5906
5916
5918
5918
5920
5922
5922
5924
5924
5926
5930
5932
5932
5934
5940
5940
5946
5948
5952
5952
5960
5962
5964
5966
5966
5976
5978
5980
5980
5980
5982
5982
5982
5984
5986
5990
5994
5996
6000
6006
6006
6012
6016
6016
6020
6036
6038
6044
6044
6046
6048
6054
6054
6054
6058
6058
6062
6068
6076
6078
6080
6082
6082
6090
6092
6104
6110
6110
6114
6116
6116
6124
6124
6128
6132
6132
6134
6140
6148
6148
6158
6160
6160
6162
6166
6170
6172
6174
6180
6184
6186
6200
6206
6210
6222
6224
6240
6244
6256
6276
6286
6290
6294
6308
6328
6354
6356
6360
6364
6396
6410
6416
6418
6426
6428
6428
6432
6458
6466
6498
6500
6508
6514
6526
6552
6564
6586
6624
6658
6664
6666
6696
6770
6840
6846
6866
6896
7196
7218
7272
7280
7352
7634
7660
7698
7708
7716
7824
7994
8006
8362
8556
8642
8820
8866
9124
9288
9300
9492
9612
10384
10536
10754
10792
11002
11040
11384
11392
11524
11860
12208
12416
12916
13064
13106
13162
13280
14668
14670
14866
14954
15084
15454
15994
16190
16578
16636
16984
17342
20614
20724
20792
20926
20950
23090
23788
23898
24676
25070
25388
25550
26404
26728
26818
26868
27460
27532
28854
28888
28932
29102
30014
31010
31742
32138
32742
34468
34686
35292
35508
35940
36362
36584
36672
37780
41576
43562
44004
