Latencies
5120
5144
5152
5156
5158
5162
5168
5170
5176
5188
5194
5198
5210
5210
5216
5216
5218
5224
5224
5226
5226
5232
5234
5236
5240
5244
5244
5244
5246
5250
5250
5250
5250
5252
5252
5254
5254
5256
5256
5256
5258
5260
5260
5260
5262
5262
5262
5264
5266
5266
5266
5268
5272
5272
5272
5272
5274
5274
5274
5276
5276
5278
5282
5284
5284
5284
5284
5288
5288
5288
5290
5290
5292
5294
5296
5296
5300
5300
5300
5302
5302
5302
5304
5304
5304
5304
5306
5306
5306
5306
5308
5310
5310
5310
5312
5312
5316
5316
5318
5318
5318
5318
5320
5320
5320
5320
5320
5322
5324
5324
5324
5324
5328
5328
5330
5330
5330
5332
5332
5332
5334
5334
5334
5334
5336
5336
5336
5336
5336
5336
5338
5340
5340
5340
5342
5342
5342
5342
5342
5344
5344
5344
5346
5346
5346
5346
5348
5348
5348
5350
5350
5350
5350
5352
5352
5352
5354
5354
5354
5354
5354
5356
5356
5356
5356
5358
5358
5360
5360
5360
5362
5362
5362
5362
5364
5364
5364
5364
5366
5366
5366
5368
5370
5370
5370
5370
5370
5372
5372
5372
5372
5372
5374
5374
5376
5376
5376
5376
5376
5376
5378
5378
5378
5380
5382
5382
5382
5382
5382
5382
5382
5382
5384
5384
5384
5386
5386
5386
5388
5388
5390
5390
5390
5390
5390
5392
5394
5394
5394
5394
5394
5394
5394
5394
5396
5396
5398
5398
5400
5400
5400
5400
5400
5402
5402
5402
5402
5404
5404
5404
5404
5406
5406
5406
5406
5406
5406
5408
5408
5408
5408
5410
5410
5410
5412
5412
5412
5414
5414
5414
5414
5416
5416
5416
5416
5418
5418
5420
5424
5426
5426
5426
5430
5430
5430
5430
5432
5432
5434
5434
5436
5436
5438
5440
5440
5440
5440
5440
5440
5440
5440
5440
5442
5442
5442
5442
5444
5444
5444
5444
5444
5444
5444
5446
5446
5446
5446
5448
5448
5450
5450
5450
5452
5452
5452
5452
5452
5454
5454
5454
5454
5456
5456
5456
5456
5458
5458
5458
5458
5458
5458
5460
5462
5462
5462
5462
5462
5464
5466
5468
5468
5468
5468
5470
5470
5470
5470
5472
5472
5472
5474
5474
5474
5474
5476
5476
5476
5478
5480
5480
5482
5482
5482
5484
5484
5486
5488
5488
5490
5490
5492
5492
5492
5492
5492
5494
5494
5494
5494
5496
5496
5498
5498
5498
5498
5500
5502
5502
5504
5504
5504
5504
5506
5506
5508
5508
5508
5508
5510
5510
5510
5512
5512
5516
5518
5520
5520
5520
5520
5520
5522
5522
5522
5524
5524
5526
5526
5526
5526
5526
5528
5530
5532
5532
5532
5534
5534
5536
5536
5536
5536
5538
5540
5540
5542
5542
5544
5544
5546
5548
5548
5550
5550
5550
5550
5550
5550
5552
5554
5554
5556
5556
5556
5558
5560
5560
5562
5562
5562
5566
5566
5568
5572
5572
5574
5574
5574
5576
5576
5578
5580
5582
5582
5582
5582
5582
5588
5588
5590
5590
5592
5592
5592
5592
5594
5596
5598
5600
5604
5604
5606
5610
5612
5612
5612
5612
5612
5614
5614
5614
5614
5614
5616
5618
5620
5620
5620
5622
5624
5626
5626
5628
5630
5630
5630
5632
5632
5632
5636
5638
5640
5640
5640
5642
5642
5642
5644
5646
5646
5646
5648
5648
5656
5658
5658
5658
5660
5660
5664
5666
5666
5668
5668
5670
5674
5674
5676
5676
5676
5676
5676
5678
5678
5682
5682
5682
5684
5688
5690
5690
5692
5694
5700
5702
5702
5702
5704
5706
5708
5710
5712
5714
5720
5720
5722
5724
5726
5726
5726
5728
5732
5732
5732
5736
5736
5740
5740
5742
5746
5746
5746
5748
5748
5748
5750
5760
5762
5762
5766
5766
5770
5772
5774
5776
5776
5778
5782
5782
5782
5784
5784
5788
5792
5792
5792
5800
5800
5800
5800
5802
5804
5812
5814
5818
5822
5822
5824
5826
5826
5832
5832
5834
5836
5838
5838
5842
5846
5846
5848
5856
5858
5860
5864
5866
5868
5868
5872
5874
5876
5878
5878
5880
5882
5886
5888
5890
5892
5892
5900
5900
5904
5906
5906
5906
5908
5910
5912
5914
5918
5924
5924
5930
5932
5934
5936
5938
5942
5944
5944
5946
5950
5950
5950
5954
5958
5960
5962
5966
5970
5972
5980
5980
5982
5984
5986
5990
5994
5994
5994
5996
5998
5998
6006
6008
6016
6016
6026
6026
6028
6030
6044
6044
6048
6050
6052
6052
6054
6068
6082
6082
6082
6082
6098
6104
6104
6108
6112
6112
6114
6118
6118
6118
6120
6120
6124
6126
6130
6132
6136
6144
6144
6146
6154
6158
6162
6166
6168
6172
6174
6174
6176
6176
6180
6184
6188
6190
6190
6192
6192
6198
6200
6200
6200
6200
6206
6208
6214
6216
6218
6218
6220
6222
6228
6232
6234
6236
6236
6242
6246
6258
6258
6276
6280
6280
6284
6290
6290
6294
6300
6304
6306
6312
6318
6322
6324
6342
6362
6388
6388
6392
6402
6430
6460
6468
6480
6494
6506
6506
6512
6516
6544
6570
6584
6608
6636
6658
6692
6694
6702
6714
6720
6746
6754
6836
6854
6880
6942
6942
6950
7056
7188
7214
7220
7258
7284
7288
7334
7342
7406
7406
7516
7584
7632
7674
7694
7728
7832
8116
8746
9048
9760
9890
10062
10604
10650
10692
10698
10700
10744
10780
10818
11158
11354
11530
11814
12072
12232
12608
12696
13104
14296
14520
14662
14900
14960
15476
15776
15840
16026
16872
17256
17398
17668
17956
18312
18978
19464
19734
20134
20268
20496
20798
21596
22064
22532
22608
23672
24054
25024
26282
26682
29108
29822
30270
30618
30696
30756
33860
35618
35760
35902
39658
40002
40544
53478
