Latencies
5154
5164
5228
5236
5246
5248
5248
5250
5254
5256
5256
5258
5266
5268
5270
5272
5272
5274
5276
5276
5278
5278
5278
5280
5280
5280
5280
5282
5282
5282
5284
5286
5286
5288
5290
5290
5292
5292
5296
5296
5298
5298
5298
5298
5298
5300
5300
5304
5304
5304
5306
5308
5312
5312
5312
5312
5312
5314
5314
5316
5316
5316
5318
5318
5318
5320
5322
5322
5324
5324
5324
5324
5324
5324
5326
5326
5326
5326
5328
5328
5330
5330
5332
5332
5332
5332
5334
5334
5334
5334
5336
5336
5336
5338
5338
5340
5340
5340
5340
5340
5342
5342
5342
5344
5344
5344
5344
5344
5344
5346
5346
5346
5346
5346
5346
5346
5346
5348
5348
5350
5350
5350
5350
5350
5350
5350
5352
5354
5354
5354
5354
5354
5354
5354
5354
5356
5358
5358
5358
5358
5360
5360
5360
5360
5362
5362
5362
5362
5362
5364
5364
5364
5364
5364
5364
5366
5366
5366
5366
5368
5368
5368
5368
5368
5368
5368
5368
5370
5370
5370
5372
5372
5372
5372
5374
5374
5374
5374
5374
5374
5376
5378
5380
5380
5380
5380
5382
5382
5382
5382
5384
5384
5384
5384
5384
5386
5386
5386
5388
5388
5388
5390
5390
5390
5390
5392
5392
5392
5392
5394
5394
5394
5394
5394
5394
5394
5396
5396
5396
5396
5396
5396
5398
5398
5398
5400
5400
5400
5400
5400
5400
5402
5402
5402
5404
5404
5404
5404
5404
5404
5404
5404
5404
5406
5406
5406
5406
5406
5408
5408
5408
5408
5408
5410
5410
5410
5414
5414
5416
5416
5418
5420
5420
5420
5420
5422
5422
5422
5424
5424
5424
5424
5424
5424
5426
5426
5428
5428
5428
5428
5430
5430
5430
5430
5432
5432
5432
5432
5432
5434
5434
5434
5434
5436
5436
5436
5438
5438
5438
5438
5440
5440
5440
5440
5440
5442
5442
5442
5442
5442
5442
5442
5444
5444
5444
5444
5446
5446
5446
5446
5448
5448
5448
5450
5450
5450
5452
5452
5454
5454
5454
5456
5456
5458
5458
5458
5458
5458
5460
5460
5460
5460
5460
5460
5460
5462
5462
5462
5462
5464
5464
5464
5464
5464
5464
5466
5466
5466
5466
5466
5468
5468
5468
5468
5468
5470
5470
5472
5472
5472
5472
5472
5474
5474
5476
5476
5478
5478
5478
5480
5480
5480
5482
5482
5484
5484
5484
5486
5486
5486
5486
5488
5488
5488
5488
5488
5490
5490
5490
5492
5492
5492
5494
5494
5494
5496
5496
5496
5498
5498
5498
5502
5502
5502
5502
5504
5506
5506
5506
5506
5508
5510
5514
5514
5514
5516
5516
5518
5518
5520
5520
5522
5524
5524
5526
5526
5528
5528
5530
5532
5534
5534
5536
5536
5538
5538
5540
5540
5542
5542
5542
5544
5544
5544
5544
5544
5544
5548
5550
5550
5552
5552
5554
5554
5556
5558
5558
5560
5564
5566
5568
5568
5568
5572
5572
5574
5574
5574
5574
5576
5576
5576
5576
5578
5580
5582
5582
5584
5584
5584
5584
5584
5586
5586
5588
5588
5588
5592
5592
5596
5602
5602
5604
5604
5604
5604
5604
5606
5606
5606
5606
5606
5608
5608
5608
5612
5612
5614
5616
5616
5620
5622
5622
5624
5624
5624
5624
5626
5626
5628
5628
5630
5630
5634
5634
5634
5636
5636
5636
5638
5642
5644
5646
5646
5648
5648
5650
5650
5650
5652
5654
5654
5654
5654
5654
5658
5660
5662
5662
5662
5664
5668
5668
5670
5672
5672
5672
5674
5674
5674
5674
5676
5678
5678
5682
5684
5684
5686
5686
5688
5690
5690
5692
5694
5694
5698
5700
5702
5704
5706
5708
5708
5710
5712
5714
5716
5718
5718
5718
5720
5720
5722
5724
5728
5732
5734
5734
5734
5738
5738
5740
5740
5742
5742
5744
5744
5744
5746
5748
5748
5748
5750
5750
5750
5754
5756
5756
5758
5760
5764
5764
5764
5766
5768
5768
5770
5770
5774
5776
5782
5784
5788
5788
5792
5794
5796
5802
5802
5802
5804
5804
5804
5804
5806
5806
5808
5808
5812
5814
5816
5818
5818
5820
5822
5824
5824
5826
5828
5828
5828
5830
5830
5832
5832
5832
5834
5836
5838
5840
5840
5842
5842
5844
5846
5846
5846
5850
5854
5856
5856
5858
5860
5862
5866
5866
5866
5870
5870
5874
5874
5874
5874
5876
5876
5886
5886
5886
5888
5890
5890
5890
5890
5892
5894
5894
5896
5896
5898
5900
5902
5904
5906
5908
5910
5910
5912
5914
5916
5918
5920
5922
5922
5928
5928
5930
5932
5938
5942
5942
5944
5948
5954
5958
5958
5962
5966
5970
5972
5974
5974
5978
5980
5982
5982
5984
5984
5986
5988
5990
5992
5994
5996
5996
5996
5996
5998
6000
6000
6004
6004
6008
6010
6012
6012
6016
6018
6018
6020
6030
6034
6036
6040
6040
6042
6044
6046
6048
6050
6050
6056
6058
6066
6068
6090
6090
6092
6092
6094
6094
6096
6096
6098
6100
6104
6106
6106
6108
6108
6108
6110
6112
6120
6120
6120
6122
6126
6126
6130
6136
6138
6140
6140
6142
6142
6144
6144
6148
6150
6152
6158
6158
6158
6160
6162
6164
6166
6176
6180
6180
6190
6190
6194
6202
6208
6210
6220
6222
6230
6232
6238
6240
6240
6242
6250
6250
6256
6258
6262
6264
6264
6268
6270
6272
6278
6280
6284
6290
6306
6314
6316
6324
6326
6342
6350
6352
6366
6378
6386
6388
6400
6410
6418
6428
6430
6434
6434
6436
6438
6454
6456
6492
6498
6512
6530
6552
6564
6598
6604
6618
6672
6676
6684
6684
6692
6692
6698
6706
6752
6758
6804
6814
6836
6888
6922
6938
6944
6980
6982
6984
7074
7078
7102
7110
7172
7216
7280
7368
7392
7398
7768
8284
8418
8516
8708
9002
9366
9412
9448
9836
10182
10840
11342
11352
11642
11844
11860
11962
12002
12070
12418
12470
13694
14086
14722
14882
15328
15352
15908
16414
16586
17684
18108
18486
18680
19496
19582
20022
21002
25188
27146
27958
29452
32402
32518
35134
