Latencies
5484
5720
5956
6032
6280
6486
6678
6718
7056
7094
7168
7186
7258
7368
7490
7622
7702
7896
7996
8062
8114
8402
8520
8528
8572
8694
8948
8992
9156
9332
9352
9690
9762
9818
9944
10096
10120
10128
10242
10326
10454
10470
10760
10936
10970
11842
11956
12118
12234
12266
12408
12616
13014
13662
13786
14174
14372
14380
14396
14462
14490
14546
14570
14598
14600
14600
14622
14662
14674
14714
14716
14718
14742
14746
14768
14796
14800
14802
14810
14816
14826
14828
14850
14866
14868
14888
14910
14912
14934
14936
14944
14948
14962
14988
14990
15030
15046
15052
15068
15072
15078
15100
15110
15114
15124
15128
15130
15140
15142
15146
15146
15188
15194
15226
15232
15238
15246
15274
15276
15308
15320
15326
15340
15372
15380
15394
15398
15400
15402
15418
15422
15428
15446
15456
15462
15470
15488
15498
15548
15560
15566
15594
15596
15662
15664
15678
15682
15720
15724
15746
15766
15774
15782
15784
15828
15840
15846
15876
15932
15976
16018
16038
16044
16082
16180
16188
16190
16224
16258
16338
16338
16510
16516
16520
16592
16690
16726
16784
16814
16942
17014
17124
17162
17202
17260
17390
17466
17476
17506
17522
17628
17714
17776
17780
17784
17850
17858
17986
17996
18014
18076
18098
18124
18188
18244
18270
18300
18442
18454
18482
18536
18550
18742
18830
18930
19006
19064
19094
19124
19260
19420
19532
19554
19652
19670
19712
19724
19880
19924
19954
20000
20008
20012
20274
20322
20374
20414
20516
20592
20638
20682
20708
20764
20842
20948
21010
21162
21162
21172
21192
21204
21210
21212
21252
21332
21344
21422
21658
21674
21762
21816
21854
22176
22196
22224
22230
22310
22322
22346
22362
22410
22500
22536
22540
22654
22656
22684
22722
22728
22778
22788
22826
22884
22890
22918
23012
23086
23164
23226
23234
23304
23308
23340
23426
23548
23622
23664
23864
23866
23882
23888
23912
23986
24006
24046
24048
24054
24064
24084
24178
24256
24264
24274
24308
24310
24310
24374
24420
24426
24430
24448
24476
24544
24552
24554
24610
24612
24636
24636
24662
24664
24686
24704
24720
24720
24738
24742
24744
24746
24754
24774
24782
24790
24794
24796
24838
24862
24900
24908
24914
24942
24946
24974
24976
24984
24988
25020
25024
25036
25042
25052
25056
25060
25066
25070
25084
25138
25184
25192
25226
25272
25332
25346
25404
25408
25422
25436
25468
25478
25494
25576
25622
25708
25786
25794
25842
25860
26006
26086
26112
26190
26262
26332
26364
26386
26420
26424
26474
26494
26526
26554
26712
26768
26916
26956
26990
26992
27012
27052
27054
27110
27130
27146
27172
27206
27232
27258
27294
27474
27750
28036
28086
28132
28230
28256
28346
28366
28380
28382
28426
28620
28644
28672
28688
28734
28848
28856
28950
29012
29016
29066
29158
29176
29252
29272
29306
29366
29418
29472
29502
29502
29588
29594
29594
29608
29674
29738
29740
29864
30006
30122
30220
30318
30404
30436
30498
30508
30630
30668
30780
30798
30836
30924
31084
31126
31136
31174
31242
31390
31448
31462
31684
31696
31722
31780
31798
31824
31832
31854
31912
31934
31952
32038
32066
32166
32228
32258
32440
32580
32596
32604
32626
32658
32670
32940
33008
33034
33108
33216
33218
33242
33246
33466
33468
33482
33556
33640
33650
33856
33862
33886
33932
33948
33974
33980
33986
34024
34024
34026
34036
34064
34106
34132
34152
34224
34228
34242
34258
34286
34294
34298
34298
34354
34356
34380
34392
34400
34448
34464
34468
34470
34478
34520
34520
34524
34526
34530
34540
34584
34586
34594
34612
34624
34710
34714
34716
34740
34740
34752
34768
34774
34828
34850
34876
34876
34896
34900
34900
34904
34930
34932
35000
35004
35008
35012
35034
35054
35058
35092
35094
35128
35216
35240
35250
35250
35278
35310
35312
35330
35336
35336
35380
35386
35438
35452
35524
35538
35558
35602
35704
35716
35818
35824
35876
36060
36062
36204
36212
36312
36374
36440
36480
36588
36614
36758
36972
37038
37078
37108
37426
37684
37706
37714
37992
38034
38096
38214
38316
38400
38414
38424
38670
38954
39030
39062
39116
39310
39348
39498
39678
39690
39906
39924
41150
41438
41452
41500
41790
41924
41978
42032
42110
42196
42536
42690
42888
43114
43156
43214
43332
43356
43514
43542
43612
43632
43696
43700
43706
43742
43758
43812
43840
43908
43950
43950
43972
44008
44102
44134
44138
44148
44208
44234
44292
44328
44432
44448
44452
44462
44538
44550
44570
44636
44638
44646
44988
45008
45014
45092
45100
45164
45172
45174
45350
45354
45404
45476
45484
45542
45744
45790
46148
46446
46564
46890
47026
47060
47178
47330
47478
47922
47954
48058
48196
48432
48562
48566
48720
49064
49158
49232
49474
49612
50082
50216
50228
50344
50472
50504
50520
50590
50646
50698
50748
50822
50824
50896
51012
51074
51078
51130
51464
52186
52188
52360
52412
52558
52658
52784
52830
52834
52888
52952
53054
53060
53068
53138
53158
53228
53242
53244
53282
53296
53468
53470
53522
53532
53554
53558
53574
53594
53610
53618
53632
53634
53656
53704
53718
53718
53718
53726
53738
53750
53754
53754
53756
53760
53764
53766
53796
53810
53824
53846
53852
53866
53870
53870
53882
53882
53892
53892
53896
53904
53908
53910
53916
53920
53922
53928
53932
53952
53952
53966
53986
53992
54000
54018
54028
54032
54038
54040
54070
54072
54086
54086
54122
54136
54148
54198
54234
54252
54258
54260
54282
54296
54296
54300
54310
54324
54388
54432
54432
54446
54460
54524
54546
54580
54656
54662
54716
54716
54726
54766
54766
54832
54836
54856
54866
54954
55022
55084
55102
55114
55148
55212
55254
55316
55332
55356
55406
55434
55482
55536
55572
55604
55830
56024
56050
56352
56576
58000
58374
59526
60180
60252
60266
61080
61162
61644
61860
61970
62200
62362
62720
62926
63142
63170
63246
63428
63640
63686
63750
63752
63790
64008
64216
64854
65304
65480
65690
65832
66326
67324
67760
68050
68542
68612
68662
68702
68928
69000
69034
70840
71602
71866
71894
72008
72194
72246
72502
72564
72582
72604
72782
72790
72896
72908
72940
73216
73290
73296
73330
73476
73476
73494
73520
73558
73614
73626
73626
73636
74036
74036
74086
74088
74110
74176
74394
74478
74646
75128
75178
75272
75356
75726
77116
81488
82282
82726
86488
172098
221036
317126
470524
528956
706968
1137530
1321386
2345064
12679000
