Latencies
5168
5256
5280
5282
5292
5294
5296
5302
5304
5304
5304
5314
5316
5326
5334
5336
5338
5342
5348
5352
5356
5358
5360
5360
5366
5382
5386
5392
5394
5398
5400
5402
5404
5410
5418
5420
5420
5420
5422
5422
5424
5424
5424
5426
5426
5430
5430
5432
5432
5432
5434
5440
5454
5454
5454
5458
5458
5464
5466
5470
5476
5492
5496
5498
5504
5508
5508
5516
5516
5524
5528
5532
5532
5534
5538
5538
5544
5552
5556
5558
5558
5560
5564
5568
5572
5578
5578
5578
5586
5586
5588
5588
5596
5596
5598
5606
5610
5614
5616
5618
5632
5632
5634
5636
5638
5640
5648
5648
5650
5652
5658
5664
5670
5672
5678
5680
5680
5682
5684
5686
5688
5690
5690
5702
5706
5722
5724
5724
5734
5738
5748
5748
5750
5762
5762
5768
5774
5774
5776
5776
5780
5782
5782
5794
5796
5798
5800
5804
5806
5808
5808
5814
5814
5818
5822
5824
5826
5826
5828
5828
5830
5850
5852
5858
5860
5866
5868
5868
5872
5874
5874
5876
5876
5882
5884
5884
5894
5896
5896
5902
5902
5908
5914
5920
5922
5928
5936
5940
5950
5956
5958
5960
5960
5966
5970
5982
5984
5990
5990
5994
6000
6012
6012
6014
6018
6024
6024
6030
6038
6040
6058
6060
6066
6068
6074
6084
6086
6086
6092
6096
6100
6100
6102
6116
6124
6124
6130
6136
6140
6148
6156
6156
6158
6162
6170
6172
6180
6182
6186
6190
6196
6212
6214
6222
6228
6232
6238
6244
6248
6256
6258
6264
6264
6266
6270
6276
6284
6298
6306
6308
6308
6308
6308
6330
6334
6342
6352
6368
6374
6380
6430
6430
6432
6442
6450
6464
6470
6472
6478
6484
6524
6548
6552
6554
6560
6574
6584
6592
6596
6608
6610
6616
6650
6704
6708
6710
6726
6742
6758
6780
6806
6816
6824
6844
6862
6892
6916
6932
6938
6938
6952
6954
6956
6966
6970
6980
6990
7022
7040
7048
7068
7080
7098
7102
7130
7158
7178
7182
7184
7218
7228
7232
7236
7250
7258
7268
7276
7276
7292
7316
7334
7336
7340
7348
7352
7386
7408
7434
7452
7458
7460
7466
7500
7508
7518
7520
7526
7546
7548
7550
7574
7576
7596
7604
7608
7688
7718
7724
7740
7746
7782
7782
7794
7810
7820
7830
7860
7864
7868
7888
7898
7900
7904
7928
7978
7980
8016
8032
8068
8070
8100
8142
8178
8182
8186
8208
8212
8246
8298
8308
8308
8360
8366
8374
8392
8394
8414
8430
8434
8460
8462
8500
8512
8526
8526
8578
8578
8598
8604
8610
8630
8650
8652
8670
8672
8686
8690
8690
8702
8736
8760
8762
8770
8774
8806
8828
8842
8882
8888
8890
8896
8928
8944
8964
8990
9028
9050
9062
9118
9122
9140
9142
9160
9172
9184
9184
9212
9226
9236
9266
9276
9296
9312
9376
9410
9426
9428
9430
9448
9458
9460
9468
9488
9492
9496
9498
9512
9520
9522
9538
9542
9550
9554
9564
9572
9578
9582
9622
9622
9636
9650
9662
9666
9670
9754
9756
9778
9788
9828
9856
9906
9978
9990
10036
10054
10070
10090
10142
10146
10148
10158
10180
10192
10222
10242
10260
10282
10306
10308
10334
10340
10352
10362
10368
10380
10386
10400
10402
10416
10424
10426
10462
10472
10478
10480
10484
10512
10518
10524
10564
10688
10692
10706
10712
10716
10716
10726
10778
10796
10800
10806
10844
10874
10896
10896
10914
10926
10932
10934
10942
10946
10956
10970
11020
11032
11036
11146
11160
11174
11184
11200
11206
11208
11226
11314
11314
11332
11334
11354
11362
11364
11374
11376
11378
11408
11424
11494
11498
11526
11530
11552
11566
11580
11582
11600
11620
11652
11674
11676
11684
11688
11750
11772
11774
11774
11804
11830
11856
11862
11872
11880
11886
11888
11892
11900
11918
11928
11928
11944
11954
11956
11958
11984
12000
12018
12044
12052
12062
12116
12124
12136
12146
12162
12164
12172
12208
12238
12280
12302
12312
12342
12344
12398
12452
12456
12456
12528
12544
12546
12576
12598
12604
12612
12654
12674
12684
12684
12688
12702
12720
12724
12746
12776
12790
12792
12802
12818
12844
12856
12864
12866
12896
12914
12926
12926
12984
12996
13006
13008
13008
13050
13068
13084
13108
13108
13132
13146
13182
13184
13218
13226
13242
13256
13260
13290
13292
13296
13296
13316
13318
13346
13354
13376
13420
13424
13428
13446
13458
13474
13488
13500
13508
13522
13538
13552
13594
13606
13620
13626
13636
13642
13642
13662
13676
13676
13676
13746
13784
13792
13800
13830
13864
13866
13894
13900
13908
13932
13952
13952
13962
13974
13980
13984
13986
14004
14050
14052
14064
14124
14126
14136
14140
14142
14144
14150
14180
14224
14228
14250
14254
14276
14278
14288
14300
14310
14336
14352
14390
14402
14410
14416
14430
14434
14438
14440
14488
14488
14494
14502
14510
14518
14526
14542
14566
14574
14580
14582
14600
14602
14608
14616
14624
14644
14644
14664
14674
14688
14710
14714
14718
14722
14722
14740
14740
14740
14750
14754
14760
14764
14766
14800
14816
14820
14822
14836
14854
14856
14876
14882
14884
14894
14898
14904
14910
14918
14918
14920
14928
14936
14940
14942
14950
14956
14968
14992
14994
14994
15000
15002
15004
15010
15016
15020
15022
15050
15052
15052
15068
15072
15096
15108
15118
15138
15142
15152
15156
15170
15170
15174
15174
15180
15182
15188
15188
15200
15204
15210
15212
15212
15214
15214
15216
15234
15236
15242
15244
15244
15250
15252
15268
15270
15288
15302
15312
15316
15316
15322
15346
15350
15354
15364
15366
15384
15402
15412
15412
15414
15414
15416
15418
15426
15428
15468
15468
15476
15494
15514
15516
15520
15524
15532
15542
15552
15572
15608
15620
15628
15682
15684
15776
15804
15824
15830
15890
15916
15928
15932
15944
15964
16000
16004
16024
16024
16054
16056
16166
16292
16360
16430
16542
16766
17426
17550
18062
18544
18884
18974
19402
19510
19674
20668
20994
21304
21462
23802
24320
24338
24562
25028
25150
31918
35460
41952
59744
233072
