Latencies
5222
5322
5354
5366
5374
5374
5384
5384
5386
5390
5394
5398
5400
5400
5400
5406
5408
5408
5410
5410
5412
5418
5420
5422
5428
5430
5430
5438
5444
5444
5450
5450
5452
5456
5458
5458
5458
5458
5466
5468
5468
5472
5474
5474
5476
5476
5476
5476
5478
5480
5482
5486
5488
5490
5490
5492
5494
5500
5502
5506
5508
5508
5510
5510
5510
5512
5514
5514
5516
5518
5518
5518
5518
5522
5522
5522
5522
5524
5526
5526
5526
5526
5530
5530
5530
5534
5534
5534
5536
5540
5548
5550
5554
5554
5556
5560
5562
5562
5562
5562
5564
5566
5566
5566
5568
5570
5574
5576
5576
5578
5578
5578
5582
5584
5584
5584
5592
5594
5604
5608
5610
5614
5620
5620
5624
5624
5630
5630
5634
5638
5638
5640
5640
5642
5642
5644
5646
5656
5658
5660
5662
5662
5662
5664
5666
5668
5668
5670
5680
5682
5684
5684
5686
5686
5686
5688
5690
5690
5692
5696
5696
5698
5698
5708
5708
5710
5730
5732
5740
5740
5742
5744
5746
5746
5746
5750
5754
5756
5760
5764
5770
5788
5804
5806
5806
5810
5812
5818
5822
5822
5826
5826
5836
5838
5840
5842
5846
5850
5850
5854
5856
5856
5864
5864
5864
5866
5866
5870
5880
5886
5886
5888
5888
5892
5896
5900
5902
5902
5904
5906
5908
5910
5912
5912
5914
5920
5922
5922
5924
5928
5932
5934
5936
5936
5938
5944
5946
5950
5952
5952
5954
5956
5958
5962
5962
5966
5968
5970
5974
5974
5980
5982
5982
5986
5986
5996
5998
6000
6020
6022
6022
6030
6034
6036
6038
6046
6048
6050
6050
6052
6052
6054
6054
6058
6060
6060
6066
6074
6076
6082
6090
6090
6094
6094
6096
6102
6104
6104
6104
6106
6106
6106
6110
6114
6116
6118
6118
6122
6124
6126
6134
6138
6138
6146
6152
6152
6168
6174
6176
6178
6180
6182
6194
6206
6212
6214
6214
6214
6224
6228
6228
6238
6242
6242
6250
6260
6262
6264
6266
6280
6302
6302
6310
6318
6322
6328
6338
6340
6344
6358
6380
6408
6412
6424
6436
6442
6448
6452
6452
6484
6488
6494
6494
6504
6548
6550
6624
6626
6634
6676
6686
6688
6700
6720
6750
6830
6830
6840
6854
6886
6886
6896
6914
6920
6936
6952
6960
6970
6986
6994
7000
7000
7044
7078
7092
7100
7240
7244
7262
7264
7266
7280
7288
7288
7322
7334
7348
7350
7364
7376
7392
7408
7418
7420
7420
7428
7444
7536
7550
7624
7624
7644
7666
7676
7680
7704
7706
7760
7766
7766
7772
7788
7806
7814
7828
7838
7850
7860
7888
7916
7940
7954
7960
7960
7964
7984
8012
8056
8056
8070
8104
8140
8166
8190
8226
8250
8266
8278
8308
8318
8320
8350
8362
8366
8392
8418
8434
8448
8474
8494
8576
8582
8680
8686
8694
8738
8740
8766
8772
8812
8844
8886
8908
8914
8916
8954
8982
9006
9014
9054
9062
9138
9204
9294
9336
9396
9396
9462
9464
9466
9470
9490
9510
9542
9556
9594
9622
9680
9700
9702
9708
9712
9776
9784
9784
9798
9808
9830
9834
9854
9870
9880
9906
9910
9978
9978
9992
10002
10006
10064
10068
10078
10100
10136
10136
10160
10162
10172
10176
10182
10266
10266
10292
10304
10316
10420
10432
10436
10490
10492
10492
10512
10520
10540
10562
10650
10668
10700
10720
10732
10810
10824
10836
10898
10910
10922
10924
10976
10980
11000
11046
11058
11058
11060
11066
11088
11114
11122
11182
11184
11190
11216
11226
11246
11278
11344
11376
11388
11412
11436
11452
11492
11508
11548
11550
11582
11630
11642
11650
11674
11676
11704
11792
11838
11970
12002
12018
12026
12028
12028
12036
12046
12056
12062
12064
12066
12078
12210
12218
12224
12232
12252
12328
12338
12342
12412
12412
12420
12468
12480
12484
12498
12520
12534
12574
12602
12640
12664
12676
12704
12712
12742
12762
12766
12830
12856
12864
12876
12880
12880
12882
12898
13014
13046
13142
13164
13204
13246
13264
13276
13304
13332
13394
13394
13408
13414
13474
13494
13500
13514
13518
13518
13520
13522
13540
13548
13556
13598
13606
13636
13698
13764
13794
13796
13802
13872
13890
13916
13920
13932
13958
13978
13992
13996
14010
14024
14034
14038
14052
14100
14110
14118
14158
14176
14180
14190
14194
14194
14218
14220
14226
14248
14278
14300
14300
14304
14318
14350
14354
14374
14378
14408
14414
14428
14434
14440
14454
14458
14468
14476
14482
14484
14488
14488
14504
14504
14520
14528
14536
14536
14542
14546
14548
14552
14562
14594
14608
14608
14610
14620
14626
14626
14628
14630
14648
14662
14664
14680
14686
14690
14702
14704
14704
14712
14714
14728
14728
14750
14758
14758
14780
14794
14800
14820
14832
14836
14850
14858
14860
14864
14868
14870
14878
14888
14890
14892
14892
14894
14896
14898
14900
14900
14906
14906
14910
14910
14912
14914
14934
14938
14938
14938
14948
14960
14964
14968
14970
14976
14982
14984
14988
14988
14988
14994
14994
14994
15010
15014
15016
15026
15026
15040
15042
15048
15048
15056
15058
15072
15098
15106
15110
15120
15122
15128
15130
15134
15138
15144
15156
15156
15162
15168
15168
15174
15174
15176
15178
15180
15180
15186
15188
15190
15198
15206
15208
15214
15226
15246
15246
15252
15258
15258
15266
15276
15292
15300
15302
15304
15306
15314
15322
15322
15326
15328
15334
15336
15350
15352
15354
15358
15360
15360
15364
15374
15376
15378
15386
15390
15390
15400
15402
15406
15416
15422
15432
15446
15452
15454
15466
15470
15470
15472
15482
15492
15498
15498
15518
15522
15524
15526
15546
15560
15574
15586
15590
15594
15628
15714
15720
15790
15818
15828
15830
15832
15834
15840
15842
15844
15882
15902
15914
15948
15958
15980
15984
16000
16038
16086
16088
16134
16140
16250
16290
16318
16350
16354
16402
16904
16958
17058
17598
17748
17754
18274
18434
18894
19396
19504
20260
20950
21116
21626
21950
22032
22430
22438
22786
22854
23234
23350
23368
23418
23694
23858
23892
23974
24028
24190
24248
24260
24374
24376
24394
24402
24420
24576
24616
24646
24712
24760
24798
24858
24900
24944
24990
24994
25050
25206
25232
25256
25332
25424
25576
26040
34418
35130
37066
46720
271762
1573716
