Latencies
5126
5126
5128
5138
5140
5148
5166
5166
5168
5170
5170
5170
5172
5176
5178
5182
5184
5186
5186
5186
5190
5196
5204
5204
5206
5210
5210
5212
5214
5214
5214
5218
5218
5220
5220
5222
5222
5226
5226
5228
5228
5228
5228
5230
5230
5232
5232
5232
5232
5234
5234
5234
5234
5236
5236
5236
5238
5242
5244
5244
5246
5248
5248
5250
5250
5250
5252
5252
5252
5252
5254
5256
5256
5256
5258
5258
5258
5258
5260
5260
5260
5262
5262
5262
5262
5262
5262
5264
5264
5266
5266
5266
5266
5266
5266
5268
5268
5270
5270
5270
5270
5270
5270
5272
5274
5274
5274
5274
5274
5274
5276
5276
5276
5276
5276
5278
5278
5278
5278
5278
5280
5280
5280
5282
5282
5282
5282
5282
5284
5284
5286
5286
5286
5286
5288
5288
5288
5288
5288
5288
5290
5290
5290
5290
5290
5290
5294
5296
5296
5298
5298
5298
5298
5298
5298
5298
5300
5300
5300
5302
5306
5308
5308
5310
5310
5312
5312
5312
5312
5314
5314
5314
5316
5316
5316
5318
5318
5318
5318
5318
5318
5320
5320
5320
5320
5320
5322
5322
5324
5324
5324
5326
5326
5326
5326
5326
5326
5328
5328
5330
5330
5332
5332
5332
5332
5332
5332
5332
5334
5336
5336
5338
5338
5338
5338
5338
5338
5338
5342
5342
5342
5344
5344
5344
5344
5344
5346
5346
5348
5348
5348
5350
5350
5350
5352
5352
5352
5354
5356
5356
5356
5356
5358
5358
5360
5360
5360
5362
5362
5362
5364
5364
5366
5366
5368
5368
5368
5368
5368
5368
5370
5370
5372
5372
5372
5372
5374
5374
5374
5374
5374
5376
5376
5376
5376
5376
5376
5376
5378
5378
5380
5380
5380
5380
5380
5380
5380
5382
5382
5382
5382
5384
5384
5384
5384
5384
5386
5386
5386
5388
5388
5388
5388
5390
5390
5390
5390
5390
5390
5392
5392
5392
5392
5394
5394
5394
5396
5396
5396
5396
5398
5398
5398
5400
5400
5400
5400
5400
5400
5402
5402
5402
5402
5404
5408
5408
5408
5408
5408
5410
5410
5410
5412
5412
5412
5412
5414
5414
5414
5414
5416
5416
5416
5418
5418
5418
5418
5420
5420
5420
5420
5420
5422
5422
5422
5422
5422
5424
5424
5424
5426
5426
5426
5426
5428
5428
5428
5428
5430
5430
5430
5430
5430
5430
5432
5432
5434
5434
5434
5436
5436
5436
5436
5436
5438
5438
5438
5438
5440
5440
5442
5444
5444
5444
5444
5444
5446
5446
5446
5446
5446
5446
5446
5448
5448
5450
5450
5450
5452
5454
5454
5456
5456
5456
5456
5456
5458
5458
5458
5460
5460
5460
5462
5462
5462
5464
5464
5464
5464
5466
5468
5468
5468
5470
5470
5470
5470
5470
5472
5472
5474
5474
5476
5476
5476
5478
5478
5480
5480
5480
5482
5482
5482
5482
5484
5484
5486
5486
5486
5486
5488
5488
5488
5492
5494
5494
5494
5494
5496
5496
5498
5500
5502
5502
5502
5502
5504
5504
5504
5506
5506
5508
5508
5510
5510
5512
5512
5518
5518
5518
5520
5520
5520
5520
5522
5522
5522
5522
5526
5526
5526
5526
5528
5534
5538
5540
5540
5542
5542
5544
5546
5546
5548
5552
5554
5556
5556
5558
5558
5558
5562
5562
5562
5564
5564
5564
5564
5568
5568
5570
5570
5572
5572
5572
5572
5574
5576
5576
5576
5576
5578
5578
5578
5580
5582
5584
5586
5586
5586
5586
5586
5590
5590
5594
5594
5596
5598
5602
5604
5606
5606
5608
5608
5608
5608
5610
5612
5614
5616
5616
5618
5618
5620
5620
5622
5622
5622
5624
5626
5626
5626
5628
5628
5630
5630
5630
5630
5630
5632
5634
5634
5634
5636
5638
5640
5640
5640
5642
5642
5642
5644
5646
5646
5646
5650
5650
5652
5652
5658
5658
5658
5662
5662
5662
5664
5668
5674
5674
5676
5678
5680
5680
5682
5684
5684
5686
5686
5688
5688
5688
5690
5694
5696
5696
5696
5696
5696
5698
5700
5704
5704
5706
5708
5708
5708
5710
5710
5710
5712
5714
5714
5718
5726
5730
5734
5736
5740
5740
5740
5742
5746
5748
5750
5750
5752
5752
5754
5754
5756
5758
5760
5760
5760
5762
5764
5764
5768
5770
5772
5772
5774
5776
5780
5780
5780
5780
5782
5782
5782
5782
5784
5786
5786
5786
5792
5792
5794
5794
5796
5798
5800
5800
5806
5814
5814
5816
5816
5816
5822
5826
5830
5830
5832
5838
5840
5842
5844
5846
5846
5848
5850
5850
5850
5852
5854
5856
5856
5858
5858
5860
5864
5864
5864
5864
5866
5866
5868
5868
5872
5872
5876
5878
5878
5886
5886
5888
5890
5890
5890
5894
5894
5896
5896
5898
5900
5900
5900
5902
5902
5902
5902
5904
5906
5906
5906
5918
5918
5924
5926
5930
5934
5934
5936
5936
5936
5940
5940
5942
5942
5942
5942
5944
5944
5946
5948
5950
5952
5952
5958
5958
5960
5968
5970
5974
5974
5976
5978
5982
5984
5984
5994
6000
6000
6002
6004
6006
6006
6006
6008
6010
6012
6016
6016
6018
6018
6020
6022
6024
6024
6026
6028
6030
6030
6032
6036
6038
6038
6040
6042
6042
6044
6050
6052
6060
6062
6068
6074
6074
6076
6076
6076
6076
6078
6080
6082
6086
6090
6092
6094
6110
6110
6114
6116
6120
6120
6120
6122
6122
6126
6130
6132
6136
6138
6138
6140
6150
6150
6152
6154
6154
6162
6164
6174
6182
6184
6188
6190
6190
6190
6192
6194
6194
6204
6210
6216
6216
6228
6232
6232
6240
6240
6246
6258
6264
6268
6268
6270
6274
6278
6286
6290
6292
6308
6310
6314
6314
6316
6320
6324
6324
6328
6338
6344
6366
6368
6374
6374
6392
6406
6416
6422
6430
6438
6444
6456
6472
6476
6542
6566
6584
6598
6598
6602
6634
6674
6720
6810
6888
6920
6926
7154
7154
7266
7586
8260
8624
10250
10250
10298
10698
10924
11160
11454
12326
12546
12618
14590
15030
15458
16016
16194
16746
18204
18512
20634
21346
21430
21550
21620
22364
22370
22518
22606
22774
23640
23684
25490
27126
28952
31382
34922
38220
40158
