Latencies
5002
5030
5030
5032
5036
5052
5060
5080
5080
5082
5082
5084
5088
5090
5100
5102
5104
5104
5106
5108
5108
5108
5112
5114
5114
5116
5116
5118
5118
5124
5126
5128
5128
5130
5132
5132
5132
5132
5132
5138
5142
5144
5144
5144
5146
5146
5148
5152
5152
5154
5154
5156
5156
5156
5158
5160
5162
5166
5166
5170
5170
5172
5172
5172
5174
5174
5174
5174
5176
5176
5176
5178
5180
5180
5180
5180
5182
5182
5182
5182
5182
5182
5184
5186
5188
5190
5190
5190
5192
5192
5192
5192
5192
5192
5194
5194
5196
5196
5196
5198
5198
5200
5200
5200
5200
5200
5200
5200
5200
5200
5202
5202
5202
5202
5204
5204
5204
5204
5206
5206
5208
5208
5208
5210
5210
5210
5210
5212
5212
5212
5214
5214
5214
5214
5216
5216
5216
5218
5218
5218
5220
5220
5222
5222
5222
5224
5224
5224
5226
5226
5228
5230
5230
5230
5230
5232
5232
5234
5234
5234
5234
5234
5234
5236
5236
5238
5240
5240
5240
5240
5242
5242
5242
5242
5244
5244
5244
5244
5246
5246
5248
5248
5248
5248
5250
5250
5250
5252
5254
5254
5256
5256
5256
5256
5258
5258
5258
5258
5258
5258
5258
5258
5260
5262
5262
5264
5264
5266
5266
5266
5266
5266
5266
5266
5268
5268
5268
5268
5268
5270
5270
5270
5270
5272
5272
5272
5272
5272
5272
5274
5274
5274
5274
5274
5274
5274
5278
5278
5278
5278
5278
5280
5280
5282
5282
5282
5282
5282
5284
5284
5284
5284
5286
5288
5288
5288
5290
5290
5290
5292
5292
5292
5292
5294
5294
5294
5296
5296
5296
5296
5296
5296
5298
5298
5298
5300
5300
5300
5300
5300
5300
5300
5300
5300
5302
5302
5302
5302
5304
5304
5304
5304
5306
5306
5308
5308
5310
5310
5310
5310
5312
5316
5316
5316
5316
5316
5318
5318
5322
5322
5324
5324
5324
5324
5326
5328
5330
5330
5332
5332
5332
5334
5334
5334
5336
5336
5336
5336
5338
5340
5342
5342
5342
5342
5342
5344
5344
5344
5344
5346
5346
5346
5346
5346
5346
5348
5350
5352
5352
5354
5354
5354
5354
5354
5356
5356
5356
5356
5358
5358
5360
5360
5360
5360
5360
5360
5360
5364
5364
5364
5364
5366
5366
5366
5368
5368
5368
5368
5368
5372
5374
5376
5376
5376
5378
5380
5380
5380
5380
5380
5382
5382
5382
5386
5386
5386
5386
5388
5388
5390
5390
5390
5392
5392
5392
5392
5394
5396
5398
5398
5398
5398
5400
5400
5400
5400
5400
5402
5402
5402
5404
5406
5406
5406
5408
5408
5408
5408
5410
5410
5410
5410
5412
5412
5412
5414
5414
5416
5420
5420
5422
5424
5424
5426
5426
5426
5432
5432
5432
5432
5434
5436
5436
5436
5436
5438
5438
5440
5442
5442
5442
5444
5444
5444
5444
5444
5446
5448
5450
5452
5452
5454
5454
5454
5454
5456
5456
5456
5458
5458
5458
5460
5460
5462
5464
5466
5468
5468
5470
5470
5470
5470
5472
5472
5474
5476
5476
5476
5476
5476
5478
5478
5480
5482
5482
5482
5484
5486
5488
5488
5492
5492
5494
5494
5496
5496
5498
5500
5500
5502
5502
5502
5504
5504
5504
5504
5506
5508
5510
5512
5512
5516
5516
5518
5520
5522
5522
5524
5524
5524
5526
5526
5528
5530
5530
5530
5534
5534
5534
5534
5536
5538
5538
5538
5538
5538
5542
5542
5542
5542
5548
5548
5550
5552
5556
5556
5558
5560
5560
5564
5564
5564
5566
5568
5568
5570
5570
5572
5572
5574
5574
5576
5578
5580
5584
5588
5588
5590
5594
5598
5598
5600
5602
5602
5602
5606
5606
5608
5608
5608
5610
5610
5612
5614
5616
5616
5616
5618
5622
5624
5624
5626
5628
5630
5632
5632
5634
5636
5636
5638
5638
5642
5646
5646
5650
5650
5652
5652
5652
5652
5656
5660
5662
5664
5668
5670
5670
5670
5672
5676
5678
5682
5684
5686
5688
5690
5690
5692
5694
5696
5702
5704
5704
5706
5706
5708
5712
5714
5716
5716
5716
5718
5722
5722
5724
5724
5726
5728
5728
5730
5732
5734
5734
5736
5736
5736
5738
5738
5740
5742
5744
5748
5750
5752
5756
5758
5758
5758
5762
5764
5766
5766
5766
5766
5768
5768
5770
5770
5774
5776
5778
5782
5784
5786
5790
5790
5790
5792
5792
5794
5796
5796
5800
5800
5802
5802
5804
5806
5806
5810
5812
5812
5816
5816
5818
5822
5822
5828
5830
5830
5834
5834
5836
5838
5842
5846
5852
5852
5860
5862
5864
5866
5866
5876
5876
5880
5884
5888
5890
5892
5894
5894
5894
5894
5898
5902
5902
5904
5908
5908
5910
5910
5912
5916
5924
5924
5926
5934
5934
5936
5938
5938
5942
5942
5948
5956
5958
5960
5960
5962
5966
5968
5970
5970
5976
5976
5976
5980
5982
5986
5986
5990
5994
5998
6002
6004
6010
6012
6014
6016
6016
6022
6024
6026
6026
6028
6028
6028
6030
6032
6040
6040
6042
6044
6050
6052
6052
6054
6060
6068
6072
6072
6076
6076
6076
6082
6088
6090
6094
6100
6102
6104
6112
6112
6114
6144
6144
6144
6148
6156
6156
6166
6176
6176
6178
6190
6190
6200
6200
6204
6212
6216
6222
6226
6240
6248
6276
6308
6324
6342
6344
6358
6364
6366
6404
6408
6412
6412
6440
6446
6450
6450
6496
6508
6518
6554
6564
6564
6572
6592
6636
6690
6722
6728
6760
6774
6832
6916
6926
6932
6936
6936
6970
6974
7010
7024
7030
7030
7080
7086
7090
7138
7220
7226
7230
7310
7316
7346
7350
7396
7622
7632
7634
7724
7974
8628
8658
8760
8900
9114
9628
9982
10522
10548
10586
10922
10956
11058
11186
11700
12322
13058
13390
13524
13684
14664
14750
15988
16508
16526
16978
17714
17924
18616
19136
19766
19796
19968
20116
20210
20934
21112
21128
21952
22282
23094
23772
23830
24160
24964
25314
25508
25602
25906
26044
26458
26708
27956
28052
28348
28352
29534
29760
31242
31326
32000
32644
32864
33018
33928
34172
36142
36284
43812
52368
71180
