Latencies
5062
5078
5110
5116
5120
5134
5140
5140
5148
5148
5150
5150
5150
5154
5158
5162
5162
5164
5166
5166
5166
5168
5170
5170
5172
5172
5172
5172
5174
5174
5180
5182
5184
5184
5186
5188
5192
5192
5194
5196
5196
5198
5200
5200
5204
5204
5204
5204
5206
5206
5206
5208
5208
5208
5210
5210
5212
5212
5214
5214
5216
5216
5216
5218
5218
5220
5220
5220
5222
5222
5222
5224
5224
5224
5226
5226
5226
5228
5228
5230
5230
5230
5232
5232
5232
5232
5234
5234
5236
5236
5238
5238
5238
5240
5240
5240
5244
5244
5244
5244
5244
5246
5248
5248
5250
5250
5250
5250
5250
5252
5254
5254
5254
5254
5254
5256
5256
5256
5256
5258
5258
5258
5258
5258
5258
5258
5258
5260
5260
5260
5260
5262
5262
5262
5262
5264
5264
5264
5266
5266
5266
5266
5266
5266
5268
5268
5268
5268
5268
5270
5270
5270
5272
5272
5274
5274
5274
5276
5276
5276
5278
5278
5278
5280
5280
5280
5282
5282
5282
5282
5284
5284
5284
5284
5286
5288
5290
5290
5292
5292
5292
5292
5294
5294
5298
5298
5298
5298
5300
5300
5300
5300
5300
5302
5302
5304
5304
5304
5304
5304
5306
5306
5306
5306
5308
5308
5308
5308
5310
5312
5312
5312
5314
5316
5316
5316
5316
5316
5318
5318
5318
5318
5320
5320
5320
5322
5322
5322
5322
5324
5324
5324
5324
5324
5324
5324
5324
5326
5326
5328
5328
5328
5328
5328
5328
5328
5328
5332
5332
5332
5332
5332
5334
5334
5334
5334
5334
5334
5336
5336
5336
5338
5338
5338
5338
5338
5338
5338
5340
5340
5340
5340
5342
5342
5342
5342
5344
5344
5344
5346
5348
5348
5348
5348
5350
5350
5356
5356
5356
5356
5356
5356
5356
5358
5358
5358
5358
5360
5360
5362
5362
5362
5362
5362
5362
5362
5364
5366
5366
5366
5366
5366
5368
5368
5370
5370
5370
5372
5372
5372
5372
5372
5372
5372
5374
5376
5376
5378
5380
5380
5382
5384
5384
5386
5386
5386
5388
5388
5388
5390
5390
5390
5390
5390
5390
5390
5390
5390
5392
5392
5392
5392
5392
5392
5394
5396
5396
5396
5398
5398
5400
5400
5400
5400
5402
5406
5406
5406
5406
5406
5406
5406
5408
5408
5408
5408
5410
5410
5410
5410
5410
5410
5410
5412
5412
5412
5414
5416
5416
5416
5416
5418
5418
5418
5418
5418
5420
5422
5422
5424
5426
5426
5428
5430
5430
5430
5430
5430
5430
5432
5432
5434
5434
5434
5434
5434
5436
5438
5438
5442
5442
5442
5442
5442
5442
5442
5442
5444
5444
5446
5446
5446
5446
5446
5446
5448
5448
5450
5450
5452
5452
5454
5454
5454
5454
5456
5458
5458
5458
5460
5460
5460
5460
5462
5462
5462
5464
5464
5466
5466
5468
5468
5468
5468
5468
5470
5470
5470
5472
5474
5474
5476
5478
5478
5480
5480
5486
5486
5488
5490
5490
5490
5490
5492
5494
5494
5496
5496
5496
5498
5500
5500
5502
5502
5502
5504
5506
5508
5508
5510
5512
5512
5512
5516
5516
5518
5524
5526
5526
5528
5530
5530
5530
5534
5534
5536
5536
5536
5540
5542
5544
5546
5546
5548
5550
5550
5550
5550
5552
5552
5552
5558
5558
5562
5564
5564
5566
5570
5572
5572
5572
5572
5572
5574
5574
5574
5576
5582
5584
5586
5586
5586
5592
5592
5592
5592
5592
5594
5596
5596
5598
5600
5600
5606
5606
5608
5610
5610
5610
5610
5612
5618
5618
5620
5620
5622
5622
5624
5624
5624
5624
5624
5630
5630
5630
5632
5632
5634
5634
5634
5636
5636
5638
5638
5642
5644
5644
5646
5652
5652
5652
5652
5654
5654
5654
5658
5658
5658
5658
5658
5660
5662
5662
5662
5664
5666
5668
5670
5674
5676
5678
5680
5684
5688
5690
5692
5692
5694
5696
5696
5700
5700
5704
5706
5708
5708
5708
5710
5712
5714
5716
5716
5720
5720
5720
5722
5722
5724
5732
5734
5736
5736
5738
5738
5738
5738
5738
5740
5742
5742
5744
5746
5746
5750
5752
5752
5754
5758
5760
5762
5764
5764
5764
5764
5766
5768
5768
5770
5770
5774
5774
5776
5776
5776
5776
5776
5778
5784
5788
5788
5788
5790
5792
5792
5794
5794
5794
5796
5796
5796
5798
5800
5800
5800
5802
5802
5804
5806
5812
5812
5812
5816
5816
5822
5826
5828
5830
5830
5832
5832
5834
5840
5840
5842
5842
5842
5844
5852
5852
5852
5852
5856
5860
5860
5862
5864
5866
5868
5870
5872
5874
5876
5876
5876
5878
5878
5878
5880
5880
5880
5880
5882
5882
5882
5886
5888
5888
5894
5894
5896
5896
5898
5900
5902
5904
5904
5906
5910
5912
5912
5912
5912
5912
5912
5914
5916
5916
5916
5916
5918
5918
5918
5920
5920
5920
5922
5926
5928
5932
5932
5940
5942
5942
5942
5946
5952
5956
5958
5958
5958
5960
5964
5966
5968
5972
5976
5982
5982
5984
5986
5986
5988
5990
5990
5994
5994
5998
6004
6004
6004
6008
6010
6012
6016
6016
6018
6018
6018
6022
6022
6024
6024
6026
6028
6032
6038
6042
6044
6046
6054
6058
6060
6064
6064
6068
6068
6074
6080
6082
6082
6084
6084
6086
6090
6092
6094
6106
6106
6108
6110
6112
6114
6118
6122
6130
6134
6136
6140
6140
6144
6146
6152
6160
6166
6170
6172
6174
6184
6196
6202
6220
6222
6226
6238
6238
6244
6244
6248
6252
6258
6268
6284
6284
6290
6294
6296
6310
6324
6340
6346
6356
6366
6368
6402
6406
6416
6438
6452
6460
6462
6472
6478
6480
6492
6504
6510
6516
6524
6526
6578
6580
6588
6600
6650
6652
6662
6674
6712
6716
6722
6892
6892
6970
6972
6974
6976
7166
7292
7306
7324
7330
7376
7384
7512
7542
7758
7766
8272
8950
9140
9934
10176
10342
10376
10386
10552
10578
10624
10920
10948
11022
11186
11290
11294
11440
11474
11688
11966
12456
12470
12914
14196
14426
14644
15492
15618
16708
18700
20954
21528
21572
22304
22690
23628
24772
25606
26620
29210
30742
31318
31476
32026
34322
42600
10100048
10108658
