Latencies
5102
5112
5118
5162
5162
5162
5164
5170
5170
5172
5174
5184
5186
5186
5188
5190
5192
5194
5198
5202
5206
5210
5212
5212
5212
5216
5216
5216
5218
5218
5220
5222
5222
5224
5224
5226
5230
5232
5232
5234
5234
5236
5236
5238
5240
5242
5244
5244
5246
5248
5248
5250
5250
5250
5252
5252
5256
5258
5258
5258
5258
5258
5262
5264
5266
5266
5270
5270
5270
5272
5272
5274
5274
5274
5276
5278
5278
5280
5282
5282
5282
5284
5284
5286
5286
5286
5286
5286
5288
5292
5292
5294
5294
5294
5294
5294
5294
5296
5296
5296
5296
5298
5298
5300
5300
5300
5300
5302
5302
5302
5304
5306
5308
5310
5310
5316
5318
5318
5318
5318
5320
5320
5320
5320
5322
5322
5322
5322
5326
5326
5328
5330
5330
5330
5330
5330
5332
5332
5332
5332
5334
5336
5336
5338
5338
5338
5338
5338
5340
5340
5340
5340
5340
5340
5340
5342
5342
5342
5342
5342
5342
5344
5344
5344
5346
5346
5346
5346
5348
5348
5348
5348
5350
5350
5350
5350
5350
5352
5354
5354
5354
5354
5356
5356
5356
5358
5358
5358
5360
5360
5360
5360
5360
5362
5362
5366
5366
5366
5368
5368
5368
5368
5368
5368
5370
5370
5370
5370
5370
5372
5372
5372
5372
5374
5374
5374
5374
5376
5376
5378
5378
5378
5380
5380
5380
5382
5382
5382
5382
5382
5382
5384
5384
5384
5386
5386
5386
5388
5388
5388
5390
5390
5390
5392
5392
5394
5394
5394
5396
5396
5398
5400
5400
5400
5400
5400
5400
5400
5402
5402
5402
5404
5404
5404
5404
5404
5404
5404
5406
5406
5406
5406
5408
5408
5410
5410
5412
5412
5412
5412
5414
5414
5414
5416
5416
5416
5416
5418
5418
5418
5418
5420
5420
5420
5420
5422
5422
5422
5424
5424
5424
5424
5424
5424
5424
5428
5428
5428
5428
5428
5430
5430
5430
5430
5432
5432
5432
5432
5432
5434
5434
5436
5436
5436
5436
5436
5438
5440
5442
5442
5442
5442
5444
5444
5446
5446
5446
5446
5448
5448
5450
5452
5456
5456
5456
5456
5458
5458
5458
5458
5460
5460
5460
5462
5462
5464
5464
5464
5464
5464
5466
5466
5466
5468
5468
5468
5468
5470
5470
5470
5472
5472
5474
5474
5474
5476
5476
5476
5476
5476
5478
5478
5478
5478
5480
5480
5480
5484
5484
5484
5484
5486
5486
5486
5488
5488
5490
5492
5492
5492
5494
5494
5494
5496
5496
5496
5498
5498
5500
5500
5502
5502
5502
5502
5502
5504
5504
5506
5506
5506
5508
5508
5508
5508
5508
5508
5508
5510
5510
5512
5512
5512
5514
5516
5516
5516
5518
5518
5518
5518
5520
5520
5520
5522
5522
5524
5524
5524
5524
5526
5526
5530
5530
5532
5532
5534
5534
5534
5536
5536
5536
5536
5538
5540
5540
5542
5542
5542
5544
5544
5544
5544
5544
5544
5546
5546
5548
5548
5550
5550
5552
5552
5554
5554
5556
5556
5558
5560
5560
5560
5560
5560
5560
5562
5564
5564
5566
5566
5566
5566
5566
5570
5570
5572
5574
5574
5578
5578
5580
5582
5584
5584
5588
5588
5590
5590
5592
5592
5592
5594
5594
5594
5596
5596
5598
5598
5602
5604
5604
5604
5606
5608
5610
5614
5614
5616
5618
5620
5622
5624
5624
5626
5626
5626
5626
5628
5628
5630
5632
5632
5636
5636
5640
5642
5644
5646
5648
5648
5648
5650
5650
5650
5652
5652
5652
5656
5660
5660
5662
5664
5666
5666
5666
5670
5674
5674
5678
5678
5678
5678
5682
5682
5682
5684
5686
5688
5690
5692
5692
5694
5694
5694
5696
5698
5698
5700
5702
5704
5704
5704
5706
5706
5706
5708
5710
5712
5714
5718
5722
5722
5722
5728
5730
5732
5736
5738
5740
5740
5740
5742
5744
5744
5746
5748
5750
5756
5756
5756
5758
5760
5760
5762
5764
5764
5764
5764
5766
5768
5768
5770
5770
5772
5772
5772
5774
5776
5776
5778
5778
5778
5782
5786
5790
5790
5790
5792
5796
5796
5798
5800
5802
5802
5804
5806
5808
5808
5810
5810
5816
5816
5822
5824
5826
5830
5834
5834
5836
5840
5840
5840
5840
5840
5840
5842
5842
5844
5844
5846
5848
5850
5850
5852
5858
5860
5864
5868
5870
5872
5872
5874
5876
5880
5880
5884
5886
5888
5890
5892
5896
5898
5900
5900
5900
5900
5904
5904
5906
5906
5906
5910
5912
5912
5912
5916
5922
5924
5924
5926
5926
5926
5926
5926
5928
5930
5930
5930
5934
5936
5944
5948
5948
5948
5952
5952
5954
5960
5964
5966
5966
5968
5974
5974
5978
5978
5978
5992
5998
5998
6000
6002
6004
6010
6010
6010
6014
6018
6020
6024
6026
6028
6030
6032
6038
6044
6044
6044
6046
6048
6050
6052
6056
6064
6064
6066
6066
6066
6066
6070
6074
6076
6078
6084
6086
6090
6092
6092
6092
6094
6100
6106
6106
6108
6108
6114
6116
6116
6116
6118
6118
6118
6124
6130
6130
6140
6140
6140
6154
6170
6170
6174
6180
6184
6184
6190
6192
6192
6194
6200
6214
6214
6216
6218
6224
6228
6234
6236
6240
6242
6246
6250
6256
6268
6274
6274
6274
6278
6284
6294
6304
6306
6306
6324
6326
6328
6360
6366
6368
6368
6396
6400
6406
6408
6426
6430
6430
6432
6432
6436
6494
6516
6534
6566
6590
6590
6612
6612
6618
6618
6620
6656
6670
6702
6720
6734
6756
6756
6790
6800
6800
6830
6890
6972
6988
7002
7088
7214
7220
7302
7356
7390
7460
7520
7532
7628
7802
7824
7874
7924
7976
8084
8100
8126
8690
8702
9042
9052
9336
9522
9708
9916
10124
10620
10720
10748
11000
11266
11634
11700
11886
11956
14136
14142
15092
15128
15884
16094
16578
16692
16824
17228
18734
19208
19918
20854
22454
22674
22754
23272
23474
23594
24226
24660
25116
25556
26156
26222
27050
27512
29158
29932
30004
30740
31038
32290
33866
34144
34438
35392
35522
37506
41078
41924
1037842
