Latencies
5264
5276
5282
5282
5284
5290
5300
5300
5300
5302
5308
5310
5312
5318
5320
5320
5322
5324
5324
5326
5326
5328
5330
5334
5334
5336
5340
5342
5342
5342
5350
5352
5354
5354
5356
5358
5360
5362
5366
5366
5366
5368
5370
5374
5374
5374
5378
5378
5384
5384
5386
5388
5390
5392
5396
5398
5398
5400
5400
5404
5406
5406
5408
5410
5410
5412
5414
5416
5416
5416
5428
5432
5434
5434
5436
5436
5440
5444
5446
5448
5448
5450
5452
5452
5454
5456
5460
5472
5474
5474
5480
5484
5484
5486
5490
5492
5492
5494
5498
5506
5506
5510
5510
5510
5514
5518
5520
5524
5526
5528
5528
5530
5532
5534
5534
5534
5542
5550
5552
5558
5560
5564
5566
5566
5576
5578
5578
5580
5580
5582
5586
5594
5598
5604
5604
5606
5608
5610
5612
5620
5620
5622
5622
5626
5630
5636
5646
5650
5652
5654
5660
5672
5672
5674
5678
5690
5692
5696
5698
5702
5704
5716
5720
5730
5732
5734
5738
5740
5744
5744
5754
5756
5756
5758
5758
5758
5760
5764
5766
5768
5770
5770
5780
5782
5784
5790
5796
5798
5800
5806
5814
5820
5830
5836
5838
5852
5856
5858
5866
5868
5872
5874
5880
5882
5882
5888
5888
5894
5894
5894
5904
5908
5916
5920
5920
5926
5926
5926
5930
5930
5934
5944
5946
5950
5964
5966
5970
5972
5976
5984
5986
5992
5992
5994
5998
5998
6000
6000
6006
6020
6022
6040
6046
6052
6058
6068
6068
6070
6074
6074
6074
6080
6080
6082
6084
6084
6086
6088
6092
6094
6094
6096
6096
6098
6100
6106
6108
6114
6122
6122
6124
6126
6126
6140
6156
6176
6182
6184
6188
6190
6198
6204
6210
6210
6212
6212
6232
6244
6258
6260
6260
6274
6276
6282
6284
6288
6292
6298
6326
6340
6368
6412
6430
6440
6444
6454
6458
6464
6464
6492
6518
6536
6542
6542
6550
6554
6554
6574
6576
6578
6582
6592
6600
6606
6636
6672
6700
6708
6718
6730
6730
6734
6738
6770
6770
6774
6776
6778
6784
6802
6812
6818
6824
6840
6862
6864
6870
6892
6968
6986
6994
7000
7006
7026
7028
7042
7046
7052
7056
7076
7084
7088
7092
7118
7120
7182
7182
7190
7204
7216
7216
7226
7230
7256
7274
7310
7312
7328
7348
7348
7364
7368
7374
7384
7398
7406
7412
7414
7436
7438
7500
7500
7522
7526
7526
7606
7608
7612
7616
7632
7654
7690
7704
7708
7726
7756
7786
7796
7800
7804
7806
7848
7852
7856
7866
7890
7896
7934
7954
8006
8018
8050
8052
8054
8104
8124
8150
8176
8194
8196
8198
8198
8262
8272
8384
8416
8440
8456
8470
8478
8498
8512
8514
8534
8548
8620
8622
8634
8636
8684
8686
8696
8708
8710
8728
8750
8758
8780
8816
8858
8882
8888
8892
8896
8918
8986
8998
8998
9000
9002
9024
9052
9074
9138
9144
9148
9162
9164
9182
9188
9274
9280
9286
9298
9324
9376
9414
9430
9450
9492
9502
9538
9542
9586
9608
9622
9634
9642
9722
9722
9752
9758
9826
9844
9856
9866
9888
9900
9912
9914
9928
9932
9936
9938
9962
9972
9978
9998
10012
10018
10040
10042
10076
10088
10100
10104
10106
10126
10132
10136
10212
10250
10256
10258
10262
10264
10274
10290
10304
10326
10334
10334
10344
10374
10384
10406
10410
10414
10416
10468
10478
10562
10570
10604
10624
10652
10700
10704
10710
10758
10764
10766
10814
10840
10888
10900
10938
10950
10962
10968
10992
11026
11038
11042
11088
11090
11098
11104
11132
11132
11152
11166
11170
11188
11190
11196
11202
11228
11256
11256
11260
11266
11270
11274
11286
11326
11330
11344
11384
11418
11448
11450
11490
11492
11516
11526
11526
11568
11568
11570
11646
11694
11718
11760
11786
11812
11828
11850
11852
11858
11864
11866
11876
11876
11900
11924
11954
11954
11982
11992
11992
12016
12026
12042
12056
12058
12076
12078
12114
12126
12160
12176
12182
12184
12260
12266
12288
12296
12296
12336
12360
12404
12404
12414
12414
12448
12460
12476
12478
12480
12496
12498
12540
12586
12642
12648
12664
12684
12702
12708
12730
12756
12816
12884
12906
12950
12972
13004
13022
13026
13038
13038
13056
13064
13084
13086
13106
13136
13144
13148
13172
13174
13208
13210
13222
13244
13254
13264
13340
13350
13392
13398
13436
13440
13446
13472
13492
13510
13542
13610
13630
13680
13706
13708
13714
13724
13732
13736
13742
13792
13852
13880
13892
13898
13910
13910
13952
13952
13974
13976
13980
14006
14026
14032
14042
14048
14052
14064
14098
14106
14116
14122
14128
14138
14142
14142
14152
14156
14210
14210
14214
14220
14226
14236
14250
14266
14268
14282
14282
14300
14302
14318
14324
14336
14340
14344
14364
14364
14396
14396
14402
14404
14408
14434
14442
14444
14454
14456
14458
14466
14472
14476
14478
14494
14516
14526
14556
14574
14574
14584
14586
14594
14606
14618
14618
14620
14622
14634
14636
14650
14652
14654
14662
14676
14692
14692
14702
14702
14730
14750
14762
14770
14774
14780
14790
14800
14802
14806
14808
14812
14816
14824
14842
14852
14856
14860
14864
14884
14886
14886
14890
14894
14912
14916
14926
14936
14960
14964
14990
15000
15000
15006
15008
15016
15030
15046
15048
15052
15052
15056
15070
15076
15086
15088
15092
15102
15106
15106
15106
15108
15116
15132
15134
15138
15142
15144
15154
15154
15158
15166
15170
15172
15174
15176
15184
15190
15194
15202
15204
15204
15208
15214
15218
15224
15228
15232
15238
15240
15242
15244
15248
15250
15252
15260
15264
15266
15278
15280
15284
15284
15286
15288
15290
15292
15300
15304
15308
15320
15320
15322
15326
15340
15346
15360
15378
15380
15382
15400
15402
15404
15406
15408
15424
15426
15444
15460
15464
15472
15514
15532
15548
15558
15564
15574
15574
15578
15582
15586
15614
15620
15630
15634
15664
15674
15702
15724
15804
15848
15998
16188
16890
17266
17390
17614
17826
18154
18214
18772
19020
19348
19424
19746
20188
22760
23108
23902
23968
24044
24220
24222
24298
24328
24354
24364
24374
24376
24416
24440
24484
24492
24614
24660
24758
24874
24902
24916
24922
25014
25026
25424
25428
26084
35182
35388
126210
166192
683878
1209080
2324884
3466796
