Latencies
5254
5274
5282
5284
5314
5318
5332
5334
5338
5346
5354
5370
5380
5390
5398
5404
5406
5418
5420
5422
5426
5442
5442
5450
5460
5464
5466
5466
5468
5492
5496
5504
5516
5520
5526
5542
5542
5544
5552
5562
5564
5564
5582
5588
5596
5616
5620
5622
5622
5628
5632
5668
5672
5680
5700
5704
5706
5712
5736
5738
5740
5742
5778
5818
5830
5846
5852
5864
5868
5870
5874
5916
5920
5932
5944
5950
5970
5978
5980
5980
5996
6006
6016
6024
6032
6036
6042
6046
6066
6084
6100
6102
6112
6116
6126
6126
6138
6168
6182
6208
6212
6220
6232
6236
6302
6302
6304
6372
6382
6392
6428
6470
6480
6614
6624
6664
6686
6712
6722
6762
6770
6810
6820
6834
6860
6864
6944
7024
7044
7110
7328
7380
7386
7402
7408
7418
7442
7504
7514
7582
7620
7650
7760
7820
7868
7910
7930
7936
7944
7982
8038
8078
8110
8222
8242
8314
8326
8410
8432
8436
8524
8584
8590
8592
8596
8624
8650
8678
8684
8684
8702
8704
8736
8768
8814
8898
8912
8924
8930
8934
9042
9046
9072
9106
9126
9146
9180
9230
9354
9508
9554
9620
9624
9634
9650
9696
9792
9870
9872
9888
10144
10166
10178
10252
10268
10276
10294
10306
10386
10404
10468
10468
10470
10500
10510
10524
10540
10562
10612
10676
10690
10716
10786
10788
10798
10834
10846
10850
10886
10902
10910
10992
11036
11076
11124
11132
11148
11148
11150
11164
11236
11248
11294
11310
11358
11362
11376
11410
11430
11500
11510
11526
11564
11626
11674
11764
11800
11846
11850
11870
11898
11924
11936
11996
12074
12094
12140
12168
12180
12242
12248
12290
12366
12372
12456
12500
12534
12632
12640
12682
12696
12746
12800
12820
12830
12856
12858
12872
12882
12978
12990
13076
13130
13156
13162
13198
13240
13244
13320
13334
13336
13366
13380
13392
13392
13392
13456
13480
13490
13492
13522
13540
13708
13710
13734
13778
13788
13810
13840
13870
13910
13942
13960
13968
13972
13972
13992
14008
14058
14106
14150
14162
14164
14176
14224
14232
14282
14300
14304
14308
14312
14352
14366
14436
14452
14466
14466
14490
14520
14524
14570
14588
14594
14598
14600
14614
14634
14634
14640
14646
14672
14672
14672
14676
14680
14690
14702
14710
14732
14742
14744
14744
14758
14774
14804
14810
14812
14814
14816
14826
14858
14860
14862
14862
14870
14870
14890
14898
14898
14902
14904
14910
14912
14918
14920
14936
14936
14936
14944
14956
14958
14962
14970
14970
14972
14986
14992
14996
15002
15010
15014
15020
15046
15050
15052
15066
15070
15074
15076
15078
15082
15090
15090
15092
15092
15098
15108
15114
15124
15124
15144
15152
15162
15170
15176
15186
15210
15214
15222
15226
15232
15232
15286
15288
15288
15290
15290
15294
15296
15300
15310
15316
15328
15332
15338
15338
15340
15348
15350
15358
15366
15368
15398
15398
15402
15406
15406
15406
15444
15444
15474
15486
15508
15538
15548
15560
15572
15592
15616
15626
15628
15630
15636
15644
15644
15644
15644
15646
15670
15714
15780
15822
15826
15830
15840
15908
15916
15924
15926
15940
15950
16050
16056
16108
16118
16186
16204
16204
16232
16346
16400
16442
16456
16468
16482
16494
16506
16512
16526
16610
16612
16714
16754
16768
16856
16880
16948
16958
16958
16986
17038
17196
17202
17340
17356
17410
17452
17456
17486
17528
17666
17688
17808
17866
17894
17952
18042
18072
18078
18142
18150
18198
18304
18314
18462
18488
18542
18592
18616
18648
18730
18756
18762
18782
18804
18834
18836
18862
18932
19028
19150
19252
19292
19330
19340
19398
19466
19484
19620
19676
19730
19796
19818
19906
19934
19956
20018
20204
20212
20226
20422
20426
20448
20464
20502
20630
20656
20674
20714
20722
20728
20778
20852
20958
20966
20970
20976
21142
21148
21364
21392
21446
21458
21522
21554
21724
21726
21832
21876
21910
21924
21980
22042
22056
22142
22150
22192
22286
22318
22342
22442
22580
22580
22598
22614
22632
22738
22776
22850
22934
22952
23016
23034
23046
23088
23292
23448
23482
23546
23616
23624
23690
23706
23724
23726
23850
24008
24018
24028
24164
24234
24238
24264
24310
24330
24340
24340
24378
24390
24406
24420
24426
24434
24442
24450
24512
24568
24580
24588
24660
24666
24678
24682
24718
24744
24748
24852
24868
24936
24958
24970
24996
25004
25006
25096
25178
25180
25204
25216
25268
25276
25278
25284
25320
25344
25398
25472
25566
25590
25608
25608
25630
25666
25712
25774
25786
25790
25806
25846
25924
25944
26048
26126
26154
26276
26310
26414
26442
26510
26554
26570
26670
26694
26708
26820
26918
26936
27054
27056
27058
27158
27180
27258
27442
27594
27670
27680
27710
27768
27838
27838
27918
28130
28352
28428
28474
28516
28608
28628
28644
28650
28654
28762
28900
28950
28952
28968
29000
29120
29150
29170
29250
29338
29376
29460
29466
29530
29570
29630
29692
29702
29752
29782
29798
29892
29956
30008
30166
30174
30206
30286
30296
30346
30354
30366
30436
30446
30476
30536
30608
30646
30746
30758
30782
30934
30938
31146
31178
31182
31300
31324
31418
31528
31832
31840
31842
32002
32034
32056
32148
32176
32262
32394
32476
32520
32582
32584
33020
33116
33124
33142
33212
33256
33258
33424
33424
33450
33548
33574
33656
33694
33696
33864
33886
33894
33952
33956
33958
33964
33984
33994
34006
34028
34068
34088
34092
34100
34158
34162
34172
34178
34190
34194
34198
34208
34222
34242
34244
34250
34252
34272
34298
34330
34332
34340
34350
34364
34372
34374
34376
34382
34404
34420
34424
34446
34456
34458
34470
34470
34496
34520
34530
34538
34556
34568
34588
34588
34592
34594
34598
34600
34602
34604
34608
34638
34638
34646
34658
34666
34670
34672
34674
34676
34678
34696
34704
34710
34712
34714
34718
34762
34762
34770
34790
34794
34798
34820
34836
34844
34872
34876
34876
34878
34880
34882
34886
34926
34942
34954
34978
34990
35004
35016
35036
35038
35048
35056
35080
35082
35086
35090
35090
35096
35148
35150
35154
35168
35184
35198
35202
35206
35230
35256
35262
35306
35310
35412
35470
35474
35508
35556
35662
35708
35714
35732
35788
35826
35930
35936
35942
36118
40198
40560
41244
42836
43690
43958
44194
45588
52656
54226
67686
69902
79998
97642
100734
106820
123062
125298
1242662
