Latencies
5202
5208
5214
5220
5232
5240
5246
5250
5252
5254
5256
5262
5268
5272
5272
5276
5276
5276
5282
5284
5290
5292
5292
5292
5292
5294
5296
5300
5302
5302
5304
5310
5312
5312
5316
5316
5318
5324
5326
5328
5336
5338
5338
5340
5346
5346
5348
5356
5358
5360
5364
5372
5374
5376
5378
5384
5390
5396
5396
5398
5404
5404
5408
5410
5414
5418
5420
5434
5434
5438
5440
5444
5448
5478
5482
5482
5506
5508
5510
5528
5546
5554
5556
5560
5570
5576
5578
5580
5584
5588
5590
5592
5592
5592
5594
5596
5600
5604
5606
5608
5610
5610
5612
5614
5618
5620
5620
5624
5626
5626
5640
5642
5644
5658
5664
5676
5678
5680
5684
5686
5702
5702
5714
5718
5722
5726
5728
5728
5730
5730
5738
5740
5742
5746
5750
5758
5760
5768
5770
5776
5782
5782
5794
5804
5806
5810
5822
5828
5836
5836
5840
5840
5846
5852
5854
5866
5874
5878
5882
5884
5884
5894
5902
5904
5910
5924
5926
5926
5928
5932
5938
5940
5942
5952
5958
5962
5964
5964
5966
5974
5976
5978
5980
5984
5984
5992
5998
6008
6018
6026
6026
6026
6028
6032
6036
6038
6042
6048
6050
6058
6058
6058
6062
6068
6072
6072
6072
6080
6084
6088
6112
6130
6130
6144
6146
6148
6158
6158
6162
6178
6194
6196
6202
6204
6204
6210
6224
6226
6246
6254
6256
6258
6266
6280
6284
6290
6296
6300
6304
6324
6324
6330
6332
6342
6342
6344
6358
6400
6408
6416
6420
6428
6448
6458
6462
6476
6478
6508
6520
6520
6536
6538
6546
6564
6568
6570
6584
6590
6638
6650
6658
6668
6670
6676
6678
6680
6684
6684
6700
6708
6718
6724
6728
6750
6758
6762
6768
6802
6912
6914
6936
6938
6948
6952
6976
7046
7046
7072
7084
7090
7094
7102
7116
7144
7146
7192
7194
7208
7212
7248
7276
7302
7344
7348
7366
7378
7384
7402
7404
7426
7426
7430
7526
7552
7562
7566
7570
7570
7574
7576
7620
7622
7638
7700
7706
7714
7746
7760
7766
7768
7784
7798
7798
7830
7852
7856
7882
7884
7894
7910
7924
7928
7938
7964
7990
7992
8008
8014
8022
8042
8058
8064
8094
8098
8100
8102
8106
8122
8124
8180
8200
8210
8236
8258
8278
8306
8312
8324
8360
8388
8456
8498
8502
8540
8574
8596
8606
8612
8620
8630
8644
8648
8666
8696
8714
8740
8752
8790
8798
8804
8810
8836
8854
8868
8868
8888
8900
8916
8918
8920
8934
8978
9012
9022
9046
9072
9124
9138
9148
9150
9152
9152
9156
9160
9218
9280
9296
9320
9328
9354
9378
9380
9396
9432
9462
9464
9468
9472
9510
9530
9534
9536
9602
9614
9628
9646
9646
9650
9654
9674
9692
9722
9732
9734
9742
9742
9748
9748
9794
9798
9800
9822
9826
9840
9870
9874
9880
9886
9888
9890
9890
9894
9950
9994
10012
10020
10024
10040
10056
10082
10100
10118
10146
10146
10146
10148
10162
10168
10200
10204
10210
10214
10228
10252
10282
10286
10292
10296
10322
10322
10324
10362
10386
10394
10404
10408
10450
10450
10456
10460
10468
10470
10474
10476
10492
10512
10524
10530
10540
10546
10560
10562
10576
10610
10620
10666
10674
10686
10696
10700
10716
10720
10728
10738
10744
10750
10772
10774
10786
10808
10820
10824
10846
10850
10880
10894
10934
10964
10986
11008
11034
11072
11080
11080
11090
11096
11112
11134
11142
11142
11160
11166
11174
11176
11180
11192
11204
11204
11262
11268
11312
11318
11324
11356
11370
11402
11408
11424
11434
11458
11484
11496
11502
11508
11510
11526
11538
11554
11564
11574
11582
11586
11588
11602
11606
11614
11618
11626
11632
11640
11644
11678
11686
11796
11860
11872
11876
11884
11928
11934
11954
11960
11962
11978
11988
11992
12012
12022
12048
12050
12078
12086
12086
12096
12096
12116
12124
12156
12164
12166
12166
12174
12186
12196
12204
12210
12226
12236
12240
12242
12256
12258
12260
12276
12284
12308
12344
12360
12364
12396
12402
12436
12438
12520
12530
12538
12544
12590
12596
12602
12608
12650
12664
12672
12680
12688
12700
12720
12744
12750
12750
12750
12758
12794
12796
12812
12836
12836
12840
12864
12892
12922
12930
12956
12982
12994
13012
13014
13036
13058
13058
13070
13080
13084
13102
13108
13114
13124
13126
13164
13170
13184
13186
13192
13246
13250
13268
13276
13278
13318
13328
13362
13366
13372
13374
13400
13422
13426
13428
13432
13442
13464
13480
13504
13534
13542
13578
13580
13582
13608
13618
13622
13624
13626
13650
13658
13680
13696
13714
13746
13750
13758
13764
13774
13812
13814
13826
13868
13876
13878
13898
13898
13898
13910
13924
13926
13946
13952
13954
13980
13980
13982
14004
14004
14018
14028
14044
14048
14058
14112
14122
14138
14154
14162
14168
14172
14184
14186
14190
14192
14194
14214
14226
14226
14226
14232
14234
14234
14242
14254
14258
14258
14288
14288
14288
14302
14316
14318
14324
14332
14332
14360
14362
14368
14370
14374
14376
14376
14382
14422
14428
14452
14458
14472
14478
14480
14490
14490
14500
14512
14518
14522
14532
14538
14540
14540
14544
14548
14558
14566
14568
14576
14580
14582
14586
14598
14610
14630
14642
14650
14652
14658
14658
14658
14674
14676
14692
14694
14708
14710
14726
14728
14730
14732
14740
14742
14742
14744
14750
14750
14754
14768
14774
14782
14784
14796
14808
14808
14808
14812
14824
14834
14842
14860
14888
14888
14888
14898
14904
14904
14908
14912
14916
14920
14934
14946
14946
14948
14962
14968
14974
14984
14990
15008
15018
15026
15030
15034
15046
15052
15052
15058
15080
15080
15086
15088
15100
15102
15106
15106
15114
15124
15140
15142
15156
15180
15190
15190
15194
15200
15202
15204
15218
15224
15232
15236
15246
15254
15268
15274
15290
15292
15292
15312
15314
15338
15344
15366
15366
15382
15382
15398
15398
15414
15418
15450
15472
15472
15522
15532
15552
15564
15566
15576
15606
15612
15620
15628
15638
15642
15696
15704
15736
15792
15808
15830
15830
15844
15890
15900
15982
16104
16160
16174
16238
16406
16752
18734
22876
22990
23916
24428
24602
24808
25064
25120
29038
34016
35506
38778
41466
46386
47690
49376
50598
58342
123252
144492
293068
622258
