Latencies
4958
4962
4964
4968
4970
4978
4980
4980
4982
4982
4982
4992
4992
4994
4996
4996
4996
5000
5000
5002
5002
5004
5006
5006
5008
5008
5010
5010
5010
5012
5012
5012
5014
5014
5016
5018
5018
5018
5018
5020
5020
5020
5020
5022
5022
5022
5022
5022
5022
5024
5026
5026
5028
5028
5028
5028
5028
5030
5030
5030
5030
5030
5030
5032
5032
5032
5032
5032
5034
5034
5034
5036
5036
5036
5036
5036
5036
5038
5038
5040
5040
5040
5040
5042
5042
5044
5044
5044
5044
5046
5046
5046
5046
5046
5046
5046
5048
5048
5048
5050
5050
5050
5052
5052
5052
5054
5054
5054
5054
5056
5056
5056
5056
5056
5056
5058
5058
5058
5058
5060
5060
5060
5060
5062
5062
5066
5066
5066
5070
5072
5072
5074
5074
5074
5074
5076
5076
5076
5078
5078
5078
5080
5080
5080
5082
5082
5082
5084
5084
5084
5084
5084
5086
5086
5088
5088
5088
5088
5088
5090
5090
5090
5090
5092
5092
5094
5094
5094
5094
5096
5096
5096
5098
5098
5100
5100
5100
5100
5102
5102
5102
5102
5102
5102
5102
5102
5104
5104
5104
5104
5104
5106
5106
5106
5108
5108
5108
5110
5110
5110
5112
5112
5112
5114
5114
5116
5118
5118
5122
5122
5122
5122
5122
5124
5126
5126
5128
5128
5128
5128
5130
5130
5130
5130
5132
5132
5132
5132
5132
5134
5134
5136
5136
5136
5136
5136
5138
5138
5140
5142
5142
5142
5142
5142
5144
5144
5144
5146
5146
5146
5146
5146
5146
5148
5148
5148
5150
5150
5150
5154
5154
5156
5156
5158
5158
5158
5160
5162
5162
5162
5162
5164
5164
5164
5164
5166
5166
5166
5166
5168
5168
5168
5170
5170
5170
5170
5172
5172
5172
5172
5172
5172
5172
5172
5174
5174
5178
5178
5178
5178
5180
5180
5182
5182
5182
5182
5182
5182
5182
5182
5184
5184
5186
5186
5186
5188
5188
5188
5190
5190
5190
5192
5192
5192
5192
5192
5192
5192
5194
5194
5194
5194
5194
5194
5194
5194
5194
5196
5196
5196
5198
5200
5200
5200
5200
5200
5200
5200
5202
5202
5202
5202
5202
5202
5204
5204
5206
5206
5206
5206
5206
5208
5210
5210
5210
5210
5212
5212
5212
5214
5216
5216
5216
5216
5218
5218
5218
5218
5218
5220
5220
5222
5222
5222
5222
5222
5222
5224
5224
5224
5224
5226
5226
5226
5226
5226
5228
5228
5228
5230
5232
5232
5232
5232
5232
5234
5234
5236
5240
5240
5242
5242
5242
5242
5248
5248
5248
5250
5250
5250
5252
5252
5254
5254
5254
5256
5256
5256
5256
5258
5262
5262
5264
5264
5266
5266
5266
5266
5268
5272
5272
5272
5272
5274
5274
5274
5276
5276
5278
5278
5278
5282
5284
5284
5286
5286
5286
5288
5288
5288
5292
5292
5296
5296
5296
5298
5298
5298
5300
5300
5300
5302
5304
5306
5310
5310
5310
5314
5316
5320
5320
5322
5324
5324
5330
5336
5336
5336
5340
5340
5344
5344
5346
5346
5346
5350
5350
5356
5364
5366
5366
5368
5368
5368
5370
5372
5372
5380
5380
5382
5388
5388
5388
5392
5392
5394
5398
5402
5402
5404
5406
5408
5410
5414
5416
5416
5418
5418
5424
5428
5428
5428
5428
5438
5438
5442
5442
5444
5446
5446
5446
5448
5450
5452
5462
5466
5470
5474
5478
5482
5492
5494
5494
5494
5496
5496
5498
5498
5498
5500
5502
5508
5510
5514
5514
5516
5516
5518
5518
5522
5522
5532
5536
5540
5542
5542
5542
5542
5542
5544
5548
5550
5554
5558
5558
5564
5564
5564
5564
5570
5576
5578
5578
5582
5582
5582
5582
5582
5584
5584
5584
5586
5588
5588
5588
5594
5596
5596
5598
5600
5600
5604
5604
5604
5608
5608
5610
5610
5612
5614
5616
5618
5618
5618
5624
5626
5626
5626
5628
5636
5636
5636
5640
5640
5642
5642
5646
5648
5648
5648
5652
5658
5660
5662
5664
5668
5670
5670
5674
5674
5676
5676
5676
5682
5682
5684
5686
5688
5688
5690
5692
5700
5702
5702
5706
5706
5708
5708
5712
5714
5714
5716
5720
5726
5726
5726
5728
5736
5736
5738
5740
5742
5744
5744
5744
5744
5746
5748
5750
5750
5752
5752
5752
5758
5758
5760
5760
5762
5762
5762
5766
5768
5768
5768
5770
5772
5774
5774
5774
5776
5778
5778
5778
5778
5782
5782
5782
5786
5786
5786
5786
5786
5786
5786
5788
5788
5790
5790
5792
5792
5792
5792
5794
5794
5794
5798
5798
5800
5800
5802
5802
5804
5804
5804
5806
5808
5808
5810
5810
5812
5814
5814
5816
5828
5832
5832
5834
5836
5838
5838
5840
5844
5844
5848
5848
5848
5848
5848
5852
5852
5856
5858
5858
5858
5860
5862
5864
5864
5866
5866
5868
5870
5872
5874
5874
5876
5878
5880
5880
5880
5882
5882
5888
5888
5888
5890
5892
5892
5894
5896
5896
5898
5898
5902
5902
5904
5910
5910
5912
5914
5914
5916
5916
5916
5918
5918
5918
5918
5920
5920
5922
5926
5928
5928
5930
5930
5936
5938
5940
5940
5940
5942
5944
5948
5952
5960
5960
5964
5964
5968
5972
5972
5978
5978
5986
5990
5998
6002
6004
6008
6012
6018
6026
6030
6032
6034
6036
6038
6038
6038
6040
6040
6046
6048
6064
6078
6110
6110
6194
6202
6214
6232
6258
6260
6264
6350
6360
6382
6568
6618
6650
6706
6726
6890
7008
7210
7266
7892
7986
10350
10522
10890
10968
11566
14276
18194
20766
24506
24582
24618
24658
24846
25134
25172
25296
26250
31320
32052
32198
33170
35058
35370
35412
35552
36058
40476
43348
