Latencies
5150
5228
5242
5248
5256
5262
5262
5264
5264
5266
5266
5270
5272
5276
5278
5278
5286
5296
5300
5304
5314
5320
5322
5326
5330
5334
5344
5344
5346
5350
5350
5358
5358
5360
5366
5372
5374
5376
5376
5378
5384
5386
5388
5388
5390
5390
5390
5390
5398
5402
5402
5404
5404
5410
5410
5420
5422
5434
5438
5440
5446
5446
5452
5452
5452
5452
5456
5464
5466
5470
5476
5480
5482
5488
5488
5490
5498
5500
5500
5502
5504
5514
5518
5526
5528
5536
5540
5540
5550
5554
5558
5568
5568
5574
5574
5578
5578
5586
5598
5602
5602
5608
5610
5620
5626
5626
5628
5632
5638
5640
5642
5642
5644
5644
5646
5646
5660
5662
5680
5688
5704
5708
5710
5720
5726
5728
5730
5748
5754
5756
5760
5766
5772
5772
5774
5774
5778
5780
5784
5792
5794
5794
5796
5798
5800
5802
5814
5814
5814
5814
5822
5828
5830
5830
5842
5854
5856
5856
5856
5856
5866
5866
5876
5878
5888
5890
5896
5908
5918
5918
5928
5932
5932
5954
5956
5956
5958
5964
5968
6002
6006
6010
6020
6020
6028
6056
6060
6064
6068
6086
6094
6096
6100
6130
6136
6148
6150
6160
6174
6190
6192
6194
6194
6198
6212
6212
6224
6228
6236
6280
6288
6292
6294
6308
6338
6364
6366
6378
6424
6448
6472
6514
6574
6586
6588
6604
6630
6668
6678
6696
6696
6696
6704
6708
6712
6718
6718
6726
6746
6752
6764
6770
6800
6812
6826
6876
6878
6898
6900
6900
6928
6948
6972
6972
7068
7068
7068
7072
7074
7074
7158
7260
7270
7276
7304
7310
7314
7318
7330
7338
7368
7380
7392
7394
7438
7512
7538
7552
7572
7574
7578
7598
7600
7602
7616
7626
7636
7640
7640
7652
7656
7664
7674
7676
7676
7676
7684
7700
7702
7710
7716
7716
7716
7736
7746
7772
7774
7784
7798
7822
7834
7838
7846
7874
7876
7890
7900
7914
7952
7958
7992
7996
8006
8022
8064
8072
8090
8098
8100
8136
8152
8174
8204
8228
8230
8232
8260
8278
8328
8392
8398
8400
8404
8412
8432
8472
8476
8494
8498
8498
8498
8516
8558
8622
8630
8640
8664
8678
8772
8826
8884
8914
8938
8962
8984
9058
9076
9144
9146
9150
9172
9184
9200
9236
9264
9284
9326
9346
9362
9364
9390
9394
9404
9462
9506
9540
9558
9592
9658
9690
9692
9694
9706
9734
9754
9780
9792
9800
9846
9882
9938
9962
9996
10018
10058
10064
10080
10104
10168
10168
10170
10178
10246
10268
10278
10282
10288
10340
10340
10402
10404
10410
10446
10490
10540
10568
10572
10600
10648
10648
10694
10718
10738
10788
10794
10842
10858
10880
10916
10952
10958
10982
11132
11138
11138
11208
11266
11284
11298
11320
11336
11368
11426
11448
11460
11484
11542
11586
11622
11648
11718
11734
11738
11748
11782
11802
11838
11852
11858
11902
11904
12002
12026
12074
12074
12088
12136
12154
12156
12166
12194
12194
12196
12288
12294
12302
12334
12372
12408
12410
12414
12416
12424
12446
12476
12498
12528
12538
12542
12574
12602
12640
12686
12694
12696
12702
12732
12816
12846
12876
12882
12882
12898
12918
12926
12938
12952
12968
13028
13072
13078
13092
13140
13164
13168
13228
13230
13246
13280
13284
13292
13322
13338
13360
13414
13428
13488
13556
13586
13606
13614
13636
13722
13750
13754
13764
13768
13798
13860
13896
13934
13942
13982
13996
14022
14040
14052
14064
14088
14184
14206
14214
14240
14250
14260
14268
14276
14328
14332
14346
14372
14372
14388
14422
14424
14450
14466
14476
14480
14494
14494
14510
14532
14534
14534
14536
14542
14542
14552
14566
14566
14572
14574
14576
14584
14600
14606
14612
14622
14638
14640
14646
14648
14656
14668
14668
14682
14688
14692
14696
14702
14706
14714
14716
14726
14726
14726
14738
14740
14740
14740
14742
14746
14754
14754
14760
14768
14768
14768
14778
14786
14788
14792
14794
14794
14794
14798
14800
14806
14810
14810
14816
14816
14838
14840
14848
14848
14850
14856
14856
14856
14862
14866
14872
14874
14874
14876
14876
14876
14876
14896
14902
14904
14904
14904
14906
14908
14908
14908
14910
14910
14920
14924
14924
14928
14930
14932
14934
14936
14936
14938
14940
14940
14954
14960
14962
14966
14970
14974
14978
14980
14984
14984
14988
14990
14990
14994
14998
15000
15000
15000
15006
15010
15012
15014
15014
15016
15024
15028
15030
15036
15040
15040
15044
15046
15050
15052
15054
15058
15060
15064
15070
15074
15074
15076
15078
15078
15080
15080
15084
15084
15084
15084
15086
15090
15096
15096
15096
15114
15134
15138
15162
15168
15168
15172
15172
15174
15176
15176
15178
15180
15184
15188
15188
15188
15188
15190
15196
15198
15208
15208
15212
15216
15224
15224
15228
15230
15232
15232
15236
15240
15242
15250
15260
15264
15266
15268
15270
15272
15274
15276
15276
15280
15300
15304
15306
15306
15320
15324
15328
15332
15332
15344
15346
15358
15364
15366
15368
15370
15378
15384
15394
15402
15402
15408
15420
15422
15426
15430
15430
15430
15432
15438
15462
15468
15478
15500
15502
15504
15508
15514
15516
15526
15528
15532
15532
15540
15548
15548
15558
15582
15594
15596
15602
15608
15612
15616
15620
15622
15636
15646
15658
15676
15678
15706
15724
15724
15726
15730
15734
15754
15778
15806
15806
15858
15872
15876
15908
15950
15980
16182
16500
17522
17968
18526
18688
19064
19222
20130
20798
22914
24114
24186
24234
24300
24302
24374
24398
24454
24542
24562
24642
24646
24646
24686
24758
24854
24870
24886
25306
25316
25650
25674
26082
29696
30316
31440
33358
33494
34396
35166
35862
46820
49260
59388
82800
219018
238408
292044
542790
21775300
81811988
