Latencies
5080
5096
5100
5104
5118
5124
5138
5142
5142
5144
5152
5152
5160
5160
5162
5164
5168
5168
5174
5174
5178
5180
5182
5184
5184
5184
5186
5188
5190
5194
5196
5196
5198
5200
5206
5208
5208
5212
5212
5214
5216
5218
5220
5222
5222
5224
5224
5224
5226
5226
5226
5226
5226
5228
5228
5228
5230
5230
5230
5230
5232
5234
5236
5236
5240
5240
5240
5244
5244
5244
5246
5246
5248
5248
5248
5250
5252
5252
5254
5254
5254
5254
5254
5256
5256
5256
5256
5256
5256
5258
5258
5258
5258
5260
5260
5260
5260
5262
5262
5262
5264
5264
5264
5264
5264
5264
5264
5264
5266
5268
5268
5268
5268
5268
5268
5270
5270
5270
5270
5270
5270
5270
5270
5272
5272
5272
5274
5274
5274
5274
5274
5276
5276
5276
5276
5276
5276
5278
5278
5280
5280
5282
5282
5282
5282
5282
5284
5284
5284
5284
5284
5284
5286
5286
5286
5288
5288
5288
5288
5290
5290
5290
5292
5294
5294
5294
5294
5294
5294
5296
5296
5296
5296
5296
5296
5296
5298
5298
5298
5298
5298
5300
5300
5300
5300
5300
5302
5302
5302
5302
5304
5304
5304
5304
5304
5304
5304
5304
5306
5306
5306
5306
5308
5308
5308
5308
5310
5310
5310
5310
5310
5310
5310
5310
5312
5312
5314
5314
5316
5316
5316
5316
5316
5318
5318
5320
5322
5322
5324
5324
5324
5324
5326
5326
5328
5328
5328
5328
5328
5330
5330
5330
5332
5332
5332
5334
5334
5334
5334
5334
5334
5336
5338
5338
5338
5338
5338
5338
5342
5342
5342
5342
5342
5342
5342
5344
5344
5346
5346
5346
5346
5348
5348
5348
5350
5350
5350
5352
5352
5354
5354
5356
5356
5358
5358
5358
5360
5360
5360
5360
5362
5362
5362
5362
5362
5364
5364
5364
5366
5366
5366
5368
5368
5368
5370
5370
5370
5370
5372
5372
5372
5374
5374
5374
5374
5376
5376
5376
5378
5380
5380
5380
5382
5382
5384
5384
5386
5386
5388
5388
5390
5390
5392
5392
5392
5392
5392
5394
5394
5394
5394
5394
5394
5396
5396
5396
5396
5396
5398
5400
5400
5400
5402
5402
5402
5404
5404
5404
5404
5406
5406
5406
5406
5406
5408
5408
5408
5408
5410
5412
5412
5412
5412
5412
5412
5414
5414
5414
5416
5416
5420
5420
5420
5420
5420
5424
5424
5424
5424
5426
5426
5426
5426
5426
5426
5428
5428
5428
5432
5432
5434
5434
5436
5436
5438
5438
5438
5438
5440
5440
5442
5442
5442
5444
5444
5446
5446
5448
5448
5450
5450
5450
5450
5452
5452
5452
5452
5454
5456
5456
5456
5458
5458
5458
5462
5464
5466
5468
5468
5468
5470
5472
5472
5478
5478
5482
5482
5482
5482
5484
5486
5488
5488
5488
5488
5490
5490
5492
5492
5492
5492
5496
5496
5496
5500
5500
5500
5502
5502
5502
5502
5502
5504
5504
5504
5506
5506
5506
5508
5510
5512
5512
5514
5514
5516
5516
5518
5520
5522
5522
5522
5522
5524
5524
5526
5528
5528
5530
5532
5532
5534
5534
5534
5536
5536
5538
5538
5538
5540
5542
5542
5542
5544
5544
5546
5546
5548
5548
5548
5548
5550
5552
5552
5552
5552
5552
5552
5554
5556
5556
5558
5560
5562
5566
5568
5570
5570
5572
5576
5576
5576
5576
5578
5580
5582
5582
5582
5584
5586
5588
5590
5590
5592
5592
5592
5594
5594
5596
5598
5598
5598
5600
5604
5606
5608
5608
5610
5610
5610
5612
5616
5620
5624
5624
5626
5626
5628
5628
5628
5628
5630
5632
5634
5636
5636
5636
5640
5640
5642
5644
5646
5648
5650
5650
5650
5652
5652
5652
5654
5656
5656
5656
5656
5658
5660
5660
5660
5664
5668
5670
5670
5672
5676
5676
5676
5678
5678
5678
5684
5684
5686
5686
5688
5688
5690
5692
5692
5694
5698
5698
5698
5700
5700
5702
5704
5706
5706
5710
5710
5714
5714
5716
5718
5720
5722
5724
5724
5726
5728
5728
5732
5732
5736
5736
5738
5740
5740
5740
5742
5742
5742
5744
5746
5746
5748
5750
5750
5750
5750
5752
5754
5756
5756
5758
5758
5760
5760
5766
5768
5768
5770
5770
5770
5774
5774
5778
5784
5784
5786
5788
5788
5788
5788
5790
5792
5792
5794
5794
5796
5796
5798
5800
5800
5800
5802
5802
5804
5804
5806
5808
5808
5814
5818
5822
5822
5824
5824
5824
5826
5832
5834
5834
5836
5836
5840
5842
5842
5844
5844
5846
5846
5846
5852
5854
5854
5856
5856
5860
5862
5862
5866
5868
5868
5868
5872
5872
5874
5886
5886
5888
5888
5892
5894
5894
5898
5900
5902
5904
5910
5914
5918
5922
5926
5926
5926
5926
5930
5930
5932
5932
5934
5934
5934
5938
5940
5942
5948
5950
5950
5952
5954
5958
5958
5962
5966
5972
5976
5978
5978
5980
5982
5986
5988
5990
5990
5996
5998
5998
6000
6002
6002
6004
6008
6010
6010
6012
6012
6016
6016
6016
6018
6020
6022
6024
6028
6030
6032
6034
6034
6038
6042
6050
6050
6052
6056
6058
6060
6060
6064
6064
6072
6074
6076
6076
6080
6080
6082
6086
6088
6090
6092
6098
6100
6102
6102
6104
6104
6104
6106
6112
6114
6116
6116
6116
6118
6120
6124
6130
6144
6148
6154
6154
6156
6162
6162
6166
6166
6168
6170
6174
6182
6182
6186
6190
6198
6200
6204
6206
6206
6208
6208
6210
6214
6216
6216
6228
6234
6234
6236
6236
6254
6266
6270
6272
6276
6276
6284
6292
6294
6300
6308
6312
6316
6320
6320
6330
6336
6340
6352
6376
6384
6388
6418
6422
6436
6452
6476
6480
6502
6528
6542
6560
6580
6596
6598
6608
6620
6630
6676
6686
6744
6746
6770
6838
6848
7012
7020
7028
7034
7034
7110
7188
7188
7232
7244
7250
7300
7344
7372
7400
7446
7488
7530
7548
7592
7902
8688
8868
9646
9796
10012
10682
10850
10996
11030
11482
11800
11940
14012
14068
15152
15456
15586
15628
16490
17274
17588
18034
18678
19008
19938
20942
22402
23610
24112
24918
25254
25662
25746
25830
25932
26544
32282
32796
34134
34160
36050
38266
38484
10087418
