Latencies
5192
5208
5212
5214
5216
5218
5260
5264
5278
5292
5292
5300
5302
5308
5308
5312
5314
5326
5330
5332
5332
5334
5334
5334
5334
5336
5338
5338
5342
5344
5348
5348
5350
5356
5360
5366
5368
5384
5394
5394
5394
5394
5396
5398
5402
5414
5422
5428
5428
5430
5436
5446
5454
5454
5454
5454
5454
5462
5468
5478
5484
5488
5494
5506
5506
5506
5510
5516
5520
5532
5540
5540
5542
5546
5562
5568
5580
5594
5602
5616
5640
5644
5652
5660
5676
5694
5698
5708
5710
5718
5722
5744
5750
5756
5772
5774
5776
5786
5794
5796
5798
5806
5808
5810
5818
5822
5824
5830
5830
5834
5834
5838
5842
5844
5850
5854
5858
5860
5870
5892
5892
5900
5904
5908
5914
5918
5924
5932
5936
5938
5942
5950
5956
5960
5966
5978
5986
5988
5994
5996
6002
6004
6012
6014
6020
6022
6024
6030
6034
6036
6042
6050
6056
6058
6072
6090
6090
6104
6106
6120
6120
6124
6128
6132
6134
6134
6140
6140
6142
6144
6152
6172
6178
6178
6180
6182
6190
6196
6198
6200
6202
6204
6230
6236
6244
6250
6252
6266
6266
6308
6318
6360
6362
6368
6372
6380
6388
6390
6394
6424
6426
6446
6468
6474
6494
6500
6506
6526
6540
6554
6566
6570
6572
6572
6574
6580
6580
6588
6594
6628
6632
6632
6646
6646
6648
6652
6652
6664
6670
6672
6672
6682
6694
6702
6718
6730
6750
6752
6754
6790
6792
6826
6832
6834
6856
6860
6868
6898
6906
6916
6936
6974
6990
6992
6996
7000
7050
7052
7066
7072
7084
7098
7098
7110
7142
7148
7150
7162
7166
7170
7172
7182
7214
7214
7232
7236
7238
7240
7250
7260
7266
7278
7306
7306
7352
7364
7370
7402
7412
7432
7452
7460
7460
7480
7486
7506
7518
7528
7532
7540
7542
7544
7548
7558
7584
7604
7606
7608
7612
7620
7624
7646
7664
7706
7726
7736
7738
7786
7796
7798
7810
7828
7834
7838
7838
7852
7854
7864
7864
7872
7884
7924
7928
7944
7950
7966
7986
8030
8032
8054
8128
8146
8182
8192
8192
8234
8234
8294
8308
8334
8390
8396
8418
8422
8422
8430
8452
8456
8484
8484
8490
8524
8560
8576
8584
8594
8608
8608
8626
8666
8684
8692
8712
8730
8776
8778
8790
8790
8842
8850
8864
8920
8926
8952
8956
8970
9008
9034
9058
9072
9074
9080
9108
9120
9122
9130
9192
9194
9204
9212
9216
9224
9238
9292
9300
9310
9314
9326
9326
9350
9356
9358
9380
9416
9466
9500
9520
9612
9616
9634
9636
9644
9662
9676
9698
9728
9730
9762
9812
9836
9836
9852
9892
9896
9926
9964
9978
10010
10016
10022
10026
10050
10052
10072
10114
10220
10222
10282
10282
10314
10344
10352
10376
10392
10426
10436
10438
10460
10480
10496
10508
10514
10536
10576
10576
10582
10610
10616
10624
10634
10702
10754
10810
10814
10876
10884
10890
10896
10900
10924
10932
10948
10954
10974
10980
10980
10988
11006
11034
11052
11052
11106
11116
11122
11126
11138
11148
11174
11204
11206
11216
11238
11238
11266
11282
11298
11350
11398
11428
11468
11554
11564
11618
11620
11626
11636
11660
11660
11708
11714
11730
11736
11738
11762
11776
11786
11788
11790
11794
11804
11812
11820
11826
11846
11862
11890
11926
11930
11942
11946
11950
11958
12004
12006
12022
12050
12076
12080
12084
12160
12188
12190
12204
12206
12208
12242
12268
12280
12290
12318
12346
12348
12356
12370
12404
12414
12436
12460
12500
12504
12524
12532
12548
12618
12626
12634
12696
12728
12730
12754
12756
12770
12782
12784
12804
12820
12834
12838
12850
12852
12870
12880
12896
12900
12900
12908
12928
12932
12934
12936
12946
12946
12958
12978
12994
13008
13032
13044
13050
13078
13082
13116
13122
13132
13140
13144
13146
13180
13186
13230
13250
13268
13294
13358
13360
13376
13386
13434
13450
13474
13488
13488
13498
13506
13506
13518
13526
13536
13554
13564
13592
13614
13628
13690
13712
13732
13748
13768
13810
13834
13842
13872
13880
13918
13924
13934
13994
14034
14046
14066
14068
14096
14142
14168
14172
14176
14178
14182
14182
14184
14192
14198
14208
14218
14222
14224
14238
14238
14248
14254
14272
14294
14312
14312
14372
14378
14382
14394
14418
14418
14428
14436
14438
14456
14458
14492
14494
14496
14500
14500
14506
14508
14508
14516
14524
14536
14554
14560
14574
14576
14578
14582
14594
14620
14622
14628
14640
14646
14646
14650
14652
14658
14678
14696
14702
14706
14712
14718
14720
14724
14728
14740
14742
14748
14752
14752
14764
14768
14768
14776
14780
14782
14784
14804
14828
14832
14838
14838
14840
14842
14844
14844
14846
14846
14846
14848
14848
14850
14858
14860
14866
14886
14886
14886
14892
14902
14902
14904
14924
14928
14938
14942
14944
14944
14964
14966
14966
14968
14972
14972
14974
14984
14986
14994
15016
15028
15034
15034
15034
15038
15042
15044
15046
15046
15050
15050
15054
15056
15062
15066
15070
15078
15084
15090
15094
15102
15106
15106
15110
15112
15120
15120
15122
15122
15126
15132
15134
15136
15140
15144
15146
15146
15148
15152
15152
15156
15160
15162
15164
15172
15172
15178
15178
15186
15188
15190
15198
15202
15202
15202
15206
15206
15210
15214
15216
15224
15240
15242
15242
15242
15244
15248
15250
15256
15262
15268
15270
15270
15274
15274
15284
15288
15288
15306
15310
15318
15320
15320
15330
15334
15336
15336
15340
15344
15346
15376
15382
15384
15388
15388
15394
15396
15434
15444
15448
15466
15466
15468
15480
15488
15488
15490
15500
15504
15512
15536
15542
15554
15560
15578
15606
15608
15614
15618
15622
15640
15650
15660
15662
15680
15706
15708
15714
15722
15732
15738
15770
15808
15810
15818
15826
15828
15848
15858
15876
15884
15886
15906
15954
15960
15962
15964
16042
16046
16124
16208
16234
16240
16282
16352
16550
16742
17022
17088
17566
17748
17996
18320
18780
19466
19712
19776
20592
20838
20990
21018
21044
21204
22000
22178
22728
22910
23150
23162
23360
23632
23712
23792
23812
23844
23896
24046
24296
24312
24382
24458
24556
24588
24664
24696
24814
24826
24866
25026
25720
25744
26224
26390
31788
48600
58006
234716
263916
367154
581748
2035038
2274940
