Latencies
5142
5170
5194
5220
5228
5234
5236
5250
5250
5258
5278
5278
5288
5290
5290
5296
5296
5296
5300
5304
5308
5322
5330
5332
5334
5334
5336
5336
5336
5340
5344
5346
5352
5352
5358
5368
5372
5372
5376
5382
5388
5388
5390
5390
5400
5410
5412
5412
5422
5428
5434
5436
5444
5446
5450
5452
5456
5458
5460
5464
5464
5478
5480
5480
5492
5498
5500
5508
5514
5516
5520
5528
5536
5538
5542
5550
5552
5570
5574
5580
5586
5586
5598
5598
5600
5602
5612
5614
5620
5626
5628
5638
5642
5642
5648
5662
5684
5686
5688
5692
5700
5700
5702
5702
5720
5734
5740
5744
5754
5756
5758
5760
5764
5766
5772
5772
5780
5782
5782
5790
5806
5806
5808
5812
5814
5820
5824
5826
5840
5840
5842
5846
5848
5854
5858
5858
5858
5860
5862
5862
5866
5866
5880
5882
5884
5898
5900
5904
5906
5908
5908
5910
5916
5926
5930
5942
5944
5946
5950
5966
5968
5974
5978
5982
5982
5982
5990
5994
6000
6032
6032
6042
6048
6064
6068
6072
6082
6088
6090
6092
6094
6118
6130
6134
6142
6144
6150
6156
6182
6184
6194
6206
6218
6222
6224
6226
6246
6270
6272
6274
6286
6288
6294
6296
6298
6312
6312
6346
6356
6376
6436
6462
6470
6476
6476
6484
6488
6498
6508
6516
6550
6568
6574
6602
6602
6654
6654
6658
6670
6672
6690
6696
6702
6712
6736
6742
6744
6762
6832
6846
6854
6854
6866
6898
6908
6918
6934
6958
6974
7002
7022
7032
7042
7050
7074
7098
7106
7132
7146
7166
7166
7184
7188
7196
7254
7258
7268
7274
7280
7282
7288
7302
7332
7340
7342
7348
7368
7392
7422
7428
7434
7436
7436
7482
7516
7542
7556
7558
7584
7588
7588
7610
7618
7624
7624
7658
7680
7686
7692
7722
7734
7738
7742
7748
7770
7772
7786
7798
7836
7838
7984
7988
7994
7996
8022
8022
8034
8046
8052
8068
8080
8080
8088
8132
8152
8184
8184
8214
8234
8234
8260
8268
8274
8284
8322
8352
8372
8376
8386
8394
8398
8402
8402
8408
8442
8448
8460
8462
8466
8476
8498
8504
8520
8522
8538
8546
8594
8612
8616
8624
8636
8654
8664
8702
8718
8720
8736
8738
8738
8758
8796
8796
8798
8818
8832
8888
8922
8934
8978
9018
9026
9030
9134
9190
9190
9246
9260
9308
9314
9344
9368
9390
9406
9408
9432
9438
9464
9468
9486
9492
9522
9536
9566
9568
9576
9592
9606
9680
9686
9696
9700
9724
9762
9776
9822
9844
9846
9866
9888
9892
9954
9994
9996
10004
10020
10034
10048
10062
10080
10118
10144
10152
10160
10170
10208
10246
10252
10300
10302
10316
10320
10326
10330
10346
10418
10418
10534
10556
10580
10586
10610
10614
10632
10634
10652
10664
10670
10674
10690
10732
10774
10778
10786
10812
10814
10816
10828
10850
10854
10856
10872
10888
10928
10946
10948
10982
11000
11070
11094
11112
11130
11134
11136
11156
11238
11252
11252
11260
11280
11284
11300
11304
11330
11340
11364
11388
11392
11414
11438
11538
11578
11590
11598
11618
11632
11644
11660
11672
11680
11710
11790
11800
11808
11850
11868
11880
11890
11898
11922
11946
11968
11984
12020
12034
12048
12070
12074
12082
12082
12140
12158
12166
12212
12214
12226
12236
12250
12254
12304
12310
12320
12360
12362
12366
12376
12402
12404
12406
12464
12474
12510
12518
12518
12544
12566
12592
12608
12624
12652
12652
12700
12706
12734
12740
12752
12764
12814
12818
12864
12880
12910
12918
12938
12944
12990
12994
13020
13036
13038
13060
13064
13064
13068
13090
13104
13112
13114
13142
13150
13230
13236
13248
13250
13310
13334
13376
13376
13394
13426
13440
13456
13476
13478
13484
13492
13536
13580
13580
13592
13618
13622
13624
13632
13632
13688
13700
13712
13730
13742
13744
13750
13762
13810
13816
13832
13834
13836
13848
13852
13870
13870
13912
13916
13920
13978
14000
14028
14052
14066
14084
14090
14102
14140
14164
14226
14228
14228
14236
14238
14264
14264
14272
14274
14312
14318
14322
14324
14324
14332
14342
14344
14352
14356
14360
14370
14378
14380
14406
14430
14450
14504
14512
14526
14526
14532
14534
14544
14556
14558
14564
14570
14580
14586
14592
14600
14608
14614
14618
14622
14624
14632
14638
14652
14666
14688
14700
14704
14714
14724
14732
14750
14758
14780
14782
14784
14786
14790
14800
14806
14810
14810
14814
14818
14822
14832
14840
14852
14858
14858
14864
14872
14874
14876
14878
14880
14886
14890
14892
14892
14902
14914
14916
14920
14920
14922
14924
14924
14926
14928
14928
14930
14932
14934
14938
14940
14948
14950
14952
14956
14968
14968
14976
14976
14982
14986
14990
14990
15008
15020
15028
15030
15036
15040
15042
15044
15046
15048
15048
15050
15056
15062
15074
15074
15078
15078
15080
15088
15096
15104
15118
15120
15120
15126
15128
15136
15142
15144
15152
15156
15164
15170
15180
15182
15194
15198
15202
15204
15208
15210
15220
15234
15240
15242
15244
15254
15260
15266
15270
15274
15280
15296
15302
15308
15312
15316
15318
15322
15324
15326
15326
15336
15342
15354
15356
15374
15376
15380
15396
15404
15404
15406
15406
15406
15420
15422
15430
15438
15442
15446
15448
15458
15466
15474
15476
15478
15484
15486
15494
15500
15500
15502
15504
15508
15522
15528
15534
15570
15584
15592
15592
15596
15604
15606
15608
15608
15610
15614
15632
15650
15660
15684
15688
15690
15690
15702
15712
15714
15732
15742
15744
15748
15774
15776
15790
15798
15860
15880
15882
15884
15900
15906
15924
15946
15954
16004
16026
16172
16222
16284
16312
16366
17234
18028
18588
19858
20502
21856
22026
24186
24294
24402
24930
25016
25032
25054
25164
25256
25298
25388
25494
25774
25882
25884
26392
28104
30638
35250
39418
49076
105366
398850
1007956
