Latencies
5142
5190
5232
5240
5244
5248
5250
5252
5252
5252
5256
5262
5266
5270
5272
5274
5274
5276
5276
5280
5282
5284
5284
5284
5284
5288
5292
5294
5294
5294
5296
5296
5298
5300
5304
5304
5304
5306
5308
5308
5312
5312
5316
5318
5318
5324
5328
5330
5330
5332
5334
5334
5334
5340
5342
5342
5344
5350
5352
5354
5354
5354
5358
5358
5358
5360
5362
5364
5364
5368
5368
5368
5374
5376
5378
5378
5378
5380
5380
5384
5384
5384
5386
5386
5388
5392
5392
5400
5402
5404
5404
5406
5408
5410
5410
5412
5412
5414
5416
5420
5420
5422
5424
5426
5430
5430
5432
5434
5436
5436
5438
5438
5438
5446
5454
5458
5464
5466
5466
5474
5480
5480
5482
5484
5486
5488
5488
5490
5490
5494
5496
5496
5500
5504
5506
5510
5514
5524
5532
5536
5536
5536
5540
5544
5546
5550
5550
5558
5566
5572
5574
5578
5582
5588
5588
5588
5604
5608
5608
5616
5616
5626
5626
5626
5628
5632
5638
5642
5644
5646
5648
5648
5650
5654
5654
5658
5666
5670
5672
5672
5672
5674
5674
5682
5690
5694
5694
5704
5708
5716
5718
5720
5730
5734
5742
5744
5746
5750
5750
5766
5772
5774
5784
5806
5808
5820
5826
5830
5830
5838
5844
5850
5854
5856
5858
5860
5868
5884
5892
5896
5904
5910
5910
5914
5916
5932
5938
5942
5948
5950
5952
5960
5960
5964
5964
5974
5978
5982
5984
5990
5992
5998
6002
6002
6010
6016
6018
6024
6024
6030
6032
6034
6044
6044
6056
6058
6064
6070
6072
6072
6074
6074
6076
6078
6082
6084
6094
6098
6098
6112
6114
6126
6126
6134
6138
6144
6150
6158
6174
6174
6180
6192
6194
6194
6202
6206
6208
6212
6230
6242
6256
6266
6272
6272
6284
6298
6304
6310
6312
6344
6350
6354
6360
6360
6360
6370
6386
6402
6408
6414
6420
6462
6462
6462
6480
6506
6524
6536
6542
6550
6552
6558
6564
6578
6590
6600
6626
6628
6656
6680
6692
6694
6720
6730
6752
6758
6784
6800
6804
6820
6856
6876
6916
6934
6938
6950
6958
6960
6976
7016
7064
7070
7074
7088
7112
7126
7158
7158
7170
7176
7190
7218
7258
7278
7298
7304
7346
7370
7390
7392
7408
7410
7426
7442
7456
7460
7476
7492
7512
7522
7558
7588
7592
7594
7652
7738
7766
7770
7804
7844
7846
7848
7858
7876
7926
7938
7954
7956
7998
8042
8098
8112
8120
8148
8158
8186
8198
8212
8220
8234
8248
8292
8302
8312
8326
8352
8354
8370
8402
8426
8450
8456
8470
8470
8492
8496
8518
8530
8534
8536
8576
8584
8614
8628
8628
8642
8674
8706
8708
8710
8726
8726
8732
8768
8770
8794
8814
8820
8836
8858
8870
8874
8884
8890
8912
8962
8978
9098
9118
9120
9164
9178
9200
9236
9280
9282
9352
9388
9448
9458
9460
9462
9498
9512
9516
9526
9528
9582
9598
9608
9636
9648
9672
9684
9710
9716
9734
9768
9776
9780
9840
9840
9852
9858
9888
9934
9942
9946
9952
9994
10002
10040
10050
10084
10092
10104
10110
10136
10142
10142
10164
10182
10196
10216
10234
10284
10310
10312
10314
10316
10350
10366
10374
10382
10410
10412
10412
10454
10458
10460
10468
10470
10484
10546
10552
10578
10608
10620
10676
10706
10742
10766
10778
10820
10836
10856
10858
10862
10868
10876
10914
10928
10944
10948
10952
10974
10994
11004
11022
11036
11094
11138
11172
11180
11200
11202
11240
11252
11256
11274
11278
11288
11356
11364
11374
11408
11418
11420
11466
11492
11520
11520
11532
11532
11550
11568
11570
11594
11594
11602
11610
11614
11616
11628
11672
11700
11722
11744
11766
11790
11822
11836
11860
11862
11866
11876
11908
11924
12008
12016
12032
12070
12094
12162
12172
12200
12200
12220
12220
12272
12274
12300
12322
12338
12348
12398
12406
12418
12424
12444
12444
12456
12468
12474
12496
12510
12562
12572
12610
12652
12668
12700
12720
12724
12724
12734
12736
12742
12768
12772
12782
12824
12844
12858
12900
12918
12938
12948
12970
13024
13040
13056
13058
13062
13066
13068
13128
13132
13172
13196
13208
13216
13220
13226
13240
13340
13352
13354
13366
13402
13410
13418
13432
13436
13462
13486
13538
13540
13544
13560
13578
13590
13600
13602
13602
13624
13646
13694
13714
13756
13788
13788
13802
13808
13814
13814
13816
13818
13830
13848
13854
13856
13856
13876
13898
13936
13950
13954
13982
13996
14034
14074
14080
14098
14128
14142
14156
14158
14160
14162
14174
14182
14190
14194
14200
14202
14210
14230
14240
14240
14242
14248
14250
14286
14312
14320
14320
14322
14334
14344
14354
14360
14378
14412
14418
14424
14424
14428
14430
14432
14440
14446
14448
14456
14456
14458
14466
14472
14478
14482
14482
14484
14492
14492
14492
14492
14498
14498
14504
14512
14534
14542
14572
14578
14578
14580
14584
14594
14600
14600
14602
14604
14608
14612
14622
14634
14650
14656
14672
14682
14686
14686
14692
14696
14696
14698
14702
14704
14706
14714
14716
14738
14742
14756
14756
14760
14762
14762
14768
14782
14784
14784
14796
14800
14802
14804
14806
14808
14818
14818
14824
14826
14842
14870
14876
14878
14882
14882
14890
14890
14894
14898
14916
14920
14922
14924
14924
14926
14926
14932
14934
14934
14934
14938
14944
14946
14946
14948
14948
14950
14958
14964
14966
14968
14970
14972
14974
14974
14976
14976
14988
14994
15002
15002
15010
15018
15020
15030
15038
15046
15056
15072
15076
15078
15082
15094
15110
15118
15122
15134
15144
15146
15148
15150
15156
15156
15164
15168
15174
15178
15180
15182
15184
15186
15196
15204
15210
15210
15212
15216
15218
15234
15240
15252
15256
15256
15262
15264
15268
15270
15272
15274
15278
15290
15296
15316
15340
15342
15348
15366
15370
15370
15376
15398
15400
15404
15416
15416
15430
15450
15450
15462
15466
15468
15482
15484
15486
15510
15540
15544
15630
15636
15718
15734
15774
15844
15884
15918
16028
16424
17424
18312
22034
23096
23514
23886
24432
24622
24694
24750
24752
24902
24930
25118
25212
25456
25548
25550
26742
28526
31266
32544
32810
33866
34240
35026
35340
37926
38296
38882
89206
104638
