Latencies
5166
5192
5192
5198
5204
5208
5222
5226
5228
5232
5236
5244
5256
5258
5260
5264
5266
5268
5270
5272
5280
5284
5284
5286
5286
5286
5288
5288
5290
5294
5294
5298
5298
5304
5306
5306
5308
5308
5310
5312
5312
5318
5320
5322
5326
5328
5328
5330
5332
5332
5338
5342
5348
5348
5348
5352
5356
5356
5358
5358
5364
5364
5364
5376
5378
5384
5384
5390
5394
5394
5402
5404
5404
5410
5414
5416
5416
5418
5422
5424
5426
5426
5432
5436
5438
5438
5442
5446
5446
5448
5448
5450
5456
5456
5458
5462
5462
5462
5462
5464
5470
5478
5490
5496
5498
5500
5500
5500
5500
5502
5508
5510
5510
5512
5514
5516
5518
5520
5524
5526
5534
5550
5552
5554
5556
5558
5558
5560
5560
5570
5576
5580
5586
5590
5602
5608
5612
5618
5622
5622
5624
5630
5632
5634
5638
5638
5640
5642
5652
5666
5668
5670
5678
5684
5686
5688
5692
5696
5698
5700
5712
5714
5724
5728
5744
5748
5752
5752
5756
5756
5758
5762
5782
5812
5822
5828
5830
5840
5844
5864
5866
5866
5868
5880
5888
5894
5896
5896
5900
5902
5910
5932
5932
5934
5936
5946
5952
5954
5964
5970
5982
5994
5996
5996
5996
6000
6008
6016
6020
6028
6034
6036
6038
6040
6050
6072
6074
6074
6098
6098
6102
6102
6130
6134
6134
6138
6142
6142
6144
6144
6152
6156
6168
6180
6180
6190
6210
6214
6216
6218
6224
6228
6228
6234
6236
6236
6240
6260
6274
6278
6278
6290
6334
6336
6400
6418
6440
6456
6510
6530
6560
6564
6566
6590
6592
6606
6634
6656
6668
6712
6720
6730
6736
6738
6746
6774
6786
6808
6822
6828
6832
6850
6858
6858
6864
6884
6904
6928
6932
6944
6946
6950
6952
6998
7004
7020
7038
7054
7092
7100
7122
7134
7152
7206
7226
7278
7280
7282
7290
7292
7298
7298
7304
7334
7340
7356
7360
7400
7404
7428
7438
7440
7462
7468
7472
7486
7486
7498
7522
7548
7560
7580
7586
7598
7614
7616
7632
7672
7676
7684
7688
7710
7742
7786
7812
7836
7842
7884
7906
7964
7968
7974
7976
7978
7980
7990
7996
8012
8020
8042
8094
8118
8132
8134
8140
8142
8166
8172
8190
8192
8206
8244
8250
8266
8278
8296
8304
8350
8362
8372
8390
8398
8416
8434
8434
8472
8474
8518
8536
8542
8558
8584
8614
8658
8690
8752
8766
8802
8860
8874
8914
8936
8966
8990
9012
9020
9024
9050
9092
9100
9100
9114
9180
9196
9202
9210
9234
9250
9264
9274
9274
9290
9294
9300
9312
9374
9382
9414
9450
9456
9466
9482
9484
9492
9492
9500
9546
9574
9586
9604
9654
9662
9674
9680
9686
9692
9698
9738
9772
9800
9808
9826
9828
9834
9856
9870
9876
9898
9918
9968
9978
10000
10010
10032
10032
10062
10076
10106
10108
10122
10124
10142
10168
10174
10178
10188
10192
10242
10252
10282
10302
10316
10336
10340
10364
10382
10386
10394
10414
10416
10420
10422
10436
10440
10448
10448
10460
10478
10494
10510
10512
10516
10544
10546
10566
10602
10606
10610
10630
10636
10638
10656
10668
10672
10676
10682
10694
10708
10746
10750
10762
10796
10806
10818
10882
10890
10948
11056
11066
11074
11142
11174
11174
11178
11190
11206
11220
11248
11262
11274
11286
11288
11298
11336
11356
11362
11368
11372
11382
11402
11428
11438
11476
11520
11534
11554
11560
11582
11630
11656
11680
11732
11744
11752
11754
11754
11780
11786
11834
11866
11874
11916
11932
11934
11952
11974
11974
11976
12064
12100
12104
12142
12154
12160
12172
12188
12192
12224
12228
12242
12272
12286
12314
12316
12332
12336
12336
12352
12356
12360
12376
12386
12396
12406
12410
12430
12456
12468
12470
12522
12526
12536
12554
12566
12570
12574
12578
12584
12590
12596
12598
12602
12622
12634
12644
12674
12684
12716
12720
12736
12752
12760
12764
12808
12808
12810
12834
12900
12900
12912
12942
12944
12972
13000
13012
13014
13030
13036
13038
13044
13048
13102
13140
13180
13190
13200
13208
13208
13236
13236
13238
13272
13274
13288
13316
13374
13374
13396
13416
13458
13484
13490
13498
13500
13508
13524
13530
13558
13560
13586
13602
13604
13624
13626
13660
13684
13688
13698
13732
13748
13766
13780
13798
13818
13842
13870
13880
13888
13892
13892
13986
13992
14006
14028
14028
14048
14052
14056
14102
14106
14118
14130
14170
14182
14182
14188
14200
14202
14204
14212
14220
14226
14234
14236
14238
14246
14254
14256
14258
14262
14262
14266
14274
14282
14302
14306
14322
14328
14376
14380
14384
14384
14386
14388
14400
14400
14410
14430
14432
14470
14480
14480
14486
14486
14488
14490
14492
14496
14522
14522
14542
14552
14564
14582
14600
14620
14624
14630
14634
14646
14648
14660
14660
14664
14668
14680
14684
14690
14694
14698
14708
14726
14726
14730
14730
14752
14754
14754
14758
14758
14764
14772
14772
14776
14784
14790
14806
14816
14820
14822
14832
14834
14834
14836
14840
14844
14854
14858
14858
14858
14864
14868
14880
14882
14884
14894
14906
14910
14920
14920
14926
14928
14932
14932
14934
14934
14934
14940
14942
14944
14950
14950
14956
14962
14964
14978
14982
14984
14992
14996
15010
15012
15018
15026
15030
15032
15036
15042
15044
15044
15048
15048
15050
15052
15052
15056
15058
15058
15058
15062
15064
15070
15076
15098
15100
15100
15100
15102
15102
15108
15116
15120
15124
15126
15126
15134
15138
15140
15178
15178
15180
15180
15182
15182
15184
15192
15194
15194
15196
15196
15206
15214
15214
15216
15226
15236
15240
15244
15256
15258
15262
15272
15282
15290
15292
15296
15298
15302
15308
15316
15320
15328
15334
15356
15392
15400
15408
15412
15414
15426
15438
15452
15468
15470
15488
15494
15508
15532
15548
15548
15550
15560
15566
15566
15584
15608
15668
15676
15698
15790
15804
15804
15820
15918
15988
16012
16136
16288
16816
17724
18816
19846
20310
20458
23678
24176
24226
24430
24460
24602
24616
24738
25168
25392
25854
26992
34492
34728
35372
37430
39794
41854
43836
46050
46832
47056
115990
145642
453866
619066
1291190
11645574
