Latencies
5300
5326
5348
5356
5360
5360
5368
5370
5372
5384
5386
5390
5394
5402
5404
5410
5410
5420
5424
5424
5428
5432
5436
5440
5440
5442
5442
5444
5446
5450
5454
5456
5458
5460
5462
5464
5466
5466
5466
5468
5468
5472
5472
5476
5478
5478
5478
5480
5484
5484
5490
5490
5492
5494
5496
5496
5496
5498
5498
5498
5502
5504
5504
5506
5510
5512
5514
5520
5520
5520
5520
5520
5524
5524
5524
5524
5526
5526
5526
5532
5534
5534
5534
5538
5538
5540
5544
5546
5552
5558
5560
5560
5564
5564
5564
5566
5566
5566
5566
5570
5570
5572
5574
5580
5580
5582
5588
5588
5590
5594
5596
5598
5598
5600
5602
5614
5614
5618
5626
5636
5640
5640
5654
5660
5664
5666
5666
5678
5678
5680
5684
5686
5688
5690
5692
5696
5698
5702
5706
5708
5712
5714
5716
5718
5718
5718
5722
5726
5732
5738
5748
5756
5758
5760
5760
5764
5768
5770
5778
5782
5782
5786
5794
5794
5802
5804
5804
5804
5808
5810
5812
5816
5818
5834
5842
5856
5858
5858
5860
5862
5862
5866
5870
5874
5874
5882
5884
5886
5894
5894
5898
5900
5910
5920
5928
5930
5934
5936
5936
5936
5938
5952
5952
5954
5956
5962
5966
5978
5980
5980
5980
5986
5986
5988
5992
5992
5996
5998
5998
5998
6000
6014
6018
6022
6024
6026
6030
6030
6032
6036
6036
6038
6038
6042
6042
6042
6046
6046
6050
6052
6060
6060
6064
6064
6066
6076
6076
6080
6082
6082
6082
6082
6084
6086
6088
6090
6094
6100
6102
6106
6112
6114
6116
6126
6126
6126
6130
6130
6132
6132
6134
6136
6140
6146
6150
6158
6162
6166
6172
6176
6182
6188
6192
6198
6220
6220
6234
6248
6254
6268
6280
6280
6282
6286
6286
6298
6314
6318
6320
6322
6342
6350
6352
6362
6362
6368
6372
6384
6388
6388
6396
6398
6404
6414
6430
6434
6436
6480
6484
6484
6490
6492
6508
6510
6534
6538
6542
6544
6546
6548
6548
6554
6562
6596
6634
6634
6656
6700
6706
6714
6714
6728
6778
6796
6798
6802
6822
6840
6850
6878
6888
6888
6896
6904
6906
6912
6914
6924
6936
6954
6958
6978
6994
6996
7010
7028
7038
7042
7078
7086
7092
7108
7118
7128
7190
7194
7200
7250
7256
7262
7266
7272
7300
7366
7456
7482
7490
7534
7566
7588
7622
7638
7642
7668
7674
7716
7718
7772
7776
7788
7794
7802
7864
7868
7884
7894
7948
7950
7970
7984
7988
8014
8018
8108
8112
8156
8166
8172
8182
8300
8336
8352
8376
8380
8384
8414
8464
8476
8480
8482
8506
8526
8542
8590
8624
8650
8676
8682
8716
8720
8740
8748
8754
8756
8760
8766
8766
8794
8802
8834
8836
8858
8880
8926
8958
8986
8990
9016
9064
9130
9158
9188
9214
9222
9232
9268
9274
9274
9324
9328
9366
9418
9458
9464
9470
9474
9520
9532
9544
9636
9654
9674
9682
9714
9716
9780
9824
9836
9838
9852
9860
9996
9998
10028
10078
10084
10088
10090
10122
10132
10160
10192
10196
10202
10214
10244
10252
10258
10266
10292
10298
10310
10334
10336
10364
10382
10384
10504
10522
10534
10566
10726
10730
10750
10788
10792
10894
10912
10932
10940
10966
11012
11018
11068
11120
11180
11206
11212
11278
11280
11292
11322
11354
11354
11366
11372
11374
11380
11408
11416
11418
11424
11428
11428
11468
11494
11504
11526
11530
11562
11572
11578
11604
11608
11688
11694
11712
11732
11796
11802
11830
11830
11844
11866
11870
11890
11918
11930
11932
11962
11966
11972
11972
11976
11986
12022
12044
12052
12132
12146
12162
12166
12176
12200
12298
12300
12366
12368
12370
12378
12394
12418
12458
12458
12460
12490
12496
12514
12528
12580
12616
12620
12624
12634
12652
12662
12674
12706
12706
12758
12778
12796
12806
12814
12864
12864
12894
12926
12948
13002
13020
13032
13040
13062
13078
13098
13100
13110
13138
13142
13194
13212
13244
13248
13316
13366
13376
13438
13454
13456
13530
13542
13554
13624
13624
13630
13684
13716
13722
13730
13738
13742
13750
13758
13792
13800
13816
13820
13824
13826
13834
13846
13860
13886
13900
13908
13918
13922
13932
13950
13978
13980
13980
14004
14010
14024
14034
14038
14134
14138
14144
14148
14164
14170
14220
14224
14234
14238
14250
14262
14276
14306
14318
14332
14334
14340
14344
14352
14366
14382
14430
14442
14444
14450
14452
14464
14488
14528
14540
14542
14558
14560
14562
14564
14576
14580
14608
14610
14610
14610
14612
14614
14624
14632
14638
14648
14648
14652
14666
14666
14680
14696
14698
14704
14714
14730
14732
14738
14742
14742
14744
14748
14754
14756
14758
14772
14780
14786
14792
14792
14800
14808
14812
14824
14826
14832
14834
14840
14840
14844
14844
14850
14850
14856
14860
14864
14868
14876
14876
14878
14886
14890
14892
14894
14900
14902
14902
14910
14924
14928
14928
14928
14930
14942
14942
14946
14948
14950
14950
14952
14982
14984
14990
14992
14996
14996
15002
15004
15004
15006
15010
15016
15018
15020
15020
15030
15034
15034
15038
15046
15048
15048
15060
15062
15068
15086
15096
15096
15102
15104
15106
15120
15124
15134
15136
15144
15154
15162
15170
15176
15178
15184
15190
15190
15228
15230
15260
15268
15270
15276
15276
15284
15286
15286
15288
15292
15294
15306
15316
15316
15320
15324
15334
15334
15340
15342
15348
15348
15356
15358
15360
15364
15366
15366
15372
15380
15386
15390
15398
15400
15402
15402
15404
15414
15418
15422
15424
15434
15438
15446
15454
15456
15458
15460
15460
15474
15492
15494
15508
15518
15538
15538
15550
15578
15616
15618
15620
15632
15638
15642
15648
15658
15670
15672
15674
15676
15676
15716
15738
15762
15780
15786
15860
15880
15890
15900
15916
15958
15978
15998
16042
16084
16104
16148
16178
16258
16302
16320
16354
16406
16424
16756
16816
17346
17386
17602
18258
18300
18404
18620
18738
18760
18936
19856
20054
20416
20742
21068
21108
21420
21558
21574
21592
22038
23000
23058
23422
23772
23848
24044
24156
24216
24266
24376
24508
24518
24580
24680
24822
24860
25118
25132
25150
25250
25316
25564
25738
25794
25858
26332
26366
30550
33616
33628
34020
34176
36032
39808
258314
372064
