Latencies
7254
6754
7980
5212
5216
5292
5250
5730
5200
5186
6084
5204
5194
5890
5318
11152
5224
5504
5750
5200
6744
5594
5646
5340
5546
5274
5656
5306
5722
5156
5222
5530
5616
5542
5988
5050
7130
5828
5490
5908
5946
35310
5020
5718
6016
5808
7804
5272
19654
5358
5980
5186
5162
5230
5308
5216
5634
5424
5370
5360
5238
5410
5340
5160
5360
6224
7080
5302
5716
5188
5590
5196
5222
5106
5256
5150
5176
6436
7380
5268
5648
5612
6008
5704
5760
35430
5776
5438
5152
8520
5544
5284
5182
5804
5854
5238
5186
5022
5140
5256
5344
5184
5494
5554
8360
5538
5212
25568
5916
5282
5910
5276
5148
5200
5646
5684
5130
24706
6768
5072
5220
5066
5342
5256
5140
5054
5432
5506
5054
5174
5824
5242
5648
5214
5078
5118
5618
5112
5032
5338
6786
5018
5104
5026
5264
5026
5038
5016
5090
35294
6714
5034
5040
5030
5016
5134
5052
5034
5886
5008
6090
5200
5730
5058
11118
5262
7202
5142
4990
5058
5336
5068
5554
6000
4998
5998
5030
5998
5002
5946
6720
5452
5992
5282
5334
5242
5280
5224
5824
5840
7136
5752
5350
5390
5532
5222
5594
5334
5046
5398
7816
6192
5826
5206
5570
5544
5144
5404
5518
5200
5296
6708
5022
4996
5034
5492
5088
5006
5624
5106
5026
5040
5024
5764
5020
5800
5090
5864
5080
5122
6802
5096
5238
5192
5342
5028
5908
24704
5566
5098
5862
5096
5224
5096
7158
6878
5326
5276
5210
5302
5342
5508
5290
5184
5182
5144
5498
5112
5094
6886
5558
5134
5384
5008
5480
5086
5684
5084
5484
5170
5168
5050
5918
5118
5134
5316
8280
5782
5648
5198
5762
5300
5258
5370
5588
5686
5318
5442
5308
7028
5262
5160
5224
5160
5446
5222
5534
5132
5426
16398
5392
5134
5160
5626
5858
5236
5184
6838
6068
5024
5826
5068
5884
5074
5822
5098
5818
5144
5592
5176
5710
5376
5506
7850
5486
35338
5266
26048
5442
5310
25688
5714
5402
5350
5244
5384
5124
5208
5312
7434
5632
5396
5300
6194
5398
5286
5322
5386
5326
5306
5512
5382
5774
5984
5490
5730
6030
5124
5256
20998
5962
6172
5354
5886
24968
5794
25410
5618
8128
5360
5528
5766
5736
5776
5338
25932
5152
5644
5182
5788
5250
5710
5248
5238
6864
5182
5076
5632
5502
5058
5214
5660
5094
5334
5148
5174
5368
5212
5482
5742
5280
5196
5140
5234
5216
5332
5208
7640
4988
5850
5196
5474
5142
5580
5210
5134
5192
5210
5268
5124
5184
5218
5212
5212
5868
7156
5228
5178
5296
5222
5242
5268
5468
5290
5570
5452
7194
31624
5380
5356
6180
5292
5500
5532
5552
24684
5844
5292
6742
5264
5214
5388
5244
5418
5200
5078
5194
5244
5146
7652
5618
5392
5350
5352
5454
5262
5964
5274
5280
24698
7136
5516
5202
5546
5494
5310
7248
5424
5376
5288
5396
5326
5460
5314
5870
5496
5424
5310
5272
5286
7146
7046
5172
5612
5810
5232
5210
5226
5258
5290
