Latencies
5106
5114
5120
5142
5142
5146
5150
5150
5150
5152
5154
5154
5154
5156
5156
5158
5160
5160
5164
5164
5164
5166
5168
5170
5172
5172
5174
5174
5174
5180
5180
5180
5180
5180
5182
5182
5182
5184
5184
5184
5188
5188
5192
5192
5194
5194
5196
5196
5200
5202
5204
5206
5206
5206
5206
5206
5208
5208
5208
5210
5210
5212
5212
5214
5214
5214
5214
5216
5216
5218
5220
5220
5222
5224
5224
5224
5226
5226
5226
5226
5226
5226
5228
5228
5228
5228
5228
5230
5230
5230
5230
5230
5232
5234
5234
5234
5236
5236
5236
5236
5238
5238
5238
5238
5240
5240
5240
5240
5240
5242
5244
5244
5246
5246
5246
5248
5248
5248
5250
5250
5250
5252
5254
5254
5256
5256
5256
5256
5256
5256
5258
5260
5260
5262
5262
5262
5264
5264
5264
5266
5266
5268
5268
5268
5270
5272
5272
5272
5272
5272
5274
5274
5274
5276
5276
5278
5280
5280
5280
5282
5282
5282
5282
5282
5284
5284
5286
5286
5288
5290
5290
5292
5292
5292
5294
5296
5298
5298
5298
5300
5300
5300
5300
5300
5302
5302
5302
5302
5302
5304
5304
5304
5304
5304
5304
5306
5306
5306
5306
5306
5308
5310
5310
5310
5312
5312
5312
5314
5314
5316
5316
5316
5318
5318
5318
5318
5318
5318
5320
5320
5320
5320
5320
5322
5322
5324
5324
5324
5326
5326
5326
5326
5328
5328
5328
5328
5328
5330
5330
5330
5330
5332
5332
5334
5334
5336
5336
5336
5336
5336
5338
5338
5338
5338
5340
5340
5340
5342
5342
5342
5344
5344
5344
5344
5344
5344
5344
5346
5346
5348
5348
5348
5350
5350
5350
5350
5350
5350
5352
5352
5352
5354
5354
5354
5356
5356
5356
5356
5356
5356
5356
5358
5358
5358
5358
5358
5358
5360
5360
5360
5362
5362
5364
5364
5364
5364
5364
5364
5364
5364
5366
5366
5366
5366
5366
5366
5366
5368
5368
5368
5368
5370
5370
5370
5372
5372
5372
5372
5372
5372
5372
5372
5372
5374
5374
5374
5376
5376
5376
5376
5376
5378
5378
5378
5380
5380
5382
5382
5382
5382
5384
5386
5386
5388
5388
5390
5390
5390
5390
5390
5392
5392
5394
5394
5394
5396
5396
5396
5398
5398
5398
5398
5398
5400
5400
5400
5400
5400
5400
5400
5400
5400
5400
5404
5404
5404
5404
5404
5404
5406
5408
5408
5408
5408
5408
5408
5410
5410
5410
5410
5410
5412
5412
5412
5414
5414
5414
5416
5418
5422
5422
5422
5422
5424
5424
5424
5424
5424
5424
5424
5426
5426
5426
5428
5428
5430
5430
5430
5432
5432
5432
5432
5434
5436
5436
5436
5438
5438
5440
5440
5440
5440
5440
5440
5442
5444
5444
5444
5446
5446
5446
5446
5446
5446
5446
5448
5450
5450
5450
5450
5450
5452
5452
5454
5454
5456
5456
5458
5458
5458
5460
5460
5462
5462
5462
5462
5462
5464
5464
5466
5466
5466
5466
5468
5470
5472
5476
5476
5476
5478
5478
5478
5482
5482
5482
5484
5484
5484
5486
5486
5490
5490
5492
5492
5492
5492
5492
5494
5494
5494
5498
5498
5498
5500
5500
5500
5500
5502
5502
5506
5506
5506
5508
5508
5510
5512
5512
5514
5514
5516
5516
5516
5516
5520
5520
5522
5524
5526
5526
5526
5526
5528
5528
5532
5532
5532
5532
5534
5536
5536
5536
5536
5538
5538
5540
5540
5540
5542
5544
5544
5548
5548
5548
5550
5554
5554
5554
5554
5554
5556
5560
5560
5560
5562
5564
5564
5568
5572
5572
5572
5574
5574
5574
5578
5578
5578
5580
5582
5582
5584
5584
5586
5586
5588
5592
5596
5598
5600
5600
5600
5602
5604
5604
5606
5606
5608
5608
5610
5614
5614
5616
5618
5620
5624
5624
5626
5628
5630
5630
5632
5632
5632
5634
5634
5638
5640
5642
5642
5644
5644
5646
5648
5652
5652
5654
5654
5658
5660
5660
5662
5666
5668
5668
5676
5682
5682
5682
5686
5686
5686
5686
5692
5694
5694
5696
5696
5704
5704
5706
5706
5710
5712
5712
5714
5714
5724
5728
5728
5738
5738
5738
5740
5740
5742
5748
5750
5750
5752
5752
5754
5754
5754
5756
5756
5758
5764
5766
5768
5772
5774
5776
5776
5778
5782
5782
5782
5786
5788
5788
5790
5794
5794
5796
5796
5796
5800
5802
5802
5802
5804
5806
5806
5808
5814
5818
5820
5820
5822
5830
5834
5836
5840
5842
5846
5846
5848
5850
5850
5852
5852
5854
5854
5858
5862
5866
5870
5872
5878
5880
5882
5884
5892
5898
5898
5902
5904
5904
5910
5914
5916
5920
5920
5926
5930
5930
5932
5934
5936
5944
5944
5944
5948
5950
5950
5952
5952
5952
5960
5964
5966
5968
5970
5972
5974
5976
5978
5984
5992
6002
6010
6012
6014
6014
6016
6016
6018
6020
6024
6028
6034
6036
6040
6042
6048
6048
6058
6062
6064
6066
6068
6074
6078
6090
6092
6092
6094
6100
6102
6104
6106
6106
6108
6114
6118
6122
6122
6128
6130
6134
6136
6136
6136
6138
6138
6140
6146
6150
6158
6158
6166
6174
6180
6182
6184
6192
6194
6198
6202
6202
6214
6216
6222
6246
6250
6272
6280
6328
6328
6334
6356
6370
6418
6426
6428
6434
6438
6462
6524
6540
6542
6560
6598
6660
6710
6752
6772
6784
6804
6854
6896
6990
6998
7030
7052
7054
7128
7252
7308
7436
7676
7702
7954
8050
8070
8086
8368
8698
8964
9212
9492
9530
9530
9688
9978
10070
10128
10596
10608
10936
11112
11192
11286
11300
11306
11378
11448
11450
11492
12010
12014
12128
12224
12706
12840
12930
13070
13132
13426
13494
13730
14016
14184
14516
14862
14910
14920
14962
15030
15040
15296
15350
15430
15584
15930
16218
16510
16634
16692
16876
17278
17364
17608
17806
18198
18298
18324
18890
19100
19170
19776
20356
20588
20736
21028
21310
21438
21740
21820
23482
23498
23840
24018
24244
24426
24682
24842
25306
25530
25716
25750
26278
26320
27016
27146
28028
28482
29130
29156
30094
30352
30384
30552
31664
32350
33658
33772
34308
34750
34792
34878
35094
35444
36774
37084
37850
40192
46668
50526
55234
55688
