Latencies
5068
5134
5134
5136
5144
5144
5146
5146
5148
5148
5152
5152
5156
5158
5160
5164
5164
5166
5168
5170
5172
5172
5174
5174
5180
5180
5180
5182
5182
5184
5184
5186
5186
5188
5188
5188
5190
5190
5190
5190
5192
5192
5192
5192
5192
5196
5198
5200
5200
5202
5206
5206
5206
5206
5210
5212
5212
5214
5214
5214
5216
5216
5216
5218
5220
5220
5222
5224
5226
5228
5228
5230
5234
5234
5236
5236
5240
5250
5250
5250
5252
5252
5254
5254
5254
5256
5258
5260
5260
5260
5262
5262
5264
5266
5268
5268
5268
5268
5270
5270
5272
5272
5272
5272
5272
5272
5274
5274
5274
5274
5276
5276
5276
5276
5276
5278
5280
5282
5282
5282
5282
5284
5284
5284
5284
5284
5286
5286
5286
5288
5288
5290
5290
5290
5290
5290
5292
5292
5296
5296
5296
5296
5296
5298
5298
5300
5300
5302
5302
5302
5304
5304
5304
5306
5306
5308
5308
5308
5308
5308
5308
5308
5310
5310
5310
5312
5312
5314
5314
5314
5314
5314
5316
5316
5316
5318
5318
5318
5320
5320
5320
5322
5322
5322
5322
5324
5324
5324
5324
5324
5324
5326
5328
5328
5328
5328
5332
5332
5332
5334
5334
5334
5336
5336
5336
5336
5338
5338
5340
5340
5340
5340
5340
5342
5342
5342
5342
5342
5342
5342
5344
5344
5344
5344
5344
5344
5346
5346
5346
5346
5346
5346
5348
5348
5348
5348
5348
5350
5350
5350
5350
5350
5352
5352
5352
5352
5352
5354
5354
5356
5356
5356
5356
5356
5356
5358
5358
5360
5362
5362
5362
5362
5364
5364
5364
5366
5366
5366
5366
5368
5368
5368
5368
5368
5370
5370
5370
5370
5370
5370
5370
5370
5372
5372
5372
5372
5372
5372
5374
5374
5374
5374
5374
5376
5376
5378
5378
5378
5380
5380
5380
5380
5382
5382
5382
5382
5382
5382
5382
5382
5384
5384
5384
5384
5384
5384
5384
5386
5386
5388
5388
5390
5390
5390
5390
5392
5392
5392
5392
5392
5392
5392
5394
5396
5396
5396
5396
5398
5398
5398
5400
5400
5400
5402
5402
5402
5404
5404
5406
5406
5406
5406
5406
5406
5406
5406
5406
5406
5408
5408
5410
5410
5410
5410
5410
5412
5412
5412
5412
5414
5414
5414
5414
5414
5416
5416
5418
5418
5418
5418
5418
5420
5420
5420
5420
5422
5422
5422
5422
5424
5424
5426
5426
5426
5426
5430
5432
5432
5432
5432
5432
5434
5434
5434
5436
5438
5438
5438
5440
5440
5440
5440
5440
5440
5442
5442
5442
5442
5442
5442
5442
5444
5446
5446
5448
5448
5448
5448
5448
5448
5450
5450
5452
5452
5452
5452
5452
5452
5454
5458
5458
5458
5460
5460
5460
5462
5462
5462
5464
5464
5464
5466
5466
5466
5468
5468
5470
5470
5470
5472
5472
5474
5474
5474
5474
5474
5476
5476
5480
5480
5480
5482
5482
5484
5484
5486
5486
5486
5488
5488
5488
5488
5488
5490
5490
5490
5494
5496
5496
5496
5498
5498
5500
5502
5502
5502
5504
5504
5506
5506
5508
5510
5510
5510
5510
5510
5512
5514
5516
5516
5516
5518
5518
5520
5520
5520
5520
5522
5522
5522
5522
5524
5526
5528
5530
5532
5532
5532
5532
5534
5534
5536
5538
5538
5540
5540
5540
5540
5542
5542
5544
5544
5546
5546
5548
5548
5550
5550
5552
5552
5552
5554
5558
5560
5560
5562
5562
5562
5564
5564
5564
5564
5566
5566
5568
5568
5568
5572
5572
5572
5574
5576
5576
5580
5582
5582
5584
5584
5586
5588
5592
5594
5594
5596
5600
5604
5608
5610
5612
5614
5614
5614
5616
5616
5618
5620
5620
5622
5622
5624
5626
5630
5632
5632
5632
5634
5638
5646
5648
5648
5648
5650
5654
5660
5664
5664
5664
5666
5670
5672
5672
5672
5674
5676
5678
5684
5684
5684
5686
5688
5690
5694
5698
5698
5698
5700
5702
5704
5706
5706
5706
5706
5706
5706
5706
5706
5708
5708
5712
5712
5712
5714
5716
5718
5718
5720
5722
5724
5726
5726
5726
5726
5728
5730
5730
5734
5736
5738
5738
5742
5748
5752
5754
5760
5762
5766
5766
5768
5770
5774
5774
5778
5782
5782
5782
5784
5784
5786
5790
5792
5792
5792
5794
5796
5800
5804
5810
5814
5814
5814
5816
5818
5822
5822
5826
5830
5836
5836
5838
5844
5844
5846
5848
5852
5858
5858
5862
5864
5864
5866
5870
5870
5870
5872
5878
5878
5880
5884
5886
5890
5892
5894
5894
5894
5896
5902
5906
5908
5912
5914
5916
5916
5916
5920
5924
5926
5928
5930
5936
5940
5940
5942
5944
5944
5950
5952
5952
5952
5952
5954
5954
5954
5956
5962
5962
5966
5966
5966
5968
5968
5972
5986
5988
5988
5994
5994
5998
6000
6012
6016
6016
6018
6018
6022
6026
6026
6028
6030
6036
6048
6050
6050
6050
6054
6054
6062
6062
6064
6064
6072
6078
6078
6080
6082
6090
6092
6094
6102
6108
6112
6124
6128
6130
6132
6132
6136
6148
6150
6156
6160
6162
6166
6174
6174
6184
6184
6188
6192
6196
6196
6196
6200
6202
6204
6224
6226
6228
6230
6230
6232
6234
6238
6240
6246
6254
6266
6272
6304
6310
6332
6336
6344
6348
6356
6356
6384
6450
6464
6490
6540
6570
6592
6596
6616
6648
6704
6710
6732
6742
6754
6758
6778
6834
6844
6854
6858
6888
6912
6932
6980
7028
7030
7040
7062
7118
7154
7158
7174
7544
7552
7584
7672
7708
7796
7854
8086
9024
9110
9300
9692
9824
9840
9844
9884
9980
10000
10268
10630
10876
11090
11126
11136
11486
11536
11540
11688
12354
12606
12678
12792
12838
12922
13118
13136
13208
13496
14122
14232
14264
14422
14436
14442
14506
14562
14624
14784
14800
14806
14850
15186
15528
15624
15688
15808
15924
16118
16180
16222
16882
17110
17372
17628
17906
18414
18856
18890
18944
19188
19378
19638
19842
19854
20082
20462
21266
21444
21824
22584
22632
22728
23078
23530
24344
24416
24592
25226
25252
25426
25530
25556
25600
25972
26222
26866
26962
27382
27432
28248
28264
29210
30476
31462
32716
32792
34634
35390
35492
35806
36434
37896
