Latencies
4936
4950
4956
4956
4958
4960
4962
4974
4974
4974
4976
4978
4984
4984
4990
4992
4992
4994
4994
4994
4996
4998
5000
5000
5002
5002
5004
5006
5006
5006
5006
5006
5008
5010
5010
5010
5010
5012
5012
5012
5014
5014
5016
5016
5018
5018
5020
5022
5022
5022
5024
5024
5024
5024
5026
5026
5026
5028
5028
5030
5030
5030
5030
5030
5030
5032
5036
5036
5038
5038
5040
5040
5040
5042
5042
5042
5044
5044
5046
5046
5046
5048
5048
5048
5048
5048
5050
5050
5050
5052
5052
5052
5052
5054
5054
5054
5054
5054
5056
5056
5056
5056
5056
5058
5058
5058
5058
5058
5060
5060
5060
5060
5062
5064
5064
5064
5064
5064
5066
5068
5068
5068
5070
5072
5074
5074
5076
5076
5076
5076
5078
5078
5078
5080
5080
5080
5080
5080
5080
5082
5082
5082
5082
5082
5082
5082
5084
5084
5084
5084
5086
5086
5086
5086
5086
5086
5086
5088
5088
5088
5090
5090
5090
5094
5096
5096
5096
5096
5096
5098
5098
5098
5098
5098
5098
5100
5100
5100
5100
5102
5104
5104
5104
5104
5108
5108
5108
5110
5110
5110
5110
5110
5110
5112
5112
5112
5112
5114
5116
5116
5118
5118
5120
5120
5124
5124
5124
5124
5124
5126
5126
5126
5128
5128
5128
5130
5130
5132
5132
5132
5132
5136
5136
5136
5136
5138
5138
5140
5140
5142
5142
5144
5144
5144
5144
5146
5146
5148
5148
5150
5150
5150
5150
5150
5152
5152
5152
5152
5154
5156
5156
5156
5156
5156
5158
5160
5160
5160
5160
5160
5160
5160
5160
5160
5162
5162
5162
5162
5164
5164
5164
5166
5166
5166
5168
5168
5168
5168
5168
5168
5168
5168
5170
5170
5170
5170
5172
5172
5174
5174
5176
5176
5176
5178
5178
5178
5180
5180
5182
5182
5182
5182
5182
5184
5184
5184
5184
5184
5184
5184
5186
5186
5186
5188
5188
5188
5188
5190
5190
5190
5192
5192
5192
5192
5192
5192
5194
5196
5196
5196
5198
5198
5198
5198
5200
5200
5200
5202
5202
5204
5204
5204
5204
5204
5204
5206
5206
5208
5208
5208
5210
5210
5212
5212
5212
5214
5214
5214
5214
5214
5216
5216
5216
5218
5218
5218
5218
5218
5220
5220
5220
5220
5220
5220
5222
5222
5222
5222
5222
5222
5224
5224
5226
5226
5226
5226
5226
5228
5230
5230
5230
5232
5234
5234
5234
5234
5234
5236
5236
5238
5238
5238
5238
5238
5240
5240
5240
5242
5242
5242
5244
5244
5244
5246
5246
5246
5246
5248
5248
5248
5250
5250
5252
5252
5254
5254
5256
5256
5256
5256
5256
5258
5258
5258
5258
5260
5260
5260
5260
5262
5262
5262
5262
5264
5264
5266
5266
5266
5266
5266
5266
5268
5268
5268
5270
5272
5272
5272
5274
5274
5276
5276
5276
5276
5276
5276
5276
5278
5278
5278
5280
5286
5286
5286
5286
5288
5288
5288
5288
5288
5292
5294
5294
5298
5298
5300
5300
5300
5302
5302
5306
5306
5308
5308
5308
5310
5312
5312
5312
5314
5316
5316
5316
5316
5320
5320
5320
5322
5324
5324
5326
5328
5328
5328
5330
5330
5332
5332
5332
5334
5336
5338
5338
5338
5340
5342
5342
5342
5342
5344
5344
5348
5348
5348
5348
5350
5350
5350
5350
5350
5352
5352
5354
5354
5356
5356
5358
5358
5360
5360
5360
5362
5362
5366
5366
5368
5368
5368
5370
5370
5370
5370
5370
5372
5374
5374
5376
5376
5376
5378
5378
5380
5380
5380
5382
5382
5388
5390
5390
5390
5392
5396
5398
5402
5408
5408
5412
5412
5414
5416
5416
5418
5422
5424
5424
5428
5430
5432
5432
5436
5436
5438
5440
5440
5442
5442
5446
5446
5446
5450
5452
5452
5454
5454
5456
5456
5460
5460
5464
5464
5468
5476
5478
5480
5484
5486
5488
5490
5490
5492
5492
5492
5494
5494
5496
5498
5502
5504
5510
5510
5512
5514
5514
5518
5528
5528
5530
5534
5536
5538
5538
5542
5544
5544
5546
5548
5550
5550
5552
5552
5556
5566
5566
5566
5566
5568
5568
5570
5572
5572
5572
5576
5578
5580
5580
5588
5590
5590
5592
5594
5598
5602
5606
5610
5614
5614
5614
5622
5624
5626
5636
5638
5638
5638
5640
5640
5644
5646
5652
5654
5654
5658
5662
5662
5662
5664
5664
5666
5670
5670
5672
5678
5680
5680
5684
5684
5690
5692
5692
5696
5698
5698
5700
5706
5712
5712
5720
5720
5728
5728
5730
5730
5736
5738
5744
5746
5750
5752
5752
5754
5756
5756
5760
5766
5768
5772
5774
5778
5778
5782
5784
5788
5790
5792
5792
5794
5796
5798
5804
5804
5814
5818
5820
5824
5828
5828
5836
5838
5838
5844
5848
5848
5848
5852
5856
5858
5858
5858
5858
5864
5866
5868
5878
5880
5884
5886
5892
5894
5896
5902
5908
5908
5910
5914
5914
5916
5922
5928
5940
5944
5950
5952
5966
5968
5972
5974
5982
5990
5994
5998
6012
6016
6044
6050
6052
6052
6058
6070
6076
6076
6080
6084
6086
6094
6096
6102
6110
6148
6162
6166
6172
6182
6208
6220
6232
6246
6268
6278
6282
6288
6294
6298
6304
6314
6330
6336
6352
6364
6382
6414
6424
6436
6446
6472
6490
6498
6542
6556
6578
6592
6612
6616
6622
6636
6644
6648
6682
6684
6694
6750
6754
6808
6816
7050
7094
7144
7236
7254
7262
7402
7526
7608
7758
7884
8008
8222
8248
8512
8602
8624
8628
8796
9070
9134
9142
9206
9266
9278
9450
9702
9956
10146
10160
10268
10274
10346
10644
10754
10814
10874
11344
11366
11582
12000
12064
12372
12852
13228
13416
13454
13534
13578
13818
13994
14180
14192
14328
14370
14464
14490
15210
15502
15932
17016
17210
17652
17866
18936
19230
19842
20122
20246
20350
20908
21068
22704
22710
22868
23172
23454
23610
24234
24302
24302
24316
24418
24464
24556
24566
24760
24936
24992
25172
25284
25476
25548
26032
26892
27296
29380
29448
29484
29500
29634
31352
31386
31546
31690
31954
32906
32942
34164
34254
35042
35168
36038
36934
38360
38820
39504
41864
43198
46682
50996
61148
64766
105384
