Latencies
4940
4958
4968
4978
4980
4984
4984
4988
4990
4994
4994
4994
4998
4998
4998
5004
5004
5006
5006
5006
5008
5008
5008
5010
5010
5010
5010
5012
5014
5014
5016
5016
5018
5018
5018
5018
5020
5022
5022
5022
5022
5022
5024
5024
5026
5026
5026
5026
5026
5026
5028
5028
5030
5030
5030
5032
5034
5034
5034
5034
5034
5034
5034
5036
5036
5036
5036
5036
5038
5038
5038
5040
5040
5042
5042
5042
5042
5044
5044
5044
5044
5046
5046
5046
5048
5050
5050
5050
5050
5050
5050
5052
5052
5054
5054
5054
5054
5054
5056
5056
5056
5056
5056
5056
5058
5058
5058
5060
5062
5062
5062
5062
5062
5062
5064
5064
5064
5066
5066
5066
5068
5068
5070
5070
5072
5072
5074
5074
5074
5074
5074
5076
5078
5078
5078
5078
5080
5080
5082
5082
5082
5082
5082
5082
5084
5084
5084
5086
5086
5086
5086
5088
5090
5090
5090
5092
5092
5092
5092
5092
5092
5092
5092
5092
5094
5094
5096
5096
5098
5098
5100
5100
5100
5100
5102
5104
5104
5104
5104
5104
5106
5106
5106
5106
5106
5106
5106
5108
5108
5108
5108
5108
5110
5110
5110
5110
5112
5112
5112
5114
5114
5114
5114
5114
5116
5116
5116
5116
5116
5116
5118
5118
5118
5120
5120
5122
5124
5124
5124
5124
5124
5128
5128
5128
5130
5130
5130
5130
5132
5132
5134
5134
5136
5136
5136
5136
5138
5138
5138
5140
5140
5140
5140
5142
5142
5142
5142
5144
5144
5144
5144
5146
5148
5148
5148
5150
5152
5152
5152
5152
5152
5152
5154
5154
5156
5158
5160
5160
5160
5160
5162
5162
5164
5164
5164
5164
5164
5166
5166
5166
5166
5166
5166
5168
5168
5168
5168
5168
5170
5170
5170
5170
5172
5172
5174
5174
5174
5174
5174
5174
5176
5178
5178
5178
5178
5180
5180
5180
5182
5182
5184
5184
5184
5184
5186
5188
5188
5190
5190
5190
5190
5190
5190
5190
5190
5190
5192
5192
5192
5192
5194
5194
5198
5198
5198
5198
5200
5200
5200
5200
5202
5202
5202
5202
5204
5204
5204
5204
5204
5206
5206
5206
5206
5208
5210
5210
5210
5210
5210
5210
5212
5212
5212
5214
5214
5214
5214
5214
5216
5216
5216
5216
5216
5216
5216
5218
5218
5218
5218
5220
5220
5220
5222
5222
5224
5224
5224
5224
5224
5224
5224
5226
5228
5228
5228
5230
5230
5232
5232
5234
5234
5234
5234
5236
5238
5238
5238
5238
5240
5242
5242
5242
5242
5244
5244
5244
5246
5248
5248
5250
5250
5252
5252
5252
5252
5254
5254
5254
5254
5256
5256
5256
5256
5258
5258
5258
5260
5260
5260
5262
5262
5264
5264
5266
5268
5268
5268
5268
5268
5270
5270
5272
5272
5272
5272
5272
5272
5272
5274
5278
5278
5278
5280
5280
5280
5282
5284
5286
5286
5286
5286
5286
5288
5288
5288
5290
5292
5292
5292
5294
5296
5298
5298
5298
5300
5300
5302
5304
5304
5306
5306
5306
5310
5310
5310
5312
5312
5312
5314
5314
5316
5316
5316
5316
5318
5318
5320
5320
5322
5326
5326
5326
5328
5328
5330
5330
5330
5330
5332
5332
5332
5332
5332
5332
5334
5336
5344
5344
5348
5350
5354
5354
5354
5358
5358
5358
5358
5358
5358
5360
5360
5360
5360
5366
5368
5370
5370
5372
5372
5372
5372
5374
5376
5378
5380
5386
5388
5390
5392
5392
5394
5394
5396
5396
5402
5402
5404
5404
5408
5410
5410
5414
5414
5414
5418
5418
5420
5422
5422
5424
5424
5426
5428
5428
5430
5434
5436
5438
5438
5438
5440
5442
5444
5446
5448
5450
5452
5452
5454
5460
5460
5460
5460
5464
5464
5466
5468
5468
5468
5470
5474
5474
5474
5476
5476
5476
5478
5480
5488
5488
5492
5496
5496
5498
5498
5504
5506
5510
5510
5510
5512
5516
5516
5516
5518
5520
5520
5522
5524
5526
5528
5532
5532
5532
5534
5534
5534
5536
5536
5540
5540
5540
5544
5544
5544
5550
5550
5552
5552
5552
5556
5556
5556
5556
5558
5562
5564
5566
5566
5568
5570
5570
5570
5572
5574
5576
5580
5584
5588
5590
5592
5594
5596
5598
5600
5602
5610
5614
5616
5616
5636
5638
5640
5640
5640
5640
5644
5652
5662
5664
5668
5668
5672
5674
5678
5678
5680
5686
5690
5692
5694
5694
5708
5710
5710
5716
5718
5718
5718
5722
5724
5728
5728
5730
5738
5738
5738
5750
5754
5756
5756
5758
5758
5764
5766
5766
5770
5770
5776
5776
5778
5780
5780
5782
5786
5786
5788
5790
5792
5800
5800
5804
5810
5812
5814
5820
5822
5826
5826
5840
5852
5854
5856
5856
5858
5864
5874
5876
5878
5884
5894
5896
5898
5908
5908
5910
5918
5926
5934
5940
5944
5946
5966
5982
5992
6002
6008
6014
6014
6022
6028
6030
6032
6042
6042
6050
6058
6060
6072
6084
6088
6088
6090
6110
6118
6144
6148
6150
6166
6168
6184
6210
6228
6234
6242
6244
6244
6256
6304
6342
6342
6344
6354
6354
6376
6382
6452
6470
6488
6506
6510
6544
6554
6582
6608
6674
6676
6688
6732
6752
6804
6818
6870
6942
7036
7208
7300
7328
7354
7444
7466
7486
7496
7536
7716
7758
7778
7860
7884
7988
8208
8430
8498
8598
8612
8814
8920
8958
8968
8968
9242
9254
9402
9422
9868
9908
10114
10160
10284
10426
10634
10916
10994
11324
11384
11400
11446
11516
11658
11850
11878
11894
11980
12054
12064
12120
12150
12640
12720
12988
13028
13392
13404
13766
14056
14122
14128
14158
14238
14282
14324
14460
15434
15510
15614
15788
16010
17410
18896
18900
19014
19260
19296
19422
19568
19700
19806
20766
22736
23040
23692
24262
24386
24502
24566
25108
25720
26360
26562
28422
31290
33424
33644
33828
34376
34414
34490
35050
35498
36070
43242
44518
47686
