Latencies
5078
5096
5096
5104
5112
5112
5114
5116
5118
5122
5122
5124
5130
5132
5132
5136
5140
5140
5142
5142
5142
5144
5144
5144
5144
5144
5144
5148
5148
5150
5150
5150
5152
5152
5152
5154
5154
5154
5158
5158
5164
5166
5166
5166
5166
5168
5170
5170
5170
5174
5174
5174
5174
5176
5176
5176
5176
5176
5176
5178
5178
5180
5180
5182
5182
5182
5182
5184
5184
5186
5188
5188
5192
5192
5192
5194
5194
5194
5194
5196
5196
5196
5198
5198
5198
5198
5200
5200
5202
5202
5204
5204
5204
5206
5208
5208
5208
5208
5208
5208
5210
5212
5212
5214
5216
5216
5216
5218
5222
5222
5222
5224
5224
5224
5226
5226
5226
5226
5226
5228
5230
5230
5232
5232
5232
5232
5232
5234
5234
5238
5240
5240
5240
5242
5242
5244
5246
5246
5246
5246
5248
5248
5248
5250
5250
5250
5252
5256
5256
5256
5258
5258
5258
5260
5260
5260
5262
5264
5266
5266
5266
5268
5268
5268
5270
5270
5272
5272
5276
5276
5278
5278
5278
5278
5280
5282
5282
5282
5284
5284
5286
5286
5288
5288
5288
5290
5290
5292
5292
5292
5292
5294
5294
5296
5296
5296
5298
5298
5298
5298
5300
5300
5300
5300
5300
5300
5302
5304
5306
5306
5306
5306
5308
5308
5308
5308
5308
5308
5308
5308
5308
5308
5308
5310
5310
5312
5312
5312
5312
5314
5314
5314
5314
5314
5314
5314
5316
5316
5316
5316
5318
5318
5318
5318
5318
5320
5320
5320
5320
5320
5320
5322
5322
5322
5324
5324
5324
5326
5326
5326
5326
5328
5328
5328
5328
5330
5330
5332
5332
5332
5334
5334
5336
5338
5338
5338
5338
5338
5338
5338
5338
5340
5340
5340
5340
5340
5340
5340
5340
5340
5342
5342
5342
5342
5342
5344
5344
5344
5346
5346
5346
5346
5346
5346
5348
5348
5348
5348
5350
5350
5350
5350
5352
5352
5352
5354
5354
5354
5354
5356
5356
5358
5358
5358
5358
5358
5358
5360
5360
5360
5360
5360
5360
5362
5364
5366
5366
5366
5366
5366
5366
5366
5366
5368
5368
5368
5368
5368
5368
5368
5368
5370
5370
5372
5372
5372
5374
5374
5374
5374
5376
5376
5376
5376
5378
5378
5378
5378
5380
5380
5380
5380
5380
5382
5382
5384
5386
5388
5388
5388
5390
5392
5392
5392
5392
5392
5392
5392
5394
5394
5394
5394
5394
5396
5396
5396
5398
5398
5398
5398
5400
5402
5402
5402
5404
5404
5404
5408
5408
5410
5410
5410
5412
5414
5414
5414
5416
5418
5418
5418
5420
5422
5422
5422
5424
5424
5424
5424
5424
5424
5426
5426
5430
5432
5432
5432
5436
5436
5436
5436
5438
5438
5440
5440
5442
5444
5446
5448
5450
5450
5450
5450
5456
5458
5458
5458
5458
5460
5460
5462
5464
5464
5464
5466
5468
5470
5470
5470
5472
5474
5476
5476
5476
5480
5480
5482
5482
5482
5484
5484
5484
5484
5484
5484
5486
5486
5488
5488
5488
5490
5490
5492
5492
5494
5494
5498
5500
5502
5502
5502
5504
5506
5508
5508
5512
5512
5514
5514
5514
5514
5516
5516
5516
5518
5518
5518
5520
5522
5526
5526
5526
5528
5528
5528
5528
5530
5530
5530
5532
5532
5532
5532
5534
5536
5536
5536
5538
5538
5540
5542
5542
5544
5548
5548
5548
5548
5552
5552
5554
5556
5558
5558
5558
5560
5562
5562
5564
5564
5564
5564
5568
5570
5572
5572
5574
5580
5584
5586
5588
5590
5592
5594
5594
5596
5596
5598
5600
5600
5602
5602
5606
5606
5606
5608
5616
5616
5618
5620
5620
5620
5622
5628
5628
5630
5634
5634
5638
5638
5638
5638
5642
5646
5648
5648
5650
5650
5652
5652
5654
5654
5654
5654
5654
5664
5666
5666
5670
5670
5670
5670
5672
5672
5672
5672
5674
5676
5678
5684
5684
5688
5690
5690
5698
5700
5706
5708
5710
5712
5712
5714
5714
5718
5720
5720
5722
5724
5724
5724
5730
5736
5738
5746
5746
5754
5756
5758
5760
5764
5764
5768
5770
5772
5774
5776
5778
5780
5782
5792
5798
5800
5800
5804
5806
5808
5810
5812
5816
5816
5818
5828
5832
5838
5840
5842
5850
5854
5854
5858
5860
5864
5864
5866
5870
5870
5874
5876
5876
5878
5884
5886
5888
5894
5894
5896
5904
5904
5912
5918
5918
5926
5932
5936
5944
5946
5950
5950
5950
5964
5968
5972
5972
5974
5974
5974
5974
5974
5976
5980
5990
5990
5992
5994
5994
6002
6006
6008
6008
6010
6018
6020
6022
6032
6032
6042
6048
6052
6064
6066
6074
6080
6084
6088
6090
6092
6098
6100
6102
6102
6110
6120
6122
6126
6128
6132
6132
6134
6138
6142
6144
6146
6148
6154
6168
6170
6176
6176
6182
6186
6190
6192
6202
6202
6204
6208
6210
6210
6222
6226
6228
6234
6238
6262
6282
6284
6292
6302
6304
6306
6320
6320
6332
6350
6390
6398
6430
6462
6480
6482
6484
6538
6540
6548
6576
6584
6604
6614
6620
6640
6682
6704
6728
6738
6778
6830
6866
6876
6894
6928
6986
7032
7042
7056
7192
7436
7476
7774
7848
8142
8758
9034
9168
9382
9496
9576
9680
9736
9806
9958
9976
10264
10394
10474
10500
10764
10798
10822
10836
10906
10960
10966
11064
11206
11214
11284
11316
11376
11410
11458
11516
11722
12316
13242
13406
13504
13638
13806
13842
13858
13930
13972
14000
14090
14148
14358
14366
14420
14424
14446
14694
14824
14892
14942
14950
15376
15594
15672
16256
16304
16500
16724
16850
17142
17650
18758
18792
18948
19192
19472
20256
20458
20914
21026
21286
21702
21854
21904
21922
21992
22168
22276
22498
22712
23176
23222
24034
24642
24730
25170
25466
25504
25594
25856
26066
26278
26298
26312
26408
26600
26874
26926
27246
28200
28644
28662
28972
29226
29488
29766
30108
31064
31250
31316
31350
31880
31956
32440
32688
32914
33114
34188
34798
35076
35304
35624
35902
36130
36784
37114
40430
43542
43738
57428
