Latencies
4964
4972
4978
4984
5018
5020
5026
5030
5034
5036
5038
5042
5042
5048
5052
5056
5060
5062
5064
5068
5068
5068
5070
5070
5070
5070
5072
5072
5078
5078
5080
5080
5084
5086
5090
5090
5092
5092
5092
5092
5092
5094
5094
5094
5098
5098
5098
5100
5100
5102
5102
5104
5106
5108
5108
5108
5110
5112
5112
5116
5116
5116
5118
5118
5118
5118
5122
5122
5124
5124
5126
5126
5128
5128
5128
5128
5130
5132
5132
5132
5134
5134
5134
5136
5136
5136
5136
5138
5138
5138
5138
5142
5142
5144
5144
5150
5150
5150
5152
5152
5152
5152
5156
5156
5156
5158
5158
5158
5158
5160
5160
5160
5160
5160
5160
5162
5162
5162
5164
5164
5164
5164
5166
5166
5166
5166
5168
5170
5170
5170
5170
5172
5172
5174
5174
5176
5176
5176
5176
5176
5176
5178
5178
5178
5178
5180
5180
5180
5180
5180
5180
5182
5182
5182
5184
5184
5184
5186
5186
5188
5188
5188
5188
5190
5190
5192
5192
5192
5192
5194
5194
5194
5194
5200
5202
5202
5202
5202
5202
5202
5204
5206
5206
5208
5208
5208
5208
5208
5210
5210
5212
5212
5212
5214
5214
5214
5216
5216
5216
5216
5216
5218
5218
5218
5220
5220
5220
5222
5222
5222
5222
5222
5222
5222
5222
5222
5224
5224
5224
5224
5226
5226
5228
5228
5228
5230
5230
5230
5232
5232
5232
5232
5234
5234
5234
5234
5234
5234
5234
5234
5236
5236
5236
5236
5238
5240
5240
5240
5240
5242
5242
5242
5242
5242
5242
5242
5244
5244
5244
5244
5244
5244
5244
5244
5244
5246
5246
5248
5248
5250
5250
5250
5252
5252
5254
5254
5256
5256
5256
5258
5258
5260
5260
5260
5262
5262
5262
5262
5266
5266
5266
5266
5268
5270
5270
5270
5272
5272
5272
5274
5274
5276
5278
5278
5278
5280
5280
5280
5280
5280
5280
5280
5282
5282
5282
5282
5284
5284
5286
5288
5288
5288
5290
5290
5290
5290
5292
5292
5292
5292
5292
5292
5294
5294
5294
5294
5296
5296
5296
5296
5298
5298
5298
5298
5300
5300
5302
5302
5304
5306
5306
5306
5306
5306
5308
5308
5308
5310
5310
5310
5310
5312
5312
5314
5314
5314
5314
5316
5316
5316
5316
5316
5316
5318
5320
5322
5322
5324
5324
5326
5326
5326
5326
5328
5330
5330
5332
5334
5334
5336
5336
5338
5338
5338
5340
5340
5340
5340
5342
5344
5344
5346
5346
5346
5346
5348
5348
5350
5350
5350
5350
5350
5350
5352
5352
5352
5354
5354
5354
5354
5354
5354
5356
5356
5358
5358
5358
5358
5358
5360
5362
5362
5364
5364
5364
5366
5366
5366
5368
5368
5368
5368
5368
5370
5370
5370
5370
5374
5378
5378
5378
5380
5380
5380
5384
5384
5384
5384
5384
5386
5386
5386
5386
5388
5388
5388
5388
5388
5390
5392
5394
5396
5396
5396
5396
5398
5400
5400
5400
5400
5400
5402
5406
5406
5406
5406
5412
5412
5416
5416
5418
5420
5420
5420
5424
5426
5426
5428
5428
5430
5434
5434
5434
5436
5438
5438
5440
5444
5444
5446
5446
5448
5448
5450
5452
5452
5454
5454
5454
5456
5458
5458
5460
5460
5464
5464
5466
5466
5466
5468
5468
5472
5474
5476
5476
5476
5478
5478
5480
5482
5482
5486
5486
5492
5492
5500
5500
5502
5502
5506
5508
5510
5510
5512
5512
5514
5518
5522
5530
5532
5534
5536
5538
5538
5538
5538
5538
5540
5540
5542
5542
5544
5546
5548
5548
5550
5550
5552
5554
5554
5556
5558
5558
5560
5560
5564
5564
5566
5568
5572
5574
5576
5578
5580
5584
5584
5586
5586
5586
5586
5586
5588
5590
5592
5594
5596
5598
5598
5600
5602
5602
5604
5604
5608
5610
5612
5616
5618
5618
5622
5624
5626
5634
5636
5638
5638
5638
5642
5644
5644
5648
5652
5654
5654
5656
5658
5660
5660
5660
5662
5664
5666
5668
5668
5668
5674
5676
5676
5676
5682
5688
5688
5690
5690
5692
5692
5700
5704
5704
5708
5710
5712
5718
5720
5720
5726
5730
5734
5738
5738
5740
5740
5742
5750
5752
5754
5756
5758
5758
5762
5768
5772
5772
5774
5776
5780
5782
5792
5794
5794
5796
5796
5798
5800
5808
5808
5808
5810
5812
5814
5820
5828
5832
5832
5834
5840
5842
5842
5844
5844
5846
5854
5854
5856
5860
5860
5860
5860
5862
5870
5872
5872
5874
5874
5878
5886
5888
5894
5898
5898
5900
5900
5902
5902
5904
5904
5912
5912
5912
5916
5920
5926
5928
5930
5932
5932
5932
5934
5942
5948
5950
5950
5952
5960
5962
5966
5968
5970
5980
5982
5982
5984
5986
5990
5994
5996
6002
6004
6008
6010
6012
6012
6016
6016
6016
6018
6022
6028
6032
6032
6036
6038
6040
6044
6054
6060
6070
6070
6070
6078
6086
6086
6088
6092
6094
6106
6108
6110
6138
6140
6146
6148
6166
6182
6190
6192
6204
6222
6236
6236
6242
6244
6244
6246
6248
6254
6264
6268
6278
6278
6282
6290
6290
6296
6298
6298
6306
6310
6334
6334
6338
6348
6352
6356
6364
6394
6402
6406
6422
6474
6482
6504
6508
6518
6564
6568
6570
6572
6590
6606
6626
6652
6728
6742
6828
6844
6868
6948
6966
6986
6998
7034
7140
7202
7336
7406
7528
7584
7614
7646
7704
7762
7840
7922
8096
8292
8328
8372
8450
8608
8624
8654
8742
8804
8818
8892
9384
9500
9524
9672
9678
9856
9860
10056
10178
10252
10306
10428
10514
10550
10716
10780
10870
10966
10976
11252
11326
11464
11886
12046
12156
12948
13596
13622
13906
14110
14260
14504
14582
14652
14788
14990
15184
15358
16092
16918
17156
17792
17894
19190
19224
20070
20140
20432
21886
21980
23594
23968
24032
24622
24698
27540
27570
29926
31838
33466
34320
34326
34944
35386
36138
40742
43804
43850
132450
