Latencies
5274
5326
5332
5348
5348
5360
5448
5462
5472
5492
5580
5582
5584
5598
5692
5756
5780
5794
5830
5890
5912
5952
6002
6016
6016
6026
6082
6092
6124
6156
6176
6236
6244
6248
6256
6258
6268
6340
6354
6448
6482
6618
6626
6644
6660
6672
6942
6946
7222
7280
7374
7382
7452
7468
7468
7486
7488
7534
7546
7558
7614
7616
7636
7644
7654
7662
7662
7676
7678
7682
7688
7760
7780
7790
7814
7838
7870
7974
7990
8020
8040
8082
8086
8100
8132
8158
8158
8198
8244
8320
8330
8380
8470
8542
8556
8680
8740
8744
8810
8834
8896
8914
8974
8988
9016
9128
9136
9188
9216
9234
9298
9322
9430
9436
9472
9496
9524
9564
9596
9630
9640
9720
9778
9794
9826
9832
9832
9868
9874
9876
9918
9934
9940
9980
10000
10012
10118
10118
10126
10154
10222
10264
10280
10284
10326
10364
10372
10378
10384
10472
10474
10486
10544
10564
10606
10610
10672
10674
10692
10694
10706
10708
10738
10738
10742
10770
10770
10770
10800
10910
10966
11010
11072
11106
11166
11210
11228
11236
11284
11346
11352
11380
11388
11462
11464
11474
11486
11508
11516
11520
11538
11604
11608
11642
11646
11662
11730
11814
11856
11858
11922
12006
12100
12118
12128
12144
12232
12236
12246
12272
12278
12286
12322
12330
12358
12360
12398
12506
12526
12538
12548
12574
12616
12628
12682
12716
12726
12766
12770
12798
12808
12810
12814
12816
12820
12842
12848
12946
12950
12998
13040
13086
13104
13144
13164
13176
13216
13226
13262
13268
13290
13358
13376
13400
13428
13434
13452
13470
13474
13486
13488
13526
13550
13560
13624
13634
13654
13744
13760
13768
13796
13844
13858
13896
13898
13904
13904
13960
13968
13982
13994
14010
14040
14046
14102
14106
14164
14166
14170
14182
14188
14230
14284
14290
14326
14338
14338
14386
14418
14434
14436
14438
14440
14450
14452
14454
14462
14478
14488
14508
14512
14514
14522
14524
14532
14536
14538
14568
14572
14580
14590
14594
14604
14618
14622
14626
14634
14640
14642
14644
14644
14644
14652
14666
14678
14686
14688
14688
14692
14696
14702
14712
14714
14722
14730
14732
14734
14738
14738
14740
14744
14748
14758
14762
14766
14772
14774
14780
14786
14794
14800
14804
14806
14812
14814
14818
14818
14826
14830
14832
14834
14852
14856
14858
14860
14866
14866
14876
14884
14884
14890
14896
14904
14912
14926
14932
14934
14936
14950
14970
14982
14982
14984
14986
14992
15000
15008
15018
15022
15024
15030
15034
15036
15040
15042
15054
15062
15066
15088
15088
15092
15092
15096
15106
15110
15112
15120
15122
15128
15142
15146
15156
15160
15164
15172
15176
15176
15176
15192
15194
15194
15200
15202
15202
15204
15210
15216
15218
15222
15230
15232
15242
15244
15244
15256
15258
15260
15302
15308
15314
15340
15350
15358
15364
15368
15368
15372
15374
15376
15404
15406
15410
15430
15440
15442
15464
15478
15478
15504
15504
15508
15508
15512
15526
15528
15530
15532
15538
15542
15544
15546
15554
15572
15582
15620
15622
15628
15630
15638
15682
15694
15706
15706
15722
15772
15776
15790
15794
15796
15806
15874
15882
15884
15892
15896
15918
15926
15972
16006
16062
16080
16102
16114
16116
16146
16152
16264
16290
16298
16316
16372
16376
16376
16412
16430
16430
16454
16488
16518
16554
16566
16566
16690
16818
16886
16888
17050
17062
17194
17318
17320
17364
17468
17524
17608
17770
17778
17782
17824
17894
18032
18130
18150
18228
18242
18266
18478
18568
18576
18728
18812
18946
19040
19068
19098
19136
19198
19308
19454
19644
19748
19808
19816
19932
20036
20036
20082
20160
20300
20472
20474
20574
20606
20682
20730
20768
20888
20894
20908
20948
20968
21052
21080
21408
21468
21478
21610
21762
21824
21868
22192
22204
22240
22424
22438
22456
22628
22714
22810
22832
22852
22912
22968
23000
23052
23256
23424
23508
23542
23594
23658
23736
23754
23762
23838
23924
23976
24016
24044
24054
24108
24184
24240
24306
24372
24468
24550
24550
24552
24558
24568
24650
24656
24666
24708
24760
24792
24822
24910
24920
24958
24992
24996
25016
25066
25068
25078
25132
25192
25208
25232
25296
25296
25326
25326
25328
25360
25414
25502
25506
25540
25546
25562
25612
25638
25658
25676
25702
25722
25764
25784
25842
25920
26010
26052
26112
26140
26174
26194
26300
26308
26402
26454
26626
26684
26692
26812
26918
26960
27028
27088
27116
27218
27282
27422
27448
27622
27888
27922
28032
28236
28288
28374
28396
28398
28416
28604
28610
28640
28672
28718
28804
28860
28886
28956
29062
29110
29310
29494
29532
29538
29556
29646
29662
29690
29874
29894
30304
30394
30430
30446
30620
30652
30686
30716
31152
31286
31338
31622
31712
31772
31802
31932
32140
32232
32324
32372
32490
32504
32558
32622
32672
32702
32728
32732
32842
32918
32950
32988
32992
33110
33164
33178
33216
33232
33290
33320
33320
33324
33324
33330
33342
33394
33402
33422
33534
33666
33668
33696
33830
33842
33856
33894
33908
33932
33932
33952
33962
33962
33990
33994
34002
34068
34070
34092
34116
34120
34126
34138
34146
34154
34154
34160
34170
34172
34190
34194
34220
34224
34230
34242
34248
34260
34264
34310
34310
34312
34322
34336
34358
34394
34394
34394
34396
34404
34404
34414
34418
34424
34472
34476
34484
34506
34526
34556
34572
34584
34594
34600
34602
34624
34624
34630
34638
34644
34646
34648
34648
34658
34658
34662
34666
34668
34672
34674
34678
34680
34684
34690
34694
34702
34704
34706
34716
34718
34722
34726
34730
34734
34734
34742
34744
34752
34752
34758
34766
34788
34792
34796
34808
34818
34834
34838
34850
34880
34894
34910
34916
34922
34938
34954
35018
35026
35040
35044
35058
35068
35088
35094
35100
35146
35158
35182
35246
35246
35300
35326
35348
35362
35498
35534
35572
35656
35666
35676
35720
35992
36074
36206
36472
37736
40350
40572
40832
41660
41726
41736
41874
42736
43136
43548
43778
44168
44236
46414
46800
48342
48564
48592
48886
53474
53976
54222
58064
69710
86206
104856
137836
371046
417980
4391246
