Latencies
5394
5406
5426
5438
5466
5492
5576
5636
5640
5650
5668
5738
5752
5772
5800
5802
5834
5840
5856
5864
5884
5898
5900
5910
5924
5992
6012
6020
6034
6058
6074
6086
6096
6122
6122
6126
6130
6132
6132
6134
6166
6212
6234
6288
6320
6332
6350
6364
6372
6484
6492
6542
6600
6602
6624
6686
6766
6768
6772
6802
6814
6826
6840
6868
6876
6952
7012
7024
7076
7192
7262
7324
7328
7352
7372
7386
7398
7440
7454
7476
7478
7604
7640
7650
7660
7684
7750
7756
7780
7784
7842
7850
7918
7932
7984
7994
8014
8022
8030
8052
8072
8108
8132
8144
8152
8190
8234
8252
8272
8282
8300
8324
8406
8418
8470
8476
8516
8534
8538
8554
8566
8592
8604
8608
8698
8720
8772
8794
8808
8816
8842
8860
8878
8894
8900
8908
8928
8950
8958
8980
9048
9060
9088
9122
9126
9166
9278
9336
9364
9444
9454
9482
9500
9546
9562
9584
9624
9644
9666
9682
9688
9690
9724
9728
9758
9760
9770
9770
9816
9854
9882
9884
9912
9928
9940
9952
9974
9998
10004
10012
10076
10082
10108
10162
10166
10198
10216
10218
10250
10274
10276
10284
10298
10316
10318
10338
10374
10388
10400
10406
10454
10470
10478
10494
10502
10512
10518
10544
10568
10624
10664
10666
10668
10688
10698
10722
10768
10770
10800
10816
10842
10886
10894
10894
10910
10914
10930
10990
11016
11032
11054
11104
11120
11130
11140
11146
11164
11168
11206
11214
11228
11250
11282
11322
11334
11340
11340
11342
11348
11396
11400
11440
11458
11490
11516
11518
11564
11574
11588
11642
11674
11700
11746
11748
11758
11762
11814
11828
11842
11880
11884
11892
11950
11976
12010
12056
12120
12160
12162
12208
12224
12232
12248
12254
12268
12278
12310
12350
12352
12402
12418
12464
12490
12498
12538
12562
12572
12616
12760
12774
12788
12792
12802
12844
12940
12978
12978
13026
13062
13070
13080
13110
13148
13160
13190
13194
13268
13354
13374
13442
13480
13536
13548
13550
13570
13648
13672
13688
13688
13688
13692
13722
13726
13758
13866
13902
13948
13980
14022
14042
14048
14060
14076
14086
14090
14110
14134
14134
14162
14198
14208
14218
14222
14268
14272
14280
14288
14292
14296
14322
14336
14348
14352
14354
14372
14384
14392
14392
14398
14406
14416
14444
14450
14450
14452
14464
14490
14492
14502
14502
14506
14540
14540
14546
14560
14588
14590
14604
14608
14612
14618
14624
14668
14670
14694
14730
14732
14750
14750
14758
14784
14796
14816
14838
14838
14844
14850
14850
14856
14856
14876
14882
14882
14904
14904
14926
14928
14928
14930
14936
14938
14942
14942
14944
14948
14958
14958
14962
14964
14966
14966
14968
14996
15000
15000
15014
15024
15026
15034
15042
15046
15066
15070
15090
15090
15094
15108
15114
15114
15114
15132
15148
15154
15174
15196
15198
15204
15208
15212
15232
15238
15244
15250
15260
15266
15304
15314
15316
15316
15326
15326
15330
15330
15332
15344
15346
15350
15352
15356
15356
15358
15370
15380
15388
15400
15402
15410
15418
15424
15430
15430
15442
15444
15444
15468
15468
15480
15480
15504
15504
15522
15532
15540
15570
15588
15608
15612
15620
15620
15620
15626
15642
15652
15660
15660
15660
15700
15700
15716
15744
15748
15752
15762
15770
15772
15774
15782
15786
15788
15798
15806
15816
15834
15860
15882
15916
15918
15930
15932
16000
16014
16034
16080
16082
16088
16192
16234
16286
16358
16406
16428
16442
16614
16648
16722
16734
16742
16748
16750
16776
16886
17042
17070
17088
17122
17158
17166
17238
17300
17430
17446
17446
17544
17646
17670
17680
17712
17826
17862
17874
17916
18034
18132
18200
18240
18338
18476
18494
18506
18530
18532
18558
18676
18692
18732
18766
18872
18876
19020
19024
19068
19094
19122
19134
19164
19280
19306
19312
19336
19400
19428
19440
19466
19546
19556
19626
19630
19676
19676
19690
19822
19868
19916
19954
19984
20000
20060
20064
20140
20200
20240
20274
20282
20386
20412
20434
20482
20484
20518
20578
20636
20724
20726
20768
20802
20862
20872
20876
20882
20966
21014
21150
21194
21258
21268
21392
21398
21416
21524
21546
21604
21624
21704
21716
21818
21862
21882
21914
21916
22058
22078
22086
22208
22226
22236
22242
22256
22266
22418
22480
22482
22540
22584
22706
22776
22854
22866
22868
22876
22916
22936
22950
22982
23020
23122
23168
23198
23294
23308
23366
23406
23412
23442
23442
23506
23524
23568
23570
23622
23640
23684
23698
23754
23854
23864
23914
23998
24054
24082
24112
24112
24134
24134
24150
24170
24182
24216
24240
24240
24242
24260
24290
24296
24300
24308
24310
24312
24332
24344
24346
24360
24386
24394
24396
24398
24410
24434
24454
24456
24458
24466
24476
24482
24500
24500
24508
24518
24518
24532
24542
24550
24552
24568
24568
24572
24584
24586
24610
24632
24638
24644
24646
24650
24660
24678
24678
24680
24688
24700
24702
24710
24720
24722
24722
24742
24746
24748
24758
24762
24766
24768
24768
24774
24784
24786
24790
24796
24802
24808
24810
24820
24830
24854
24856
24866
24878
24880
24884
24900
24908
24916
24928
24930
24934
24934
24942
24952
24964
24970
24974
24974
24994
24996
25000
25014
25014
25028
25032
25046
25054
25058
25064
25074
25116
25118
25120
25138
25146
25148
25152
25166
25182
25182
25184
25188
25200
25216
25222
25236
25242
25246
25248
25250
25266
25278
25284
25346
25350
25356
25400
25402
25406
25412
25428
25440
25466
25490
25506
25546
25568
25598
25602
25622
25652
25666
25690
25728
25756
25874
26060
26062
26066
26092
26156
26160
26266
26444
26488
26606
27004
27142
27360
27526
27770
27960
28250
28360
28784
29228
29282
29302
29416
29726
30268
30440
30658
31068
31604
31642
31768
31826
31866
31866
32430
32490
32734
32902
32962
33328
33450
33500
33536
33600
33608
33618
33820
34052
34066
34148
34246
34328
34372
34402
34412
34496
34542
34560
34574
34666
34736
34892
34906
35040
35322
36840
37380
42472
43112
43810
43820
44290
45824
52784
57800
60278
62338
62954
68418
79926
87658
88286
93966
115020
125534
165094
1240224
1851490
