Latencies
6358
7230
7890
11884
13982
15698
15978
16002
16048
16124
16254
16370
16538
16580
16616
16862
16956
17034
17438
17504
17726
17832
17836
17866
17890
17944
17964
18136
18214
18282
18548
18596
18676
18902
18928
18934
18966
18976
18984
19008
19172
19176
19276
19346
19374
19564
19622
19650
19750
19840
19892
19984
20164
20218
20244
20282
20354
20408
20930
20974
21044
21056
21128
21224
21530
21576
21628
21996
22202
22322
22478
22494
22610
22776
22984
23072
23098
23198
23432
23478
23506
23600
23628
23716
23722
23736
23748
23946
24006
24172
24202
24318
24318
24318
24476
24502
24518
24548
24574
24594
24640
24658
24710
24856
24924
25232
25260
25260
25274
25362
25458
25540
25726
25860
25928
26018
26064
26120
26146
26168
26550
26638
26644
26888
27066
27212
27372
27602
27646
27656
27658
27672
27684
27750
27862
27962
27968
28042
28044
28054
28072
28260
28302
28306
28348
28354
28474
28516
28588
28664
28688
28724
28826
28906
29060
29110
29354
29476
29500
29604
29620
29710
29716
29814
29874
29878
29888
29900
30238
30248
30346
30504
30556
30740
30790
30800
30860
31074
31246
31264
31282
31326
31502
31560
31568
31864
31874
32188
32300
32604
32614
32830
33018
33110
33308
33646
33648
33818
33834
33868
33986
34006
34238
34280
34310
34332
34430
34516
34646
34660
34668
34670
34676
34686
34738
34740
34816
34848
34854
34876
34884
34884
34956
35040
35064
35066
35122
35126
35166
35178
35208
35250
35260
35304
35332
35334
35354
35420
35422
35436
35442
35452
35454
35484
35486
35514
35552
35586
35608
35936
36016
36026
36036
36046
36072
36188
36224
36238
36406
36456
36458
36528
36756
36772
36812
36950
36962
36992
37122
37256
37366
37522
37594
37816
37850
38020
38030
38146
38258
38342
38394
38432
38432
38494
38554
38642
38644
38656
38684
38702
38824
38884
39232
39232
39254
39318
39630
39676
39704
39710
39780
39904
39976
40032
40090
40116
40130
40232
40238
40284
40404
40500
40536
41024
41038
41170
41204
41304
41316
41334
41500
41500
41522
41622
41708
42212
42308
42448
42466
42526
42742
42762
42916
42916
42918
42920
43024
43102
43130
43136
43284
43294
43358
43396
43486
43516
43546
43552
43568
43572
43626
43634
43880
43918
43922
43924
43930
44014
44050
44068
44138
44168
44170
44190
44246
44294
44300
44364
44458
44490
44558
44606
44612
44644
44686
44688
44734
44764
44772
44918
45104
45218
45268
45318
45566
45594
45664
45746
45790
45828
45900
45982
45996
46128
46138
46202
46250
46280
46280
46322
46436
46454
46462
46470
46690
46792
46806
46850
46926
46926
47004
47110
47136
47180
47308
47374
47414
47456
47614
47706
47902
47938
48018
48054
48140
48164
48236
48300
48384
48470
48524
48618
48822
48936
49006
49172
49216
49248
49398
49482
49486
49688
49876
49934
49940
50030
50038
50064
50182
50184
50394
50484
50528
50554
50910
50954
51044
51160
51198
51216
51280
51710
51762
51826
51830
51862
52052
52098
52162
52226
52252
52278
52334
52350
52422
52536
52560
52810
52912
53026
53078
53184
53206
53222
53268
53392
53462
53514
53520
53548
53826
53882
53954
53960
54014
54066
54106
54132
54266
54342
54418
54430
54436
54438
54444
54470
54488
54514
54584
54596
54612
54776
54794
54864
55012
55066
55126
55142
55144
55162
55360
55448
55482
55528
55556
55606
55662
55696
55804
55804
55898
56066
56078
56144
56174
56200
56246
56350
56378
56392
56600
56692
56756
56764
56834
56896
56942
57034
57104
57344
57492
57498
57536
57568
57798
57822
57842
57946
58070
58086
58172
58292
58338
58636
58760
58786
59024
59028
59202
59218
59266
59274
59304
59366
59452
59474
59494
59500
59532
59622
59756
59788
59824
59942
60138
60182
60406
60488
60608
60678
60954
61068
61122
61178
61272
61276
61316
61528
61608
61776
61860
61974
62022
62166
62180
62254
62330
62386
62426
62620
62630
62640
62734
62774
62882
63052
63102
63234
63308
63326
63342
63358
63390
63598
63638
63692
63790
63820
63834
63842
63898
63966
64006
64046
64104
64146
64174
64228
64330
64374
64384
64424
64468
64488
64686
64816
64980
65058
65472
65524
65528
65614
65648
65710
65730
65780
65806
65924
66088
66250
66268
66336
66376
66622
66634
66662
66744
66876
66956
67050
67074
67416
67496
67576
67674
68104
68212
68344
68398
68420
68434
68474
68502
68664
68680
68802
68898
69004
69014
69016
69040
69258
69616
69844
69998
70032
70096
70520
70624
70726
70898
71054
71216
71278
71332
71358
71660
71772
71892
71976
72000
72012
72144
72200
72208
72324
72454
72516
72538
72612
72678
72678
72680
72704
72740
72850
72850
72938
72984
73016
73052
73174
73202
73242
73250
73266
73278
73314
73334
73346
73412
73430
73440
73480
73534
73540
73548
73564
73566
73632
73686
73690
73710
73714
73750
73792
73844
73888
73916
73918
73924
73958
73998
74002
74052
74064
74084
74114
74128
74128
74230
74268
74288
74316
74402
74420
74462
74518
74522
74544
74678
74920
74938
74942
74962
75006
75010
75160
75162
75290
75376
75550
75644
75776
75788
75792
75796
75810
76000
76036
76136
76356
76364
76576
76624
76946
77018
77152
77390
77486
77646
78010
78226
78390
78402
78524
78914
79052
79282
79706
79744
80334
80446
80922
81002
81010
81242
81274
81340
81570
81624
82674
82794
82950
82980
83028
83070
83114
83122
83170
83176
83188
83438
83756
83834
83848
83910
84088
84132
84202
84246
84414
84454
84980
85128
85660
85962
86028
86064
86144
86222
86256
86460
86542
86576
86598
86682
86752
87814
87826
87832
88168
88366
88720
88836
88902
89160
89166
89392
89418
89924
89968
90326
90436
90454
90598
90902
91162
91222
91242
91284
91458
91820
91852
91990
92044
92084
92128
92308
92372
92388
92404
92406
92412
92438
92536
92566
92648
92676
92784
92856
92860
92866
92884
92920
93002
93006
93018
93048
93082
93188
93196
93228
93242
93334
93440
93694
93742
93834
94102
94126
94160
94196
94516
94532
94792
95376
96342
96450
96722
97006
99172
99264
100720
100854
101548
103310
109018
110154
110456
112082
112306
113326
118992
121136
121994
123256
124316
129878
149994
153730
156286
178188
179542
190334
222384
227566
273300
506232
581006
2209288
2412940
2754364
5027140
5213112
17961486
22700622
