Latencies
6294
6748
7030
7490
7850
7902
8362
8518
8722
10046
10350
10542
11142
11748
12684
13378
13904
14170
14330
14362
14548
15148
15464
15512
15838
15902
15928
16008
16024
16040
16124
16140
16162
16272
16308
16310
16434
16588
16720
16802
16802
16976
17028
17032
17048
17092
17096
17140
17218
17306
17306
17358
17444
17478
17492
17532
17926
17930
18144
18238
18250
18258
18348
18448
18552
18728
18810
18908
19034
19048
19142
19222
19322
19340
19358
19534
19574
19578
19584
19676
19902
19974
20224
20332
20340
20402
20426
20500
20528
20582
20586
20592
20596
20644
20766
20796
20872
20964
20972
21120
21172
21204
21214
21228
21392
21394
21546
21562
21574
21630
21730
22010
22086
22088
22144
22212
22216
22238
22280
22388
22466
22610
22634
22658
22774
23036
23138
23152
23218
23220
23226
23270
23382
23486
23506
23600
23686
23804
23852
23908
23980
24010
24040
24040
24052
24076
24108
24172
24250
24280
24292
24312
24314
24434
24446
24548
24566
24584
24586
24594
24630
24632
24636
24676
24750
24830
24850
24870
24948
24982
25020
25066
25070
25088
25114
25122
25150
25182
25184
25218
25222
25304
25352
25384
25386
25418
25462
25506
25508
25546
25560
25570
25610
25640
25648
25800
25810
25812
25842
25848
25852
25876
25876
25910
25946
25970
25994
26038
26040
26226
26290
26324
26452
26530
26614
26736
26816
26836
26934
26958
27012
27018
27022
27172
27268
27272
27330
27354
27422
27466
27504
27610
27760
27768
27790
27792
27802
27834
27876
28066
28066
28192
28204
28310
28314
28536
28550
28604
28666
28674
28744
28774
28788
28828
28834
29114
29168
29194
29228
29230
29308
29426
29452
29470
29502
29502
29538
29584
29590
29748
29812
29866
29942
29954
29986
30060
30126
30128
30164
30416
30480
30500
30516
30624
30674
30678
30882
30984
31018
31102
31134
31164
31240
31358
31406
31440
31444
31450
31462
31606
31610
31630
31630
31656
31686
31706
31730
31748
31766
31924
32034
32044
32180
32422
32484
32510
32638
32760
32774
32776
32832
32832
32958
32966
33054
33058
33128
33142
33262
33310
33324
33354
33378
33380
33438
33496
33526
33560
33568
33598
33622
33668
33678
33684
33750
33764
33788
33852
33906
33912
33918
33932
33956
33962
33984
34036
34086
34120
34124
34160
34186
34188
34212
34240
34242
34254
34274
34284
34350
34360
34394
34408
34462
34466
34500
34508
34514
34522
34568
34582
34582
34594
34618
34662
34748
34782
34792
34794
34794
34796
34800
34810
34830
34844
34862
34882
34884
34900
34942
34944
34946
34960
34966
34982
34990
34996
35004
35032
35036
35042
35166
35174
35218
35226
35234
35248
35272
35302
35340
35390
35404
35416
35436
35614
35624
35672
35682
35710
35710
35734
35938
35946
35952
35970
35974
36094
36148
36166
36240
36242
36258
36588
37028
37142
37216
37248
37398
37464
37574
37582
37684
37718
37924
37928
38222
38268
38288
38354
38366
38486
38672
38786
38836
38866
38936
39074
39144
39160
39172
39220
39222
39478
39516
39620
39634
39638
39652
39764
39814
39842
39900
40018
40048
40052
40074
40334
40374
40500
40686
40696
40780
40870
40978
40992
41102
41134
41146
41160
41260
41386
41506
41514
41720
41738
41754
41762
41900
41946
42036
42110
42158
42188
42200
42230
42278
42284
42414
42518
42586
42602
42640
42664
42684
42788
42910
43190
43220
43296
43298
43370
43386
43420
43420
43428
43494
43554
43632
43720
43740
43790
43924
43956
43980
44002
44016
44036
44090
44142
44142
44196
44230
44336
44378
44390
44414
44492
44516
44538
44570
44634
44638
44680
44684
44824
44830
44850
45030
45032
45162
45350
45376
45390
45476
45486
45512
45744
45756
45926
45950
46100
46216
46260
46282
46302
46408
46522
46562
46586
46750
46798
46860
46870
47012
47032
47402
47476
47554
47834
47864
47942
48070
48534
48604
48656
48710
48954
49090
49212
49276
49566
49568
49602
49634
49652
49692
49704
49718
49784
49810
49820
49826
49914
49924
49970
50014
50036
50096
50154
50180
50218
50304
50420
50468
50592
50676
50762
51136
51222
51336
51402
51444
51548
51766
51798
51818
51872
51876
52066
52232
52262
52334
52436
52550
52838
52994
53036
53066
53214
53276
53284
53324
53344
53436
53478
53506
53530
53542
53562
53580
53592
53604
53636
53642
53686
53688
53718
53722
53766
53772
53848
53886
53886
53888
53910
53914
53942
53968
53980
53980
53992
54024
54026
54032
54076
54084
54084
54094
54114
54114
54148
54158
54192
54298
54336
54370
54438
54440
54444
54460
54470
54472
54532
54562
54572
54586
54616
54638
54676
54682
54702
54708
54794
54840
54946
54948
54958
54990
55004
55060
55110
55132
55198
55238
55250
55392
55496
55506
55580
55682
55706
55896
55944
56108
56290
56348
56554
56568
56740
56962
57296
57448
57478
57490
57938
58180
58568
58886
59078
59102
59330
59616
59856
59866
59904
60318
60334
60382
60942
60966
61292
61372
61410
61470
61540
61970
62068
62132
62148
62216
62216
62428
62534
62608
62840
62902
63086
63126
63196
63318
63368
63402
63410
63448
63536
63580
63704
63754
63828
63842
64080
64126
64220
64238
64272
64412
64428
64448
64452
64504
64544
64606
64926
64928
65140
65248
65258
65446
65478
65502
65894
65928
65942
66014
66314
66374
66588
67044
67314
67334
67392
67656
67822
67870
68192
68204
68464
68678
68922
69134
69348
69716
69796
69850
69870
70004
70396
70416
70736
70782
71032
71082
71268
71350
71414
71564
71584
71618
71644
71784
71900
71958
72180
72274
72448
72466
72488
72492
72570
72642
72704
72706
72718
72818
72846
72848
72928
72936
72956
72972
72992
73032
73078
73098
73114
73128
73158
73166
73174
73176
73294
73312
73360
73364
73370
73408
73428
73444
73452
73464
73480
73480
73488
73496
73508
73534
73560
73566
73570
73600
73614
73626
73666
73692
73694
73704
73718
73728
73738
73744
73850
73874
73902
73962
73970
73970
73980
73982
74048
74056
74138
74166
74188
74298
74336
74362
74450
74548
74556
74700
74712
74724
74760
74890
75094
75218
75548
76964
77682
77706
78132
78402
78598
78732
80996
81144
81624
82004
82036
82330
82582
82676
83124
83400
83410
83732
84538
85044
87440
87602
89254
89346
90148
91078
92044
92752
92954
93268
93668
93756
93962
94630
94674
94684
95996
102884
104244
104866
113274
117066
128074
138794
140588
147150
173832
199404
230324
369416
409108
1048200
2003788
