Latencies
5266
5282
5284
5300
5310
5320
5322
5322
5324
5326
5342
5346
5356
5364
5364
5370
5370
5374
5380
5384
5386
5386
5390
5394
5396
5406
5424
5426
5432
5434
5436
5442
5458
5458
5458
5460
5462
5468
5468
5472
5476
5490
5490
5492
5494
5500
5500
5504
5504
5508
5510
5518
5524
5530
5538
5542
5556
5564
5580
5588
5588
5590
5594
5596
5612
5616
5628
5630
5632
5632
5638
5638
5640
5642
5642
5644
5646
5662
5668
5670
5672
5674
5674
5690
5702
5716
5718
5722
5728
5732
5738
5740
5744
5750
5756
5766
5768
5774
5774
5778
5792
5802
5806
5816
5818
5828
5846
5854
5882
5886
5892
5904
5912
5916
5924
5926
5934
5938
5946
5948
5950
5968
5986
5994
5996
6004
6006
6010
6010
6014
6024
6028
6048
6054
6072
6090
6102
6102
6116
6118
6124
6134
6180
6180
6190
6212
6228
6228
6232
6236
6240
6240
6244
6276
6280
6282
6316
6330
6400
6402
6426
6426
6430
6448
6458
6478
6482
6490
6492
6496
6506
6522
6524
6526
6538
6538
6554
6572
6578
6636
6652
6664
6668
6680
6682
6686
6694
6706
6708
6718
6720
6724
6736
6748
6764
6774
6774
6786
6790
6844
6858
6900
6912
6920
6922
6932
6950
6968
6972
6982
7000
7014
7016
7042
7084
7088
7130
7132
7152
7154
7160
7168
7230
7270
7286
7306
7308
7332
7338
7340
7358
7386
7420
7438
7442
7452
7484
7510
7516
7520
7538
7540
7560
7594
7596
7602
7616
7632
7642
7654
7662
7702
7712
7730
7750
7758
7784
7790
7794
7804
7840
7872
7892
7900
7902
7920
7934
7936
7942
7958
7986
7992
7998
8000
8024
8062
8068
8092
8098
8108
8114
8118
8136
8162
8174
8210
8212
8228
8230
8242
8264
8270
8300
8322
8336
8356
8364
8372
8420
8438
8438
8440
8448
8478
8480
8498
8498
8502
8516
8518
8522
8550
8586
8600
8618
8632
8634
8638
8640
8652
8668
8668
8686
8698
8706
8712
8742
8752
8756
8774
8778
8802
8802
8808
8818
8820
8842
8876
8908
8920
8952
9074
9076
9138
9198
9206
9246
9256
9268
9274
9312
9328
9356
9418
9432
9450
9474
9506
9508
9520
9522
9558
9564
9586
9614
9624
9634
9646
9652
9656
9658
9664
9674
9678
9730
9738
9740
9740
9742
9760
9792
9798
9824
9890
9908
9938
9938
9954
9968
9974
9986
9986
9998
10004
10014
10014
10020
10020
10034
10042
10058
10064
10092
10102
10106
10118
10126
10140
10150
10166
10172
10174
10208
10220
10246
10252
10252
10260
10290
10298
10298
10300
10368
10370
10372
10404
10444
10458
10472
10500
10508
10508
10510
10510
10512
10522
10526
10530
10532
10542
10548
10552
10552
10578
10598
10598
10612
10666
10690
10698
10700
10714
10728
10756
10766
10766
10774
10794
10812
10848
10852
10874
10892
10900
10916
10934
10980
10984
10986
10990
11036
11058
11062
11074
11090
11108
11116
11126
11136
11144
11168
11194
11210
11216
11220
11236
11238
11242
11248
11250
11254
11266
11268
11316
11316
11330
11338
11370
11380
11440
11450
11452
11454
11462
11462
11468
11476
11482
11484
11510
11532
11534
11536
11536
11536
11574
11598
11636
11656
11666
11674
11706
11718
11724
11732
11764
11772
11792
11800
11806
11822
11836
11836
11860
11874
11880
11886
11904
11920
11924
11942
11960
11976
11976
11988
11988
12018
12020
12026
12046
12050
12056
12076
12076
12082
12094
12096
12126
12192
12236
12238
12250
12290
12334
12352
12354
12398
12416
12448
12452
12458
12462
12472
12478
12484
12484
12488
12498
12506
12524
12544
12572
12596
12614
12630
12638
12656
12658
12662
12674
12680
12682
12690
12700
12706
12726
12734
12738
12752
12760
12858
12886
12930
12930
12970
12980
12980
12982
12986
13024
13026
13030
13034
13116
13118
13128
13128
13144
13144
13164
13166
13200
13212
13222
13222
13236
13264
13322
13328
13344
13344
13362
13364
13390
13392
13392
13416
13442
13454
13486
13492
13496
13512
13528
13554
13554
13564
13572
13582
13608
13626
13638
13646
13650
13684
13684
13690
13728
13734
13758
13766
13766
13770
13788
13792
13804
13816
13840
13898
13916
13918
13938
13960
13964
13984
13988
13988
14016
14022
14032
14048
14064
14096
14116
14130
14154
14164
14180
14198
14218
14248
14252
14262
14264
14266
14266
14274
14274
14294
14296
14314
14316
14316
14330
14352
14364
14366
14380
14386
14388
14408
14426
14460
14494
14514
14526
14548
14568
14576
14576
14582
14582
14584
14588
14594
14616
14618
14632
14640
14646
14654
14676
14678
14680
14692
14702
14730
14732
14734
14748
14762
14766
14766
14770
14770
14772
14774
14784
14786
14786
14802
14804
14808
14826
14830
14846
14846
14858
14864
14874
14888
14896
14900
14900
14900
14904
14906
14908
14914
14916
14918
14920
14926
14940
14988
14990
14992
15004
15006
15010
15016
15020
15030
15032
15034
15042
15054
15074
15074
15074
15086
15086
15088
15094
15096
15096
15098
15098
15102
15108
15120
15132
15132
15134
15150
15172
15194
15204
15228
15230
15254
15270
15280
15286
15310
15320
15322
15330
15350
15370
15382
15382
15392
15414
15418
15422
15434
15446
15454
15470
15480
15482
15496
15502
15512
15512
15512
15516
15516
15518
15524
15558
15562
15576
15588
15592
15596
15632
15634
15640
15640
15648
15666
15676
15682
15690
15700
15750
15760
15774
15784
15790
15792
15794
15800
15816
15848
15860
15894
15952
16014
16016
16072
16126
16136
16150
16178
16226
16262
16352
16444
16554
16744
16758
16886
17158
17280
17502
17732
17804
18076
18444
18492
18542
18636
18712
18862
19764
20116
20262
20706
20780
20782
20840
21226
21246
21466
21486
21960
22318
22414
22488
22494
22532
22538
22578
22596
22814
23258
23458
23518
23762
23948
23952
23982
24018
24034
24264
24280
24322
24356
24406
24410
24606
24626
24688
24690
24782
24858
24886
25044
25122
25300
25344
25476
25508
25566
25696
25842
26040
26482
27696
27712
30396
31416
32140
32914
33196
34046
35492
39522
39544
41744
41764
42764
54028
92608
126076
214324
