Latencies
5224
5228
5234
5236
5236
5252
5260
5260
5262
5262
5264
5264
5264
5274
5276
5276
5280
5282
5286
5296
5298
5298
5300
5300
5302
5302
5304
5304
5306
5306
5306
5310
5318
5320
5324
5326
5328
5334
5340
5340
5342
5356
5358
5358
5362
5366
5368
5374
5376
5380
5382
5382
5384
5386
5388
5390
5394
5394
5396
5396
5396
5400
5400
5400
5400
5404
5404
5408
5412
5412
5416
5416
5418
5418
5420
5422
5434
5436
5438
5442
5442
5444
5444
5446
5452
5456
5458
5460
5466
5470
5470
5474
5478
5484
5486
5488
5490
5490
5500
5504
5504
5518
5520
5528
5530
5532
5534
5546
5546
5548
5552
5552
5568
5570
5580
5582
5584
5584
5588
5592
5592
5596
5610
5614
5616
5618
5640
5654
5656
5668
5676
5680
5682
5686
5688
5690
5708
5712
5728
5738
5740
5750
5754
5756
5760
5764
5764
5764
5770
5774
5780
5784
5786
5786
5786
5802
5806
5808
5812
5814
5822
5830
5836
5840
5840
5842
5842
5844
5846
5846
5856
5860
5864
5866
5868
5868
5872
5880
5882
5884
5892
5908
5912
5918
5920
5920
5924
5940
5940
5944
5960
5960
5962
5974
5978
5978
5980
5980
5982
5994
5996
5996
5996
6024
6036
6044
6048
6054
6054
6058
6060
6064
6068
6078
6082
6092
6094
6098
6106
6122
6144
6146
6160
6170
6184
6192
6210
6214
6218
6220
6230
6242
6244
6250
6262
6270
6274
6284
6294
6324
6326
6330
6332
6334
6358
6372
6392
6402
6414
6438
6440
6460
6466
6480
6480
6494
6496
6496
6504
6508
6510
6510
6538
6546
6570
6572
6586
6602
6622
6646
6666
6676
6704
6718
6742
6752
6772
6786
6814
6866
6908
6918
6924
6932
6946
6962
6964
6966
6976
7000
7010
7024
7040
7048
7050
7070
7082
7106
7112
7120
7150
7158
7182
7184
7186
7192
7198
7204
7268
7298
7306
7328
7340
7346
7354
7356
7392
7412
7422
7424
7452
7468
7484
7496
7606
7670
7682
7706
7710
7718
7724
7744
7766
7770
7770
7778
7814
7862
7876
7876
7898
7942
7954
7978
7994
8012
8032
8066
8072
8088
8102
8126
8166
8178
8230
8256
8320
8328
8346
8364
8372
8392
8396
8426
8440
8440
8478
8492
8556
8584
8590
8636
8658
8666
8714
8722
8724
8734
8742
8786
8872
8896
8898
8902
8946
8958
8960
8986
8992
9014
9014
9030
9070
9110
9152
9166
9172
9216
9220
9258
9274
9286
9290
9298
9334
9354
9358
9366
9382
9384
9396
9404
9438
9472
9476
9496
9502
9514
9532
9536
9550
9550
9562
9630
9634
9640
9666
9684
9696
9706
9716
9748
9750
9764
9768
9824
9850
9872
9878
9888
9952
9956
9972
9994
9998
10000
10004
10018
10060
10102
10102
10122
10124
10124
10140
10160
10162
10224
10232
10252
10274
10284
10308
10360
10378
10434
10498
10584
10590
10628
10668
10690
10728
10818
10824
10858
10866
10894
10914
10932
10958
10958
11002
11044
11060
11066
11096
11104
11114
11198
11252
11270
11308
11310
11352
11388
11390
11456
11534
11550
11590
11610
11618
11622
11634
11684
11780
11804
11868
11922
11944
11966
11978
11984
12002
12020
12024
12032
12060
12060
12072
12088
12092
12134
12142
12148
12222
12230
12248
12256
12266
12282
12288
12296
12306
12310
12338
12358
12376
12380
12404
12470
12502
12518
12536
12578
12594
12642
12672
12674
12674
12726
12762
12774
12804
12808
12838
12842
12892
12894
12912
12918
12942
12942
12962
12964
12968
12974
12978
13024
13042
13056
13056
13098
13142
13166
13170
13180
13200
13212
13224
13230
13234
13258
13264
13268
13298
13308
13310
13330
13334
13338
13366
13372
13376
13382
13388
13466
13488
13498
13506
13520
13530
13534
13540
13566
13574
13598
13626
13652
13682
13696
13718
13728
13748
13766
13840
13840
13874
13948
13966
13994
14002
14026
14038
14056
14056
14064
14070
14090
14098
14116
14124
14128
14146
14190
14202
14206
14212
14256
14262
14282
14294
14304
14308
14312
14340
14342
14346
14348
14350
14358
14372
14372
14378
14388
14392
14392
14398
14400
14402
14402
14402
14408
14414
14424
14428
14428
14434
14436
14448
14486
14488
14502
14510
14538
14548
14548
14562
14578
14602
14602
14618
14626
14628
14634
14646
14650
14660
14666
14672
14672
14682
14692
14698
14704
14720
14720
14724
14728
14732
14740
14742
14750
14762
14764
14768
14768
14770
14774
14780
14784
14784
14798
14802
14806
14810
14812
14814
14818
14820
14822
14828
14832
14834
14840
14846
14846
14860
14860
14864
14866
14872
14884
14884
14894
14894
14896
14906
14916
14920
14920
14930
14942
14950
14956
14964
14968
14974
14976
14982
14986
14988
14990
14994
14998
15010
15012
15016
15032
15034
15040
15042
15048
15052
15054
15054
15058
15058
15060
15060
15062
15062
15062
15064
15066
15076
15096
15104
15110
15112
15112
15120
15120
15126
15128
15138
15138
15140
15142
15144
15152
15160
15160
15162
15168
15170
15172
15176
15176
15178
15184
15184
15190
15192
15198
15198
15200
15202
15210
15210
15214
15216
15222
15224
15226
15226
15240
15242
15242
15244
15248
15260
15262
15270
15270
15276
15284
15284
15290
15292
15294
15300
15304
15304
15304
15310
15312
15312
15320
15326
15328
15330
15332
15344
15356
15366
15368
15370
15372
15380
15380
15388
15390
15392
15400
15400
15400
15402
15416
15424
15428
15428
15432
15452
15462
15462
15480
15484
15492
15540
15564
15582
15584
15586
15586
15600
15614
15620
15620
15622
15622
15626
15656
15660
15674
15688
15700
15708
15726
15744
15752
15760
15764
15784
15812
15816
15834
15842
15886
15916
15956
15964
15974
15984
15998
16016
16044
16060
16062
16124
16254
16372
16474
16752
16802
16926
17090
17110
17550
17662
17870
17936
18198
18520
19028
19124
19494
19580
19642
19706
20580
20588
20678
20842
21958
22192
22374
22746
22804
22858
23002
23266
23322
23378
23856
23960
23960
24006
24022
24108
24116
24126
24130
24218
24246
24340
24354
24404
24418
24470
24576
24660
24670
24676
24682
24708
24716
24766
24790
24870
24904
24940
24974
25092
25096
25136
25144
25440
25456
25514
25518
26044
27682
34078
34096
34708
34842
35230
38700
39064
51582
58074
164264
314412
320956
386810
533642
574896
1866108
