Latencies
5098
5126
5130
5130
5136
5152
5160
5164
5166
5166
5176
5176
5182
5182
5184
5184
5186
5186
5188
5188
5188
5190
5192
5192
5194
5200
5202
5202
5204
5206
5206
5208
5208
5210
5210
5212
5212
5214
5214
5214
5214
5220
5220
5220
5222
5224
5224
5228
5228
5230
5230
5234
5234
5234
5234
5236
5238
5238
5240
5240
5240
5240
5240
5242
5248
5248
5250
5250
5252
5252
5252
5254
5258
5258
5258
5258
5258
5258
5258
5258
5258
5260
5260
5262
5262
5262
5264
5264
5266
5266
5266
5268
5268
5268
5268
5270
5270
5270
5272
5272
5272
5272
5272
5274
5274
5274
5274
5274
5274
5276
5276
5276
5278
5278
5278
5278
5278
5280
5280
5282
5284
5286
5286
5286
5286
5288
5288
5288
5288
5288
5288
5290
5290
5290
5290
5292
5292
5294
5294
5294
5294
5294
5294
5294
5294
5294
5296
5298
5298
5298
5300
5300
5302
5302
5302
5302
5302
5302
5302
5302
5304
5304
5304
5306
5306
5306
5306
5306
5308
5308
5308
5308
5308
5308
5308
5310
5310
5310
5310
5310
5310
5310
5312
5312
5312
5312
5312
5312
5312
5314
5314
5314
5314
5316
5316
5316
5316
5316
5316
5318
5318
5318
5318
5320
5320
5320
5322
5322
5322
5322
5322
5322
5322
5322
5324
5324
5324
5324
5324
5324
5324
5326
5326
5326
5326
5326
5326
5326
5326
5328
5328
5328
5328
5328
5328
5330
5330
5330
5330
5330
5330
5330
5330
5332
5332
5332
5332
5332
5332
5332
5334
5334
5336
5336
5336
5336
5338
5338
5338
5338
5338
5338
5338
5340
5340
5340
5340
5340
5340
5340
5342
5342
5342
5342
5342
5344
5344
5344
5344
5346
5346
5346
5346
5346
5348
5348
5348
5350
5350
5350
5350
5350
5350
5350
5350
5350
5352
5352
5354
5354
5354
5354
5354
5356
5356
5356
5356
5356
5356
5356
5358
5358
5358
5358
5358
5358
5358
5358
5360
5362
5362
5364
5364
5364
5364
5364
5366
5366
5366
5366
5366
5368
5368
5368
5368
5368
5368
5368
5368
5368
5372
5372
5372
5372
5372
5372
5372
5372
5372
5372
5374
5374
5374
5376
5376
5376
5376
5376
5376
5376
5378
5378
5380
5380
5380
5380
5382
5382
5382
5384
5384
5384
5386
5386
5386
5388
5388
5390
5390
5390
5390
5390
5390
5392
5392
5392
5392
5394
5394
5394
5396
5398
5398
5398
5400
5400
5400
5400
5400
5402
5402
5404
5406
5406
5406
5406
5408
5408
5410
5412
5412
5414
5416
5416
5416
5416
5416
5418
5418
5418
5420
5420
5420
5422
5422
5422
5424
5426
5426
5428
5430
5434
5434
5436
5436
5436
5436
5438
5438
5438
5442
5442
5442
5444
5444
5444
5446
5448
5448
5450
5452
5452
5452
5454
5456
5456
5456
5456
5456
5460
5462
5462
5462
5464
5466
5466
5466
5468
5468
5468
5468
5470
5470
5470
5472
5474
5474
5474
5474
5476
5476
5476
5476
5476
5476
5478
5478
5480
5482
5484
5486
5486
5486
5486
5486
5488
5488
5492
5496
5496
5496
5498
5500
5502
5502
5502
5504
5504
5506
5510
5510
5510
5514
5514
5514
5518
5518
5518
5518
5524
5526
5528
5528
5528
5530
5532
5534
5536
5540
5540
5542
5542
5542
5544
5544
5544
5544
5546
5548
5550
5550
5552
5554
5556
5556
5560
5562
5564
5564
5564
5568
5568
5568
5570
5570
5570
5574
5574
5580
5582
5588
5590
5590
5602
5608
5610
5616
5620
5624
5626
5626
5626
5626
5626
5630
5630
5630
5632
5634
5634
5634
5634
5638
5640
5644
5648
5650
5650
5650
5652
5654
5654
5654
5656
5658
5658
5660
5660
5660
5664
5670
5674
5678
5678
5680
5680
5680
5682
5682
5682
5682
5682
5684
5686
5690
5692
5692
5694
5698
5700
5700
5704
5710
5710
5712
5712
5714
5718
5726
5726
5726
5728
5730
5732
5734
5734
5742
5744
5744
5746
5752
5758
5758
5760
5760
5762
5762
5762
5766
5766
5770
5772
5772
5774
5774
5776
5776
5778
5778
5778
5784
5796
5798
5802
5802
5802
5804
5804
5804
5806
5806
5808
5812
5816
5818
5818
5822
5824
5826
5828
5828
5834
5840
5842
5842
5844
5844
5844
5850
5864
5866
5872
5872
5872
5878
5880
5882
5882
5884
5884
5890
5892
5892
5898
5906
5908
5910
5914
5914
5918
5922
5922
5926
5928
5932
5942
5944
5944
5954
5954
5958
5960
5962
5962
5966
5968
5970
5974
5976
5980
5986
5988
5990
5990
5990
5998
6000
6000
6006
6006
6014
6018
6020
6022
6034
6034
6036
6036
6040
6046
6056
6056
6070
6070
6072
6076
6094
6102
6108
6108
6114
6114
6120
6124
6126
6128
6130
6134
6134
6138
6142
6142
6144
6146
6158
6158
6160
6160
6162
6162
6162
6174
6176
6176
6182
6188
6194
6200
6208
6210
6216
6224
6224
6226
6226
6226
6228
6228
6230
6232
6234
6238
6240
6242
6244
6246
6248
6254
6260
6262
6266
6290
6326
6334
6336
6336
6346
6358
6360
6364
6380
6394
6396
6398
6406
6432
6438
6446
6446
6454
6484
6490
6498
6504
6514
6554
6582
6594
6624
6632
6652
6656
6660
6696
6710
6714
6722
6778
6786
6796
6800
6802
6824
6834
6880
6924
6932
7020
7020
7030
7062
7094
7108
7112
7132
7138
7226
7228
7238
7258
7268
7272
7378
7404
7406
7440
7544
7546
7592
7722
7816
7840
7864
7880
7910
7934
8002
8098
8152
8152
8324
8332
8408
8572
8610
8666
9290
9606
9716
9776
9994
10118
10322
10576
10670
10804
10812
10842
10980
11020
11046
11560
11646
12036
12098
12104
12114
13028
13444
13476
13634
13646
13670
13734
13846
15352
15420
15456
15596
15708
15834
16762
17024
17052
17168
17474
17602
17936
19628
19700
20518
20770
20844
20846
21198
21594
21614
21772
21882
22276
22314
22492
22646
22866
22930
23692
23908
24100
24558
24694
24772
24898
25344
25792
25970
26354
26490
26702
27008
27148
27442
27444
27518
27942
28124
28136
28462
28758
29758
30910
31514
32072
33430
35320
35548
35624
35992
35996
36194
37040
38690
39202
40362
40476
41624
42278
44858
46152
50090
53320
