Latencies
5116
5120
5122
5126
5130
5136
5150
5154
5160
5172
5172
5172
5178
5178
5180
5182
5184
5190
5192
5198
5200
5202
5204
5206
5210
5212
5214
5218
5220
5224
5228
5228
5236
5238
5238
5238
5240
5244
5246
5248
5250
5252
5254
5256
5258
5258
5260
5260
5264
5264
5264
5266
5268
5270
5270
5272
5272
5274
5276
5280
5284
5286
5286
5288
5288
5290
5290
5292
5292
5292
5294
5294
5296
5296
5298
5298
5298
5298
5300
5300
5302
5304
5304
5304
5306
5306
5310
5310
5310
5310
5312
5312
5312
5314
5318
5320
5320
5320
5320
5320
5320
5320
5320
5322
5322
5322
5322
5322
5322
5322
5324
5326
5326
5328
5328
5328
5328
5328
5330
5330
5330
5332
5332
5332
5334
5334
5334
5336
5336
5338
5338
5338
5338
5338
5338
5338
5340
5340
5340
5342
5342
5342
5342
5344
5344
5344
5346
5346
5346
5348
5348
5348
5350
5352
5352
5352
5352
5352
5352
5352
5354
5354
5354
5354
5356
5356
5356
5358
5358
5358
5358
5358
5360
5360
5362
5362
5366
5366
5366
5366
5366
5368
5368
5368
5370
5370
5370
5370
5372
5372
5374
5374
5374
5374
5374
5374
5376
5376
5376
5378
5378
5378
5378
5378
5378
5378
5380
5380
5380
5382
5382
5384
5384
5384
5384
5384
5386
5386
5386
5386
5386
5386
5388
5388
5388
5388
5390
5390
5390
5392
5392
5392
5392
5392
5392
5392
5392
5394
5394
5394
5396
5396
5398
5398
5398
5398
5398
5400
5400
5400
5400
5400
5400
5400
5402
5402
5402
5402
5402
5402
5404
5404
5406
5406
5406
5408
5408
5408
5408
5408
5408
5408
5410
5412
5412
5412
5412
5414
5414
5414
5414
5414
5414
5414
5416
5418
5418
5418
5418
5420
5420
5420
5422
5422
5422
5424
5424
5424
5424
5424
5424
5426
5426
5426
5426
5428
5428
5428
5428
5428
5428
5430
5430
5430
5432
5432
5432
5434
5434
5434
5434
5436
5436
5436
5438
5440
5440
5442
5442
5444
5444
5444
5444
5444
5446
5446
5446
5448
5450
5450
5450
5450
5454
5454
5454
5454
5454
5456
5458
5460
5460
5460
5460
5462
5462
5462
5462
5464
5464
5464
5464
5464
5466
5466
5466
5466
5468
5470
5470
5470
5470
5470
5472
5472
5474
5474
5474
5474
5476
5476
5476
5476
5476
5478
5478
5478
5480
5480
5480
5482
5482
5484
5484
5484
5484
5488
5490
5492
5492
5492
5494
5496
5496
5496
5498
5498
5498
5498
5498
5498
5500
5500
5500
5502
5502
5504
5504
5506
5506
5506
5506
5508
5510
5510
5512
5512
5514
5516
5516
5520
5520
5520
5520
5520
5522
5522
5522
5524
5524
5524
5528
5528
5528
5528
5530
5530
5530
5532
5532
5534
5534
5534
5536
5536
5538
5538
5538
5538
5538
5542
5544
5546
5546
5546
5546
5546
5550
5552
5552
5554
5554
5554
5554
5554
5554
5554
5556
5558
5558
5558
5558
5560
5560
5568
5570
5570
5572
5574
5576
5582
5586
5588
5590
5592
5594
5598
5600
5602
5602
5602
5604
5604
5604
5608
5608
5610
5614
5616
5618
5618
5620
5620
5620
5620
5620
5622
5624
5630
5632
5632
5634
5634
5634
5636
5638
5642
5642
5642
5642
5642
5644
5644
5648
5650
5650
5650
5652
5654
5654
5654
5660
5662
5664
5664
5666
5666
5668
5668
5670
5672
5674
5674
5676
5678
5678
5680
5680
5684
5684
5686
5688
5690
5692
5692
5692
5694
5694
5696
5698
5698
5700
5704
5704
5708
5710
5712
5712
5712
5714
5716
5716
5718
5722
5722
5722
5722
5724
5728
5728
5728
5728
5728
5732
5738
5738
5740
5740
5742
5742
5742
5744
5750
5754
5756
5758
5760
5762
5764
5766
5768
5768
5770
5770
5772
5778
5780
5780
5780
5780
5782
5784
5786
5786
5790
5790
5790
5790
5794
5798
5798
5800
5804
5808
5810
5810
5816
5818
5820
5822
5822
5822
5826
5832
5834
5836
5836
5838
5840
5840
5844
5846
5846
5848
5848
5848
5852
5852
5852
5854
5854
5856
5858
5858
5860
5860
5860
5864
5866
5866
5866
5868
5870
5874
5874
5874
5876
5876
5878
5878
5878
5878
5882
5884
5884
5884
5888
5888
5890
5890
5892
5894
5898
5898
5898
5900
5900
5900
5900
5902
5904
5906
5908
5912
5914
5914
5916
5918
5918
5924
5924
5926
5926
5928
5930
5932
5934
5936
5936
5938
5938
5940
5942
5946
5948
5950
5954
5956
5958
5960
5964
5964
5990
5992
5992
5994
5998
5998
5998
6000
6002
6004
6004
6008
6014
6014
6016
6022
6024
6026
6028
6028
6032
6032
6032
6032
6034
6038
6038
6038
6040
6042
6044
6046
6048
6048
6048
6048
6050
6052
6054
6056
6058
6058
6060
6060
6064
6066
6068
6080
6080
6084
6086
6090
6090
6096
6100
6106
6112
6120
6122
6124
6124
6130
6132
6138
6140
6142
6144
6146
6148
6152
6154
6164
6164
6168
6168
6168
6178
6182
6184
6188
6196
6198
6198
6200
6202
6202
6204
6206
6208
6220
6220
6226
6234
6234
6238
6240
6244
6254
6266
6268
6274
6276
6286
6288
6294
6300
6318
6318
6324
6328
6340
6354
6364
6364
6368
6390
6394
6408
6410
6418
6420
6426
6428
6430
6468
6508
6510
6528
6586
6602
6652
6732
6742
6792
6852
6866
6878
6892
6918
6918
6934
6966
6970
7022
7076
7078
7142
7238
7240
7270
7312
7314
7354
7444
7458
7476
7592
7612
7620
7696
7712
7764
7872
7986
7988
8082
8096
8270
8280
8290
8630
8656
8676
8690
9256
10016
10038
10042
10342
10650
10684
10786
10972
11492
11568
11596
11774
11802
12018
12694
12816
12888
12948
13428
13456
13462
13898
14152
14170
14470
14596
14636
14646
14780
14978
15258
16166
16328
16402
16434
16648
17240
17286
17336
17378
17426
17456
17860
18290
19762
20014
20052
20548
20752
21372
21434
22112
22152
22316
22470
22924
23102
23442
24168
24604
25016
25092
25258
25272
25448
25712
25972
26222
26346
26732
27270
28614
29194
30040
30126
30924
31042
31406
33228
33748
33774
34172
35276
35464
35904
36202
36354
37198
38226
40344
41784
51296
52570
90724
