Latencies
5162
5174
5176
5178
5180
5180
5182
5190
5192
5198
5202
5206
5206
5218
5222
5222
5222
5224
5226
5230
5232
5234
5236
5240
5240
5244
5248
5250
5256
5256
5258
5260
5260
5272
5274
5274
5278
5278
5278
5278
5280
5282
5282
5288
5290
5290
5292
5294
5298
5300
5300
5302
5302
5304
5304
5306
5306
5310
5310
5312
5312
5314
5316
5316
5316
5318
5324
5326
5326
5328
5330
5332
5332
5332
5332
5334
5334
5334
5336
5338
5340
5340
5340
5340
5340
5342
5342
5344
5344
5344
5344
5346
5346
5348
5350
5350
5350
5350
5352
5354
5354
5354
5356
5358
5358
5358
5358
5358
5358
5360
5360
5362
5364
5366
5366
5366
5366
5366
5368
5368
5368
5368
5368
5368
5370
5370
5370
5370
5372
5372
5372
5374
5374
5374
5374
5376
5376
5376
5378
5378
5378
5378
5378
5378
5380
5380
5380
5384
5384
5384
5384
5384
5386
5386
5386
5386
5386
5386
5388
5388
5388
5390
5390
5392
5392
5392
5394
5394
5396
5396
5396
5398
5400
5400
5400
5400
5400
5400
5404
5404
5404
5406
5406
5406
5406
5406
5408
5408
5408
5410
5410
5410
5410
5410
5410
5410
5412
5412
5414
5414
5414
5414
5414
5414
5414
5416
5416
5416
5416
5416
5418
5418
5420
5420
5420
5420
5422
5422
5424
5424
5424
5426
5426
5426
5426
5428
5428
5428
5428
5428
5430
5432
5432
5432
5432
5434
5434
5434
5436
5436
5438
5438
5440
5440
5442
5442
5442
5442
5444
5446
5446
5446
5446
5446
5450
5450
5450
5450
5450
5450
5450
5452
5452
5454
5456
5456
5456
5458
5458
5458
5458
5458
5458
5460
5460
5462
5462
5462
5464
5464
5464
5466
5466
5466
5466
5466
5466
5466
5468
5468
5468
5468
5470
5470
5470
5470
5470
5470
5474
5474
5474
5476
5476
5478
5478
5478
5478
5480
5480
5480
5482
5482
5482
5484
5486
5486
5486
5488
5488
5488
5488
5490
5490
5492
5492
5494
5494
5496
5498
5498
5498
5498
5500
5500
5502
5502
5502
5502
5504
5504
5506
5508
5508
5510
5510
5510
5510
5510
5512
5512
5512
5512
5514
5514
5514
5514
5514
5516
5516
5516
5518
5518
5518
5520
5520
5520
5524
5526
5526
5526
5528
5528
5528
5530
5530
5532
5532
5534
5534
5534
5534
5534
5538
5538
5540
5540
5540
5540
5542
5542
5542
5542
5542
5544
5544
5546
5546
5546
5548
5548
5548
5548
5550
5550
5550
5550
5552
5552
5556
5556
5556
5558
5558
5560
5560
5560
5560
5560
5562
5562
5564
5564
5564
5566
5566
5566
5568
5568
5568
5570
5570
5570
5570
5572
5574
5574
5574
5574
5576
5576
5578
5580
5582
5584
5584
5588
5590
5592
5594
5596
5596
5598
5598
5602
5602
5604
5608
5608
5610
5610
5610
5610
5612
5612
5612
5612
5612
5614
5618
5618
5620
5620
5620
5622
5628
5628
5630
5632
5632
5634
5636
5638
5638
5642
5644
5644
5644
5644
5644
5644
5650
5650
5652
5652
5658
5660
5662
5662
5662
5664
5666
5668
5670
5672
5672
5674
5674
5676
5676
5678
5680
5680
5684
5684
5686
5686
5690
5694
5694
5694
5696
5698
5698
5700
5700
5700
5702
5702
5706
5706
5710
5718
5720
5720
5720
5722
5722
5722
5724
5726
5728
5730
5732
5734
5734
5736
5736
5736
5736
5736
5738
5740
5740
5744
5748
5748
5752
5752
5752
5754
5754
5754
5754
5754
5756
5756
5758
5758
5764
5764
5768
5768
5770
5774
5776
5776
5778
5780
5780
5784
5784
5784
5784
5786
5786
5788
5788
5792
5796
5796
5798
5798
5800
5802
5806
5808
5808
5810
5812
5812
5814
5816
5816
5816
5818
5818
5820
5822
5822
5824
5826
5826
5832
5842
5846
5848
5848
5852
5852
5854
5856
5858
5862
5868
5870
5880
5884
5888
5890
5890
5890
5890
5890
5890
5890
5894
5900
5900
5904
5904
5906
5912
5912
5916
5920
5920
5922
5922
5924
5924
5926
5934
5934
5938
5940
5942
5942
5944
5946
5948
5958
5958
5960
5962
5962
5962
5964
5968
5970
5972
5972
5972
5976
5980
5982
5982
5986
5986
5988
5990
5990
5992
6000
6000
6006
6006
6008
6012
6014
6014
6014
6014
6016
6018
6022
6022
6028
6028
6030
6030
6030
6038
6038
6040
6042
6042
6046
6048
6048
6056
6064
6064
6066
6068
6072
6080
6084
6086
6092
6092
6098
6108
6112
6118
6120
6122
6124
6124
6126
6126
6128
6130
6134
6134
6134
6140
6142
6144
6152
6162
6162
6170
6174
6186
6198
6198
6200
6200
6200
6202
6206
6212
6218
6218
6228
6230
6232
6238
6238
6240
6248
6248
6260
6260
6262
6264
6268
6268
6270
6274
6280
6290
6292
6296
6296
6304
6314
6318
6322
6324
6326
6344
6348
6360
6360
6360
6368
6370
6380
6388
6402
6422
6424
6438
6452
6470
6476
6480
6494
6504
6568
6590
6596
6610
6642
6658
6710
6720
6720
6752
6758
6762
6762
6798
6818
6836
6838
6878
6890
6892
6900
6918
6982
7032
7088
7258
7266
7272
7276
7280
7312
7330
7348
7386
7408
7468
7526
7798
8174
8242
8252
8624
9058
9398
9966
10178
10200
10204
10212
10468
10570
10586
10602
10612
10764
10996
10996
11048
11220
11220
11476
11516
11586
11638
11732
11922
11964
11988
12118
12220
12258
12360
12410
12690
12820
13312
13964
14012
14378
14508
14922
15150
15194
15324
16262
16508
16794
16824
16824
17364
17384
17806
18444
18538
19418
19428
19830
20254
20356
20542
20938
21010
21140
21150
21366
21434
21886
22856
23110
23328
24016
24048
24128
24546
24708
24892
25034
25044
25282
25420
25634
25800
25826
26442
27102
27264
27288
27888
28408
29382
30474
31534
31938
32764
33082
33234
33344
33760
34800
35496
35678
35728
39024
39976
42046
