Latencies
5048
5060
5068
5070
5086
5090
5096
5096
5100
5108
5112
5116
5118
5124
5132
5134
5134
5134
5138
5140
5140
5142
5142
5144
5146
5146
5148
5150
5152
5154
5154
5156
5160
5160
5162
5168
5168
5172
5174
5174
5176
5180
5180
5180
5184
5184
5184
5186
5188
5188
5190
5190
5190
5192
5198
5198
5200
5200
5202
5202
5202
5202
5204
5204
5204
5204
5204
5204
5206
5206
5206
5208
5208
5210
5210
5210
5210
5212
5212
5212
5212
5212
5214
5214
5214
5214
5216
5216
5216
5218
5220
5220
5220
5222
5222
5222
5222
5224
5226
5228
5228
5228
5228
5228
5228
5230
5230
5230
5230
5230
5230
5232
5232
5232
5232
5234
5234
5234
5236
5236
5236
5236
5236
5236
5236
5238
5238
5238
5238
5240
5240
5240
5240
5240
5242
5244
5244
5244
5246
5246
5246
5246
5246
5248
5248
5248
5248
5248
5250
5250
5250
5252
5252
5252
5252
5252
5254
5254
5256
5256
5256
5256
5256
5256
5258
5260
5260
5260
5260
5260
5260
5260
5262
5262
5262
5264
5264
5264
5264
5266
5266
5266
5266
5266
5268
5268
5270
5270
5272
5272
5272
5272
5272
5272
5274
5274
5274
5274
5276
5276
5276
5276
5276
5276
5278
5278
5278
5278
5278
5280
5282
5282
5284
5284
5284
5284
5286
5286
5286
5288
5288
5290
5290
5290
5290
5290
5292
5292
5294
5296
5296
5298
5298
5298
5300
5300
5300
5300
5300
5300
5300
5300
5300
5302
5302
5302
5304
5306
5306
5306
5308
5308
5308
5310
5310
5312
5314
5314
5314
5316
5318
5318
5318
5318
5318
5318
5318
5318
5320
5320
5322
5322
5322
5322
5322
5324
5324
5324
5324
5324
5326
5326
5326
5326
5328
5330
5330
5332
5332
5332
5332
5332
5334
5334
5334
5336
5336
5336
5336
5338
5338
5340
5340
5342
5342
5344
5344
5344
5346
5346
5350
5350
5350
5352
5352
5352
5352
5354
5354
5354
5354
5356
5358
5358
5358
5360
5360
5360
5360
5360
5362
5364
5364
5364
5366
5366
5366
5368
5368
5372
5372
5374
5374
5374
5374
5374
5376
5376
5376
5378
5378
5378
5380
5380
5380
5380
5380
5382
5386
5386
5386
5388
5388
5388
5388
5388
5390
5390
5392
5392
5394
5394
5396
5396
5400
5400
5402
5402
5402
5404
5404
5404
5406
5406
5406
5406
5406
5408
5410
5412
5412
5412
5412
5416
5416
5416
5418
5418
5420
5422
5424
5426
5428
5428
5428
5430
5430
5432
5432
5432
5434
5434
5436
5436
5436
5436
5436
5438
5438
5440
5440
5440
5440
5440
5442
5442
5442
5444
5446
5448
5448
5448
5448
5450
5452
5452
5454
5454
5456
5458
5458
5458
5460
5460
5460
5460
5462
5462
5464
5466
5466
5466
5468
5468
5468
5470
5470
5472
5474
5474
5474
5476
5476
5476
5476
5478
5480
5484
5486
5490
5492
5492
5492
5496
5496
5498
5498
5502
5502
5504
5508
5508
5508
5510
5510
5510
5512
5514
5514
5516
5516
5518
5518
5520
5524
5524
5526
5528
5530
5532
5536
5536
5538
5538
5540
5546
5548
5548
5548
5552
5552
5556
5558
5558
5558
5560
5562
5562
5566
5566
5568
5568
5570
5574
5576
5576
5576
5578
5578
5578
5578
5580
5582
5582
5582
5584
5586
5586
5586
5592
5594
5596
5598
5600
5602
5606
5610
5610
5612
5612
5616
5616
5616
5616
5618
5618
5620
5620
5622
5628
5628
5630
5630
5630
5632
5632
5634
5634
5636
5642
5644
5644
5648
5652
5654
5656
5658
5658
5660
5662
5662
5664
5668
5672
5674
5676
5676
5676
5680
5684
5690
5690
5692
5696
5696
5696
5698
5698
5700
5702
5704
5708
5710
5714
5718
5720
5720
5720
5726
5728
5728
5730
5732
5736
5736
5740
5742
5744
5744
5746
5746
5756
5758
5760
5766
5766
5768
5770
5770
5772
5774
5776
5776
5776
5778
5778
5778
5780
5782
5782
5782
5782
5782
5784
5784
5786
5786
5786
5788
5790
5790
5790
5790
5794
5796
5800
5802
5802
5804
5806
5806
5808
5808
5812
5814
5816
5818
5822
5822
5826
5826
5832
5832
5834
5834
5838
5838
5840
5842
5842
5842
5848
5848
5852
5856
5862
5864
5864
5868
5870
5884
5888
5888
5888
5888
5894
5898
5904
5908
5908
5910
5910
5910
5910
5912
5920
5924
5924
5926
5926
5930
5930
5930
5930
5932
5932
5934
5934
5936
5938
5938
5938
5940
5942
5944
5944
5950
5950
5950
5950
5958
5960
5960
5962
5964
5968
5968
5970
5970
5970
5980
5986
5988
5990
5992
5994
5994
5996
5996
6000
6000
6004
6006
6006
6018
6022
6024
6028
6030
6032
6034
6044
6046
6048
6054
6056
6060
6062
6072
6072
6080
6088
6090
6092
6102
6116
6120
6124
6124
6128
6136
6138
6152
6154
6154
6158
6168
6170
6176
6178
6180
6182
6184
6194
6196
6198
6200
6204
6204
6206
6206
6210
6220
6228
6230
6234
6242
6272
6274
6284
6284
6292
6292
6304
6306
6314
6322
6324
6332
6358
6378
6396
6418
6434
6446
6464
6492
6524
6590
6600
6614
6614
6628
6632
6632
6636
6672
6682
6694
6722
6732
6778
6836
6888
6922
7080
7104
7132
7148
7190
7236
7256
7258
7358
7404
7426
7460
7564
7588
7670
7766
7842
8096
8422
8952
8964
9298
9386
9718
9858
9896
10152
10980
11014
11450
11476
11478
11786
11938
12042
12264
12320
13304
13448
13930
14204
14230
15686
16518
16564
16914
17204
17600
17750
18132
18772
18776
19276
20384
20536
20538
20674
20938
21104
21158
21364
24396
24404
25622
27010
27352
27690
27780
28106
31426
31858
32186
32644
33400
33562
33774
34320
35674
42354
43248
