Latencies
5128
5136
5144
5150
5150
5152
5162
5166
5168
5168
5172
5172
5176
5180
5182
5182
5186
5188
5188
5192
5200
5200
5200
5200
5202
5210
5210
5216
5216
5220
5220
5220
5222
5224
5232
5232
5232
5232
5236
5238
5240
5244
5244
5244
5244
5244
5248
5248
5250
5250
5252
5252
5252
5256
5256
5258
5258
5258
5258
5260
5260
5266
5266
5266
5268
5268
5270
5272
5274
5274
5274
5276
5278
5282
5282
5282
5282
5282
5282
5284
5288
5288
5288
5290
5290
5292
5294
5294
5294
5294
5294
5296
5296
5298
5300
5300
5300
5302
5304
5306
5306
5306
5306
5308
5308
5312
5312
5312
5312
5312
5314
5314
5314
5316
5316
5316
5318
5318
5318
5318
5318
5320
5320
5322
5324
5324
5324
5324
5324
5326
5328
5328
5328
5328
5330
5330
5330
5330
5330
5332
5332
5334
5334
5334
5334
5334
5334
5334
5334
5336
5336
5338
5338
5340
5340
5340
5340
5342
5342
5342
5342
5344
5344
5346
5346
5348
5348
5348
5348
5348
5350
5350
5350
5352
5352
5352
5352
5352
5352
5352
5354
5354
5354
5354
5354
5354
5356
5356
5356
5356
5356
5356
5356
5358
5358
5358
5360
5360
5360
5360
5360
5360
5360
5362
5362
5362
5362
5362
5364
5364
5364
5364
5366
5368
5368
5368
5370
5370
5370
5370
5370
5370
5370
5372
5372
5374
5374
5374
5374
5374
5376
5376
5376
5376
5376
5376
5378
5378
5378
5378
5380
5380
5380
5380
5380
5382
5382
5384
5384
5384
5384
5384
5384
5386
5386
5386
5386
5386
5386
5386
5386
5388
5388
5388
5388
5388
5388
5388
5390
5390
5390
5390
5390
5390
5392
5392
5392
5394
5394
5394
5396
5396
5396
5396
5398
5398
5398
5398
5398
5400
5400
5400
5400
5402
5402
5402
5402
5402
5402
5404
5404
5404
5404
5406
5406
5406
5406
5408
5408
5410
5410
5410
5410
5412
5412
5412
5412
5414
5414
5416
5416
5418
5418
5418
5418
5418
5420
5420
5420
5420
5422
5422
5422
5422
5422
5422
5424
5424
5424
5426
5426
5426
5428
5428
5428
5428
5430
5430
5430
5432
5434
5434
5434
5434
5434
5434
5436
5436
5436
5436
5438
5438
5438
5438
5440
5440
5442
5442
5442
5442
5444
5444
5444
5446
5446
5448
5448
5450
5450
5450
5450
5450
5450
5450
5450
5450
5454
5456
5456
5456
5458
5458
5458
5458
5458
5460
5460
5462
5462
5462
5462
5466
5466
5468
5468
5470
5470
5472
5472
5472
5472
5474
5474
5474
5476
5476
5476
5478
5478
5478
5478
5480
5480
5482
5482
5482
5484
5484
5486
5486
5486
5488
5488
5488
5490
5492
5492
5492
5492
5496
5496
5498
5498
5500
5500
5500
5502
5504
5504
5506
5506
5506
5506
5508
5508
5508
5510
5510
5512
5516
5516
5516
5516
5520
5520
5522
5522
5522
5524
5526
5528
5528
5532
5534
5534
5536
5540
5540
5540
5542
5542
5542
5542
5542
5544
5544
5544
5544
5546
5546
5550
5550
5552
5552
5552
5552
5554
5556
5558
5560
5560
5562
5566
5566
5568
5568
5570
5572
5572
5574
5574
5576
5578
5580
5580
5582
5584
5584
5584
5584
5588
5588
5590
5590
5592
5592
5592
5592
5594
5594
5594
5594
5598
5598
5600
5602
5602
5604
5604
5604
5608
5610
5610
5610
5612
5612
5612
5616
5616
5618
5618
5620
5620
5620
5622
5622
5624
5626
5626
5632
5632
5638
5642
5642
5644
5644
5644
5646
5648
5648
5648
5648
5648
5650
5650
5652
5654
5658
5660
5660
5662
5664
5664
5666
5670
5672
5672
5674
5676
5676
5678
5678
5678
5682
5682
5682
5682
5684
5684
5686
5688
5688
5690
5692
5692
5694
5696
5698
5698
5698
5700
5700
5706
5706
5708
5708
5710
5710
5712
5714
5718
5720
5732
5734
5734
5740
5740
5744
5748
5748
5756
5758
5758
5762
5764
5764
5766
5766
5768
5768
5772
5772
5774
5780
5780
5782
5782
5782
5788
5788
5788
5788
5788
5792
5794
5804
5806
5806
5810
5810
5814
5816
5822
5836
5836
5844
5846
5852
5856
5856
5862
5862
5868
5868
5870
5872
5874
5876
5878
5878
5878
5882
5890
5892
5898
5898
5898
5904
5904
5904
5906
5906
5906
5906
5908
5916
5918
5918
5920
5922
5942
5946
5948
5952
5954
5956
5958
5960
5960
5966
5966
5974
5974
5978
5978
5980
5980
5982
5988
5992
5994
6000
6004
6006
6008
6012
6014
6016
6016
6030
6032
6038
6040
6042
6042
6044
6046
6050
6056
6058
6062
6066
6068
6072
6074
6074
6074
6078
6078
6080
6080
6088
6088
6090
6094
6100
6100
6104
6106
6108
6112
6112
6112
6114
6114
6116
6120
6122
6124
6126
6126
6126
6128
6130
6136
6140
6146
6150
6152
6160
6164
6166
6166
6174
6176
6178
6184
6194
6194
6198
6210
6212
6216
6218
6226
6236
6242
6244
6250
6250
6254
6260
6262
6266
6270
6274
6278
6280
6288
6288
6290
6292
6294
6296
6302
6302
6316
6318
6320
6326
6336
6340
6350
6356
6366
6368
6378
6378
6388
6390
6396
6406
6408
6408
6410
6410
6410
6412
6418
6422
6424
6424
6428
6436
6460
6482
6484
6486
6508
6518
6542
6592
6596
6598
6600
6602
6604
6604
6610
6614
6620
6644
6644
6658
6674
6706
6710
6720
6744
6778
6782
6792
6828
6830
6840
7024
7062
7118
7152
7160
7166
7280
7282
7320
7474
7546
7576
7582
7838
7908
7996
8032
8120
8202
8266
8566
8688
8900
9048
9440
9662
9818
9828
10162
10258
10274
10320
10368
10408
10408
10484
10568
10738
11050
11092
11504
11656
11862
12266
12360
12706
13026
13082
13616
13776
13842
13932
13984
13994
14100
14218
14630
14646
14708
14820
14840
14862
15294
15472
15488
15502
15722
15896
16160
16256
17858
18714
20396
20570
20572
20584
20914
21464
22086
22506
23662
23994
25432
25478
25992
30248
30734
32100
33528
34658
35898
38152
38486
44918
