Latencies
5000
5000
5004
5014
5018
5018
5022
5024
5028
5038
5040
5044
5044
5046
5048
5050
5050
5052
5058
5058
5062
5064
5066
5068
5068
5070
5070
5070
5072
5072
5072
5074
5074
5074
5076
5076
5076
5078
5078
5078
5080
5080
5082
5082
5082
5082
5082
5082
5084
5086
5086
5086
5088
5092
5094
5096
5096
5096
5096
5098
5106
5106
5106
5108
5110
5110
5112
5114
5118
5118
5118
5118
5120
5120
5122
5122
5122
5122
5124
5124
5124
5124
5126
5126
5128
5128
5130
5130
5132
5132
5134
5136
5136
5136
5138
5140
5140
5142
5144
5146
5148
5148
5150
5150
5150
5150
5152
5152
5152
5152
5154
5154
5154
5154
5156
5156
5156
5158
5158
5158
5158
5158
5160
5160
5160
5160
5162
5164
5164
5166
5166
5166
5166
5166
5168
5170
5170
5170
5172
5172
5172
5174
5176
5176
5176
5176
5178
5178
5178
5178
5178
5180
5180
5180
5180
5182
5182
5182
5182
5184
5186
5186
5188
5188
5188
5190
5190
5190
5190
5190
5192
5192
5194
5194
5194
5196
5196
5196
5196
5198
5198
5198
5198
5198
5198
5200
5200
5202
5202
5204
5204
5206
5206
5206
5206
5208
5208
5208
5208
5210
5210
5210
5212
5212
5212
5214
5214
5216
5216
5216
5216
5218
5218
5218
5218
5220
5220
5220
5222
5224
5224
5224
5224
5226
5226
5226
5226
5226
5226
5226
5228
5228
5228
5230
5230
5232
5232
5232
5232
5232
5234
5234
5234
5234
5236
5236
5236
5236
5238
5238
5238
5238
5238
5240
5240
5240
5240
5240
5240
5240
5240
5240
5240
5242
5242
5242
5242
5242
5242
5244
5246
5246
5248
5248
5248
5248
5248
5248
5248
5250
5250
5250
5252
5252
5252
5252
5252
5254
5254
5254
5254
5254
5254
5254
5254
5258
5258
5258
5260
5260
5260
5260
5260
5262
5262
5262
5262
5262
5264
5264
5264
5264
5264
5266
5266
5266
5266
5268
5268
5268
5268
5270
5272
5272
5272
5272
5274
5274
5274
5274
5274
5274
5276
5276
5276
5276
5278
5278
5278
5280
5280
5280
5280
5280
5280
5282
5282
5282
5282
5284
5284
5284
5284
5284
5284
5286
5286
5286
5286
5288
5288
5288
5288
5290
5290
5290
5292
5292
5292
5292
5292
5294
5294
5294
5294
5294
5296
5296
5296
5296
5298
5300
5300
5300
5300
5300
5300
5302
5302
5302
5304
5306
5306
5306
5308
5308
5308
5310
5310
5310
5312
5312
5312
5314
5314
5316
5318
5318
5318
5320
5320
5320
5320
5322
5322
5324
5324
5324
5326
5326
5328
5328
5328
5330
5332
5334
5334
5336
5336
5336
5336
5336
5340
5340
5340
5340
5340
5342
5342
5342
5344
5346
5348
5348
5348
5348
5348
5350
5350
5352
5352
5354
5354
5354
5356
5356
5356
5356
5358
5358
5358
5358
5362
5362
5364
5364
5364
5366
5366
5366
5366
5366
5370
5370
5370
5370
5372
5372
5372
5372
5374
5376
5376
5376
5376
5376
5376
5378
5380
5380
5382
5382
5384
5384
5384
5384
5386
5388
5388
5388
5390
5390
5390
5390
5392
5392
5394
5394
5394
5396
5398
5400
5402
5402
5404
5406
5408
5410
5410
5410
5412
5414
5416
5420
5420
5420
5424
5426
5428
5428
5430
5432
5432
5434
5434
5436
5436
5438
5438
5438
5440
5442
5442
5442
5444
5446
5446
5446
5446
5450
5450
5450
5450
5450
5450
5452
5454
5456
5458
5458
5458
5458
5460
5462
5464
5464
5464
5468
5468
5468
5474
5474
5482
5482
5484
5486
5488
5488
5488
5488
5490
5490
5492
5494
5494
5496
5496
5500
5500
5502
5504
5506
5508
5508
5508
5510
5510
5510
5510
5516
5516
5518
5518
5520
5524
5524
5524
5526
5526
5526
5530
5530
5532
5536
5536
5536
5536
5542
5546
5548
5548
5550
5552
5552
5552
5554
5556
5556
5556
5558
5560
5564
5566
5566
5566
5568
5568
5570
5570
5572
5572
5574
5574
5578
5582
5584
5586
5588
5590
5592
5592
5592
5592
5596
5598
5600
5600
5602
5602
5604
5604
5604
5608
5608
5608
5614
5614
5614
5616
5616
5616
5620
5622
5624
5626
5628
5628
5632
5636
5638
5642
5648
5650
5650
5652
5656
5656
5656
5662
5662
5664
5666
5668
5670
5670
5672
5674
5678
5678
5680
5680
5682
5696
5698
5700
5702
5706
5708
5710
5710
5712
5712
5714
5716
5716
5720
5720
5722
5730
5734
5742
5742
5742
5748
5748
5750
5750
5750
5752
5754
5756
5766
5768
5768
5768
5776
5778
5780
5784
5788
5790
5796
5806
5812
5816
5816
5828
5830
5834
5834
5840
5850
5860
5862
5864
5864
5868
5868
5874
5874
5882
5888
5896
5902
5902
5904
5904
5908
5908
5910
5912
5914
5920
5920
5926
5926
5942
5946
5950
5954
5956
5960
5960
5962
5964
5964
5972
5972
5974
5976
5982
5982
5984
5984
5988
6004
6010
6010
6018
6022
6034
6044
6044
6054
6056
6058
6060
6076
6080
6092
6094
6094
6098
6104
6110
6142
6142
6156
6166
6178
6188
6214
6218
6222
6234
6242
6242
6260
6260
6286
6288
6310
6310
6314
6326
6332
6358
6376
6386
6396
6412
6418
6432
6438
6440
6444
6446
6528
6530
6532
6588
6592
6624
6624
6626
6628
6644
6676
6764
6788
6792
6814
6828
6872
6890
6896
6970
6976
7020
7036
7142
7144
7284
7798
7886
7904
7914
8312
8366
8452
8708
8888
8972
9250
9416
9520
9560
9794
10162
10366
10438
10440
10444
10726
10734
10786
10896
10966
11004
11056
11654
12160
12232
12408
12500
12500
12562
12674
12952
13070
13090
13100
13600
13604
13828
13832
13922
15050
15208
15234
15248
15332
15994
16642
16844
17138
17196
17332
18330
19044
19654
20122
20152
20300
20336
21226
21992
22110
22288
22650
23372
23462
23972
25416
25692
26984
27118
28618
29090
29216
29594
30684
31038
32510
33744
34278
35258
35322
35458
35556
36692
39828
40030
40992
43622
102868
156042
