Latencies
5152
5164
5188
5196
5202
5206
5218
5222
5224
5236
5238
5238
5240
5242
5246
5250
5250
5250
5254
5256
5258
5262
5268
5270
5270
5276
5276
5282
5284
5284
5286
5288
5294
5298
5300
5308
5312
5316
5324
5326
5328
5330
5336
5344
5346
5348
5358
5360
5362
5370
5372
5372
5378
5378
5382
5386
5388
5390
5418
5420
5424
5434
5438
5440
5442
5444
5446
5450
5452
5452
5466
5474
5474
5474
5476
5480
5480
5486
5490
5490
5492
5500
5500
5508
5518
5518
5518
5528
5530
5534
5536
5542
5542
5546
5548
5548
5550
5552
5552
5558
5560
5562
5564
5570
5572
5576
5576
5578
5592
5594
5622
5624
5624
5630
5632
5634
5638
5668
5668
5668
5668
5668
5688
5694
5702
5704
5708
5708
5710
5714
5720
5726
5726
5728
5740
5746
5746
5748
5752
5752
5754
5754
5760
5766
5784
5794
5796
5802
5804
5806
5806
5808
5810
5816
5820
5824
5830
5842
5842
5846
5852
5854
5866
5868
5872
5874
5878
5884
5886
5888
5888
5890
5890
5892
5896
5898
5912
5912
5916
5916
5922
5934
5942
5942
5956
5956
5960
5962
5966
5988
6002
6006
6010
6016
6026
6026
6036
6044
6060
6078
6090
6092
6108
6114
6118
6132
6148
6152
6158
6164
6170
6190
6194
6204
6208
6216
6224
6232
6272
6274
6274
6278
6308
6312
6320
6334
6362
6374
6382
6412
6434
6442
6448
6452
6470
6480
6488
6490
6504
6516
6522
6534
6550
6592
6622
6666
6674
6690
6712
6728
6742
6744
6752
6758
6770
6792
6796
6830
6832
6836
6840
6844
6868
6886
6908
6916
6934
6948
6950
6960
6970
7060
7066
7068
7082
7098
7108
7136
7144
7162
7176
7180
7182
7208
7280
7284
7294
7310
7398
7406
7406
7410
7488
7520
7568
7612
7630
7634
7634
7650
7656
7684
7696
7744
7760
7780
7782
7814
7828
7838
7858
7866
7892
7892
7894
7916
7918
7976
8004
8012
8020
8034
8040
8046
8048
8052
8058
8094
8100
8140
8150
8162
8164
8166
8182
8184
8198
8202
8214
8222
8228
8238
8250
8256
8262
8272
8276
8360
8372
8408
8428
8436
8440
8456
8460
8498
8504
8522
8618
8658
8712
8718
8738
8748
8752
8762
8814
8820
8844
8852
8862
8870
8900
8912
8952
9008
9014
9040
9078
9100
9108
9110
9158
9200
9210
9234
9278
9278
9308
9326
9372
9436
9442
9442
9470
9494
9498
9528
9546
9550
9558
9600
9642
9650
9666
9698
9718
9724
9764
9764
9776
9804
9826
9852
9864
9910
9912
9932
9932
9932
9934
9948
9984
10034
10086
10096
10098
10144
10146
10152
10158
10188
10222
10248
10250
10308
10318
10342
10382
10418
10436
10452
10452
10462
10496
10536
10540
10540
10556
10602
10624
10634
10668
10674
10680
10708
10710
10722
10728
10730
10734
10792
10802
10808
10808
10810
10822
10836
10852
10880
10892
10906
10920
10934
10952
10976
10986
10992
11000
11000
11000
11032
11040
11074
11076
11080
11082
11120
11138
11172
11174
11222
11232
11244
11250
11278
11320
11320
11342
11346
11352
11354
11366
11384
11386
11396
11400
11410
11432
11450
11474
11490
11496
11508
11520
11526
11548
11558
11560
11572
11576
11584
11610
11618
11654
11664
11674
11678
11680
11686
11734
11734
11774
11776
11782
11794
11796
11810
11826
11834
11840
11850
11884
11890
11906
11908
11918
11924
11970
11976
11980
11992
12052
12056
12064
12064
12068
12070
12076
12078
12110
12114
12124
12142
12154
12184
12196
12220
12246
12260
12284
12284
12298
12316
12322
12322
12364
12376
12390
12406
12434
12434
12448
12464
12488
12520
12522
12528
12578
12614
12622
12648
12650
12690
12694
12702
12726
12736
12736
12802
12804
12804
12820
12834
12842
12844
12890
12936
12936
12944
12950
12970
12986
12998
13008
13012
13020
13034
13056
13076
13086
13122
13144
13154
13166
13170
13184
13186
13210
13220
13238
13252
13312
13314
13330
13400
13406
13434
13434
13446
13472
13476
13490
13492
13510
13512
13526
13534
13608
13616
13618
13622
13624
13632
13656
13658
13666
13674
13688
13690
13696
13700
13700
13706
13744
13792
13818
13828
13834
13854
13858
13876
13902
13922
13938
13942
13948
13956
13962
13966
13966
14002
14010
14028
14044
14048
14054
14090
14110
14118
14124
14162
14166
14166
14174
14186
14190
14192
14192
14196
14212
14218
14220
14232
14242
14250
14268
14302
14304
14310
14322
14338
14346
14352
14360
14364
14384
14398
14402
14404
14410
14416
14416
14418
14438
14444
14452
14452
14462
14466
14468
14474
14480
14490
14494
14496
14520
14522
14524
14532
14534
14542
14542
14576
14586
14606
14618
14650
14654
14668
14672
14680
14680
14686
14692
14702
14720
14724
14728
14746
14754
14760
14786
14790
14796
14798
14800
14818
14822
14830
14836
14848
14852
14854
14862
14862
14868
14872
14888
14892
14896
14900
14910
14914
14918
14920
14924
14938
14938
14940
14946
14946
14952
14956
14960
14960
14966
14966
14968
14976
14982
14994
14994
14998
15038
15042
15050
15052
15052
15052
15056
15070
15072
15074
15074
15074
15074
15078
15086
15098
15104
15120
15134
15140
15140
15142
15146
15150
15158
15168
15174
15198
15202
15202
15204
15204
15206
15208
15210
15212
15216
15220
15220
15224
15230
15238
15242
15244
15244
15248
15258
15262
15280
15288
15298
15300
15300
15304
15308
15308
15310
15316
15344
15352
15352
15354
15360
15400
15408
15412
15414
15418
15440
15454
15470
15480
15484
15496
15500
15502
15508
15524
15524
15526
15530
15536
15540
15546
15550
15564
15574
15580
15584
15594
15618
15618
15624
15648
15656
15672
15678
15700
15702
15704
15706
15722
15740
15744
15776
15796
15800
15800
15818
15832
15874
15884
15908
15920
16068
16168
16198
16220
16264
16376
16382
16496
16590
16622
16650
17126
17278
17320
17332
17394
17416
17440
17598
17676
17724
17756
18338
18676
19026
19488
19812
19834
19888
19938
20506
20576
20672
20788
21898
22088
22126
22400
22518
22784
22844
23222
23466
23642
23720
23742
23834
24058
24110
24258
24440
24450
24482
24490
24498
24560
24586
24620
24636
24648
24664
24802
24960
25074
25154
25222
25242
25558
27712
28352
33728
34270
34332
34704
34978
35900
