Latencies
5480
5482
5502
5576
5630
5726
5788
5850
5876
5968
5982
6088
6166
6170
6200
6252
6382
6446
6588
6858
7036
7122
7200
7220
7274
7396
7460
7460
7538
7600
7840
7882
7908
7976
8012
8190
8222
8272
8292
8862
8898
9084
9156
9226
9242
9268
9576
9740
9814
9938
10246
10268
10356
10472
10516
10600
10680
10736
10744
10754
10784
10794
10818
10990
11144
11198
11250
11320
11370
11382
11408
11434
11632
11700
12076
12184
12416
12442
12526
12576
12658
12890
12988
13198
13238
13248
13466
13554
13592
13846
14108
14108
14230
14236
14284
14372
14474
14548
14572
14684
14690
14706
14714
14736
14770
14786
14790
14830
14838
14888
14960
14988
15018
15018
15024
15028
15044
15062
15068
15080
15088
15094
15106
15144
15144
15154
15158
15168
15194
15196
15200
15208
15212
15224
15242
15258
15260
15280
15300
15366
15372
15402
15438
15548
15586
15588
15598
15608
15654
15688
15706
15712
15720
15768
15892
15912
15946
15994
16022
16062
16200
16322
16454
16566
16674
16702
16706
16766
16776
16802
16812
16816
16838
16968
16970
16990
16998
17004
17080
17092
17178
17214
17270
17338
17386
17470
17580
17660
17670
17804
17834
17862
17890
18088
18122
18142
18284
18356
18448
18500
18542
18566
18674
18696
18746
18930
18992
19076
19090
19104
19126
19166
19332
19364
19394
19500
19536
19612
19616
19630
19634
19676
19700
19844
19888
19994
20028
20062
20098
20108
20186
20208
20262
20298
20366
20456
20472
20488
20512
20596
20604
20610
20674
20720
20816
20844
20878
20964
20984
21074
21108
21146
21174
21190
21266
21352
21546
21566
21630
21660
21832
21908
22004
22006
22008
22056
22126
22208
22216
22260
22318
22376
22382
22400
22512
22618
22694
22706
22716
22826
22828
22962
22982
22990
23090
23188
23362
23404
23416
23430
23462
23480
23510
23518
23534
23584
23594
23616
23620
23754
23800
23924
23976
23976
23990
24024
24032
24078
24082
24130
24188
24244
24324
24342
24344
24352
24362
24382
24398
24432
24448
24480
24554
24560
24568
24614
24624
24634
24688
24690
24692
24702
24746
24748
24760
24762
24768
24786
24810
24810
24844
24846
24854
24884
24886
24902
24936
24938
24958
24960
24962
24974
24996
25014
25050
25056
25064
25094
25100
25104
25108
25112
25116
25124
25124
25138
25138
25146
25180
25196
25198
25212
25252
25252
25278
25290
25296
25296
25354
25360
25360
25374
25390
25406
25450
25552
25654
25676
25718
25750
25768
25820
25862
25912
26042
26168
26168
26194
26196
26200
26280
26282
26376
26452
26662
26758
26862
26898
27016
27024
27080
27126
27168
27284
27314
27330
27418
27444
27516
27522
27654
27728
27822
27826
27844
27856
27962
28016
28124
28174
28220
28294
28392
28524
28628
28730
28742
28808
28912
29018
29102
29178
29298
29380
29442
29442
29456
29576
29676
29688
29744
29880
29988
30066
30168
30172
30186
30192
30286
30302
30582
30634
30678
30760
30824
30862
30866
31004
31032
31094
31124
31144
31164
31194
31336
31384
31406
31420
31440
31502
31580
31678
31866
31902
31958
31966
31974
32074
32210
32254
32308
32318
32354
32392
32492
32538
32560
32572
32588
32660
32676
32728
32742
32788
32862
32998
33106
33174
33214
33232
33258
33270
33294
33342
33362
33376
33398
33404
33530
33544
33640
33660
33660
33684
33690
33698
33710
33762
33780
33790
33808
33830
33876
33878
33884
33904
33906
33926
33926
34002
34032
34032
34066
34072
34110
34116
34118
34120
34120
34128
34134
34136
34138
34148
34160
34196
34204
34210
34210
34216
34218
34244
34250
34258
34258
34272
34282
34288
34290
34294
34312
34316
34320
34322
34324
34330
34334
34334
34334
34334
34338
34352
34360
34362
34374
34386
34388
34408
34420
34434
34442
34444
34452
34454
34464
34468
34468
34478
34490
34508
34510
34518
34526
34534
34536
34538
34546
34548
34550
34552
34558
34576
34580
34582
34586
34608
34612
34620
34654
34654
34656
34674
34674
34678
34680
34702
34704
34720
34734
34750
34754
34756
34760
34790
34800
34800
34808
34816
34818
34820
34822
34826
34840
34848
34878
34880
34882
34906
34908
34912
34916
34928
34932
34942
34944
34948
34958
34980
35000
35000
35012
35012
35014
35022
35066
35114
35134
35184
35198
35246
35294
35338
35402
35410
35500
35642
35758
35764
35764
35792
35850
35860
35872
35886
35928
36020
36056
36088
36200
36226
36298
36382
36426
36450
36676
36858
37094
37110
37140
37298
37544
37544
37586
37610
37752
37824
38454
38602
38690
38744
38846
38906
38932
38948
39130
39344
39396
39528
39622
39854
39916
40006
40032
40170
40368
40426
40646
41036
41184
41508
41686
41692
41794
41802
42194
42396
42590
43018
43220
43286
43366
43388
43516
43582
43638
43680
43704
43710
43886
44020
44076
44218
44268
44386
44394
44416
44428
44506
44730
44800
44882
45188
45348
45362
45446
45710
45872
46198
46282
46412
46450
46582
46664
46690
46714
46820
46924
47262
47430
47582
47830
47858
47880
47944
47946
48002
48094
48122
48442
48700
48850
48872
48936
49088
49154
49166
49374
49632
49858
50010
50220
50422
50714
50756
50778
50804
51032
51308
51310
51446
51552
51586
51626
51664
51984
52004
52074
52280
52316
52356
52400
52466
52854
52878
52990
53002
53082
53094
53146
53244
53326
53344
53384
53384
53432
53432
53436
53452
53464
53474
53500
53512
53522
53548
53550
53566
53570
53590
53626
53642
53658
53668
53720
53740
53742
53794
53800
53830
53838
53840
53858
53874
53876
53878
53880
53886
53892
53892
53894
53896
53912
53920
53976
53982
53988
53990
53994
53994
54000
54004
54012
54026
54034
54040
54044
54056
54070
54076
54078
54080
54082
54084
54086
54088
54088
54098
54106
54108
54126
54132
54148
54150
54156
54166
54184
54194
54196
54196
54200
54210
54214
54222
54222
54230
54232
54246
54260
54266
54270
54282
54296
54312
54316
54358
54362
54364
54368
54370
54378
54384
54384
54386
54394
54404
54404
54408
54410
54440
54448
54498
54500
54508
54526
54626
54628
54632
54710
54768
54814
54944
55194
55228
55246
55344
55438
55482
55704
56028
56234
56922
57002
57454
58090
60756
61276
61736
62680
63222
63236
63292
64070
64152
64814
73018
73214
73304
73354
73490
73652
74212
77582
78214
136344
149860
155866
165412
308544
541262
669530
