Latencies
5248
5860
6280
6934
7620
7972
8062
8228
8392
8900
12718
12836
13300
13744
13828
13964
14272
14752
14968
15140
15154
15176
15184
15482
15500
15776
15892
16272
16324
16502
16590
16750
16788
17052
17066
17356
17452
17514
17550
17592
17674
17816
17906
17940
18232
18352
18486
18552
18586
18710
18738
18804
18812
18894
19020
19148
19164
19198
19258
19284
19522
19642
19674
19802
20084
20104
20112
20194
20256
20538
20648
20686
20870
20906
20916
20926
21204
21216
21350
21446
21748
21892
21980
22192
22210
22236
22318
22434
22560
22568
22762
22914
23220
23238
23282
23290
23390
23418
23436
23486
23680
23780
23828
23958
24252
24326
24388
24538
24562
24638
24664
24690
24692
24710
24746
24760
24778
24848
24904
25020
25026
25054
25102
25120
25148
25180
25214
25232
25234
25312
25336
25366
25430
25458
25616
25634
25782
25782
25786
25922
25984
25996
26068
26198
26252
26288
26380
26542
26716
26776
26902
26906
26946
26994
27182
27268
27656
27660
27664
27738
27738
27750
27848
28014
28060
28122
28146
28220
28252
28254
28286
28330
28442
28454
28738
29000
29092
29168
29254
29290
29300
29492
29626
29756
29814
29830
29844
29914
29934
30012
30294
30304
30306
30340
30428
30454
30474
30480
30628
30716
30750
30902
30976
30980
31124
31250
31294
31442
31654
31734
31742
31762
31806
31814
31924
32134
32200
32210
32222
32256
32286
32286
32292
32460
32622
32696
32764
32830
32902
33006
33074
33078
33158
33184
33226
33310
33328
33560
33562
33568
33590
33630
33660
33678
33712
33752
33800
33924
33940
33952
33956
33960
33994
34022
34220
34232
34292
34326
34360
34362
34372
34410
34474
34476
34510
34564
34590
34618
34642
34672
34702
34736
34748
34818
34818
34842
34854
34880
34882
34948
34990
35010
35064
35070
35108
35122
35160
35188
35202
35206
35218
35384
35422
35518
35696
35752
35788
35934
35938
35944
36014
36170
36228
36244
36320
36632
37030
37624
37746
37764
37774
37788
37862
37948
38000
38080
38150
38220
38224
38250
38284
38338
38354
38730
38942
39040
39304
39342
39432
39538
39560
39676
39710
39824
39924
39930
39966
40042
40234
40280
40332
40334
40378
40430
40534
40542
40548
40554
40750
40750
41006
41028
41032
41094
41204
41278
41344
41536
41700
41762
41798
41832
41840
41922
42056
42066
42078
42118
42242
42510
42516
42658
42690
42902
43112
43124
43330
43494
43502
43618
43624
43664
43690
43740
43760
43804
43818
44100
44162
44164
44216
44268
44312
44384
44452
44456
44476
44520
44650
44822
44888
44890
44910
45010
45022
45044
45088
45192
45214
45260
45296
45538
45912
46106
46118
46302
46374
46608
46686
46822
46870
47048
47076
47246
47386
47504
47582
47630
47700
47718
47892
47976
48002
48070
48148
48284
48514
48622
48886
49226
49256
49332
49412
49460
49554
49636
49642
49784
49842
49960
50054
50208
50242
50396
50790
50794
51080
51392
51434
51452
51506
51600
51640
51688
51910
51932
51950
51992
52060
52084
52118
52290
52348
52410
52506
52536
52544
52778
52892
52918
53024
53212
53388
53466
53568
53594
53646
53678
53700
53816
53932
53942
53972
53982
54014
54030
54086
54090
54092
54098
54100
54114
54116
54124
54134
54134
54150
54158
54184
54188
54202
54206
54208
54208
54214
54218
54224
54226
54228
54238
54266
54278
54280
54292
54306
54316
54318
54394
54432
54456
54478
54486
54570
54620
54624
54660
54736
54776
54950
55034
55040
55166
55366
55470
55950
55986
56076
56124
56208
56334
56392
56466
56924
56972
57222
57286
57542
57602
57606
57646
57888
57984
58172
58180
58220
58454
58524
58544
58696
58998
59082
59344
59574
59614
59758
60000
60358
60498
60564
60640
60728
60964
61006
61018
61058
61320
61554
61574
61596
61774
61876
62008
62030
62064
62130
62170
62202
62458
62706
62758
62936
63034
63154
63248
63502
63504
63602
63620
63710
63726
63766
63772
63782
63792
63946
64008
64026
64158
64178
64328
64350
64354
64490
64492
64526
64538
64608
64622
64796
64970
65142
65192
65294
65402
65708
65900
65912
65952
65982
66312
66336
66412
66480
66738
66760
66814
66986
67216
67258
67262
67352
67514
67654
67658
67738
67766
67846
68176
68254
68458
68826
68944
69004
69192
69334
69726
69784
70064
70308
70920
70972
71010
71016
71030
71046
71412
71616
71622
71732
71736
71916
72008
72020
72072
72116
72122
72242
72338
72368
72380
72414
72492
72690
72708
72714
72726
72728
72740
72760
72882
72902
72906
72918
72948
72954
73016
73024
73074
73084
73174
73176
73226
73286
73320
73334
73362
73420
73436
73444
73482
73486
73538
73566
73590
73598
73622
73640
73642
73672
73682
73684
73724
73744
73792
73796
73830
73848
73914
73930
73956
74006
74072
74084
74090
74106
74106
74116
74122
74204
74294
74344
74420
74438
74450
74484
74490
74636
74698
74896
75118
75174
75184
75268
75270
75532
75926
76096
76230
76598
76788
77084
77100
77388
77754
77788
77828
78222
78308
78354
78420
78874
78972
79334
79708
79806
80158
80346
80522
80766
81236
81258
81622
81688
81850
81908
82060
82158
82372
82420
82550
82678
82706
82712
82738
82798
82834
83154
83168
83246
83284
83324
83506
83526
83724
83784
83968
84092
84196
84230
84870
84972
84988
85104
85716
85996
86304
86990
87790
87880
88434
88614
88938
89248
89578
89804
89808
90066
90534
90556
90826
91638
91742
91896
91974
92016
92114
92212
92242
92360
92572
92606
92708
92748
92770
92840
92874
92918
92964
92970
92982
92984
93010
93054
93084
93092
93098
93108
93108
93114
93132
93138
93138
93138
93146
93166
93172
93182
93190
93192
93192
93202
93222
93226
93238
93250
93276
93300
93326
93336
93446
93476
93488
93566
93570
93580
93602
93736
93758
93886
93952
93990
94162
94358
94438
95270
95626
96460
96640
97142
98038
98638
98936
99920
100260
100708
100748
100890
100984
101588
102072
102298
103164
105172
107448
108090
108254
111428
112640
113026
113250
113524
113756
114360
116634
117490
119182
122144
122504
123080
123496
123952
124406
124612
129888
135590
144364
150410
153888
155924
187588
207494
216820
288378
501424
5627166
9095304
10108654
17169632
