Latencies
5242
5348
5396
5412
5486
5608
5824
5848
5954
6000
6166
6172
6264
6512
6686
6778
7054
7106
7224
7768
7796
7824
7894
7932
8026
8030
8058
8084
8282
8352
8406
8660
8664
8908
9044
9180
9252
9392
9620
9730
9856
9992
10014
10058
10346
10392
10400
11010
11274
11386
11420
11774
11788
11970
11976
12172
12194
12602
12706
12830
13134
13420
13422
13522
13600
13708
13984
14024
14164
14370
14388
14456
14532
14660
14814
14854
14874
14886
14888
14902
15058
15070
15084
15088
15120
15134
15186
15190
15214
15232
15244
15306
15322
15366
15402
15478
15624
15626
15784
15808
15816
15866
15894
15984
16018
16044
16108
16366
16526
16590
16618
16666
16694
16700
16764
16776
17050
17194
17274
17474
17628
17712
17782
17872
17944
17978
18052
18066
18120
18234
18282
18338
18342
18344
18404
18524
18576
19160
19212
19216
19226
19436
19526
19576
19742
19800
19826
20010
20142
20180
20194
20202
20264
20402
20418
20522
20552
20560
20570
20730
20736
20862
20900
21010
21030
21078
21350
21780
21914
22034
22118
22282
22392
22432
22478
22516
22670
22716
22788
22794
22928
23064
23118
23148
23214
23314
23368
23440
23530
23658
23780
23816
23916
24130
24248
24274
24294
24304
24348
24406
24408
24446
24458
24476
24566
24682
24686
24714
24726
24726
24756
24788
24830
24882
24902
24918
24918
24994
24998
25042
25104
25114
25116
25178
25196
25250
25260
25330
25390
25428
25484
25518
25522
25600
25608
25652
25718
25722
25844
25980
25988
26150
26222
26406
26490
26512
26544
26566
26680
26718
26764
26820
26928
26992
27016
27036
27156
27242
27264
27302
27316
27506
27520
27600
27746
27756
27804
28040
28044
28058
28134
28192
28222
28374
28540
28588
28862
29016
29150
29152
29272
29558
29562
29702
29848
29950
29960
29986
30078
30142
30308
30368
30370
30552
30572
30706
30838
30918
31062
31114
31216
31368
31446
31764
31910
31962
32034
32204
32206
32406
32414
32420
32440
32512
32608
32632
32682
32858
32868
32970
33084
33142
33170
33176
33260
33302
33302
33342
33356
33382
33496
33616
33640
33712
33792
33796
33796
33830
33882
33884
33948
33978
34014
34028
34054
34182
34184
34242
34398
34416
34426
34432
34492
34494
34500
34538
34548
34550
34562
34570
34572
34590
34656
34714
34720
34722
34770
34782
34796
34800
34816
34856
34856
34888
34888
34930
34956
35010
35024
35090
35092
35092
35150
35212
35214
35242
35264
35316
35350
35458
35498
35502
35598
35652
35664
35732
35736
35768
35778
35798
35824
35826
35888
35938
35950
36056
36064
36154
36186
36304
36390
36456
36550
36570
36698
36706
36800
36842
36844
36860
36904
36938
37012
37034
37054
37170
37498
37570
38016
38266
38274
38554
38650
38690
38758
38786
39148
39156
39278
39316
39332
39366
39418
39534
39556
39664
39932
40018
40020
40084
40162
40166
40188
40196
40280
40500
40530
40534
40652
40754
40766
40770
41120
41198
41244
41362
41402
41594
41912
42014
42040
42168
42682
42742
42952
43146
43300
43324
43326
43352
43364
43366
43424
43472
43648
43650
43670
43674
43698
43874
43906
43936
43938
43962
44010
44018
44088
44128
44180
44224
44238
44294
44308
44418
44420
44488
44572
44606
44638
44680
44688
44694
44762
44796
44806
44872
44890
44894
44932
44984
45042
45100
45108
45128
45136
45186
45254
45334
45344
45372
45548
45570
45788
45844
45964
46020
46276
46360
46586
46790
46826
46852
47106
47174
47244
47246
47746
47750
48016
48080
48270
48440
48474
48560
48570
48590
48624
48644
48766
48870
49076
49100
49110
49206
49346
49358
49504
49792
49834
49882
49976
50010
50020
50024
50154
50176
50210
50218
50220
50530
50684
50686
50992
51102
51132
51162
51168
51272
51414
51546
51560
51604
51704
51828
51846
51874
51932
52148
52344
52556
52652
52676
52978
53000
53036
53226
53226
53228
53282
53302
53342
53358
53372
53386
53420
53518
53592
53634
53670
53670
53676
53688
53758
53788
53812
53828
53836
53844
53852
53858
53876
53882
53888
53894
53938
53990
53992
54068
54072
54100
54110
54112
54148
54180
54202
54214
54232
54234
54236
54244
54288
54322
54350
54426
54508
54514
54548
54558
54572
54576
54690
54718
54796
54852
54866
54888
55182
55204
55250
55266
55304
55388
55398
55448
55556
55644
55670
55704
55798
55940
56080
56144
56174
56472
56486
56978
56990
57226
57348
57588
57794
57794
57944
58410
58674
58712
59024
59054
59262
59326
59704
60004
60280
60302
60582
60830
60870
60956
61002
61250
61604
61652
61660
62114
62146
62384
62674
62792
62876
63092
63152
63170
63330
63346
63598
63614
63774
63810
63848
63982
64004
64128
64130
64494
64812
64980
65048
65200
65276
65344
65598
65720
66054
66116
66660
66668
66824
67312
67320
67350
68572
68616
68690
68816
68850
68856
68884
68984
69256
69346
69362
69460
69730
69892
70608
70694
70764
71122
71390
71502
71606
71660
72078
72092
72170
72210
72386
72392
72556
72618
72638
72720
72832
72980
73056
73058
73070
73074
73110
73130
73132
73136
73158
73216
73234
73246
73328
73408
73412
73448
73456
73528
73544
73572
73584
73600
73656
73692
73728
73730
73774
73790
73792
73804
73806
73806
73812
73848
73866
73892
73892
73900
73900
73926
73940
73944
73970
73982
73990
74008
74098
74100
74110
74112
74144
74294
74300
74340
74466
74534
74578
74660
74736
74780
74856
74892
75000
75078
75100
75442
75444
75488
75526
75592
75890
76180
76214
76370
76776
77812
78522
78566
79116
79292
79374
79882
80530
80666
80772
80888
81362
81684
81872
82074
82394
83200
83284
83818
83890
84008
84138
84160
84640
84694
85192
85818
85890
86022
86838
87110
89490
89856
90268
91140
91176
91668
91676
91824
92012
92024
92106
92242
92274
92358
92450
92476
92742
92942
93044
93050
93062
93098
93188
93278
93294
93404
93462
93482
93510
93614
93760
93792
93844
94154
94636
94670
94920
96360
96668
96980
97246
97588
97782
101924
102114
102644
103820
104100
107440
108540
109114
112022
112460
114900
115748
116032
117216
117230
119462
121220
123018
124536
128342
128484
134040
136696
137148
140588
153834
272470
274446
288920
702222
780204
1279190
1701040
3003460
11139346
