Latencies
5346
5414
5424
5440
5452
5452
5470
5480
5484
5484
5490
5506
5532
5534
5548
5550
5554
5556
5556
5562
5562
5572
5574
5576
5576
5582
5584
5610
5614
5620
5620
5622
5626
5636
5644
5644
5648
5662
5672
5674
5684
5686
5692
5692
5700
5700
5702
5712
5714
5716
5716
5718
5722
5726
5730
5742
5744
5748
5752
5758
5762
5770
5774
5788
5788
5788
5800
5808
5810
5814
5818
5818
5820
5824
5842
5850
5852
5854
5856
5860
5866
5868
5870
5882
5884
5884
5886
5890
5896
5898
5904
5904
5906
5912
5920
5922
5932
5952
5954
5966
5974
5976
5978
5982
5984
5988
5990
5994
6012
6016
6018
6020
6022
6030
6030
6032
6038
6042
6042
6044
6050
6052
6058
6060
6068
6084
6084
6088
6098
6098
6138
6142
6144
6164
6166
6166
6168
6172
6172
6190
6194
6196
6200
6200
6218
6220
6238
6242
6242
6248
6268
6276
6278
6280
6288
6290
6296
6304
6304
6310
6332
6334
6354
6356
6358
6372
6376
6382
6392
6392
6406
6428
6452
6454
6460
6500
6502
6510
6510
6524
6546
6550
6558
6574
6600
6614
6620
6622
6628
6668
6684
6686
6688
6696
6696
6708
6710
6716
6718
6742
6748
6780
6798
6814
6816
6822
6826
6836
6856
6868
6882
6890
6922
6972
6976
6976
6976
6982
7026
7030
7054
7078
7086
7088
7130
7136
7138
7186
7226
7282
7330
7348
7364
7368
7396
7412
7432
7438
7512
7512
7528
7538
7612
7620
7624
7642
7648
7730
7730
7808
7810
7824
7860
7882
7932
7936
7986
8004
8028
8038
8092
8104
8108
8130
8148
8148
8156
8156
8160
8170
8214
8214
8228
8240
8246
8266
8294
8306
8324
8336
8360
8370
8374
8388
8410
8410
8426
8440
8454
8480
8482
8494
8494
8518
8524
8524
8556
8604
8686
8688
8700
8702
8706
8716
8726
8758
8798
8804
8808
8886
8890
8890
8894
8906
8910
8912
8934
8944
8952
8968
8986
8988
8990
8998
9056
9058
9074
9082
9084
9084
9104
9104
9106
9106
9110
9124
9130
9184
9186
9188
9206
9214
9226
9242
9254
9270
9282
9290
9304
9308
9320
9336
9348
9368
9378
9392
9408
9416
9422
9434
9450
9450
9450
9472
9512
9528
9530
9536
9546
9550
9556
9600
9624
9694
9700
9722
9724
9726
9734
9768
9778
9784
9788
9798
9806
9814
9818
9848
9852
9876
9906
9938
10004
10010
10036
10072
10074
10084
10108
10112
10114
10136
10140
10154
10166
10166
10168
10186
10190
10208
10220
10248
10264
10360
10364
10386
10398
10458
10492
10492
10508
10508
10528
10534
10538
10568
10576
10580
10592
10608
10620
10626
10676
10710
10710
10718
10726
10758
10786
10804
10818
10838
10868
10878
10878
10922
10948
10958
10990
10992
10992
11006
11010
11030
11070
11094
11094
11160
11170
11206
11220
11246
11258
11258
11290
11332
11356
11388
11452
11480
11550
11574
11578
11588
11616
11622
11634
11682
11720
11734
11734
11742
11750
11760
11766
11766
11782
11788
11798
11816
11826
11842
11908
11920
11960
11988
11998
12024
12056
12078
12082
12098
12132
12152
12192
12198
12224
12232
12264
12270
12284
12294
12304
12306
12334
12336
12350
12358
12368
12370
12392
12396
12426
12448
12460
12470
12478
12488
12496
12520
12536
12550
12562
12574
12582
12582
12598
12612
12664
12666
12672
12676
12686
12710
12732
12768
12768
12774
12776
12790
12796
12802
12808
12830
12832
12868
12940
12942
12968
12980
12982
13008
13020
13058
13070
13070
13072
13074
13076
13082
13094
13096
13132
13134
13134
13136
13142
13156
13160
13168
13180
13180
13196
13210
13212
13222
13232
13238
13248
13264
13270
13290
13292
13314
13334
13346
13358
13442
13458
13464
13466
13486
13492
13530
13532
13538
13540
13596
13602
13616
13630
13652
13690
13732
13736
13738
13738
13836
13852
13880
13892
13914
13936
13950
13956
13986
13988
14014
14018
14022
14022
14050
14050
14054
14074
14080
14100
14126
14140
14150
14170
14174
14200
14246
14246
14264
14266
14272
14296
14300
14302
14320
14368
14380
14386
14394
14404
14410
14422
14430
14440
14452
14466
14472
14484
14508
14512
14546
14552
14560
14560
14572
14596
14608
14614
14620
14640
14640
14642
14646
14648
14656
14662
14668
14670
14672
14674
14674
14676
14682
14688
14702
14706
14710
14732
14736
14744
14744
14748
14756
14766
14768
14782
14784
14786
14790
14790
14792
14792
14796
14800
14804
14804
14806
14808
14810
14812
14824
14830
14832
14836
14842
14848
14850
14856
14864
14866
14876
14880
14888
14896
14902
14906
14908
14910
14924
14924
14924
14928
14928
14936
14936
14940
14940
14946
14956
14956
14964
14966
14966
14970
14972
14972
14974
14982
14990
14996
15000
15002
15002
15012
15024
15028
15032
15034
15048
15048
15070
15076
15076
15078
15084
15094
15106
15116
15124
15124
15134
15138
15138
15140
15146
15158
15158
15160
15164
15166
15176
15178
15188
15188
15196
15214
15214
15216
15226
15230
15232
15234
15236
15252
15258
15262
15292
15302
15308
15328
15330
15332
15334
15334
15336
15346
15364
15366
15366
15370
15376
15386
15398
15398
15404
15408
15408
15420
15422
15434
15442
15450
15454
15456
15458
15458
15466
15470
15490
15490
15502
15504
15510
15516
15524
15526
15544
15548
15556
15558
15562
15562
15572
15572
15580
15588
15590
15608
15618
15652
15656
15658
15688
15710
15718
15764
15770
15772
15778
15780
15784
15786
15790
15808
15830
15832
15846
15882
15892
15904
15926
15932
15970
15980
16002
16006
16010
16058
16166
16214
16258
16320
16364
16370
16424
16448
16466
16466
16470
16486
16516
16540
16556
16628
16636
16892
17840
17928
17936
18752
19000
19198
19586
19842
19846
20264
20384
20596
20778
21034
21278
21840
21944
22602
22684
22980
23052
23098
23224
23930
23994
24008
24242
24266
24314
24330
24392
24588
24644
24754
24976
25046
25152
25190
25242
25348
25364
25474
25822
26414
28548
33054
34230
34404
34906
35234
35334
38682
40812
42022
42282
45286
45794
85180
107682
