Latencies
5152
5308
5322
5328
5338
5342
5346
5358
5368
5368
5380
5394
5408
5408
5410
5412
5416
5422
5424
5432
5436
5440
5440
5440
5444
5444
5450
5454
5454
5454
5460
5464
5478
5480
5486
5494
5496
5504
5504
5506
5518
5524
5524
5524
5526
5526
5534
5540
5542
5554
5556
5556
5566
5584
5590
5590
5596
5612
5618
5624
5636
5640
5648
5650
5650
5656
5660
5660
5662
5664
5670
5674
5678
5692
5696
5698
5704
5706
5706
5720
5724
5730
5730
5744
5768
5776
5780
5782
5786
5790
5790
5794
5800
5804
5810
5816
5818
5842
5860
5866
5870
5880
5882
5898
5900
5912
5918
5930
5938
5938
5942
5954
5956
5958
5972
5974
5976
5982
5982
5988
6014
6026
6028
6030
6042
6044
6062
6064
6076
6078
6090
6100
6116
6124
6128
6144
6150
6150
6164
6186
6186
6198
6202
6204
6208
6210
6210
6214
6218
6240
6240
6258
6278
6280
6296
6310
6316
6318
6324
6330
6344
6356
6368
6370
6380
6384
6412
6414
6422
6424
6426
6434
6440
6462
6480
6506
6508
6508
6510
6512
6516
6532
6536
6544
6594
6610
6610
6616
6632
6662
6668
6680
6686
6712
6718
6720
6742
6744
6746
6758
6778
6784
6786
6786
6804
6810
6814
6824
6862
6892
6912
6918
6922
6948
6956
6960
6976
6982
6982
6988
6994
7022
7030
7038
7044
7064
7068
7088
7096
7100
7116
7134
7166
7174
7184
7192
7204
7212
7220
7222
7226
7238
7270
7294
7298
7322
7354
7366
7374
7390
7444
7486
7488
7506
7524
7548
7564
7570
7576
7592
7606
7620
7630
7636
7650
7658
7660
7662
7664
7680
7694
7722
7724
7724
7752
7788
7832
7834
7852
7858
7892
7922
7958
7992
7996
8004
8006
8016
8058
8068
8080
8086
8096
8120
8124
8134
8138
8154
8156
8164
8166
8172
8180
8184
8188
8200
8234
8234
8242
8244
8246
8272
8274
8280
8300
8332
8344
8348
8384
8426
8466
8486
8488
8508
8508
8528
8530
8552
8594
8602
8602
8644
8704
8706
8710
8728
8742
8768
8780
8792
8794
8796
8858
8908
8910
8926
8934
8950
8970
8978
9024
9038
9038
9040
9052
9060
9100
9122
9122
9146
9242
9274
9284
9286
9290
9300
9306
9326
9336
9354
9358
9392
9430
9458
9498
9498
9508
9512
9582
9614
9622
9622
9638
9650
9654
9668
9676
9716
9750
9768
9826
9834
9840
9870
9894
9898
9938
9956
9958
9968
9988
9998
10012
10026
10028
10028
10032
10032
10064
10086
10124
10160
10172
10178
10186
10198
10220
10222
10226
10266
10272
10278
10278
10294
10342
10342
10346
10354
10358
10364
10370
10390
10394
10430
10432
10438
10480
10490
10492
10544
10554
10556
10566
10578
10584
10594
10596
10606
10608
10616
10644
10666
10710
10732
10760
10766
10796
10804
10814
10820
10844
10864
10868
10882
10886
10886
10914
10916
10934
10988
10992
10992
11000
11010
11040
11046
11054
11058
11120
11140
11156
11156
11162
11184
11188
11194
11204
11218
11222
11256
11258
11260
11272
11274
11288
11308
11346
11352
11362
11376
11408
11464
11468
11502
11506
11536
11542
11546
11546
11560
11574
11576
11580
11582
11582
11584
11606
11608
11626
11632
11636
11638
11644
11662
11668
11670
11682
11718
11750
11756
11760
11766
11770
11798
11802
11804
11816
11818
11840
11862
11864
11866
11898
11912
11916
11922
11924
11928
11938
11938
12004
12014
12018
12042
12044
12058
12066
12126
12156
12170
12180
12198
12218
12222
12234
12276
12314
12344
12348
12356
12364
12368
12368
12370
12382
12400
12404
12428
12432
12462
12480
12482
12504
12546
12558
12562
12574
12584
12586
12640
12656
12686
12716
12720
12742
12752
12756
12778
12782
12794
12802
12818
12838
12844
12852
12854
12860
12894
12920
12962
12992
12994
13046
13060
13070
13078
13100
13100
13142
13162
13176
13184
13184
13188
13198
13204
13230
13230
13252
13280
13288
13302
13308
13336
13336
13348
13364
13380
13384
13392
13396
13404
13416
13432
13484
13486
13514
13538
13578
13580
13586
13594
13594
13602
13604
13606
13610
13614
13626
13642
13650
13664
13672
13676
13688
13690
13698
13746
13760
13770
13792
13806
13810
13824
13854
13862
13892
13978
13982
13996
13998
14008
14038
14060
14078
14098
14118
14136
14146
14150
14154
14162
14170
14172
14174
14176
14184
14196
14202
14206
14208
14210
14212
14218
14222
14282
14290
14296
14312
14320
14320
14320
14374
14380
14380
14386
14408
14408
14434
14458
14464
14468
14478
14490
14520
14536
14554
14564
14580
14594
14604
14626
14646
14656
14662
14692
14700
14704
14708
14714
14718
14724
14742
14756
14762
14764
14776
14780
14788
14794
14794
14796
14830
14838
14852
14870
14872
14878
14886
14892
14892
14910
14924
14926
14930
14938
14968
14980
14988
15000
15000
15002
15008
15016
15020
15024
15032
15034
15036
15040
15058
15062
15066
15070
15080
15086
15124
15130
15144
15160
15170
15172
15174
15184
15184
15184
15186
15190
15190
15194
15194
15204
15208
15230
15238
15238
15250
15266
15270
15270
15280
15286
15288
15290
15290
15290
15296
15298
15300
15302
15306
15306
15310
15332
15366
15370
15380
15390
15396
15404
15434
15438
15438
15474
15482
15484
15488
15502
15508
15574
15588
15598
15600
15602
15624
15636
15638
15648
15668
15676
15680
15680
15682
15688
15696
15716
15736
15792
15794
15816
15834
15870
15878
15878
15882
15892
15892
15938
16006
16026
16070
16134
16230
16264
16348
16394
16398
16626
16690
16940
17158
17254
17364
17480
17638
17696
18024
18096
18652
18714
18778
19100
19106
19484
19558
19642
19978
20388
20500
20898
21090
21270
21398
21468
21792
22382
22384
22420
23018
23384
23554
23584
23886
23892
23914
24214
24246
24308
24352
24460
24608
24944
24974
24998
25028
25068
25102
25128
25164
25212
25228
25336
25338
25364
25450
25846
26446
26478
27118
28582
30486
31980
32108
32450
32784
32950
33118
33722
33734
34870
35984
37988
38742
38754
39290
45344
82008
82850
120606
1078946
1104414
