Latencies
5948
6106
6236
6504
6584
6876
6920
7142
7278
7340
7346
7402
7462
7564
7586
8000
8364
8450
8480
8522
8546
8584
8600
8862
8882
8916
9068
9222
9308
9402
9422
9430
9528
9536
9610
9926
9962
9974
10038
10154
10326
10540
10708
10792
10822
10852
10958
10980
10994
11028
11104
11120
11330
11442
11672
11692
11892
11940
12556
12606
12748
12976
13254
13308
13596
13638
13642
13860
13946
14186
14370
14388
14452
14500
14562
14628
14684
14748
14752
14772
14782
14890
14978
15074
15136
15144
15206
15280
15294
15412
15486
15548
15552
15606
15704
15714
15734
15780
15878
15924
15930
15942
16032
16110
16124
16264
16550
16558
16558
16612
16630
16670
16696
16728
16788
16794
16862
16956
16988
16994
17046
17292
17362
17378
17388
17394
17500
17520
17540
17606
17612
17648
17730
17770
17776
17820
17946
17946
17948
17960
18016
18128
18132
18200
18334
18350
18380
18380
18400
18412
18490
18494
18648
18666
18758
18794
18828
18904
18980
19046
19070
19080
19168
19338
19488
19592
19652
19666
19742
19758
19838
19884
19924
19958
20056
20094
20116
20118
20126
20190
20302
20360
20380
20402
20520
20542
20616
20654
20668
20870
20880
20916
20980
21076
21084
21166
21180
21240
21274
21304
21310
21358
21364
21398
21404
21416
21528
21534
21576
21618
21770
21778
21788
21878
21892
21924
22020
22046
22050
22102
22104
22228
22340
22402
22416
22420
22446
22452
22484
22544
22608
22608
22734
22892
22924
22934
23062
23164
23224
23230
23272
23308
23344
23438
23464
23472
23476
23538
23558
23620
23706
23790
23890
23898
23982
23984
23994
24008
24076
24094
24122
24166
24174
24188
24226
24228
24280
24292
24314
24346
24370
24372
24434
24460
24466
24466
24538
24572
24632
24638
24654
24654
24698
24750
24758
24848
24944
24946
24966
24972
24982
24990
25048
25058
25110
25110
25124
25144
25212
25282
25284
25328
25340
25346
25398
25416
25442
25444
25480
25528
25546
25574
25624
25646
25754
25830
25834
25852
25966
25976
26032
26058
26124
26126
26190
26284
26340
26418
26486
26530
26594
26644
26694
26832
26856
26884
26888
26892
26894
26904
27026
27058
27128
27132
27206
27450
27456
27518
27624
27626
27698
27710
27756
27828
27834
27878
27886
27916
28104
28118
28198
28242
28258
28260
28328
28558
28586
28606
28670
28692
28700
28772
28836
28900
29006
29032
29116
29186
29232
29260
29282
29292
29294
29296
29314
29418
29436
29438
29440
29440
29450
29510
29536
29566
29680
29700
29712
29926
29946
29980
30064
30078
30086
30090
30204
30238
30244
30352
30356
30374
30404
30418
30418
30420
30420
30472
30508
30546
30556
30560
30614
30616
30682
30734
30758
30766
30816
30822
30834
30850
30862
30972
31142
31184
31196
31204
31210
31254
31284
31370
31408
31510
31510
31534
31610
31626
31726
31732
31796
31796
31930
31988
32198
32206
32218
32228
32242
32278
32306
32322
32326
32328
32354
32358
32382
32440
32460
32548
32560
32568
32586
32614
32642
32664
32712
32790
32794
32850
32880
32892
32952
32982
33042
33064
33118
33182
33216
33230
33284
33300
33350
33398
33452
33510
33552
33594
33604
33650
33698
33714
33742
33752
33768
33784
33792
33792
33804
33830
33874
33974
33976
34010
34092
34106
34114
34120
34128
34136
34144
34158
34166
34172
34174
34202
34206
34226
34262
34272
34304
34326
34330
34334
34350
34352
34360
34364
34414
34466
34470
34470
34528
34528
34562
34594
34598
34598
34600
34604
34668
34676
34684
34692
34706
34710
34714
34714
34718
34740
34750
34756
34814
34856
34866
34870
34912
34946
34958
35012
35028
35082
35090
35090
35166
35182
35288
35328
35328
35400
35510
35516
35550
35786
35806
35810
35968
36128
36140
36258
36316
36384
36400
36436
36512
36520
36610
36796
36804
36904
36914
37050
37098
37194
37210
37566
37576
37684
37698
37890
38000
38036
38042
38086
38156
38260
38350
38354
38516
38554
38556
38582
38646
38842
38870
38894
38930
38958
38978
39078
39226
39434
39484
39746
39958
40064
40192
40230
40360
40390
40404
40424
40448
40472
40638
41018
41044
41076
41186
41212
41260
41266
41278
41522
41586
41660
41700
41956
42232
42278
42406
42426
42476
42612
42668
42678
42810
42876
42886
42896
42900
42946
42956
43158
43220
43234
43240
43282
43406
43618
43652
43750
43764
43780
43982
44086
44298
44312
44328
44348
44360
44384
44426
44428
44434
44464
44464
44476
44522
44522
44556
44620
44624
44648
44694
44790
44810
44878
44918
44942
44990
45044
45068
45122
45124
45302
45396
45456
45518
45712
45808
45936
45948
45994
46026
46098
46102
46256
46458
46468
46534
46558
46670
46686
46700
46750
46760
46938
46984
47090
47150
47154
47174
47190
47216
47346
47354
47468
47584
47604
47640
47654
47670
47826
47958
48022
48022
48074
48106
48368
48432
48452
48452
48500
48518
48602
48836
48854
48952
49164
49186
49204
49298
49320
49546
49598
49602
49640
49640
49672
49890
49918
49940
50070
50136
50162
50182
50326
50394
50402
50474
50572
50606
50712
50888
51014
51150
51248
51284
51298
51438
51442
51642
51668
51776
51854
51894
51902
51992
52036
52044
52138
52314
52368
52486
52536
52588
52614
52638
52658
52788
52802
52854
52912
52988
53004
53052
53084
53090
53094
53110
53130
53142
53146
53214
53248
53272
53292
53314
53376
53392
53450
53456
53500
53510
53520
53530
53542
53630
53642
53668
53674
53676
53680
53734
53736
53750
53768
53786
53794
53800
53820
53826
53832
53842
53854
53860
53862
53866
53868
53874
53882
53940
53956
53964
53980
53984
54026
54032
54034
54036
54040
54046
54058
54080
54086
54090
54092
54102
54136
54140
54150
54156
54196
54204
54224
54240
54248
54258
54266
54268
54278
54304
54316
54398
54404
54424
54428
54430
54452
54464
54470
54520
54536
54548
54552
54558
54562
54644
54646
54654
54682
54688
54718
54746
54752
54794
54796
54802
54864
54892
55024
55074
55144
55280
55716
55942
56224
56340
56496
56802
56950
57236
57334
57676
58048
58196
58830
59170
59186
59404
59720
59754
60174
60496
60688
61334
61352
61612
61810
61998
62406
62866
63056
63092
63576
63734
63770
63880
64332
64378
70138
70182
71090
71236
71568
73132
74142
78124
79424
80460
80896
81984
84366
84402
84602
86562
99162
105954
107066
117416
157056
194136
200196
245286
258604
311506
345444
1429514
2114126
3116114
4975146
