Latencies
5416
5432
5462
5462
5464
5486
5492
5496
5500
5504
5510
5522
5538
5544
5554
5554
5558
5572
5580
5580
5580
5586
5588
5588
5616
5618
5618
5624
5658
5658
5660
5666
5670
5708
5710
5716
5738
5804
5804
5854
5858
5860
5862
5878
5888
5900
5908
5910
5916
5932
5936
5956
5978
5980
5982
5988
6050
6056
6064
6096
6122
6152
6286
6430
6464
6800
7078
7148
7334
8018
8584
8834
9042
9906
10300
10306
10652
11098
11410
11436
11450
12332
12372
13150
13684
13750
14528
14568
14612
14656
14762
14938
15028
15082
15092
15106
15128
15166
15166
15206
15212
15252
15358
15480
15602
15616
15678
15762
15782
15900
15930
16168
16270
16302
16402
16638
16698
16810
17018
17066
17348
17520
17588
17716
17762
17874
17934
18228
18268
18458
18646
18686
18738
18808
18816
18906
18916
18940
18944
19030
19056
19250
19318
19370
19430
19532
19586
19622
19648
19758
19898
19928
19950
20002
20046
20116
20118
20340
20376
20508
20742
20802
20878
20962
21176
21302
21524
21540
21752
21974
21986
22048
22120
22478
22606
22638
22934
22986
23142
23162
23196
23224
23254
23396
23424
23620
23626
23628
23740
23868
23936
23970
24020
24070
24100
24110
24206
24218
24272
24332
24356
24408
24440
24452
24452
24476
24478
24490
24562
24580
24604
24690
24736
24752
24770
24792
24818
24826
24856
24858
24904
24914
24920
24958
24990
25014
25016
25022
25024
25034
25108
25218
25264
25350
25360
25494
25566
25592
25638
25656
25682
25686
25804
25870
25890
26004
26042
26126
26146
26160
26170
26198
26276
26300
26302
26398
26450
26508
26578
26594
26658
26680
26816
26890
26986
27056
27114
27136
27172
27176
27192
27256
27328
27432
27476
27624
27654
27728
27756
27884
27992
28030
28048
28126
28148
28210
28260
28294
28300
28436
28856
29156
29272
29346
29434
29458
29498
29498
29546
29600
29610
29656
29724
29770
29892
29894
30002
30002
30004
30018
30304
30320
30340
30574
30606
30748
30790
30896
30936
30940
30962
31022
31040
31092
31100
31138
31152
31178
31252
31464
31502
31600
31694
31708
31784
31790
31806
31880
32026
32052
32066
32200
32226
32242
32344
32344
32396
32424
32476
32586
32618
32756
32812
32888
32948
33020
33094
33098
33178
33398
33400
33592
33616
33620
33620
33686
33694
33724
33730
33746
33804
33836
33838
33902
33924
34040
34056
34114
34172
34188
34222
34250
34284
34284
34328
34334
34344
34394
34418
34424
34450
34468
34468
34526
34536
34556
34578
34602
34650
34650
34656
34676
34700
34704
34706
34760
34772
34784
34804
34830
34848
34934
34936
34944
34952
34958
34968
34976
35042
35074
35082
35088
35110
35158
35228
35262
35274
35282
35292
35302
35332
35354
35368
35382
35526
35546
35564
35578
35592
35614
35638
35708
35738
35780
35804
35816
35904
35928
35974
35986
36018
36030
36100
36486
36508
36516
36682
36702
36756
36806
36866
36918
37044
37074
37162
37216
37244
37412
37482
37516
37552
37632
37714
37818
37846
37904
38082
38116
38198
38248
38308
38356
38420
38512
38546
38648
38714
38718
38782
38806
38814
38894
38936
39056
39078
39300
39312
39318
39344
39604
39674
39702
39874
39902
40138
40324
40432
40436
40460
40464
40470
40562
40596
40664
40704
40792
40850
40980
41012
41140
41280
41286
41436
41554
41578
41596
41620
41662
41850
41886
42024
42082
42188
42202
42304
42348
42466
42540
42550
42570
42574
42588
42594
42618
42754
42814
42824
42868
42988
43042
43156
43174
43240
43364
43448
43478
43480
43512
43594
43596
43644
43750
43776
43864
43864
43908
44002
44070
44174
44184
44294
44436
44460
44470
44496
44562
44564
44564
44632
44732
44754
44800
44820
44826
44884
44958
45022
45076
45228
45296
45604
45628
45766
45778
45916
45942
45944
45954
45990
46016
46154
46154
46170
46186
46194
46268
46276
46394
46416
46418
46508
46542
46566
46570
46680
46722
46884
46900
46904
47028
47042
47110
47172
47210
47304
47408
47526
47528
47572
47758
47778
47796
47912
47958
48138
48138
48230
48288
48320
48394
48526
48670
48732
48942
49110
49238
49304
49344
49440
49446
49512
49656
49746
49812
49958
49972
49988
50014
50172
50206
50222
50372
50376
50488
50494
50506
50648
50696
50710
50824
50974
51042
51092
51256
51318
51494
51502
51680
51682
51782
51832
52078
52140
52156
52310
52476
52502
52528
52546
52584
52682
52732
52862
52940
52984
52986
53098
53232
53272
53316
53328
53428
53484
53510
53544
53584
53606
53610
53626
53662
53662
53728
53776
53818
53824
53826
53884
53900
53922
53938
53972
53986
53990
53990
54006
54058
54060
54078
54078
54100
54124
54140
54140
54148
54222
54226
54230
54256
54288
54296
54326
54356
54404
54406
54454
54488
54518
54558
54570
54602
54662
54678
54684
54698
54716
54860
54904
55124
55124
55182
55200
55296
55298
55298
55360
55378
55400
55410
55488
55518
55526
55592
55664
55762
55854
56098
56130
56162
56282
56482
56646
56910
56916
57028
57116
57450
57470
57506
57748
57762
57796
58048
58426
58768
58882
58906
59004
59320
59488
59606
59616
59828
59884
60950
60964
61006
61072
61200
61460
61484
61564
61590
61688
62024
62110
62112
62434
62658
62806
62906
62914
63554
63566
63658
63698
63732
63744
63776
64222
64476
64478
64526
64616
64624
64804
64818
64818
64828
65388
65928
66414
67172
67542
67770
67936
67996
68014
68304
68326
68866
68884
69220
69302
69462
69464
69552
69620
69848
69912
70052
70192
70254
70276
70318
70374
70460
71296
71624
71668
71846
72246
72268
72432
72624
72626
72830
72860
72992
73052
73066
73134
73266
73470
73506
73556
73562
73580
73666
73790
73814
73848
73866
73874
73904
73912
73920
74002
74084
74140
74258
74296
74330
74372
74476
74496
74586
74616
74700
74704
74820
74838
74866
74902
74928
75144
75432
75470
75644
76028
76314
76518
77360
77964
80310
80640
81294
84056
87864
88994
89906
90298
90698
91120
91554
92168
92642
92678
92740
93306
94162
94448
94840
96368
100444
104390
104526
107148
107184
112460
115458
116300
117306
119886
124166
136460
137138
400692
1482478
