Latencies
5194
5194
5200
5202
5212
5214
5232
5234
5238
5242
5244
5248
5250
5250
5256
5260
5260
5262
5274
5274
5274
5278
5282
5284
5284
5286
5288
5290
5292
5292
5292
5294
5296
5298
5298
5298
5298
5300
5302
5304
5306
5306
5308
5310
5310
5312
5312
5312
5312
5314
5314
5314
5318
5318
5320
5320
5320
5322
5322
5322
5324
5326
5326
5326
5326
5326
5328
5328
5328
5330
5330
5332
5332
5332
5332
5334
5334
5334
5334
5336
5336
5338
5338
5338
5340
5342
5342
5342
5342
5342
5344
5346
5346
5346
5346
5348
5348
5348
5348
5350
5350
5354
5356
5358
5358
5358
5358
5358
5358
5362
5362
5362
5362
5364
5364
5364
5364
5364
5366
5366
5368
5368
5368
5370
5370
5370
5372
5372
5372
5372
5374
5374
5374
5374
5374
5374
5374
5374
5376
5376
5376
5376
5376
5376
5378
5378
5378
5378
5380
5380
5380
5380
5382
5382
5384
5386
5386
5386
5386
5388
5388
5388
5388
5388
5388
5390
5390
5390
5390
5392
5392
5392
5392
5392
5394
5394
5394
5394
5396
5396
5396
5396
5396
5396
5398
5398
5398
5400
5400
5400
5400
5400
5400
5402
5402
5404
5404
5404
5404
5404
5406
5406
5406
5406
5406
5406
5406
5406
5406
5408
5408
5408
5408
5408
5410
5412
5412
5412
5412
5414
5414
5414
5414
5416
5416
5416
5418
5418
5420
5420
5420
5422
5424
5424
5424
5424
5424
5426
5426
5426
5428
5430
5430
5430
5430
5432
5432
5434
5434
5434
5434
5436
5436
5436
5436
5438
5438
5438
5438
5440
5440
5440
5440
5442
5442
5442
5444
5444
5444
5446
5448
5450
5450
5450
5452
5452
5452
5452
5452
5452
5452
5454
5454
5454
5454
5454
5456
5458
5458
5458
5460
5462
5462
5462
5464
5464
5464
5466
5466
5468
5468
5470
5470
5470
5470
5472
5474
5474
5474
5476
5478
5478
5478
5478
5478
5480
5482
5482
5482
5484
5484
5490
5490
5490
5492
5492
5492
5492
5494
5494
5494
5494
5496
5496
5496
5498
5498
5498
5498
5498
5498
5498
5498
5500
5500
5500
5500
5500
5500
5502
5506
5506
5508
5508
5508
5508
5510
5510
5510
5512
5512
5512
5512
5512
5512
5514
5514
5514
5516
5518
5520
5520
5520
5520
5520
5522
5522
5524
5526
5526
5526
5526
5528
5528
5528
5528
5530
5530
5530
5530
5532
5532
5532
5534
5534
5534
5536
5536
5536
5538
5538
5538
5538
5540
5540
5540
5542
5542
5542
5544
5544
5544
5544
5546
5546
5546
5546
5548
5550
5552
5552
5552
5552
5552
5554
5554
5554
5558
5558
5560
5562
5562
5564
5566
5566
5566
5566
5566
5568
5568
5568
5568
5570
5572
5576
5578
5578
5580
5580
5582
5582
5582
5582
5582
5582
5584
5584
5584
5586
5586
5586
5586
5588
5588
5588
5590
5590
5590
5592
5594
5594
5594
5598
5598
5598
5600
5602
5602
5602
5604
5604
5604
5606
5606
5608
5608
5608
5608
5610
5610
5612
5612
5614
5614
5614
5614
5614
5614
5616
5616
5616
5616
5618
5618
5618
5618
5622
5622
5624
5626
5628
5628
5630
5630
5630
5632
5632
5634
5634
5636
5638
5638
5642
5642
5642
5642
5642
5644
5646
5646
5648
5648
5650
5650
5650
5650
5656
5656
5658
5658
5658
5658
5660
5662
5662
5664
5664
5666
5666
5666
5670
5670
5670
5670
5672
5674
5676
5676
5678
5680
5680
5680
5682
5682
5684
5686
5686
5692
5692
5692
5692
5694
5698
5698
5700
5704
5704
5704
5708
5708
5710
5710
5710
5710
5712
5712
5714
5716
5716
5718
5720
5726
5726
5726
5726
5728
5730
5730
5732
5734
5736
5738
5738
5738
5740
5740
5740
5740
5742
5744
5746
5748
5748
5750
5750
5750
5752
5752
5752
5754
5754
5756
5756
5762
5764
5764
5764
5766
5768
5768
5770
5772
5776
5776
5778
5778
5780
5782
5782
5784
5786
5786
5792
5792
5794
5794
5796
5796
5800
5800
5802
5804
5804
5804
5806
5808
5808
5808
5812
5812
5814
5818
5820
5820
5820
5820
5824
5826
5826
5826
5826
5826
5826
5830
5830
5832
5832
5832
5834
5834
5836
5840
5840
5840
5842
5844
5846
5846
5848
5848
5850
5850
5850
5852
5852
5856
5856
5856
5858
5860
5860
5864
5866
5868
5868
5870
5870
5870
5870
5874
5874
5876
5878
5880
5886
5892
5892
5892
5894
5894
5896
5898
5900
5900
5904
5904
5904
5906
5908
5910
5910
5912
5916
5922
5922
5924
5926
5926
5926
5928
5928
5928
5934
5936
5938
5940
5942
5944
5944
5946
5946
5946
5948
5948
5950
5956
5958
5958
5960
5962
5962
5964
5964
5964
5964
5966
5966
5966
5968
5968
5972
5972
5976
5978
5978
5980
5982
5982
5982
5982
5986
5986
5990
5992
5992
5994
5996
5996
5998
5998
6000
6002
6006
6010
6010
6016
6020
6020
6020
6022
6022
6024
6030
6030
6032
6032
6034
6034
6036
6036
6036
6038
6042
6042
6044
6044
6044
6048
6048
6048
6048
6050
6052
6058
6058
6060
6066
6068
6068
6068
6068
6068
6070
6070
6072
6076
6080
6080
6082
6088
6092
6092
6096
6100
6102
6110
6110
6112
6114
6120
6122
6122
6128
6128
6132
6134
6136
6136
6136
6140
6142
6148
6148
6150
6152
6152
6156
6156
6158
6162
6162
6162
6162
6162
6170
6172
6176
6176
6178
6182
6184
6186
6188
6190
6190
6194
6200
6202
6206
6208
6210
6210
6210
6212
6220
6220
6226
6230
6234
6238
6238
6242
6246
6250
6252
6260
6266
6266
6268
6274
6276
6280
6294
6294
6324
6332
6338
6338
6340
6346
6352
6356
6364
6378
6382
6404
6404
6412
6416
6444
6450
6474
6476
6482
6494
6500
6514
6538
6548
6550
6552
6552
6558
6580
6586
6626
6672
6682
6686
6692
6692
6706
6722
6722
6734
6738
6750
6822
6828
6856
6874
6900
6970
7090
7280
7346
7396
7406
7410
7568
7846
7894
8092
8414
8712
8724
8882
8906
9398
9642
10926
11246
13872
14084
14914
15466
15502
17634
20826
21508
22240
23430
24340
24558
27772
30972
32814
35582
52882
53062
