Latencies
5080
5082
5084
5104
5116
5116
5130
5132
5138
5142
5154
5156
5158
5162
5166
5168
5170
5170
5170
5172
5172
5174
5176
5178
5178
5180
5180
5180
5184
5184
5186
5186
5190
5192
5192
5196
5198
5200
5202
5202
5204
5206
5206
5208
5208
5208
5212
5214
5216
5216
5216
5216
5218
5218
5218
5220
5220
5220
5220
5220
5224
5224
5224
5224
5226
5226
5226
5226
5226
5228
5228
5228
5230
5230
5232
5232
5234
5234
5234
5236
5236
5236
5236
5238
5240
5240
5240
5240
5240
5240
5240
5240
5240
5240
5240
5240
5242
5242
5242
5244
5246
5246
5246
5248
5248
5248
5248
5250
5250
5252
5252
5252
5252
5254
5254
5254
5254
5254
5254
5256
5256
5256
5256
5256
5256
5258
5258
5258
5258
5258
5260
5260
5262
5262
5262
5262
5264
5264
5264
5264
5264
5266
5266
5266
5266
5268
5268
5268
5268
5268
5268
5270
5270
5270
5272
5272
5274
5274
5274
5274
5274
5274
5276
5276
5276
5276
5276
5278
5278
5278
5278
5280
5280
5280
5280
5280
5282
5282
5282
5282
5284
5286
5286
5286
5290
5290
5290
5292
5292
5292
5292
5292
5292
5294
5294
5294
5294
5296
5296
5298
5298
5298
5298
5300
5300
5300
5300
5302
5302
5304
5304
5306
5308
5308
5308
5310
5310
5310
5310
5310
5312
5312
5312
5312
5312
5312
5314
5314
5314
5316
5316
5320
5322
5322
5322
5322
5324
5324
5324
5324
5326
5326
5326
5328
5330
5330
5330
5330
5332
5332
5332
5334
5334
5334
5334
5334
5336
5336
5336
5336
5336
5338
5340
5340
5342
5342
5342
5344
5344
5346
5346
5348
5350
5350
5352
5352
5352
5354
5354
5354
5356
5356
5356
5358
5358
5358
5360
5360
5362
5366
5366
5368
5368
5370
5370
5370
5370
5370
5372
5374
5374
5374
5376
5376
5376
5378
5380
5380
5380
5380
5382
5384
5384
5384
5384
5384
5386
5386
5388
5390
5390
5390
5390
5392
5392
5392
5392
5392
5394
5394
5394
5396
5398
5398
5400
5400
5400
5400
5400
5400
5402
5402
5402
5402
5404
5404
5404
5404
5406
5406
5406
5408
5408
5410
5410
5412
5412
5416
5420
5420
5420
5422
5422
5422
5424
5424
5426
5430
5430
5430
5430
5432
5434
5436
5438
5438
5440
5440
5442
5442
5442
5444
5446
5448
5448
5448
5450
5452
5454
5454
5454
5454
5454
5458
5458
5458
5458
5460
5460
5462
5462
5462
5464
5464
5464
5464
5468
5468
5468
5468
5470
5474
5474
5476
5476
5476
5478
5480
5480
5480
5480
5484
5486
5486
5490
5490
5490
5492
5494
5494
5496
5498
5498
5500
5500
5504
5506
5506
5506
5506
5508
5508
5508
5510
5512
5512
5512
5512
5514
5516
5516
5516
5516
5518
5518
5520
5520
5520
5522
5522
5524
5524
5526
5528
5528
5528
5530
5530
5530
5534
5534
5534
5534
5534
5536
5536
5538
5542
5544
5544
5548
5548
5548
5550
5550
5550
5554
5554
5556
5558
5558
5558
5558
5560
5560
5560
5560
5560
5560
5560
5562
5562
5562
5564
5566
5568
5570
5572
5574
5574
5576
5576
5578
5578
5580
5582
5582
5584
5584
5588
5588
5588
5590
5590
5590
5592
5592
5594
5596
5596
5598
5598
5598
5600
5600
5600
5600
5604
5606
5606
5608
5608
5610
5610
5610
5610
5612
5612
5612
5614
5616
5616
5616
5616
5616
5618
5624
5624
5624
5626
5628
5630
5632
5632
5634
5636
5636
5636
5640
5642
5642
5646
5646
5648
5650
5650
5650
5654
5656
5658
5658
5658
5660
5660
5666
5666
5670
5672
5672
5674
5676
5676
5678
5682
5686
5686
5686
5686
5688
5688
5690
5692
5694
5696
5696
5698
5698
5700
5700
5704
5706
5706
5706
5706
5710
5718
5724
5724
5726
5726
5726
5732
5738
5738
5742
5742
5744
5746
5746
5746
5746
5746
5748
5752
5756
5756
5756
5758
5762
5764
5764
5768
5770
5770
5772
5776
5776
5776
5784
5784
5784
5784
5790
5792
5792
5794
5798
5800
5800
5808
5808
5810
5810
5812
5812
5814
5814
5814
5814
5816
5816
5818
5818
5818
5820
5820
5820
5820
5820
5820
5824
5826
5826
5826
5826
5828
5828
5828
5830
5830
5830
5834
5836
5838
5842
5842
5844
5844
5846
5858
5858
5862
5862
5862
5862
5864
5864
5868
5868
5870
5870
5872
5872
5872
5874
5874
5874
5878
5882
5882
5884
5886
5886
5886
5886
5888
5888
5890
5890
5890
5892
5894
5896
5896
5902
5908
5908
5908
5910
5910
5914
5916
5920
5922
5922
5922
5924
5924
5926
5928
5928
5928
5930
5930
5934
5934
5934
5936
5938
5938
5940
5940
5940
5942
5942
5944
5946
5948
5948
5950
5952
5952
5960
5964
5964
5964
5966
5968
5970
5970
5970
5972
5976
5976
5982
5982
5984
5984
5986
5988
5992
5992
5992
5994
5996
5998
6008
6014
6014
6018
6020
6020
6030
6032
6032
6036
6036
6036
6038
6040
6042
6042
6042
6044
6044
6046
6048
6054
6056
6060
6064
6064
6064
6066
6072
6072
6078
6078
6080
6082
6082
6084
6084
6090
6092
6092
6092
6094
6094
6096
6102
6102
6108
6114
6116
6124
6128
6130
6140
6142
6150
6154
6156
6156
6164
6166
6168
6170
6170
6176
6180
6184
6184
6188
6190
6192
6192
6194
6196
6204
6208
6210
6212
6214
6216
6218
6228
6228
6234
6236
6238
6240
6242
6246
6250
6250
6256
6262
6266
6282
6292
6292
6294
6300
6312
6334
6338
6352
6366
6378
6392
6402
6428
6438
6466
6572
6610
6612
6616
6634
6638
6644
6664
6736
6774
6786
6810
6838
6846
6850
6902
6912
6954
7156
7206
7212
7214
7392
7410
7468
7492
7550
7596
7626
7686
7972
8114
8370
10948
14990
16684
18026
18128
19024
20534
23394
23636
23730
24064
24334
24468
25344
26386
27830
29384
29594
34880
37248
