Latencies
5180
5180
5192
5202
5204
5206
5220
5224
5224
5224
5224
5228
5230
5232
5242
5246
5246
5252
5254
5254
5256
5264
5268
5268
5270
5272
5274
5274
5276
5278
5278
5278
5288
5294
5294
5296
5296
5302
5306
5306
5308
5308
5312
5314
5314
5316
5320
5320
5322
5324
5326
5326
5328
5328
5328
5328
5330
5330
5330
5330
5332
5332
5334
5334
5336
5336
5338
5338
5340
5342
5342
5342
5342
5342
5342
5344
5346
5346
5346
5348
5348
5348
5348
5348
5350
5350
5350
5350
5350
5352
5352
5352
5354
5354
5354
5354
5356
5356
5356
5356
5356
5356
5358
5358
5360
5360
5360
5360
5362
5362
5362
5362
5366
5366
5368
5368
5368
5370
5370
5372
5372
5372
5372
5374
5374
5374
5376
5378
5378
5378
5380
5382
5382
5384
5384
5386
5386
5386
5388
5388
5388
5390
5390
5390
5392
5394
5396
5396
5396
5398
5398
5398
5400
5400
5402
5404
5404
5406
5406
5408
5408
5408
5408
5408
5408
5410
5410
5410
5410
5410
5410
5412
5412
5412
5412
5412
5412
5412
5412
5414
5416
5416
5418
5418
5420
5422
5422
5422
5424
5424
5424
5426
5426
5428
5428
5430
5430
5430
5432
5432
5436
5436
5436
5438
5438
5438
5438
5440
5440
5442
5442
5442
5442
5444
5444
5444
5444
5444
5444
5446
5448
5448
5450
5450
5452
5454
5454
5454
5456
5456
5458
5458
5458
5458
5458
5458
5458
5458
5460
5460
5460
5462
5462
5462
5462
5464
5466
5466
5466
5468
5468
5468
5470
5470
5470
5472
5474
5474
5474
5474
5476
5478
5478
5478
5480
5480
5480
5480
5480
5480
5482
5482
5486
5486
5486
5486
5486
5486
5486
5488
5488
5488
5490
5490
5490
5490
5490
5490
5494
5494
5494
5496
5496
5498
5498
5500
5500
5500
5502
5502
5502
5502
5504
5504
5506
5506
5508
5508
5508
5510
5510
5510
5510
5512
5512
5514
5514
5514
5516
5516
5516
5516
5518
5518
5520
5522
5522
5522
5524
5526
5526
5526
5528
5528
5528
5528
5528
5530
5530
5530
5532
5532
5532
5534
5534
5536
5536
5536
5540
5540
5542
5542
5544
5544
5544
5546
5546
5546
5552
5552
5552
5554
5554
5556
5556
5558
5558
5558
5560
5562
5562
5562
5562
5564
5566
5566
5566
5568
5568
5568
5570
5570
5570
5570
5574
5574
5574
5576
5576
5576
5578
5578
5578
5578
5580
5580
5580
5580
5584
5584
5584
5584
5584
5584
5586
5586
5586
5588
5588
5588
5590
5590
5590
5590
5590
5590
5592
5592
5592
5594
5594
5594
5594
5598
5598
5598
5600
5600
5602
5602
5602
5604
5608
5608
5608
5608
5610
5610
5612
5614
5614
5614
5616
5616
5618
5618
5618
5624
5624
5624
5626
5628
5628
5628
5630
5630
5632
5638
5642
5642
5644
5648
5648
5650
5652
5652
5654
5656
5656
5656
5660
5660
5660
5660
5664
5664
5664
5666
5666
5666
5666
5666
5670
5672
5672
5676
5678
5678
5680
5682
5684
5684
5684
5686
5686
5688
5690
5692
5694
5694
5694
5698
5698
5700
5702
5702
5704
5706
5710
5710
5712
5712
5712
5718
5718
5718
5722
5724
5726
5726
5728
5728
5730
5730
5732
5732
5732
5734
5736
5736
5736
5736
5738
5740
5740
5742
5742
5742
5744
5746
5748
5748
5748
5750
5752
5756
5756
5758
5758
5760
5764
5764
5766
5766
5770
5772
5774
5776
5778
5778
5778
5780
5782
5786
5786
5786
5792
5792
5792
5794
5794
5794
5796
5796
5798
5798
5800
5800
5802
5806
5806
5808
5808
5812
5812
5812
5812
5814
5816
5818
5820
5824
5832
5832
5832
5832
5832
5836
5836
5838
5838
5840
5842
5842
5846
5846
5850
5854
5854
5854
5856
5858
5858
5858
5864
5866
5866
5866
5868
5872
5872
5880
5880
5882
5884
5892
5900
5904
5906
5906
5908
5908
5910
5910
5914
5914
5916
5916
5916
5918
5920
5920
5920
5922
5922
5924
5928
5930
5930
5936
5936
5936
5938
5940
5942
5946
5950
5950
5954
5956
5958
5960
5960
5960
5966
5970
5972
5974
5974
5974
5974
5978
5980
5986
5992
5996
6000
6004
6006
6008
6008
6008
6010
6012
6014
6020
6022
6022
6024
6024
6028
6030
6032
6038
6038
6040
6040
6044
6048
6048
6048
6050
6050
6054
6058
6060
6060
6062
6062
6062
6062
6064
6070
6070
6076
6076
6086
6088
6088
6088
6090
6090
6094
6098
6098
6100
6100
6102
6102
6106
6110
6112
6114
6116
6122
6128
6132
6136
6140
6142
6142
6148
6148
6158
6160
6160
6168
6168
6170
6172
6174
6180
6182
6182
6182
6192
6198
6198
6198
6202
6204
6206
6206
6206
6208
6210
6214
6216
6218
6220
6220
6222
6224
6226
6228
6232
6234
6234
6240
6240
6240
6242
6242
6244
6248
6258
6264
6268
6270
6272
6274
6276
6280
6284
6290
6294
6294
6294
6300
6306
6310
6310
6310
6314
6316
6324
6326
6342
6346
6354
6360
6362
6376
6378
6392
6402
6404
6410
6414
6420
6432
6436
6452
6454
6458
6458
6462
6486
6520
6550
6598
6624
6628
6634
6636
6656
6666
6670
6680
6706
6744
6764
6768
6788
6806
6808
6850
6858
6858
6866
6888
6892
6910
6920
6924
6936
6968
6982
7060
7080
7086
7096
7124
7170
7172
7224
7258
7296
7432
7538
7562
7650
7840
7882
7898
7932
7970
8004
8356
8362
8508
8582
8710
9008
9064
9132
9356
9392
9586
9676
9780
9914
10088
10672
10694
10748
10840
10878
10990
11248
11340
11820
11890
13170
13844
14136
14148
14958
16088
16186
16718
16778
17178
17234
18156
18188
18744
18946
19018
19858
20504
20736
20826
21308
21524
21546
22472
22522
22996
23412
23838
23948
24146
24474
24570
24636
25724
25902
26474
28028
28434
28570
29332
29482
30474
31540
31980
32294
32698
33082
34156
34174
34610
35488
35508
35522
35754
37938
39026
39656
39660
44750
51216
343740
