Latencies
5208
5224
5228
5232
5238
5244
5246
5252
5266
5272
5278
5278
5278
5280
5282
5284
5284
5286
5288
5294
5294
5294
5298
5302
5302
5304
5306
5310
5318
5320
5322
5322
5322
5324
5324
5326
5326
5326
5330
5330
5338
5338
5342
5342
5342
5342
5342
5344
5346
5346
5346
5348
5348
5348
5350
5350
5350
5352
5352
5352
5354
5354
5356
5356
5358
5358
5360
5360
5360
5362
5362
5362
5362
5364
5364
5366
5366
5366
5366
5368
5368
5368
5370
5370
5372
5372
5372
5372
5372
5374
5376
5376
5376
5378
5378
5378
5380
5382
5382
5382
5382
5382
5382
5382
5382
5384
5386
5386
5386
5386
5388
5392
5392
5394
5394
5394
5394
5394
5394
5394
5394
5394
5396
5396
5398
5398
5398
5400
5400
5400
5400
5404
5404
5404
5404
5406
5408
5408
5408
5410
5410
5410
5410
5410
5410
5410
5412
5412
5412
5412
5412
5414
5414
5414
5416
5416
5418
5418
5418
5418
5420
5420
5420
5422
5422
5422
5422
5424
5424
5424
5424
5424
5426
5426
5426
5428
5428
5430
5430
5430
5430
5430
5430
5430
5432
5432
5432
5432
5434
5434
5434
5436
5440
5440
5440
5440
5440
5442
5442
5442
5444
5444
5444
5444
5444
5444
5444
5446
5446
5446
5446
5446
5446
5446
5448
5448
5450
5450
5450
5452
5452
5454
5454
5454
5454
5456
5456
5456
5456
5456
5458
5458
5458
5460
5460
5462
5464
5464
5464
5466
5466
5468
5470
5470
5470
5470
5472
5474
5474
5474
5474
5476
5478
5478
5478
5478
5480
5480
5480
5482
5482
5482
5484
5484
5484
5486
5486
5486
5488
5488
5488
5488
5490
5490
5490
5492
5494
5494
5494
5494
5494
5498
5498
5498
5498
5498
5498
5498
5498
5498
5498
5498
5500
5504
5506
5506
5508
5510
5510
5510
5510
5512
5514
5514
5514
5514
5514
5516
5516
5518
5520
5520
5520
5520
5522
5524
5524
5526
5526
5526
5526
5528
5528
5528
5530
5530
5530
5530
5532
5534
5534
5536
5536
5538
5538
5540
5540
5540
5542
5542
5546
5546
5548
5548
5548
5550
5550
5550
5550
5552
5552
5552
5554
5554
5556
5556
5558
5558
5558
5558
5558
5560
5564
5564
5566
5568
5570
5570
5572
5572
5574
5574
5574
5576
5578
5582
5582
5584
5584
5584
5586
5586
5586
5588
5588
5590
5590
5590
5592
5592
5592
5592
5594
5594
5594
5594
5596
5598
5600
5600
5600
5602
5604
5604
5606
5606
5608
5608
5608
5608
5610
5612
5612
5612
5614
5614
5616
5618
5620
5620
5622
5622
5624
5624
5626
5626
5626
5626
5630
5632
5634
5634
5634
5634
5634
5636
5636
5636
5638
5638
5638
5640
5640
5640
5642
5642
5642
5644
5644
5644
5648
5650
5650
5650
5650
5652
5652
5652
5654
5656
5658
5660
5660
5660
5660
5662
5664
5664
5664
5666
5666
5668
5668
5668
5670
5672
5672
5672
5674
5674
5676
5676
5676
5678
5678
5680
5682
5684
5684
5684
5688
5688
5692
5692
5692
5694
5694
5698
5698
5698
5698
5700
5700
5704
5706
5708
5708
5710
5710
5710
5710
5712
5712
5714
5718
5718
5720
5722
5724
5724
5726
5726
5726
5726
5730
5732
5732
5734
5734
5734
5736
5738
5740
5740
5742
5742
5742
5744
5746
5748
5748
5748
5750
5752
5752
5754
5754
5758
5758
5758
5762
5762
5762
5766
5768
5772
5772
5774
5774
5776
5776
5780
5782
5786
5786
5790
5790
5790
5794
5794
5794
5794
5796
5800
5800
5802
5802
5802
5802
5802
5804
5808
5808
5812
5814
5814
5814
5814
5816
5816
5818
5822
5824
5826
5826
5828
5828
5830
5832
5834
5834
5836
5842
5844
5844
5844
5844
5848
5848
5848
5848
5850
5856
5856
5856
5864
5866
5866
5868
5870
5872
5872
5872
5876
5876
5876
5878
5880
5880
5882
5884
5886
5886
5886
5886
5888
5888
5888
5888
5888
5888
5890
5892
5896
5900
5902
5902
5902
5908
5910
5912
5912
5912
5912
5914
5914
5916
5916
5916
5918
5922
5922
5924
5926
5934
5934
5934
5952
5952
5954
5954
5954
5964
5968
5970
5970
5974
5974
5976
5978
5980
5982
5984
5984
5984
5990
5990
5994
5994
5994
5994
5996
5996
6000
6002
6002
6002
6002
6004
6004
6004
6006
6008
6012
6012
6016
6020
6020
6022
6028
6028
6030
6030
6032
6032
6032
6034
6034
6034
6036
6036
6036
6038
6042
6044
6046
6046
6050
6050
6050
6052
6052
6052
6054
6060
6062
6062
6066
6068
6070
6074
6078
6078
6082
6082
6084
6086
6088
6090
6090
6092
6092
6094
6094
6098
6100
6102
6104
6106
6106
6108
6110
6110
6112
6118
6118
6120
6120
6122
6124
6124
6124
6124
6124
6126
6126
6128
6130
6132
6132
6136
6136
6138
6140
6140
6142
6142
6142
6144
6146
6152
6154
6156
6156
6158
6166
6168
6168
6168
6170
6170
6170
6172
6172
6176
6176
6176
6178
6178
6178
6180
6182
6182
6182
6184
6188
6192
6192
6194
6194
6196
6204
6206
6208
6210
6212
6212
6214
6216
6222
6224
6230
6232
6236
6238
6238
6242
6242
6242
6244
6244
6248
6252
6254
6270
6270
6272
6272
6276
6278
6282
6282
6290
6296
6298
6300
6308
6314
6314
6318
6340
6342
6346
6356
6362
6376
6378
6384
6384
6408
6408
6410
6418
6436
6440
6452
6460
6462
6464
6470
6476
6484
6496
6512
6514
6522
6538
6558
6606
6610
6610
6610
6614
6628
6640
6670
6682
6718
6810
6818
6824
6830
6844
6860
6862
6904
6914
6928
6930
6936
6968
6978
6980
7000
7018
7026
7050
7110
7188
7218
7226
7246
7286
7294
7310
7312
7338
7342
7364
7518
7576
7628
7702
7746
9378
9926
10002
10502
10722
10846
10960
11300
13170
17756
18488
19362
19370
20132
21632
23162
23806
23994
24258
24710
24832
25286
26272
26810
26984
27342
27608
29972
30474
31752
33766
34866
36272
36434
53186
