Latencies
5040
5068
5106
5116
5116
5118
5120
5122
5126
5130
5134
5134
5148
5150
5150
5150
5152
5154
5156
5160
5162
5162
5164
5164
5166
5168
5170
5172
5172
5174
5176
5176
5180
5180
5182
5182
5184
5184
5186
5186
5190
5192
5196
5198
5200
5200
5202
5202
5204
5206
5206
5208
5208
5208
5210
5210
5210
5210
5210
5212
5214
5214
5214
5218
5218
5218
5218
5220
5220
5222
5222
5222
5222
5222
5224
5224
5226
5226
5226
5228
5228
5230
5230
5232
5232
5232
5232
5234
5234
5236
5236
5236
5236
5236
5236
5236
5238
5238
5238
5240
5240
5242
5242
5242
5242
5244
5244
5244
5246
5246
5246
5246
5246
5246
5248
5248
5250
5254
5254
5254
5254
5256
5256
5258
5258
5258
5258
5260
5260
5260
5260
5262
5262
5262
5262
5262
5262
5264
5264
5264
5264
5266
5268
5268
5270
5270
5270
5270
5270
5270
5272
5272
5272
5274
5274
5274
5276
5276
5276
5276
5278
5278
5278
5278
5278
5278
5280
5280
5280
5280
5280
5282
5282
5284
5284
5284
5284
5286
5286
5286
5286
5288
5290
5290
5292
5292
5292
5292
5292
5292
5294
5294
5296
5296
5296
5298
5298
5298
5298
5300
5300
5302
5306
5308
5308
5308
5308
5310
5310
5310
5310
5312
5312
5312
5312
5314
5316
5316
5316
5316
5318
5318
5320
5320
5322
5322
5324
5324
5326
5326
5326
5328
5328
5328
5328
5330
5330
5330
5332
5334
5334
5334
5334
5334
5334
5336
5336
5336
5336
5338
5338
5338
5340
5340
5340
5340
5340
5340
5342
5342
5342
5344
5346
5346
5346
5346
5346
5346
5348
5348
5348
5354
5354
5354
5356
5356
5356
5356
5358
5358
5360
5362
5362
5362
5364
5364
5364
5366
5366
5368
5368
5368
5370
5370
5372
5372
5374
5374
5376
5376
5378
5378
5380
5382
5382
5382
5384
5384
5384
5384
5386
5386
5386
5388
5390
5392
5392
5392
5392
5394
5398
5400
5400
5400
5400
5402
5404
5404
5404
5404
5404
5404
5406
5406
5408
5408
5408
5408
5408
5408
5408
5410
5410
5410
5410
5412
5412
5412
5412
5412
5416
5418
5418
5418
5418
5420
5420
5420
5424
5424
5426
5426
5426
5426
5428
5430
5430
5430
5430
5430
5430
5434
5436
5436
5436
5438
5438
5438
5440
5440
5442
5442
5442
5442
5442
5442
5444
5444
5446
5448
5448
5448
5450
5450
5450
5450
5450
5452
5452
5454
5456
5456
5458
5460
5460
5460
5462
5462
5464
5466
5466
5466
5468
5468
5468
5468
5470
5474
5474
5474
5474
5476
5476
5476
5476
5484
5484
5486
5486
5490
5490
5492
5494
5494
5496
5496
5496
5500
5500
5500
5500
5504
5504
5506
5508
5508
5510
5510
5512
5514
5514
5514
5514
5518
5520
5520
5522
5524
5524
5524
5524
5526
5526
5528
5528
5530
5534
5534
5534
5536
5536
5540
5540
5540
5542
5542
5544
5546
5548
5552
5552
5554
5554
5554
5556
5558
5558
5560
5562
5562
5564
5564
5564
5566
5566
5566
5568
5570
5570
5572
5574
5574
5574
5576
5576
5578
5578
5580
5580
5580
5582
5584
5584
5584
5586
5588
5590
5594
5594
5596
5598
5600
5600
5600
5602
5602
5604
5604
5606
5608
5608
5608
5610
5610
5612
5614
5616
5616
5616
5620
5620
5622
5622
5624
5626
5628
5628
5630
5630
5632
5634
5634
5636
5636
5638
5640
5640
5642
5644
5644
5648
5650
5652
5654
5656
5656
5658
5658
5658
5664
5664
5664
5664
5666
5666
5668
5668
5670
5672
5674
5674
5674
5674
5676
5678
5678
5680
5682
5682
5684
5686
5686
5688
5688
5688
5690
5690
5694
5696
5696
5698
5700
5702
5702
5702
5704
5704
5706
5706
5706
5706
5710
5712
5714
5714
5716
5716
5718
5720
5720
5720
5720
5722
5724
5724
5726
5726
5728
5728
5730
5730
5732
5732
5732
5732
5734
5734
5736
5736
5738
5742
5742
5744
5744
5744
5748
5748
5750
5756
5760
5760
5760
5760
5762
5764
5764
5768
5772
5774
5776
5778
5778
5778
5780
5780
5782
5784
5784
5784
5786
5786
5788
5788
5790
5790
5792
5794
5796
5796
5796
5798
5798
5800
5800
5802
5804
5804
5806
5808
5808
5808
5808
5812
5812
5814
5814
5818
5820
5820
5822
5824
5824
5826
5828
5832
5834
5834
5834
5836
5836
5838
5838
5842
5842
5844
5846
5848
5848
5850
5850
5850
5854
5856
5856
5860
5862
5864
5864
5864
5866
5868
5872
5874
5882
5884
5884
5886
5888
5890
5892
5894
5896
5896
5896
5896
5900
5900
5900
5904
5904
5914
5914
5914
5916
5918
5918
5920
5920
5920
5920
5920
5922
5924
5924
5926
5926
5926
5928
5928
5930
5930
5930
5932
5932
5932
5934
5934
5934
5940
5940
5942
5942
5944
5944
5944
5946
5946
5948
5950
5952
5954
5956
5960
5960
5964
5970
5970
5974
5974
5976
5978
5980
5984
5986
5986
5992
5996
5998
6008
6008
6008
6010
6012
6020
6020
6020
6020
6022
6024
6028
6030
6050
6050
6054
6054
6054
6058
6058
6060
6064
6068
6072
6082
6084
6084
6092
6096
6098
6100
6100
6102
6106
6112
6112
6116
6116
6122
6130
6132
6140
6144
6146
6146
6150
6154
6160
6160
6166
6166
6166
6172
6172
6174
6176
6180
6182
6186
6196
6198
6198
6214
6216
6218
6224
6232
6246
6250
6258
6266
6272
6278
6282
6286
6288
6294
6298
6300
6342
6382
6386
6390
6390
6426
6430
6446
6452
6462
6478
6486
6492
6498
6502
6504
6514
6518
6528
6532
6538
6550
6568
6584
6606
6606
6612
6616
6624
6626
6630
6634
6656
6664
6670
6680
6688
6696
6702
6702
6712
6744
6748
6754
6758
6772
6786
6864
6868
6870
6894
6896
6914
6942
6946
6952
7020
7058
7210
7256
7266
7268
7316
7328
7366
7378
7386
7528
7576
7600
7750
7784
8006
8350
8940
8966
9444
9656
10298
10574
10754
11106
11328
11370
12038
12384
13280
13710
14604
14666
15032
15122
15192
15204
15218
15958
16150
17098
17162
17236
17412
18262
18566
19250
20482
20820
22046
23950
24186
24666
25974
42256
63150
