Latencies
5128
5180
5198
5222
5230
5248
5262
5272
5278
5280
5288
5290
5294
5304
5304
5306
5308
5308
5312
5312
5312
5314
5314
5316
5320
5320
5322
5324
5324
5328
5330
5330
5332
5332
5334
5334
5334
5334
5336
5336
5338
5340
5340
5342
5344
5344
5344
5344
5344
5346
5346
5346
5348
5348
5348
5348
5350
5350
5352
5352
5352
5354
5354
5354
5354
5356
5356
5356
5356
5356
5358
5358
5360
5362
5362
5362
5364
5366
5368
5372
5372
5372
5372
5372
5372
5372
5374
5374
5374
5374
5376
5376
5378
5378
5378
5378
5380
5380
5380
5382
5382
5384
5384
5384
5386
5386
5386
5386
5386
5388
5388
5388
5388
5390
5390
5390
5390
5390
5390
5390
5392
5392
5392
5394
5396
5396
5396
5398
5398
5398
5400
5400
5402
5402
5402
5404
5406
5406
5406
5408
5408
5408
5408
5410
5410
5410
5410
5410
5412
5412
5412
5412
5412
5414
5414
5416
5416
5416
5416
5416
5418
5418
5418
5418
5420
5420
5420
5422
5422
5422
5424
5424
5424
5424
5426
5426
5426
5426
5426
5428
5428
5428
5428
5428
5430
5430
5430
5430
5432
5432
5432
5432
5432
5432
5436
5436
5436
5436
5436
5438
5440
5440
5442
5444
5444
5444
5444
5448
5448
5448
5450
5450
5450
5450
5452
5452
5452
5452
5452
5454
5454
5454
5456
5456
5456
5458
5458
5460
5460
5460
5462
5462
5464
5464
5464
5464
5466
5466
5466
5468
5468
5470
5470
5470
5470
5472
5474
5474
5474
5474
5474
5476
5476
5476
5476
5478
5480
5482
5482
5482
5482
5484
5484
5484
5484
5486
5486
5486
5486
5488
5488
5488
5490
5490
5490
5490
5492
5492
5494
5494
5494
5494
5494
5494
5494
5496
5496
5496
5498
5498
5498
5498
5500
5500
5502
5502
5502
5502
5502
5502
5502
5504
5504
5504
5506
5506
5506
5506
5508
5508
5508
5510
5510
5512
5512
5512
5512
5512
5514
5514
5514
5514
5514
5514
5514
5514
5516
5516
5516
5516
5516
5518
5518
5518
5518
5518
5520
5520
5520
5522
5522
5522
5524
5524
5524
5524
5524
5526
5526
5526
5526
5528
5528
5528
5528
5528
5528
5530
5530
5530
5530
5534
5534
5534
5536
5538
5538
5538
5540
5540
5540
5540
5540
5542
5542
5542
5542
5544
5544
5544
5546
5548
5548
5548
5548
5550
5550
5550
5552
5552
5552
5552
5552
5554
5554
5554
5554
5558
5558
5558
5558
5558
5558
5560
5560
5560
5562
5562
5564
5564
5564
5566
5566
5566
5568
5568
5568
5570
5572
5574
5574
5574
5576
5576
5578
5578
5578
5578
5580
5582
5582
5584
5586
5586
5590
5590
5590
5592
5594
5594
5596
5598
5598
5598
5598
5598
5600
5600
5602
5602
5602
5602
5606
5606
5608
5610
5610
5612
5612
5612
5612
5614
5614
5616
5616
5618
5620
5620
5622
5624
5624
5626
5626
5634
5636
5638
5638
5640
5640
5642
5644
5644
5644
5646
5646
5646
5646
5646
5646
5648
5650
5650
5652
5654
5654
5656
5656
5656
5660
5660
5660
5664
5664
5664
5664
5666
5666
5666
5668
5668
5670
5672
5672
5674
5674
5676
5676
5676
5680
5682
5682
5682
5682
5684
5686
5686
5686
5688
5688
5690
5694
5694
5696
5696
5696
5698
5700
5700
5702
5702
5702
5708
5708
5708
5712
5714
5716
5718
5718
5718
5720
5720
5720
5720
5722
5722
5724
5724
5724
5726
5728
5730
5730
5730
5732
5734
5736
5736
5738
5740
5740
5742
5744
5746
5748
5748
5748
5750
5752
5754
5754
5754
5756
5760
5760
5762
5764
5764
5766
5768
5768
5768
5772
5772
5774
5776
5776
5776
5776
5778
5780
5780
5782
5782
5782
5784
5786
5786
5786
5790
5790
5792
5792
5794
5794
5794
5794
5796
5798
5798
5800
5800
5800
5800
5804
5804
5806
5806
5806
5808
5808
5810
5812
5812
5812
5812
5814
5814
5816
5820
5820
5820
5828
5828
5828
5830
5830
5830
5832
5834
5836
5836
5836
5838
5838
5840
5840
5840
5842
5844
5846
5848
5848
5850
5850
5852
5852
5854
5856
5856
5856
5858
5858
5860
5860
5862
5862
5862
5868
5868
5868
5870
5870
5872
5872
5874
5874
5874
5876
5876
5876
5876
5878
5880
5882
5884
5884
5886
5886
5888
5892
5892
5894
5896
5896
5898
5898
5900
5900
5900
5900
5904
5904
5906
5910
5910
5910
5912
5914
5916
5918
5918
5922
5924
5924
5926
5928
5930
5930
5932
5932
5932
5934
5936
5940
5940
5942
5942
5946
5948
5950
5950
5952
5954
5956
5958
5960
5960
5962
5964
5966
5970
5970
5972
5972
5976
5978
5978
5978
5980
5984
5984
5984
5988
5990
5990
5992
5996
5998
6000
6000
6000
6002
6002
6006
6014
6016
6022
6022
6026
6026
6026
6028
6028
6032
6032
6040
6042
6042
6044
6046
6048
6052
6052
6054
6056
6056
6060
6064
6068
6068
6070
6070
6072
6074
6080
6082
6084
6086
6088
6088
6090
6090
6090
6092
6094
6094
6096
6096
6096
6096
6096
6100
6100
6104
6104
6106
6110
6110
6112
6116
6118
6118
6122
6122
6122
6124
6124
6130
6130
6132
6134
6136
6136
6150
6150
6150
6152
6154
6154
6154
6158
6158
6160
6162
6164
6172
6172
6172
6180
6184
6194
6194
6196
6196
6196
6198
6200
6202
6204
6206
6206
6210
6212
6212
6220
6224
6224
6226
6226
6232
6234
6240
6246
6248
6248
6252
6262
6262
6262
6266
6274
6278
6280
6280
6282
6288
6296
6296
6300
6310
6318
6320
6324
6328
6334
6342
6344
6350
6354
6360
6362
6378
6382
6382
6386
6396
6398
6402
6402
6422
6424
6446
6448
6460
6468
6480
6492
6502
6514
6548
6566
6576
6602
6616
6626
6646
6652
6652
6670
6682
6736
6768
6780
6858
6860
6868
6872
6872
6880
6988
7026
7034
7044
7048
7050
7068
7068
7074
7106
7292
7394
7460
7558
7648
7734
8184
8506
9524
9536
9876
10392
11118
12202
12510
12778
13040
13870
14150
14544
14618
15102
15226
15336
16234
16386
17468
17492
18442
18756
18826
22966
23966
24430
25360
26686
31074
33824
35952
36072
