Latencies
5014
5024
5026
5032
5036
5036
5038
5038
5052
5052
5066
5068
5084
5084
5086
5086
5088
5092
5094
5094
5096
5100
5102
5102
5104
5106
5110
5110
5112
5112
5112
5114
5116
5116
5122
5124
5124
5126
5128
5128
5130
5130
5130
5130
5132
5134
5134
5134
5140
5140
5140
5140
5142
5144
5146
5148
5148
5148
5150
5150
5150
5152
5152
5152
5152
5154
5154
5154
5154
5154
5156
5156
5158
5158
5160
5160
5160
5162
5162
5162
5162
5164
5164
5164
5166
5166
5166
5166
5166
5166
5168
5168
5168
5168
5170
5170
5172
5172
5174
5174
5174
5174
5174
5176
5176
5176
5176
5178
5178
5178
5180
5180
5182
5182
5184
5184
5184
5186
5186
5186
5188
5188
5190
5190
5190
5190
5190
5190
5192
5192
5194
5196
5198
5200
5200
5200
5200
5200
5200
5202
5202
5204
5204
5204
5204
5204
5204
5204
5206
5206
5206
5206
5208
5210
5210
5210
5212
5212
5214
5214
5214
5214
5214
5216
5216
5216
5216
5216
5218
5218
5218
5220
5220
5220
5220
5222
5222
5222
5222
5224
5224
5224
5226
5226
5226
5226
5226
5226
5226
5226
5228
5228
5228
5228
5228
5230
5230
5232
5232
5232
5234
5234
5234
5236
5236
5236
5238
5238
5238
5238
5238
5240
5240
5240
5240
5240
5242
5242
5244
5246
5246
5246
5248
5248
5248
5250
5250
5250
5250
5254
5254
5254
5256
5256
5256
5258
5258
5258
5260
5260
5260
5262
5262
5262
5262
5262
5264
5266
5266
5268
5268
5268
5268
5268
5268
5268
5268
5270
5270
5272
5272
5272
5272
5274
5274
5274
5274
5274
5276
5276
5276
5278
5278
5278
5278
5278
5278
5280
5280
5280
5280
5282
5282
5284
5284
5284
5286
5286
5290
5290
5290
5290
5290
5290
5292
5292
5294
5294
5294
5296
5296
5296
5298
5298
5300
5300
5300
5300
5302
5304
5306
5306
5306
5306
5308
5308
5310
5310
5310
5310
5310
5310
5312
5314
5316
5318
5318
5320
5320
5320
5320
5322
5322
5324
5324
5324
5324
5326
5328
5328
5330
5330
5330
5330
5330
5330
5332
5332
5332
5334
5334
5336
5338
5340
5340
5340
5340
5342
5342
5342
5342
5344
5344
5344
5344
5348
5348
5350
5350
5350
5350
5352
5352
5352
5352
5354
5354
5356
5356
5358
5358
5358
5360
5360
5362
5366
5366
5366
5368
5368
5368
5368
5370
5372
5376
5378
5378
5380
5382
5382
5382
5382
5382
5382
5386
5388
5388
5390
5390
5390
5394
5394
5394
5396
5396
5398
5398
5398
5400
5400
5400
5400
5400
5402
5402
5402
5404
5406
5406
5406
5406
5408
5408
5410
5412
5412
5412
5412
5414
5414
5414
5416
5418
5418
5420
5420
5422
5424
5428
5428
5428
5428
5428
5430
5430
5430
5430
5430
5432
5432
5436
5436
5436
5436
5438
5440
5440
5440
5442
5442
5444
5444
5444
5444
5446
5446
5448
5448
5448
5448
5450
5452
5452
5452
5454
5456
5456
5458
5458
5460
5460
5462
5462
5466
5468
5470
5472
5474
5474
5478
5478
5478
5478
5482
5484
5484
5486
5488
5488
5490
5490
5490
5490
5492
5492
5492
5492
5494
5496
5496
5496
5498
5498
5500
5502
5502
5502
5504
5506
5506
5506
5506
5508
5512
5512
5514
5514
5516
5518
5518
5522
5524
5524
5526
5526
5528
5528
5528
5532
5532
5534
5534
5540
5542
5542
5542
5544
5544
5544
5544
5548
5550
5552
5554
5554
5558
5558
5558
5560
5562
5562
5564
5566
5566
5566
5566
5568
5572
5574
5574
5574
5574
5576
5580
5580
5582
5582
5584
5584
5586
5586
5586
5588
5588
5590
5592
5592
5592
5592
5594
5594
5598
5598
5600
5604
5604
5604
5606
5608
5608
5608
5610
5610
5610
5612
5612
5616
5616
5616
5620
5626
5626
5626
5626
5628
5628
5628
5632
5632
5634
5634
5636
5636
5638
5640
5640
5644
5648
5650
5652
5652
5654
5654
5656
5660
5660
5662
5666
5666
5672
5672
5674
5674
5674
5676
5676
5678
5682
5684
5684
5686
5688
5690
5692
5694
5694
5694
5696
5698
5698
5700
5702
5708
5708
5708
5710
5710
5710
5712
5714
5714
5716
5718
5718
5722
5722
5724
5726
5726
5726
5728
5732
5732
5732
5732
5734
5736
5736
5738
5738
5740
5742
5742
5744
5744
5746
5746
5748
5748
5748
5748
5750
5752
5760
5760
5762
5766
5766
5766
5772
5772
5772
5774
5774
5774
5776
5776
5780
5780
5780
5782
5784
5788
5788
5798
5798
5798
5798
5800
5800
5802
5804
5804
5808
5808
5810
5812
5818
5820
5822
5824
5824
5826
5828
5834
5836
5838
5838
5838
5840
5842
5842
5844
5846
5846
5848
5850
5850
5850
5852
5854
5862
5868
5874
5874
5878
5878
5880
5882
5884
5884
5888
5892
5894
5898
5900
5900
5904
5904
5906
5906
5908
5908
5910
5912
5912
5912
5916
5918
5920
5926
5930
5930
5930
5930
5934
5934
5936
5936
5936
5940
5942
5946
5946
5948
5948
5952
5952
5952
5960
5960
5970
5972
5974
5976
5978
5980
5984
5988
5992
5996
5998
5998
5998
6000
6000
6002
6004
6006
6008
6010
6016
6016
6016
6022
6024
6026
6026
6030
6032
6032
6034
6042
6046
6048
6052
6052
6052
6058
6062
6066
6066
6072
6072
6076
6076
6088
6090
6090
6096
6106
6122
6124
6128
6132
6146
6148
6156
6158
6162
6166
6192
6198
6208
6216
6222
6228
6234
6238
6242
6244
6244
6246
6248
6250
6258
6276
6282
6284
6284
6288
6294
6300
6302
6312
6318
6326
6338
6366
6372
6374
6420
6426
6442
6444
6458
6476
6482
6492
6548
6554
6604
6606
6648
6690
6696
6730
6766
6858
6886
6916
6954
6960
6982
7188
7216
7342
7494
7550
7594
7826
8098
8546
8802
8844
10170
10608
10618
10878
11164
11494
13490
13600
13606
13762
13884
14666
15260
15442
16202
18838
19266
20284
20580
21634
22226
23158
23222
24200
24664
25358
25666
26018
26122
26508
27042
30548
35018
36268
36280
10066012
10108386
