Latencies
5004
5064
5070
5072
5084
5086
5092
5098
5108
5108
5112
5114
5116
5116
5120
5122
5132
5134
5136
5140
5144
5148
5152
5156
5156
5156
5160
5166
5166
5166
5166
5168
5170
5170
5172
5172
5174
5174
5176
5176
5178
5178
5180
5180
5180
5182
5184
5186
5188
5190
5190
5190
5192
5192
5192
5194
5194
5194
5196
5198
5200
5200
5204
5204
5204
5206
5206
5206
5208
5208
5208
5208
5210
5210
5210
5210
5210
5212
5212
5214
5216
5216
5218
5218
5220
5220
5222
5222
5222
5222
5224
5224
5224
5226
5230
5230
5230
5232
5232
5232
5232
5234
5234
5234
5234
5234
5234
5234
5234
5236
5236
5238
5238
5238
5238
5238
5238
5240
5242
5242
5242
5242
5242
5242
5242
5244
5244
5244
5244
5244
5244
5246
5246
5246
5246
5246
5248
5248
5248
5248
5248
5248
5248
5250
5250
5250
5250
5250
5250
5252
5252
5252
5254
5254
5254
5254
5254
5256
5256
5256
5258
5258
5258
5258
5258
5258
5260
5260
5260
5260
5260
5260
5262
5264
5264
5266
5266
5266
5266
5266
5266
5266
5266
5268
5270
5270
5270
5272
5272
5272
5272
5274
5274
5274
5274
5274
5274
5276
5276
5276
5278
5278
5278
5280
5280
5280
5280
5280
5280
5280
5280
5280
5282
5284
5284
5284
5284
5284
5284
5286
5288
5288
5288
5288
5290
5290
5290
5292
5294
5294
5294
5296
5296
5298
5298
5298
5298
5298
5298
5300
5300
5300
5300
5300
5300
5302
5302
5304
5304
5304
5304
5306
5306
5306
5306
5308
5308
5308
5310
5310
5310
5310
5312
5312
5314
5314
5314
5314
5314
5314
5316
5316
5316
5316
5318
5318
5318
5320
5320
5322
5322
5322
5322
5322
5322
5322
5322
5324
5324
5324
5324
5324
5324
5324
5326
5326
5328
5328
5330
5330
5330
5330
5330
5330
5332
5332
5332
5334
5334
5334
5334
5334
5334
5334
5336
5336
5336
5336
5338
5338
5338
5340
5340
5340
5340
5340
5342
5342
5342
5342
5344
5344
5344
5344
5344
5344
5344
5346
5346
5346
5346
5346
5346
5348
5348
5350
5350
5350
5350
5350
5352
5352
5354
5356
5356
5356
5356
5358
5358
5358
5358
5360
5362
5362
5362
5362
5362
5362
5362
5364
5366
5368
5368
5368
5370
5372
5372
5374
5374
5374
5374
5376
5376
5378
5378
5378
5378
5380
5380
5380
5382
5382
5382
5384
5386
5386
5386
5388
5388
5388
5388
5388
5390
5390
5390
5390
5392
5392
5392
5392
5392
5392
5392
5394
5394
5394
5396
5398
5398
5398
5400
5402
5404
5404
5404
5406
5406
5406
5406
5408
5408
5408
5410
5410
5410
5410
5410
5412
5412
5412
5412
5412
5412
5414
5416
5416
5420
5420
5420
5422
5422
5422
5424
5424
5424
5426
5426
5426
5428
5430
5432
5432
5432
5432
5434
5434
5434
5434
5434
5436
5438
5442
5442
5444
5444
5444
5448
5450
5452
5454
5456
5456
5456
5458
5458
5462
5464
5468
5468
5468
5468
5470
5470
5470
5472
5472
5478
5478
5478
5480
5486
5486
5488
5490
5492
5492
5494
5494
5494
5496
5498
5498
5498
5500
5502
5502
5502
5502
5506
5508
5510
5510
5512
5516
5518
5518
5518
5520
5520
5522
5522
5528
5530
5532
5532
5534
5540
5540
5544
5546
5546
5546
5546
5548
5548
5550
5552
5552
5554
5556
5558
5558
5560
5560
5560
5562
5564
5564
5568
5568
5572
5572
5572
5576
5576
5576
5578
5578
5580
5580
5582
5582
5584
5586
5588
5592
5594
5596
5596
5600
5600
5600
5602
5602
5602
5602
5604
5604
5610
5610
5612
5616
5620
5620
5622
5622
5622
5622
5626
5626
5628
5630
5632
5634
5634
5634
5636
5640
5640
5640
5642
5642
5644
5644
5644
5648
5650
5650
5652
5654
5656
5658
5658
5660
5660
5660
5662
5664
5664
5666
5670
5670
5672
5674
5676
5678
5680
5684
5684
5686
5686
5686
5688
5688
5690
5690
5692
5694
5698
5698
5702
5704
5704
5706
5706
5706
5708
5708
5708
5712
5712
5714
5714
5716
5718
5718
5720
5722
5724
5724
5724
5726
5726
5728
5734
5736
5738
5738
5738
5740
5740
5744
5744
5744
5746
5750
5752
5754
5754
5754
5754
5754
5756
5758
5758
5758
5762
5764
5780
5780
5782
5782
5782
5782
5784
5786
5788
5790
5792
5792
5794
5798
5800
5802
5802
5806
5808
5810
5814
5814
5816
5816
5818
5818
5822
5824
5828
5836
5838
5842
5844
5850
5850
5852
5852
5852
5854
5856
5856
5858
5858
5860
5860
5862
5862
5864
5868
5870
5872
5874
5878
5882
5882
5884
5884
5886
5886
5888
5890
5890
5890
5892
5892
5894
5898
5900
5900
5908
5910
5912
5912
5914
5918
5918
5918
5920
5922
5926
5926
5930
5932
5932
5934
5936
5940
5942
5942
5948
5958
5958
5958
5960
5968
5972
5976
5982
5984
5984
5988
5992
5994
5996
5998
5998
6000
6004
6006
6012
6018
6020
6022
6030
6032
6032
6034
6036
6038
6040
6054
6054
6056
6058
6062
6066
6068
6070
6070
6070
6088
6090
6094
6096
6098
6102
6102
6106
6112
6114
6114
6116
6120
6122
6128
6128
6136
6138
6140
6140
6146
6146
6148
6156
6160
6160
6162
6168
6174
6176
6176
6190
6192
6196
6208
6212
6212
6212
6212
6220
6228
6230
6232
6238
6240
6242
6242
6246
6248
6252
6264
6264
6270
6274
6350
6354
6358
6360
6364
6366
6368
6414
6414
6450
6458
6462
6472
6474
6474
6482
6496
6552
6554
6568
6594
6600
6630
6718
6760
6798
6836
6876
6888
6894
6904
6912
6924
6958
7046
7100
7114
7128
7134
7184
7206
7228
7290
7398
7400
7406
7474
7478
7602
7690
7792
7832
7892
7900
8080
8082
8090
8278
8374
8492
8634
9120
9192
9516
9730
10284
11190
11606
12290
12614
12772
13004
13884
14104
14906
14940
15434
16280
16402
16884
17186
17270
17680
17868
19144
19156
19246
19512
19556
19710
19878
20266
20430
20658
20792
21768
21948
22370
22454
22598
23228
23258
28464
28794
35750
38480
104972
125590
