Latencies
5310
5328
5336
5368
5374
5390
5396
5396
5398
5404
5406
5412
5424
5426
5426
5434
5436
5438
5444
5444
5456
5456
5464
5464
5472
5472
5472
5474
5474
5476
5482
5484
5494
5494
5496
5496
5502
5510
5510
5528
5528
5532
5534
5542
5544
5546
5548
5552
5556
5558
5560
5562
5566
5572
5572
5572
5576
5580
5592
5596
5602
5606
5612
5616
5628
5634
5638
5646
5646
5652
5654
5658
5658
5660
5664
5664
5668
5674
5674
5680
5682
5682
5692
5696
5698
5700
5704
5704
5708
5712
5714
5720
5722
5726
5730
5742
5750
5754
5756
5760
5772
5772
5780
5782
5782
5782
5806
5810
5816
5818
5824
5826
5828
5830
5830
5840
5844
5864
5866
5872
5884
5884
5920
5934
5940
5942
5948
5956
5962
5972
5992
5992
6028
6028
6038
6046
6052
6056
6060
6074
6078
6078
6080
6084
6084
6102
6114
6116
6136
6144
6144
6146
6162
6168
6174
6176
6178
6190
6200
6204
6206
6206
6208
6216
6220
6230
6236
6238
6238
6248
6250
6262
6278
6292
6298
6304
6312
6316
6322
6328
6328
6332
6334
6340
6344
6350
6372
6376
6384
6404
6408
6412
6452
6452
6476
6480
6504
6504
6514
6538
6548
6556
6566
6566
6592
6600
6600
6604
6610
6612
6624
6656
6664
6694
6696
6700
6726
6732
6742
6782
6784
6788
6796
6810
6822
6850
6856
6880
6884
6912
6934
6938
6946
6958
6966
6970
6982
6986
6994
7008
7012
7016
7072
7082
7086
7088
7138
7158
7164
7184
7194
7202
7210
7216
7218
7238
7242
7258
7266
7276
7284
7294
7296
7316
7318
7320
7326
7334
7346
7374
7410
7422
7424
7428
7456
7464
7468
7474
7476
7480
7486
7492
7524
7526
7560
7568
7592
7606
7612
7622
7634
7636
7638
7638
7638
7648
7660
7730
7736
7738
7744
7790
7812
7828
7830
7882
7906
7910
7920
7922
7930
7950
7958
8018
8030
8066
8074
8080
8102
8128
8192
8198
8206
8218
8220
8232
8238
8252
8262
8290
8294
8316
8362
8364
8402
8402
8406
8420
8460
8464
8468
8470
8472
8488
8494
8536
8548
8554
8558
8562
8584
8586
8596
8640
8642
8658
8662
8690
8696
8744
8744
8750
8766
8780
8792
8804
8804
8808
8812
8826
8836
8838
8888
8896
8962
8976
8984
9012
9016
9030
9042
9050
9056
9058
9102
9106
9126
9130
9136
9154
9172
9174
9198
9238
9260
9296
9300
9338
9350
9362
9372
9382
9396
9410
9412
9412
9422
9444
9454
9464
9480
9482
9484
9536
9580
9594
9602
9606
9612
9614
9624
9656
9680
9680
9688
9700
9704
9726
9774
9774
9776
9808
9822
9844
9854
9868
9894
9904
9906
9918
9918
9940
9948
9958
9968
9970
9970
9990
10020
10072
10086
10090
10092
10098
10100
10186
10190
10204
10212
10216
10228
10238
10282
10310
10326
10326
10344
10454
10456
10472
10492
10506
10550
10566
10580
10590
10610
10610
10618
10646
10662
10672
10696
10738
10744
10748
10772
10776
10776
10822
10854
10854
10876
10908
10914
10914
10922
10928
10932
10950
10962
11022
11036
11042
11048
11050
11064
11066
11130
11140
11152
11156
11170
11176
11184
11198
11198
11210
11220
11222
11224
11276
11302
11354
11362
11364
11394
11420
11432
11446
11456
11478
11506
11558
11568
11592
11596
11600
11604
11610
11616
11624
11640
11670
11682
11722
11734
11748
11766
11768
11774
11794
11828
11846
11848
11854
11862
11868
11876
11892
11902
11908
11936
11954
11968
11986
11992
12008
12008
12040
12062
12086
12090
12102
12104
12144
12166
12178
12178
12194
12200
12268
12272
12276
12310
12316
12316
12328
12352
12358
12368
12374
12416
12418
12472
12496
12500
12526
12534
12536
12540
12556
12576
12578
12584
12594
12594
12598
12604
12620
12624
12640
12648
12654
12664
12668
12670
12696
12696
12696
12704
12706
12708
12712
12738
12746
12754
12756
12760
12764
12772
12788
12792
12824
12836
12838
12866
12872
12884
12926
12928
12934
12934
12940
12950
12954
12958
12966
12992
13024
13038
13042
13074
13078
13144
13152
13174
13176
13192
13216
13218
13220
13230
13234
13240
13278
13292
13302
13314
13318
13322
13358
13358
13398
13420
13450
13458
13460
13472
13478
13480
13524
13528
13546
13576
13620
13632
13640
13656
13662
13664
13720
13732
13760
13774
13790
13796
13806
13876
13912
13914
13930
13932
13944
13956
13976
13996
14038
14046
14084
14096
14118
14134
14134
14138
14148
14150
14158
14164
14166
14168
14168
14178
14196
14202
14218
14228
14228
14228
14232
14232
14248
14252
14272
14296
14298
14302
14304
14310
14326
14326
14340
14348
14354
14358
14368
14374
14396
14398
14398
14406
14450
14460
14468
14472
14476
14478
14488
14514
14516
14518
14526
14528
14536
14544
14546
14556
14566
14570
14576
14578
14588
14590
14606
14620
14624
14628
14634
14640
14676
14680
14680
14706
14720
14722
14724
14728
14740
14750
14754
14754
14770
14774
14784
14786
14788
14792
14792
14806
14808
14824
14828
14828
14830
14834
14842
14842
14850
14850
14864
14864
14886
14888
14890
14898
14906
14910
14910
14910
14916
14916
14924
14942
14950
14952
14960
14960
14966
14972
14982
14986
14990
15000
15002
15012
15012
15014
15014
15018
15030
15036
15042
15046
15046
15054
15056
15056
15056
15060
15060
15062
15066
15068
15070
15076
15088
15096
15098
15104
15104
15104
15108
15108
15110
15112
15114
15122
15132
15136
15144
15152
15158
15160
15190
15214
15224
15232
15250
15258
15264
15266
15272
15272
15282
15284
15290
15296
15302
15306
15314
15330
15334
15342
15352
15354
15358
15368
15368
15372
15376
15386
15410
15414
15434
15436
15440
15442
15450
15454
15462
15476
15476
15484
15484
15488
15490
15498
15510
15548
15548
15550
15552
15606
15614
15656
15686
15726
15730
15742
15752
15758
15776
15796
15850
15852
15858
15868
15912
15944
15958
16006
16020
16026
16046
16148
16166
16170
16202
16210
16356
16588
16670
16860
17150
18648
19452
19774
19810
20382
20498
20560
21058
21398
21448
21594
22468
22846
23718
23926
24014
24042
24132
24224
24258
24322
24426
24472
24572
24670
24682
24782
24904
24948
25114
25242
25312
25398
25428
25668
25970
31520
32440
34026
34218
34744
57652
65028
68462
69794
113394
