Latencies
7630
6400
5170
5132
5332
7612
5182
5238
5304
5758
5232
5226
5806
5332
5486
5538
5458
4972
5250
16150
5504
5960
5290
6106
5654
5968
6402
5698
5134
5358
5750
5546
5080
5236
5344
12476
5266
5064
5216
5696
5634
5790
5190
6766
5782
5120
5784
5442
5134
5194
5376
5246
6122
5346
5384
5220
35748
5202
6002
5492
6602
5892
5518
5124
10792
5080
5090
5624
5496
5064
5208
5168
5320
25242
6252
6850
5324
5746
5364
4976
5200
6214
5276
5416
5162
5422
5486
5088
5190
5196
5882
5422
5292
5240
5238
5610
6306
32242
5986
5470
5318
5176
5360
5260
6908
23530
5214
25440
35730
5292
5882
25538
5630
5562
5092
5690
5610
5738
31440
5414
5262
6570
5164
5128
5118
5254
6486
5454
5328
6458
13384
6362
6114
5112
5092
6144
5354
5624
5248
5792
7494
5514
5366
5464
5418
6092
5262
6200
5308
6626
5428
6144
5382
5690
5894
6408
6996
9702
5388
5306
7372
5312
5332
5108
5478
5296
6652
5354
5194
5172
5468
6074
5376
7852
6058
5246
5192
5842
5426
5960
5624
6060
5572
5856
5260
5390
5534
5390
5452
5386
5578
5860
5386
6088
6342
5646
5426
5638
5252
5718
5274
5488
5318
5566
6454
7936
6570
5134
5280
5458
5290
6878
5210
5274
5504
5834
5204
5080
5890
5256
5410
5606
5270
5190
5086
5042
5694
5528
5574
6836
6176
5144
5278
5872
5322
5506
5258
5410
5302
6100
5264
6720
6014
5494
5472
5998
5254
5338
5220
5090
6216
5204
5416
6056
24212
6392
5810
5166
5250
5182
5622
5184
5550
5220
14080
5872
5294
5148
5108
5622
5380
5476
31780
5940
5376
5664
22134
5258
18872
5170
5694
5934
5398
5208
5774
5644
20246
6306
5316
5510
5248
6092
5592
5542
5442
5476
6088
5562
5378
5350
5156
5374
5478
5070
5934
5204
5396
6030
5080
351046
6342
5610
5576
23726
6098
5268
5112
5496
5292
6374
5756
5444
5078
5722
5246
5252
5568
32370
5972
6626
25112
5666
5858
5186
5424
6684
5752
5268
5448
29434
14902
22466
16518
5508
5142
5040
6798
5328
5272
5224
5400
5330
5090
5202
5284
6208
5822
5506
5336
5658
5296
5332
5170
6020
5790
38296
5726
5242
5130
5844
24410
5300
5208
5674
5194
5182
32162
5644
5182
6042
5940
5132
5202
5216
5214
12564
5896
5502
5348
5150
26132
5264
5380
13294
7216
6652
5156
5250
5736
34032
6338
5302
5562
5706
5412
6176
24418
6316
5580
5172
5258
5374
5252
5372
5726
6512
5890
5260
5626
5334
5540
5808
5470
6138
5414
5666
5636
5490
5288
5914
5932
5320
29798
5746
5134
5146
5476
5578
5264
5138
5346
5818
5332
5396
5152
5130
5254
5356
5788
5112
6438
5380
5626
5128
5208
19586
5718
5216
5184
5202
5442
5582
6372
5232
5628
5134
5668
5362
28858
5236
34006
5132
5544
6268
5500
5268
5142
5764
33972
5392
5868
5620
5212
5170
5422
6096
5124
5256
5128
5516
5114
5218
6214
5114
5972
5206
5310
5524
5448
