Latencies
24398
8406
10974
6448
15420
14872
15642
5946
13374
6994
14940
5588
8260
9072
14464
14848
11908
6810
7070
6726
6834
5702
5810
5362
5266
5730
11938
14074
11246
23686
8192
8474
16344
9962
9850
26654
15032
5394
7750
12350
19742
11768
14176
9008
14652
14712
7448
12086
7552
5900
7042
14628
9620
6116
6432
5308
5332
5260
5446
5286
5368
6310
5292
5230
5778
8036
9634
23640
9006
14004
5628
5602
15422
12718
9062
15260
14514
5584
6794
6288
6238
5580
5364
5966
5358
5522
5446
5286
5400
7822
12186
15590
14772
15344
15398
5948
6234
5372
5386
5496
6126
5360
5438
5722
6042
5956
6102
5426
9334
19774
8448
8546
10350
5984
6042
15838
15318
14958
14286
9030
7364
28502
5838
6888
14880
9020
24784
5574
14866
14694
14820
14852
14912
14730
14884
14894
15384
14664
14898
15408
15428
14762
15274
15458
15024
14860
15228
15388
14858
14966
10308
15382
11710
7706
8170
6100
5404
6274
5762
5600
5480
5456
6326
5250
5364
14580
24482
15984
14666
15098
10010
6656
14032
14308
15810
11898
11098
13022
13716
7192
12056
13772
11584
14214
15560
14558
14472
15158
15210
15118
15196
15360
14380
6400
5804
5802
5842
5594
5258
12134
8202
7360
12316
10044
11056
5642
10820
15236
15324
14450
7040
5980
14798
354144
13058
7384
5880
11796
14836
14864
15064
15438
14954
15072
14804
14998
14848
6108
6044
5404
5612
5974
6582
6158
6110
15092
15200
13172
9552
13982
14712
5732
5280
5994
5530
6884
6680
5444
5434
15350
5750
18240
11104
5920
5308
6148
10042
7610
12086
9790
7174
15060
5644
13650
8524
11978
9600
6592
6148
6482
5244
6018
15910
15198
14758
13988
15306
14874
14638
15172
6204
5478
5446
6342
5404
5926
5348
5414
5374
14618
15074
15178
14862
14114
9128
5684
15718
15458
15196
14514
15122
15208
15234
14992
15492
14690
15226
15168
15162
15198
15206
15530
5552
5844
5364
5290
5578
16052
14746
15108
14924
14716
15150
15464
11792
10028
10242
10870
5440
6060
5774
5344
5942
15134
7182
15512
15090
14438
15178
14718
14878
35136
14922
15154
15098
15150
15334
9030
6398
6348
7214
11488
21146
6158
13674
10130
15576
15058
15736
15990
14758
15078
15222
14868
14926
15164
15318
15178
14966
14924
5692
12624
6434
5974
5594
5760
5570
9118
9138
7616
14046
13556
15038
255084
13896
14664
13024
13822
5918
6628
22262
12620
13668
7878
8386
14790
8874
5792
15654
6750
14784
8170
7000
6168
9398
8278
14574
10214
9780
15028
12536
11728
7300
6560
14964
15286
5332
5360
5892
5288
5832
5438
5624
5924
7924
10352
11216
9892
10084
12012
14668
12586
14692
7002
6526
7972
7628
6330
10142
6088
10296
14828
12660
5564
6244
7060
5676
11570
9508
6316
37680
15130
14710
7820
5826
6382
5662
5258
15896
15668
15176
5816
14824
15038
11118
14556
10468
8884
14046
12846
9080
6506
14752
24596
14380
5694
5988
5916
5756
5738
5180
5868
15252
8886
15064
15010
14372
13930
11398
15394
15560
6166
7100
10418
6794
7850
6726
13478
15416
14932
38680
9016
14620
14522
11866
12608
10540
10054
6922
13526
13562
7538
5786
6118
6066
7518
12806
14406
14586
8610
10222
5918
11518
7222
12366
8264
14034
5336
8278
15092
14820
14612
15274
18692
10450
6610
7584
13036
12624
15178
11620
11762
7978
6958
10180
5890
14726
7084
5464
6546
14146
8440
10982
10618
6712
14884
11842
15570
9974
14752
9188
9368
6316
6066
12758
29080
15202
10054
9450
9032
8524
13692
7764
14456
8206
14660
7462
8802
15142
7436
15194
14352
6654
5792
5490
6884
5792
5904
7380
5414
91482
15210
10354
15204
12578
5668
8806
6220
5414
5350
5688
13706
14264
9280
6404
14228
15260
13830
10058
6100
5432
10534
5684
7958
12194
14632
11994
14842
14180
10092
11626
10910
13116
9710
24602
14494
24490
15264
15200
15476
14844
15300
15500
11806
13838
10896
11534
7562
8574
10258
12050
13362
11384
7516
10568
12382
33780
25332
35360
33526
14826
14626
7416
11302
5578
6266
5238
6302
5562
5896
14650
5336
6100
9130
14102
5726
14832
11786
11984
5794
5958
6670
11050
10400
9894
9494
6282
5818
5444
5232
5224
5380
7718
24786
8668
12996
13374
12968
6210
10488
12858
24810
5446
12162
14394
6854
39148
5922
6214
14126
24508
14808
14832
15510
8732
7468
5930
7456
5718
5374
5734
6076
5314
5672
5340
5470
7522
24558
13664
12624
8814
7276
96466
13398
11004
10308
11018
12522
14142
11266
12974
13412
6290
5342
6064
9038
14160
12366
12226
14414
12778
10566
11974
5996
5798
5384
5274
5778
5266
5384
5764
5322
12048
12110
6510
11070
13688
14374
11264
12932
8696
7498
12864
8978
8716
9546
7114
10210
8388
8650
7120
5792
15576
8830
14642
8590
5848
11720
12918
15056
14218
9214
9020
12016
13904
8228
11924
6996
5796
5284
5586
6042
5282
12834
14504
11126
7204
13982
13800
7920
9792
12320
12832
7948
13968
14608
6588
12772
7474
7276
6952
13792
5830
5702
5388
5298
5690
5566
11938
6086
7396
6240
13916
5998
5538
8450
6930
5640
5376
5642
5278
6256
5882
5912
5666
5500
5300
5384
5444
5480
5300
5652
24722
14236
15018
10170
6778
5846
5250
5320
5256
5364
5578
5624
5368
5320
13114
10804
14538
14894
10500
7424
8646
14404
8318
11084
6780
15158
6144
5868
5780
6546
11372
6018
9036
13248
14462
7964
8842
14960
14348
14776
15044
12694
10380
11260
11070
5808
15186
14376
15278
520592
8838
13290
8718
5566
15262
14416
14834
14892
14902
5260
13932
6788
9452
14386
15046
15754
14566
9934
12012
12204
7798
14382
15194
6444
5970
15610
11600
7878
13900
11752
1079442
14000
12360
8406
4427168
6146
5498
5480
5382
6444
5842
14910
5990
6596
13836
13526
6812
6024
8838
11872
15004
8892
15138
9580
13684
11592
5846
5444
5906
6290
5848
6066
5356
6356
5256
5594
5508
17562
5414
5458
5486
6116
5734
6162
5268
6794
5576
5392
5672
5496
