Latencies
5220
5328
5338
5340
5344
5344
5350
5354
5364
5368
5370
5378
5378
5380
5388
5394
5400
5404
5414
5418
5428
5428
5432
5436
5442
5442
5446
5446
5446
5446
5448
5450
5450
5452
5464
5466
5468
5474
5490
5492
5496
5500
5500
5512
5518
5518
5522
5524
5526
5532
5532
5532
5532
5540
5540
5546
5556
5558
5560
5560
5564
5578
5592
5594
5596
5614
5616
5616
5622
5624
5626
5632
5636
5636
5640
5644
5648
5652
5658
5662
5662
5672
5680
5682
5684
5688
5698
5708
5716
5722
5724
5726
5728
5730
5734
5748
5748
5754
5766
5772
5780
5784
5786
5792
5794
5794
5798
5802
5802
5804
5808
5808
5808
5810
5818
5824
5834
5858
5858
5858
5860
5860
5864
5876
5876
5880
5888
5894
5900
5920
5922
5922
5944
5952
5956
5958
5966
5974
5976
5976
5980
5986
5996
5998
5998
5998
6022
6024
6030
6030
6032
6040
6042
6046
6060
6078
6086
6090
6104
6112
6116
6118
6138
6150
6156
6158
6166
6168
6168
6172
6176
6196
6200
6206
6208
6238
6238
6240
6240
6242
6244
6268
6270
6280
6286
6290
6296
6300
6310
6310
6360
6362
6364
6384
6388
6392
6392
6394
6404
6410
6424
6458
6462
6464
6500
6504
6526
6526
6528
6552
6554
6566
6566
6586
6598
6604
6608
6610
6618
6622
6654
6660
6672
6694
6722
6728
6736
6750
6768
6792
6794
6810
6830
6852
6860
6884
6900
6934
6936
6948
6948
6950
6960
6962
6976
7014
7020
7026
7040
7052
7062
7108
7108
7142
7216
7240
7260
7270
7284
7324
7328
7404
7408
7412
7416
7420
7430
7454
7470
7488
7504
7542
7544
7550
7554
7564
7580
7612
7650
7660
7682
7718
7722
7732
7736
7736
7772
7772
7774
7776
7780
7802
7808
7824
7844
7846
7930
7960
7970
7982
7982
7988
8024
8030
8044
8048
8054
8058
8064
8066
8096
8110
8110
8114
8130
8164
8164
8164
8168
8190
8210
8220
8222
8224
8236
8244
8248
8272
8290
8292
8292
8310
8312
8340
8372
8386
8394
8400
8410
8412
8418
8424
8458
8458
8472
8492
8500
8508
8532
8536
8546
8560
8602
8626
8636
8648
8712
8718
8738
8756
8760
8780
8790
8810
8874
8888
8906
8916
8918
8942
8956
8968
9038
9046
9062
9070
9072
9072
9072
9122
9130
9136
9136
9144
9152
9178
9202
9206
9248
9300
9302
9326
9326
9330
9366
9370
9376
9380
9382
9388
9392
9412
9420
9432
9438
9458
9462
9474
9492
9494
9516
9520
9522
9530
9538
9550
9554
9574
9608
9612
9618
9620
9660
9676
9682
9686
9716
9726
9740
9762
9772
9784
9790
9842
9860
9882
9888
9896
9902
9902
9904
9918
9924
9946
9948
9990
10008
10014
10022
10030
10034
10042
10050
10056
10102
10114
10146
10156
10176
10180
10246
10258
10280
10280
10300
10342
10346
10350
10350
10368
10368
10384
10394
10396
10398
10400
10420
10422
10432
10482
10492
10514
10514
10522
10526
10550
10556
10562
10580
10604
10624
10672
10676
10678
10680
10714
10716
10732
10744
10744
10746
10758
10762
10772
10774
10788
10802
10804
10826
10836
10842
10882
10886
10896
10906
10930
10934
10952
10962
10996
11010
11048
11048
11068
11076
11078
11190
11222
11240
11270
11294
11310
11320
11330
11350
11356
11368
11406
11424
11456
11488
11526
11566
11608
11642
11644
11652
11654
11662
11664
11668
11710
11710
11718
11758
11762
11808
11820
11824
11842
11848
11854
11868
11878
11878
11908
11910
11950
11952
11954
11972
12018
12036
12052
12054
12054
12078
12092
12100
12104
12104
12122
12128
12134
12146
12164
12186
12186
12234
12274
12280
12292
12346
12352
12392
12392
12400
12406
12408
12414
12428
12444
12466
12502
12516
12520
12520
12566
12576
12588
12588
12600
12616
12622
12656
12656
12656
12666
12676
12678
12682
12696
12696
12698
12708
12748
12792
12836
12866
12870
12892
12894
12896
12922
12930
12944
12960
12960
12972
12984
12992
13012
13014
13028
13042
13042
13064
13076
13078
13084
13092
13136
13164
13184
13228
13232
13242
13250
13252
13256
13350
13378
13386
13390
13400
13406
13410
13412
13416
13424
13426
13434
13450
13482
13504
13534
13548
13562
13568
13572
13578
13584
13590
13594
13596
13598
13624
13624
13676
13678
13680
13710
13760
13776
13798
13806
13818
13822
13838
13842
13874
13900
13916
13918
13936
13938
13942
13944
13966
13968
13982
13982
13994
14016
14030
14032
14048
14072
14074
14088
14090
14098
14100
14110
14118
14132
14164
14166
14168
14170
14174
14238
14250
14260
14260
14262
14262
14272
14296
14314
14316
14318
14328
14330
14346
14354
14362
14366
14372
14382
14384
14400
14402
14422
14434
14442
14464
14466
14472
14484
14496
14502
14514
14518
14524
14568
14584
14586
14588
14610
14660
14662
14674
14674
14682
14696
14708
14722
14722
14748
14750
14758
14762
14772
14774
14778
14786
14790
14790
14792
14792
14796
14800
14806
14808
14812
14814
14816
14820
14824
14828
14834
14842
14842
14864
14864
14880
14884
14884
14898
14904
14906
14910
14918
14936
14946
14956
14956
14960
14968
14968
14974
14982
14986
14986
14990
15006
15018
15020
15044
15046
15048
15054
15056
15068
15070
15070
15072
15074
15076
15078
15078
15080
15086
15092
15094
15096
15104
15118
15122
15124
15128
15130
15132
15132
15134
15146
15150
15154
15156
15170
15176
15176
15178
15178
15186
15194
15198
15198
15204
15216
15240
15244
15258
15280
15298
15300
15304
15310
15316
15330
15334
15340
15348
15354
15354
15368
15374
15380
15380
15382
15384
15398
15406
15420
15422
15424
15434
15440
15442
15446
15446
15466
15500
15500
15528
15534
15550
15560
15580
15600
15604
15620
15634
15638
15640
15646
15646
15658
15666
15668
15726
15730
15764
15790
15792
15812
15854
15870
15880
15904
15926
15998
16012
16022
16118
16128
16146
16166
16178
16208
16254
16792
17306
17800
17888
19158
19450
19598
19940
20094
20268
21314
21768
21798
22622
22784
23184
23426
23884
24404
24550
24554
24554
24596
24604
24626
24660
24816
24918
25032
25034
25130
25222
25234
25598
25956
26362
26780
27068
27666
29750
31102
31168
31760
32546
35044
35638
36014
39310
42390
42432
45066
49812
375088
10974868
