Latencies
5140
5142
5166
5170
5186
5196
5202
5204
5208
5214
5218
5218
5222
5224
5228
5228
5230
5236
5236
5240
5240
5240
5246
5248
5252
5256
5264
5266
5274
5274
5280
5284
5284
5288
5294
5296
5298
5300
5302
5304
5304
5304
5304
5306
5310
5312
5314
5314
5316
5318
5320
5322
5322
5324
5326
5328
5328
5330
5330
5330
5330
5332
5334
5336
5338
5338
5338
5338
5338
5340
5342
5342
5342
5344
5344
5344
5344
5348
5348
5350
5350
5350
5350
5352
5352
5352
5354
5354
5354
5354
5356
5356
5358
5358
5358
5358
5358
5358
5358
5360
5362
5364
5364
5364
5364
5364
5366
5366
5366
5366
5366
5368
5368
5370
5370
5370
5370
5370
5370
5372
5372
5372
5372
5372
5374
5374
5374
5374
5376
5376
5378
5378
5378
5378
5380
5380
5380
5382
5382
5382
5382
5382
5382
5382
5384
5384
5384
5384
5384
5384
5384
5384
5386
5386
5386
5386
5388
5390
5390
5390
5390
5392
5392
5392
5394
5394
5396
5396
5396
5396
5396
5396
5396
5398
5398
5400
5400
5400
5402
5402
5402
5402
5404
5404
5404
5404
5404
5406
5406
5406
5406
5408
5408
5410
5410
5410
5410
5410
5410
5412
5412
5414
5414
5414
5414
5416
5416
5416
5416
5416
5418
5418
5418
5418
5418
5418
5420
5420
5420
5420
5420
5420
5422
5422
5422
5424
5424
5424
5424
5426
5426
5428
5430
5430
5430
5430
5432
5432
5434
5434
5434
5436
5436
5438
5438
5438
5438
5440
5440
5442
5442
5442
5442
5442
5444
5444
5444
5444
5446
5448
5448
5448
5448
5448
5450
5450
5450
5450
5450
5452
5452
5452
5452
5454
5454
5454
5456
5456
5458
5458
5458
5460
5460
5460
5460
5462
5462
5462
5464
5464
5464
5464
5466
5468
5468
5468
5468
5468
5470
5472
5472
5472
5474
5474
5474
5474
5476
5478
5480
5480
5482
5482
5482
5482
5484
5484
5484
5484
5486
5486
5488
5488
5490
5492
5492
5492
5492
5494
5494
5494
5494
5494
5494
5496
5496
5496
5498
5500
5500
5500
5502
5504
5504
5506
5506
5506
5506
5508
5508
5508
5510
5510
5510
5512
5512
5512
5514
5514
5514
5516
5516
5518
5520
5522
5522
5524
5526
5526
5528
5528
5528
5530
5532
5532
5532
5532
5532
5534
5534
5534
5536
5538
5538
5540
5540
5540
5540
5542
5542
5542
5544
5546
5546
5546
5546
5546
5548
5548
5548
5548
5550
5550
5554
5554
5554
5556
5558
5558
5558
5558
5560
5560
5562
5562
5562
5564
5564
5564
5564
5564
5564
5566
5568
5568
5570
5570
5570
5572
5572
5572
5572
5574
5574
5574
5574
5574
5574
5574
5576
5580
5580
5580
5582
5582
5582
5584
5584
5586
5586
5588
5588
5588
5590
5590
5592
5592
5592
5594
5594
5594
5594
5596
5596
5598
5598
5598
5600
5600
5600
5600
5602
5602
5604
5604
5604
5606
5608
5608
5610
5610
5612
5612
5612
5614
5614
5616
5616
5618
5620
5620
5620
5622
5624
5626
5626
5628
5630
5630
5632
5634
5634
5634
5636
5636
5638
5638
5642
5642
5644
5646
5646
5648
5648
5650
5652
5652
5654
5654
5654
5658
5662
5664
5664
5664
5664
5664
5664
5666
5666
5668
5668
5668
5670
5674
5674
5676
5678
5678
5680
5680
5680
5682
5682
5684
5688
5690
5694
5698
5702
5708
5708
5712
5716
5718
5724
5726
5728
5728
5730
5734
5734
5734
5740
5742
5742
5744
5744
5746
5748
5748
5748
5750
5756
5756
5758
5760
5762
5762
5762
5762
5766
5766
5766
5766
5772
5772
5774
5774
5774
5774
5780
5780
5780
5782
5782
5782
5786
5786
5786
5786
5788
5790
5792
5794
5794
5794
5794
5794
5796
5798
5802
5804
5806
5808
5812
5816
5816
5820
5824
5826
5826
5832
5834
5836
5840
5840
5840
5842
5846
5846
5846
5848
5848
5848
5850
5850
5850
5852
5854
5854
5858
5858
5858
5858
5860
5862
5866
5870
5872
5872
5874
5874
5876
5876
5878
5882
5882
5888
5892
5894
5896
5898
5898
5898
5900
5906
5910
5910
5912
5912
5914
5914
5916
5916
5918
5918
5920
5920
5922
5924
5926
5928
5932
5934
5938
5940
5940
5942
5948
5948
5948
5950
5956
5956
5960
5962
5962
5964
5966
5968
5970
5970
5972
5974
5978
5978
5978
5978
5978
5980
5980
5982
5986
5988
5990
5992
6002
6002
6008
6008
6010
6010
6010
6010
6014
6014
6016
6018
6018
6020
6020
6020
6022
6022
6022
6022
6024
6024
6024
6028
6030
6032
6034
6036
6040
6040
6042
6042
6044
6044
6048
6052
6060
6062
6064
6064
6066
6068
6078
6078
6078
6080
6080
6082
6084
6088
6092
6094
6096
6098
6102
6104
6106
6108
6114
6114
6114
6114
6116
6120
6124
6130
6134
6142
6142
6146
6146
6148
6150
6152
6156
6158
6164
6174
6178
6190
6194
6200
6206
6206
6212
6216
6216
6224
6232
6236
6240
6244
6248
6252
6252
6254
6258
6260
6260
6264
6272
6284
6288
6292
6300
6300
6310
6312
6314
6320
6324
6324
6328
6328
6330
6332
6336
6340
6348
6358
6362
6368
6368
6370
6374
6388
6392
6392
6396
6396
6400
6418
6436
6438
6442
6442
6448
6450
6454
6454
6456
6458
6464
6472
6476
6478
6532
6536
6536
6544
6550
6550
6554
6554
6564
6568
6596
6598
6600
6616
6636
6660
6666
6666
6702
6716
6716
6718
6758
6764
6772
6790
6852
6860
6880
6886
6900
6910
6978
7002
7002
7046
7050
7100
7166
7186
7250
7264
7370
7414
7416
7440
7588
7854
7990
8072
8096
8448
8692
8700
8708
8762
8968
9056
9178
9610
9774
9928
10376
10806
10880
10900
11214
11334
11464
11474
11636
11718
12262
12710
12848
13048
13150
13206
14234
14374
15366
15704
15786
16058
16068
16594
16602
16800
17612
17750
17882
18012
18030
18180
18514
19066
19492
19944
20272
20758
20796
21276
21678
22458
22998
23330
23364
23390
23466
23530
24190
24384
24428
25024
25408
26638
27272
27304
27468
27524
27712
27904
28304
28870
29314
29586
31804
34260
34320
34728
35608
35702
36474
36764
37188
38628
41658
41776
