Latencies
5134
5196
5196
5214
5222
5224
5224
5236
5250
5258
5258
5260
5264
5264
5268
5272
5272
5272
5272
5274
5280
5280
5280
5280
5280
5282
5282
5284
5284
5286
5286
5288
5288
5290
5292
5294
5296
5296
5298
5298
5300
5300
5300
5300
5300
5300
5300
5304
5304
5304
5304
5308
5308
5308
5310
5310
5310
5310
5310
5310
5312
5314
5314
5314
5314
5314
5316
5316
5316
5316
5318
5318
5318
5318
5320
5320
5320
5322
5322
5322
5324
5324
5324
5324
5326
5326
5328
5328
5328
5328
5328
5330
5332
5332
5332
5332
5332
5336
5336
5336
5336
5336
5338
5338
5338
5340
5340
5340
5340
5340
5342
5342
5342
5342
5342
5344
5344
5344
5344
5346
5346
5348
5348
5348
5348
5348
5352
5352
5352
5354
5354
5354
5356
5356
5356
5358
5358
5358
5358
5358
5358
5358
5364
5364
5364
5364
5364
5364
5366
5366
5366
5368
5368
5368
5368
5372
5372
5372
5372
5372
5372
5374
5376
5376
5376
5376
5376
5376
5378
5378
5378
5378
5378
5378
5378
5382
5382
5382
5384
5386
5386
5388
5388
5388
5390
5390
5390
5390
5390
5392
5392
5392
5394
5394
5396
5396
5396
5398
5398
5398
5398
5398
5400
5400
5400
5400
5400
5402
5402
5402
5402
5402
5404
5404
5404
5404
5404
5404
5404
5404
5406
5406
5406
5406
5408
5408
5408
5408
5410
5410
5410
5410
5412
5412
5412
5414
5416
5416
5416
5416
5416
5420
5420
5420
5422
5422
5422
5424
5426
5426
5426
5428
5428
5428
5428
5428
5430
5430
5432
5432
5434
5434
5436
5436
5438
5438
5438
5440
5442
5442
5442
5442
5444
5444
5444
5444
5444
5446
5446
5446
5446
5448
5448
5452
5452
5452
5452
5454
5458
5458
5460
5460
5460
5462
5462
5462
5462
5462
5462
5464
5466
5466
5466
5466
5466
5466
5466
5468
5470
5470
5472
5472
5472
5472
5472
5474
5474
5474
5476
5476
5476
5476
5476
5478
5478
5480
5480
5480
5482
5482
5484
5484
5488
5488
5488
5490
5490
5490
5492
5492
5492
5492
5492
5494
5494
5496
5496
5496
5498
5500
5500
5502
5502
5502
5502
5504
5506
5506
5508
5508
5508
5510
5510
5512
5512
5514
5516
5516
5516
5516
5518
5518
5518
5518
5520
5520
5520
5520
5520
5522
5524
5526
5526
5526
5526
5526
5528
5528
5530
5530
5532
5532
5534
5534
5538
5538
5538
5540
5540
5540
5540
5540
5540
5540
5540
5540
5542
5544
5544
5544
5544
5544
5546
5546
5546
5548
5548
5548
5550
5550
5552
5554
5556
5560
5560
5560
5560
5564
5564
5566
5568
5568
5572
5572
5572
5574
5574
5576
5576
5576
5578
5578
5578
5578
5580
5580
5582
5584
5584
5586
5588
5592
5592
5594
5594
5594
5596
5596
5598
5600
5602
5606
5606
5606
5606
5606
5606
5608
5612
5614
5616
5618
5618
5618
5620
5620
5622
5622
5624
5626
5626
5626
5628
5630
5642
5642
5642
5644
5644
5646
5648
5648
5650
5650
5652
5652
5654
5654
5658
5658
5660
5660
5662
5662
5672
5674
5674
5676
5676
5678
5678
5680
5680
5680
5682
5682
5682
5682
5684
5684
5684
5686
5690
5692
5692
5692
5692
5694
5696
5698
5700
5702
5704
5704
5704
5714
5714
5716
5718
5718
5718
5722
5722
5724
5726
5728
5730
5734
5734
5736
5738
5742
5744
5746
5746
5746
5746
5746
5746
5748
5748
5748
5750
5750
5750
5750
5752
5752
5754
5760
5762
5764
5764
5764
5770
5772
5772
5772
5774
5774
5774
5774
5776
5782
5794
5794
5794
5796
5796
5796
5796
5796
5798
5798
5798
5800
5800
5802
5804
5806
5808
5810
5814
5814
5816
5816
5816
5818
5818
5818
5818
5820
5820
5822
5822
5824
5824
5824
5824
5828
5830
5830
5832
5834
5834
5834
5840
5840
5842
5844
5844
5850
5850
5850
5850
5852
5854
5856
5856
5856
5858
5858
5860
5860
5862
5864
5864
5866
5868
5870
5872
5872
5872
5878
5878
5880
5882
5882
5884
5890
5892
5892
5892
5894
5894
5898
5898
5902
5906
5906
5908
5910
5912
5912
5914
5914
5914
5918
5918
5920
5920
5924
5928
5928
5928
5928
5930
5930
5930
5930
5932
5934
5934
5936
5936
5936
5938
5940
5942
5944
5944
5946
5946
5946
5952
5952
5954
5954
5956
5958
5960
5960
5962
5974
5976
5978
5978
5978
5978
5978
5980
5980
5980
5982
5982
5984
5988
5990
5992
5994
5996
5996
6000
6000
6004
6006
6008
6008
6010
6012
6014
6020
6022
6022
6026
6032
6036
6036
6038
6038
6038
6040
6040
6044
6044
6044
6044
6048
6048
6050
6050
6050
6052
6052
6054
6064
6064
6066
6068
6068
6070
6070
6076
6088
6088
6090
6090
6092
6092
6100
6106
6108
6112
6116
6120
6124
6124
6124
6126
6134
6134
6138
6140
6140
6144
6144
6148
6150
6152
6162
6172
6174
6176
6178
6178
6180
6182
6184
6184
6194
6194
6208
6210
6216
6218
6218
6220
6220
6222
6222
6228
6232
6238
6240
6240
6248
6250
6256
6260
6260
6268
6270
6272
6276
6280
6282
6282
6290
6290
6292
6304
6304
6310
6312
6314
6318
6320
6344
6352
6352
6370
6370
6370
6372
6388
6390
6406
6436
6438
6444
6448
6458
6462
6476
6504
6506
6512
6516
6524
6546
6552
6568
6568
6570
6592
6630
6644
6646
6676
6698
6752
6802
6812
6816
6820
6834
6834
6834
6850
6896
6922
6936
6996
7086
7094
7124
7162
7212
7450
7596
7670
7688
7712
7754
7918
8076
8544
8934
9304
9380
9400
9882
10368
10534
10892
11008
11102
11118
11716
12544
12808
12960
13426
13426
13610
14082
14208
14410
14472
14484
14554
14910
15754
16264
16952
17266
18780
18880
22520
23020
24410
28116
29180
29922
33730
34034
41440
42830
