Latencies
5142
5152
5166
5176
5182
5190
5200
5202
5202
5210
5210
5216
5216
5218
5222
5230
5230
5234
5236
5238
5238
5240
5242
5244
5244
5244
5250
5252
5258
5260
5262
5264
5264
5266
5268
5268
5272
5272
5272
5274
5278
5278
5278
5280
5280
5280
5280
5282
5284
5284
5290
5290
5290
5292
5292
5292
5294
5296
5296
5300
5300
5302
5302
5302
5302
5304
5304
5304
5304
5306
5306
5306
5308
5310
5312
5312
5314
5314
5316
5318
5318
5318
5318
5320
5320
5320
5320
5320
5320
5320
5322
5322
5324
5324
5326
5326
5326
5326
5326
5326
5328
5328
5328
5330
5330
5330
5330
5330
5332
5332
5332
5332
5334
5334
5334
5334
5334
5334
5334
5336
5336
5336
5338
5338
5338
5340
5340
5340
5340
5340
5340
5340
5342
5342
5342
5342
5342
5342
5342
5342
5342
5344
5344
5346
5346
5348
5348
5348
5348
5350
5350
5350
5350
5350
5350
5350
5352
5354
5354
5354
5356
5356
5356
5356
5358
5360
5360
5360
5360
5360
5360
5362
5362
5362
5364
5364
5364
5364
5364
5364
5366
5366
5366
5366
5368
5368
5368
5368
5368
5368
5368
5370
5370
5370
5370
5370
5370
5370
5370
5372
5372
5372
5372
5372
5372
5374
5374
5374
5374
5376
5376
5376
5376
5378
5378
5378
5378
5378
5380
5380
5380
5380
5380
5380
5382
5382
5382
5382
5382
5384
5384
5384
5384
5384
5384
5384
5384
5386
5386
5386
5386
5388
5388
5388
5388
5388
5388
5390
5390
5390
5392
5392
5392
5392
5392
5392
5394
5394
5394
5394
5394
5396
5396
5396
5396
5396
5398
5398
5400
5400
5400
5400
5400
5402
5402
5404
5404
5404
5404
5404
5404
5404
5404
5404
5406
5406
5408
5408
5408
5410
5410
5410
5412
5414
5414
5414
5414
5414
5414
5414
5414
5414
5416
5416
5418
5418
5420
5422
5422
5422
5422
5422
5424
5424
5424
5424
5426
5426
5428
5428
5428
5428
5428
5428
5430
5430
5430
5432
5434
5434
5434
5434
5434
5434
5436
5436
5438
5438
5440
5442
5442
5442
5442
5442
5442
5442
5444
5444
5444
5446
5446
5448
5448
5448
5448
5448
5448
5448
5450
5450
5450
5450
5452
5452
5456
5456
5456
5456
5456
5456
5458
5458
5458
5460
5460
5460
5464
5464
5464
5464
5464
5466
5466
5468
5468
5468
5468
5468
5468
5470
5470
5470
5474
5474
5474
5474
5476
5476
5478
5478
5478
5478
5480
5480
5482
5482
5484
5484
5486
5488
5488
5490
5492
5492
5494
5494
5494
5496
5500
5500
5502
5502
5502
5504
5504
5504
5504
5506
5506
5508
5508
5508
5508
5508
5510
5512
5512
5512
5512
5512
5512
5512
5514
5516
5516
5518
5518
5518
5520
5520
5520
5520
5524
5524
5524
5526
5526
5526
5526
5528
5528
5530
5532
5532
5534
5536
5538
5542
5542
5542
5544
5544
5546
5548
5548
5550
5550
5552
5554
5554
5554
5556
5556
5556
5556
5560
5562
5562
5562
5562
5566
5566
5566
5566
5566
5568
5570
5572
5572
5574
5580
5580
5580
5582
5584
5584
5588
5588
5590
5590
5592
5592
5598
5598
5598
5600
5600
5602
5604
5606
5606
5608
5608
5612
5612
5614
5614
5614
5620
5620
5624
5624
5624
5626
5626
5626
5628
5628
5628
5628
5630
5632
5632
5634
5636
5636
5638
5638
5644
5648
5648
5650
5650
5652
5652
5652
5652
5654
5654
5656
5658
5662
5662
5664
5664
5664
5666
5668
5670
5672
5672
5674
5674
5678
5680
5682
5682
5682
5684
5684
5686
5688
5690
5690
5692
5692
5694
5696
5698
5700
5700
5700
5700
5700
5700
5702
5704
5706
5710
5714
5718
5718
5718
5718
5720
5722
5722
5722
5724
5724
5728
5730
5730
5734
5738
5740
5746
5746
5748
5748
5748
5754
5754
5758
5758
5760
5764
5764
5770
5774
5774
5774
5778
5784
5784
5784
5786
5788
5788
5788
5790
5794
5796
5796
5796
5798
5800
5800
5800
5802
5804
5804
5806
5812
5812
5814
5818
5824
5826
5826
5826
5830
5832
5832
5834
5834
5836
5836
5840
5840
5840
5840
5842
5842
5842
5846
5848
5848
5852
5852
5856
5862
5866
5868
5868
5870
5872
5876
5876
5880
5880
5880
5882
5886
5886
5888
5890
5894
5898
5900
5900
5902
5904
5906
5908
5910
5914
5918
5922
5922
5926
5928
5930
5930
5932
5936
5938
5938
5940
5942
5946
5948
5950
5952
5958
5964
5964
5966
5970
5970
5970
5972
5978
5980
5980
5984
5988
5990
5990
5992
5992
5994
5996
5998
5998
6000
6002
6002
6008
6008
6010
6014
6016
6016
6022
6024
6032
6032
6038
6048
6050
6052
6062
6066
6072
6072
6076
6076
6078
6078
6080
6082
6084
6084
6086
6098
6102
6102
6108
6112
6116
6118
6118
6124
6126
6130
6130
6132
6134
6134
6140
6144
6146
6150
6152
6154
6154
6162
6162
6162
6166
6168
6168
6168
6172
6176
6186
6190
6196
6202
6206
6208
6208
6210
6210
6214
6228
6230
6246
6254
6264
6266
6266
6270
6272
6272
6296
6298
6302
6302
6304
6310
6316
6326
6336
6338
6340
6342
6342
6360
6362
6366
6372
6388
6388
6396
6396
6406
6414
6422
6426
6426
6432
6456
6458
6458
6476
6476
6496
6510
6518
6520
6538
6544
6564
6568
6578
6582
6584
6596
6606
6612
6632
6632
6658
6670
6682
6694
6710
6712
6726
6732
6738
6742
6744
6782
6804
6818
6892
6962
6964
6994
7036
7038
7072
7132
7262
7566
7616
7888
7934
7956
8000
8308
8354
8366
8620
9046
9196
9208
9244
9302
9746
9890
9976
10030
10040
10604
10682
10694
10834
11306
11636
11644
12100
12146
12392
12548
12630
12772
14102
14762
14834
14914
15108
15336
15550
17368
18282
18316
20488
20646
20726
21194
22164
22908
23112
23150
23448
23562
23600
24106
24388
25774
27474
27484
28592
29802
30104
30110
31038
31564
31672
31728
32452
32714
33996
34332
34958
35088
35492
35618
36800
41930
47950
51204
52856
102844
