Latencies
5642
5758
5826
5834
5868
5948
6030
6050
6112
6128
6150
6164
6190
6292
6342
6398
6412
6434
6688
6760
6790
6846
6936
6938
6960
6984
7030
7086
7102
7264
7292
7306
7342
7384
7556
7566
7664
7698
7704
7704
7768
7806
7864
7910
7944
8014
8038
8098
8266
8370
8386
8432
8448
8450
8474
8492
8508
8570
8576
8578
8598
8692
8716
8790
8838
8844
8906
8924
9056
9078
9084
9084
9088
9146
9150
9174
9176
9186
9232
9340
9526
9586
9650
9728
9730
9770
9774
9812
9866
10038
10058
10092
10122
10198
10288
10330
10558
10562
10640
10652
10722
10752
10758
10762
10770
10798
10804
10898
10902
10940
10998
11032
11158
11176
11330
11332
11340
11386
11464
11468
11500
11530
11536
11540
11542
11548
11568
11676
11680
11694
11842
11864
11874
11878
12004
12044
12072
12082
12124
12266
12274
12422
12600
12606
12654
12850
12866
12882
12914
12938
12964
13006
13054
13054
13062
13110
13126
13142
13200
13304
13382
13398
13468
13500
13512
13560
13722
13744
13756
13788
13874
13878
13890
13916
13938
13968
14002
14058
14160
14220
14276
14334
14350
14408
14428
14434
14484
14498
14520
14544
14622
14624
14642
14662
14666
14666
14666
14678
14680
14710
14714
14720
14736
14754
14758
14784
14786
14788
14790
14792
14838
14844
14854
14860
14870
14878
14886
14908
14918
14918
15026
15056
15060
15062
15066
15080
15114
15132
15140
15142
15146
15162
15174
15182
15194
15198
15202
15210
15216
15216
15256
15284
15316
15322
15340
15348
15358
15372
15388
15396
15436
15448
15472
15484
15486
15520
15536
15572
15580
15604
15606
15634
15642
15662
15672
15674
15680
15706
15716
15732
15760
15782
15800
15820
15820
15822
15842
15890
15906
15908
15916
15926
15966
16056
16058
16062
16074
16100
16118
16222
16244
16246
16252
16286
16310
16326
16332
16382
16402
16424
16430
16436
16490
16514
16568
16570
16608
16662
16712
16724
16734
16772
16898
16900
16940
16996
17024
17050
17066
17098
17106
17196
17208
17268
17274
17348
17356
17464
17502
17538
17754
17818
17876
17884
18026
18096
18114
18124
18132
18176
18184
18222
18326
18380
18400
18452
18494
18536
18580
18616
18648
18668
18680
18698
18706
18760
18830
18910
19016
19052
19072
19080
19100
19130
19158
19160
19168
19200
19202
19222
19266
19324
19328
19340
19356
19366
19412
19414
19416
19432
19466
19496
19532
19546
19594
19600
19602
19620
19628
19698
19756
19772
19794
19804
19882
19966
20022
20042
20074
20096
20122
20264
20296
20312
20318
20334
20410
20432
20522
20570
20612
20620
20652
20652
20714
20754
20868
20908
20984
20994
21030
21056
21098
21106
21110
21112
21150
21206
21224
21226
21226
21240
21336
21348
21354
21374
21376
21388
21398
21464
21516
21712
21754
21786
21786
21962
22050
22092
22118
22140
22158
22160
22164
22176
22192
22216
22226
22260
22296
22502
22528
22552
22592
22598
22630
22642
22642
22664
22712
22730
22740
22754
22768
22790
22824
22828
22838
22894
22894
22898
22918
23026
23038
23096
23102
23132
23142
23168
23230
23230
23242
23366
23372
23428
23490
23522
23598
23628
23640
23644
23654
23680
23706
23716
23724
23822
23836
23952
23964
23968
23970
24004
24038
24040
24054
24054
24080
24080
24084
24094
24116
24150
24202
24204
24206
24244
24264
24306
24314
24406
24410
24426
24442
24442
24506
24564
24566
24572
24622
24656
24658
24666
24690
24708
24716
24754
24788
24802
24836
24852
24896
24902
24914
24932
24966
24966
24968
24976
24988
25000
25008
25036
25052
25078
25104
25168
25182
25258
25260
25280
25306
25324
25332
25336
25336
25380
25394
25460
25464
25492
25500
25528
25568
25574
25602
25652
25702
25740
25788
25790
25792
25810
25860
25914
25918
25982
26176
26184
26192
26208
26218
26236
26360
26360
26396
26430
26510
26510
26530
26644
26690
26700
26724
26756
26756
26800
26974
26976
26994
27010
27092
27092
27128
27164
27218
27296
27372
27382
27412
27450
27502
27546
27546
27682
27860
27870
27872
27912
27922
27974
28032
28066
28076
28130
28144
28280
28324
28404
28418
28434
28472
28488
28494
28536
28540
28590
28622
28682
28686
28690
28706
28784
28800
28854
28864
28866
28872
28902
28936
28940
28950
28988
28992
29018
29042
29078
29128
29136
29148
29158
29272
29294
29364
29382
29384
29446
29516
29522
29526
29546
29614
29632
29658
29718
29732
29758
29782
29824
29830
29846
29928
29978
30040
30042
30054
30060
30094
30148
30158
30172
30234
30274
30318
30350
30364
30414
30528
30530
30538
30554
30562
30682
30812
30816
30850
30880
30894
30944
30998
31026
31084
31232
31242
31248
31306
31314
31350
31380
31396
31408
31452
31472
31474
31614
31630
31648
31720
31726
31790
31824
31840
31876
31914
31954
32068
32082
32102
32108
32122
32136
32166
32180
32180
32246
32260
32270
32312
32328
32382
32400
32444
32460
32462
32478
32508
32584
32608
32696
32736
32760
32784
32884
32938
32974
33006
33018
33026
33102
33128
33188
33198
33220
33260
33274
33298
33328
33338
33370
33462
33478
33482
33484
33524
33524
33526
33532
33618
33634
33656
33666
33744
33768
33806
33834
33842
33862
33870
33918
33944
33952
33966
33986
34006
34020
34040
34058
34062
34064
34068
34074
34076
34106
34116
34116
34116
34128
34162
34180
34196
34214
34228
34272
34278
34284
34294
34304
34314
34314
34316
34326
34332
34336
34366
34368
34382
34402
34410
34422
34436
34462
34462
34516
34516
34526
34528
34554
34574
34576
34594
34602
34618
34630
34640
34662
34670
34680
34682
34692
34704
34720
34734
34748
34780
34806
34808
34820
34824
34824
34832
34860
34862
34866
34870
34882
34884
34934
34936
34946
34958
34958
35022
35054
35078
35104
35126
35138
35160
35186
35204
35218
35228
35274
35282
35296
35302
35340
35434
35466
35638
35660
35668
35726
35962
36016
36042
36240
36558
36572
36724
37164
37408
37426
37824
38138
38496
39476
39554
39596
40854
42156
42244
42374
42530
42676
42958
43050
43264
43338
43526
43566
43944
43948
44216
44272
44610
45524
58706
68232
68410
136236
962752
2387372
2758168
