Latencies
5230
5284
5284
5288
5292
5294
5306
5306
5312
5324
5326
5332
5332
5332
5340
5344
5344
5348
5352
5354
5354
5354
5354
5356
5360
5360
5364
5364
5366
5366
5368
5368
5368
5370
5372
5374
5376
5376
5378
5380
5380
5384
5386
5386
5386
5388
5388
5388
5390
5394
5394
5394
5394
5396
5396
5396
5398
5398
5400
5400
5400
5400
5400
5402
5402
5404
5404
5406
5406
5408
5408
5408
5408
5408
5408
5408
5410
5410
5410
5410
5410
5410
5410
5410
5412
5414
5414
5414
5414
5416
5416
5416
5416
5418
5418
5418
5418
5418
5420
5420
5420
5422
5422
5422
5422
5422
5422
5424
5424
5424
5424
5426
5426
5426
5426
5426
5426
5428
5428
5430
5430
5432
5434
5434
5436
5436
5436
5436
5436
5436
5436
5438
5438
5438
5440
5440
5440
5440
5440
5442
5442
5442
5442
5442
5442
5442
5444
5444
5444
5446
5448
5448
5450
5450
5450
5452
5452
5452
5454
5454
5456
5456
5456
5456
5458
5458
5458
5458
5458
5458
5464
5464
5464
5464
5466
5466
5466
5466
5466
5466
5468
5468
5470
5470
5472
5472
5474
5474
5474
5476
5476
5476
5476
5478
5478
5480
5482
5482
5482
5482
5484
5484
5484
5484
5488
5488
5488
5488
5490
5490
5490
5490
5492
5492
5492
5492
5494
5494
5494
5494
5496
5496
5496
5496
5496
5496
5498
5498
5498
5500
5500
5502
5502
5502
5502
5502
5502
5504
5504
5506
5506
5506
5506
5508
5510
5512
5512
5514
5514
5514
5514
5516
5518
5518
5518
5518
5520
5520
5522
5522
5524
5524
5524
5526
5526
5526
5526
5528
5530
5530
5532
5532
5534
5534
5534
5534
5534
5534
5536
5536
5538
5538
5538
5538
5540
5540
5540
5542
5542
5542
5544
5544
5544
5544
5546
5546
5548
5548
5548
5550
5550
5550
5550
5552
5552
5554
5554
5554
5556
5558
5558
5562
5564
5564
5564
5568
5570
5570
5570
5570
5572
5572
5574
5574
5574
5574
5574
5574
5574
5576
5576
5578
5580
5584
5584
5584
5584
5584
5586
5588
5588
5588
5590
5592
5594
5594
5594
5594
5594
5596
5596
5596
5600
5600
5600
5600
5602
5602
5602
5602
5604
5604
5604
5604
5604
5608
5608
5608
5608
5608
5610
5612
5612
5612
5612
5612
5614
5614
5614
5616
5616
5616
5618
5618
5620
5620
5620
5622
5622
5624
5624
5624
5624
5624
5624
5626
5628
5630
5630
5632
5632
5634
5636
5636
5638
5638
5638
5638
5640
5642
5650
5652
5652
5654
5658
5658
5660
5662
5664
5664
5664
5666
5666
5668
5668
5668
5672
5672
5672
5674
5674
5674
5676
5676
5676
5676
5678
5678
5678
5678
5680
5682
5684
5684
5686
5688
5690
5690
5692
5696
5698
5700
5700
5704
5704
5706
5708
5710
5712
5712
5712
5714
5716
5718
5718
5718
5718
5720
5722
5722
5724
5726
5726
5726
5726
5726
5728
5730
5732
5734
5734
5734
5736
5736
5738
5738
5738
5740
5740
5740
5744
5744
5746
5750
5750
5750
5752
5752
5752
5752
5754
5756
5756
5756
5758
5762
5764
5768
5770
5770
5770
5772
5772
5776
5778
5778
5780
5780
5780
5782
5782
5782
5784
5784
5788
5788
5796
5796
5798
5798
5800
5802
5802
5802
5802
5802
5804
5804
5804
5806
5806
5806
5808
5808
5808
5810
5812
5812
5814
5816
5816
5818
5818
5818
5820
5824
5828
5828
5830
5832
5832
5834
5834
5838
5838
5838
5838
5842
5842
5844
5844
5844
5844
5846
5846
5852
5852
5854
5858
5858
5858
5858
5860
5860
5860
5860
5862
5862
5862
5864
5866
5868
5868
5868
5868
5870
5870
5872
5878
5878
5878
5878
5880
5882
5882
5882
5884
5888
5888
5888
5892
5892
5892
5894
5896
5896
5898
5900
5900
5902
5908
5910
5914
5922
5924
5926
5926
5926
5928
5928
5928
5934
5936
5938
5940
5940
5940
5940
5948
5950
5950
5950
5952
5954
5954
5956
5956
5956
5956
5958
5958
5958
5962
5964
5964
5966
5968
5974
5974
5978
5978
5978
5978
5980
5982
5982
5984
5984
5986
5986
5990
5990
5990
5994
5994
5994
5996
5996
6000
6002
6004
6004
6004
6006
6008
6014
6014
6014
6016
6016
6018
6020
6020
6022
6022
6022
6028
6030
6032
6032
6034
6034
6034
6034
6036
6036
6038
6038
6038
6040
6042
6042
6044
6044
6046
6050
6052
6054
6056
6058
6060
6064
6064
6064
6064
6064
6066
6066
6068
6070
6074
6074
6076
6076
6076
6078
6078
6080
6080
6086
6088
6088
6094
6094
6094
6096
6096
6096
6098
6098
6100
6100
6106
6108
6108
6108
6116
6116
6116
6120
6120
6122
6122
6124
6124
6126
6126
6128
6130
6132
6134
6134
6134
6136
6136
6138
6138
6142
6142
6144
6144
6146
6148
6148
6152
6152
6154
6156
6156
6158
6160
6162
6172
6172
6174
6174
6178
6178
6180
6182
6188
6192
6194
6194
6194
6196
6198
6200
6202
6204
6206
6208
6210
6212
6216
6216
6218
6220
6224
6226
6228
6230
6234
6234
6236
6236
6236
6240
6240
6242
6244
6246
6254
6256
6260
6260
6266
6268
6274
6284
6286
6288
6290
6290
6298
6302
6308
6310
6310
6316
6318
6326
6328
6334
6338
6344
6346
6346
6346
6346
6346
6348
6350
6364
6364
6366
6368
6376
6376
6378
6398
6420
6426
6450
6456
6458
6462
6480
6486
6506
6512
6524
6530
6536
6538
6564
6576
6582
6584
6584
6586
6588
6606
6606
6614
6630
6636
6640
6646
6654
6662
6688
6698
6716
6716
6726
6746
6746
6794
6806
6826
6848
6848
6880
6884
6904
6924
6936
6974
6992
7006
7068
7084
7100
7104
7130
7138
7148
7186
7220
7274
7296
7314
7320
7368
7382
7418
7452
7462
7528
7528
7560
7586
7588
7668
7688
7778
7870
8102
8230
8556
9192
9470
9504
9738
9860
10276
11076
11124
11764
11938
12374
12396
12818
12942
13100
13216
13260
14366
14776
15058
15128
15816
15998
24758
53756
56638
61354
