Latencies
5276
5276
5280
5280
5296
5300
5304
5320
5322
5328
5330
5332
5334
5334
5336
5338
5338
5340
5340
5340
5342
5344
5344
5346
5346
5346
5348
5350
5350
5350
5354
5354
5356
5358
5358
5358
5358
5358
5360
5362
5364
5366
5370
5370
5372
5374
5374
5374
5376
5376
5376
5378
5378
5380
5382
5384
5384
5384
5386
5388
5388
5388
5390
5390
5396
5396
5396
5398
5398
5400
5400
5400
5400
5400
5402
5402
5404
5406
5406
5406
5408
5408
5408
5410
5410
5410
5410
5412
5412
5416
5416
5418
5418
5418
5418
5420
5422
5424
5424
5424
5426
5426
5428
5428
5428
5428
5428
5430
5430
5430
5430
5432
5432
5432
5432
5432
5434
5434
5434
5434
5434
5434
5438
5438
5438
5438
5438
5440
5440
5442
5442
5442
5442
5444
5444
5446
5446
5446
5450
5450
5450
5452
5452
5452
5452
5452
5452
5454
5454
5454
5454
5454
5456
5456
5456
5456
5456
5456
5456
5458
5458
5458
5460
5462
5462
5462
5462
5462
5462
5462
5462
5462
5462
5464
5464
5464
5464
5466
5466
5466
5466
5468
5468
5470
5478
5478
5480
5480
5480
5480
5482
5482
5484
5484
5484
5484
5484
5484
5484
5486
5486
5486
5486
5486
5486
5490
5492
5492
5492
5492
5492
5494
5494
5494
5496
5498
5498
5500
5502
5502
5502
5502
5504
5504
5504
5506
5506
5506
5508
5508
5508
5508
5508
5508
5508
5508
5510
5512
5512
5512
5512
5512
5512
5514
5514
5516
5516
5516
5516
5516
5518
5518
5520
5520
5520
5520
5522
5522
5522
5524
5524
5524
5524
5526
5526
5526
5526
5528
5528
5528
5530
5530
5532
5532
5532
5532
5532
5534
5534
5534
5534
5534
5534
5536
5536
5538
5540
5540
5540
5542
5542
5542
5542
5544
5544
5546
5546
5546
5548
5548
5550
5550
5550
5550
5550
5552
5552
5554
5554
5554
5554
5554
5554
5556
5556
5558
5558
5562
5562
5564
5564
5566
5566
5566
5566
5566
5572
5574
5574
5574
5576
5580
5580
5582
5584
5586
5586
5588
5590
5592
5592
5594
5594
5594
5596
5596
5598
5598
5598
5598
5600
5600
5602
5606
5606
5608
5608
5610
5610
5610
5612
5612
5612
5614
5614
5614
5616
5616
5616
5616
5616
5616
5620
5620
5620
5622
5622
5622
5622
5624
5624
5624
5624
5624
5626
5626
5626
5626
5628
5628
5630
5632
5634
5636
5638
5640
5640
5640
5642
5644
5644
5644
5646
5648
5648
5650
5650
5652
5654
5654
5656
5658
5658
5660
5660
5662
5666
5666
5668
5668
5670
5670
5674
5674
5676
5676
5676
5678
5678
5680
5680
5680
5680
5682
5682
5682
5684
5684
5684
5686
5686
5686
5688
5688
5688
5694
5700
5704
5706
5708
5708
5708
5710
5710
5712
5712
5712
5712
5712
5716
5716
5716
5720
5722
5722
5724
5724
5726
5728
5728
5734
5734
5736
5738
5738
5744
5746
5746
5746
5748
5750
5750
5750
5754
5754
5756
5758
5758
5760
5760
5760
5760
5760
5762
5764
5764
5768
5768
5770
5770
5772
5772
5774
5774
5774
5776
5776
5778
5780
5780
5782
5784
5786
5786
5786
5786
5790
5790
5790
5790
5792
5792
5792
5792
5792
5796
5796
5798
5798
5802
5804
5804
5806
5806
5808
5808
5810
5814
5816
5816
5818
5818
5820
5822
5824
5824
5826
5830
5830
5832
5832
5834
5834
5836
5836
5836
5836
5838
5838
5838
5842
5842
5846
5848
5850
5850
5850
5850
5852
5854
5856
5856
5858
5858
5862
5862
5868
5868
5868
5874
5874
5874
5876
5876
5876
5880
5882
5884
5888
5888
5890
5892
5892
5896
5896
5896
5896
5896
5900
5902
5902
5902
5902
5902
5904
5906
5906
5910
5912
5916
5916
5916
5920
5920
5920
5924
5926
5926
5926
5928
5928
5930
5932
5934
5934
5934
5934
5936
5938
5938
5940
5940
5940
5940
5942
5942
5944
5944
5944
5946
5946
5948
5948
5950
5950
5950
5954
5960
5960
5960
5962
5962
5962
5966
5968
5970
5970
5972
5972
5972
5974
5976
5976
5976
5978
5980
5980
5980
5982
5982
5982
5984
5986
5988
5990
5990
5992
5994
5994
5998
5998
5998
6000
6000
6002
6002
6004
6004
6006
6006
6006
6008
6012
6014
6018
6018
6020
6022
6022
6024
6024
6028
6030
6032
6032
6036
6036
6042
6042
6042
6044
6044
6046
6046
6048
6050
6052
6054
6056
6058
6058
6058
6060
6060
6060
6062
6062
6066
6068
6074
6074
6076
6076
6078
6078
6080
6082
6084
6086
6086
6088
6088
6090
6092
6092
6096
6096
6096
6096
6100
6102
6104
6106
6106
6108
6110
6114
6114
6116
6116
6118
6120
6120
6122
6124
6126
6126
6128
6128
6130
6132
6136
6136
6138
6140
6140
6140
6142
6142
6142
6144
6146
6148
6148
6152
6158
6158
6158
6158
6160
6160
6164
6164
6166
6168
6168
6174
6174
6176
6178
6180
6184
6186
6190
6196
6198
6198
6210
6212
6214
6216
6220
6226
6228
6228
6236
6238
6244
6248
6252
6258
6262
6266
6274
6274
6276
6284
6288
6292
6300
6302
6302
6306
6314
6316
6318
6320
6320
6324
6324
6328
6330
6338
6340
6342
6346
6348
6350
6354
6364
6364
6366
6370
6372
6374
6376
6376
6378
6392
6392
6394
6396
6398
6436
6442
6446
6452
6458
6466
6472
6476
6476
6478
6482
6488
6496
6508
6512
6534
6550
6558
6568
6572
6572
6596
6608
6634
6634
6640
6642
6644
6658
6660
6668
6680
6684
6722
6732
6744
6744
6752
6762
6774
6774
6780
6862
6888
6894
6898
6908
6912
6920
6928
6932
6964
7002
7010
7018
7032
7048
7072
7076
7102
7122
7124
7138
7172
7242
7274
7296
7318
7334
7438
7500
7602
7616
7650
7662
7662
7670
7816
7870
7886
7940
7976
8038
8460
8608
8958
9074
9846
9862
12014
12350
12472
12678
13332
13880
13906
14176
14334
14496
14558
14598
14638
15792
18230
19380
20076
21352
31474
2005734
6341870
