Latencies
5240
5250
5286
5316
5334
5352
5374
5388
5390
5404
5422
5428
5448
5460
5488
5492
5494
5542
5562
5566
5568
5580
5584
5614
5640
5650
5674
5682
5698
5732
5732
5742
5752
5772
5780
5784
5788
5788
5800
5806
5818
5878
5882
5884
5886
5894
5898
5904
5906
5926
5936
5944
5978
6000
6006
6006
6012
6016
6016
6032
6036
6044
6066
6074
6084
6088
6106
6108
6108
6124
6138
6142
6170
6178
6190
6222
6246
6258
6270
6308
6310
6322
6350
6412
6442
6450
6462
6484
6496
6522
6532
6568
6568
6574
6576
6584
6612
6630
6652
6652
6652
6686
6702
6726
6794
6870
6872
6994
6996
7012
7014
7022
7036
7060
7122
7258
7264
7364
7404
7426
7426
7436
7446
7522
7542
7556
7574
7626
7636
7682
7706
7720
7736
7746
7766
7780
7790
7794
7842
7860
7862
7872
7884
7904
7924
7962
7966
7972
7998
8010
8020
8024
8070
8084
8114
8172
8176
8228
8292
8296
8368
8384
8404
8422
8444
8450
8546
8566
8578
8592
8606
8634
8672
8754
8770
8784
8826
8878
8926
8940
9002
9052
9062
9062
9072
9112
9170
9172
9186
9188
9222
9262
9280
9308
9316
9332
9362
9376
9428
9440
9496
9498
9502
9514
9542
9572
9576
9594
9616
9634
9646
9662
9664
9672
9700
9760
9796
9812
9830
9936
9960
9994
10024
10028
10042
10050
10096
10098
10160
10178
10200
10222
10276
10278
10310
10312
10326
10354
10362
10450
10516
10542
10566
10580
10590
10602
10604
10706
10728
10736
10798
10824
10828
10838
10854
10888
10892
10952
10972
10984
10998
11014
11092
11100
11126
11142
11146
11156
11184
11244
11272
11310
11374
11388
11446
11446
11456
11456
11476
11522
11576
11646
11646
11684
11684
11696
11704
11754
11768
11862
11870
11876
11946
11950
11954
11986
12014
12034
12076
12160
12180
12202
12208
12236
12242
12264
12290
12318
12400
12442
12444
12488
12492
12520
12532
12552
12558
12566
12574
12600
12620
12620
12624
12628
12658
12674
12686
12710
12714
12730
12762
12768
12806
12846
12848
12864
12874
12876
12882
12900
12906
12928
12954
12972
12996
13052
13102
13116
13128
13136
13148
13176
13180
13222
13226
13242
13288
13304
13324
13348
13352
13366
13372
13380
13380
13398
13452
13472
13496
13500
13568
13590
13590
13598
13648
13652
13656
13728
13756
13790
13792
13818
13828
13876
13882
13888
13958
13978
14006
14120
14134
14144
14148
14148
14170
14182
14206
14212
14212
14232
14324
14334
14336
14354
14356
14380
14386
14386
14392
14396
14412
14424
14436
14442
14452
14466
14476
14494
14494
14502
14504
14526
14532
14534
14534
14540
14546
14552
14580
14590
14608
14614
14622
14668
14676
14692
14694
14712
14718
14730
14732
14732
14732
14736
14736
14746
14748
14750
14754
14756
14758
14778
14808
14816
14822
14832
14854
14876
14894
14896
14900
14908
14908
14910
14918
14932
14938
14938
14958
14962
14962
14968
14972
14974
14974
14976
14978
14990
14998
15002
15008
15014
15018
15024
15032
15036
15040
15042
15046
15050
15052
15054
15072
15074
15076
15080
15094
15100
15118
15124
15126
15152
15162
15172
15178
15192
15192
15202
15202
15216
15224
15234
15236
15248
15252
15252
15268
15268
15270
15270
15274
15296
15300
15310
15318
15324
15328
15344
15352
15352
15366
15368
15382
15386
15390
15392
15394
15412
15412
15414
15426
15428
15430
15430
15436
15448
15458
15462
15464
15472
15478
15490
15508
15542
15550
15578
15594
15614
15654
15690
15696
15704
15728
15732
15756
15766
15784
15810
15834
15890
15938
16102
16152
16178
16204
16242
16298
16416
16420
16470
16528
16572
16694
16730
16738
16748
16756
16830
16866
16926
17060
17278
17380
17444
17500
17504
17584
17630
17804
17814
17896
17942
18026
18050
18052
18116
18120
18138
18148
18214
18220
18436
18542
18814
18818
18840
18940
19000
19132
19140
19158
19202
19454
19456
19532
19540
19542
19660
19692
19700
19736
19882
19892
19976
20006
20242
20310
20356
20512
20752
20766
20910
21110
21142
21216
21222
21230
21292
21416
21426
21470
21644
21722
21742
21814
21996
22140
22248
22394
22484
22684
22722
22878
22920
22936
22956
22956
23048
23128
23156
23222
23350
23512
23652
23688
23770
23902
23914
23986
24120
24144
24216
24248
24298
24348
24354
24368
24374
24400
24402
24424
24432
24448
24466
24492
24574
24594
24640
24658
24662
24692
24720
24738
24764
24766
24774
24816
24824
24828
24832
24852
24866
24870
24908
24920
24954
24968
25030
25098
25138
25146
25192
25412
25474
25518
25576
25842
25970
26314
26472
26556
26582
26842
26984
27012
27038
27050
27122
27128
27182
27378
27392
27528
27532
27676
27698
27780
27790
28192
28354
28606
28702
28878
28878
28944
29180
29326
29404
29406
29506
29696
29776
29836
30028
30114
30140
30166
30176
30194
30318
30320
30390
30458
30554
30746
30980
31216
31250
31258
31266
31318
31344
31464
31526
31578
31626
31642
31718
32112
32188
32206
32404
32602
32616
32816
32842
32906
33154
33184
33462
33558
33716
33718
33858
33868
33922
33950
33966
33974
34000
34070
34168
34180
34182
34184
34204
34218
34246
34282
34284
34286
34344
34382
34396
34416
34426
34440
34442
34452
34460
34474
34500
34518
34520
34552
34556
34558
34568
34568
34584
34586
34606
34618
34632
34634
34664
34670
34676
34678
34688
34692
34694
34712
34728
34730
34732
34758
34800
34800
34800
34818
34836
34838
34880
34888
34924
34942
34956
34958
34962
34998
35022
35032
35040
35042
35074
35080
35098
35118
35134
35144
35184
35184
35288
35392
35410
35588
35706
35872
36220
36570
39132
39866
41068
42104
43730
44418
47742
49730
54312
54838
55072
61630
1166380
4602346
