Latencies
5246
5254
5262
5262
5264
5272
5272
5278
5290
5298
5298
5300
5304
5306
5306
5308
5312
5314
5316
5316
5316
5322
5326
5328
5334
5336
5338
5338
5338
5340
5342
5344
5344
5346
5348
5348
5348
5352
5352
5354
5358
5358
5360
5362
5366
5368
5368
5370
5370
5370
5374
5376
5382
5386
5386
5386
5390
5392
5392
5394
5396
5400
5402
5410
5410
5410
5412
5412
5414
5414
5416
5416
5418
5418
5422
5430
5432
5432
5434
5442
5442
5446
5446
5448
5448
5448
5458
5460
5462
5464
5470
5474
5478
5480
5486
5490
5492
5496
5498
5500
5502
5510
5518
5520
5522
5522
5522
5544
5548
5550
5554
5556
5562
5564
5566
5570
5574
5580
5580
5582
5582
5584
5588
5590
5594
5600
5600
5616
5618
5638
5644
5652
5658
5664
5676
5686
5686
5690
5704
5708
5716
5730
5734
5738
5746
5750
5754
5770
5770
5772
5786
5798
5800
5802
5808
5810
5830
5832
5832
5842
5842
5846
5850
5858
5858
5876
5876
5880
5884
5890
5892
5892
5892
5898
5902
5912
5916
5916
5924
5930
5936
5938
5942
5946
5950
5968
5974
5976
5978
6006
6010
6026
6028
6030
6032
6032
6038
6042
6046
6054
6056
6062
6066
6074
6088
6108
6114
6118
6126
6130
6130
6138
6142
6142
6158
6180
6182
6184
6196
6206
6210
6218
6222
6246
6268
6272
6276
6280
6282
6294
6296
6298
6298
6320
6330
6332
6356
6360
6362
6378
6394
6396
6400
6402
6422
6442
6450
6452
6494
6494
6496
6522
6526
6566
6568
6598
6616
6632
6640
6678
6682
6686
6704
6708
6710
6738
6746
6750
6750
6750
6768
6770
6774
6774
6776
6796
6806
6810
6838
6898
6898
6936
6944
7006
7018
7022
7044
7056
7068
7072
7072
7076
7096
7106
7128
7136
7162
7172
7210
7230
7246
7268
7276
7276
7282
7298
7300
7318
7342
7348
7362
7374
7374
7388
7396
7404
7404
7428
7436
7466
7466
7468
7492
7502
7554
7578
7630
7630
7678
7694
7706
7728
7736
7750
7758
7784
7802
7804
7850
7854
7880
7892
7898
7934
7990
8002
8006
8036
8046
8066
8084
8102
8102
8176
8178
8190
8190
8210
8256
8266
8276
8306
8320
8332
8360
8364
8376
8412
8416
8468
8552
8556
8582
8588
8608
8612
8664
8680
8690
8726
8728
8728
8730
8740
8776
8782
8806
8882
8884
8936
8944
9006
9012
9032
9060
9064
9088
9136
9206
9216
9226
9234
9262
9300
9318
9318
9326
9340
9352
9352
9356
9376
9380
9440
9450
9476
9516
9552
9560
9568
9590
9646
9650
9704
9720
9734
9778
9806
9808
9826
9842
9846
9850
9854
9880
9884
9890
9944
9946
9966
9974
9976
9978
10014
10018
10066
10072
10080
10086
10112
10158
10160
10168
10200
10210
10214
10252
10260
10278
10296
10316
10336
10354
10396
10446
10450
10474
10538
10560
10588
10606
10634
10654
10678
10702
10762
10762
10796
10802
10814
10818
10844
10846
10862
10906
10922
10932
10938
10994
11030
11068
11076
11106
11150
11150
11156
11158
11192
11210
11220
11232
11268
11308
11310
11320
11358
11366
11432
11454
11482
11508
11520
11542
11582
11584
11618
11672
11676
11718
11772
11830
11836
11842
11896
11928
11958
11998
12000
12010
12026
12036
12038
12044
12050
12052
12066
12076
12086
12094
12116
12120
12146
12150
12166
12214
12218
12244
12294
12318
12354
12358
12384
12456
12460
12460
12480
12484
12484
12496
12518
12522
12548
12550
12588
12620
12628
12630
12652
12654
12664
12666
12678
12688
12694
12706
12708
12710
12710
12746
12770
12782
12796
12826
12830
12834
12844
12854
12874
12882
12890
12902
12924
12946
12948
12992
12996
12998
13012
13016
13068
13080
13114
13118
13146
13152
13156
13178
13218
13248
13272
13276
13284
13344
13362
13400
13408
13416
13430
13438
13440
13470
13510
13548
13550
13558
13576
13588
13612
13636
13642
13650
13660
13674
13696
13706
13708
13726
13754
13780
13794
13800
13808
13812
13812
13816
13820
13822
13824
13848
13872
13894
13914
13920
13920
13926
13942
13970
13994
14032
14032
14038
14042
14044
14054
14056
14076
14092
14100
14124
14152
14160
14168
14188
14190
14216
14232
14240
14240
14242
14252
14264
14280
14282
14284
14300
14306
14312
14312
14318
14320
14334
14336
14358
14362
14366
14376
14410
14412
14414
14414
14414
14430
14432
14434
14460
14468
14492
14492
14494
14494
14510
14514
14528
14536
14538
14540
14542
14548
14550
14552
14558
14560
14566
14580
14600
14606
14620
14636
14658
14666
14670
14672
14674
14674
14678
14684
14684
14706
14706
14706
14708
14710
14714
14720
14724
14726
14734
14744
14760
14774
14780
14784
14792
14796
14802
14802
14802
14804
14804
14808
14808
14824
14842
14848
14848
14858
14860
14864
14878
14882
14882
14886
14888
14890
14904
14910
14912
14914
14928
14932
14940
14958
14962
14962
14966
14970
14992
14994
15002
15012
15030
15038
15044
15048
15048
15050
15052
15056
15068
15068
15070
15074
15080
15088
15090
15092
15098
15100
15102
15104
15116
15118
15118
15122
15126
15132
15132
15152
15162
15164
15178
15182
15182
15190
15194
15194
15200
15200
15202
15206
15210
15212
15214
15216
15218
15224
15230
15234
15236
15240
15240
15242
15248
15250
15252
15252
15254
15266
15280
15282
15286
15290
15290
15292
15296
15318
15322
15324
15336
15342
15356
15360
15368
15376
15382
15382
15384
15392
15392
15394
15394
15402
15404
15404
15408
15414
15418
15428
15432
15442
15448
15476
15478
15490
15492
15494
15496
15502
15512
15538
15554
15558
15566
15574
15576
15580
15584
15584
15586
15592
15600
15604
15610
15624
15630
15650
15654
15670
15680
15682
15692
15700
15726
15732
15750
15792
15800
15832
15874
15880
15886
15890
15958
16014
16014
16052
16126
16184
16204
16206
16224
16338
16372
16718
16870
17756
17816
18396
19154
19308
19566
19652
20318
20640
20978
21064
21296
21746
21824
21902
22034
22150
22716
23202
23230
23908
23974
23994
24126
24128
24168
24190
24228
24242
24302
24314
24330
24332
24358
24402
24410
24458
24472
24538
24588
24650
24696
24700
24710
24730
24890
24892
24922
24926
25070
25392
25482
25670
26020
30530
33798
35546
47822
53444
158726
163314
195098
462392
588690
662182
