Latencies
5252
5312
5328
5342
5360
5362
5364
5370
5378
5378
5378
5382
5386
5388
5392
5396
5396
5408
5408
5410
5414
5416
5418
5418
5422
5422
5426
5428
5430
5430
5432
5434
5434
5436
5440
5448
5450
5450
5454
5472
5472
5474
5474
5480
5482
5496
5500
5500
5504
5506
5506
5510
5518
5518
5520
5526
5526
5526
5534
5534
5536
5538
5540
5542
5550
5560
5572
5574
5580
5586
5588
5592
5592
5594
5598
5600
5602
5606
5618
5620
5622
5622
5622
5624
5624
5644
5652
5656
5668
5672
5678
5686
5692
5694
5702
5730
5736
5744
5744
5750
5752
5758
5758
5768
5774
5774
5776
5778
5782
5788
5792
5794
5812
5812
5830
5832
5832
5834
5838
5842
5860
5862
5868
5868
5878
5878
5886
5890
5892
5898
5904
5906
5914
5914
5916
5916
5918
5918
5920
5924
5926
5926
5936
5942
5946
5954
5958
5974
5974
5978
5988
5990
5994
5996
5998
6010
6014
6018
6020
6022
6022
6024
6026
6042
6044
6050
6054
6060
6060
6072
6074
6082
6084
6084
6086
6090
6100
6118
6120
6122
6124
6126
6130
6132
6134
6138
6146
6148
6154
6158
6162
6162
6166
6176
6178
6184
6188
6196
6206
6214
6216
6218
6226
6226
6226
6238
6246
6256
6264
6270
6292
6294
6294
6304
6304
6320
6334
6334
6334
6354
6356
6356
6366
6368
6370
6374
6374
6392
6396
6400
6410
6416
6422
6426
6448
6450
6466
6466
6488
6514
6524
6524
6526
6534
6538
6542
6554
6572
6576
6582
6584
6602
6612
6642
6652
6652
6732
6734
6764
6772
6776
6784
6792
6804
6816
6820
6834
6840
6882
6884
6890
6910
6946
6950
6992
6992
7008
7016
7028
7058
7066
7068
7074
7076
7086
7090
7094
7104
7124
7144
7174
7186
7188
7196
7202
7214
7216
7300
7312
7320
7364
7398
7408
7418
7430
7432
7434
7446
7470
7484
7492
7506
7530
7534
7534
7534
7572
7592
7596
7616
7630
7638
7648
7654
7654
7686
7688
7726
7728
7740
7750
7754
7770
7778
7792
7816
7828
7860
7872
7872
7892
7904
7924
7928
7932
7934
7946
7958
7992
8016
8044
8090
8104
8140
8142
8152
8154
8188
8192
8252
8260
8266
8300
8306
8310
8312
8326
8328
8342
8420
8426
8428
8432
8438
8446
8452
8516
8518
8536
8546
8550
8566
8568
8584
8608
8634
8656
8664
8708
8710
8716
8726
8730
8744
8754
8766
8772
8786
8818
8832
8854
8866
8900
8906
8976
8980
8988
8998
9002
9028
9028
9086
9092
9092
9092
9096
9126
9144
9152
9154
9154
9162
9166
9220
9258
9280
9282
9316
9324
9330
9332
9338
9374
9376
9380
9388
9440
9458
9484
9498
9502
9536
9548
9558
9592
9604
9614
9746
9760
9766
9768
9800
9824
9854
9874
9874
9910
9918
9924
9932
9934
9942
9972
9980
9984
9992
10000
10004
10012
10036
10050
10070
10136
10160
10174
10216
10268
10284
10292
10334
10356
10386
10390
10390
10456
10470
10478
10496
10508
10518
10526
10528
10532
10536
10540
10562
10596
10604
10644
10664
10668
10676
10676
10676
10684
10704
10706
10746
10748
10750
10816
10842
10844
10848
10874
10878
10912
10932
10952
10996
10998
11014
11040
11128
11152
11158
11172
11208
11224
11226
11298
11304
11336
11338
11344
11386
11392
11400
11404
11424
11456
11460
11484
11508
11516
11524
11528
11582
11642
11646
11666
11704
11704
11710
11710
11718
11732
11742
11756
11762
11778
11866
11866
11876
11972
11978
12008
12022
12048
12058
12116
12156
12164
12180
12224
12232
12248
12250
12270
12286
12350
12356
12364
12374
12396
12414
12430
12452
12528
12540
12548
12554
12578
12598
12612
12616
12696
12702
12726
12752
12766
12784
12836
12860
12880
12884
12912
12912
12980
12992
13002
13028
13030
13032
13044
13050
13092
13184
13198
13202
13206
13218
13228
13248
13278
13284
13306
13318
13330
13340
13366
13376
13378
13380
13402
13440
13442
13470
13482
13500
13510
13532
13540
13546
13550
13550
13552
13584
13622
13622
13624
13628
13638
13656
13684
13684
13684
13782
13802
13806
13810
13842
13896
13908
13910
13934
13936
13938
13950
13964
14000
14010
14032
14040
14048
14062
14062
14064
14082
14100
14120
14140
14160
14166
14176
14186
14194
14198
14210
14216
14222
14226
14234
14234
14252
14258
14272
14298
14300
14312
14336
14344
14344
14346
14358
14396
14424
14464
14468
14484
14496
14496
14522
14528
14540
14560
14564
14582
14584
14586
14586
14586
14592
14602
14612
14618
14622
14628
14638
14652
14654
14662
14664
14666
14668
14682
14714
14716
14736
14746
14748
14750
14782
14784
14786
14786
14792
14794
14798
14802
14806
14806
14816
14826
14836
14838
14840
14850
14854
14858
14868
14876
14878
14880
14882
14884
14898
14900
14906
14918
14918
14934
14934
14934
14942
14944
14964
14974
14976
14982
14982
14986
15000
15006
15010
15012
15012
15024
15026
15028
15030
15032
15036
15050
15058
15068
15072
15082
15082
15088
15090
15096
15110
15110
15112
15120
15120
15126
15126
15130
15132
15138
15142
15144
15154
15156
15158
15158
15168
15168
15174
15176
15180
15188
15208
15234
15236
15236
15242
15260
15268
15282
15284
15340
15342
15352
15354
15366
15370
15390
15390
15394
15398
15398
15400
15404
15404
15406
15426
15440
15442
15452
15476
15498
15498
15502
15502
15514
15532
15554
15574
15582
15582
15588
15588
15598
15628
15630
15656
15680
15680
15682
15684
15710
15714
15744
15800
15806
15816
15850
15866
15880
15880
15896
15918
15942
15956
15964
16012
16088
16118
16258
16344
16534
16682
16738
16842
17296
17298
17436
17486
17650
17814
18066
18354
18360
18426
18528
18782
18802
18802
18810
18822
18854
18860
18896
18896
18958
19092
19138
19152
19240
19284
19450
19452
19732
19766
20150
20874
21300
21304
21574
21584
21586
21650
21662
21822
21866
22012
22194
22262
22478
22526
22554
22722
22910
22992
23346
23368
23488
23526
23578
23658
23694
23710
23926
24148
24160
24222
24262
24440
24444
24518
24544
24556
24580
24628
24720
24750
25082
25318
25374
26314
26872
27404
28278
30522
30650
32758
39360
39442
108908
