Latencies
5158
5160
5170
5174
5176
5178
5192
5192
5192
5192
5196
5196
5202
5204
5206
5206
5214
5214
5216
5220
5226
5228
5232
5232
5232
5234
5236
5236
5246
5246
5248
5250
5250
5256
5256
5258
5260
5274
5274
5276
5282
5282
5282
5284
5286
5286
5286
5288
5288
5290
5290
5290
5290
5292
5292
5292
5294
5294
5296
5296
5298
5300
5300
5302
5302
5302
5302
5302
5304
5304
5304
5306
5308
5308
5308
5310
5310
5310
5310
5310
5314
5314
5314
5314
5316
5316
5316
5318
5318
5318
5318
5320
5320
5320
5322
5324
5324
5324
5326
5326
5328
5328
5330
5330
5330
5330
5332
5334
5334
5334
5334
5336
5336
5336
5338
5338
5338
5340
5340
5342
5342
5342
5342
5342
5342
5344
5344
5344
5344
5346
5346
5346
5348
5348
5348
5348
5348
5348
5348
5348
5350
5350
5350
5350
5350
5352
5352
5352
5352
5352
5352
5352
5352
5354
5354
5354
5356
5356
5356
5358
5358
5358
5358
5360
5360
5360
5360
5362
5362
5362
5362
5364
5364
5364
5364
5364
5366
5368
5368
5368
5368
5370
5370
5370
5372
5372
5374
5374
5374
5374
5374
5376
5376
5376
5376
5376
5376
5378
5378
5378
5378
5378
5378
5378
5380
5380
5382
5384
5384
5384
5384
5386
5386
5386
5388
5388
5388
5390
5390
5390
5390
5392
5392
5392
5392
5394
5394
5396
5396
5396
5398
5398
5400
5400
5400
5400
5400
5400
5402
5402
5402
5404
5404
5406
5406
5406
5406
5408
5408
5408
5408
5408
5408
5410
5410
5410
5412
5412
5412
5414
5416
5416
5418
5418
5418
5418
5420
5420
5420
5422
5422
5424
5424
5424
5424
5424
5424
5424
5424
5426
5426
5430
5430
5430
5430
5430
5432
5432
5432
5434
5434
5434
5434
5436
5436
5436
5436
5438
5438
5438
5440
5440
5442
5442
5442
5444
5444
5444
5446
5446
5446
5446
5446
5446
5448
5448
5452
5452
5452
5452
5454
5454
5454
5454
5456
5456
5456
5456
5456
5458
5458
5460
5460
5462
5462
5462
5464
5464
5464
5466
5468
5468
5468
5468
5470
5470
5470
5470
5470
5470
5474
5474
5476
5476
5476
5476
5476
5478
5478
5478
5478
5480
5480
5482
5482
5482
5482
5484
5484
5486
5486
5488
5488
5488
5488
5490
5490
5492
5492
5492
5494
5494
5494
5496
5496
5496
5498
5498
5498
5498
5500
5500
5500
5502
5502
5502
5504
5508
5508
5508
5508
5508
5510
5512
5512
5512
5512
5512
5512
5514
5514
5514
5514
5516
5516
5518
5518
5518
5518
5522
5524
5524
5524
5524
5526
5526
5526
5526
5526
5528
5528
5530
5530
5532
5532
5532
5532
5534
5534
5536
5540
5540
5542
5544
5546
5546
5546
5548
5548
5548
5550
5550
5550
5552
5554
5554
5554
5554
5556
5558
5560
5560
5560
5562
5562
5562
5566
5566
5566
5566
5568
5568
5568
5568
5568
5572
5572
5576
5576
5576
5576
5580
5580
5582
5582
5584
5586
5586
5586
5586
5586
5586
5586
5586
5588
5590
5592
5596
5596
5598
5598
5600
5600
5604
5604
5606
5606
5606
5608
5608
5608
5610
5610
5610
5610
5612
5612
5616
5616
5618
5618
5618
5620
5620
5622
5622
5624
5624
5626
5626
5626
5628
5628
5628
5628
5630
5636
5636
5638
5638
5638
5638
5640
5640
5640
5642
5642
5642
5642
5644
5644
5644
5646
5646
5648
5648
5652
5652
5654
5654
5654
5656
5656
5658
5658
5658
5660
5662
5666
5666
5666
5666
5668
5670
5670
5670
5670
5670
5672
5672
5672
5672
5672
5674
5674
5674
5678
5678
5682
5682
5682
5682
5682
5682
5684
5686
5686
5690
5690
5692
5696
5696
5698
5698
5698
5702
5702
5702
5704
5704
5706
5708
5708
5708
5710
5710
5710
5710
5712
5716
5720
5722
5722
5724
5724
5724
5726
5728
5728
5730
5730
5732
5734
5736
5736
5736
5744
5744
5746
5748
5750
5750
5752
5752
5752
5752
5754
5756
5756
5758
5758
5762
5766
5766
5766
5768
5768
5772
5774
5776
5778
5782
5784
5786
5788
5792
5794
5794
5800
5802
5806
5806
5808
5810
5810
5812
5812
5812
5816
5816
5818
5818
5822
5824
5828
5830
5836
5840
5842
5848
5850
5850
5850
5852
5852
5856
5858
5860
5862
5862
5866
5868
5868
5874
5878
5878
5880
5880
5880
5880
5882
5886
5888
5892
5892
5892
5894
5894
5894
5896
5896
5896
5898
5900
5900
5900
5900
5906
5906
5908
5908
5912
5912
5912
5914
5914
5914
5916
5920
5922
5922
5922
5926
5926
5928
5932
5932
5932
5934
5936
5936
5942
5942
5942
5950
5950
5952
5952
5954
5956
5958
5958
5958
5958
5960
5962
5964
5964
5966
5970
5972
5978
5978
5978
5980
5982
5982
5982
5984
5984
5984
5988
5988
5988
5990
5992
5994
5996
6000
6002
6002
6002
6006
6008
6010
6014
6018
6018
6022
6030
6032
6032
6034
6034
6036
6038
6038
6040
6044
6050
6052
6052
6056
6056
6064
6068
6068
6074
6076
6078
6080
6082
6082
6084
6086
6090
6092
6092
6100
6100
6100
6100
6100
6104
6104
6106
6106
6108
6108
6110
6110
6114
6114
6116
6118
6118
6118
6118
6126
6128
6128
6128
6128
6132
6134
6134
6136
6136
6138
6140
6142
6144
6148
6150
6162
6166
6170
6174
6176
6182
6188
6194
6196
6200
6208
6214
6226
6228
6228
6232
6234
6236
6244
6250
6250
6254
6254
6254
6264
6270
6272
6276
6276
6282
6290
6292
6296
6306
6308
6310
6320
6336
6336
6392
6398
6400
6410
6414
6416
6426
6452
6458
6464
6464
6468
6478
6492
6494
6500
6624
6638
6658
6664
6696
6708
6718
6766
6816
6830
6836
6844
6870
6884
6924
6932
7034
7062
7070
7094
7156
7214
7260
7264
7338
7362
7442
7588
7646
7686
7756
7958
7986
8116
8226
8350
8978
9122
9334
9504
9774
10074
10210
11162
11456
12758
12822
13408
14328
14642
14984
15584
17516
18388
18506
19064
19092
21004
21210
21514
21528
21542
22038
22236
23582
24050
25196
25444
25476
25500
26220
27184
27962
29460
31340
34332
34496
36264
36458
59760
141022
