Latencies
5024
5028
5062
5068
5068
5070
5074
5088
5094
5104
5104
5112
5112
5126
5126
5130
5132
5136
5136
5140
5142
5144
5144
5146
5148
5148
5150
5152
5154
5154
5154
5156
5156
5160
5160
5164
5166
5170
5172
5172
5172
5174
5174
5174
5178
5178
5180
5182
5182
5182
5184
5184
5186
5190
5190
5190
5190
5192
5192
5194
5194
5198
5200
5204
5204
5204
5206
5206
5208
5208
5208
5210
5210
5210
5212
5212
5212
5212
5214
5214
5216
5216
5216
5218
5218
5218
5218
5220
5220
5222
5222
5224
5224
5224
5226
5228
5228
5230
5230
5230
5230
5232
5232
5234
5234
5236
5236
5236
5236
5236
5236
5238
5238
5238
5240
5240
5240
5240
5240
5242
5242
5242
5242
5242
5244
5244
5244
5244
5244
5244
5246
5246
5248
5248
5248
5248
5250
5250
5252
5252
5254
5254
5254
5256
5256
5256
5256
5256
5256
5256
5258
5258
5258
5258
5258
5258
5260
5260
5260
5260
5260
5260
5260
5262
5262
5264
5264
5264
5264
5264
5264
5266
5266
5266
5266
5268
5268
5268
5268
5270
5270
5270
5270
5270
5272
5272
5272
5272
5272
5274
5274
5276
5276
5278
5278
5278
5278
5280
5280
5280
5282
5282
5282
5282
5282
5284
5284
5284
5284
5284
5286
5286
5286
5286
5286
5288
5288
5288
5288
5288
5290
5292
5292
5292
5292
5292
5292
5292
5292
5292
5294
5294
5294
5294
5294
5294
5294
5296
5296
5296
5298
5298
5298
5298
5298
5300
5300
5300
5300
5304
5304
5304
5306
5306
5306
5306
5306
5306
5308
5308
5308
5308
5310
5310
5310
5310
5312
5312
5312
5312
5312
5314
5314
5314
5314
5314
5318
5320
5320
5322
5322
5322
5322
5322
5322
5322
5322
5324
5324
5326
5326
5326
5328
5330
5330
5330
5330
5332
5332
5334
5334
5334
5334
5336
5336
5336
5338
5338
5340
5340
5340
5342
5342
5344
5344
5344
5346
5346
5346
5348
5350
5350
5350
5352
5354
5354
5356
5356
5358
5358
5360
5360
5360
5362
5362
5362
5362
5362
5362
5364
5366
5366
5366
5368
5368
5368
5370
5370
5370
5372
5372
5374
5374
5374
5376
5376
5378
5380
5380
5382
5382
5384
5384
5384
5386
5388
5390
5392
5392
5392
5394
5396
5398
5400
5400
5400
5400
5402
5404
5406
5406
5406
5408
5408
5408
5408
5410
5412
5414
5416
5418
5418
5420
5420
5422
5426
5426
5426
5426
5428
5432
5432
5432
5434
5434
5436
5436
5436
5438
5440
5442
5442
5442
5444
5444
5444
5444
5446
5446
5448
5450
5450
5450
5452
5454
5454
5458
5460
5460
5462
5464
5466
5470
5470
5470
5472
5472
5472
5472
5474
5476
5476
5476
5476
5478
5478
5482
5482
5482
5486
5486
5486
5488
5488
5492
5492
5492
5494
5496
5496
5498
5498
5498
5498
5498
5502
5504
5506
5510
5510
5510
5510
5514
5516
5518
5518
5518
5520
5522
5522
5524
5524
5526
5526
5526
5530
5530
5530
5532
5532
5536
5538
5538
5540
5540
5542
5542
5542
5544
5546
5546
5548
5548
5550
5550
5554
5554
5554
5554
5558
5558
5560
5560
5562
5564
5566
5566
5570
5570
5570
5570
5570
5572
5572
5574
5574
5574
5576
5576
5576
5576
5576
5580
5580
5582
5582
5582
5582
5582
5584
5584
5584
5586
5588
5588
5588
5590
5592
5592
5594
5594
5596
5598
5598
5600
5602
5604
5606
5606
5606
5606
5606
5608
5608
5612
5612
5612
5614
5616
5616
5618
5618
5618
5622
5622
5626
5630
5634
5634
5636
5638
5640
5640
5642
5642
5642
5642
5644
5646
5646
5650
5650
5652
5654
5654
5656
5658
5658
5658
5658
5660
5660
5660
5660
5660
5662
5664
5664
5664
5666
5668
5668
5668
5668
5668
5672
5676
5682
5684
5684
5684
5684
5686
5686
5688
5690
5690
5690
5692
5692
5696
5700
5702
5706
5708
5712
5712
5714
5718
5722
5726
5728
5734
5736
5736
5738
5738
5740
5742
5744
5746
5746
5746
5750
5750
5750
5750
5750
5750
5756
5758
5762
5762
5764
5764
5764
5766
5766
5766
5768
5770
5774
5774
5774
5774
5774
5776
5776
5776
5776
5778
5778
5780
5782
5782
5784
5784
5784
5786
5788
5790
5790
5792
5792
5792
5792
5792
5794
5796
5798
5800
5800
5804
5806
5806
5808
5808
5808
5810
5810
5810
5812
5812
5814
5816
5818
5820
5822
5822
5824
5826
5828
5828
5830
5830
5832
5832
5836
5840
5844
5844
5846
5846
5850
5850
5850
5852
5854
5854
5858
5858
5862
5866
5866
5866
5866
5868
5870
5874
5874
5874
5876
5876
5878
5882
5884
5886
5886
5888
5898
5898
5902
5902
5906
5906
5906
5908
5910
5910
5910
5914
5916
5916
5916
5920
5924
5926
5926
5926
5928
5928
5930
5932
5932
5934
5934
5934
5934
5936
5938
5938
5940
5940
5940
5942
5944
5944
5944
5946
5956
5958
5960
5962
5964
5966
5966
5966
5968
5970
5972
5974
5974
5976
5976
5978
5978
5980
5982
5990
5990
5992
5994
5994
5998
6002
6008
6010
6012
6014
6016
6018
6018
6018
6020
6022
6026
6026
6034
6034
6042
6042
6046
6046
6048
6056
6058
6060
6060
6062
6062
6064
6068
6070
6072
6074
6078
6080
6082
6086
6086
6090
6094
6096
6108
6114
6116
6126
6128
6128
6128
6144
6148
6150
6156
6156
6158
6158
6158
6158
6162
6162
6164
6166
6166
6168
6170
6176
6178
6180
6192
6194
6202
6204
6208
6232
6238
6240
6254
6266
6278
6284
6300
6304
6306
6306
6324
6336
6344
6344
6352
6370
6370
6372
6374
6388
6390
6398
6412
6422
6426
6442
6450
6484
6492
6506
6514
6540
6548
6548
6556
6556
6556
6578
6600
6634
6640
6642
6660
6684
6700
6700
6730
6738
6738
6744
6822
6840
6870
6880
6942
6942
6958
7224
7234
7240
7404
7452
7544
7608
7804
7872
7912
8062
8088
8202
8520
8734
8914
9240
9634
9786
9972
10218
10466
10512
10514
10708
10804
11080
11082
11646
11670
12526
12552
12990
13052
13302
13618
13980
14026
14488
19496
20256
22424
22706
27204
27750
28596
29308
29422
