Latencies
5168
5176
5178
5184
5184
5190
5192
5202
5206
5214
5220
5224
5238
5240
5246
5246
5246
5248
5250
5256
5262
5262
5262
5262
5266
5266
5270
5272
5276
5276
5278
5280
5280
5280
5280
5282
5282
5282
5284
5288
5290
5290
5292
5292
5294
5296
5298
5300
5300
5304
5306
5306
5306
5308
5308
5310
5310
5310
5312
5314
5314
5314
5316
5316
5318
5318
5318
5322
5324
5324
5324
5324
5326
5328
5328
5330
5330
5330
5330
5330
5332
5332
5334
5334
5334
5334
5336
5336
5336
5338
5338
5340
5342
5342
5344
5344
5344
5344
5346
5346
5346
5348
5348
5350
5350
5350
5350
5350
5350
5350
5350
5352
5352
5352
5354
5354
5354
5354
5354
5354
5356
5356
5356
5358
5358
5358
5358
5360
5360
5360
5362
5362
5362
5362
5364
5364
5364
5364
5364
5366
5366
5366
5366
5368
5368
5370
5372
5372
5372
5372
5372
5374
5374
5374
5374
5374
5376
5376
5376
5376
5376
5376
5378
5378
5378
5378
5378
5378
5380
5380
5380
5380
5382
5382
5382
5382
5382
5384
5384
5384
5384
5384
5386
5386
5386
5386
5388
5388
5388
5388
5388
5390
5390
5390
5390
5390
5390
5390
5392
5392
5392
5392
5394
5394
5394
5396
5396
5396
5398
5398
5398
5400
5400
5400
5400
5400
5400
5400
5402
5402
5404
5404
5404
5404
5406
5406
5406
5406
5406
5408
5408
5408
5410
5410
5410
5410
5410
5410
5412
5412
5412
5412
5412
5414
5414
5414
5414
5414
5414
5414
5414
5416
5416
5416
5416
5416
5416
5418
5418
5418
5418
5418
5418
5418
5418
5420
5420
5422
5424
5424
5424
5424
5424
5424
5424
5424
5424
5424
5426
5426
5426
5426
5426
5426
5426
5426
5426
5426
5426
5428
5428
5428
5428
5428
5428
5430
5430
5432
5432
5432
5432
5432
5434
5434
5434
5434
5434
5436
5436
5436
5436
5436
5438
5438
5438
5438
5440
5440
5442
5442
5442
5442
5444
5444
5444
5444
5446
5446
5446
5446
5446
5446
5448
5450
5450
5450
5450
5450
5452
5452
5452
5454
5454
5454
5454
5456
5456
5458
5458
5458
5458
5460
5460
5460
5460
5460
5462
5462
5464
5464
5464
5464
5466
5466
5466
5468
5468
5468
5468
5468
5472
5472
5472
5472
5472
5474
5474
5474
5474
5474
5476
5476
5478
5478
5480
5480
5480
5480
5480
5482
5482
5482
5484
5484
5484
5486
5486
5486
5486
5486
5486
5486
5486
5488
5490
5492
5492
5492
5492
5494
5494
5498
5498
5500
5502
5504
5504
5504
5506
5506
5506
5508
5508
5508
5510
5512
5512
5512
5514
5516
5516
5516
5518
5522
5522
5522
5522
5524
5524
5526
5528
5530
5532
5532
5534
5534
5536
5538
5538
5538
5540
5540
5540
5540
5542
5542
5542
5544
5548
5548
5548
5548
5548
5548
5550
5550
5550
5550
5550
5554
5556
5556
5556
5558
5558
5558
5558
5558
5564
5564
5568
5568
5570
5574
5574
5576
5580
5580
5582
5582
5582
5582
5582
5584
5590
5592
5592
5592
5594
5594
5594
5596
5600
5600
5602
5602
5604
5604
5604
5604
5604
5608
5608
5608
5612
5614
5614
5616
5616
5618
5618
5618
5620
5624
5626
5628
5628
5628
5628
5630
5630
5634
5634
5636
5636
5638
5640
5640
5642
5642
5644
5646
5648
5650
5650
5650
5654
5654
5656
5658
5660
5660
5664
5666
5668
5670
5674
5674
5676
5676
5676
5676
5680
5682
5682
5684
5684
5686
5686
5688
5690
5698
5698
5698
5698
5700
5702
5702
5702
5702
5704
5704
5706
5708
5710
5714
5714
5722
5722
5726
5726
5726
5726
5730
5730
5732
5732
5742
5742
5744
5748
5748
5748
5750
5752
5752
5752
5756
5760
5760
5762
5762
5762
5762
5764
5764
5766
5768
5774
5776
5776
5776
5776
5778
5780
5782
5784
5784
5788
5788
5788
5790
5790
5792
5800
5800
5802
5806
5806
5808
5808
5808
5812
5812
5814
5816
5818
5820
5822
5824
5828
5830
5830
5834
5834
5834
5836
5838
5838
5838
5842
5844
5846
5846
5846
5848
5848
5848
5848
5848
5850
5852
5852
5852
5854
5854
5854
5858
5858
5860
5862
5864
5870
5870
5870
5872
5874
5874
5878
5880
5880
5880
5884
5886
5886
5890
5894
5894
5898
5900
5900
5904
5904
5904
5906
5908
5908
5910
5910
5914
5916
5918
5920
5920
5922
5924
5930
5934
5936
5936
5936
5936
5938
5938
5942
5942
5944
5944
5950
5952
5952
5952
5954
5956
5956
5960
5960
5962
5964
5966
5968
5972
5972
5974
5976
5976
5980
5982
5984
5986
5986
5988
5990
5990
5992
5994
6002
6004
6004
6006
6008
6008
6010
6010
6010
6012
6012
6014
6014
6014
6014
6016
6016
6020
6020
6020
6022
6022
6026
6034
6034
6034
6040
6048
6052
6052
6060
6064
6066
6066
6066
6070
6072
6072
6072
6076
6076
6078
6080
6082
6084
6084
6088
6092
6092
6092
6092
6092
6100
6100
6102
6106
6108
6108
6108
6110
6110
6110
6114
6116
6116
6116
6120
6122
6124
6124
6124
6128
6128
6142
6144
6144
6144
6146
6148
6148
6150
6152
6154
6158
6162
6162
6164
6166
6168
6170
6172
6174
6176
6176
6180
6180
6184
6186
6188
6188
6190
6190
6190
6192
6198
6204
6208
6210
6214
6214
6218
6222
6228
6234
6236
6236
6236
6240
6242
6242
6248
6254
6256
6260
6268
6280
6284
6290
6294
6296
6310
6310
6320
6324
6324
6334
6334
6342
6372
6380
6390
6398
6408
6426
6428
6428
6434
6444
6446
6454
6458
6472
6496
6502
6504
6532
6538
6544
6546
6562
6562
6570
6578
6582
6602
6616
6662
6680
6698
6864
6866
6940
6966
7010
7090
7170
7230
7240
7380
7462
7502
7514
7612
7682
8000
8110
8144
8192
9140
9660
9732
9984
10348
10386
10770
10978
11148
11348
11572
11844
12354
12406
13100
13426
13836
14520
14704
14760
14778
14992
15606
15814
16748
18024
18046
18106
18496
18662
19062
19396
20164
20404
20682
20786
21344
21346
22958
23654
24378
24496
24700
25632
25846
25916
26166
26250
26624
27358
28524
32640
32684
33682
34622
36014
