Latencies
4940
4978
5002
5004
5020
5022
5032
5040
5040
5042
5044
5048
5048
5050
5058
5060
5060
5062
5064
5066
5068
5074
5076
5076
5078
5080
5088
5088
5090
5090
5090
5092
5094
5098
5100
5106
5106
5108
5110
5112
5114
5118
5118
5120
5122
5122
5122
5122
5124
5124
5126
5126
5128
5128
5130
5130
5130
5130
5132
5132
5134
5134
5134
5136
5138
5142
5144
5148
5148
5150
5150
5152
5152
5152
5154
5154
5154
5156
5156
5158
5158
5158
5160
5160
5160
5160
5162
5162
5162
5164
5164
5166
5166
5166
5166
5168
5168
5168
5170
5172
5172
5172
5172
5172
5172
5174
5174
5174
5174
5174
5176
5178
5178
5178
5178
5178
5178
5180
5180
5180
5180
5180
5180
5182
5182
5182
5182
5184
5184
5184
5186
5186
5186
5186
5188
5188
5188
5188
5190
5192
5192
5194
5194
5194
5196
5196
5198
5200
5200
5200
5200
5202
5202
5202
5204
5206
5206
5206
5208
5208
5208
5208
5208
5210
5210
5210
5210
5210
5210
5212
5212
5212
5212
5212
5212
5214
5214
5214
5216
5216
5216
5216
5216
5216
5218
5218
5220
5220
5220
5220
5220
5220
5222
5222
5222
5222
5222
5222
5222
5222
5224
5224
5224
5224
5224
5226
5226
5226
5226
5228
5228
5228
5228
5228
5230
5230
5230
5230
5232
5232
5232
5232
5232
5234
5234
5234
5234
5234
5234
5234
5234
5234
5236
5236
5236
5236
5236
5238
5238
5240
5240
5240
5240
5240
5240
5242
5242
5242
5242
5242
5244
5244
5246
5246
5248
5248
5250
5250
5250
5250
5250
5252
5254
5254
5254
5256
5256
5258
5258
5258
5260
5260
5260
5260
5260
5260
5262
5262
5262
5264
5264
5266
5266
5266
5266
5268
5270
5270
5270
5270
5272
5274
5274
5276
5276
5276
5278
5278
5280
5280
5282
5282
5282
5284
5284
5284
5286
5288
5288
5288
5288
5290
5290
5290
5292
5292
5294
5296
5296
5296
5298
5298
5298
5298
5298
5300
5300
5300
5302
5302
5302
5302
5304
5304
5308
5308
5308
5308
5308
5310
5310
5310
5312
5312
5312
5312
5314
5316
5316
5316
5318
5318
5318
5320
5322
5322
5322
5322
5324
5324
5324
5324
5324
5326
5328
5328
5328
5328
5330
5330
5330
5330
5332
5332
5334
5334
5338
5338
5338
5340
5340
5340
5340
5344
5346
5346
5346
5346
5348
5348
5348
5348
5348
5350
5350
5352
5354
5354
5356
5356
5356
5356
5356
5356
5358
5358
5358
5358
5358
5360
5360
5360
5360
5360
5362
5366
5366
5366
5366
5368
5370
5370
5370
5372
5372
5372
5372
5374
5374
5376
5376
5376
5376
5378
5378
5378
5380
5380
5384
5386
5386
5386
5386
5386
5386
5388
5388
5388
5388
5390
5390
5394
5398
5398
5400
5400
5400
5400
5402
5404
5404
5406
5406
5406
5406
5406
5408
5410
5410
5410
5412
5416
5418
5418
5418
5418
5420
5422
5422
5422
5424
5424
5424
5426
5428
5428
5428
5430
5432
5434
5434
5436
5436
5438
5440
5442
5442
5442
5442
5442
5442
5444
5444
5444
5444
5444
5446
5448
5450
5450
5452
5452
5452
5454
5456
5456
5456
5456
5458
5458
5458
5462
5462
5464
5466
5466
5468
5468
5468
5470
5472
5474
5474
5476
5478
5478
5482
5482
5484
5484
5488
5488
5490
5490
5492
5492
5492
5494
5496
5498
5500
5502
5504
5504
5504
5504
5506
5508
5510
5512
5514
5514
5514
5520
5520
5522
5522
5526
5528
5530
5534
5534
5534
5534
5536
5540
5540
5542
5542
5544
5544
5544
5546
5548
5548
5548
5550
5550
5552
5554
5556
5556
5556
5558
5558
5558
5558
5560
5560
5562
5564
5564
5564
5564
5566
5568
5568
5568
5570
5574
5574
5574
5578
5578
5580
5580
5582
5582
5584
5584
5584
5588
5592
5594
5594
5596
5596
5598
5598
5600
5600
5602
5608
5608
5610
5612
5614
5616
5620
5622
5624
5630
5634
5636
5638
5638
5638
5640
5642
5642
5644
5646
5652
5652
5652
5652
5652
5652
5652
5654
5654
5656
5656
5656
5658
5660
5662
5662
5666
5666
5666
5670
5674
5674
5678
5678
5682
5682
5684
5686
5688
5690
5690
5690
5692
5692
5692
5700
5702
5704
5710
5716
5716
5716
5718
5718
5720
5720
5722
5728
5732
5734
5738
5738
5740
5740
5742
5744
5744
5750
5750
5756
5756
5756
5760
5760
5760
5762
5762
5762
5764
5766
5776
5782
5784
5784
5786
5786
5788
5790
5794
5796
5796
5798
5798
5800
5800
5804
5804
5808
5810
5810
5810
5812
5812
5816
5816
5818
5822
5822
5828
5828
5832
5834
5834
5838
5840
5840
5842
5844
5846
5852
5852
5856
5858
5858
5860
5866
5870
5870
5870
5870
5874
5874
5874
5882
5886
5886
5888
5890
5890
5892
5892
5892
5892
5894
5896
5902
5902
5904
5908
5910
5914
5916
5922
5926
5930
5930
5932
5932
5934
5934
5938
5940
5942
5944
5944
5946
5946
5962
5968
5970
5972
5972
5972
5974
5976
5982
5982
5990
5992
5994
5996
5998
6000
6000
6002
6004
6006
6014
6020
6020
6032
6038
6038
6048
6050
6050
6054
6060
6060
6062
6064
6068
6070
6072
6074
6078
6078
6090
6092
6098
6100
6102
6102
6104
6106
6114
6116
6118
6118
6120
6128
6132
6132
6136
6138
6146
6146
6148
6150
6150
6162
6164
6166
6172
6178
6188
6188
6196
6200
6220
6226
6236
6254
6272
6280
6286
6296
6296
6304
6310
6318
6320
6344
6370
6384
6388
6394
6396
6424
6428
6458
6482
6492
6498
6500
6502
6576
6664
6666
6686
6764
6808
6850
6850
6914
6922
6934
7008
7024
7050
7070
7138
7224
7246
7308
7436
7670
7684
7766
7884
7970
8546
8636
8746
8996
9020
9084
9512
10076
10272
10424
10978
11166
11436
11936
12004
12468
13036
13308
13390
14644
15474
15576
15608
15814
16322
16828
17534
18402
18636
18644
18900
19166
19586
20036
20624
21064
21162
22816
22832
23120
24186
24244
25604
25656
25738
27912
28310
28594
28674
28792
29746
30224
32182
33936
34248
34542
34544
35228
36046
36244
37462
37732
37860
38670
38692
41622
43752
