Latencies
5354
5358
5378
5382
5402
5410
5414
5422
5422
5424
5426
5430
5440
5442
5446
5452
5454
5460
5460
5468
5474
5474
5478
5478
5478
5480
5482
5488
5500
5506
5506
5508
5510
5522
5526
5528
5532
5536
5538
5540
5540
5540
5542
5550
5552
5552
5552
5556
5558
5558
5564
5592
5592
5602
5602
5604
5618
5632
5640
5642
5648
5650
5652
5652
5668
5676
5678
5684
5686
5694
5700
5704
5710
5722
5730
5732
5738
5744
5746
5752
5762
5770
5774
5782
5788
5798
5804
5810
5816
5834
5868
5872
5872
5874
5876
5878
5884
5890
5892
5910
5912
5916
5938
5942
5950
5952
5956
5960
5964
5972
5974
5980
5980
5984
5988
6004
6034
6036
6036
6068
6086
6088
6098
6108
6108
6112
6118
6130
6136
6136
6138
6138
6148
6174
6180
6182
6188
6266
6272
6306
6308
6332
6332
6374
6432
6434
6468
6488
6506
6516
6664
6688
6692
6694
6728
6744
6758
6760
6820
6962
6968
7042
7098
7126
7160
7218
7220
7288
7288
7354
7362
7374
7402
7482
7536
7554
7578
7588
7612
7638
7648
7654
7702
7792
7806
7858
7866
7884
7894
7924
7946
8024
8074
8186
8198
8208
8262
8268
8310
8342
8410
8444
8478
8514
8546
8552
8578
8622
8646
8654
8714
8716
8736
8818
8832
8850
8880
8922
8932
8954
8982
9016
9114
9136
9144
9194
9236
9238
9242
9286
9324
9326
9338
9354
9360
9368
9446
9460
9482
9552
9570
9590
9608
9652
9706
9768
9780
9796
9798
9820
9864
9866
9896
9926
9990
10018
10032
10084
10112
10194
10226
10318
10434
10602
10634
10674
10736
10770
10832
10868
10904
10956
10958
11010
11030
11040
11068
11086
11134
11190
11204
11214
11256
11270
11298
11422
11434
11444
11478
11486
11538
11580
11612
11618
11650
11680
11920
11928
11944
11964
12018
12026
12026
12028
12068
12076
12088
12094
12104
12178
12264
12306
12328
12372
12394
12406
12410
12410
12432
12478
12492
12586
12654
12686
12706
12754
12760
12776
12834
12844
12896
12924
12932
12964
12988
13006
13052
13054
13084
13106
13124
13180
13234
13270
13278
13278
13310
13320
13372
13388
13388
13440
13490
13498
13536
13584
13666
13676
13710
13780
13786
13788
13792
13822
13834
13884
13890
13906
13960
13970
13980
13982
14000
14018
14020
14028
14036
14048
14052
14156
14216
14228
14246
14286
14300
14338
14348
14422
14428
14430
14442
14450
14450
14470
14478
14490
14496
14542
14560
14562
14566
14576
14578
14584
14598
14600
14638
14642
14646
14650
14660
14660
14660
14662
14664
14670
14670
14674
14688
14694
14696
14702
14704
14708
14710
14716
14716
14720
14736
14738
14738
14742
14744
14750
14750
14752
14754
14756
14772
14774
14774
14778
14782
14784
14786
14786
14786
14794
14794
14800
14812
14812
14814
14816
14822
14828
14828
14838
14840
14842
14842
14848
14850
14858
14860
14864
14866
14872
14872
14876
14878
14886
14896
14898
14898
14902
14904
14908
14908
14912
14914
14916
14920
14924
14930
14932
14936
14940
14940
14940
14942
14944
14946
14956
14966
14966
14968
14968
14970
14976
14978
14978
15000
15000
15000
15002
15004
15006
15008
15016
15018
15020
15020
15024
15032
15042
15044
15052
15060
15062
15062
15070
15074
15078
15086
15086
15092
15092
15096
15096
15100
15100
15108
15112
15116
15118
15122
15128
15128
15130
15130
15134
15134
15134
15134
15136
15140
15140
15144
15146
15150
15150
15150
15152
15154
15154
15154
15160
15166
15178
15178
15182
15186
15204
15208
15210
15210
15214
15218
15218
15222
15222
15226
15232
15232
15234
15236
15238
15238
15240
15240
15242
15248
15254
15258
15260
15260
15260
15262
15264
15266
15270
15272
15276
15276
15278
15280
15282
15286
15288
15298
15302
15302
15312
15312
15318
15330
15332
15334
15338
15342
15344
15344
15346
15348
15348
15352
15352
15366
15370
15374
15376
15382
15388
15400
15410
15416
15418
15418
15420
15426
15436
15446
15446
15446
15454
15460
15462
15464
15468
15470
15472
15478
15480
15500
15504
15522
15530
15530
15532
15554
15558
15564
15576
15586
15596
15606
15658
15658
15658
15664
15664
15686
15692
15714
15716
15718
15718
15724
15738
15752
15758
15768
15776
15782
15788
15798
15798
15834
15838
15856
15888
15898
15898
15912
15916
15942
15946
15952
15956
15988
15988
15998
15998
16016
16026
16030
16078
16082
16152
16168
16262
16292
16382
16438
16550
16664
16718
16820
16844
16858
17066
17180
17190
17296
17350
17358
17378
17460
17700
17734
17778
17802
18084
18208
18332
18484
18648
18696
18822
19284
19294
19458
19614
19680
20056
20150
20250
20302
20384
20526
20536
20770
21146
21180
21310
21398
21538
21568
21684
21714
21996
22470
22540
22698
22908
22950
22984
23158
23176
23242
23364
23428
23484
23522
23538
23684
23724
23798
23812
23866
23904
23906
23926
23996
24058
24094
24106
24164
24192
24234
24244
24330
24330
24444
24448
24468
24614
24624
24676
24696
24952
24954
24982
24986
24988
25096
25108
25166
25168
25280
25282
25284
25314
25320
25346
25408
25408
25410
25512
25514
25524
25706
25796
25908
25910
25936
26006
26026
26060
26184
26296
26314
26354
26374
26676
26686
26820
26822
26948
27244
27308
27578
27656
28062
28096
28160
28196
28202
28258
28378
28816
28828
28900
29048
29096
29104
29324
29438
29474
29540
29768
29852
30002
30036
30232
30284
30618
30738
30740
30888
31070
31152
31164
31230
31488
31546
31558
31898
31950
32030
32504
32768
32774
32860
33114
33120
33194
33498
33520
33614
33654
33874
33910
33938
33952
33956
34020
34036
34066
34098
34122
34142
34152
34236
34248
34268
34286
34290
34298
34304
34306
34322
34330
34330
34336
34360
34390
34404
34414
34418
34446
34456
34462
34466
34478
34500
34500
34506
34520
34528
34532
34542
34574
34576
34592
34600
34610
34612
34612
34618
34618
34624
34626
34652
34666
34670
34682
34692
34704
34708
34710
34730
34732
34740
34762
34778
34792
34810
34810
34816
34818
34848
34850
34886
34890
34892
34906
34950
35014
35024
35114
35116
35160
35198
35202
35206
35254
35272
35276
35302
35374
35392
35580
35766
35798
35820
35958
36062
36224
36370
36624
36806
37092
37110
38430
38692
39620
43460
43884
43958
44082
44334
44772
45386
49166
50034
53510
99296
600254
