Latencies
5322
5332
5332
5336
5366
5382
5386
5414
5416
5418
5420
5420
5424
5426
5426
5426
5428
5430
5432
5434
5434
5438
5438
5442
5444
5446
5446
5450
5454
5454
5454
5456
5458
5460
5462
5464
5464
5468
5474
5474
5474
5476
5476
5476
5478
5478
5478
5480
5480
5482
5482
5482
5484
5484
5486
5492
5492
5496
5500
5500
5506
5508
5508
5508
5512
5514
5514
5516
5516
5518
5520
5522
5522
5522
5528
5532
5534
5534
5536
5542
5542
5546
5546
5550
5550
5550
5552
5562
5566
5572
5574
5574
5574
5580
5590
5590
5590
5592
5606
5606
5610
5610
5612
5624
5626
5626
5628
5630
5632
5634
5642
5644
5658
5658
5658
5658
5662
5664
5674
5678
5680
5684
5686
5686
5688
5692
5692
5698
5700
5706
5708
5710
5710
5710
5712
5714
5716
5732
5734
5734
5736
5744
5748
5750
5764
5772
5774
5792
5802
5818
5826
5832
5838
5840
5852
5852
5854
5854
5854
5856
5860
5864
5866
5870
5874
5886
5892
5892
5898
5898
5902
5906
5908
5908
5914
5916
5922
5922
5926
5928
5930
5938
5942
5944
5952
5956
5964
5966
5972
5974
5974
5976
5976
5978
5986
5988
5994
5998
6000
6016
6016
6022
6028
6032
6032
6044
6062
6068
6068
6072
6084
6092
6098
6098
6108
6110
6114
6116
6124
6126
6128
6128
6134
6142
6144
6156
6164
6168
6172
6176
6176
6182
6190
6194
6220
6234
6234
6238
6240
6258
6258
6264
6268
6270
6276
6282
6284
6286
6290
6292
6334
6352
6360
6362
6384
6388
6410
6430
6454
6458
6472
6484
6492
6500
6504
6504
6540
6546
6556
6558
6590
6642
6650
6676
6682
6684
6692
6706
6732
6758
6828
6864
6906
6926
6932
6976
7058
7102
7168
7180
7188
7192
7200
7200
7232
7252
7292
7296
7350
7406
7444
7480
7490
7490
7526
7530
7574
7614
7630
7638
7724
7734
7756
7762
7778
7788
7842
7866
7868
7876
7922
7948
7970
7992
7996
7996
8000
8016
8024
8070
8086
8100
8104
8146
8194
8220
8232
8256
8268
8282
8308
8330
8342
8392
8426
8428
8482
8496
8512
8552
8580
8614
8648
8664
8666
8668
8682
8742
8790
8800
8808
8852
8864
8878
8882
8894
8914
8932
8934
8976
9034
9038
9052
9064
9102
9104
9146
9336
9396
9432
9464
9500
9502
9536
9648
9658
9690
9728
9776
9836
9888
9890
9902
9910
9932
9938
10006
10018
10100
10112
10136
10150
10196
10268
10272
10290
10322
10334
10334
10356
10364
10372
10374
10402
10450
10482
10496
10502
10508
10542
10556
10582
10584
10586
10590
10596
10748
10760
10824
10884
10990
11006
11026
11136
11156
11168
11254
11290
11336
11338
11346
11368
11370
11376
11434
11452
11462
11508
11510
11536
11566
11566
11584
11652
11696
11726
11736
11772
11814
11890
11922
11950
11974
12040
12074
12110
12112
12112
12146
12162
12186
12190
12210
12214
12214
12228
12234
12236
12258
12272
12302
12314
12340
12374
12386
12426
12446
12466
12496
12500
12526
12540
12542
12554
12564
12584
12696
12810
12814
12818
12824
12838
12852
12928
12936
12964
12968
12982
12990
13066
13090
13104
13190
13214
13236
13240
13258
13290
13296
13304
13342
13344
13360
13390
13452
13454
13484
13520
13558
13576
13576
13604
13620
13620
13640
13710
13726
13856
13890
13896
13984
13998
14014
14060
14066
14134
14156
14162
14238
14254
14258
14260
14288
14332
14334
14362
14376
14392
14406
14406
14412
14434
14442
14476
14476
14490
14490
14494
14494
14496
14510
14514
14518
14532
14540
14554
14554
14580
14590
14598
14610
14612
14614
14620
14628
14628
14632
14634
14634
14652
14662
14664
14666
14682
14684
14688
14694
14696
14698
14708
14714
14716
14718
14722
14722
14724
14728
14728
14728
14734
14740
14740
14752
14756
14766
14768
14768
14780
14782
14782
14782
14786
14792
14796
14796
14798
14800
14804
14812
14816
14818
14820
14822
14828
14830
14836
14836
14840
14840
14848
14856
14858
14868
14870
14872
14880
14880
14884
14892
14896
14900
14914
14914
14918
14920
14922
14938
14938
14940
14948
14956
14968
14972
14974
14980
14984
14992
14998
15002
15008
15014
15018
15020
15020
15022
15024
15024
15032
15040
15042
15048
15050
15052
15056
15058
15060
15074
15074
15082
15084
15092
15096
15104
15138
15138
15140
15140
15142
15148
15156
15172
15174
15174
15182
15184
15194
15194
15196
15198
15202
15206
15216
15232
15232
15232
15236
15238
15242
15248
15274
15278
15290
15294
15296
15306
15320
15328
15332
15340
15354
15358
15366
15380
15388
15392
15396
15402
15414
15418
15442
15442
15448
15448
15452
15454
15480
15482
15484
15500
15528
15544
15556
15562
15572
15586
15600
15600
15608
15610
15612
15614
15618
15618
15628
15628
15640
15646
15658
15682
15682
15702
15702
15714
15730
15758
15768
15776
15786
15790
15814
15820
15844
15876
15880
15882
15888
15894
15952
15982
16038
16168
16170
16204
16248
16284
16346
16566
16612
16818
16980
17030
17372
17456
17606
17794
18112
18200
18794
18904
18948
19400
19516
19648
19914
20022
20094
20214
20322
20478
20578
20928
20998
21152
21154
21664
21694
21772
22172
22316
22354
22390
22468
22540
22582
22694
22848
22870
22874
23140
23450
23472
23670
23852
23934
24000
24044
24060
24146
24176
24178
24182
24212
24250
24284
24400
24400
24404
24418
24420
24434
24450
24466
24468
24512
24524
24526
24540
24550
24562
24572
24596
24598
24610
24624
24634
24636
24664
24666
24672
24674
24684
24686
24688
24688
24696
24702
24710
24718
24722
24728
24734
24734
24736
24736
24744
24746
24790
24792
24820
24822
24838
24850
24852
24856
24870
24872
24890
24894
24896
24898
24904
24916
24918
24930
24934
24936
24948
24952
24956
24956
24962
24988
24988
24988
24994
25008
25024
25058
25080
25084
25122
25134
25140
25150
25152
25176
25178
25196
25274
25302
25302
25314
25318
25322
25340
25360
25366
25390
25392
25402
25404
25454
25490
25516
25522
25538
25552
25564
25628
25650
25670
25696
25720
25728
25730
25746
25766
25876
25916
26088
26092
26120
26150
26294
26376
26542
26592
29944
31130
32022
32492
33024
33198
34012
34304
34404
34408
34462
34712
34832
34852
34920
34922
35046
35416
35830
36352
45076
45182
1974150
