Latencies
5148
5152
5154
5158
5170
5174
5184
5184
5186
5188
5190
5190
5192
5192
5192
5196
5198
5198
5202
5208
5212
5214
5214
5216
5216
5216
5218
5218
5220
5224
5224
5232
5232
5234
5236
5240
5240
5240
5242
5242
5244
5244
5244
5246
5246
5246
5248
5248
5248
5250
5250
5252
5252
5254
5256
5256
5258
5260
5260
5260
5260
5260
5262
5262
5264
5264
5264
5264
5266
5268
5268
5268
5268
5268
5270
5270
5272
5272
5272
5272
5274
5274
5274
5274
5276
5276
5278
5282
5282
5282
5282
5282
5282
5284
5286
5288
5288
5288
5288
5288
5290
5290
5290
5290
5292
5292
5294
5296
5296
5296
5298
5298
5298
5300
5300
5300
5300
5300
5300
5302
5302
5302
5304
5304
5304
5304
5306
5306
5308
5308
5308
5310
5310
5310
5310
5310
5310
5312
5312
5314
5316
5316
5316
5316
5318
5318
5318
5318
5320
5320
5320
5320
5320
5322
5322
5322
5322
5322
5322
5324
5324
5324
5326
5326
5328
5328
5328
5328
5330
5330
5332
5332
5334
5336
5336
5336
5336
5336
5336
5336
5340
5340
5340
5342
5342
5342
5342
5342
5344
5344
5344
5344
5344
5348
5348
5348
5348
5350
5350
5350
5352
5352
5354
5354
5356
5356
5356
5356
5358
5358
5358
5360
5360
5360
5362
5362
5362
5364
5364
5364
5366
5366
5366
5366
5366
5368
5368
5368
5368
5370
5372
5372
5372
5372
5372
5374
5374
5374
5374
5374
5374
5374
5374
5376
5380
5380
5380
5380
5380
5380
5380
5380
5382
5382
5382
5382
5382
5384
5384
5384
5384
5384
5384
5384
5386
5386
5386
5388
5388
5388
5390
5390
5390
5390
5392
5392
5394
5396
5396
5398
5398
5398
5398
5398
5400
5400
5400
5400
5400
5400
5400
5402
5402
5404
5404
5406
5406
5406
5406
5406
5408
5410
5410
5410
5410
5414
5416
5416
5416
5420
5420
5420
5422
5422
5424
5424
5424
5426
5426
5426
5426
5426
5428
5428
5428
5430
5430
5430
5432
5432
5432
5434
5434
5436
5438
5438
5438
5438
5440
5440
5440
5442
5442
5442
5442
5444
5444
5444
5444
5446
5448
5448
5450
5450
5450
5450
5450
5452
5452
5454
5454
5454
5456
5456
5460
5462
5462
5462
5462
5466
5466
5468
5470
5470
5470
5470
5472
5472
5472
5472
5474
5478
5480
5484
5486
5486
5488
5490
5490
5490
5496
5496
5496
5496
5498
5498
5500
5500
5500
5500
5502
5502
5504
5504
5504
5506
5510
5512
5514
5514
5516
5516
5516
5516
5516
5518
5520
5520
5520
5522
5524
5524
5524
5528
5530
5530
5532
5532
5534
5534
5536
5536
5536
5536
5540
5540
5542
5542
5546
5546
5548
5548
5556
5556
5556
5558
5558
5558
5558
5558
5560
5562
5566
5568
5568
5570
5570
5574
5576
5578
5578
5580
5582
5582
5584
5584
5584
5586
5590
5592
5592
5594
5594
5594
5598
5598
5598
5602
5606
5606
5608
5610
5614
5618
5624
5624
5626
5628
5628
5636
5636
5638
5640
5642
5644
5646
5648
5650
5652
5654
5656
5656
5656
5658
5660
5660
5660
5662
5662
5662
5664
5666
5668
5670
5676
5676
5676
5678
5680
5680
5682
5682
5686
5688
5692
5692
5694
5694
5696
5696
5698
5698
5704
5706
5706
5708
5710
5710
5712
5712
5712
5718
5722
5724
5726
5726
5730
5734
5736
5738
5740
5740
5742
5744
5746
5746
5746
5748
5748
5750
5754
5754
5756
5760
5766
5766
5770
5772
5772
5772
5778
5778
5778
5782
5784
5786
5786
5788
5790
5792
5794
5796
5796
5800
5802
5804
5808
5808
5808
5810
5810
5814
5814
5814
5814
5816
5816
5820
5822
5830
5830
5836
5844
5846
5848
5848
5848
5850
5852
5852
5852
5860
5862
5864
5864
5866
5870
5870
5872
5872
5874
5876
5876
5878
5884
5890
5890
5892
5892
5894
5896
5896
5900
5904
5906
5906
5906
5908
5918
5918
5922
5924
5928
5930
5932
5934
5938
5938
5940
5942
5942
5944
5946
5948
5950
5950
5952
5954
5956
5956
5956
5960
5960
5962
5964
5966
5972
5974
5976
5978
5978
5984
5986
5992
5998
5998
6000
6000
6002
6002
6002
6016
6016
6022
6026
6030
6030
6038
6040
6040
6042
6044
6048
6050
6054
6056
6060
6060
6064
6064
6066
6072
6078
6084
6090
6090
6092
6092
6094
6096
6098
6104
6106
6108
6108
6108
6108
6110
6110
6112
6114
6120
6124
6124
6124
6126
6130
6132
6142
6146
6150
6150
6152
6152
6162
6164
6166
6166
6166
6166
6174
6176
6184
6184
6188
6190
6192
6196
6200
6206
6210
6210
6212
6214
6222
6236
6238
6246
6250
6252
6256
6262
6268
6274
6274
6284
6304
6308
6308
6320
6330
6334
6334
6338
6342
6352
6366
6380
6390
6390
6400
6414
6434
6478
6502
6506
6514
6516
6518
6524
6534
6550
6682
6708
6712
6756
6794
6796
6798
6926
6934
6970
6994
7020
7084
7100
7202
7336
7450
7508
7544
7740
7746
7748
7782
8236
8244
8332
8434
8558
9010
9172
9814
9958
9966
10006
10166
10540
10730
10898
11238
11472
11480
11682
11732
11764
12250
12310
12502
12516
12604
12744
12996
13012
14032
14450
14614
15222
15436
15500
15842
16094
16196
16410
16444
16490
16538
16618
16718
17494
18228
18598
18668
18958
19038
19216
19316
19340
19506
19690
19806
19926
20058
21254
21378
21514
21840
21942
22138
22162
22460
22506
22614
22754
22936
23418
23428
24562
24648
24852
25060
25584
25888
26014
26372
26922
27040
27050
27078
27484
27888
28348
28468
28600
28600
28608
28710
28888
29374
29474
29534
29812
30332
31038
31080
31198
31928
32508
32944
33164
33408
33676
33724
33750
34120
34122
34790
35496
35560
35574
35656
35758
36090
36832
37910
40614
