Latencies
5108
5140
5152
5156
5160
5164
5166
5166
5166
5166
5170
5170
5172
5176
5180
5182
5184
5184
5186
5186
5186
5188
5188
5190
5190
5190
5192
5192
5192
5194
5194
5194
5194
5198
5200
5200
5206
5206
5206
5208
5210
5210
5210
5212
5212
5212
5212
5214
5214
5214
5216
5216
5220
5222
5224
5224
5224
5224
5232
5234
5234
5236
5238
5240
5240
5240
5240
5242
5242
5244
5248
5248
5250
5252
5252
5254
5256
5256
5256
5256
5256
5258
5260
5260
5260
5260
5262
5264
5264
5264
5266
5266
5268
5268
5270
5272
5272
5272
5272
5274
5274
5276
5278
5278
5278
5278
5278
5280
5282
5284
5284
5284
5286
5288
5288
5288
5288
5288
5288
5290
5290
5292
5292
5292
5292
5292
5292
5292
5294
5302
5304
5306
5306
5306
5306
5308
5308
5308
5308
5310
5310
5310
5310
5312
5312
5312
5312
5312
5314
5314
5316
5316
5318
5320
5322
5322
5322
5324
5324
5324
5326
5326
5326
5326
5328
5330
5332
5334
5334
5334
5334
5334
5334
5334
5336
5336
5336
5336
5336
5336
5338
5340
5340
5342
5342
5342
5344
5344
5344
5344
5346
5346
5346
5348
5348
5348
5350
5350
5352
5352
5354
5354
5354
5354
5354
5354
5356
5356
5356
5358
5358
5358
5358
5360
5360
5360
5362
5364
5364
5364
5364
5366
5366
5366
5366
5366
5370
5370
5370
5370
5372
5372
5372
5372
5372
5372
5372
5372
5374
5374
5374
5374
5374
5374
5376
5376
5378
5380
5380
5380
5380
5382
5382
5382
5384
5384
5384
5384
5386
5388
5388
5388
5390
5390
5392
5392
5392
5392
5394
5394
5394
5394
5396
5396
5398
5398
5398
5398
5398
5398
5398
5400
5400
5400
5402
5402
5402
5402
5402
5402
5404
5404
5404
5404
5404
5404
5406
5406
5406
5406
5408
5408
5408
5408
5408
5410
5410
5410
5410
5410
5412
5412
5412
5412
5412
5412
5414
5414
5414
5414
5416
5416
5416
5416
5416
5416
5416
5416
5418
5418
5418
5418
5418
5418
5418
5418
5418
5420
5420
5420
5420
5420
5420
5422
5422
5422
5422
5422
5424
5424
5424
5424
5424
5424
5424
5426
5426
5426
5426
5428
5428
5428
5428
5428
5428
5428
5428
5428
5430
5430
5430
5430
5432
5432
5432
5434
5434
5434
5434
5434
5436
5436
5436
5436
5436
5438
5438
5438
5440
5440
5440
5442
5442
5442
5446
5446
5448
5450
5450
5450
5450
5452
5452
5454
5454
5454
5456
5456
5458
5458
5458
5460
5460
5460
5462
5466
5466
5466
5470
5470
5470
5472
5472
5476
5476
5476
5476
5478
5478
5480
5480
5480
5482
5482
5484
5484
5486
5486
5486
5486
5486
5488
5488
5490
5494
5494
5494
5494
5494
5494
5494
5496
5498
5498
5498
5498
5498
5498
5498
5500
5502
5502
5506
5508
5508
5508
5510
5510
5512
5512
5512
5514
5514
5514
5514
5516
5516
5518
5518
5520
5520
5522
5522
5526
5532
5534
5534
5534
5534
5534
5536
5536
5538
5540
5542
5542
5544
5544
5544
5546
5546
5546
5548
5548
5550
5550
5552
5552
5552
5554
5554
5560
5560
5560
5564
5564
5566
5568
5570
5570
5570
5570
5572
5576
5580
5580
5580
5582
5584
5584
5586
5586
5588
5588
5588
5592
5592
5592
5592
5594
5598
5598
5598
5606
5606
5606
5608
5610
5610
5614
5618
5618
5618
5620
5622
5624
5628
5630
5630
5632
5632
5634
5636
5640
5642
5644
5644
5644
5646
5646
5646
5646
5650
5652
5652
5652
5652
5654
5662
5664
5664
5664
5664
5664
5668
5672
5674
5674
5678
5678
5682
5686
5688
5690
5698
5700
5704
5706
5706
5710
5710
5712
5714
5714
5718
5718
5722
5724
5726
5726
5726
5728
5732
5732
5732
5736
5736
5740
5740
5748
5748
5750
5752
5752
5758
5760
5760
5764
5764
5768
5770
5770
5770
5772
5776
5776
5782
5782
5782
5784
5786
5788
5788
5788
5790
5794
5794
5798
5798
5804
5806
5806
5808
5808
5814
5814
5816
5816
5816
5820
5828
5828
5830
5830
5836
5838
5840
5840
5842
5842
5844
5844
5844
5848
5848
5850
5850
5850
5852
5856
5858
5860
5862
5862
5870
5872
5872
5876
5878
5880
5880
5882
5882
5884
5890
5894
5894
5896
5898
5900
5902
5902
5904
5904
5916
5918
5918
5918
5922
5924
5924
5924
5926
5930
5932
5936
5936
5936
5938
5940
5942
5944
5944
5946
5950
5952
5954
5956
5962
5962
5966
5966
5966
5970
5972
5976
5976
5980
5982
5988
6010
6010
6010
6012
6012
6012
6018
6018
6020
6022
6026
6030
6032
6034
6036
6036
6036
6042
6050
6056
6060
6060
6064
6068
6078
6080
6086
6088
6090
6092
6100
6106
6108
6108
6112
6116
6122
6130
6140
6144
6152
6154
6154
6154
6156
6160
6166
6166
6168
6168
6168
6170
6172
6172
6174
6176
6182
6184
6184
6186
6188
6192
6196
6200
6202
6204
6206
6206
6206
6208
6212
6214
6218
6242
6250
6258
6274
6278
6280
6280
6282
6284
6286
6286
6288
6288
6294
6294
6296
6300
6322
6326
6328
6336
6344
6352
6354
6368
6372
6378
6386
6422
6426
6458
6460
6484
6504
6504
6508
6508
6558
6566
6602
6612
6624
6632
6640
6650
6662
6680
6684
6700
6708
6714
6730
6746
6748
6912
6932
7086
7104
7112
7124
7174
7184
7232
7308
7312
7358
7444
7466
7490
7536
7562
7622
7622
7690
7774
7900
8124
8126
8332
8970
9070
9160
9226
9352
9606
9606
9662
9682
9920
9924
10090
10100
10206
10242
10494
10710
10858
10990
11056
11228
11274
11314
11422
11662
11714
11754
11760
11836
12060
12068
12126
12194
12196
12436
12510
12558
12862
13004
13158
13378
13508
13678
13782
14188
14540
14598
14788
15000
15114
15460
15480
15760
16310
16322
16648
16782
18012
18228
18662
19266
19392
19570
19640
19888
19918
20302
20838
20944
21214
21288
22564
22598
22634
22644
22710
23758
24074
24650
24884
25016
25210
25542
25704
25754
25886
26374
26820
27214
28800
29948
31022
31168
31538
31684
32864
33004
33362
33844
35428
35566
35652
38266
42916
43036
