Latencies
5004
5018
5020
5020
5038
5042
5058
5060
5066
5072
5074
5074
5074
5076
5082
5082
5084
5090
5092
5092
5096
5098
5100
5102
5102
5104
5104
5104
5106
5110
5112
5112
5116
5118
5120
5122
5124
5128
5128
5130
5132
5132
5132
5132
5142
5142
5142
5142
5144
5146
5146
5150
5150
5150
5152
5152
5156
5156
5158
5158
5158
5160
5160
5164
5164
5164
5164
5166
5168
5168
5170
5170
5172
5172
5172
5172
5172
5174
5174
5174
5176
5176
5176
5178
5182
5182
5182
5184
5184
5184
5184
5186
5186
5186
5188
5188
5188
5190
5190
5190
5192
5192
5192
5192
5192
5192
5192
5194
5196
5196
5196
5198
5198
5198
5198
5200
5200
5200
5202
5202
5204
5204
5206
5206
5206
5206
5208
5208
5208
5210
5212
5212
5212
5212
5212
5212
5214
5214
5214
5214
5214
5214
5216
5218
5218
5218
5218
5218
5220
5220
5220
5220
5222
5222
5222
5222
5222
5222
5222
5222
5222
5224
5224
5226
5226
5226
5228
5228
5230
5230
5230
5232
5232
5232
5232
5234
5236
5236
5236
5236
5238
5238
5238
5238
5238
5240
5240
5240
5240
5240
5240
5240
5242
5242
5242
5242
5242
5242
5244
5244
5244
5244
5246
5246
5246
5246
5246
5246
5248
5248
5248
5248
5248
5250
5250
5250
5250
5250
5250
5250
5252
5252
5252
5252
5252
5252
5252
5254
5254
5254
5254
5254
5254
5254
5254
5256
5256
5256
5258
5258
5258
5258
5258
5258
5258
5258
5260
5260
5260
5260
5260
5262
5262
5262
5264
5264
5264
5264
5264
5266
5266
5266
5266
5266
5266
5266
5266
5268
5268
5268
5268
5268
5268
5268
5270
5270
5270
5270
5270
5270
5270
5270
5272
5272
5274
5274
5274
5274
5276
5276
5276
5276
5278
5278
5278
5278
5278
5278
5280
5280
5280
5280
5280
5282
5282
5282
5282
5282
5284
5286
5286
5286
5286
5288
5288
5288
5288
5288
5290
5290
5290
5292
5292
5292
5292
5294
5296
5296
5298
5300
5300
5300
5302
5302
5302
5302
5304
5304
5306
5306
5306
5306
5308
5308
5308
5308
5310
5310
5310
5310
5312
5312
5312
5312
5314
5314
5314
5314
5316
5316
5316
5316
5318
5318
5318
5320
5320
5322
5322
5322
5322
5322
5324
5324
5324
5326
5326
5326
5328
5330
5330
5330
5332
5332
5332
5332
5334
5334
5334
5334
5334
5336
5336
5336
5338
5338
5340
5342
5342
5342
5344
5344
5344
5346
5348
5348
5348
5350
5352
5352
5352
5352
5354
5354
5356
5356
5356
5360
5360
5360
5362
5362
5362
5362
5362
5364
5364
5368
5368
5368
5368
5370
5372
5372
5374
5376
5376
5378
5380
5380
5380
5382
5382
5386
5388
5388
5388
5390
5390
5392
5392
5392
5392
5394
5394
5394
5394
5396
5396
5396
5398
5398
5398
5400
5400
5400
5400
5400
5402
5402
5404
5404
5404
5406
5406
5410
5410
5414
5414
5416
5416
5416
5416
5418
5418
5418
5422
5422
5422
5422
5424
5424
5426
5426
5428
5430
5430
5430
5432
5432
5432
5434
5436
5436
5436
5440
5440
5442
5442
5444
5444
5444
5446
5446
5446
5448
5448
5450
5450
5450
5452
5454
5456
5458
5458
5462
5462
5464
5464
5466
5468
5468
5470
5470
5470
5470
5472
5474
5476
5476
5478
5478
5478
5478
5480
5486
5488
5488
5488
5490
5492
5494
5494
5496
5496
5496
5498
5502
5502
5504
5504
5506
5508
5508
5510
5510
5512
5514
5518
5518
5518
5518
5522
5524
5524
5526
5528
5530
5530
5530
5532
5534
5536
5538
5540
5540
5540
5542
5542
5544
5544
5546
5550
5554
5554
5556
5558
5558
5562
5562
5564
5564
5564
5564
5566
5566
5568
5570
5572
5576
5576
5578
5578
5580
5580
5582
5582
5584
5590
5590
5590
5592
5592
5594
5594
5600
5600
5600
5604
5606
5606
5606
5606
5610
5616
5616
5620
5620
5622
5624
5626
5628
5628
5632
5632
5632
5632
5634
5638
5640
5642
5644
5646
5646
5646
5646
5648
5650
5650
5652
5654
5658
5658
5660
5660
5662
5662
5662
5668
5672
5676
5676
5686
5686
5690
5690
5694
5694
5694
5696
5696
5698
5698
5698
5700
5702
5702
5702
5702
5704
5704
5704
5706
5710
5718
5722
5730
5732
5734
5738
5738
5740
5740
5742
5754
5758
5760
5766
5766
5768
5770
5772
5774
5780
5784
5788
5796
5798
5800
5800
5800
5800
5802
5812
5814
5822
5834
5834
5836
5840
5840
5840
5844
5844
5846
5846
5848
5852
5852
5856
5856
5858
5860
5862
5866
5868
5868
5870
5872
5872
5874
5876
5878
5884
5888
5888
5894
5894
5894
5900
5906
5914
5916
5916
5918
5918
5922
5922
5928
5930
5930
5932
5932
5936
5938
5940
5942
5948
5950
5956
5956
5958
5958
5960
5962
5966
5970
5976
5976
5978
5982
5988
5996
6006
6008
6008
6010
6010
6014
6018
6020
6022
6022
6024
6026
6028
6030
6032
6040
6048
6050
6054
6058
6066
6066
6072
6076
6078
6090
6096
6098
6102
6104
6106
6114
6114
6116
6116
6118
6118
6120
6122
6134
6142
6156
6158
6164
6168
6180
6186
6202
6202
6208
6224
6228
6230
6238
6238
6238
6250
6258
6260
6264
6264
6272
6284
6294
6330
6362
6370
6372
6378
6394
6400
6440
6456
6458
6462
6470
6494
6516
6524
6580
6590
6616
6634
6662
6684
6696
6698
6706
6720
6780
6922
6950
6962
6972
6990
6992
7134
7156
7168
7170
7172
7202
7226
7228
7248
7482
7552
7664
7778
7986
7990
8116
8148
8202
8312
8456
8652
8880
9192
9244
9348
9542
9544
9740
9874
10198
10210
10278
10472
10760
10842
11232
11282
11350
12036
12198
12444
12544
12560
12578
12842
13316
13434
13448
14052
14150
14184
14338
14514
14578
14580
15104
15178
15246
15248
15364
15680
16210
16232
17294
17880
18412
19026
19522
19900
20108
20566
21320
21768
21800
22054
22118
22200
22662
22704
23012
24316
24912
25724
26230
27264
28252
29314
29652
30710
30830
31710
32044
33064
33850
34770
35512
35738
36998
39002
50596
