Latencies
5094
5124
5144
5152
5160
5162
5164
5164
5166
5168
5178
5178
5180
5192
5192
5194
5194
5198
5202
5206
5210
5210
5212
5216
5222
5224
5226
5226
5228
5230
5230
5232
5232
5232
5234
5242
5242
5242
5244
5248
5248
5250
5250
5256
5262
5262
5264
5264
5266
5268
5272
5274
5274
5276
5276
5278
5280
5280
5282
5282
5282
5282
5284
5286
5286
5286
5286
5288
5288
5290
5290
5292
5292
5294
5294
5300
5302
5302
5304
5308
5308
5310
5312
5314
5314
5314
5316
5316
5316
5316
5318
5320
5320
5320
5320
5320
5320
5322
5322
5322
5324
5324
5324
5324
5324
5326
5326
5328
5328
5328
5330
5330
5330
5332
5332
5332
5334
5334
5336
5336
5336
5336
5336
5336
5336
5336
5338
5338
5340
5340
5340
5340
5340
5342
5342
5342
5346
5346
5348
5348
5348
5350
5350
5350
5352
5352
5352
5354
5354
5354
5356
5356
5356
5358
5358
5358
5358
5360
5360
5360
5360
5360
5360
5362
5362
5364
5364
5364
5366
5366
5366
5366
5366
5366
5368
5368
5368
5368
5368
5370
5370
5370
5370
5372
5372
5374
5374
5376
5376
5376
5378
5378
5378
5378
5378
5378
5380
5380
5380
5382
5382
5382
5382
5384
5384
5384
5384
5388
5390
5390
5392
5392
5392
5394
5396
5396
5396
5396
5398
5398
5398
5400
5400
5400
5400
5400
5402
5402
5404
5404
5406
5406
5408
5408
5408
5408
5412
5412
5412
5412
5414
5414
5414
5416
5416
5418
5418
5420
5420
5420
5422
5422
5426
5426
5428
5428
5428
5428
5428
5430
5430
5430
5432
5432
5432
5432
5432
5434
5434
5434
5434
5436
5436
5438
5438
5440
5440
5440
5442
5442
5444
5444
5444
5446
5446
5446
5446
5448
5450
5450
5450
5452
5452
5452
5454
5454
5454
5454
5454
5454
5454
5456
5458
5458
5458
5460
5460
5460
5460
5460
5460
5460
5460
5462
5462
5462
5462
5462
5462
5464
5464
5464
5464
5466
5466
5466
5466
5468
5468
5468
5470
5470
5470
5470
5472
5472
5472
5472
5472
5472
5472
5472
5474
5474
5476
5476
5476
5476
5478
5478
5478
5480
5480
5480
5482
5482
5482
5484
5484
5484
5484
5484
5486
5486
5486
5490
5490
5492
5492
5492
5494
5494
5496
5498
5498
5498
5498
5498
5500
5500
5500
5500
5500
5500
5500
5502
5502
5502
5502
5504
5504
5504
5504
5506
5506
5508
5508
5510
5510
5510
5510
5512
5512
5512
5514
5514
5514
5514
5514
5514
5514
5514
5516
5516
5518
5518
5518
5518
5518
5520
5520
5520
5520
5520
5522
5522
5522
5524
5524
5524
5524
5524
5526
5526
5528
5528
5530
5530
5530
5530
5530
5530
5530
5532
5532
5532
5532
5534
5534
5534
5534
5536
5536
5536
5536
5536
5536
5538
5538
5538
5538
5538
5540
5542
5542
5542
5544
5544
5546
5548
5548
5548
5548
5548
5550
5550
5552
5552
5554
5554
5554
5556
5556
5556
5556
5558
5558
5558
5558
5558
5558
5560
5560
5562
5562
5564
5564
5564
5566
5566
5566
5568
5568
5568
5568
5568
5570
5572
5572
5574
5574
5574
5576
5580
5582
5584
5584
5584
5586
5588
5590
5590
5590
5592
5592
5594
5594
5594
5598
5600
5600
5602
5606
5606
5608
5610
5610
5612
5612
5612
5612
5612
5612
5612
5612
5616
5618
5618
5618
5622
5622
5624
5624
5624
5628
5630
5630
5630
5632
5632
5632
5636
5638
5640
5642
5644
5644
5644
5646
5646
5646
5648
5648
5648
5650
5650
5650
5652
5652
5654
5656
5656
5656
5658
5658
5660
5660
5662
5662
5666
5666
5668
5670
5672
5674
5674
5674
5674
5674
5676
5676
5676
5676
5680
5680
5680
5680
5682
5688
5688
5690
5692
5702
5704
5706
5708
5708
5708
5708
5710
5710
5712
5714
5718
5718
5718
5718
5728
5732
5732
5732
5734
5736
5738
5738
5738
5740
5742
5744
5746
5746
5748
5752
5754
5756
5756
5758
5758
5764
5764
5764
5766
5766
5766
5766
5768
5770
5770
5772
5772
5772
5774
5774
5776
5778
5780
5780
5782
5784
5784
5784
5786
5786
5788
5788
5788
5790
5792
5792
5798
5802
5802
5802
5804
5806
5808
5810
5818
5822
5824
5828
5828
5828
5830
5830
5832
5836
5840
5842
5842
5842
5844
5846
5856
5856
5856
5856
5862
5864
5864
5864
5870
5872
5876
5878
5880
5886
5888
5888
5890
5890
5892
5892
5894
5894
5902
5904
5906
5910
5910
5910
5910
5914
5922
5928
5928
5932
5932
5934
5934
5934
5938
5940
5940
5944
5952
5952
5956
5958
5960
5962
5962
5964
5964
5966
5974
5974
5974
5976
5976
5978
5978
5978
5980
5982
5988
5988
5990
5996
5998
6004
6004
6006
6008
6012
6014
6014
6020
6024
6024
6024
6024
6026
6026
6028
6034
6034
6034
6036
6040
6046
6048
6050
6058
6058
6062
6062
6064
6072
6072
6076
6076
6080
6084
6086
6088
6090
6090
6090
6094
6096
6100
6108
6108
6108
6116
6120
6126
6128
6132
6132
6132
6134
6138
6140
6144
6144
6146
6148
6150
6150
6154
6156
6158
6158
6164
6170
6176
6178
6188
6196
6214
6214
6222
6226
6226
6240
6250
6256
6258
6262
6264
6264
6264
6270
6274
6288
6294
6296
6308
6308
6308
6312
6318
6326
6328
6350
6354
6356
6368
6386
6396
6396
6398
6400
6400
6406
6416
6416
6436
6460
6464
6466
6470
6472
6474
6484
6490
6502
6504
6522
6524
6526
6526
6548
6608
6644
6678
6730
6758
6778
6840
6846
7000
7190
7226
7230
7332
7344
7368
7424
7444
7622
7632
7666
8118
8190
8430
8476
8630
8870
8904
9068
9072
9238
9286
9472
9542
9842
9920
9954
10112
10522
10988
11290
11500
11692
11876
12162
12218
12328
12684
12946
13918
14552
14644
14800
14930
14974
14982
15062
15214
15664
15724
15816
15956
16312
16582
16806
17102
17316
17882
18032
18246
19326
19364
19680
20418
20748
20910
21262
21338
21658
22238
22702
22800
22956
23556
24320
24552
24892
26130
26242
26884
28318
29110
29690
30502
32746
35250
35272
36216
36346
37710
39098
