Latencies
5614
5790
5798
5822
6080
6120
6168
6192
6276
6290
6358
6406
6466
6536
6742
7104
7534
7624
7732
7810
7992
8016
8098
8278
8282
8350
8570
8826
9038
9316
9670
9682
9804
10074
10300
10526
10544
10624
10672
10764
10866
11062
11170
11248
11384
11700
11782
11826
11986
12062
12222
12242
12412
12474
12578
12616
12742
12782
12810
12864
12896
13084
13182
13222
13236
13488
13532
13716
13846
14156
14456
14526
14580
14586
14674
14756
15024
15048
15126
15138
15156
15168
15188
15194
15202
15268
15354
15390
15442
15512
15558
15584
15586
15648
15686
15738
15758
15768
15792
15802
15896
15926
15954
15984
16012
16028
16038
16054
16058
16170
16188
16212
16212
16276
16288
16342
16350
16438
16452
16460
16498
16500
16516
16528
16536
16562
16578
16586
16624
16666
16702
16716
16762
16782
16818
16840
16888
16902
16934
16968
16976
17042
17050
17218
17286
17348
17350
17520
17572
17592
17594
17672
17736
17762
17766
17788
17878
17890
17932
17968
18048
18100
18132
18210
18236
18312
18354
18406
18526
18598
18666
18682
18752
18804
18814
18922
19000
19022
19046
19210
19390
19390
19394
19492
19532
19590
19608
19716
19722
19768
19784
19838
19868
19904
20000
20036
20110
20114
20176
20204
20236
20236
20260
20300
20316
20394
20408
20416
20460
20466
20514
20514
20522
20542
20610
20626
20628
20794
20810
20884
20920
20970
21000
21022
21098
21126
21134
21166
21168
21178
21262
21270
21306
21360
21370
21384
21464
21574
21678
21744
21798
21810
21822
21834
21878
21906
22076
22166
22198
22282
22284
22338
22376
22380
22396
22402
22454
22530
22544
22590
22622
22648
22668
22700
22716
22820
22932
22960
22968
23024
23056
23090
23160
23242
23326
23402
23430
23518
23524
23548
23550
23610
23648
23650
23670
23700
23716
23734
23750
23750
23764
23768
23836
23932
23946
23998
24008
24080
24090
24116
24276
24286
24316
24322
24334
24348
24358
24424
24480
24536
24604
24612
24638
24644
24644
24658
24692
24730
24744
24764
24828
24834
24842
24874
24892
24932
24934
24952
24994
25000
25016
25036
25084
25120
25148
25166
25208
25218
25252
25264
25266
25322
25326
25362
25374
25378
25382
25382
25382
25396
25430
25456
25470
25528
25534
25556
25570
25614
25636
25640
25718
25730
25738
25740
25770
25782
25786
25820
25852
25854
25856
25860
25952
25956
26030
26038
26140
26204
26206
26296
26380
26380
26404
26474
26494
26558
26734
26788
26838
26844
26934
26946
27010
27048
27146
27188
27246
27268
27386
27390
27440
27552
27592
27598
27654
27654
27666
27746
27776
27778
27802
27812
27816
27830
27832
27868
27886
27926
27990
28266
28346
28354
28394
28410
28422
28424
28454
28516
28656
28662
28690
28724
28786
28794
28828
28846
28854
28868
28974
28982
29032
29076
29090
29108
29132
29136
29170
29222
29286
29286
29286
29316
29332
29354
29360
29386
29432
29476
29482
29490
29492
29496
29510
29538
29606
29692
29702
29716
29748
29880
29940
29944
29966
29970
29984
30056
30124
30150
30150
30234
30278
30284
30290
30296
30318
30340
30350
30406
30462
30720
30730
30736
30762
30782
30786
30890
30918
30940
30944
30968
30976
30976
30988
31028
31042
31074
31098
31176
31192
31200
31224
31374
31392
31426
31446
31470
31470
31484
31602
31746
31778
31778
31842
31874
31914
31932
31978
32004
32008
32018
32032
32036
32126
32144
32154
32188
32248
32252
32312
32422
32438
32472
32482
32496
32544
32656
32768
32804
32842
32910
33014
33014
33034
33102
33124
33156
33190
33208
33216
33242
33246
33260
33272
33286
33314
33318
33330
33364
33366
33368
33378
33392
33452
33470
33518
33532
33542
33542
33574
33608
33656
33702
33710
33724
33734
33742
33792
33822
33854
33860
33862
33908
33976
34026
34052
34056
34086
34112
34136
34142
34150
34202
34238
34238
34252
34254
34270
34276
34282
34294
34298
34336
34336
34360
34374
34376
34378
34378
34404
34414
34418
34424
34440
34470
34476
34488
34512
34518
34580
34608
34658
34694
34720
34730
34750
34758
34770
34776
34776
34780
34814
34850
34852
34884
34886
34940
34940
34964
34976
35002
35034
35060
35076
35126
35194
35206
35210
35212
35230
35258
35278
35286
35294
35298
35300
35310
35326
35334
35356
35360
35404
35444
35446
35454
35600
35612
35642
35648
35666
35668
35672
35682
35698
35738
35770
35804
35834
35922
35978
36042
36072
36108
36448
36514
36546
36724
36766
36776
36802
36870
36898
36912
36942
37048
37172
37338
37352
37454
37460
37526
37618
37634
37670
37712
37956
38240
38252
38254
38258
38330
38512
38538
38538
38698
38710
38718
38744
38868
38872
38932
39036
39092
39102
39582
40094
40102
40164
40190
40508
40584
40668
40680
40778
40878
40940
41104
41118
41138
41242
41416
41454
41538
41642
41672
41698
41738
42082
42086
42160
42222
42390
42460
42784
42858
43154
43402
43546
43564
43564
43622
43726
43736
43820
43968
43996
44010
44042
44130
44230
44290
44368
44374
44384
44422
44442
44456
44566
44612
44616
44824
44880
44968
45024
45036
45062
45086
45126
45252
45350
45362
45488
45572
45662
45684
45714
45794
45856
46136
46196
46266
46294
46396
46506
46512
46624
46840
47058
47060
47360
47366
47440
47516
47548
47592
47730
47742
47962
47970
48022
48094
48120
48258
48460
48572
48842
48872
48962
49078
49200
49212
49242
49448
49608
49684
49738
49770
49778
49990
50068
50210
50284
50332
50454
50598
50602
50692
50748
51034
51094
51496
51504
51624
51716
51778
52092
52094
52164
52282
52304
52368
52576
52726
52794
52822
52828
52878
52940
52942
53014
53208
53212
53242
53292
53342
53418
53426
53428
53442
53492
53508
53526
53566
53614
53652
53704
53710
53718
53742
53794
53808
53864
53866
53866
53950
53952
53964
53964
53972
53988
54014
54036
54054
54088
54090
54132
54138
54142
54144
54164
54170
54170
54210
54276
54296
54338
54340
54340
54350
54350
54352
54394
54394
54470
54506
54542
54548
54564
54574
54610
54644
54704
54784
54916
54924
55072
55132
55240
55516
55846
56040
56094
56272
56862
56902
57000
57136
58010
58528
58712
59630
60842
61950
62572
63052
63072
63490
63550
63598
63600
63600
63666
63696
63726
63816
64054
64172
64278
67024
70802
80344
86190
94806
102872
116668
117224
120632
121666
123628
155472
159162
213952
269454
432216
501294
522280
679376
936758
1256450
2622510
4641810
