Latencies
8062
7412
5270
35420
42108
5404
5648
25456
5258
24574
5248
5154
5488
10934
5272
11702
5306
5534
5356
5642
5924
5248
5302
5236
5250
5332
5250
5232
5864
5274
7486
5846
5068
5236
5738
5496
5186
5262
5748
5126
5246
5246
5414
5524
5300
6686
4992
5392
5422
5818
5292
5230
5682
5342
5434
5350
5390
5312
5744
5118
5980
5350
5756
5214
5878
5208
6076
35798
5272
5478
5442
5210
5276
5536
5300
6660
5264
5648
5174
35134
5224
5348
5452
5316
5250
5684
5882
24480
5310
5222
5640
5204
35784
5218
5272
5430
5558
5206
5276
5218
5210
5274
5180
6698
5264
5268
5216
10786
5232
5444
5286
5720
5230
5764
5278
5518
5078
5902
5284
5680
5354
5692
5194
6066
5220
5936
5200
5402
5258
23352
5070
5214
8094
5360
5232
5390
5338
5524
5228
5350
5120
6740
5350
5242
5868
7978
5160
35862
10528
5172
5214
5362
5196
10724
5222
27326
5430
5334
5330
5256
5248
5278
5868
10868
5256
5780
5288
24344
5650
10712
5394
5298
5234
5630
7132
5864
5522
5412
5138
5790
5232
5188
5222
5300
5066
5184
5284
5308
5164
5256
5806
10752
5016
35306
5320
5340
5938
5222
5538
5598
5316
5342
5716
5276
5602
6724
5090
5244
5256
5332
10258
5468
5238
5216
5080
5122
5240
5100
5266
5286
5492
6638
5246
5170
24232
10686
5216
5216
5218
5244
5724
5074
5888
65638
5922
34864
5082
5592
5544
11098
5162
5508
41928
5172
5130
5170
5540
40656
5128
5140
5862
5134
5186
5312
22600
6760
26128
5732
5242
5602
5298
5598
5102
5890
5248
5818
5242
5818
5372
5686
5206
5818
5206
5848
5268
5836
5286
5768
5538
5640
5362
5956
5254
5484
5248
5810
5900
5400
5172
5462
7016
5236
5212
5234
6154
5300
5878
5262
5538
5386
5566
5188
5754
5238
5780
5276
5710
36122
5456
5500
5466
5626
5242
5796
5256
25230
5300
5778
5068
5846
5342
5600
5378
6838
5304
5224
5276
35520
5192
5216
5276
5134
5366
5358
5548
49622
5160
5216
24004
16388
5236
18968
5256
5198
5466
27304
5194
5228
5872
5280
10848
5882
5202
5792
6008
5204
5204
36592
5950
5222
5232
5208
5200
5220
5274
25444
5064
11494
5266
5418
5182
5182
5190
5238
5270
5270
5136
5188
5252
5608
5302
5850
5272
5200
5358
5308
35788
5248
5274
5252
5318
5258
5262
5274
24972
5278
6708
5874
5138
5038
5092
5076
5034
5782
5954
5100
5872
5234
5718
5050
5916
5442
5526
5136
5796
7666
5358
5200
5556
5234
5506
5212
5746
5686
5308
5308
5660
5172
5788
5448
35706
5300
5196
5196
5314
5662
5232
5818
25382
5148
5184
5166
5026
