Latencies
5138
5142
5144
5152
5156
5160
5160
5168
5172
5178
5182
5192
5196
5202
5204
5206
5206
5208
5208
5210
5212
5216
5218
5220
5220
5222
5224
5226
5226
5226
5228
5230
5232
5236
5236
5238
5240
5240
5240
5244
5244
5248
5250
5250
5254
5256
5256
5256
5258
5260
5260
5260
5262
5264
5266
5268
5270
5274
5276
5276
5278
5280
5284
5284
5284
5284
5286
5286
5290
5292
5292
5294
5294
5294
5296
5296
5296
5298
5298
5298
5300
5300
5300
5302
5304
5304
5304
5306
5306
5308
5308
5308
5308
5308
5308
5310
5310
5310
5314
5314
5314
5314
5314
5314
5316
5318
5318
5320
5320
5320
5320
5320
5320
5320
5320
5322
5322
5322
5322
5324
5324
5326
5326
5326
5326
5328
5328
5328
5330
5330
5330
5332
5332
5332
5332
5332
5332
5332
5332
5334
5334
5334
5336
5336
5336
5336
5336
5338
5338
5338
5338
5340
5340
5340
5340
5342
5342
5342
5342
5342
5342
5344
5344
5344
5344
5344
5346
5346
5346
5346
5348
5348
5348
5348
5350
5350
5350
5350
5350
5350
5352
5354
5354
5354
5354
5354
5354
5356
5356
5356
5356
5356
5356
5356
5358
5358
5358
5358
5358
5358
5360
5360
5360
5360
5360
5362
5362
5362
5362
5362
5364
5364
5364
5364
5366
5368
5368
5370
5370
5370
5372
5372
5372
5372
5372
5374
5374
5374
5374
5376
5376
5376
5376
5376
5376
5376
5378
5378
5378
5380
5380
5380
5380
5380
5380
5380
5382
5382
5382
5384
5384
5384
5384
5384
5384
5384
5386
5386
5386
5388
5390
5390
5390
5390
5390
5390
5392
5392
5392
5392
5392
5394
5396
5396
5396
5398
5398
5398
5398
5398
5398
5400
5400
5400
5402
5402
5402
5404
5404
5404
5404
5406
5406
5406
5408
5408
5408
5410
5410
5410
5410
5412
5412
5412
5412
5414
5414
5414
5414
5414
5418
5418
5424
5424
5424
5424
5426
5426
5426
5428
5428
5428
5430
5430
5430
5430
5432
5432
5432
5432
5432
5434
5436
5436
5436
5436
5436
5438
5438
5438
5438
5440
5440
5442
5442
5444
5444
5444
5444
5444
5446
5448
5448
5448
5450
5452
5452
5452
5452
5454
5454
5454
5454
5454
5454
5456
5456
5458
5458
5462
5462
5464
5466
5466
5466
5468
5468
5468
5470
5470
5470
5470
5470
5472
5474
5474
5476
5476
5478
5478
5480
5480
5482
5482
5482
5484
5484
5484
5486
5488
5488
5488
5490
5490
5492
5496
5498
5498
5498
5500
5500
5500
5502
5504
5504
5504
5504
5504
5504
5506
5506
5506
5508
5508
5510
5514
5516
5518
5518
5518
5520
5520
5522
5522
5522
5524
5524
5524
5526
5526
5528
5528
5528
5534
5536
5536
5536
5536
5536
5536
5536
5538
5538
5538
5538
5540
5542
5544
5544
5544
5552
5552
5552
5554
5554
5560
5560
5560
5560
5560
5562
5564
5564
5564
5566
5566
5568
5568
5568
5570
5570
5570
5572
5572
5576
5576
5576
5576
5578
5584
5584
5584
5584
5586
5586
5588
5588
5592
5594
5594
5596
5600
5600
5602
5604
5604
5604
5604
5606
5606
5608
5612
5614
5616
5618
5618
5620
5620
5620
5622
5622
5622
5624
5626
5628
5628
5628
5628
5630
5630
5632
5634
5634
5638
5638
5638
5638
5642
5642
5642
5644
5644
5644
5644
5644
5644
5644
5644
5648
5648
5650
5650
5654
5656
5658
5662
5666
5666
5670
5670
5672
5674
5674
5674
5676
5676
5676
5678
5678
5678
5680
5682
5682
5684
5684
5692
5692
5692
5692
5696
5698
5702
5706
5710
5712
5716
5718
5718
5718
5718
5720
5722
5724
5726
5728
5728
5732
5736
5736
5742
5746
5746
5748
5750
5750
5754
5756
5758
5758
5760
5760
5762
5762
5762
5764
5766
5766
5768
5768
5772
5774
5774
5776
5780
5782
5782
5784
5788
5794
5798
5798
5798
5800
5800
5802
5806
5806
5808
5810
5810
5812
5812
5814
5816
5818
5822
5826
5826
5828
5828
5836
5840
5844
5846
5846
5848
5848
5850
5850
5852
5854
5860
5864
5866
5868
5870
5876
5876
5876
5880
5880
5880
5882
5882
5886
5886
5888
5890
5892
5898
5902
5902
5906
5906
5910
5914
5918
5924
5924
5928
5930
5934
5936
5936
5944
5944
5948
5948
5948
5950
5952
5954
5958
5960
5960
5962
5962
5962
5962
5966
5970
5972
5974
5974
5974
5978
5980
5982
5982
5982
5984
5990
5990
5994
5994
6002
6004
6012
6012
6014
6020
6022
6022
6022
6026
6026
6028
6030
6030
6030
6032
6034
6038
6040
6042
6042
6042
6044
6044
6044
6046
6048
6052
6058
6060
6060
6062
6062
6062
6064
6080
6080
6080
6082
6086
6088
6088
6092
6092
6094
6096
6096
6098
6100
6102
6106
6120
6124
6126
6126
6136
6140
6140
6146
6150
6150
6152
6156
6164
6164
6168
6170
6174
6178
6180
6186
6186
6190
6190
6206
6206
6208
6220
6220
6230
6242
6244
6258
6258
6258
6264
6274
6276
6282
6290
6292
6292
6296
6318
6318
6326
6344
6344
6350
6352
6356
6362
6366
6374
6374
6374
6380
6382
6384
6392
6392
6400
6400
6400
6408
6410
6410
6416
6424
6448
6458
6472
6480
6484
6506
6508
6514
6534
6552
6560
6566
6574
6580
6600
6604
6624
6632
6666
6670
6686
6738
6744
6822
6830
6890
6896
6960
6996
7076
7098
7114
7156
7184
7242
7288
7322
7398
7440
7460
7502
7518
7618
7692
7772
7812
7818
8300
8322
8342
8400
8524
8638
9184
9184
9194
9338
9362
9550
9592
9652
9702
9832
10002
10124
10160
10884
11102
11122
11158
11274
11300
11366
11456
11580
11656
11800
11942
11970
12324
12378
12454
12514
12528
12554
13052
13330
13418
13722
13768
13792
14016
14410
14704
14874
14890
14964
15000
15186
15332
15514
15700
16550
16892
17312
17744
18572
19078
19208
19912
19944
21086
22362
23164
23770
23800
24014
24020
24756
25356
25684
26156
29078
30100
30206
31752
33176
35312
35736
45908
50790
51492
