Latencies
5104
5106
5108
5110
5112
5112
5118
5118
5120
5122
5126
5126
5132
5134
5138
5140
5142
5142
5146
5146
5146
5148
5148
5150
5154
5154
5156
5158
5160
5162
5164
5164
5166
5166
5166
5168
5168
5168
5170
5170
5172
5174
5174
5174
5174
5176
5178
5178
5178
5178
5180
5180
5180
5182
5184
5184
5184
5186
5188
5190
5190
5192
5194
5194
5194
5196
5196
5196
5200
5200
5200
5200
5200
5202
5202
5202
5204
5204
5204
5206
5206
5206
5206
5206
5210
5212
5212
5212
5214
5214
5214
5216
5216
5216
5218
5218
5218
5218
5220
5220
5220
5220
5220
5220
5220
5220
5222
5224
5226
5226
5226
5226
5228
5228
5230
5230
5230
5230
5230
5232
5234
5236
5236
5236
5238
5238
5238
5240
5240
5242
5242
5242
5244
5244
5244
5244
5246
5246
5246
5248
5248
5250
5250
5250
5250
5252
5252
5252
5252
5254
5254
5256
5256
5256
5256
5258
5258
5258
5258
5260
5262
5262
5262
5264
5266
5268
5268
5268
5268
5268
5270
5272
5272
5274
5274
5274
5274
5274
5276
5276
5276
5276
5276
5278
5280
5282
5284
5284
5284
5286
5286
5286
5286
5288
5288
5288
5288
5288
5290
5290
5290
5290
5290
5290
5292
5292
5292
5292
5292
5292
5294
5294
5294
5296
5298
5298
5300
5300
5300
5300
5300
5302
5302
5302
5302
5304
5304
5306
5308
5308
5310
5312
5312
5312
5314
5314
5314
5316
5316
5316
5316
5318
5318
5320
5322
5322
5322
5322
5324
5324
5324
5324
5326
5326
5326
5326
5328
5328
5328
5330
5330
5330
5330
5330
5332
5332
5332
5332
5332
5332
5332
5332
5334
5334
5334
5336
5336
5336
5336
5338
5338
5338
5340
5340
5340
5340
5340
5342
5342
5342
5342
5342
5342
5344
5344
5346
5346
5346
5346
5348
5348
5348
5350
5350
5350
5350
5350
5350
5350
5350
5352
5352
5352
5352
5352
5354
5354
5354
5356
5356
5356
5356
5356
5358
5360
5360
5360
5362
5362
5364
5364
5364
5364
5364
5364
5366
5368
5368
5368
5368
5370
5370
5370
5370
5372
5372
5374
5374
5374
5376
5376
5376
5376
5376
5378
5378
5378
5378
5380
5380
5380
5382
5384
5384
5384
5384
5384
5384
5386
5386
5386
5386
5386
5386
5388
5388
5388
5388
5388
5388
5388
5390
5392
5392
5392
5394
5394
5394
5398
5398
5398
5398
5400
5400
5400
5400
5400
5400
5400
5402
5404
5404
5404
5404
5406
5406
5406
5406
5406
5406
5406
5408
5408
5408
5410
5410
5412
5412
5412
5412
5414
5414
5414
5414
5414
5414
5416
5416
5416
5416
5416
5418
5418
5420
5422
5422
5422
5424
5426
5426
5428
5428
5428
5428
5430
5432
5432
5434
5434
5434
5436
5436
5438
5438
5440
5440
5442
5442
5442
5442
5442
5442
5442
5444
5444
5444
5444
5446
5446
5448
5450
5452
5452
5452
5454
5454
5454
5458
5458
5458
5460
5462
5462
5464
5464
5464
5464
5468
5468
5470
5470
5470
5470
5472
5476
5476
5476
5476
5478
5480
5484
5484
5484
5484
5486
5486
5488
5488
5488
5490
5492
5492
5492
5494
5496
5498
5504
5504
5504
5506
5508
5508
5508
5508
5510
5510
5510
5512
5512
5514
5514
5516
5518
5520
5520
5520
5520
5522
5522
5522
5522
5522
5522
5524
5526
5528
5530
5534
5536
5538
5540
5540
5540
5542
5542
5546
5546
5546
5548
5548
5548
5550
5550
5550
5550
5550
5554
5556
5562
5562
5564
5566
5568
5568
5570
5574
5578
5582
5582
5584
5594
5600
5600
5602
5604
5604
5606
5608
5610
5618
5618
5620
5620
5622
5626
5626
5628
5630
5632
5632
5632
5634
5636
5636
5636
5638
5640
5644
5644
5644
5646
5648
5652
5654
5656
5658
5658
5660
5660
5662
5666
5666
5668
5676
5680
5682
5684
5686
5690
5690
5690
5692
5696
5700
5702
5704
5706
5712
5720
5722
5724
5724
5726
5728
5732
5736
5738
5746
5752
5752
5756
5758
5762
5764
5764
5764
5770
5774
5774
5778
5780
5786
5786
5790
5792
5792
5794
5796
5796
5798
5800
5800
5800
5806
5806
5808
5812
5814
5814
5814
5814
5814
5816
5832
5836
5836
5838
5840
5840
5842
5846
5848
5850
5852
5854
5858
5858
5858
5860
5860
5870
5878
5878
5882
5884
5884
5886
5888
5888
5892
5892
5894
5898
5906
5908
5912
5918
5918
5930
5932
5938
5942
5942
5946
5956
5960
5962
5966
5966
5968
5970
5970
5974
5984
5988
5994
5996
5996
6002
6004
6006
6010
6012
6022
6022
6024
6024
6026
6026
6028
6030
6032
6036
6044
6052
6056
6060
6060
6062
6070
6078
6078
6082
6086
6088
6092
6100
6112
6112
6118
6122
6126
6128
6128
6128
6130
6140
6142
6150
6150
6158
6166
6170
6180
6180
6184
6186
6188
6190
6198
6202
6204
6208
6224
6232
6234
6236
6238
6244
6246
6248
6248
6250
6258
6264
6266
6276
6284
6288
6288
6292
6296
6300
6322
6326
6338
6348
6350
6352
6356
6378
6390
6390
6398
6408
6418
6442
6484
6498
6518
6536
6548
6550
6556
6568
6570
6576
6626
6642
6644
6652
6666
6686
6716
6746
6774
6814
6862
6930
6936
7014
7062
7096
7160
7276
7310
7430
7500
7520
7522
7742
7852
8000
8006
8144
8284
8300
8466
8526
8556
8676
8868
9054
9120
9122
9170
9228
9652
9664
9670
9860
9874
10280
10374
10392
10402
10406
10484
10508
10774
10818
10830
10840
10926
11096
11278
11534
11914
12060
12104
12310
12326
12382
12470
12586
12710
12814
13468
13480
13582
13706
13988
14216
14376
14412
14416
14500
14524
14614
14630
14682
14808
14870
14904
15064
15188
15300
15308
15482
15642
15856
16064
16316
16574
16644
17000
18004
18186
18392
18442
18456
19276
19550
20082
20148
20394
20588
20796
20962
21264
21942
22228
22288
22364
22372
22394
22624
22838
22916
23066
23170
23316
23342
23646
23696
23714
23878
24046
24888
24926
25080
25406
26438
26660
27108
27122
27458
27844
28104
28346
28744
28790
28886
29088
29830
30652
31342
31418
31460
32892
33154
34704
35638
35674
38810
41676
46260
58798
83726
98278
