Latencies
5030
5042
5042
5048
5056
5060
5062
5068
5072
5072
5090
5092
5100
5104
5106
5108
5108
5110
5110
5112
5112
5114
5116
5120
5128
5128
5130
5130
5130
5134
5138
5138
5140
5140
5142
5142
5142
5142
5144
5152
5152
5154
5154
5154
5156
5158
5158
5160
5162
5162
5164
5164
5166
5166
5166
5168
5168
5168
5168
5170
5170
5170
5172
5174
5176
5178
5180
5182
5184
5184
5184
5188
5188
5188
5190
5190
5190
5190
5192
5192
5192
5194
5196
5196
5196
5198
5198
5198
5198
5200
5200
5200
5202
5202
5202
5202
5202
5202
5204
5204
5204
5204
5206
5206
5206
5206
5208
5208
5208
5208
5208
5210
5212
5212
5214
5214
5214
5214
5216
5216
5216
5218
5218
5218
5218
5220
5220
5220
5220
5222
5222
5222
5222
5224
5224
5224
5224
5224
5226
5228
5228
5228
5230
5230
5230
5230
5230
5230
5232
5232
5236
5236
5236
5236
5236
5236
5238
5238
5238
5238
5238
5238
5238
5240
5240
5240
5240
5240
5240
5242
5242
5242
5242
5242
5242
5242
5242
5242
5244
5244
5244
5244
5244
5244
5246
5246
5246
5246
5246
5246
5246
5248
5248
5248
5248
5248
5248
5250
5250
5250
5250
5250
5250
5250
5252
5252
5252
5252
5252
5252
5252
5254
5254
5254
5254
5254
5256
5256
5256
5258
5258
5258
5258
5258
5258
5260
5262
5262
5262
5262
5264
5264
5266
5266
5266
5268
5268
5272
5272
5272
5272
5272
5272
5274
5274
5274
5274
5274
5276
5276
5276
5276
5276
5276
5276
5276
5276
5278
5278
5278
5280
5280
5280
5280
5280
5280
5280
5280
5280
5280
5282
5282
5282
5284
5284
5286
5286
5286
5286
5286
5288
5288
5288
5290
5290
5290
5292
5292
5292
5292
5294
5296
5296
5298
5298
5300
5300
5300
5300
5300
5302
5302
5304
5308
5308
5308
5310
5312
5312
5312
5312
5312
5312
5312
5314
5314
5314
5314
5314
5316
5316
5318
5318
5318
5320
5320
5320
5320
5322
5322
5324
5324
5324
5326
5326
5326
5326
5326
5326
5326
5326
5328
5330
5330
5330
5330
5332
5334
5334
5334
5338
5338
5338
5338
5340
5340
5340
5340
5342
5342
5342
5344
5344
5344
5344
5344
5346
5346
5346
5346
5346
5350
5350
5352
5352
5354
5354
5354
5356
5356
5356
5356
5356
5358
5358
5358
5362
5362
5362
5362
5364
5364
5366
5366
5370
5370
5370
5372
5374
5374
5374
5376
5376
5378
5380
5382
5382
5384
5384
5384
5384
5386
5386
5386
5386
5386
5386
5388
5388
5388
5390
5390
5392
5392
5392
5392
5392
5394
5394
5400
5400
5400
5402
5404
5404
5406
5406
5408
5408
5410
5410
5410
5412
5412
5412
5414
5416
5418
5420
5420
5420
5420
5422
5424
5424
5424
5424
5426
5432
5432
5432
5432
5434
5434
5436
5436
5436
5438
5442
5446
5450
5450
5450
5452
5454
5456
5456
5458
5462
5462
5462
5464
5464
5466
5466
5470
5470
5472
5472
5472
5474
5476
5478
5478
5480
5480
5482
5484
5484
5486
5486
5488
5488
5492
5494
5498
5498
5498
5498
5498
5502
5502
5502
5504
5504
5506
5506
5508
5510
5512
5512
5512
5514
5516
5516
5516
5518
5518
5518
5520
5522
5522
5526
5526
5528
5528
5530
5530
5532
5532
5534
5534
5536
5538
5540
5540
5540
5542
5546
5548
5550
5550
5552
5552
5552
5554
5554
5556
5560
5564
5566
5566
5570
5570
5570
5574
5578
5582
5584
5584
5592
5594
5596
5598
5598
5600
5604
5608
5608
5610
5612
5612
5612
5614
5616
5616
5620
5622
5624
5624
5626
5630
5636
5638
5640
5640
5640
5642
5642
5644
5646
5650
5656
5656
5658
5662
5666
5668
5670
5676
5678
5678
5680
5680
5682
5686
5686
5690
5692
5692
5692
5692
5696
5698
5700
5700
5704
5704
5706
5708
5708
5710
5710
5712
5724
5726
5728
5728
5730
5730
5730
5736
5738
5742
5744
5748
5750
5750
5752
5754
5756
5756
5758
5758
5760
5762
5764
5770
5774
5774
5776
5776
5778
5778
5782
5784
5784
5788
5796
5798
5802
5802
5804
5808
5808
5812
5814
5818
5820
5822
5822
5824
5824
5824
5826
5828
5828
5834
5834
5840
5842
5842
5842
5844
5846
5848
5848
5848
5850
5852
5852
5856
5856
5858
5862
5864
5866
5868
5870
5870
5876
5876
5876
5878
5878
5880
5880
5884
5898
5902
5904
5906
5906
5906
5908
5908
5910
5918
5922
5922
5924
5926
5928
5932
5932
5934
5934
5942
5946
5946
5948
5948
5948
5950
5952
5952
5966
5966
5968
5972
5972
5974
5976
5976
5982
5982
5996
5998
5998
6000
6006
6008
6010
6014
6022
6036
6038
6040
6044
6044
6046
6048
6048
6048
6050
6054
6056
6062
6062
6066
6074
6076
6076
6082
6086
6096
6098
6102
6102
6108
6110
6118
6124
6136
6138
6142
6176
6180
6194
6194
6196
6196
6198
6208
6208
6216
6218
6222
6222
6250
6252
6266
6282
6292
6296
6318
6318
6318
6342
6358
6380
6428
6440
6442
6450
6462
6488
6494
6502
6528
6532
6540
6548
6552
6598
6602
6606
6678
6718
6786
6850
6874
6880
6940
6946
6954
7000
7062
7064
7134
7156
7210
7238
7250
7296
7320
7322
7346
7448
7482
7496
7550
7556
7618
7686
7722
7828
7860
7908
7920
8058
8242
8498
8770
8842
8868
8870
8888
9028
9126
9160
9228
9234
9236
9308
9346
9396
9398
9856
9938
10006
10088
10312
10374
10378
10580
10684
10708
11016
11132
11284
11636
11962
11980
12012
12082
12194
12270
12334
12384
12414
12478
12612
12642
12662
12664
12690
12702
12792
12912
13016
13244
13370
13434
13542
13636
13812
13816
13926
13968
14066
14086
14224
14252
14266
14534
14650
14734
15108
15310
15352
15436
15512
15704
16044
16568
16640
17030
17326
17448
17724
17758
17898
18798
18860
18882
19036
19132
19206
19782
19866
20308
20874
21192
23200
23464
23756
24506
24542
24828
25194
25532
25832
26036
26600
27796
27866
28104
28270
29380
29400
31150
32194
33000
33528
33692
34280
34468
35240
35694
36034
42200
45462
45926
48664
105244
