Latencies
5226
5274
5278
5340
5352
5360
5372
5392
5396
5406
5408
5412
5416
5424
5432
5444
5454
5486
5490
5494
5502
5508
5550
5580
5586
5596
5642
5642
5650
5652
5658
5660
5660
5660
5666
5688
5720
5750
5752
5758
5760
5898
5934
5934
5998
6000
6010
6012
6030
6036
6094
6164
6178
6212
6236
6386
6412
6462
6486
6584
6604
6618
6634
6636
6646
6662
6670
6714
6742
6810
6812
6814
6820
6828
6836
6858
6896
6932
6932
6940
6950
7036
7096
7124
7126
7158
7190
7214
7216
7240
7244
7278
7306
7336
7348
7358
7414
7478
7486
7558
7610
7642
7670
7700
7798
7798
7802
7814
7820
7820
7826
7868
7904
7956
7964
7964
7970
8008
8024
8026
8054
8074
8130
8160
8162
8196
8198
8280
8306
8308
8396
8446
8476
8586
8636
8638
8640
8674
8750
8790
8826
8852
8898
9010
9026
9028
9054
9260
9282
9292
9314
9316
9346
9346
9348
9462
9588
9600
9644
9686
9726
9728
9742
9756
9780
9794
9884
9912
9942
10056
10172
10178
10218
10242
10258
10300
10310
10396
10398
10404
10424
10424
10430
10432
10476
10496
10518
10554
10576
10588
10608
10612
10768
10782
10804
10806
10812
10814
10834
10864
10942
10968
11008
11050
11078
11082
11134
11188
11298
11310
11332
11350
11366
11402
11420
11474
11476
11512
11622
11676
11688
11714
11746
11760
11770
11812
11876
11914
11964
12046
12126
12156
12170
12226
12266
12270
12286
12292
12296
12314
12372
12388
12404
12412
12428
12466
12506
12508
12590
12636
12640
12650
12658
12658
12668
12670
12692
12692
12768
12774
12810
12838
12852
12898
12942
12956
12962
12968
12974
13052
13106
13116
13154
13186
13188
13268
13292
13316
13356
13378
13406
13530
13608
13612
13618
13716
13716
13718
13788
13822
13832
13846
13854
13952
13992
14058
14060
14068
14078
14118
14130
14142
14156
14176
14198
14200
14232
14254
14262
14268
14272
14318
14320
14332
14364
14398
14398
14408
14426
14456
14494
14516
14534
14548
14554
14572
14584
14586
14594
14596
14608
14628
14646
14658
14678
14684
14706
14714
14726
14726
14736
14738
14742
14758
14764
14768
14780
14782
14784
14784
14788
14790
14800
14814
14816
14820
14832
14840
14840
14840
14842
14848
14852
14862
14864
14880
14884
14888
14904
14904
14908
14912
14914
14926
14928
14940
14948
14964
14980
14994
14996
14996
14998
15002
15016
15020
15036
15038
15040
15042
15044
15082
15090
15102
15106
15116
15122
15126
15136
15142
15146
15150
15152
15152
15156
15170
15176
15182
15188
15198
15206
15226
15228
15240
15252
15254
15270
15274
15284
15284
15286
15286
15308
15332
15334
15340
15344
15350
15364
15368
15376
15380
15382
15386
15398
15408
15426
15434
15440
15446
15450
15464
15464
15470
15472
15520
15520
15526
15528
15584
15602
15614
15620
15668
15706
15712
15720
15750
15806
15814
15818
15882
15898
15900
15908
15920
16032
16034
16110
16126
16156
16168
16194
16216
16234
16260
16262
16416
16428
16488
16548
16568
16604
16690
16768
16860
16930
17028
17096
17162
17176
17242
17270
17334
17378
17390
17446
17470
17534
17576
17584
17604
17628
17752
17986
18002
18042
18042
18152
18152
18322
18346
18404
18430
18566
18682
18808
18856
18908
18946
19036
19044
19202
19242
19296
19334
19376
19382
19426
19438
19492
19538
19588
19604
19672
19808
19844
19896
19932
19960
19976
20008
20036
20050
20066
20070
20116
20200
20228
20248
20322
20434
20766
20830
20896
21026
21094
21112
21204
21218
21230
21250
21254
21258
21440
21598
21676
21720
21734
21796
21882
21928
22120
22180
22212
22270
22316
22382
22418
22442
22494
22506
22508
22564
22650
22652
22716
22786
22866
22930
22988
23066
23068
23118
23184
23188
23230
23252
23310
23354
23372
23464
23548
23552
23558
23588
23600
23658
23762
23770
23828
23918
23924
24032
24084
24102
24122
24130
24158
24160
24168
24222
24242
24316
24332
24342
24498
24524
24524
24528
24530
24574
24578
24596
24618
24626
24658
24674
24722
24800
24822
24828
24848
24858
24894
24908
25012
25032
25046
25074
25074
25076
25116
25200
25228
25258
25258
25300
25368
25384
25410
25412
25416
25420
25426
25434
25494
25540
25600
25616
25632
25730
25780
25886
25904
25918
25968
26078
26118
26132
26192
26214
26224
26292
26474
26488
26554
26556
26606
26684
26742
26794
26898
26906
26912
26918
26924
27010
27070
27208
27236
27262
27268
27348
27432
27434
27466
27508
27610
27674
27782
27882
27916
27994
28066
28104
28152
28268
28272
28326
28350
28468
28500
28728
28828
28916
28928
29006
29054
29072
29156
29240
29262
29394
29422
29436
29516
29522
29692
29882
29906
29918
29936
30090
30152
30342
30362
30434
30656
30692
30700
30744
30858
30896
30904
30922
31134
31134
31428
31438
31466
31478
31482
31484
31532
31584
31586
31614
31658
31670
31712
31896
31912
31938
31970
32232
32458
32488
32502
32508
32516
32586
32658
32760
32840
32874
32904
33048
33130
33140
33156
33224
33256
33282
33358
33362
33434
33466
33492
33496
33536
33536
33570
33594
33596
33656
33664
33682
33738
33746
33768
33772
33782
33834
33844
33854
33856
33868
33900
33936
33944
33950
33968
33978
33996
34002
34040
34066
34086
34086
34096
34120
34126
34130
34160
34178
34186
34190
34210
34210
34242
34254
34286
34302
34304
34306
34320
34326
34334
34342
34352
34376
34378
34382
34386
34400
34420
34424
34464
34474
34478
34480
34488
34496
34504
34510
34528
34552
34566
34576
34586
34620
34632
34636
34642
34662
34664
34680
34716
34720
34728
34772
34794
34814
34822
34850
34854
34866
34906
34918
34928
34930
34940
34944
34968
34988
34990
35002
35014
35018
35056
35068
35088
35090
35102
35118
35124
35172
35178
35184
35218
35286
35300
35300
35322
35344
35352
35392
35408
35432
35500
35590
35656
35666
35744
35952
36082
36410
36646
36758
36894
38924
38976
39442
40372
40412
41854
42284
42722
42970
43482
43500
43544
43602
43798
44042
44336
44364
45146
45158
46558
52530
53532
53894
53978
54388
54710
54838
63202
74790
97522
109256
122276
190774
567402
662826
991076
1801068
1812130
2054134
5645218
10942974
