Latencies
5022
5034
5038
5044
5044
5044
5046
5048
5048
5052
5056
5056
5060
5060
5068
5068
5074
5076
5076
5078
5078
5080
5090
5094
5096
5100
5102
5102
5104
5110
5110
5110
5116
5116
5116
5118
5120
5124
5126
5128
5130
5132
5132
5134
5134
5136
5138
5142
5146
5146
5148
5148
5150
5152
5154
5154
5154
5154
5158
5158
5160
5160
5162
5162
5162
5164
5164
5164
5166
5168
5168
5168
5168
5168
5170
5170
5172
5172
5172
5174
5174
5176
5178
5178
5180
5180
5180
5182
5182
5182
5184
5186
5186
5188
5188
5188
5190
5190
5190
5190
5190
5192
5192
5192
5194
5194
5196
5196
5198
5198
5198
5200
5200
5200
5200
5200
5202
5204
5206
5206
5206
5210
5212
5212
5212
5214
5214
5216
5216
5216
5216
5218
5218
5218
5218
5218
5218
5218
5220
5220
5220
5220
5222
5224
5224
5224
5224
5226
5226
5226
5226
5228
5228
5228
5228
5228
5230
5230
5230
5230
5234
5234
5234
5234
5234
5236
5236
5238
5238
5238
5238
5240
5240
5242
5242
5242
5244
5246
5246
5246
5246
5246
5246
5248
5248
5250
5252
5252
5252
5254
5254
5256
5256
5258
5258
5258
5258
5260
5260
5260
5262
5262
5262
5262
5264
5264
5264
5266
5266
5266
5266
5268
5268
5268
5268
5268
5268
5268
5270
5270
5272
5272
5274
5274
5274
5274
5274
5274
5276
5276
5278
5278
5278
5278
5280
5280
5280
5282
5282
5282
5284
5286
5286
5286
5286
5286
5286
5288
5288
5290
5290
5290
5292
5292
5292
5292
5292
5294
5294
5294
5296
5296
5296
5296
5298
5298
5300
5300
5300
5300
5300
5300
5300
5300
5300
5302
5304
5308
5308
5308
5308
5310
5310
5310
5310
5310
5312
5312
5314
5314
5314
5314
5314
5314
5316
5316
5318
5318
5320
5320
5322
5322
5322
5322
5322
5322
5322
5322
5322
5324
5324
5324
5326
5326
5330
5330
5332
5332
5332
5334
5334
5334
5336
5336
5336
5336
5336
5338
5338
5340
5340
5342
5342
5342
5342
5342
5344
5344
5344
5346
5346
5346
5346
5348
5348
5348
5348
5348
5348
5350
5350
5350
5352
5352
5352
5354
5354
5354
5354
5356
5356
5356
5356
5356
5358
5358
5358
5358
5360
5360
5360
5362
5362
5364
5364
5364
5364
5366
5366
5366
5366
5366
5368
5368
5370
5372
5372
5372
5374
5374
5374
5376
5376
5376
5378
5378
5378
5378
5380
5382
5382
5382
5384
5386
5386
5386
5386
5388
5388
5390
5390
5392
5392
5392
5392
5394
5394
5396
5396
5396
5398
5398
5400
5400
5400
5400
5400
5402
5402
5404
5404
5406
5406
5406
5406
5406
5408
5408
5408
5408
5408
5410
5410
5410
5410
5412
5416
5416
5416
5418
5420
5420
5420
5420
5422
5424
5424
5424
5426
5426
5426
5428
5428
5430
5432
5432
5432
5434
5434
5434
5434
5436
5436
5436
5438
5438
5438
5438
5440
5440
5440
5442
5444
5444
5444
5448
5448
5448
5450
5450
5450
5452
5454
5458
5458
5458
5460
5460
5460
5460
5462
5462
5462
5462
5466
5468
5468
5472
5472
5474
5476
5476
5478
5480
5480
5482
5484
5486
5486
5486
5488
5490
5490
5490
5492
5492
5494
5496
5496
5498
5498
5498
5500
5500
5500
5502
5506
5508
5508
5510
5516
5520
5520
5520
5522
5522
5522
5524
5526
5528
5532
5534
5534
5536
5538
5540
5542
5544
5546
5548
5548
5550
5550
5552
5556
5568
5568
5568
5572
5572
5574
5574
5576
5576
5578
5582
5582
5582
5584
5584
5588
5590
5592
5594
5600
5604
5604
5606
5608
5612
5612
5612
5612
5614
5616
5616
5616
5618
5622
5624
5626
5630
5630
5638
5640
5642
5642
5642
5644
5644
5646
5650
5650
5650
5656
5656
5658
5658
5658
5660
5660
5662
5662
5662
5664
5668
5668
5670
5670
5674
5676
5688
5690
5692
5694
5694
5696
5700
5700
5700
5700
5704
5706
5708
5710
5710
5710
5712
5712
5714
5714
5716
5722
5724
5726
5728
5728
5728
5730
5732
5732
5732
5734
5736
5738
5738
5746
5748
5748
5750
5752
5754
5756
5758
5758
5758
5758
5762
5762
5770
5772
5774
5776
5776
5780
5786
5788
5788
5790
5790
5790
5790
5792
5794
5800
5800
5800
5802
5802
5804
5806
5806
5814
5814
5816
5818
5818
5820
5826
5832
5832
5834
5834
5834
5834
5836
5844
5860
5860
5860
5860
5860
5862
5864
5870
5874
5876
5878
5882
5886
5890
5892
5892
5894
5894
5898
5898
5900
5902
5914
5918
5922
5924
5928
5932
5932
5934
5936
5938
5940
5940
5942
5948
5948
5948
5954
5958
5960
5962
5964
5966
5966
5968
5970
5974
5976
5982
5996
5996
6000
6000
6004
6006
6010
6010
6012
6018
6018
6028
6032
6032
6034
6036
6036
6042
6046
6056
6068
6072
6072
6074
6078
6080
6080
6082
6086
6088
6092
6104
6112
6112
6116
6118
6118
6118
6120
6138
6138
6142
6144
6148
6150
6156
6158
6160
6164
6168
6168
6172
6174
6186
6198
6208
6216
6222
6230
6246
6248
6252
6258
6262
6266
6280
6282
6314
6340
6340
6368
6374
6380
6444
6444
6458
6470
6514
6526
6528
6546
6616
6620
6650
6664
6684
6740
6800
6830
6844
6876
6898
6926
6986
6992
7006
7066
7108
7116
7120
7134
7152
7154
7158
7164
7166
7174
7240
7268
7302
7406
7440
7460
7512
7530
7674
7698
7710
7898
7916
8012
8152
8378
8402
8456
8550
8608
8664
8712
8740
8754
8858
9034
9036
9042
9256
9270
9480
9594
9856
9990
10196
10854
10944
11106
11392
11436
11512
11750
11816
12056
12600
12640
12860
13084
13618
13742
13816
13816
13880
14962
15386
15770
16260
16416
16448
16632
17156
18100
18560
18710
19108
19384
20542
20740
21550
21776
22114
22118
22518
22886
22974
23268
23454
23612
23974
24782
24858
25194
25812
26168
26184
26220
26310
27386
27898
28716
29626
29798
29908
30100
30158
30558
30758
30780
30866
33816
35886
36270
37856
38236
40046
44022
