Latencies
5074
5114
5118
5130
5136
5142
5142
5148
5148
5148
5148
5150
5154
5154
5158
5158
5158
5158
5162
5162
5164
5164
5164
5168
5168
5170
5170
5170
5172
5174
5174
5178
5178
5180
5182
5182
5184
5184
5186
5186
5188
5188
5190
5190
5192
5192
5194
5194
5194
5200
5200
5200
5204
5204
5204
5206
5206
5208
5210
5210
5216
5216
5216
5218
5218
5218
5220
5222
5222
5222
5226
5226
5226
5230
5230
5230
5232
5232
5232
5234
5234
5236
5236
5236
5236
5236
5238
5238
5238
5238
5240
5240
5240
5242
5242
5242
5244
5246
5246
5248
5248
5250
5250
5250
5252
5252
5252
5252
5254
5254
5254
5256
5256
5256
5256
5258
5260
5262
5262
5262
5262
5264
5266
5266
5270
5270
5270
5270
5272
5272
5272
5274
5274
5276
5278
5278
5284
5284
5286
5286
5286
5286
5286
5288
5290
5290
5290
5290
5290
5290
5292
5294
5296
5296
5296
5296
5296
5298
5298
5298
5298
5298
5300
5300
5300
5302
5302
5302
5304
5304
5304
5304
5306
5306
5306
5308
5308
5308
5308
5308
5308
5310
5310
5310
5312
5312
5312
5312
5314
5314
5314
5314
5316
5316
5316
5316
5316
5318
5320
5320
5320
5320
5320
5320
5322
5322
5322
5322
5324
5326
5328
5328
5328
5330
5330
5330
5332
5334
5334
5334
5334
5336
5336
5336
5336
5338
5338
5340
5340
5340
5340
5340
5342
5342
5342
5342
5344
5344
5344
5344
5344
5344
5346
5346
5346
5346
5346
5348
5348
5348
5348
5348
5350
5350
5350
5352
5352
5352
5352
5352
5354
5354
5354
5356
5356
5356
5356
5356
5356
5358
5358
5360
5360
5360
5360
5360
5360
5360
5360
5362
5362
5362
5362
5362
5362
5362
5362
5364
5364
5364
5364
5364
5364
5366
5366
5368
5368
5368
5368
5368
5368
5368
5370
5370
5370
5372
5374
5374
5374
5374
5376
5376
5376
5376
5376
5376
5376
5376
5376
5376
5376
5376
5376
5378
5378
5378
5380
5380
5380
5380
5382
5382
5382
5382
5382
5384
5384
5384
5384
5384
5386
5386
5388
5388
5388
5388
5390
5390
5390
5392
5392
5392
5394
5394
5394
5394
5394
5394
5396
5396
5396
5396
5398
5400
5400
5402
5402
5402
5404
5404
5404
5404
5406
5406
5406
5408
5408
5408
5410
5410
5410
5412
5412
5412
5412
5412
5412
5414
5414
5414
5416
5416
5416
5418
5418
5418
5420
5420
5420
5420
5420
5424
5424
5426
5428
5428
5428
5430
5432
5432
5434
5434
5434
5434
5436
5438
5438
5440
5440
5440
5442
5442
5442
5442
5442
5444
5444
5446
5446
5446
5446
5448
5448
5450
5450
5450
5452
5452
5454
5454
5454
5458
5458
5458
5460
5462
5464
5464
5464
5464
5466
5466
5468
5468
5470
5470
5470
5470
5472
5472
5474
5474
5476
5476
5476
5476
5478
5478
5478
5478
5480
5482
5482
5484
5488
5490
5492
5492
5492
5492
5492
5494
5498
5502
5502
5504
5504
5504
5506
5506
5506
5508
5508
5508
5508
5508
5510
5510
5510
5510
5512
5516
5520
5522
5522
5524
5524
5526
5526
5526
5528
5530
5530
5532
5532
5534
5534
5534
5536
5536
5538
5538
5538
5538
5538
5540
5542
5542
5544
5544
5544
5546
5548
5548
5548
5550
5552
5554
5554
5556
5558
5558
5558
5560
5562
5562
5562
5562
5564
5564
5566
5568
5568
5568
5574
5576
5576
5576
5576
5578
5582
5582
5584
5586
5586
5588
5590
5590
5592
5592
5592
5596
5596
5596
5596
5596
5598
5598
5600
5604
5606
5606
5608
5608
5610
5612
5614
5622
5624
5624
5624
5626
5628
5630
5632
5632
5632
5632
5634
5636
5636
5638
5638
5640
5640
5640
5642
5646
5650
5650
5652
5652
5658
5660
5662
5662
5662
5666
5666
5670
5674
5674
5674
5676
5676
5678
5682
5684
5684
5688
5688
5688
5688
5688
5688
5690
5692
5702
5704
5706
5710
5712
5712
5714
5718
5718
5720
5722
5726
5730
5732
5732
5734
5738
5742
5744
5746
5746
5746
5750
5750
5750
5752
5754
5754
5756
5758
5758
5760
5760
5760
5762
5768
5768
5770
5772
5774
5774
5776
5778
5778
5778
5778
5778
5782
5782
5786
5788
5792
5794
5798
5800
5812
5818
5820
5826
5826
5828
5830
5830
5836
5836
5838
5838
5838
5842
5846
5846
5848
5848
5848
5852
5854
5854
5856
5858
5860
5860
5860
5860
5860
5862
5866
5870
5882
5882
5882
5888
5890
5892
5892
5894
5896
5900
5902
5904
5904
5906
5908
5910
5910
5918
5922
5926
5926
5928
5928
5932
5936
5938
5940
5944
5946
5948
5948
5950
5958
5960
5962
5964
5964
5966
5968
5976
5982
5982
5982
5986
5986
5990
6002
6004
6010
6012
6012
6020
6022
6022
6022
6026
6026
6036
6042
6044
6044
6044
6046
6054
6064
6066
6072
6076
6076
6080
6084
6084
6086
6092
6092
6094
6100
6104
6106
6108
6110
6118
6118
6120
6126
6128
6136
6136
6140
6146
6146
6154
6156
6156
6156
6156
6168
6172
6180
6180
6184
6186
6188
6194
6198
6198
6202
6206
6208
6218
6218
6220
6224
6226
6234
6250
6250
6254
6260
6262
6270
6302
6304
6322
6324
6324
6326
6366
6394
6404
6412
6418
6452
6452
6460
6464
6490
6498
6514
6532
6562
6574
6574
6600
6656
6660
6682
6712
6764
6778
6784
6844
6850
6852
6856
6962
6980
6998
7000
7066
7076
7134
7170
7172
7184
7238
7256
7270
7392
7428
7428
7428
7442
7442
7472
7534
7594
7610
7610
7614
7696
7726
7760
7856
7870
7936
8426
8494
8498
8594
8626
8658
8698
8778
8880
9144
9186
9424
9518
9622
9990
10062
10080
10396
10466
10528
10910
11070
11102
11134
11224
11406
11528
11694
11898
12078
12118
12488
12690
12696
12748
13046
13058
13728
13788
13970
14060
14758
15032
15666
15844
16336
16664
16790
16844
17494
17628
18442
18568
18700
18990
19016
19480
19738
21228
21648
21680
23306
23366
23712
24194
24282
24370
24750
25034
25116
25596
26704
26822
27248
27756
28216
29326
30382
32644
33006
33668
35334
35488
35856
35910
38596
41224
44364
44708
58870
