Latencies
5160
5172
5172
5172
5174
5176
5178
5178
5186
5186
5186
5186
5188
5190
5190
5190
5190
5192
5196
5196
5198
5200
5200
5202
5202
5202
5204
5210
5210
5210
5210
5212
5212
5216
5218
5218
5220
5220
5220
5222
5224
5224
5224
5226
5226
5230
5230
5234
5236
5238
5238
5240
5240
5242
5242
5244
5244
5246
5246
5246
5246
5248
5248
5250
5250
5252
5254
5256
5256
5258
5258
5260
5264
5264
5266
5266
5266
5268
5268
5270
5270
5272
5272
5272
5274
5274
5274
5276
5276
5276
5276
5278
5278
5278
5278
5278
5280
5280
5280
5280
5282
5284
5286
5286
5286
5290
5290
5292
5292
5292
5294
5294
5296
5296
5296
5296
5298
5300
5300
5302
5304
5304
5304
5304
5308
5308
5308
5308
5310
5310
5312
5312
5312
5312
5314
5316
5316
5316
5316
5318
5320
5320
5320
5322
5322
5322
5322
5322
5322
5322
5322
5324
5324
5324
5324
5324
5326
5326
5326
5326
5328
5328
5328
5328
5330
5330
5330
5330
5330
5330
5332
5332
5332
5334
5334
5334
5334
5334
5336
5336
5336
5336
5338
5338
5338
5338
5340
5340
5340
5342
5342
5342
5342
5342
5342
5342
5344
5346
5346
5348
5348
5348
5350
5350
5350
5350
5350
5352
5352
5352
5352
5352
5354
5354
5354
5354
5356
5356
5358
5358
5358
5358
5360
5360
5362
5362
5362
5362
5366
5366
5368
5368
5368
5370
5370
5370
5372
5372
5372
5372
5374
5374
5374
5376
5376
5376
5376
5378
5378
5378
5378
5380
5380
5380
5380
5380
5380
5380
5380
5382
5382
5382
5382
5382
5384
5384
5384
5384
5386
5386
5388
5388
5388
5390
5390
5390
5392
5392
5392
5392
5394
5394
5394
5394
5396
5396
5396
5398
5398
5398
5398
5400
5400
5400
5400
5400
5402
5402
5402
5402
5404
5404
5404
5404
5404
5404
5406
5406
5406
5406
5406
5406
5406
5408
5408
5408
5410
5410
5410
5410
5412
5412
5414
5414
5414
5414
5414
5414
5414
5414
5416
5418
5418
5418
5418
5418
5418
5418
5418
5418
5420
5420
5420
5420
5420
5420
5420
5420
5422
5422
5422
5422
5424
5424
5424
5426
5426
5426
5426
5428
5428
5428
5428
5430
5430
5430
5432
5432
5432
5434
5436
5436
5438
5438
5438
5438
5438
5440
5440
5442
5442
5442
5442
5442
5444
5444
5444
5444
5446
5446
5446
5446
5446
5448
5448
5448
5448
5450
5450
5452
5452
5452
5452
5454
5456
5456
5460
5460
5460
5464
5464
5466
5466
5466
5466
5468
5468
5468
5468
5468
5472
5474
5474
5474
5476
5476
5478
5480
5482
5482
5482
5484
5486
5488
5488
5490
5492
5492
5492
5492
5494
5494
5494
5496
5496
5496
5498
5500
5500
5502
5502
5502
5502
5504
5504
5506
5506
5506
5508
5508
5508
5510
5512
5512
5512
5516
5516
5516
5518
5518
5520
5520
5520
5520
5522
5524
5524
5526
5526
5532
5532
5534
5536
5536
5538
5538
5538
5538
5540
5540
5540
5540
5542
5542
5542
5548
5548
5548
5548
5550
5550
5550
5550
5550
5552
5552
5554
5554
5554
5556
5558
5560
5562
5562
5562
5564
5564
5564
5566
5566
5568
5568
5568
5568
5570
5570
5572
5572
5572
5574
5574
5574
5576
5576
5576
5576
5576
5578
5582
5584
5586
5586
5586
5586
5586
5588
5588
5590
5590
5592
5592
5592
5592
5596
5596
5598
5600
5600
5600
5600
5600
5604
5604
5606
5606
5608
5612
5612
5614
5616
5618
5618
5620
5624
5626
5628
5628
5632
5632
5636
5640
5644
5646
5648
5650
5654
5658
5658
5658
5658
5660
5660
5662
5662
5662
5668
5668
5670
5670
5670
5672
5676
5680
5680
5682
5682
5684
5688
5688
5690
5692
5696
5698
5700
5702
5710
5712
5712
5716
5718
5722
5724
5728
5728
5730
5730
5732
5732
5732
5734
5736
5738
5742
5744
5744
5748
5748
5748
5750
5752
5752
5752
5754
5754
5758
5760
5762
5762
5768
5768
5770
5770
5772
5774
5774
5776
5778
5778
5778
5780
5782
5788
5790
5794
5798
5800
5802
5806
5814
5820
5822
5824
5824
5824
5826
5828
5832
5832
5832
5834
5840
5840
5842
5848
5848
5848
5850
5852
5852
5854
5854
5856
5856
5858
5860
5860
5862
5862
5862
5862
5864
5864
5864
5866
5868
5868
5872
5874
5876
5878
5878
5880
5882
5890
5892
5894
5898
5902
5902
5908
5914
5914
5914
5916
5916
5918
5920
5924
5926
5928
5934
5934
5936
5938
5940
5940
5942
5946
5952
5956
5958
5960
5962
5962
5964
5966
5968
5972
5974
5988
5988
5990
5990
5992
5996
5996
5998
6000
6002
6010
6018
6018
6020
6020
6022
6024
6024
6026
6026
6032
6032
6034
6034
6034
6038
6040
6040
6042
6044
6046
6048
6050
6050
6056
6064
6064
6064
6076
6082
6086
6102
6104
6106
6116
6116
6116
6118
6118
6120
6124
6126
6126
6128
6128
6132
6144
6146
6146
6146
6150
6152
6156
6156
6158
6164
6166
6172
6172
6176
6176
6188
6192
6192
6192
6202
6204
6204
6218
6220
6228
6228
6230
6232
6244
6248
6250
6252
6252
6258
6264
6266
6266
6270
6282
6282
6284
6288
6288
6294
6316
6330
6350
6356
6378
6384
6392
6396
6402
6412
6422
6438
6442
6446
6456
6480
6514
6566
6574
6574
6592
6610
6622
6632
6672
6690
6752
6770
6932
7070
7538
7718
7966
8000
8424
8448
8632
8698
8732
8850
9366
9404
9466
9964
9984
10098
10150
10216
10458
10538
10830
10840
10860
10870
11004
11110
11140
11222
11432
11510
11610
12020
12780
13130
13150
13458
14216
14254
14668
15650
17000
17026
17276
19770
20016
20650
21472
21848
22018
22180
22480
22588
23500
24764
24854
25426
25742
26136
27166
27492
27664
30176
31406
31638
33616
33812
35460
36028
37544
37626
39040
42276
47938
51526
89380
