Latencies
5106
5108
5116
5120
5124
5126
5128
5132
5138
5146
5150
5150
5152
5152
5156
5162
5166
5168
5172
5174
5178
5178
5180
5180
5184
5186
5186
5188
5188
5188
5190
5192
5194
5196
5196
5198
5204
5204
5210
5210
5210
5210
5212
5214
5216
5222
5228
5228
5230
5230
5232
5232
5232
5234
5236
5236
5236
5236
5236
5238
5240
5240
5240
5242
5244
5244
5246
5248
5248
5250
5250
5252
5254
5260
5262
5262
5262
5264
5264
5264
5264
5266
5270
5270
5270
5272
5272
5274
5274
5274
5276
5276
5276
5280
5280
5282
5282
5284
5284
5284
5284
5286
5286
5288
5288
5290
5290
5290
5292
5292
5294
5294
5296
5296
5298
5298
5298
5298
5300
5302
5302
5302
5304
5304
5306
5306
5306
5306
5310
5310
5310
5312
5312
5316
5316
5316
5318
5320
5320
5320
5320
5322
5322
5322
5324
5324
5324
5324
5324
5326
5326
5328
5330
5330
5332
5332
5332
5334
5334
5334
5334
5334
5336
5336
5336
5336
5338
5338
5340
5340
5340
5342
5342
5344
5346
5346
5346
5348
5348
5348
5348
5348
5348
5350
5350
5350
5350
5350
5350
5350
5352
5352
5352
5354
5354
5354
5354
5354
5356
5356
5356
5356
5356
5358
5358
5358
5358
5358
5360
5360
5360
5360
5362
5362
5362
5362
5362
5362
5362
5364
5364
5366
5366
5366
5366
5368
5368
5370
5370
5370
5370
5372
5372
5372
5372
5372
5372
5374
5374
5376
5376
5376
5376
5376
5376
5378
5378
5378
5378
5380
5380
5380
5380
5382
5382
5382
5384
5384
5384
5384
5386
5386
5386
5386
5388
5388
5388
5388
5388
5390
5390
5390
5392
5392
5392
5392
5392
5394
5394
5394
5394
5394
5394
5394
5396
5396
5396
5396
5398
5398
5398
5398
5398
5400
5400
5402
5402
5402
5404
5404
5404
5404
5406
5406
5406
5406
5406
5406
5408
5408
5410
5410
5410
5410
5410
5410
5410
5412
5414
5414
5416
5416
5416
5418
5418
5418
5418
5418
5422
5424
5424
5426
5426
5426
5428
5428
5428
5430
5430
5430
5430
5432
5432
5436
5436
5436
5438
5438
5438
5440
5440
5442
5442
5442
5442
5444
5444
5444
5444
5446
5446
5446
5448
5448
5448
5448
5450
5450
5452
5452
5452
5454
5454
5454
5454
5456
5456
5456
5458
5460
5460
5460
5460
5462
5462
5462
5464
5464
5464
5464
5466
5466
5468
5468
5468
5470
5470
5470
5472
5472
5472
5472
5474
5476
5476
5478
5478
5478
5480
5480
5480
5480
5480
5482
5484
5484
5484
5486
5486
5486
5488
5488
5490
5490
5490
5490
5492
5492
5494
5494
5494
5496
5496
5496
5498
5498
5498
5498
5500
5500
5500
5504
5508
5508
5508
5510
5510
5512
5512
5514
5514
5514
5514
5516
5516
5518
5520
5520
5520
5522
5522
5524
5524
5526
5528
5528
5530
5532
5532
5534
5534
5534
5536
5536
5536
5536
5536
5538
5538
5540
5544
5544
5544
5546
5548
5550
5550
5550
5550
5552
5552
5552
5552
5556
5558
5560
5560
5560
5562
5562
5562
5564
5566
5566
5570
5572
5572
5572
5572
5572
5574
5574
5576
5576
5578
5580
5580
5582
5584
5586
5586
5586
5588
5588
5588
5588
5594
5596
5596
5598
5598
5600
5600
5602
5602
5602
5606
5606
5608
5608
5608
5610
5610
5610
5614
5616
5618
5620
5620
5620
5620
5622
5622
5622
5624
5626
5628
5628
5628
5630
5630
5632
5636
5636
5636
5638
5644
5644
5648
5648
5650
5650
5652
5652
5654
5654
5656
5656
5656
5658
5658
5658
5658
5662
5664
5666
5666
5668
5668
5668
5668
5672
5672
5674
5674
5676
5680
5682
5684
5686
5686
5686
5686
5690
5692
5696
5700
5700
5702
5702
5702
5702
5704
5704
5704
5706
5706
5708
5712
5712
5716
5718
5718
5720
5720
5720
5722
5722
5724
5724
5726
5728
5728
5732
5732
5734
5742
5744
5744
5744
5744
5744
5746
5746
5748
5750
5750
5750
5752
5756
5756
5758
5758
5760
5762
5768
5772
5772
5774
5776
5778
5780
5786
5788
5794
5794
5798
5800
5802
5804
5804
5804
5806
5806
5806
5810
5810
5810
5820
5822
5828
5828
5830
5832
5832
5834
5836
5836
5838
5838
5842
5844
5848
5848
5848
5850
5850
5850
5852
5852
5852
5852
5854
5854
5856
5856
5862
5864
5864
5866
5868
5872
5874
5878
5880
5882
5882
5886
5886
5886
5890
5892
5894
5894
5898
5898
5900
5902
5902
5904
5904
5908
5918
5920
5920
5920
5926
5928
5928
5930
5932
5932
5934
5944
5946
5948
5950
5952
5958
5960
5960
5972
5978
5978
5978
5982
5986
5986
5990
6002
6010
6014
6016
6018
6018
6018
6022
6024
6028
6030
6040
6042
6042
6044
6044
6048
6048
6048
6052
6056
6062
6068
6068
6076
6078
6086
6086
6088
6090
6096
6098
6098
6104
6110
6110
6116
6118
6124
6124
6126
6130
6142
6148
6148
6150
6150
6154
6154
6154
6158
6158
6162
6164
6166
6176
6176
6178
6178
6180
6184
6186
6192
6198
6200
6210
6224
6226
6232
6234
6254
6262
6270
6286
6288
6294
6294
6302
6302
6302
6328
6338
6348
6358
6358
6366
6366
6384
6388
6398
6400
6408
6410
6416
6468
6472
6486
6490
6522
6532
6560
6570
6574
6614
6614
6634
6696
6724
6744
6744
6758
6762
6786
6796
6800
6846
6890
6942
6964
6996
7026
7050
7056
7304
7306
7314
7426
7456
7474
7556
7578
7646
7686
7734
7762
7812
8330
8336
8624
8720
8738
8872
9126
9234
9420
10354
10586
10588
10822
11054
11236
11396
11436
11492
11594
11992
12646
12920
12952
13376
13582
13700
13718
14236
14540
14862
14990
15108
15140
15406
15434
15598
15702
16028
16466
16568
16656
17174
17198
17314
17480
17946
18244
18342
18978
19014
19142
19712
19790
20044
21508
21960
22104
22440
22642
22918
22950
23090
23352
23604
23794
23882
24898
25268
25864
25924
25932
27880
28174
28704
28854
29190
29614
30424
30988
32532
32578
32870
33412
35854
36482
38018
38536
40852
43096
43762
