Latencies
4978
4980
4996
5000
5024
5028
5030
5032
5034
5040
5042
5044
5044
5046
5048
5050
5050
5052
5054
5054
5054
5056
5058
5060
5062
5064
5064
5066
5066
5068
5070
5072
5072
5074
5078
5080
5084
5084
5084
5084
5084
5086
5086
5086
5088
5088
5088
5090
5090
5092
5094
5094
5098
5100
5102
5104
5106
5106
5108
5108
5110
5112
5112
5114
5114
5116
5118
5118
5118
5120
5120
5122
5126
5126
5126
5126
5126
5126
5132
5132
5134
5136
5136
5136
5136
5138
5140
5142
5144
5144
5144
5146
5146
5148
5148
5150
5150
5150
5150
5150
5152
5152
5152
5152
5154
5156
5156
5158
5158
5158
5158
5158
5160
5160
5160
5162
5162
5164
5168
5170
5172
5172
5172
5172
5172
5174
5174
5174
5174
5174
5176
5176
5176
5178
5178
5178
5178
5178
5180
5180
5180
5180
5182
5182
5182
5182
5184
5184
5184
5186
5186
5186
5190
5190
5190
5190
5192
5192
5192
5192
5194
5194
5194
5196
5196
5198
5198
5198
5200
5200
5200
5202
5202
5202
5202
5204
5204
5204
5206
5206
5206
5206
5206
5206
5206
5208
5208
5208
5210
5210
5210
5210
5212
5212
5214
5214
5214
5214
5216
5216
5216
5216
5218
5218
5218
5218
5218
5218
5220
5220
5220
5220
5222
5222
5222
5222
5222
5224
5224
5226
5226
5226
5226
5230
5230
5230
5230
5232
5232
5232
5232
5234
5234
5234
5236
5236
5238
5238
5240
5240
5242
5242
5242
5242
5242
5242
5242
5244
5244
5244
5244
5244
5244
5246
5246
5246
5246
5246
5246
5248
5248
5250
5250
5250
5250
5250
5250
5250
5250
5250
5252
5252
5252
5252
5252
5254
5256
5256
5256
5256
5256
5256
5256
5258
5260
5260
5260
5260
5260
5264
5264
5264
5266
5266
5268
5268
5268
5268
5268
5270
5270
5270
5272
5272
5272
5274
5274
5274
5276
5276
5278
5278
5278
5278
5278
5278
5280
5280
5280
5280
5280
5284
5284
5284
5284
5286
5286
5286
5288
5288
5288
5290
5290
5290
5290
5290
5290
5292
5292
5292
5292
5294
5294
5294
5296
5296
5296
5298
5300
5300
5300
5300
5300
5302
5302
5302
5302
5302
5304
5304
5304
5306
5306
5306
5306
5308
5310
5310
5312
5312
5312
5314
5314
5314
5314
5314
5316
5316
5316
5316
5316
5316
5318
5320
5320
5322
5322
5322
5326
5326
5328
5328
5328
5330
5330
5332
5332
5332
5334
5334
5334
5336
5336
5336
5336
5338
5338
5338
5340
5340
5340
5340
5342
5344
5344
5344
5344
5344
5348
5348
5350
5352
5354
5356
5356
5358
5358
5358
5358
5358
5358
5360
5360
5360
5360
5362
5362
5362
5364
5364
5364
5368
5368
5368
5370
5370
5372
5374
5374
5376
5378
5378
5382
5382
5384
5384
5384
5386
5386
5386
5388
5388
5388
5390
5392
5392
5392
5392
5392
5394
5394
5396
5398
5400
5400
5400
5402
5404
5404
5404
5404
5408
5408
5412
5412
5416
5416
5416
5418
5418
5418
5418
5420
5420
5420
5420
5424
5424
5424
5424
5424
5426
5426
5428
5428
5428
5430
5430
5430
5432
5434
5434
5436
5438
5442
5444
5444
5444
5448
5450
5452
5452
5452
5454
5454
5454
5456
5460
5460
5462
5462
5464
5464
5464
5464
5466
5466
5470
5470
5470
5470
5476
5476
5480
5480
5482
5484
5484
5486
5486
5488
5490
5490
5492
5496
5496
5496
5498
5498
5498
5500
5500
5502
5502
5504
5504
5504
5504
5504
5504
5506
5506
5508
5510
5512
5512
5514
5518
5518
5518
5520
5522
5522
5524
5524
5526
5532
5536
5536
5536
5538
5540
5542
5542
5542
5544
5546
5548
5552
5554
5554
5556
5558
5562
5562
5564
5566
5568
5570
5572
5574
5576
5578
5580
5582
5582
5582
5584
5588
5592
5596
5600
5600
5602
5604
5606
5608
5608
5610
5614
5614
5614
5616
5616
5618
5618
5618
5618
5622
5624
5624
5628
5628
5630
5630
5632
5634
5634
5642
5644
5644
5648
5648
5648
5650
5650
5652
5652
5656
5658
5658
5658
5660
5660
5660
5662
5666
5672
5672
5676
5676
5676
5680
5682
5682
5684
5686
5686
5690
5692
5692
5692
5692
5696
5696
5696
5698
5698
5700
5700
5702
5702
5702
5706
5706
5708
5712
5712
5718
5720
5720
5720
5722
5728
5728
5730
5730
5730
5730
5732
5732
5740
5742
5742
5744
5744
5746
5750
5756
5760
5760
5762
5762
5764
5766
5766
5774
5778
5780
5780
5784
5786
5788
5792
5798
5802
5806
5808
5810
5814
5814
5828
5830
5830
5832
5836
5838
5840
5840
5842
5842
5844
5844
5846
5846
5848
5852
5852
5858
5862
5872
5872
5874
5876
5876
5876
5878
5878
5880
5880
5880
5882
5886
5890
5894
5894
5900
5902
5904
5908
5910
5918
5920
5922
5926
5930
5930
5932
5934
5938
5940
5942
5944
5946
5962
5968
5972
5974
5978
5980
5982
5988
5990
5994
6000
6006
6014
6018
6020
6020
6020
6022
6026
6034
6042
6044
6052
6054
6054
6056
6056
6058
6058
6062
6064
6070
6078
6086
6086
6086
6086
6090
6106
6108
6108
6114
6128
6130
6142
6150
6158
6160
6160
6172
6174
6176
6178
6190
6190
6196
6220
6224
6226
6230
6232
6250
6254
6266
6270
6280
6304
6304
6316
6328
6334
6364
6392
6400
6410
6410
6446
6460
6472
6490
6510
6628
6628
6668
6674
6700
6736
6740
6746
6770
6788
6812
6882
6926
6936
6936
6992
7008
7056
7072
7080
7136
7232
7308
7322
7338
7366
7404
7430
7458
7552
7744
7770
7910
7926
7992
8006
8074
8094
8108
9106
9166
9202
9418
9540
9866
10186
10294
10360
10374
10532
10580
10950
11162
11622
11678
12298
12564
12718
12904
13356
13650
13904
14324
14418
14504
14532
14600
14636
15132
15156
16980
17046
17048
17110
17766
17932
18370
18444
19088
19098
21070
21086
21632
21862
22186
23120
23396
23974
24218
24320
24562
24582
24964
25238
25888
26432
26558
26784
27950
28178
28422
28880
29742
31840
31892
32034
32366
33786
33872
34184
34494
35412
35534
35566
35602
35624
35726
35892
36016
39418
39830
40066
41966
46548
52484
