Latencies
5162
5174
5190
5222
5230
5240
5242
5244
5248
5252
5258
5262
5264
5266
5274
5276
5276
5276
5282
5284
5286
5286
5288
5290
5298
5302
5304
5306
5308
5310
5314
5316
5318
5320
5320
5320
5322
5324
5328
5330
5330
5330
5332
5332
5334
5336
5340
5340
5342
5342
5342
5342
5344
5346
5346
5350
5350
5350
5350
5352
5352
5352
5354
5354
5354
5354
5354
5356
5356
5356
5356
5356
5358
5358
5358
5360
5360
5360
5360
5364
5364
5364
5364
5366
5366
5366
5366
5366
5368
5368
5368
5368
5370
5370
5370
5370
5370
5372
5372
5374
5374
5374
5374
5376
5376
5378
5378
5380
5380
5380
5380
5382
5382
5382
5384
5384
5384
5384
5384
5386
5386
5388
5388
5390
5390
5390
5392
5392
5392
5392
5392
5392
5394
5394
5394
5394
5394
5394
5394
5396
5396
5396
5398
5398
5398
5398
5398
5400
5400
5400
5400
5400
5400
5400
5400
5400
5402
5402
5404
5404
5406
5406
5406
5408
5408
5408
5408
5408
5410
5410
5410
5412
5412
5412
5412
5412
5412
5412
5412
5412
5412
5412
5412
5412
5414
5414
5414
5414
5414
5414
5414
5414
5414
5414
5416
5416
5416
5416
5418
5418
5418
5418
5418
5420
5420
5420
5420
5420
5422
5422
5422
5422
5422
5422
5424
5424
5424
5424
5424
5424
5426
5426
5426
5426
5426
5426
5428
5428
5428
5428
5428
5430
5430
5430
5430
5430
5432
5432
5432
5434
5434
5436
5436
5438
5440
5440
5440
5440
5440
5442
5442
5442
5442
5444
5444
5444
5444
5446
5446
5446
5446
5446
5448
5448
5448
5450
5450
5450
5450
5452
5452
5452
5452
5452
5454
5454
5454
5454
5456
5456
5456
5456
5456
5456
5458
5458
5458
5458
5458
5458
5458
5460
5460
5460
5460
5462
5462
5464
5466
5470
5470
5470
5472
5472
5472
5472
5472
5472
5472
5476
5476
5476
5476
5478
5478
5478
5478
5480
5480
5480
5480
5482
5482
5482
5482
5484
5484
5484
5484
5484
5484
5486
5486
5488
5488
5488
5488
5488
5490
5490
5490
5490
5490
5490
5490
5490
5492
5492
5492
5492
5492
5494
5494
5496
5496
5498
5498
5498
5500
5500
5500
5500
5500
5500
5500
5502
5502
5502
5502
5504
5504
5504
5506
5506
5506
5506
5506
5508
5510
5510
5512
5514
5514
5514
5514
5516
5516
5518
5518
5518
5518
5520
5522
5522
5522
5522
5524
5524
5524
5526
5526
5526
5528
5528
5530
5532
5532
5532
5532
5532
5534
5536
5536
5536
5536
5536
5538
5538
5538
5538
5538
5538
5540
5540
5540
5540
5540
5542
5542
5542
5544
5546
5546
5546
5546
5546
5548
5548
5550
5550
5550
5552
5552
5554
5554
5554
5554
5556
5556
5556
5558
5558
5558
5560
5560
5560
5562
5562
5562
5562
5564
5566
5566
5566
5566
5568
5568
5568
5568
5570
5570
5570
5572
5574
5574
5574
5574
5574
5576
5576
5576
5578
5578
5578
5578
5580
5580
5580
5582
5582
5584
5584
5584
5586
5586
5586
5590
5592
5592
5592
5594
5594
5596
5600
5602
5602
5602
5602
5604
5606
5608
5610
5612
5614
5614
5614
5616
5618
5618
5618
5618
5620
5622
5626
5626
5626
5628
5630
5630
5630
5638
5640
5640
5640
5644
5646
5648
5650
5652
5652
5654
5654
5656
5656
5656
5658
5658
5660
5662
5662
5664
5666
5668
5668
5672
5672
5674
5674
5676
5678
5678
5678
5680
5680
5680
5682
5682
5682
5684
5686
5688
5688
5690
5692
5692
5696
5696
5698
5702
5702
5702
5706
5706
5708
5708
5708
5712
5712
5712
5712
5714
5716
5718
5718
5720
5720
5722
5724
5726
5726
5728
5728
5730
5732
5734
5734
5738
5742
5742
5746
5748
5748
5750
5752
5756
5756
5756
5758
5758
5760
5760
5768
5768
5770
5770
5772
5772
5774
5774
5776
5776
5778
5778
5782
5782
5784
5786
5788
5788
5792
5796
5802
5804
5806
5810
5814
5814
5814
5816
5818
5818
5820
5820
5828
5832
5834
5834
5838
5838
5842
5846
5846
5846
5848
5850
5852
5856
5858
5862
5862
5862
5866
5870
5870
5870
5872
5876
5876
5878
5880
5880
5880
5882
5884
5888
5890
5892
5892
5896
5896
5902
5906
5916
5918
5918
5920
5920
5920
5920
5922
5924
5924
5924
5924
5926
5926
5930
5930
5932
5934
5942
5942
5944
5948
5950
5956
5956
5956
5960
5960
5974
5974
5974
5978
5980
5984
5984
5988
5988
5988
5992
5992
5996
5996
5996
5996
5996
6000
6000
6000
6004
6006
6008
6008
6010
6012
6014
6016
6016
6016
6020
6020
6020
6024
6030
6030
6032
6036
6036
6038
6040
6040
6040
6044
6044
6046
6052
6054
6056
6056
6058
6060
6062
6062
6064
6064
6074
6074
6078
6078
6078
6080
6080
6080
6082
6084
6086
6086
6086
6090
6094
6098
6098
6098
6100
6100
6104
6108
6108
6108
6110
6112
6114
6116
6118
6118
6122
6126
6130
6136
6138
6142
6142
6144
6152
6154
6156
6158
6162
6164
6166
6168
6168
6170
6170
6176
6178
6180
6182
6184
6184
6184
6186
6188
6190
6190
6192
6192
6196
6198
6198
6200
6200
6206
6208
6212
6212
6214
6214
6214
6222
6222
6222
6222
6222
6226
6228
6234
6238
6238
6238
6244
6248
6254
6256
6256
6264
6266
6270
6274
6274
6276
6278
6278
6280
6282
6284
6284
6286
6288
6288
6290
6292
6300
6306
6316
6318
6322
6322
6330
6338
6338
6342
6346
6350
6350
6354
6362
6364
6372
6386
6392
6392
6398
6400
6404
6406
6410
6424
6432
6434
6440
6444
6458
6458
6460
6464
6466
6484
6486
6510
6522
6534
6536
6538
6540
6566
6582
6654
6670
6672
6724
6734
6800
6830
6836
6838
6876
6884
6920
6960
6978
7028
7102
7204
7232
7242
7314
7326
7354
7372
7388
7496
7518
7788
8140
8302
8412
8436
8486
8748
8880
9544
10092
10190
12066
12440
13328
13644
14506
14698
15154
16100
16350
17222
17376
17742
18450
19066
20666
20900
21370
22354
22446
23222
23828
23916
23930
25532
25626
26130
26608
29220
32222
33382
35686
39064
40080
45854
53798
