Latencies
5016
5046
5058
5062
5062
5062
5066
5074
5076
5082
5082
5084
5090
5092
5096
5096
5102
5104
5106
5106
5112
5112
5114
5122
5124
5124
5124
5126
5126
5126
5128
5130
5130
5132
5132
5134
5138
5140
5140
5144
5146
5146
5150
5152
5158
5160
5162
5162
5164
5164
5166
5168
5170
5170
5170
5174
5174
5176
5176
5178
5178
5178
5180
5180
5180
5182
5182
5184
5184
5186
5186
5186
5188
5190
5190
5192
5192
5194
5194
5200
5200
5200
5200
5200
5202
5202
5202
5202
5204
5204
5206
5206
5208
5208
5208
5208
5210
5210
5210
5210
5212
5212
5212
5214
5214
5214
5216
5216
5218
5220
5220
5222
5222
5222
5222
5222
5224
5226
5226
5226
5228
5228
5228
5232
5232
5234
5234
5234
5236
5236
5236
5236
5236
5238
5238
5238
5238
5238
5238
5240
5240
5242
5242
5242
5242
5244
5244
5244
5244
5244
5244
5246
5246
5246
5248
5248
5248
5248
5250
5250
5250
5250
5250
5250
5250
5252
5252
5252
5252
5252
5252
5252
5252
5254
5254
5256
5256
5256
5256
5258
5258
5258
5258
5258
5258
5258
5258
5260
5260
5262
5262
5262
5262
5262
5264
5264
5264
5266
5266
5266
5266
5268
5268
5268
5270
5270
5272
5272
5272
5272
5272
5274
5274
5274
5276
5278
5278
5278
5278
5280
5280
5282
5282
5282
5284
5284
5284
5284
5284
5284
5286
5286
5286
5286
5288
5288
5288
5288
5290
5290
5290
5292
5292
5292
5292
5292
5292
5292
5294
5294
5294
5296
5296
5296
5296
5298
5298
5298
5298
5300
5300
5300
5300
5300
5300
5300
5300
5300
5302
5302
5302
5302
5304
5304
5304
5304
5304
5304
5306
5306
5310
5310
5310
5310
5310
5310
5310
5310
5312
5312
5312
5312
5314
5314
5316
5316
5316
5318
5318
5320
5320
5320
5322
5322
5326
5326
5326
5326
5326
5326
5328
5328
5328
5332
5332
5332
5332
5332
5334
5334
5334
5336
5336
5336
5336
5336
5338
5340
5340
5340
5340
5340
5340
5342
5344
5346
5346
5346
5346
5348
5350
5354
5354
5354
5356
5358
5358
5358
5360
5360
5362
5362
5362
5362
5362
5364
5366
5366
5372
5372
5372
5374
5374
5374
5374
5376
5376
5378
5378
5380
5382
5382
5382
5382
5382
5382
5384
5384
5384
5386
5386
5388
5388
5388
5392
5394
5394
5396
5396
5398
5402
5402
5404
5404
5404
5406
5408
5410
5414
5416
5418
5418
5420
5422
5422
5424
5424
5424
5426
5426
5426
5428
5428
5428
5432
5434
5434
5434
5436
5436
5436
5436
5436
5438
5438
5438
5440
5442
5442
5442
5442
5442
5448
5452
5454
5454
5454
5454
5454
5456
5456
5458
5458
5460
5464
5464
5464
5464
5466
5468
5468
5468
5470
5472
5474
5474
5476
5480
5480
5484
5484
5484
5484
5484
5484
5486
5486
5490
5490
5490
5490
5492
5492
5492
5496
5496
5498
5502
5502
5502
5504
5504
5506
5508
5508
5508
5508
5510
5512
5514
5516
5516
5518
5518
5522
5528
5530
5532
5532
5532
5536
5536
5536
5538
5538
5538
5538
5540
5540
5540
5542
5544
5544
5544
5544
5546
5548
5548
5550
5550
5552
5552
5552
5562
5564
5564
5568
5568
5568
5570
5570
5570
5572
5574
5574
5576
5578
5578
5580
5582
5582
5584
5588
5588
5590
5594
5596
5598
5598
5600
5602
5604
5604
5606
5612
5614
5616
5616
5618
5620
5620
5620
5622
5622
5624
5624
5626
5626
5626
5630
5634
5636
5638
5638
5638
5638
5640
5644
5646
5648
5648
5652
5652
5656
5660
5666
5666
5666
5668
5670
5674
5674
5676
5676
5678
5682
5686
5686
5686
5688
5688
5688
5692
5694
5696
5698
5700
5702
5702
5702
5704
5704
5706
5708
5708
5708
5714
5718
5722
5724
5730
5730
5732
5736
5736
5738
5742
5742
5742
5744
5744
5746
5746
5748
5748
5750
5754
5756
5756
5758
5760
5768
5768
5770
5770
5772
5774
5780
5782
5784
5784
5788
5788
5790
5792
5802
5802
5806
5806
5810
5814
5816
5818
5818
5818
5822
5824
5824
5826
5830
5832
5836
5840
5842
5846
5846
5846
5846
5850
5852
5856
5860
5860
5862
5862
5862
5864
5866
5866
5868
5868
5870
5874
5874
5874
5876
5878
5878
5880
5880
5882
5882
5884
5884
5884
5892
5894
5894
5894
5894
5896
5898
5898
5898
5900
5900
5902
5902
5906
5906
5910
5910
5914
5920
5922
5926
5926
5932
5932
5934
5934
5936
5938
5940
5940
5942
5942
5944
5946
5948
5954
5954
5956
5956
5962
5962
5964
5964
5966
5966
5966
5966
5972
5980
5982
5982
5982
5982
5984
5984
5986
5988
5988
5996
5996
5998
5998
6000
6002
6002
6004
6008
6012
6014
6018
6018
6018
6018
6022
6028
6028
6034
6034
6036
6042
6044
6050
6050
6050
6062
6064
6066
6066
6068
6068
6076
6078
6082
6082
6084
6084
6086
6086
6088
6096
6102
6106
6110
6114
6116
6122
6122
6126
6126
6130
6134
6136
6144
6154
6154
6170
6174
6188
6196
6196
6198
6202
6208
6210
6214
6218
6220
6222
6224
6228
6232
6234
6238
6252
6264
6264
6272
6278
6278
6282
6284
6296
6324
6328
6342
6342
6346
6346
6382
6414
6434
6442
6446
6486
6486
6496
6502
6504
6506
6512
6560
6576
6586
6592
6598
6616
6636
6644
6654
6664
6678
6698
6706
6708
6720
6756
6778
6778
6786
6788
6790
6796
6808
6808
6834
6854
6866
6886
6928
6940
6982
7012
7094
7096
7146
7158
7172
7176
7186
7194
7194
7200
7224
7236
7238
7252
7256
7346
7380
7410
7428
7498
7600
7612
7614
7632
7640
7680
7722
7724
7750
7796
7858
7866
7914
7952
7990
8028
8150
8168
8188
8214
8566
8796
8904
9052
9124
9294
9366
9838
10206
10620
10936
11778
12410
12516
13260
14258
14308
14318
14408
14616
14866
14868
15522
15546
16390
16696
16980
18298
18370
19514
19616
20632
20708
20926
21658
21982
24482
26208
28362
31424
33676
34212
34728
44292
54710
243900
10056668
