Latencies
5242
5258
5276
5282
5286
5290
5298
5298
5304
5306
5306
5312
5312
5312
5316
5322
5324
5326
5326
5328
5328
5330
5332
5334
5334
5336
5338
5338
5340
5340
5340
5342
5342
5342
5344
5344
5346
5346
5348
5348
5352
5354
5354
5356
5356
5356
5358
5358
5358
5360
5360
5360
5362
5362
5366
5366
5366
5366
5366
5368
5368
5368
5368
5368
5370
5370
5370
5370
5370
5374
5374
5374
5374
5374
5376
5376
5376
5376
5376
5378
5378
5380
5382
5382
5382
5384
5384
5384
5384
5384
5384
5386
5386
5386
5386
5388
5388
5388
5388
5390
5390
5390
5392
5394
5394
5394
5394
5394
5394
5394
5396
5396
5396
5396
5396
5398
5398
5400
5400
5400
5400
5402
5402
5402
5402
5404
5404
5404
5404
5404
5406
5406
5406
5406
5408
5410
5410
5410
5412
5412
5414
5414
5414
5414
5414
5414
5416
5416
5416
5418
5418
5418
5418
5420
5420
5420
5420
5422
5422
5422
5424
5424
5424
5424
5426
5426
5426
5426
5426
5428
5428
5428
5430
5430
5430
5430
5432
5432
5432
5432
5432
5432
5434
5434
5434
5434
5434
5436
5436
5438
5438
5440
5442
5442
5442
5442
5444
5444
5444
5444
5446
5446
5448
5448
5448
5448
5448
5448
5450
5450
5450
5450
5454
5456
5456
5456
5458
5458
5458
5458
5458
5458
5458
5458
5460
5460
5460
5462
5462
5464
5464
5464
5464
5464
5464
5464
5466
5466
5466
5466
5466
5466
5466
5468
5470
5472
5474
5474
5474
5476
5476
5478
5478
5478
5478
5480
5480
5482
5482
5482
5484
5484
5484
5484
5484
5486
5486
5486
5486
5486
5486
5488
5488
5490
5490
5494
5494
5494
5496
5496
5496
5496
5498
5500
5500
5500
5502
5502
5502
5504
5504
5504
5506
5508
5508
5510
5510
5510
5510
5512
5514
5514
5516
5516
5516
5518
5518
5518
5520
5520
5520
5520
5520
5524
5526
5528
5528
5528
5528
5528
5528
5528
5528
5530
5532
5532
5532
5532
5534
5538
5538
5538
5538
5540
5540
5542
5542
5544
5544
5544
5546
5546
5548
5548
5548
5548
5550
5552
5552
5552
5552
5552
5552
5554
5554
5554
5556
5558
5558
5558
5560
5560
5560
5562
5564
5564
5564
5566
5568
5568
5568
5568
5570
5570
5570
5572
5572
5572
5572
5572
5574
5574
5576
5576
5576
5578
5578
5580
5580
5580
5580
5580
5580
5580
5582
5582
5582
5582
5582
5584
5586
5586
5586
5586
5588
5588
5590
5590
5592
5592
5592
5592
5592
5592
5594
5594
5596
5596
5600
5602
5602
5602
5604
5604
5604
5606
5606
5606
5610
5610
5610
5612
5614
5618
5618
5620
5620
5622
5622
5624
5624
5626
5626
5626
5626
5628
5628
5630
5632
5636
5636
5636
5636
5636
5638
5638
5638
5638
5640
5640
5644
5648
5648
5650
5650
5652
5652
5652
5654
5656
5656
5656
5660
5660
5664
5664
5664
5666
5666
5666
5668
5668
5668
5674
5674
5674
5678
5678
5680
5680
5680
5682
5684
5684
5684
5684
5686
5686
5686
5688
5690
5690
5690
5692
5692
5692
5694
5696
5698
5698
5700
5700
5702
5702
5704
5704
5704
5706
5706
5708
5708
5710
5712
5712
5714
5714
5714
5714
5716
5718
5718
5718
5720
5720
5722
5722
5726
5726
5728
5730
5732
5732
5734
5736
5738
5738
5740
5744
5744
5744
5744
5746
5748
5748
5750
5750
5750
5750
5750
5752
5754
5754
5756
5756
5758
5758
5760
5760
5760
5762
5764
5764
5766
5766
5770
5772
5774
5774
5778
5782
5784
5784
5786
5790
5790
5790
5792
5792
5794
5796
5796
5800
5800
5806
5806
5808
5810
5810
5812
5812
5812
5812
5816
5818
5820
5822
5822
5826
5828
5828
5828
5828
5828
5832
5834
5834
5836
5838
5838
5842
5842
5842
5842
5842
5844
5848
5848
5850
5854
5856
5856
5860
5860
5862
5864
5866
5866
5866
5866
5870
5872
5874
5874
5876
5878
5878
5878
5878
5880
5880
5880
5880
5880
5882
5884
5884
5886
5888
5888
5892
5894
5896
5896
5898
5900
5900
5900
5904
5910
5910
5910
5912
5912
5914
5916
5920
5920
5924
5926
5926
5928
5930
5930
5930
5930
5932
5932
5932
5934
5934
5934
5936
5938
5938
5938
5938
5938
5942
5944
5946
5948
5948
5948
5950
5950
5950
5952
5954
5954
5956
5956
5964
5966
5968
5972
5972
5974
5974
5980
5982
5986
5988
5988
5990
5992
5994
5994
5994
5994
5996
5998
6002
6004
6006
6008
6010
6012
6014
6014
6016
6018
6018
6022
6022
6024
6026
6026
6028
6030
6032
6034
6036
6036
6040
6040
6040
6044
6044
6044
6044
6050
6052
6054
6054
6056
6056
6058
6058
6058
6060
6064
6064
6068
6068
6070
6070
6074
6076
6076
6078
6080
6082
6084
6090
6090
6092
6096
6098
6098
6100
6100
6100
6102
6102
6104
6106
6112
6114
6114
6116
6116
6118
6120
6122
6122
6124
6126
6126
6128
6136
6136
6138
6138
6140
6140
6150
6150
6156
6160
6160
6162
6164
6166
6168
6168
6176
6182
6184
6188
6188
6188
6190
6192
6198
6206
6212
6216
6216
6226
6240
6242
6242
6244
6246
6250
6250
6252
6266
6274
6278
6278
6280
6282
6284
6286
6290
6316
6320
6326
6344
6348
6348
6352
6358
6360
6364
6366
6368
6368
6376
6380
6380
6384
6384
6386
6392
6418
6432
6434
6438
6442
6446
6448
6472
6472
6490
6500
6500
6504
6506
6530
6534
6552
6590
6612
6618
6644
6748
6758
6774
6784
6796
6816
6826
6856
6866
6880
6904
6912
6914
6958
7104
7180
7198
7258
7330
7428
7456
7474
7538
7548
7606
7858
8028
8084
8226
8370
8430
8758
9040
9538
9656
9660
10304
10380
10974
11194
11510
12130
13500
13650
13866
14006
14048
14306
14336
14850
14966
15032
16070
20094
20772
21488
22784
23234
24312
25680
26146
26564
27186
29852
31350
33168
36260
37024
38492
57694
61914
