Latencies
5292
5344
5356
5382
5388
5388
5390
5406
5408
5410
5422
5428
5434
5438
5442
5442
5446
5456
5458
5458
5460
5468
5476
5480
5500
5500
5500
5508
5524
5526
5530
5536
5538
5542
5550
5554
5556
5562
5574
5584
5586
5596
5598
5604
5606
5606
5606
5610
5616
5620
5624
5640
5644
5650
5662
5666
5670
5682
5682
5684
5684
5684
5694
5694
5696
5698
5700
5706
5708
5714
5716
5734
5734
5760
5772
5798
5802
5806
5806
5806
5818
5828
5838
5842
5850
5852
5856
5864
5864
5874
5874
5886
5894
5910
5918
5922
5924
5930
5930
5934
5942
5954
5962
5966
5966
5986
5986
5996
6008
6018
6036
6038
6048
6048
6054
6056
6058
6060
6066
6092
6092
6094
6106
6108
6110
6112
6124
6126
6138
6138
6162
6168
6172
6178
6182
6212
6228
6234
6234
6242
6250
6252
6254
6258
6274
6274
6284
6292
6316
6320
6326
6336
6338
6342
6344
6352
6356
6356
6358
6362
6380
6388
6390
6394
6402
6406
6420
6424
6424
6442
6462
6476
6478
6486
6492
6506
6518
6528
6564
6564
6566
6570
6576
6588
6598
6598
6602
6626
6692
6694
6716
6716
6732
6788
6794
6802
6802
6822
6836
6886
6898
6914
6942
6948
6958
6978
6984
7006
7032
7062
7064
7074
7104
7108
7152
7158
7158
7162
7186
7200
7202
7216
7228
7242
7262
7262
7264
7266
7266
7286
7288
7308
7314
7320
7338
7344
7356
7376
7386
7408
7434
7456
7458
7472
7506
7518
7520
7528
7558
7570
7590
7636
7648
7652
7658
7668
7694
7698
7712
7752
7754
7768
7776
7786
7816
7824
7844
7852
7860
7876
7880
7884
7896
7910
7920
7922
7952
7984
8004
8006
8016
8036
8060
8078
8112
8146
8174
8180
8198
8208
8212
8216
8230
8242
8250
8260
8260
8268
8292
8296
8296
8320
8322
8354
8358
8406
8434
8460
8468
8502
8528
8540
8556
8586
8624
8636
8636
8654
8682
8698
8740
8754
8778
8780
8794
8856
8890
8892
8896
8904
8938
8972
8972
8974
9050
9096
9100
9114
9130
9146
9158
9160
9184
9268
9302
9322
9380
9386
9388
9412
9416
9430
9452
9460
9462
9472
9504
9560
9572
9574
9574
9592
9640
9648
9654
9656
9704
9710
9738
9748
9768
9772
9780
9784
9786
9788
9794
9800
9808
9818
9840
9856
9864
9896
9898
9910
9956
9966
9976
9990
10008
10014
10034
10054
10054
10056
10062
10078
10084
10092
10096
10120
10130
10138
10146
10168
10182
10198
10214
10224
10262
10270
10274
10294
10310
10358
10384
10386
10432
10460
10482
10492
10492
10506
10536
10540
10576
10592
10600
10626
10626
10626
10644
10644
10658
10700
10702
10740
10744
10748
10756
10792
10800
10810
10834
10838
10846
10846
10862
10862
10872
10890
10948
10958
10978
10986
10994
10998
11012
11026
11028
11030
11042
11046
11134
11156
11182
11210
11238
11238
11250
11298
11304
11318
11322
11328
11346
11354
11368
11376
11378
11404
11410
11418
11426
11506
11542
11594
11602
11620
11626
11644
11674
11718
11720
11754
11790
11824
11852
11882
11918
11922
11956
11966
11968
12012
12086
12096
12118
12142
12142
12154
12168
12198
12208
12226
12230
12262
12262
12274
12278
12304
12328
12346
12376
12378
12394
12400
12440
12480
12506
12534
12536
12558
12580
12588
12588
12658
12664
12666
12696
12704
12722
12738
12750
12782
12786
12804
12854
12882
12886
12948
12966
12984
12996
12996
13094
13114
13152
13202
13210
13246
13262
13268
13300
13334
13386
13402
13410
13420
13448
13454
13522
13524
13536
13538
13580
13582
13582
13614
13622
13654
13666
13668
13682
13694
13706
13710
13712
13758
13800
13826
13832
13834
13862
13864
13876
13886
13920
13924
13944
13962
13964
13978
13992
14036
14042
14060
14082
14110
14124
14140
14154
14184
14222
14250
14270
14270
14276
14288
14296
14296
14302
14306
14338
14346
14350
14374
14376
14404
14418
14426
14432
14438
14440
14450
14456
14458
14462
14476
14496
14504
14506
14516
14532
14552
14554
14558
14560
14584
14608
14610
14618
14624
14640
14654
14654
14656
14656
14658
14672
14688
14696
14698
14700
14706
14708
14708
14712
14712
14714
14720
14732
14732
14736
14744
14746
14750
14754
14754
14756
14762
14762
14780
14784
14790
14794
14796
14798
14814
14818
14820
14822
14824
14828
14836
14840
14840
14840
14858
14862
14862
14864
14866
14866
14868
14868
14872
14872
14876
14880
14882
14884
14886
14892
14892
14894
14904
14904
14906
14918
14924
14928
14930
14930
14930
14932
14938
14940
14940
14940
14942
14942
14948
14954
14954
14960
14964
14968
14968
14970
14980
14984
15004
15014
15016
15022
15030
15046
15048
15050
15052
15060
15062
15062
15068
15072
15072
15074
15082
15104
15106
15110
15110
15122
15122
15124
15134
15142
15148
15150
15152
15152
15152
15158
15158
15162
15162
15180
15184
15188
15190
15190
15192
15194
15200
15204
15204
15210
15210
15216
15218
15222
15222
15224
15226
15228
15228
15234
15240
15250
15252
15252
15254
15254
15258
15262
15264
15266
15266
15272
15274
15274
15274
15274
15276
15278
15280
15280
15282
15284
15326
15326
15344
15350
15350
15356
15364
15368
15368
15368
15374
15376
15376
15382
15384
15394
15394
15402
15424
15424
15424
15430
15436
15440
15440
15446
15456
15462
15462
15464
15468
15480
15492
15494
15506
15514
15518
15520
15524
15558
15578
15582
15588
15594
15596
15630
15648
15668
15674
15676
15682
15726
15768
15798
15828
15836
15846
15850
15856
15862
15866
15942
15956
15990
16016
16050
16050
16082
16116
16158
16186
16194
16232
16250
16278
16286
16316
16334
16352
16464
16566
16574
16602
16624
16660
16758
16818
17396
17468
17494
17630
17756
17826
18194
18218
18286
18422
18444
18522
18572
18606
18770
18792
18838
19136
19172
19206
19224
19232
19266
19340
19420
19482
19658
19718
19940
20068
20356
20378
21444
21792
21982
21984
22284
22904
23696
23814
24388
24446
24478
24532
24564
24652
24750
24886
24908
25336
25854
29464
29838
30462
34704
35876
36128
39716
40228
