Latencies
5258
5262
5276
5304
5310
5312
5320
5344
5352
5366
5402
5422
5456
5462
5492
5548
5592
5618
5622
5624
5644
5672
5708
5756
5762
5768
5776
5780
5790
5798
5802
5844
5854
5898
5906
5934
5942
5968
5984
6002
6048
6074
6080
6098
6116
6136
6142
6158
6212
6230
6278
6308
6318
6342
6374
6376
6388
6408
6460
6474
6518
6536
6550
6570
6618
6642
6650
6660
6686
6706
6722
6752
6768
6768
6772
6832
6864
6892
6910
6940
7016
7062
7066
7108
7122
7126
7180
7226
7252
7324
7332
7366
7398
7434
7464
7492
7514
7590
7710
7756
7764
7778
7794
7802
7834
7862
7936
7938
8018
8020
8044
8130
8188
8232
8330
8340
8360
8364
8380
8424
8576
8626
8732
8796
8832
8846
8850
8936
8960
8968
8992
9060
9104
9132
9142
9158
9182
9192
9228
9230
9262
9304
9330
9344
9492
9518
9568
9588
9682
9700
9708
9710
9760
9772
9810
9828
10000
10032
10098
10174
10190
10210
10224
10234
10312
10338
10344
10400
10436
10470
10600
10604
10618
10726
10730
10748
10752
10834
10898
10914
10918
10932
10952
11012
11042
11142
11200
11302
11336
11388
11432
11540
11550
11562
11590
11602
11646
11652
11672
11730
11744
11924
11956
11966
11978
11980
12044
12068
12090
12148
12194
12196
12248
12270
12288
12312
12364
12406
12448
12518
12600
12608
12656
12664
12678
12736
12774
12778
12808
12808
12820
12950
12950
12966
13016
13048
13118
13124
13190
13192
13198
13228
13336
13372
13390
13438
13458
13566
13638
13712
13816
13832
13834
13844
13846
13882
13890
13902
13914
13924
14014
14050
14088
14110
14144
14184
14216
14260
14274
14298
14340
14390
14420
14432
14482
14512
14544
14548
14570
14598
14624
14642
14648
14650
14654
14668
14674
14678
14684
14698
14722
14762
14772
14774
14776
14782
14790
14804
14806
14806
14828
14836
14858
14870
14884
14888
14890
14908
14922
14924
14928
14930
14932
14932
14932
14964
14968
15002
15004
15012
15046
15068
15146
15170
15172
15174
15184
15184
15198
15206
15228
15248
15254
15274
15278
15290
15298
15320
15336
15354
15356
15356
15400
15440
15442
15478
15480
15482
15508
15540
15556
15624
15652
15792
15796
15818
15850
15872
15888
15984
16030
16038
16074
16148
16178
16184
16204
16206
16302
16400
16424
16432
16478
16496
16496
16496
16608
16622
16670
16782
16784
16808
16852
16924
16946
17076
17110
17156
17254
17280
17282
17320
17328
17342
17364
17436
17478
17514
17514
17522
17536
17584
17600
17638
17656
17672
17696
17736
17768
17800
17842
17854
17918
17964
17992
18000
18026
18052
18092
18138
18264
18272
18302
18386
18390
18468
18516
18536
18550
18572
18594
18624
18650
18726
18808
18826
18832
18916
19046
19046
19068
19082
19146
19282
19296
19342
19418
19460
19512
19514
19540
19592
19744
19776
19900
19956
19996
20014
20024
20046
20076
20126
20174
20212
20240
20248
20260
20270
20364
20372
20376
20458
20498
20546
20604
20636
20658
20670
20768
20812
20816
20922
20938
20980
20992
21014
21024
21036
21080
21138
21196
21204
21224
21282
21310
21348
21374
21376
21502
21508
21524
21582
21596
21608
21616
21712
21842
21856
21900
21916
21930
21972
21988
22004
22148
22150
22178
22272
22274
22298
22298
22308
22428
22582
22620
22704
22734
22736
22856
22958
23086
23110
23294
23312
23322
23358
23374
23434
23436
23454
23584
23612
23738
23798
23802
23804
23814
23820
23874
23918
23960
24010
24018
24132
24214
24302
24312
24336
24342
24440
24448
24478
24482
24490
24502
24504
24554
24556
24558
24568
24570
24616
24626
24652
24660
24676
24680
24684
24708
24738
24750
24756
24868
24872
24902
24940
24960
24976
25072
25088
25098
25108
25134
25142
25200
25204
25296
25298
25302
25320
25326
25358
25360
25388
25414
25476
25498
25514
25562
25562
25576
25600
25602
25636
25638
25648
25694
25704
25740
25750
25810
25816
25818
25852
25866
25888
25896
25912
25920
25976
26232
26296
26442
26536
26564
26570
26650
26734
26744
26774
26860
26862
26888
26928
26974
26986
27164
27206
27220
27288
27290
27332
27364
27378
27408
27434
27496
27554
27570
27620
27724
27852
27918
27926
27952
28008
28056
28090
28130
28190
28208
28290
28332
28382
28402
28412
28494
28710
28712
28724
28832
28852
28870
28880
28918
28968
28998
29118
29128
29190
29202
29202
29218
29242
29244
29324
29360
29400
29460
29478
29484
29590
29632
29700
29700
29710
29728
29730
29760
29760
29794
29948
29984
30084
30186
30216
30230
30264
30312
30342
30504
30658
30664
30696
30708
30792
30796
30800
30806
30944
30964
30982
31028
31040
31218
31252
31282
31344
31378
31408
31450
31450
31592
31650
31656
31676
31718
31766
31856
31864
31906
32050
32070
32072
32114
32194
32194
32248
32348
32358
32390
32406
32490
32580
32624
32634
32718
32734
32748
32760
32790
32794
32798
32812
32846
32852
32890
32892
32946
32956
32990
33002
33030
33052
33220
33276
33334
33362
33364
33394
33472
33530
33632
33634
33696
33738
33824
33846
33854
33874
33888
33914
33924
33970
33974
33978
33998
34010
34016
34046
34048
34066
34068
34074
34078
34084
34092
34098
34102
34114
34120
34130
34160
34196
34200
34206
34210
34210
34266
34268
34278
34290
34316
34348
34358
34364
34396
34404
34428
34434
34454
34490
34510
34512
34520
34522
34524
34524
34526
34528
34544
34554
34574
34578
34634
34636
34642
34648
34652
34666
34670
34672
34676
34680
34682
34696
34706
34712
34718
34728
34730
34754
34770
34776
34778
34784
34792
34794
34814
34828
34832
34836
34836
34846
34860
34872
34880
34892
34898
34902
34914
34934
34936
34936
34956
34968
34968
34972
34974
34976
35000
35012
35020
35036
35082
35084
35096
35108
35116
35140
35150
35158
35182
35202
35206
35208
35222
35222
35238
35318
35328
35330
35330
35332
35376
35384
35392
35396
35412
35422
35428
35458
35532
35536
35538
35540
35586
35586
35670
35674
35758
35786
35788
35790
35918
35988
36052
36062
36238
36844
37138
37922
38972
39162
39190
39404
39964
40102
40412
40418
40898
41204
41450
42174
42428
42550
43082
43128
43190
43560
43574
43698
43794
44100
44240
44258
44304
44392
44442
44492
44614
44620
45510
49768
49782
51244
53952
59104
60890
77990
79206
79744
96738
107558
167222
356468
645796
2223946
3549504
11136742
