Latencies
5358
5384
5418
5418
5446
5454
5464
5466
5480
5492
5506
5514
5516
5516
5522
5530
5536
5538
5562
5562
5570
5608
5620
5624
5638
5654
5658
5676
5676
5688
5720
5720
5722
5742
5754
5758
5766
5778
5780
5786
5786
5786
5786
5788
5820
5820
5834
5834
5850
5858
5860
5864
5906
5918
5926
5928
5932
5938
5938
5940
5944
5948
5950
5966
5974
5980
5980
5994
6002
6012
6012
6016
6020
6022
6034
6048
6050
6070
6076
6082
6086
6098
6106
6122
6130
6142
6158
6160
6174
6182
6208
6218
6232
6270
6278
6282
6284
6294
6298
6300
6308
6310
6312
6316
6326
6352
6356
6370
6390
6414
6422
6436
6436
6460
6486
6508
6536
6620
6684
6748
6832
6858
6886
6886
6936
6936
6960
6966
6992
7008
7020
7048
7066
7104
7128
7134
7138
7152
7194
7210
7212
7240
7276
7350
7446
7488
7516
7520
7560
7586
7600
7654
7680
7690
7696
7696
7702
7726
7734
7740
7740
7756
7770
7788
7818
7844
7864
7894
7922
7968
7970
7980
7988
8006
8010
8052
8064
8166
8166
8204
8212
8220
8224
8230
8260
8272
8348
8412
8438
8444
8464
8470
8490
8496
8496
8560
8564
8572
8610
8744
8744
8970
8990
9044
9166
9184
9204
9304
9348
9350
9442
9476
9482
9486
9508
9528
9538
9618
9642
9670
9670
9676
9676
9808
9818
9896
9908
9938
9958
9972
9980
9996
10008
10050
10070
10174
10184
10226
10300
10304
10392
10468
10480
10506
10528
10548
10556
10622
10632
10650
10652
10706
10742
10780
10796
10796
10820
10838
10872
10874
10880
10894
10900
10930
10932
10960
10960
11042
11060
11128
11206
11228
11228
11232
11292
11314
11328
11332
11366
11394
11404
11436
11446
11482
11502
11574
11582
11590
11590
11600
11624
11676
11702
11712
11746
11756
11776
11916
11926
11966
12006
12008
12030
12068
12086
12094
12102
12200
12244
12246
12284
12334
12342
12350
12386
12404
12438
12464
12482
12542
12548
12554
12562
12634
12644
12668
12764
12808
12858
12902
12940
12960
13020
13032
13038
13070
13074
13132
13134
13206
13296
13314
13328
13380
13390
13450
13452
13464
13550
13590
13608
13614
13662
13768
13802
13806
13842
13862
13866
13916
13918
13952
13956
13980
14172
14198
14210
14230
14242
14276
14288
14304
14308
14318
14320
14356
14404
14406
14420
14420
14422
14440
14442
14458
14464
14466
14480
14492
14504
14538
14560
14564
14566
14566
14568
14582
14582
14600
14602
14618
14622
14624
14640
14658
14668
14672
14682
14688
14688
14688
14700
14734
14742
14750
14762
14772
14778
14784
14804
14810
14816
14818
14820
14820
14822
14824
14830
14834
14840
14848
14860
14860
14874
14892
14892
14900
14902
14928
14928
14930
14932
14932
14936
14942
14942
14962
14970
14976
14984
15006
15022
15026
15032
15032
15034
15036
15070
15072
15072
15084
15084
15090
15096
15098
15102
15106
15108
15114
15126
15130
15132
15144
15162
15164
15166
15168
15172
15174
15180
15194
15194
15194
15196
15200
15214
15216
15218
15226
15230
15232
15250
15256
15270
15274
15286
15292
15294
15300
15300
15304
15312
15314
15314
15324
15328
15328
15330
15332
15332
15334
15334
15338
15340
15350
15352
15366
15368
15382
15394
15406
15416
15420
15422
15426
15430
15434
15436
15438
15438
15448
15460
15478
15482
15492
15512
15524
15534
15540
15542
15550
15556
15566
15568
15602
15612
15624
15626
15650
15660
15662
15672
15734
15738
15746
15748
15782
15800
15800
15810
15840
15884
16020
16050
16062
16084
16110
16254
16282
16358
16400
16428
16454
16458
16462
16604
16614
16674
16714
16912
16996
17160
17226
17340
17420
17422
17468
17586
17612
17618
17622
17704
17732
17846
17900
17934
18000
18078
18094
18172
18308
18314
18324
18346
18366
18410
18550
18552
18568
18618
18628
18730
18732
18742
18804
18874
18976
19016
19024
19144
19164
19182
19198
19198
19206
19222
19272
19276
19280
19346
19358
19416
19498
19532
19602
19616
19620
19642
19676
19724
19728
19814
19872
19878
19912
19974
20008
20174
20196
20258
20332
20498
20506
20526
20570
20752
20772
20882
20886
20894
21052
21082
21130
21274
21336
21388
21476
21532
21572
21880
21912
21968
22056
22102
22374
22390
22452
22538
22566
22792
22874
22892
22904
22928
22940
23016
23050
23172
23230
23266
23318
23452
23454
23486
23538
23576
23758
23776
23834
23932
23944
23986
24038
24200
24326
24328
24376
24426
24432
24470
24514
24530
24546
24564
24600
24638
24706
24728
24740
24758
24806
24858
24878
24910
24918
24956
24966
24974
24978
25060
25070
25100
25112
25158
25206
25218
25260
25328
25350
25370
25432
25462
25560
25750
25766
25900
26048
26078
26086
26106
26198
26224
26236
26342
26404
26564
26670
26718
26816
26948
26956
27006
27032
27040
27060
27216
27292
27322
27530
27704
27730
27756
27774
27846
27906
27976
28090
28262
28418
28454
28470
28546
28776
28874
28900
28960
29056
29082
29098
29180
29194
29346
29392
29458
29496
29628
29656
29744
29794
29816
29828
29874
29876
29882
29936
29952
30270
30300
30342
30386
30466
30554
30624
30688
30690
30784
31020
31046
31144
31150
31172
31182
31200
31280
31298
31600
31662
31886
31968
31974
31986
32198
32316
32548
32552
32710
32718
32722
32800
32968
32976
32998
33074
33140
33150
33192
33394
33432
33446
33458
33466
33500
33648
33696
33712
33712
33712
33724
33728
33752
33800
33804
33820
33834
33834
33892
33960
33970
33982
33994
33994
34004
34018
34020
34040
34064
34074
34076
34106
34108
34120
34130
34158
34172
34174
34190
34198
34216
34218
34232
34232
34246
34258
34276
34300
34310
34348
34352
34374
34382
34424
34434
34440
34448
34464
34468
34476
34478
34494
34512
34548
34564
34570
34600
34638
34686
34688
34714
34716
34734
34740
34746
34756
34762
34770
34770
34786
34788
34804
34810
34820
34824
34840
34866
34874
34876
34886
34890
34892
34910
34978
35050
35068
35076
35108
35126
35130
35192
35208
35268
35272
35286
35290
35308
35338
35442
35506
35526
35574
35838
35916
36020
36110
36276
36454
37594
37994
38260
38428
38780
39070
39104
39296
40662
43770
43820
44138
44184
44518
45468
49738
59148
68250
71072
355946
620350
1023354
1494152
