Latencies
5362
5482
5534
5548
5566
5576
5582
5642
5662
5802
5810
5816
5846
5866
5882
5908
5932
5948
5980
6036
6040
6056
6060
6068
6074
6146
6164
6176
6184
6190
6214
6220
6232
6246
6300
6314
6324
6352
6394
6470
6552
6676
6762
6794
6830
6978
7038
7048
7096
7140
7166
7264
7274
7384
7430
7540
7550
7592
7748
7782
7792
7794
7798
7898
8038
8054
8078
8128
8194
8218
8218
8270
8374
8402
8448
8476
8508
8522
8528
8542
8664
8720
8752
8818
8820
8860
8946
8970
8986
9014
9060
9066
9096
9176
9184
9196
9198
9270
9280
9282
9294
9296
9320
9390
9398
9438
9440
9448
9570
9588
9646
9740
9746
9814
9914
9926
9968
10004
10094
10094
10100
10102
10164
10196
10218
10246
10286
10292
10324
10330
10364
10428
10514
10516
10526
10558
10574
10580
10632
10658
10660
10694
10740
10784
10806
10844
10970
10996
11090
11124
11266
11298
11320
11332
11360
11394
11404
11458
11532
11550
11572
11580
11606
11612
11684
11750
11804
11834
11974
12008
12010
12074
12118
12126
12234
12258
12260
12266
12298
12314
12330
12362
12374
12376
12386
12400
12466
12504
12588
12592
12632
12634
12654
12662
12672
12700
12732
12792
12792
12798
12988
12988
13018
13020
13056
13094
13098
13114
13194
13204
13220
13238
13294
13298
13426
13432
13450
13466
13466
13482
13496
13504
13520
13534
13622
13640
13710
13754
13768
13806
13830
13834
13872
13956
14028
14034
14078
14090
14130
14138
14144
14146
14196
14200
14218
14226
14236
14244
14252
14288
14296
14372
14404
14426
14442
14462
14576
14582
14584
14600
14632
14632
14634
14650
14654
14664
14678
14680
14682
14684
14694
14702
14704
14716
14730
14744
14760
14776
14778
14778
14796
14798
14808
14838
14840
14856
14890
14894
14898
14902
14912
14926
14930
14948
14950
14952
14958
14962
14966
14966
14970
14982
14982
14992
14996
15004
15010
15018
15020
15026
15052
15054
15060
15062
15066
15068
15068
15074
15078
15082
15082
15088
15088
15094
15104
15106
15128
15128
15130
15140
15158
15166
15168
15180
15182
15186
15200
15206
15206
15208
15216
15218
15224
15224
15236
15240
15254
15274
15276
15286
15288
15292
15300
15300
15310
15332
15346
15380
15386
15388
15390
15394
15402
15408
15420
15428
15438
15438
15448
15462
15472
15472
15474
15476
15480
15486
15490
15492
15512
15520
15522
15526
15528
15540
15554
15554
15566
15586
15608
15616
15622
15626
15628
15640
15652
15666
15668
15680
15680
15690
15692
15698
15724
15744
15764
15786
15796
15838
15852
15852
15880
15884
15942
15944
15972
15984
15984
16026
16192
16224
16252
16256
16302
16362
16472
16492
16562
16678
16692
16734
16756
16764
16950
16970
17114
17232
17328
17348
17398
17420
17470
17492
17498
17512
17512
17570
17618
17654
17666
17734
17746
17748
17802
17864
17926
17950
18042
18048
18054
18104
18136
18192
18264
18444
18460
18524
18556
18596
18654
18670
18810
18872
18906
18938
18992
19008
19010
19066
19072
19118
19120
19124
19138
19188
19198
19234
19276
19280
19488
19498
19500
19502
19594
19614
19658
19752
19762
19798
19848
19912
19948
19988
20300
20370
20470
20470
20484
20600
20608
20620
20626
20782
20784
20798
20824
20844
20882
20920
20924
20938
20982
20992
21032
21142
21156
21178
21212
21388
21412
21448
21526
21574
21630
21638
21650
21664
21800
21826
21918
22018
22082
22110
22116
22138
22152
22154
22212
22214
22228
22240
22258
22308
22356
22376
22496
22574
22644
22682
22704
22714
22720
22740
22744
22790
22800
22836
22838
22848
22868
22956
23032
23032
23162
23182
23226
23252
23286
23310
23324
23420
23438
23502
23546
23566
23568
23682
23712
23768
23784
23854
23900
23908
23930
23996
23998
24044
24062
24080
24096
24128
24132
24160
24174
24194
24214
24234
24242
24246
24268
24274
24304
24308
24388
24390
24408
24434
24438
24440
24444
24450
24450
24454
24468
24474
24478
24498
24514
24522
24552
24574
24578
24602
24604
24606
24626
24656
24660
24666
24676
24696
24700
24702
24706
24726
24728
24728
24732
24752
24764
24784
24786
24786
24794
24796
24796
24798
24806
24806
24816
24840
24846
24888
24894
24902
24908
24910
24926
24928
24928
24930
24930
24956
24966
24974
24984
24994
24994
25004
25020
25044
25064
25064
25094
25114
25116
25116
25134
25136
25164
25178
25190
25194
25212
25212
25222
25222
25234
25240
25242
25276
25286
25288
25292
25332
25348
25348
25374
25382
25390
25408
25416
25474
25516
25530
25532
25564
25586
25592
25592
25594
25600
25656
25670
25678
25736
25774
25824
25824
25912
25918
25942
26002
26016
26038
26048
26144
26254
26350
26350
26452
26474
26484
26522
26602
26610
26720
26834
26840
27024
27048
27072
27096
27210
27220
27266
27280
27582
27740
27834
27960
28072
28576
28590
28606
28720
28756
28766
29210
29288
29428
29502
29584
29612
29854
29872
29988
30026
30132
30148
30332
30530
30672
30858
31114
31284
31292
31476
31496
31592
31612
31742
31794
32054
32068
32138
32166
32428
32506
32596
32726
33056
33126
33496
33762
33766
33826
33892
33966
33982
34002
34012
34034
34044
34052
34074
34084
34114
34154
34180
34192
34214
34234
34236
34242
34310
34312
34316
34322
34340
34348
34350
34366
34370
34376
34386
34390
34390
34402
34412
34418
34418
34426
34430
34438
34484
34520
34532
34536
34544
34554
34590
34596
34606
34624
34630
34634
34650
34678
34688
34698
34714
34716
34718
34750
34790
34804
34836
34856
34866
34882
34900
34904
34948
34960
34970
34984
34992
34996
35012
35026
35048
35100
35114
35130
35146
35156
35158
35174
35244
35258
35274
35274
35310
35320
35360
35370
35510
35628
35766
36246
36252
37004
38142
39274
39282
39590
40630
40912
41292
41452
41804
42734
43612
43644
43784
44250
44368
45054
45114
46668
47746
50530
53348
57768
59434
60340
63618
94422
97066
146884
147480
206320
234210
258984
273750
327786
14442102
