Latencies
5334
5352
5364
5380
5390
5408
5412
5418
5418
5426
5428
5446
5448
5476
5480
5480
5490
5492
5500
5504
5508
5512
5520
5520
5520
5524
5526
5534
5534
5546
5548
5554
5554
5560
5570
5576
5576
5578
5582
5588
5606
5620
5622
5626
5628
5638
5640
5642
5644
5648
5650
5656
5660
5668
5674
5684
5696
5708
5718
5720
5722
5722
5724
5730
5740
5748
5764
5768
5770
5772
5778
5780
5792
5794
5808
5818
5818
5822
5824
5828
5832
5832
5834
5836
5848
5850
5858
5868
5876
5878
5880
5888
5900
5900
5908
5924
5926
5932
5938
5942
5944
5956
5958
5966
5968
5970
5982
6002
6014
6022
6022
6028
6048
6054
6056
6058
6060
6082
6090
6092
6100
6102
6102
6102
6104
6108
6110
6130
6130
6130
6134
6136
6136
6138
6148
6162
6170
6182
6192
6198
6200
6202
6202
6202
6204
6208
6216
6218
6232
6234
6244
6254
6262
6270
6276
6282
6286
6292
6300
6324
6332
6350
6362
6394
6402
6412
6414
6440
6448
6476
6496
6516
6520
6524
6558
6564
6566
6570
6580
6588
6594
6672
6674
6696
6702
6708
6738
6760
6832
6840
6840
6848
6848
6850
6864
6890
6902
6904
6920
6924
6950
6962
6988
6990
7024
7034
7036
7076
7084
7094
7100
7122
7124
7140
7156
7158
7176
7186
7200
7202
7202
7222
7222
7236
7250
7254
7352
7370
7402
7402
7412
7428
7432
7434
7454
7464
7474
7492
7496
7514
7530
7540
7602
7604
7616
7656
7680
7682
7712
7718
7720
7720
7724
7780
7796
7810
7818
7854
7856
7860
7882
7884
7906
7912
7916
7920
7926
7938
7950
7960
7966
7966
7976
7978
8010
8020
8070
8070
8076
8118
8124
8158
8162
8162
8206
8206
8216
8216
8222
8224
8236
8240
8256
8258
8290
8306
8314
8326
8376
8382
8398
8410
8456
8468
8492
8502
8546
8548
8562
8562
8568
8572
8572
8580
8624
8644
8648
8668
8672
8680
8690
8692
8714
8732
8790
8880
8884
8894
8904
8926
8944
8966
8980
9016
9026
9036
9060
9064
9088
9094
9100
9142
9142
9166
9186
9188
9196
9196
9220
9242
9244
9250
9250
9250
9256
9262
9278
9278
9284
9294
9328
9330
9358
9368
9388
9396
9402
9432
9450
9450
9450
9458
9458
9460
9462
9476
9506
9512
9534
9536
9552
9562
9570
9588
9592
9606
9610
9626
9640
9648
9656
9690
9716
9726
9726
9758
9764
9764
9774
9784
9836
9874
9898
9912
9920
9922
9928
9948
9950
9998
10002
10008
10008
10038
10070
10082
10090
10156
10166
10176
10236
10238
10290
10302
10308
10356
10356
10356
10374
10396
10414
10416
10422
10426
10436
10464
10480
10490
10494
10518
10562
10568
10586
10592
10614
10620
10644
10646
10650
10658
10684
10686
10704
10708
10710
10728
10738
10768
10774
10776
10786
10824
10846
10892
10922
10932
10994
11002
11002
11006
11010
11026
11050
11080
11092
11100
11120
11122
11128
11152
11162
11172
11174
11208
11212
11230
11234
11238
11254
11308
11330
11330
11330
11338
11360
11384
11410
11428
11452
11454
11468
11490
11502
11510
11514
11518
11522
11542
11554
11564
11572
11574
11578
11578
11626
11660
11666
11674
11678
11716
11766
11786
11792
11794
11796
11820
11820
11820
11874
11914
11924
11932
11934
11948
11966
11986
12002
12010
12026
12032
12038
12064
12136
12164
12164
12174
12182
12200
12216
12256
12278
12284
12292
12300
12316
12326
12338
12360
12368
12368
12388
12392
12396
12398
12422
12452
12454
12456
12516
12520
12562
12576
12580
12626
12638
12648
12658
12666
12694
12710
12732
12738
12746
12748
12762
12762
12768
12788
12804
12810
12814
12816
12824
12832
12840
12842
12888
12890
12890
12894
12932
12934
12934
12942
12944
12980
12982
12986
12990
13000
13028
13040
13050
13072
13108
13150
13170
13186
13196
13362
13372
13382
13386
13406
13408
13412
13432
13440
13444
13478
13488
13498
13498
13516
13520
13530
13532
13542
13562
13570
13578
13578
13578
13586
13602
13608
13622
13630
13646
13650
13660
13662
13692
13700
13746
13750
13762
13774
13776
13814
13836
13844
13856
13866
13878
13896
13916
13986
14002
14026
14038
14040
14052
14066
14078
14080
14082
14102
14106
14114
14116
14134
14138
14144
14156
14158
14160
14164
14174
14174
14186
14194
14236
14260
14270
14282
14292
14302
14308
14326
14332
14348
14348
14372
14376
14378
14382
14394
14398
14404
14406
14420
14420
14422
14434
14440
14448
14466
14470
14476
14478
14480
14482
14482
14492
14496
14500
14502
14506
14518
14524
14524
14536
14540
14542
14544
14544
14544
14550
14560
14562
14566
14568
14572
14576
14592
14594
14596
14604
14604
14610
14612
14614
14616
14620
14624
14624
14632
14634
14642
14654
14654
14656
14664
14674
14678
14684
14688
14690
14704
14706
14706
14710
14720
14724
14724
14726
14736
14744
14746
14758
14764
14764
14764
14768
14772
14782
14784
14790
14796
14806
14806
14812
14820
14830
14830
14838
14842
14842
14844
14844
14848
14850
14854
14866
14870
14872
14872
14876
14878
14882
14894
14898
14910
14918
14922
14922
14922
14924
14924
14924
14926
14936
14944
14952
14964
14978
14982
14984
14990
14990
14990
14992
15004
15004
15006
15008
15010
15012
15014
15014
15014
15022
15022
15026
15030
15034
15036
15042
15042
15042
15042
15044
15046
15050
15050
15052
15052
15054
15056
15058
15060
15060
15066
15068
15068
15068
15068
15072
15078
15078
15078
15078
15084
15096
15098
15104
15106
15116
15122
15126
15128
15128
15136
15136
15152
15156
15168
15174
15180
15190
15190
15190
15192
15198
15214
15220
15224
15234
15234
15242
15242
15246
15264
15266
15270
15280
15280
15282
15286
15294
15302
15302
15306
15316
15328
15330
15330
15342
15352
15370
15372
15378
15414
15458
15458
15470
15474
15508
15512
15518
15522
15528
15534
15552
15556
15576
15580
15586
15588
15592
15596
15612
15614
15618
15632
15656
15658
15684
15716
15718
15802
15806
15818
15878
15906
16032
16092
16136
16576
17534
17602
18176
18826
19552
21812
21936
22322
23358
23466
23872
24008
24162
24344
24366
24520
24658
24680
24754
24796
24858
24960
24994
25088
25228
25626
25724
25734
25846
29640
32206
34768
35484
39568
40356
41456
62700
68306
99358
662396
