Latencies
5280
5294
5330
5332
5332
5332
5336
5340
5348
5350
5362
5366
5372
5372
5378
5382
5394
5404
5406
5408
5412
5412
5414
5414
5416
5416
5418
5420
5422
5424
5426
5430
5430
5430
5430
5432
5434
5436
5442
5444
5444
5444
5444
5446
5448
5448
5448
5450
5454
5456
5458
5458
5460
5460
5462
5462
5468
5468
5468
5474
5482
5482
5488
5488
5492
5498
5504
5510
5514
5522
5524
5524
5526
5528
5530
5534
5536
5540
5542
5548
5554
5554
5558
5560
5560
5562
5564
5572
5572
5572
5576
5578
5578
5582
5586
5588
5594
5596
5604
5604
5606
5614
5620
5620
5624
5626
5626
5628
5628
5628
5634
5636
5638
5638
5644
5646
5648
5648
5650
5654
5654
5658
5664
5668
5678
5678
5684
5686
5688
5688
5690
5690
5698
5706
5706
5708
5712
5718
5722
5724
5726
5728
5730
5730
5732
5734
5744
5750
5752
5752
5754
5758
5758
5760
5762
5762
5766
5772
5772
5774
5774
5778
5778
5780
5780
5786
5786
5800
5802
5802
5804
5804
5808
5810
5824
5828
5828
5830
5832
5838
5840
5844
5844
5846
5848
5850
5860
5862
5866
5866
5868
5874
5876
5892
5892
5904
5910
5912
5920
5922
5926
5928
5932
5944
5948
5948
5956
5958
5958
5958
5970
5972
5982
5992
5996
5998
6000
6000
6004
6004
6006
6008
6010
6010
6014
6014
6018
6036
6044
6048
6050
6050
6058
6062
6064
6066
6068
6070
6072
6076
6082
6082
6084
6092
6092
6092
6092
6096
6104
6106
6108
6108
6116
6116
6116
6124
6126
6126
6132
6138
6138
6144
6146
6146
6162
6166
6166
6168
6168
6170
6178
6180
6184
6184
6186
6190
6194
6210
6210
6222
6222
6232
6244
6244
6244
6244
6244
6248
6250
6256
6264
6266
6266
6270
6278
6286
6290
6296
6304
6314
6316
6318
6326
6330
6356
6362
6364
6402
6418
6418
6430
6432
6438
6438
6458
6458
6460
6466
6468
6472
6492
6520
6536
6536
6550
6554
6574
6582
6586
6594
6594
6612
6616
6620
6622
6628
6636
6638
6642
6644
6648
6656
6672
6674
6676
6692
6700
6704
6716
6724
6738
6742
6758
6766
6776
6780
6780
6798
6832
6838
6852
6878
6878
6894
6896
6896
6912
6920
6920
6928
6960
6964
6976
6982
6984
6990
6994
7010
7018
7020
7022
7024
7028
7034
7054
7058
7060
7120
7124
7138
7156
7164
7216
7252
7254
7268
7268
7298
7334
7340
7348
7354
7358
7368
7456
7466
7470
7474
7488
7496
7502
7530
7534
7534
7558
7562
7598
7608
7608
7618
7626
7642
7656
7656
7698
7714
7724
7758
7870
7884
7904
7948
7956
7970
7978
8038
8046
8046
8120
8140
8220
8276
8332
8356
8372
8386
8392
8398
8408
8480
8520
8540
8540
8612
8616
8634
8636
8658
8658
8666
8672
8700
8716
8726
8802
8830
8846
8856
8858
8858
8864
8884
8888
8892
8894
8896
8902
8926
8964
8974
8974
8982
9002
9018
9022
9064
9106
9106
9118
9134
9176
9268
9272
9278
9296
9350
9352
9352
9380
9420
9430
9442
9450
9498
9528
9530
9548
9598
9646
9688
9698
9742
9754
9762
9792
9806
9830
9852
9866
9938
9944
9956
9982
10058
10130
10142
10188
10218
10220
10242
10246
10290
10292
10292
10296
10314
10318
10326
10332
10332
10334
10338
10384
10394
10420
10426
10436
10438
10440
10466
10498
10510
10536
10582
10594
10614
10616
10622
10624
10636
10648
10650
10652
10660
10668
10672
10674
10712
10734
10742
10742
10756
10794
10818
10844
10850
10904
10928
10932
10940
10974
10986
10998
10998
11022
11032
11034
11052
11074
11084
11158
11164
11184
11186
11204
11218
11232
11266
11314
11324
11326
11398
11400
11410
11434
11452
11482
11506
11514
11520
11522
11536
11562
11576
11576
11594
11644
11664
11670
11670
11680
11682
11692
11724
11766
11778
11786
11788
11792
11852
11868
11876
11882
11994
12002
12012
12082
12180
12206
12232
12252
12274
12304
12316
12328
12338
12398
12414
12460
12462
12498
12530
12534
12556
12576
12588
12600
12610
12612
12620
12624
12650
12662
12664
12708
12724
12730
12758
12768
12782
12788
12818
12866
12870
12896
12914
12938
12946
12976
13004
13006
13044
13118
13134
13140
13142
13146
13160
13176
13178
13214
13226
13234
13244
13248
13248
13252
13266
13280
13282
13310
13326
13340
13358
13382
13414
13432
13462
13488
13522
13578
13610
13612
13640
13682
13694
13702
13702
13720
13724
13732
13736
13818
13822
13836
13850
13854
13856
13892
13898
13924
13928
13962
13996
14000
14016
14030
14068
14076
14100
14114
14118
14132
14142
14146
14148
14162
14194
14236
14278
14284
14304
14320
14350
14358
14362
14366
14372
14380
14388
14392
14394
14438
14476
14484
14502
14502
14528
14532
14534
14556
14564
14568
14578
14580
14580
14582
14610
14614
14614
14616
14630
14640
14640
14646
14648
14654
14658
14666
14668
14672
14682
14688
14702
14702
14704
14708
14722
14722
14724
14728
14740
14740
14760
14766
14770
14772
14778
14798
14798
14798
14804
14806
14812
14830
14832
14850
14852
14852
14870
14880
14884
14888
14904
14908
14910
14912
14928
14930
14938
14946
14956
14958
14982
14986
15002
15012
15028
15030
15040
15042
15050
15060
15062
15066
15068
15070
15074
15084
15088
15092
15098
15098
15100
15100
15106
15108
15118
15122
15124
15124
15124
15132
15136
15140
15158
15166
15168
15174
15182
15186
15194
15196
15198
15202
15206
15226
15234
15238
15244
15248
15250
15258
15258
15268
15268
15282
15296
15308
15316
15318
15320
15336
15346
15364
15378
15384
15390
15406
15408
15410
15418
15424
15426
15450
15470
15486
15498
15514
15514
15544
15548
15554
15564
15580
15588
15648
15664
15668
15668
15682
15700
15708
15722
15736
15752
15790
15804
15822
15830
15840
15884
15900
15946
16006
16020
16022
16024
16064
16064
16290
16294
16380
16412
16624
17164
17566
17926
17990
18540
18572
19278
19524
19898
20264
21396
22750
23994
24208
24350
25038
25640
26334
26616
26790
31694
33104
38416
58794
78198
97130
4026620
