Latencies
5086
5120
5122
5126
5136
5150
5158
5164
5166
5166
5168
5168
5174
5176
5176
5178
5182
5184
5186
5190
5192
5192
5194
5196
5198
5202
5204
5206
5208
5210
5210
5210
5210
5210
5212
5212
5214
5216
5218
5220
5222
5222
5222
5224
5224
5228
5228
5230
5230
5234
5234
5236
5238
5238
5238
5238
5240
5240
5242
5242
5244
5244
5246
5246
5252
5252
5256
5256
5256
5258
5260
5260
5264
5264
5264
5264
5266
5266
5268
5268
5270
5272
5272
5272
5272
5274
5274
5274
5274
5276
5278
5280
5280
5282
5282
5282
5284
5284
5284
5286
5286
5286
5286
5286
5288
5288
5288
5288
5288
5290
5290
5290
5290
5290
5292
5292
5292
5292
5292
5294
5294
5294
5294
5294
5296
5296
5296
5296
5298
5298
5298
5300
5300
5300
5300
5300
5300
5302
5304
5304
5304
5306
5308
5308
5308
5308
5308
5308
5308
5308
5308
5310
5312
5312
5314
5314
5316
5318
5318
5318
5318
5320
5322
5322
5324
5324
5324
5324
5326
5326
5326
5326
5328
5328
5328
5328
5330
5330
5330
5330
5330
5332
5332
5332
5332
5332
5334
5334
5334
5334
5336
5336
5336
5336
5338
5338
5338
5338
5338
5340
5340
5340
5340
5342
5342
5342
5342
5344
5344
5346
5348
5348
5348
5348
5348
5348
5350
5350
5350
5350
5350
5350
5352
5352
5352
5352
5352
5354
5354
5354
5354
5354
5354
5356
5356
5356
5358
5358
5358
5358
5358
5358
5358
5360
5360
5360
5362
5362
5362
5362
5362
5362
5362
5364
5364
5364
5364
5364
5364
5364
5366
5366
5366
5366
5366
5368
5368
5368
5368
5368
5370
5372
5372
5372
5374
5374
5374
5374
5374
5374
5376
5376
5376
5376
5376
5376
5376
5376
5378
5378
5378
5378
5378
5380
5380
5380
5380
5380
5380
5382
5382
5382
5384
5384
5384
5384
5384
5384
5384
5384
5384
5384
5384
5386
5386
5386
5386
5388
5388
5388
5390
5392
5392
5394
5394
5396
5396
5396
5398
5398
5398
5398
5398
5398
5400
5400
5400
5402
5402
5402
5402
5402
5404
5404
5404
5404
5406
5406
5406
5406
5406
5408
5408
5410
5410
5410
5410
5410
5410
5412
5412
5412
5414
5414
5416
5416
5416
5416
5418
5420
5420
5420
5420
5422
5422
5424
5426
5426
5426
5426
5426
5428
5428
5428
5428
5430
5430
5430
5432
5432
5432
5432
5432
5434
5434
5434
5434
5436
5436
5438
5438
5438
5440
5440
5442
5442
5444
5444
5446
5446
5448
5448
5450
5450
5450
5452
5452
5452
5452
5452
5454
5454
5454
5454
5456
5456
5456
5456
5458
5458
5458
5458
5458
5460
5460
5460
5462
5462
5462
5462
5464
5464
5466
5466
5466
5468
5472
5472
5472
5474
5474
5474
5476
5478
5478
5478
5480
5482
5482
5484
5484
5486
5486
5490
5490
5490
5490
5492
5492
5494
5494
5494
5496
5496
5496
5496
5496
5496
5496
5496
5498
5498
5500
5500
5500
5500
5502
5502
5502
5502
5502
5502
5506
5506
5508
5512
5512
5512
5512
5514
5514
5514
5514
5516
5518
5520
5520
5524
5524
5524
5524
5526
5526
5528
5530
5530
5530
5532
5532
5532
5532
5534
5534
5536
5536
5538
5542
5544
5544
5546
5548
5550
5550
5550
5554
5558
5560
5560
5564
5564
5566
5568
5570
5574
5576
5580
5580
5582
5582
5582
5584
5584
5584
5586
5588
5588
5592
5592
5596
5596
5598
5600
5600
5602
5604
5604
5606
5606
5606
5612
5622
5624
5624
5626
5626
5630
5636
5638
5638
5640
5642
5642
5642
5646
5650
5650
5650
5652
5652
5654
5656
5656
5656
5658
5662
5662
5664
5670
5670
5670
5670
5670
5672
5672
5672
5674
5674
5676
5676
5678
5680
5680
5680
5682
5682
5684
5686
5688
5692
5694
5694
5694
5696
5698
5698
5698
5700
5704
5704
5706
5708
5714
5714
5716
5720
5724
5726
5726
5728
5730
5736
5740
5742
5748
5756
5758
5760
5764
5764
5766
5772
5774
5776
5778
5778
5778
5780
5784
5788
5796
5800
5800
5808
5810
5812
5814
5814
5816
5818
5818
5820
5824
5826
5828
5828
5830
5836
5838
5842
5848
5850
5850
5852
5856
5858
5858
5862
5866
5868
5878
5880
5882
5882
5884
5884
5888
5890
5892
5892
5896
5896
5898
5898
5900
5902
5904
5906
5908
5910
5910
5910
5910
5912
5914
5916
5918
5920
5922
5928
5934
5936
5940
5942
5944
5944
5950
5952
5952
5954
5956
5958
5962
5964
5964
5966
5974
5974
5976
5978
5980
5990
5992
5996
5998
6000
6002
6002
6006
6018
6020
6022
6024
6026
6028
6028
6034
6036
6044
6044
6046
6048
6050
6052
6056
6060
6064
6068
6072
6076
6078
6082
6084
6088
6096
6096
6098
6098
6100
6104
6120
6122
6122
6126
6128
6130
6130
6132
6138
6138
6144
6144
6152
6152
6152
6154
6158
6158
6160
6172
6172
6172
6174
6184
6186
6190
6194
6194
6202
6202
6208
6208
6214
6214
6216
6238
6242
6242
6250
6256
6272
6302
6312
6322
6334
6348
6352
6356
6366
6378
6390
6396
6398
6404
6406
6418
6434
6474
6474
6476
6478
6504
6532
6534
6550
6560
6568
6580
6584
6586
6684
6692
6696
6716
6722
6732
6752
6752
6762
6794
6820
6826
6842
6870
6872
6928
6934
6946
6952
6952
7010
7032
7106
7216
7228
7244
7322
7322
7328
7374
7434
7442
7520
7530
7572
7604
7950
8020
8042
8078
8080
8180
8618
8628
8706
8906
9092
9130
9258
9694
9964
10028
10412
10456
10686
10728
11036
11046
11394
11680
11752
12130
12148
12422
12600
12894
12932
12936
13156
13262
13290
13352
13496
13596
13644
13926
14164
14210
14436
14460
15018
15050
15076
15160
15786
15788
15794
15928
16118
16190
16774
16896
17072
17230
17264
17426
17656
17840
18046
18094
18804
19086
19454
19516
19748
20816
21400
21490
21552
21878
22188
22346
22550
22754
22864
22974
23080
23544
24338
24514
24610
25028
25626
26144
26228
29866
33352
33812
33944
35256
35390
36480
36536
38482
39008
39256
50868
53204
