Latencies
5140
5196
5196
5196
5200
5212
5212
5216
5216
5216
5224
5226
5232
5236
5240
5246
5248
5250
5254
5260
5264
5264
5272
5272
5280
5280
5284
5286
5286
5288
5290
5290
5290
5292
5294
5296
5298
5300
5300
5306
5306
5306
5308
5308
5308
5310
5310
5312
5314
5314
5316
5316
5318
5320
5322
5324
5324
5326
5326
5326
5326
5326
5326
5328
5328
5330
5332
5332
5332
5334
5334
5334
5334
5336
5336
5338
5338
5338
5338
5338
5340
5340
5342
5342
5342
5346
5346
5346
5348
5348
5350
5350
5350
5350
5350
5350
5350
5352
5352
5352
5352
5354
5354
5354
5354
5354
5354
5356
5356
5356
5356
5356
5358
5360
5360
5360
5360
5360
5362
5362
5362
5362
5362
5364
5364
5364
5364
5364
5364
5366
5366
5366
5366
5368
5368
5368
5368
5370
5370
5372
5372
5374
5374
5374
5374
5374
5374
5376
5376
5376
5376
5376
5378
5378
5378
5378
5378
5378
5380
5380
5380
5380
5382
5382
5382
5382
5382
5382
5382
5382
5384
5384
5384
5384
5386
5386
5386
5386
5386
5386
5386
5386
5386
5386
5388
5388
5390
5390
5390
5390
5390
5390
5390
5390
5390
5392
5392
5392
5392
5392
5392
5394
5394
5394
5394
5394
5394
5394
5394
5396
5396
5396
5396
5396
5396
5398
5398
5400
5400
5400
5400
5400
5400
5400
5402
5402
5402
5402
5402
5404
5404
5404
5404
5404
5404
5404
5404
5406
5406
5406
5406
5406
5406
5406
5406
5406
5406
5406
5408
5408
5408
5408
5408
5410
5410
5410
5410
5410
5412
5412
5412
5412
5412
5412
5412
5412
5414
5414
5414
5416
5416
5416
5416
5416
5418
5418
5418
5418
5418
5418
5418
5420
5420
5420
5420
5420
5420
5420
5422
5422
5422
5422
5422
5422
5424
5424
5424
5424
5424
5424
5426
5426
5428
5428
5428
5428
5428
5428
5430
5430
5430
5432
5432
5432
5434
5434
5434
5434
5434
5434
5434
5434
5434
5434
5434
5434
5434
5436
5436
5438
5438
5438
5438
5438
5440
5440
5440
5440
5440
5442
5442
5442
5442
5442
5442
5442
5444
5444
5444
5444
5444
5446
5446
5446
5446
5448
5448
5448
5448
5448
5450
5450
5450
5450
5450
5450
5450
5452
5452
5452
5452
5452
5454
5454
5454
5454
5456
5456
5456
5456
5458
5458
5458
5458
5458
5458
5458
5458
5460
5460
5460
5460
5462
5464
5464
5466
5466
5466
5468
5468
5468
5470
5470
5470
5470
5470
5470
5470
5472
5474
5474
5474
5476
5478
5478
5478
5478
5480
5480
5480
5482
5482
5482
5484
5484
5484
5486
5486
5488
5490
5490
5492
5494
5496
5498
5498
5500
5500
5500
5502
5502
5502
5502
5502
5504
5506
5506
5506
5508
5508
5508
5508
5510
5510
5510
5510
5512
5514
5514
5518
5520
5520
5520
5522
5522
5522
5522
5522
5524
5524
5524
5526
5526
5526
5526
5526
5528
5528
5528
5528
5530
5530
5532
5532
5532
5534
5534
5534
5534
5534
5538
5538
5540
5540
5542
5542
5544
5544
5544
5544
5546
5546
5548
5550
5552
5554
5556
5558
5558
5560
5562
5562
5562
5564
5564
5564
5566
5568
5568
5570
5570
5572
5572
5572
5572
5572
5574
5574
5574
5576
5578
5578
5582
5582
5582
5584
5584
5584
5584
5586
5586
5590
5592
5592
5594
5594
5594
5596
5600
5604
5606
5606
5608
5610
5612
5616
5616
5618
5620
5620
5624
5624
5626
5628
5632
5634
5634
5636
5640
5640
5642
5642
5642
5644
5646
5646
5648
5650
5652
5652
5654
5654
5656
5658
5658
5660
5660
5660
5662
5664
5664
5666
5668
5670
5674
5674
5676
5678
5682
5682
5684
5684
5684
5686
5692
5692
5694
5702
5706
5706
5708
5708
5712
5712
5714
5716
5720
5722
5722
5724
5726
5728
5730
5732
5736
5740
5740
5740
5742
5748
5750
5750
5752
5752
5754
5754
5760
5760
5760
5760
5760
5762
5770
5770
5774
5778
5782
5786
5788
5792
5792
5794
5794
5796
5800
5800
5804
5806
5806
5810
5810
5816
5816
5816
5826
5826
5832
5836
5838
5838
5840
5842
5842
5848
5848
5848
5850
5850
5852
5854
5856
5858
5858
5858
5862
5866
5866
5872
5872
5872
5878
5878
5880
5882
5882
5884
5886
5888
5890
5894
5894
5894
5896
5896
5896
5902
5902
5904
5908
5910
5914
5914
5914
5914
5916
5920
5920
5924
5926
5928
5930
5936
5940
5942
5942
5946
5948
5948
5948
5952
5952
5954
5956
5958
5958
5968
5972
5972
5978
5982
5986
5988
5990
5998
6000
6006
6010
6010
6014
6018
6022
6022
6028
6030
6032
6036
6036
6038
6038
6040
6042
6042
6046
6062
6064
6074
6074
6074
6078
6078
6082
6086
6088
6094
6096
6098
6100
6102
6104
6106
6108
6108
6114
6120
6128
6130
6132
6132
6132
6136
6142
6144
6144
6144
6144
6146
6148
6148
6152
6152
6154
6162
6162
6172
6174
6174
6176
6180
6182
6202
6206
6212
6214
6216
6216
6218
6230
6236
6236
6240
6250
6250
6256
6258
6258
6278
6280
6286
6288
6294
6294
6302
6306
6310
6312
6318
6324
6328
6334
6338
6338
6342
6354
6366
6380
6382
6392
6394
6398
6428
6440
6450
6456
6470
6494
6520
6538
6558
6566
6570
6588
6626
6644
6644
6646
6646
6656
6662
6666
6702
6712
6740
6762
6816
6818
6910
6926
6956
6978
7010
7022
7054
7142
7214
7258
7286
7300
7342
7344
7424
7512
7592
7714
7984
8486
8516
8690
8926
8926
9014
9110
9280
9362
9800
9950
10050
10094
10346
10366
10376
10474
10598
10642
10682
10984
11184
11226
11446
11590
11634
11676
11904
12054
12204
13092
13128
13312
13314
13390
13844
13986
14110
14398
14860
14888
14900
14906
14954
15092
15254
15382
15546
15750
15766
15832
16390
16578
17098
17242
17434
17872
19490
20602
21068
21490
21948
22888
23258
23350
23802
23810
23876
25010
25118
25970
26034
26142
26164
27362
28972
32506
32546
32620
32722
34592
36544
64202
