Latencies
5246
5334
5360
5364
5388
5416
5466
5472
5474
5484
5500
5502
5554
5590
5628
5632
5654
5654
5668
5674
5676
5678
5680
5700
5708
5722
5726
5728
5764
5774
5790
5808
5814
5822
5828
5830
5832
5834
5888
5890
5900
5926
5932
5942
5948
5956
5962
5986
5988
5996
6008
6012
6036
6038
6050
6052
6088
6092
6094
6094
6100
6108
6112
6128
6144
6150
6180
6202
6210
6216
6248
6256
6256
6266
6274
6292
6294
6296
6300
6322
6338
6344
6344
6346
6360
6368
6372
6406
6440
6454
6480
6484
6488
6502
6508
6510
6518
6552
6558
6562
6562
6574
6602
6608
6610
6618
6628
6634
6644
6658
6696
6716
6722
6826
6870
6886
6888
6896
6898
6900
6900
6912
6954
6956
6960
6964
6974
6976
6988
7054
7072
7074
7080
7088
7100
7104
7122
7156
7174
7174
7176
7186
7188
7192
7244
7256
7286
7312
7332
7334
7336
7384
7388
7402
7406
7420
7466
7468
7502
7512
7520
7550
7552
7556
7570
7586
7604
7678
7686
7710
7716
7716
7732
7746
7762
7788
7808
7810
7812
7822
7830
7852
7854
7858
7868
7868
7882
7886
7898
7906
7912
7914
7920
7934
7934
7968
7980
7984
7990
8000
8004
8014
8036
8040
8062
8070
8086
8092
8110
8158
8168
8224
8252
8282
8282
8288
8316
8322
8326
8398
8424
8448
8464
8468
8474
8484
8486
8510
8524
8528
8554
8556
8570
8578
8630
8646
8648
8650
8664
8670
8680
8696
8726
8726
8730
8732
8744
8750
8758
8760
8780
8796
8798
8834
8834
8836
8854
8864
8868
8876
8888
8892
8904
8904
8924
8926
8928
8950
8954
8978
8986
9014
9020
9062
9068
9082
9094
9130
9134
9136
9138
9142
9144
9156
9164
9186
9204
9212
9240
9254
9278
9282
9298
9324
9336
9366
9386
9394
9402
9412
9436
9440
9440
9448
9466
9482
9484
9494
9558
9558
9568
9576
9588
9604
9626
9652
9656
9662
9668
9676
9690
9698
9714
9730
9732
9752
9770
9776
9802
9808
9816
9822
9838
9842
9910
9936
10014
10030
10040
10052
10054
10066
10076
10084
10100
10108
10158
10178
10202
10204
10224
10240
10258
10260
10264
10264
10314
10322
10336
10338
10344
10350
10404
10418
10444
10478
10486
10498
10514
10514
10516
10526
10546
10580
10614
10622
10622
10628
10636
10646
10668
10702
10702
10724
10730
10744
10746
10798
10820
10838
10844
10848
10870
10874
10888
10890
10894
10934
10938
10950
10986
10988
10996
11030
11050
11060
11094
11112
11114
11120
11128
11140
11148
11184
11190
11194
11214
11216
11228
11238
11266
11278
11294
11296
11318
11336
11344
11346
11350
11376
11416
11442
11444
11508
11516
11548
11550
11552
11558
11558
11568
11606
11632
11640
11666
11680
11682
11684
11690
11718
11728
11748
11764
11782
11796
11804
11814
11816
11820
11856
11858
11858
11876
11876
11878
11888
11896
11902
11920
11930
11952
11956
11992
12032
12040
12078
12104
12122
12170
12196
12208
12234
12256
12264
12266
12266
12268
12274
12280
12312
12314
12320
12348
12358
12382
12390
12424
12436
12440
12446
12456
12458
12464
12478
12532
12546
12558
12566
12568
12626
12658
12668
12684
12684
12726
12744
12782
12784
12800
12804
12808
12808
12818
12842
12868
12880
12888
12892
12892
12912
12916
12934
12956
12976
12986
12992
13024
13026
13030
13076
13082
13088
13094
13098
13104
13118
13136
13146
13168
13212
13224
13226
13230
13246
13254
13262
13274
13304
13334
13340
13344
13364
13414
13418
13428
13478
13480
13486
13486
13500
13502
13514
13534
13544
13564
13564
13568
13568
13602
13606
13618
13618
13628
13654
13654
13656
13668
13674
13678
13696
13710
13714
13716
13734
13756
13756
13778
13786
13788
13796
13798
13800
13806
13812
13820
13824
13836
13856
13858
13870
13890
13914
13920
13922
13928
13988
13992
13996
14004
14012
14024
14044
14044
14064
14068
14072
14082
14088
14090
14128
14142
14154
14172
14184
14196
14210
14212
14236
14246
14252
14278
14282
14298
14328
14342
14356
14374
14384
14390
14400
14414
14420
14432
14442
14450
14452
14472
14474
14478
14490
14492
14496
14504
14508
14510
14510
14516
14520
14520
14532
14534
14536
14544
14546
14550
14554
14556
14562
14566
14576
14582
14590
14596
14598
14602
14602
14606
14614
14614
14620
14630
14632
14636
14644
14652
14662
14662
14670
14674
14676
14684
14696
14696
14700
14702
14704
14706
14708
14708
14722
14726
14742
14742
14750
14752
14756
14756
14764
14766
14782
14788
14792
14802
14802
14816
14822
14826
14826
14828
14836
14850
14858
14862
14866
14870
14878
14880
14880
14886
14890
14898
14900
14902
14904
14908
14912
14916
14916
14926
14930
14934
14934
14938
14950
14958
14962
14964
14974
14976
14982
14986
14988
14994
14994
14994
14996
14996
14998
15000
15002
15002
15020
15022
15024
15026
15026
15028
15032
15036
15038
15040
15040
15044
15046
15050
15056
15056
15062
15062
15068
15076
15078
15078
15080
15082
15086
15088
15092
15094
15098
15100
15100
15104
15106
15108
15110
15116
15120
15120
15124
15128
15130
15130
15130
15134
15136
15138
15142
15146
15150
15150
15154
15154
15158
15160
15160
15164
15170
15170
15180
15182
15182
15182
15186
15204
15206
15206
15206
15208
15216
15218
15236
15238
15238
15240
15256
15256
15258
15260
15260
15270
15274
15276
15286
15290
15292
15296
15296
15298
15300
15300
15326
15348
15354
15358
15360
15360
15360
15364
15366
15366
15368
15372
15394
15394
15400
15404
15416
15422
15438
15444
15448
15458
15468
15474
15476
15496
15506
15556
15566
15574
15582
15602
15604
15610
15614
15622
15622
15624
15626
15628
15636
15656
15656
15656
15674
15730
15734
15754
15768
15794
15824
15824
15824
15830
15830
15868
15880
15908
15940
15948
15956
15968
16040
16086
16108
16144
16172
16248
16262
16286
16430
16440
16512
16640
16800
17010
17288
18524
18772
19050
19408
19536
19594
19852
20082
20406
20782
21664
21950
22036
22654
22702
22740
22794
23224
23240
23660
23684
23724
23944
24128
24248
24314
24346
24494
24774
24864
25000
25050
25110
25126
25280
25326
25354
25492
25498
26012
26628
26686
27850
29824
31550
34140
34618
35204
35728
37220
40874
45072
45430
46140
47804
48740
57516
69240
83280
114332
867622
