Latencies
5288
5330
5364
5378
5388
5392
5396
5398
5398
5400
5406
5408
5410
5426
5426
5432
5432
5438
5440
5454
5458
5460
5460
5466
5470
5470
5472
5474
5476
5482
5494
5508
5510
5512
5516
5516
5518
5524
5534
5536
5560
5570
5570
5582
5594
5606
5610
5612
5614
5616
5616
5620
5628
5630
5630
5636
5648
5658
5660
5662
5668
5668
5684
5688
5692
5694
5708
5710
5712
5712
5714
5732
5740
5742
5744
5746
5752
5752
5752
5754
5762
5766
5770
5776
5778
5804
5816
5826
5844
5850
5858
5860
5872
5880
5886
5888
5890
5902
5910
5926
5948
5954
5956
5972
5978
5978
5986
5990
5998
6010
6012
6014
6014
6026
6028
6032
6040
6046
6062
6066
6066
6068
6068
6096
6096
6098
6110
6112
6114
6116
6122
6126
6148
6148
6148
6172
6176
6180
6198
6210
6210
6224
6238
6262
6266
6268
6280
6284
6286
6286
6294
6296
6300
6300
6316
6340
6344
6358
6368
6390
6430
6432
6438
6458
6480
6484
6494
6496
6500
6502
6510
6510
6522
6532
6574
6588
6590
6622
6632
6634
6646
6648
6648
6652
6698
6700
6702
6708
6720
6722
6762
6772
6790
6812
6820
6840
6858
6874
6890
6896
6908
6920
6942
6950
6952
6962
7004
7008
7010
7020
7064
7084
7094
7108
7126
7140
7150
7152
7162
7172
7184
7188
7212
7212
7216
7216
7232
7240
7256
7264
7274
7278
7294
7300
7308
7324
7334
7348
7352
7374
7440
7450
7480
7482
7492
7566
7578
7612
7616
7616
7628
7634
7638
7650
7654
7658
7670
7686
7690
7700
7702
7710
7712
7714
7722
7730
7782
7806
7814
7814
7830
7832
7842
7852
7886
7888
7926
7932
7940
7946
7950
7974
7998
8002
8006
8016
8052
8062
8064
8066
8092
8110
8146
8150
8152
8158
8182
8192
8206
8230
8234
8238
8244
8252
8252
8266
8266
8292
8316
8318
8354
8424
8436
8442
8458
8494
8514
8536
8556
8578
8584
8586
8588
8598
8604
8618
8664
8686
8704
8728
8734
8734
8780
8794
8804
8816
8830
8832
8838
8844
8860
8870
8892
8940
8940
8964
8980
8986
9030
9036
9038
9102
9114
9118
9130
9130
9136
9194
9224
9228
9228
9332
9362
9390
9396
9406
9412
9428
9438
9500
9500
9508
9540
9566
9574
9586
9634
9652
9654
9656
9668
9668
9686
9686
9692
9726
9730
9762
9786
9800
9806
9814
9820
9860
9868
9874
9876
9878
9884
9892
9904
9938
9938
9966
9978
9982
10046
10052
10058
10060
10064
10084
10094
10094
10102
10126
10148
10172
10222
10240
10262
10264
10276
10302
10308
10310
10314
10330
10362
10370
10390
10410
10414
10414
10430
10456
10466
10468
10500
10524
10550
10558
10558
10564
10596
10596
10628
10634
10640
10652
10668
10690
10724
10736
10776
10776
10804
10810
10824
10826
10862
10896
10900
10902
10910
10912
10920
10928
10948
10968
10984
10986
10986
11006
11024
11034
11048
11138
11152
11154
11182
11184
11186
11222
11226
11242
11302
11308
11318
11368
11400
11408
11414
11456
11468
11498
11522
11554
11574
11580
11582
11592
11594
11650
11672
11680
11724
11762
11764
11766
11778
11786
11800
11806
11816
11864
11866
11886
11924
11950
11998
11998
12010
12054
12062
12076
12102
12106
12112
12132
12158
12162
12170
12180
12184
12194
12196
12196
12214
12222
12230
12252
12276
12280
12294
12308
12328
12360
12364
12386
12414
12428
12438
12440
12442
12466
12468
12480
12482
12484
12506
12510
12520
12530
12542
12586
12590
12598
12608
12622
12724
12774
12782
12810
12826
12848
12866
12900
12920
12920
12942
12988
12994
13086
13104
13152
13168
13170
13212
13228
13246
13256
13258
13294
13322
13326
13326
13338
13340
13342
13348
13398
13412
13418
13428
13438
13442
13456
13488
13490
13494
13504
13560
13566
13574
13590
13594
13610
13652
13668
13684
13690
13706
13710
13720
13720
13720
13736
13742
13750
13798
13806
13830
13830
13856
13868
13896
13906
13908
13908
13914
13932
13934
13982
13986
13990
14006
14008
14010
14010
14014
14022
14022
14062
14098
14124
14148
14160
14160
14160
14180
14180
14184
14186
14214
14246
14260
14268
14292
14316
14340
14340
14366
14380
14394
14400
14410
14422
14422
14434
14436
14440
14448
14460
14460
14482
14494
14534
14536
14536
14536
14536
14542
14542
14546
14548
14560
14562
14596
14600
14602
14604
14606
14610
14612
14616
14620
14628
14630
14632
14638
14646
14650
14650
14652
14656
14664
14670
14672
14674
14692
14694
14694
14698
14702
14702
14704
14706
14708
14708
14712
14714
14718
14720
14734
14736
14746
14750
14754
14756
14762
14768
14768
14768
14770
14782
14784
14788
14790
14792
14792
14796
14796
14798
14802
14806
14806
14808
14810
14820
14826
14828
14830
14830
14830
14838
14848
14852
14852
14852
14854
14860
14860
14862
14862
14864
14866
14872
14888
14892
14898
14898
14900
14902
14902
14906
14906
14908
14914
14914
14916
14918
14922
14922
14924
14924
14926
14926
14934
14944
14946
14948
14966
14968
14980
14984
14990
15000
15008
15012
15016
15016
15022
15024
15030
15036
15036
15042
15046
15052
15052
15052
15060
15062
15064
15068
15086
15098
15104
15112
15112
15122
15132
15138
15140
15142
15154
15162
15166
15168
15178
15186
15188
15204
15206
15208
15208
15214
15226
15232
15244
15246
15252
15252
15254
15254
15262
15266
15266
15268
15268
15270
15272
15274
15278
15282
15282
15290
15294
15296
15306
15306
15314
15318
15324
15328
15330
15334
15334
15336
15344
15348
15354
15362
15386
15390
15396
15422
15426
15426
15430
15434
15444
15448
15450
15454
15456
15460
15470
15478
15496
15516
15522
15522
15538
15544
15552
15570
15586
15592
15592
15606
15610
15614
15628
15644
15674
15674
15684
15684
15706
15714
15748
15748
15760
15768
15774
15784
15800
15806
15808
15816
15832
15840
15912
15968
16012
16022
16026
16054
16080
16080
16088
16092
16092
16100
16146
16364
16450
16454
16700
17158
17238
17580
18072
18076
18116
18436
18650
18930
19046
19206
19268
19468
19880
19888
20150
20416
20620
22814
23328
23866
23920
24062
24330
24458
24700
24846
24968
25012
25102
25838
27546
27882
31094
33616
33798
35534
35920
37308
38290
42600
45560
57108
180936
187700
300052
317706
517518
1872058
