Latencies
5442
5478
5548
5556
5582
5616
5624
5652
5690
5720
5742
5938
5980
6088
6204
6212
6212
6258
6426
6446
6458
6514
6552
6640
6640
6872
6904
6978
7008
7062
7186
7582
7700
7794
7842
7862
8018
8070
8084
8136
8212
8270
8466
8654
8774
8852
8866
8958
9066
9158
9226
9420
9444
9716
9842
9916
9958
10222
10338
10376
10522
11030
11082
11132
11200
11224
11426
11528
11734
11860
12250
12278
12366
12492
12726
13292
13428
13442
13444
13532
13654
13760
13846
13876
13984
14076
14142
14200
14244
14300
14318
14432
14456
14492
14526
14548
14582
14632
14684
14700
14716
14730
14750
14750
14758
14782
14792
14822
14824
14830
14832
14848
14848
14848
14850
14856
14860
14860
14870
14870
14890
14918
14934
14948
14956
14956
14968
14972
14986
15000
15006
15024
15028
15066
15090
15100
15110
15120
15154
15156
15172
15178
15180
15200
15216
15226
15226
15236
15248
15254
15256
15286
15294
15300
15304
15342
15348
15374
15386
15386
15414
15422
15422
15442
15450
15470
15482
15490
15516
15518
15542
15610
15664
15810
15906
15942
15974
16010
16084
16112
16176
16228
16268
16278
16316
16444
16512
16602
16618
16716
16750
16792
16800
16820
16890
16894
17014
17032
17040
17100
17282
17312
17320
17476
17476
17478
17492
17582
17600
17622
17630
17666
17696
17790
17806
17906
17950
17966
17978
18072
18248
18278
18334
18550
18604
18690
18732
18772
18918
18924
19102
19178
19254
19366
19434
19456
19496
19542
19552
19638
19656
19748
19818
19934
20028
20242
20246
20248
20456
20484
20498
20534
20602
20644
20694
20716
20738
20820
20830
21050
21070
21132
21162
21162
21192
21214
21226
21230
21300
21410
21512
21576
21594
21694
21812
21824
21884
21978
22266
22294
22318
22340
22358
22406
22454
22684
22806
22830
23092
23120
23180
23200
23278
23282
23378
23452
23518
23534
23550
23644
23692
23700
23712
23788
23792
23806
23840
24004
24040
24042
24146
24152
24174
24196
24300
24310
24320
24402
24448
24448
24452
24458
24470
24520
24522
24554
24554
24568
24570
24610
24642
24662
24668
24704
24712
24714
24764
24794
24828
24830
24840
24842
24888
24894
24916
25008
25050
25052
25074
25092
25102
25112
25140
25150
25168
25184
25244
25302
25322
25324
25500
25536
25572
25624
25628
25714
25756
25768
25784
25798
25836
25842
25842
25906
25968
25972
26000
26010
26050
26066
26152
26296
26322
26420
26444
26472
26496
26508
26550
26576
26646
26662
26708
26736
26742
26804
26938
27048
27062
27088
27132
27144
27198
27288
27294
27374
27394
27394
27402
27470
27536
27596
27618
27624
27784
27846
27882
28078
28132
28230
28282
28372
28378
28378
28410
28530
28540
28542
28560
28830
28852
28932
28984
29012
29048
29058
29112
29136
29146
29174
29182
29310
29350
29392
29396
29440
29504
29504
29546
29712
29738
29746
29784
29942
30012
30028
30192
30310
30318
30322
30394
30440
30442
30456
30460
30488
30514
30516
30596
30658
30668
30826
30868
30982
31042
31058
31164
31254
31288
31294
31480
31508
31520
31530
31620
31972
32132
32174
32214
32356
32664
32862
32880
32942
32968
33036
33092
33104
33108
33158
33312
33400
33424
33498
33504
33512
33524
33566
33628
33634
33636
33644
33684
33692
33692
33762
33768
33772
33794
33874
33876
33878
33880
33882
33916
33920
33924
33952
33960
33964
33976
33988
34004
34012
34016
34020
34044
34056
34068
34092
34100
34102
34102
34148
34170
34178
34182
34182
34200
34210
34212
34212
34214
34218
34220
34224
34230
34234
34264
34282
34300
34300
34302
34302
34308
34308
34326
34326
34330
34330
34332
34352
34358
34366
34366
34372
34376
34376
34382
34394
34400
34400
34404
34406
34418
34418
34418
34440
34440
34444
34446
34462
34468
34488
34492
34496
34510
34512
34512
34518
34520
34524
34524
34542
34544
34544
34552
34552
34566
34566
34580
34584
34592
34622
34626
34630
34630
34636
34640
34642
34646
34650
34654
34692
34696
34700
34708
34710
34712
34726
34734
34742
34744
34762
34770
34780
34784
34786
34788
34806
34814
34818
34822
34824
34832
34836
34840
34858
34880
34880
34892
34896
34912
34924
34940
34956
34962
34966
34984
34988
35002
35006
35042
35044
35050
35064
35064
35066
35066
35074
35084
35084
35096
35106
35138
35150
35156
35162
35182
35196
35198
35246
35248
35256
35258
35288
35388
35408
35424
35430
35444
35454
35458
35478
35480
35492
35504
35524
35534
35618
35658
35712
35734
35748
35758
35806
35814
35916
35942
35952
35978
35998
36014
36052
36062
36076
36086
36130
36134
36224
36270
36288
36330
36334
36334
36342
36408
36464
36528
36676
36768
36842
36842
37038
37150
37164
37192
37436
37438
37514
37544
37612
37686
37718
37768
37782
38084
38224
38488
38550
38682
38732
38742
38862
38874
39142
39280
39452
39748
39750
39754
39790
39930
40012
40064
40244
40284
40336
40386
40570
40912
41320
41342
41514
41590
41596
41662
41816
41880
41920
42004
42208
42310
42396
42416
42460
42584
42646
42734
42736
42860
43072
43374
43376
43500
43606
43628
43716
43836
43838
43840
43996
44026
44050
44052
44172
44242
44250
44258
44384
44410
44540
44546
44642
44706
44736
44784
44788
44870
44920
45054
45072
45124
45174
45178
45278
45306
45350
45360
45360
45444
45558
45630
46116
46278
46446
46678
46762
46770
46806
47036
47178
47266
47268
47546
47564
47710
47744
47810
48166
48252
48412
48422
49188
49494
49746
49958
49968
50510
50572
51062
51126
51522
52186
52424
52474
52484
52600
52634
52658
52874
52994
53016
53040
53098
53100
53142
53270
53278
53282
53372
53386
53398
53398
53404
53460
53490
53594
53600
53612
53612
53618
53664
53696
53726
53756
53824
53832
53866
53868
53872
53878
53892
53894
53902
53904
53906
53912
53918
53932
53958
53964
54000
54040
54060
54062
54074
54076
54076
54112
54158
54222
54230
54242
54248
54254
54302
54302
54322
54344
54350
54350
54354
54386
54390
54432
54448
54492
54522
54544
54558
54562
54626
54646
54662
54668
54668
54710
54750
54772
54780
54802
54804
54842
54870
54900
54922
54936
54946
55002
55028
55068
55318
55504
55552
55556
55662
55728
55824
55880
55890
55912
55944
56262
57654
58870
59476
62758
64468
68928
76816
77626
78474
91006
107650
110602
110980
127264
137876
138678
224644
244026
269128
284114
420558
552478
1545598
1608210
2788030
10766972
