Latencies
5294
5304
5324
5334
5338
5340
5342
5356
5360
5366
5366
5370
5370
5372
5374
5378
5380
5382
5384
5386
5388
5390
5390
5392
5392
5406
5406
5414
5416
5420
5426
5428
5432
5434
5436
5444
5448
5450
5450
5454
5468
5474
5490
5492
5492
5504
5506
5508
5512
5514
5518
5518
5520
5522
5524
5526
5526
5526
5528
5530
5532
5544
5546
5548
5552
5556
5558
5560
5560
5562
5564
5564
5574
5578
5584
5586
5600
5604
5604
5616
5616
5622
5622
5626
5630
5638
5640
5640
5642
5644
5654
5654
5656
5658
5658
5662
5668
5672
5672
5698
5702
5706
5708
5710
5712
5724
5724
5728
5738
5738
5746
5750
5768
5770
5786
5788
5788
5800
5802
5806
5810
5810
5810
5810
5812
5814
5824
5830
5834
5836
5836
5836
5838
5850
5856
5874
5878
5884
5890
5896
5898
5904
5910
5912
5912
5932
5932
5936
5940
5958
5958
5970
5988
5994
6000
6008
6010
6036
6036
6042
6042
6046
6054
6062
6066
6068
6068
6072
6074
6090
6090
6094
6108
6112
6114
6124
6134
6136
6144
6146
6150
6162
6178
6182
6186
6188
6188
6220
6222
6224
6224
6252
6276
6288
6300
6302
6302
6304
6314
6316
6318
6338
6344
6350
6352
6366
6384
6396
6418
6428
6442
6450
6452
6470
6482
6488
6510
6546
6554
6562
6580
6602
6606
6614
6622
6622
6634
6648
6662
6668
6678
6688
6698
6706
6710
6718
6732
6742
6772
6782
6820
6838
6844
6852
6868
6900
6972
6976
6980
6984
7018
7060
7128
7138
7166
7170
7172
7176
7178
7192
7206
7254
7268
7270
7306
7314
7340
7340
7354
7378
7390
7392
7422
7434
7440
7460
7474
7474
7484
7506
7526
7540
7544
7554
7562
7576
7578
7620
7642
7656
7696
7732
7754
7798
7828
7876
7882
7916
7942
7978
7998
8008
8010
8016
8044
8056
8060
8078
8096
8106
8108
8108
8122
8126
8140
8172
8210
8214
8228
8252
8264
8276
8278
8302
8306
8306
8316
8330
8366
8414
8454
8456
8466
8488
8502
8520
8532
8574
8584
8592
8608
8614
8632
8648
8650
8678
8682
8692
8708
8758
8774
8774
8774
8832
8834
8852
8852
8852
8890
8926
8938
8976
8984
8994
8998
9010
9012
9020
9036
9042
9046
9054
9082
9102
9144
9176
9198
9224
9258
9288
9318
9328
9370
9386
9430
9434
9434
9442
9444
9470
9478
9482
9492
9514
9518
9526
9534
9556
9560
9572
9596
9610
9616
9634
9646
9664
9688
9706
9708
9716
9736
9746
9764
9764
9768
9770
9774
9788
9828
9860
9864
9892
9896
9930
9942
9950
9952
9954
9964
9982
10016
10020
10046
10058
10082
10110
10122
10128
10144
10148
10150
10184
10216
10226
10236
10264
10276
10298
10302
10326
10326
10354
10358
10392
10394
10394
10398
10400
10418
10444
10466
10478
10482
10508
10526
10530
10538
10546
10620
10624
10634
10644
10650
10672
10678
10680
10688
10688
10700
10730
10736
10748
10752
10754
10766
10774
10782
10804
10816
10824
10832
10840
10840
10850
10856
10896
10902
10924
10990
11032
11034
11044
11058
11060
11096
11104
11104
11112
11140
11158
11180
11188
11190
11190
11204
11208
11228
11228
11246
11262
11266
11278
11296
11316
11318
11330
11330
11370
11376
11384
11386
11390
11416
11432
11470
11506
11516
11520
11530
11582
11590
11590
11592
11596
11608
11684
11692
11702
11706
11712
11716
11720
11758
11766
11774
11784
11792
11810
11866
11896
11906
11912
11924
11962
11970
12038
12044
12062
12118
12134
12138
12192
12208
12220
12234
12242
12254
12260
12282
12292
12298
12300
12306
12326
12372
12408
12430
12436
12438
12452
12466
12502
12510
12546
12578
12578
12598
12622
12668
12674
12714
12746
12768
12782
12788
12836
12850
12912
12932
12982
12984
13004
13006
13026
13034
13036
13038
13068
13102
13106
13110
13134
13136
13144
13206
13264
13266
13296
13300
13300
13308
13312
13322
13358
13390
13394
13400
13402
13408
13422
13440
13472
13474
13512
13518
13528
13532
13536
13556
13594
13604
13608
13616
13622
13642
13658
13668
13686
13716
13728
13746
13746
13774
13782
13800
13802
13854
13866
13920
13922
13922
13938
13944
13954
13964
13966
13976
13978
13990
13994
14036
14044
14060
14068
14106
14126
14136
14144
14156
14178
14194
14208
14250
14270
14274
14278
14284
14300
14312
14326
14326
14350
14354
14356
14360
14384
14388
14390
14394
14402
14402
14412
14418
14444
14456
14488
14488
14502
14512
14522
14524
14528
14556
14564
14572
14572
14572
14610
14628
14638
14654
14656
14662
14664
14704
14718
14718
14720
14734
14742
14752
14754
14756
14756
14760
14764
14766
14770
14774
14776
14784
14784
14786
14788
14792
14796
14802
14816
14822
14824
14826
14830
14840
14858
14888
14888
14892
14892
14920
14926
14944
14946
14950
14950
14954
14974
14976
14980
14986
14988
14994
15006
15008
15014
15026
15028
15028
15034
15036
15044
15056
15060
15060
15060
15076
15078
15078
15090
15090
15090
15094
15098
15100
15126
15130
15136
15150
15150
15150
15162
15168
15174
15178
15182
15186
15188
15200
15208
15214
15218
15228
15228
15228
15234
15238
15240
15242
15242
15244
15246
15246
15252
15254
15264
15266
15282
15290
15296
15300
15300
15314
15324
15328
15328
15330
15336
15348
15354
15360
15382
15390
15404
15428
15446
15450
15454
15470
15476
15480
15488
15496
15516
15526
15564
15614
15662
15674
15682
15682
15724
15724
15724
15732
15752
15766
15774
15830
15840
15960
15970
15974
16032
16106
16256
16586
16600
16810
17028
17406
18386
18672
19014
19098
19426
19822
19878
20504
21192
21450
21914
22486
23278
23570
24090
24170
24470
24522
24594
24624
25210
25218
26240
26452
27648
28610
29506
29816
31472
32694
33734
34176
34730
34750
34832
35030
35044
36638
37752
39966
41060
42272
43266
43272
43974
45664
94694
155742
3396238
