Latencies
5108
5112
5120
5124
5194
5196
5196
5204
5208
5224
5232
5236
5244
5250
5258
5270
5270
5278
5290
5292
5304
5306
5306
5308
5310
5318
5340
5342
5346
5348
5348
5352
5354
5360
5364
5366
5366
5370
5378
5380
5380
5390
5394
5394
5408
5412
5420
5422
5440
5446
5448
5448
5456
5456
5458
5462
5462
5474
5484
5488
5488
5500
5514
5516
5516
5520
5522
5522
5522
5524
5528
5532
5538
5546
5546
5552
5556
5562
5566
5568
5574
5580
5584
5586
5604
5608
5608
5628
5632
5634
5636
5638
5642
5644
5650
5656
5658
5662
5666
5672
5680
5682
5688
5690
5694
5706
5706
5706
5710
5716
5720
5732
5738
5744
5750
5764
5768
5778
5782
5792
5794
5808
5814
5818
5832
5836
5838
5844
5882
5886
5892
5896
5902
5906
5912
5912
5924
5928
5944
5950
5958
5958
5958
5960
5970
5986
6004
6006
6008
6010
6014
6022
6024
6036
6036
6040
6066
6066
6082
6092
6096
6104
6110
6120
6126
6126
6130
6132
6138
6214
6216
6224
6226
6238
6242
6244
6248
6282
6288
6296
6300
6318
6330
6336
6346
6352
6380
6410
6428
6432
6436
6444
6448
6476
6486
6488
6492
6508
6514
6516
6520
6530
6540
6548
6550
6554
6556
6558
6564
6570
6598
6626
6640
6658
6670
6680
6688
6718
6734
6748
6750
6764
6778
6838
6848
6854
6882
6884
6892
6900
6902
6910
6916
6930
6930
6936
6964
6974
6986
6986
7002
7006
7018
7050
7082
7082
7084
7130
7138
7140
7144
7186
7196
7200
7218
7218
7232
7240
7240
7252
7268
7292
7314
7318
7338
7356
7356
7396
7402
7468
7494
7518
7546
7576
7586
7608
7618
7620
7640
7664
7674
7676
7688
7692
7702
7706
7774
7784
7788
7816
7824
7832
7896
7900
7920
7968
7986
8006
8016
8030
8038
8046
8046
8050
8074
8082
8092
8130
8140
8144
8176
8180
8212
8256
8274
8276
8300
8322
8326
8354
8366
8380
8412
8414
8416
8444
8462
8468
8474
8476
8484
8514
8536
8544
8560
8576
8602
8666
8728
8732
8736
8764
8794
8848
8856
8900
8922
8940
8942
8956
8958
8976
8980
9036
9078
9094
9096
9106
9134
9138
9144
9164
9172
9206
9246
9246
9270
9278
9308
9338
9366
9368
9376
9380
9386
9388
9396
9408
9424
9448
9462
9470
9492
9512
9564
9572
9586
9630
9638
9714
9716
9746
9758
9770
9798
9828
9850
9854
9854
9932
9936
9950
9976
10010
10022
10038
10054
10056
10080
10082
10086
10102
10136
10136
10140
10218
10224
10232
10234
10252
10298
10362
10382
10382
10390
10404
10424
10458
10464
10476
10492
10506
10508
10544
10630
10646
10650
10666
10678
10702
10742
10744
10794
10794
10804
10816
10820
10840
10860
10862
10864
10906
10910
10928
10950
10970
10994
11016
11070
11078
11102
11112
11118
11120
11128
11138
11144
11160
11162
11172
11218
11236
11242
11260
11272
11318
11322
11336
11368
11370
11372
11372
11388
11396
11462
11470
11472
11486
11504
11548
11576
11586
11602
11610
11636
11652
11722
11728
11766
11786
11804
11830
11842
11878
11892
11900
11912
11918
11928
11996
12020
12042
12054
12062
12062
12078
12112
12116
12122
12138
12194
12264
12298
12304
12312
12320
12330
12330
12334
12338
12348
12364
12382
12422
12426
12440
12480
12534
12534
12540
12542
12548
12574
12592
12602
12638
12650
12678
12688
12690
12736
12750
12762
12764
12778
12780
12804
12824
12840
12842
12844
12858
12868
12890
12902
12976
12996
13012
13030
13030
13032
13056
13060
13084
13112
13124
13134
13176
13218
13218
13240
13278
13290
13332
13360
13408
13448
13470
13472
13480
13492
13496
13524
13528
13540
13550
13552
13556
13562
13630
13636
13648
13654
13672
13676
13684
13690
13724
13726
13742
13744
13746
13770
13802
13802
13808
13854
13858
13860
13890
13908
13946
13948
13976
13976
14010
14020
14026
14044
14064
14078
14118
14126
14160
14166
14202
14218
14232
14266
14300
14332
14334
14334
14338
14340
14342
14346
14366
14366
14390
14398
14406
14406
14424
14432
14438
14458
14492
14502
14502
14516
14530
14542
14546
14550
14556
14568
14578
14578
14590
14594
14598
14604
14606
14606
14614
14638
14644
14646
14666
14668
14674
14674
14680
14680
14694
14698
14708
14708
14710
14720
14722
14732
14732
14740
14746
14748
14750
14754
14756
14756
14758
14760
14762
14786
14790
14794
14796
14798
14798
14798
14800
14806
14806
14808
14814
14814
14820
14824
14824
14824
14828
14828
14830
14832
14834
14838
14840
14842
14846
14854
14854
14864
14866
14880
14880
14886
14888
14892
14900
14914
14918
14924
14932
14934
14938
14940
14944
14946
14968
14972
14972
14976
14978
14984
14986
14986
14990
14990
14992
14994
14996
15004
15004
15004
15010
15012
15014
15022
15032
15036
15044
15046
15052
15064
15076
15076
15082
15086
15096
15098
15102
15102
15102
15102
15104
15112
15112
15124
15128
15138
15148
15150
15164
15170
15178
15198
15200
15206
15210
15212
15222
15224
15226
15234
15236
15238
15240
15246
15248
15250
15254
15260
15262
15262
15264
15270
15278
15278
15290
15292
15298
15304
15306
15310
15310
15328
15338
15338
15344
15356
15360
15364
15382
15382
15382
15396
15402
15404
15416
15422
15424
15424
15436
15442
15456
15456
15462
15466
15470
15470
15496
15504
15510
15524
15528
15528
15540
15542
15544
15568
15570
15580
15582
15582
15588
15604
15606
15610
15620
15630
15630
15638
15660
15666
15720
15738
15742
15758
15800
15804
15816
15826
15844
15858
15872
15982
16004
16034
16248
16474
16774
17042
17126
17448
17848
17986
18006
18240
18722
18980
19122
19302
19368
19566
19632
19700
20064
20404
20690
23396
23620
23824
23916
24074
24144
24222
24296
24542
24544
24556
24564
24572
24644
24652
24660
24742
24818
24920
25050
25116
25262
25304
25354
25492
25514
25860
28922
29728
30588
33214
33652
33838
34050
34316
34402
34422
34426
34470
34812
34852
35248
35464
35546
40190
44024
44072
62400
72632
157988
183906
1332084
1797012
