Latencies
5098
5124
5126
5128
5128
5130
5132
5134
5134
5136
5138
5142
5142
5142
5148
5150
5150
5152
5154
5154
5158
5158
5160
5160
5162
5162
5164
5164
5164
5166
5166
5168
5168
5170
5170
5170
5170
5170
5172
5172
5172
5172
5174
5174
5176
5176
5178
5178
5180
5180
5180
5182
5182
5182
5182
5182
5182
5182
5182
5184
5186
5186
5186
5188
5188
5188
5188
5190
5190
5192
5192
5192
5192
5192
5192
5192
5194
5194
5196
5196
5196
5196
5196
5198
5198
5198
5198
5200
5200
5200
5202
5202
5202
5204
5204
5206
5206
5206
5208
5208
5210
5210
5210
5210
5210
5210
5212
5212
5212
5212
5214
5214
5214
5214
5214
5214
5214
5214
5214
5214
5214
5216
5216
5216
5216
5216
5216
5216
5216
5216
5216
5216
5216
5216
5216
5218
5218
5218
5220
5220
5220
5222
5222
5224
5224
5224
5224
5226
5226
5226
5226
5228
5228
5228
5228
5230
5230
5232
5232
5232
5232
5232
5234
5234
5234
5234
5236
5236
5236
5236
5238
5238
5238
5238
5240
5240
5240
5240
5242
5242
5242
5242
5244
5244
5244
5244
5244
5244
5244
5244
5246
5246
5246
5246
5246
5246
5248
5248
5248
5248
5248
5248
5248
5248
5250
5250
5250
5250
5252
5252
5252
5254
5254
5254
5254
5254
5256
5256
5256
5256
5256
5256
5256
5258
5258
5258
5258
5258
5258
5260
5260
5260
5260
5260
5260
5260
5262
5262
5262
5262
5262
5262
5262
5262
5262
5262
5264
5264
5264
5264
5264
5264
5266
5266
5266
5266
5268
5268
5268
5268
5268
5268
5268
5268
5270
5270
5270
5270
5270
5270
5270
5270
5272
5272
5272
5272
5274
5274
5274
5276
5276
5276
5276
5276
5276
5276
5276
5278
5278
5278
5278
5278
5278
5278
5278
5280
5280
5280
5280
5280
5280
5282
5282
5282
5282
5284
5284
5284
5284
5286
5286
5286
5288
5288
5288
5288
5290
5290
5290
5290
5292
5292
5292
5292
5292
5292
5292
5294
5294
5296
5296
5296
5296
5298
5298
5298
5298
5298
5298
5298
5300
5300
5300
5300
5300
5302
5302
5302
5302
5302
5302
5304
5304
5304
5306
5306
5306
5308
5308
5308
5308
5310
5310
5312
5312
5314
5314
5316
5316
5316
5316
5316
5316
5316
5318
5318
5318
5318
5318
5320
5320
5320
5320
5322
5322
5322
5322
5322
5322
5322
5324
5324
5326
5326
5328
5328
5330
5330
5330
5330
5330
5330
5332
5332
5332
5332
5334
5334
5334
5336
5338
5338
5338
5338
5338
5338
5340
5340
5340
5340
5342
5342
5342
5342
5342
5342
5344
5344
5344
5346
5346
5346
5346
5346
5346
5346
5348
5348
5348
5348
5348
5348
5348
5348
5348
5348
5350
5350
5350
5350
5352
5352
5352
5354
5354
5354
5354
5354
5354
5356
5356
5356
5356
5356
5356
5358
5358
5358
5360
5360
5360
5362
5362
5362
5362
5362
5364
5366
5366
5366
5366
5366
5366
5368
5368
5368
5368
5368
5368
5368
5368
5370
5370
5370
5370
5370
5370
5370
5370
5370
5372
5372
5374
5374
5374
5374
5376
5376
5376
5376
5376
5378
5378
5378
5378
5380
5380
5380
5382
5384
5384
5384
5384
5384
5384
5384
5384
5386
5386
5386
5386
5386
5386
5388
5388
5392
5392
5392
5392
5392
5392
5392
5394
5394
5394
5396
5396
5398
5400
5400
5400
5400
5400
5402
5402
5402
5402
5402
5404
5404
5404
5406
5406
5406
5406
5408
5408
5408
5408
5408
5408
5410
5410
5410
5410
5410
5412
5412
5412
5412
5412
5412
5414
5414
5414
5416
5416
5418
5420
5420
5420
5422
5424
5424
5426
5426
5426
5428
5428
5428
5432
5434
5434
5434
5436
5438
5440
5440
5440
5440
5440
5442
5444
5444
5446
5448
5448
5448
5448
5450
5450
5450
5452
5452
5454
5454
5454
5456
5458
5458
5460
5462
5462
5462
5462
5462
5464
5464
5466
5468
5468
5470
5470
5476
5476
5476
5478
5478
5480
5484
5486
5486
5486
5488
5488
5488
5488
5488
5490
5490
5494
5496
5496
5498
5498
5498
5498
5500
5502
5504
5504
5504
5506
5506
5506
5506
5510
5512
5512
5514
5514
5516
5522
5524
5524
5524
5526
5526
5528
5528
5534
5536
5538
5538
5542
5546
5548
5554
5554
5556
5556
5556
5558
5558
5558
5562
5562
5564
5566
5570
5570
5570
5572
5578
5580
5584
5584
5588
5588
5588
5588
5590
5590
5594
5594
5612
5614
5614
5616
5618
5618
5620
5626
5628
5632
5634
5636
5638
5642
5642
5642
5644
5646
5648
5650
5652
5654
5656
5656
5672
5674
5676
5676
5676
5682
5684
5690
5690
5692
5694
5694
5696
5700
5702
5702
5706
5708
5714
5718
5726
5728
5734
5734
5740
5742
5744
5750
5750
5768
5770
5770
5772
5790
5794
5796
5798
5802
5804
5808
5818
5820
5820
5824
5828
5832
5834
5836
5848
5850
5854
5876
5876
5880
5884
5886
5886
5890
5894
5894
5902
5902
5904
5912
5914
5916
5918
5920
5926
5930
5938
5942
5942
5944
5950
5954
5954
5956
5958
5960
5964
5966
5968
5970
5972
5976
5978
5978
5980
5996
6002
6008
6014
6014
6016
6020
6032
6032
6034
6042
6046
6050
6064
6064
6076
6076
6078
6106
6106
6112
6116
6134
6136
6140
6142
6148
6150
6152
6154
6156
6162
6164
6170
6176
6182
6198
6210
6212
6212
6214
6218
6224
6228
6228
6264
6266
6270
6282
6282
6284
6324
6360
6370
6408
6412
6414
6416
6446
6454
6458
6470
6472
6480
6484
6504
6528
6532
6538
6652
6652
6662
6700
6734
6738
6804
6850
6864
6894
6898
7072
7192
7206
7238
7258
7412
7446
7640
10088
10144
10336
10580
10592
10748
10772
10822
10840
10852
10858
10862
10888
10892
10928
10932
10940
11100
11454
11646
11774
11868
12730
13986
14234
14298
14316
14400
14738
14864
14892
15322
15374
15760
15918
16118
18462
18494
20728
20874
22296
22834
24146
24552
24572
24644
24670
24724
24760
24770
24922
25060
25290
25444
25804
26958
34112
35030
35060
35256
35376
35516
35536
35654
35656
35686
35750
35884
37980
41604
41920
42022
62920
90429674
