Latencies
5082
5108
5110
5112
5114
5116
5124
5124
5136
5138
5138
5138
5140
5142
5144
5146
5148
5154
5154
5154
5156
5158
5158
5160
5162
5162
5162
5164
5164
5168
5170
5170
5170
5170
5172
5172
5174
5176
5176
5180
5180
5182
5182
5182
5184
5184
5184
5186
5188
5190
5190
5190
5192
5192
5192
5194
5196
5196
5196
5198
5202
5202
5202
5206
5206
5206
5206
5208
5210
5212
5212
5214
5216
5216
5216
5218
5218
5220
5222
5222
5222
5222
5224
5226
5226
5226
5226
5228
5228
5228
5230
5230
5230
5230
5230
5232
5232
5234
5234
5234
5236
5238
5238
5240
5240
5242
5246
5246
5248
5248
5248
5248
5250
5250
5250
5250
5250
5250
5252
5252
5252
5252
5252
5252
5254
5254
5254
5254
5254
5254
5254
5256
5256
5256
5256
5256
5258
5258
5258
5258
5260
5260
5260
5262
5262
5262
5264
5264
5266
5266
5266
5266
5268
5268
5268
5270
5270
5270
5272
5272
5274
5274
5276
5278
5278
5278
5278
5278
5280
5280
5280
5280
5280
5282
5282
5284
5284
5284
5284
5284
5286
5286
5286
5286
5288
5288
5288
5288
5290
5290
5292
5292
5292
5294
5294
5294
5294
5294
5294
5294
5296
5296
5296
5296
5298
5298
5298
5298
5298
5300
5300
5300
5300
5302
5304
5304
5306
5308
5308
5308
5308
5308
5308
5310
5312
5312
5312
5314
5314
5314
5314
5314
5314
5314
5316
5316
5318
5318
5320
5320
5320
5322
5322
5322
5322
5322
5322
5322
5324
5324
5326
5326
5326
5326
5328
5328
5330
5330
5330
5330
5330
5330
5330
5330
5330
5330
5330
5332
5334
5334
5334
5334
5334
5334
5336
5336
5336
5336
5336
5336
5336
5336
5338
5338
5338
5340
5340
5340
5340
5340
5340
5340
5340
5340
5340
5342
5342
5342
5342
5344
5344
5344
5344
5344
5344
5344
5346
5346
5346
5348
5348
5348
5350
5350
5350
5350
5350
5350
5352
5352
5352
5354
5354
5354
5354
5354
5356
5356
5356
5358
5358
5358
5360
5360
5360
5360
5364
5364
5364
5366
5366
5366
5368
5368
5368
5368
5370
5370
5370
5370
5370
5372
5372
5372
5372
5372
5372
5372
5372
5372
5374
5374
5374
5374
5374
5374
5376
5376
5376
5376
5378
5378
5378
5380
5380
5380
5380
5380
5380
5380
5380
5382
5382
5384
5384
5384
5386
5386
5388
5388
5388
5390
5392
5392
5392
5392
5392
5394
5394
5394
5394
5394
5394
5396
5396
5398
5398
5398
5400
5400
5400
5400
5400
5402
5402
5402
5402
5404
5404
5404
5404
5406
5408
5410
5410
5410
5412
5412
5414
5414
5414
5414
5414
5414
5414
5416
5416
5418
5418
5418
5418
5418
5420
5420
5420
5420
5422
5422
5422
5422
5422
5424
5424
5424
5424
5426
5426
5426
5426
5426
5426
5428
5428
5428
5430
5430
5432
5432
5432
5432
5432
5434
5434
5434
5434
5434
5436
5436
5436
5436
5438
5438
5438
5440
5442
5442
5444
5444
5444
5444
5446
5446
5446
5446
5446
5446
5448
5450
5450
5452
5454
5456
5456
5458
5458
5460
5460
5460
5460
5462
5464
5464
5464
5464
5464
5464
5466
5466
5466
5468
5468
5468
5470
5472
5472
5472
5472
5472
5474
5476
5476
5476
5476
5478
5480
5480
5480
5482
5482
5482
5484
5488
5488
5488
5488
5490
5490
5494
5496
5496
5498
5498
5500
5500
5500
5500
5502
5504
5504
5504
5504
5504
5506
5506
5506
5508
5508
5510
5512
5512
5512
5514
5514
5516
5520
5520
5520
5522
5526
5528
5530
5530
5532
5532
5532
5532
5534
5534
5536
5540
5540
5540
5542
5544
5546
5546
5546
5548
5552
5552
5552
5552
5552
5552
5558
5558
5558
5562
5562
5566
5568
5568
5568
5572
5572
5572
5572
5574
5574
5576
5582
5582
5586
5586
5590
5590
5592
5592
5592
5594
5596
5598
5598
5600
5602
5606
5610
5610
5614
5620
5620
5624
5626
5628
5628
5630
5630
5630
5632
5634
5636
5636
5638
5642
5642
5644
5646
5650
5652
5654
5654
5656
5656
5656
5656
5662
5666
5672
5672
5674
5676
5680
5682
5686
5686
5690
5690
5700
5700
5700
5702
5708
5712
5726
5726
5726
5728
5730
5732
5734
5734
5736
5738
5738
5742
5746
5750
5752
5754
5754
5762
5766
5768
5768
5770
5772
5774
5774
5776
5782
5782
5786
5786
5788
5790
5790
5792
5800
5806
5808
5810
5812
5814
5820
5820
5824
5826
5828
5830
5832
5832
5842
5844
5848
5850
5850
5850
5852
5852
5856
5856
5868
5872
5874
5878
5878
5882
5882
5882
5890
5894
5896
5896
5900
5900
5900
5902
5902
5902
5906
5908
5914
5916
5916
5920
5930
5930
5934
5934
5936
5942
5942
5944
5952
5952
5956
5956
5958
5960
5960
5962
5970
5974
5974
5978
5980
5984
5988
5992
5992
5996
5998
5998
5998
6002
6004
6010
6012
6012
6012
6014
6022
6022
6032
6038
6040
6044
6044
6046
6052
6054
6056
6056
6058
6058
6058
6060
6070
6072
6078
6078
6080
6088
6090
6098
6100
6104
6116
6118
6130
6138
6142
6144
6150
6152
6178
6180
6180
6210
6210
6212
6220
6228
6244
6270
6272
6278
6296
6302
6318
6328
6364
6378
6386
6392
6406
6412
6442
6452
6462
6494
6510
6522
6530
6534
6558
6598
6646
6650
6668
6692
6716
6744
6764
6828
6844
6874
6900
6916
6946
7076
7162
7212
7226
7256
7256
7314
7354
7462
7472
7554
7652
7728
7790
7924
8056
8260
8628
9838
9956
10188
10648
10732
10782
10786
10850
10850
10886
10918
11014
11112
11154
11556
11594
12760
13122
13626
14040
14132
14386
14534
14548
14578
14590
14746
14856
14936
15044
15170
15256
16068
16178
17380
18818
20314
20548
20560
20592
20964
21144
21580
23134
24250
24256
24264
24386
24444
24448
24468
24534
24558
24606
24664
24720
24746
24798
24818
24866
24906
24950
25194
25220
25560
25928
28174
28930
30222
32232
32726
35152
35312
35334
35494
35512
35514
35552
35564
35620
35638
35742
35780
36088
36416
40712
40732
40792
40832
40950
41150
42870
43564
74304
