Latencies
4950
5002
5004
5010
5012
5012
5016
5018
5026
5028
5030
5030
5032
5032
5034
5034
5038
5040
5042
5044
5044
5044
5046
5046
5046
5046
5048
5048
5048
5048
5048
5050
5050
5052
5052
5052
5052
5054
5054
5054
5056
5056
5058
5060
5060
5062
5062
5064
5064
5068
5068
5074
5076
5080
5080
5082
5082
5084
5084
5086
5088
5088
5088
5088
5088
5090
5090
5090
5090
5092
5094
5094
5096
5098
5098
5100
5102
5104
5104
5106
5106
5108
5108
5110
5110
5110
5112
5114
5114
5114
5116
5116
5116
5118
5118
5122
5122
5122
5124
5124
5124
5128
5128
5128
5128
5128
5130
5130
5130
5130
5132
5132
5132
5132
5134
5134
5134
5134
5136
5136
5138
5138
5138
5140
5140
5140
5142
5142
5142
5144
5144
5146
5146
5148
5148
5148
5150
5150
5150
5152
5152
5152
5152
5154
5154
5156
5156
5156
5156
5156
5156
5158
5160
5160
5160
5162
5162
5164
5164
5166
5166
5168
5168
5170
5170
5170
5170
5170
5170
5172
5172
5172
5172
5174
5174
5176
5176
5178
5178
5178
5180
5182
5182
5182
5184
5184
5184
5184
5186
5186
5188
5188
5188
5188
5190
5192
5194
5194
5194
5194
5194
5196
5196
5196
5196
5198
5198
5198
5198
5200
5200
5200
5200
5200
5202
5202
5202
5202
5204
5204
5204
5204
5206
5206
5206
5206
5208
5208
5208
5208
5208
5208
5208
5208
5210
5210
5212
5212
5212
5212
5212
5212
5212
5212
5214
5214
5214
5214
5214
5214
5214
5214
5214
5216
5216
5216
5216
5218
5218
5218
5220
5220
5220
5220
5222
5222
5222
5222
5222
5222
5222
5222
5224
5224
5224
5224
5226
5226
5226
5228
5228
5228
5228
5228
5230
5230
5230
5230
5232
5232
5232
5232
5234
5234
5234
5234
5236
5236
5236
5236
5236
5236
5238
5238
5238
5238
5240
5240
5240
5240
5240
5240
5240
5240
5240
5240
5240
5240
5242
5242
5242
5242
5242
5246
5246
5246
5248
5248
5248
5248
5248
5250
5250
5250
5250
5250
5252
5252
5252
5252
5252
5252
5252
5254
5254
5254
5254
5254
5254
5254
5256
5256
5256
5256
5256
5256
5256
5258
5258
5258
5258
5260
5262
5262
5262
5264
5264
5264
5266
5266
5266
5266
5266
5266
5268
5268
5270
5270
5270
5272
5272
5272
5272
5274
5274
5274
5276
5276
5276
5276
5276
5276
5276
5278
5278
5278
5278
5280
5280
5282
5282
5282
5282
5284
5284
5284
5286
5286
5286
5288
5288
5288
5288
5288
5288
5288
5290
5290
5290
5290
5290
5290
5290
5292
5292
5292
5292
5292
5292
5292
5292
5292
5294
5294
5294
5294
5294
5294
5296
5296
5296
5298
5298
5298
5298
5298
5300
5300
5300
5302
5302
5302
5302
5302
5302
5304
5304
5304
5304
5304
5304
5306
5306
5306
5306
5306
5308
5308
5308
5308
5308
5310
5310
5312
5312
5312
5312
5314
5314
5314
5314
5316
5316
5318
5318
5320
5322
5322
5324
5324
5324
5326
5326
5328
5328
5330
5330
5330
5330
5332
5332
5334
5334
5336
5336
5336
5338
5338
5338
5340
5340
5340
5340
5340
5342
5342
5342
5344
5344
5344
5346
5346
5346
5346
5346
5348
5350
5352
5352
5352
5354
5356
5356
5356
5358
5358
5360
5360
5360
5360
5360
5362
5364
5364
5364
5366
5366
5368
5368
5368
5372
5372
5372
5374
5374
5374
5376
5376
5376
5378
5380
5380
5382
5384
5384
5384
5384
5386
5388
5388
5390
5390
5392
5392
5392
5392
5392
5394
5396
5398
5398
5398
5398
5400
5400
5400
5402
5402
5404
5404
5406
5406
5408
5410
5412
5412
5416
5416
5418
5420
5422
5424
5424
5428
5428
5430
5430
5430
5430
5430
5430
5432
5432
5434
5436
5436
5436
5436
5436
5438
5440
5440
5440
5442
5442
5444
5444
5446
5448
5448
5450
5450
5450
5450
5454
5456
5456
5464
5464
5470
5470
5472
5474
5474
5474
5474
5478
5480
5482
5482
5484
5492
5494
5496
5496
5498
5502
5504
5512
5512
5514
5516
5520
5528
5528
5528
5528
5530
5530
5540
5540
5542
5550
5550
5552
5554
5556
5556
5556
5560
5560
5560
5560
5562
5562
5564
5566
5568
5572
5572
5572
5580
5582
5582
5584
5586
5586
5586
5592
5594
5594
5594
5596
5600
5600
5602
5602
5606
5608
5610
5612
5616
5620
5622
5622
5622
5628
5634
5638
5640
5640
5640
5642
5642
5642
5642
5644
5646
5650
5652
5656
5656
5660
5660
5662
5664
5672
5672
5674
5674
5676
5678
5678
5680
5682
5688
5694
5696
5698
5702
5702
5702
5704
5714
5716
5716
5720
5726
5728
5728
5728
5730
5744
5744
5748
5750
5758
5760
5762
5766
5768
5768
5772
5778
5778
5784
5792
5796
5796
5802
5804
5806
5808
5808
5810
5816
5816
5820
5828
5828
5828
5830
5840
5840
5846
5848
5850
5852
5856
5858
5860
5870
5878
5880
5898
5900
5906
5908
5908
5910
5916
5928
5930
5940
5942
5944
5950
5958
5970
5970
5970
5978
5992
5994
5996
6012
6018
6022
6022
6034
6038
6038
6038
6040
6048
6068
6092
6094
6098
6098
6100
6110
6128
6128
6138
6144
6144
6172
6196
6204
6236
6244
6270
6298
6342
6382
6396
6432
6460
6496
6506
6512
6518
6540
6540
6616
6648
6664
6736
6806
6818
6838
6874
6894
6910
6940
6960
6972
6974
7098
7274
7274
7338
7482
7608
7638
7756
7770
8190
8398
8572
8994
9164
9188
9518
9644
9870
10326
10348
10678
10694
10754
10982
11094
11360
11914
12256
12338
13972
14086
14240
14482
14566
14712
14932
14972
15078
15080
15238
16150
19000
19854
21204
21404
21812
22208
22412
22546
23386
23456
24402
24502
24630
24718
24866
24932
25012
25034
25118
25122
25222
25316
25946
26190
26456
27226
27854
33060
34268
34744
35148
35148
35422
35460
35596
35646
35792
35910
35948
35962
36160
37214
39850
40506
43218
45420
60394
