Latencies
5024
5034
5052
5060
5062
5078
5080
5088
5088
5094
5098
5098
5098
5102
5102
5104
5106
5112
5116
5116
5120
5122
5124
5126
5128
5136
5138
5142
5144
5146
5150
5150
5154
5160
5160
5160
5164
5164
5166
5168
5170
5172
5172
5174
5178
5182
5182
5186
5188
5194
5196
5196
5200
5200
5200
5200
5200
5204
5206
5206
5208
5208
5212
5214
5214
5216
5218
5220
5222
5222
5224
5226
5226
5228
5228
5230
5230
5232
5232
5234
5234
5234
5234
5242
5242
5244
5244
5244
5246
5246
5248
5248
5250
5252
5254
5254
5254
5256
5256
5256
5258
5258
5258
5260
5260
5262
5264
5264
5266
5268
5272
5274
5278
5278
5278
5280
5282
5284
5284
5284
5286
5286
5288
5288
5288
5288
5288
5290
5290
5292
5292
5292
5292
5294
5294
5294
5294
5294
5298
5300
5306
5308
5308
5310
5310
5310
5312
5312
5316
5318
5320
5320
5322
5322
5326
5326
5330
5330
5330
5332
5332
5334
5334
5336
5338
5338
5340
5340
5342
5344
5346
5346
5350
5352
5354
5356
5356
5360
5360
5368
5374
5376
5376
5380
5380
5380
5382
5386
5392
5392
5392
5392
5392
5394
5394
5394
5396
5398
5398
5402
5406
5408
5410
5410
5410
5412
5412
5414
5418
5424
5432
5434
5434
5434
5436
5436
5442
5442
5442
5444
5446
5448
5450
5452
5454
5454
5458
5464
5466
5468
5470
5474
5474
5478
5480
5482
5482
5484
5488
5488
5488
5490
5498
5500
5502
5504
5506
5508
5510
5512
5516
5522
5524
5528
5528
5530
5532
5534
5536
5536
5536
5538
5540
5540
5540
5544
5546
5546
5548
5550
5556
5562
5564
5564
5564
5566
5572
5576
5580
5582
5582
5584
5598
5598
5600
5604
5604
5608
5608
5610
5612
5616
5624
5626
5630
5630
5632
5632
5634
5638
5638
5642
5646
5648
5650
5650
5658
5658
5662
5664
5668
5668
5670
5674
5678
5686
5688
5692
5692
5696
5698
5698
5706
5712
5720
5720
5722
5724
5724
5730
5730
5738
5738
5740
5744
5756
5758
5764
5766
5776
5776
5782
5786
5788
5790
5794
5796
5798
5798
5802
5806
5832
5838
5838
5842
5842
5844
5848
5852
5856
5864
5864
5866
5874
5906
5924
5942
5944
5948
5958
5976
5984
5990
5996
5998
6000
6002
6006
6016
6034
6042
6054
6058
6060
6062
6094
6104
6106
6132
6134
6214
6238
6262
6272
6284
6658
6680
6714
6758
6764
6786
6878
6916
7088
7140
7148
7212
7502
7948
8070
8270
8418
8424
8732
8772
9258
9438
9462
9744
9794
10108
10352
10446
10518
10536
10724
10876
10888
10932
11016
11316
11400
11482
11874
12048
12328
12696
12700
12830
12880
12912
13008
13050
13082
13140
13406
13784
14068
14126
14148
14164
14208
14226
14230
14294
14298
14308
14312
14322
14334
14354
14384
14384
14386
14402
14414
14438
14450
14450
14454
14456
14466
14468
14470
14472
14478
14502
14502
14502
14504
14506
14508
14508
14510
14510
14512
14518
14520
14524
14524
14534
14538
14538
14542
14550
14556
14566
14566
14568
14568
14572
14582
14584
14588
14608
14612
14616
14616
14624
14632
14634
14654
14654
14656
14660
14660
14670
14670
14674
14676
14678
14680
14682
14686
14690
14694
14696
14702
14716
14728
14728
14734
14736
14738
14742
14744
14748
14748
14748
14754
14758
14766
14770
14772
14784
14788
14792
14796
14802
14802
14808
14814
14816
14822
14824
14828
14828
14834
14836
14842
14844
14846
14846
14852
14852
14854
14854
14854
14856
14858
14860
14866
14868
14868
14868
14872
14874
14876
14880
14880
14882
14882
14884
14886
14888
14890
14892
14892
14892
14892
14892
14892
14896
14898
14900
14900
14904
14906
14910
14910
14912
14916
14916
14916
14918
14920
14922
14926
14926
14930
14934
14934
14934
14938
14938
14942
14948
14952
14956
14958
14962
14964
14966
14970
14974
14976
14978
14978
14984
14986
14986
14988
14988
14992
14992
14998
14998
14998
15000
15000
15004
15008
15008
15010
15010
15012
15018
15018
15020
15026
15030
15030
15036
15036
15042
15046
15048
15048
15050
15052
15054
15054
15058
15058
15060
15060
15060
15062
15066
15066
15070
15074
15078
15078
15080
15082
15086
15088
15088
15088
15090
15090
15094
15096
15098
15098
15098
15100
15102
15104
15106
15106
15108
15112
15122
15124
15124
15126
15126
15126
15128
15128
15130
15130
15132
15132
15134
15134
15134
15136
15136
15136
15136
15136
15138
15140
15144
15146
15148
15150
15152
15160
15162
15162
15162
15164
15164
15166
15172
15172
15174
15176
15178
15180
15180
15182
15186
15186
15192
15194
15200
15200
15200
15202
15206
15208
15208
15210
15212
15212
15212
15214
15214
15214
15216
15216
15216
15216
15220
15220
15222
15226
15232
15232
15232
15234
15236
15238
15240
15248
15248
15250
15250
15252
15254
15256
15258
15258
15260
15260
15262
15262
15264
15264
15266
15266
15268
15274
15276
15278
15278
15278
15282
15282
15282
15288
15290
15290
15292
15292
15296
15306
15310
15312
15320
15326
15328
15330
15332
15340
15344
15344
15344
15346
15346
15350
15354
15358
15358
15376
15380
15380
15384
15384
15390
15400
15406
15414
15418
15420
15426
15440
15442
15446
15448
15452
15452
15458
15470
15470
15472
15478
15480
15486
15488
15498
15500
15504
15532
15538
15542
15546
15554
15564
15570
15572
15578
15580
15610
15612
15620
15646
15646
15648
15658
15662
15676
15678
15678
15678
15694
15696
15696
15696
15698
15704
15712
15732
15742
15770
15784
15802
15814
15842
15868
15880
15892
15902
15916
15918
15992
16000
16032
16154
16202
16292
16572
17084
17622
18338
19278
19408
19738
20596
20606
20726
21164
21598
21752
22804
23064
23630
23896
23926
24106
24466
24574
24698
24792
24806
24828
24832
24922
25058
25266
25266
25290
25296
25508
25528
25606
25620
26562
28700
28834
30698
33032
33092
33506
33836
33944
34004
34028
34038
34226
34248
34546
34590
34604
34662
34680
34770
34814
34966
35010
35070
35124
35294
35304
35340
35384
35616
35644
35784
37622
38078
39108
41056
42890
43494
43760
44070
44694
44758
44886
45176
45260
45300
45458
45504
45542
45644
45792
45938
46386
48408
49900
49976
51146
52908
53392
55316
75770
80892
126628
127022
139400
