Latencies
7880
6036
5338
6048
18628
6098
5218
5190
5590
11148
5396
5366
5528
5250
5240
5954
5460
5234
5232
5526
5348
5338
5240
5742
5334
5368
5276
5508
5534
5404
7324
5684
5278
5368
5278
5226
5350
5492
6402
5760
5312
16104
6350
5250
5986
7608
5362
5584
5474
5388
5230
5970
5950
5958
5688
5734
5908
5782
5572
5756
6582
5310
5444
5834
5266
5278
5286
5558
6044
6106
5610
5810
6088
6322
6290
5990
5420
5378
5424
5304
6014
5990
5328
5408
11738
5198
5640
5684
6128
5534
5458
5606
5868
6184
5302
5574
6070
5214
5984
6468
5980
5782
5800
5866
6576
5476
6168
5234
6638
5150
5200
5418
5506
5274
5330
6038
10696
6058
5234
5788
5988
5142
5686
5230
5392
5598
5820
5380
5408
5516
5386
6286
6356
5866
5550
5334
5284
5502
5468
6188
5956
5320
5718
5274
5366
27434
5424
5374
5972
5160
5746
5860
5464
5626
5390
5720
5842
6376
15312
5690
6062
5700
5244
5986
5914
5408
11416
5298
5426
5654
5564
5522
5368
5132
9924
5278
5668
5326
34186
5334
5782
5522
5774
5660
5068
6032
5292
5492
8830
6100
6192
5486
5628
5880
7540
5760
5760
25958
6842
5804
5138
5308
41542
5514
5364
5328
5598
5842
5408
5690
5410
5262
5264
5380
6006
10460
5254
6340
5392
5868
5482
5352
6160
5454
5538
20600
5316
5376
5380
5282
5958
6892
5846
5810
5334
5442
5290
5418
5224
5094
6062
5176
5222
5826
14746
5212
5514
5158
5438
5000
5404
7306
5390
5046
5346
5748
5210
5384
6238
6002
5444
5334
5348
5318
24232
5544
5840
5184
5316
5256
5282
5354
5608
5580
5620
28498
5194
5314
6132
5578
5818
5686
5420
5674
27570
6102
5954
5358
6748
5680
6982
5500
5978
5332
5248
5794
8138
6292
5402
8086
5108
5094
23922
7360
6086
5796
5312
5474
5248
5108
12866
7348
5204
28708
5660
5100
5476
9704
6490
5258
6002
5384
5950
5852
22140
5548
5802
5142
6298
5700
5760
37134
6016
5706
12350
6940
5862
5360
5402
6060
5440
5326
5908
9910
5980
5984
19034
30616
5326
5292
5672
5896
5800
23714
5666
5070
5150
5176
5468
5726
15186
5418
5164
12250
5402
5308
5342
6024
5192
5048
5128
7370
5254
5332
5190
5162
5684
5912
9716
6158
6736
5058
5026
5924
5416
5592
5924
5276
25284
5236
5564
5676
5606
5706
5476
5886
5576
5984
5680
5420
5600
5556
5878
5888
5270
5386
5838
5192
5354
12592
5144
5984
5218
5420
5346
17068
5210
5294
5916
6168
6548
5226
5276
5314
18368
5340
5234
17882
21718
5800
5792
5312
5300
5128
5386
5432
5682
6388
5176
6064
5168
5950
5220
5260
11292
6138
5832
5188
5348
34948
35888
5876
5564
5430
5960
5722
6216
5846
5494
6578
6214
5740
7804
9160
6254
6048
5510
5746
5416
5420
5838
6064
5340
5348
5224
22896
6326
20488
5274
5220
5600
16512
5232
6326
5278
6724
5968
25668
5048
5332
5124
5332
5494
5132
6368
5442
5368
5228
5228
5754
