Latencies
5134
5142
5172
5184
5190
5198
5206
5210
5214
5220
5220
5222
5226
5228
5236
5238
5242
5244
5244
5246
5250
5250
5252
5252
5258
5258
5262
5262
5266
5266
5270
5270
5270
5270
5270
5270
5272
5272
5272
5272
5274
5274
5274
5276
5280
5282
5282
5284
5284
5284
5286
5288
5288
5288
5288
5288
5290
5292
5294
5294
5304
5304
5306
5306
5306
5312
5312
5314
5314
5316
5316
5316
5318
5320
5320
5320
5320
5322
5322
5324
5324
5324
5326
5326
5326
5326
5326
5326
5328
5328
5328
5330
5332
5332
5332
5334
5334
5334
5336
5336
5336
5338
5338
5338
5338
5340
5340
5340
5340
5340
5342
5342
5342
5342
5342
5342
5342
5346
5348
5348
5350
5350
5350
5352
5352
5352
5354
5354
5354
5356
5356
5358
5358
5358
5358
5358
5358
5358
5360
5360
5362
5364
5364
5366
5366
5366
5368
5368
5368
5368
5368
5368
5368
5370
5370
5370
5370
5370
5372
5374
5374
5374
5374
5374
5376
5376
5376
5378
5378
5378
5380
5382
5382
5382
5386
5386
5386
5386
5386
5388
5388
5388
5388
5390
5390
5390
5392
5392
5392
5392
5392
5392
5394
5394
5396
5396
5396
5398
5398
5398
5400
5400
5400
5400
5400
5402
5404
5404
5406
5406
5406
5406
5406
5406
5406
5408
5408
5408
5408
5410
5410
5410
5410
5412
5412
5412
5412
5412
5412
5412
5414
5414
5414
5416
5416
5416
5416
5416
5418
5420
5420
5420
5422
5422
5424
5424
5424
5426
5426
5426
5426
5426
5426
5428
5428
5428
5430
5430
5430
5432
5432
5432
5432
5432
5432
5434
5434
5434
5434
5434
5434
5434
5434
5434
5438
5438
5438
5440
5440
5440
5442
5444
5444
5446
5446
5448
5448
5448
5448
5448
5450
5450
5450
5452
5452
5452
5454
5454
5456
5458
5458
5458
5458
5460
5462
5462
5462
5464
5464
5464
5464
5464
5466
5468
5468
5470
5470
5470
5470
5472
5474
5474
5474
5476
5478
5478
5478
5480
5480
5480
5482
5482
5484
5484
5484
5484
5486
5486
5488
5488
5488
5488
5488
5490
5490
5490
5492
5492
5492
5492
5492
5494
5500
5500
5502
5504
5504
5504
5506
5506
5506
5506
5506
5508
5508
5510
5510
5510
5512
5514
5514
5514
5514
5516
5516
5516
5516
5516
5518
5520
5520
5520
5522
5522
5522
5522
5522
5522
5526
5530
5530
5532
5532
5532
5532
5532
5534
5536
5536
5538
5538
5538
5540
5540
5540
5540
5542
5544
5544
5546
5546
5548
5548
5550
5550
5550
5550
5552
5554
5554
5554
5558
5562
5562
5564
5566
5566
5568
5568
5570
5570
5570
5572
5572
5574
5574
5574
5574
5576
5576
5576
5578
5580
5580
5580
5580
5580
5582
5582
5582
5584
5584
5586
5586
5586
5586
5588
5588
5590
5590
5592
5592
5598
5598
5600
5600
5600
5602
5602
5604
5604
5604
5604
5604
5606
5608
5608
5608
5608
5608
5610
5612
5612
5614
5616
5616
5618
5618
5618
5620
5622
5624
5626
5626
5626
5626
5626
5628
5628
5630
5630
5630
5634
5634
5634
5636
5638
5638
5640
5642
5642
5642
5646
5646
5646
5648
5648
5648
5648
5654
5654
5654
5656
5656
5658
5660
5660
5660
5660
5660
5662
5666
5666
5672
5678
5678
5678
5678
5678
5680
5682
5684
5684
5686
5688
5692
5692
5694
5694
5696
5696
5698
5698
5700
5702
5702
5708
5708
5708
5710
5710
5712
5712
5714
5716
5716
5716
5720
5720
5722
5722
5724
5724
5726
5728
5728
5730
5730
5730
5734
5738
5746
5748
5752
5754
5756
5756
5760
5766
5768
5768
5772
5776
5776
5778
5778
5778
5780
5786
5786
5786
5790
5792
5796
5796
5796
5798
5798
5800
5800
5804
5804
5806
5806
5808
5810
5810
5810
5810
5812
5812
5812
5814
5818
5822
5822
5824
5826
5826
5826
5828
5832
5832
5836
5840
5842
5848
5850
5850
5852
5854
5854
5856
5856
5858
5858
5858
5862
5862
5862
5866
5866
5868
5868
5872
5872
5872
5874
5878
5878
5880
5880
5884
5884
5888
5888
5888
5890
5892
5892
5894
5894
5900
5900
5902
5904
5908
5912
5912
5912
5916
5916
5918
5922
5924
5924
5926
5926
5926
5926
5928
5928
5934
5936
5940
5942
5942
5944
5946
5948
5948
5950
5950
5952
5954
5954
5954
5956
5958
5958
5960
5962
5972
5974
5978
5980
5980
5980
5980
5982
5984
5994
5998
6002
6006
6010
6012
6016
6018
6018
6018
6020
6022
6024
6026
6030
6034
6038
6040
6040
6040
6044
6046
6048
6050
6052
6054
6056
6060
6060
6062
6064
6064
6070
6072
6074
6074
6076
6076
6076
6076
6082
6086
6092
6094
6094
6098
6100
6102
6106
6108
6114
6116
6118
6120
6122
6126
6126
6136
6138
6140
6142
6144
6146
6148
6148
6152
6160
6170
6174
6176
6176
6176
6178
6186
6190
6202
6202
6204
6208
6234
6234
6238
6250
6258
6266
6268
6272
6274
6278
6278
6280
6300
6308
6310
6310
6314
6320
6330
6338
6342
6350
6360
6362
6394
6396
6406
6416
6426
6432
6452
6458
6490
6492
6494
6520
6538
6554
6560
6594
6594
6608
6608
6614
6618
6658
6658
6668
6682
6682
6696
6698
6712
6712
6714
6720
6722
6724
6726
6756
6760
6762
6774
6788
6824
6828
6856
6870
6874
6882
6890
6892
6896
6918
6932
6938
6944
6952
7038
7062
7166
7176
7266
7280
7298
7320
7380
7396
7400
7440
7450
7550
7818
7990
8012
8234
10666
10746
11036
11340
11652
13316
13742
14690
14790
15196
15200
15266
16534
16726
17088
21674
23446
23600
23712
24770
25472
26772
26930
29972
32666
36838
10171600
