Latencies
5040
5048
5056
5068
5076
5080
5084
5088
5090
5094
5096
5098
5098
5100
5106
5108
5110
5114
5116
5118
5118
5120
5124
5126
5128
5130
5132
5132
5134
5138
5138
5140
5140
5144
5146
5146
5148
5148
5150
5152
5154
5154
5154
5156
5156
5158
5160
5160
5162
5162
5162
5162
5162
5166
5166
5168
5168
5170
5174
5174
5174
5174
5174
5174
5176
5182
5182
5184
5184
5184
5184
5184
5186
5186
5186
5190
5190
5190
5192
5192
5194
5196
5198
5198
5198
5200
5200
5202
5202
5202
5202
5204
5204
5204
5204
5204
5204
5206
5206
5206
5208
5208
5210
5212
5212
5212
5212
5212
5214
5214
5214
5216
5216
5216
5218
5218
5218
5218
5218
5222
5222
5222
5222
5222
5224
5224
5224
5224
5226
5226
5226
5226
5228
5228
5230
5230
5230
5232
5232
5232
5232
5232
5234
5234
5234
5234
5234
5234
5234
5234
5234
5236
5236
5236
5236
5238
5238
5238
5238
5238
5240
5242
5242
5242
5242
5244
5246
5246
5246
5246
5248
5248
5248
5248
5248
5250
5250
5250
5250
5252
5252
5252
5252
5252
5252
5252
5252
5252
5254
5256
5256
5256
5256
5258
5258
5258
5260
5260
5260
5260
5260
5262
5262
5262
5264
5264
5264
5264
5266
5266
5266
5266
5266
5268
5268
5268
5268
5270
5270
5272
5274
5274
5274
5274
5276
5276
5276
5276
5276
5276
5278
5278
5278
5278
5278
5280
5282
5282
5282
5282
5284
5284
5284
5284
5284
5284
5284
5284
5286
5288
5288
5288
5288
5290
5290
5292
5294
5296
5300
5302
5302
5302
5304
5304
5304
5306
5306
5306
5306
5306
5310
5310
5312
5314
5314
5314
5316
5316
5316
5316
5316
5318
5318
5320
5322
5322
5322
5322
5324
5324
5324
5324
5324
5326
5326
5326
5326
5326
5328
5328
5328
5328
5330
5330
5330
5332
5332
5332
5334
5340
5340
5340
5342
5342
5344
5346
5348
5350
5350
5350
5352
5352
5352
5352
5354
5354
5356
5356
5360
5360
5362
5362
5362
5362
5364
5364
5364
5364
5366
5366
5366
5366
5366
5366
5368
5368
5370
5370
5370
5372
5372
5372
5374
5374
5376
5376
5376
5376
5376
5376
5376
5378
5378
5380
5380
5380
5380
5382
5382
5384
5384
5386
5386
5388
5388
5390
5390
5392
5392
5392
5392
5392
5396
5396
5396
5398
5398
5398
5398
5400
5400
5402
5404
5404
5406
5406
5408
5408
5410
5412
5412
5414
5414
5414
5414
5416
5416
5416
5416
5416
5418
5420
5420
5422
5422
5422
5422
5424
5424
5426
5426
5428
5428
5430
5430
5432
5432
5432
5432
5434
5434
5434
5434
5434
5436
5436
5436
5438
5440
5444
5444
5446
5448
5448
5448
5448
5452
5452
5454
5456
5456
5456
5456
5456
5458
5458
5458
5458
5460
5462
5464
5464
5464
5464
5466
5466
5466
5468
5468
5470
5472
5472
5474
5474
5474
5476
5476
5478
5478
5478
5478
5480
5480
5486
5486
5490
5490
5494
5494
5494
5494
5494
5496
5496
5498
5498
5498
5498
5498
5500
5500
5500
5502
5502
5504
5504
5506
5508
5508
5510
5510
5512
5512
5514
5514
5516
5518
5520
5520
5522
5522
5522
5524
5524
5524
5526
5528
5530
5530
5532
5532
5532
5532
5536
5538
5540
5540
5542
5548
5548
5548
5550
5550
5550
5552
5552
5552
5554
5556
5556
5558
5558
5560
5560
5562
5564
5564
5568
5574
5574
5574
5576
5576
5576
5584
5586
5586
5586
5586
5586
5590
5592
5594
5594
5596
5596
5598
5600
5602
5602
5604
5608
5608
5610
5610
5610
5610
5612
5612
5614
5616
5616
5616
5624
5624
5624
5624
5630
5632
5638
5638
5638
5642
5642
5642
5646
5646
5648
5648
5650
5650
5650
5650
5652
5656
5656
5656
5658
5658
5660
5660
5662
5664
5668
5668
5668
5668
5670
5670
5672
5672
5674
5674
5674
5674
5676
5678
5678
5682
5682
5682
5682
5688
5692
5692
5692
5694
5694
5696
5698
5700
5702
5704
5708
5710
5710
5712
5714
5714
5718
5718
5722
5724
5726
5730
5732
5736
5736
5736
5738
5738
5740
5740
5740
5742
5742
5744
5746
5746
5748
5752
5754
5756
5756
5756
5756
5758
5760
5762
5762
5762
5764
5766
5766
5768
5768
5768
5770
5772
5774
5774
5778
5780
5782
5782
5782
5782
5784
5786
5792
5792
5796
5796
5804
5808
5810
5810
5812
5812
5814
5816
5818
5820
5822
5824
5826
5826
5826
5828
5828
5832
5832
5832
5834
5834
5838
5838
5838
5838
5842
5844
5846
5848
5848
5848
5850
5850
5850
5850
5858
5862
5862
5862
5864
5866
5868
5872
5874
5876
5878
5878
5880
5882
5884
5888
5900
5902
5906
5908
5908
5910
5910
5912
5914
5914
5918
5922
5922
5928
5928
5930
5934
5936
5946
5946
5948
5954
5956
5962
5962
5964
5964
5968
5968
5968
5970
5972
5976
5978
5982
5984
5986
5988
5992
5992
5996
5998
6000
6000
6002
6002
6004
6012
6014
6014
6014
6016
6016
6020
6022
6022
6028
6030
6032
6032
6034
6034
6036
6038
6038
6040
6042
6042
6044
6048
6050
6050
6052
6052
6052
6054
6058
6058
6060
6064
6064
6064
6064
6064
6066
6068
6074
6086
6090
6094
6100
6102
6104
6112
6118
6120
6122
6126
6126
6132
6132
6134
6136
6138
6150
6150
6152
6152
6154
6158
6160
6172
6176
6176
6180
6184
6200
6218
6220
6226
6232
6238
6238
6252
6260
6264
6274
6286
6286
6300
6302
6312
6318
6320
6324
6336
6338
6352
6368
6380
6410
6416
6424
6436
6464
6472
6600
6606
6622
6648
6652
6666
6724
6790
6804
6816
6846
6896
6934
7002
7028
7066
7066
7098
7226
7548
8244
8650
10036
10182
11046
11820
13306
13432
14428
14562
14682
14824
20264
20334
20896
21610
22996
23352
24522
27784
28810
29468
32118
33054
36216
36612
68562
88238
102052
