Latencies
5384
5416
5416
5420
5422
5426
5428
5430
5434
5444
5446
5450
5458
5488
5494
5504
5504
5506
5506
5510
5510
5532
5534
5548
5562
5566
5570
5582
5586
5586
5588
5588
5588
5592
5596
5616
5620
5630
5634
5640
5662
5662
5664
5666
5672
5696
5716
5734
5734
5742
5754
5782
5786
5794
5798
5806
5808
5818
5822
5830
5832
5836
5846
5848
5850
5850
5852
5860
5868
5870
5882
5894
5908
5920
5972
5972
5982
6002
6016
6028
6038
6050
6054
6056
6056
6080
6084
6084
6100
6100
6144
6146
6150
6156
6162
6162
6174
6180
6182
6184
6192
6200
6218
6226
6226
6242
6248
6278
6302
6310
6310
6342
6368
6376
6380
6388
6392
6396
6434
6446
6446
6452
6456
6478
6494
6520
6524
6536
6542
6566
6594
6606
6620
6626
6640
6758
6790
6816
6832
6878
6910
7064
7110
7182
7232
7280
7320
7384
7410
7424
7452
7464
7488
7534
7544
7554
7634
7660
7660
7674
7800
7812
7860
7926
8008
8034
8092
8120
8126
8138
8186
8196
8242
8254
8328
8378
8432
8442
8464
8564
8622
8726
8758
8974
8978
9018
9074
9140
9158
9232
9244
9250
9262
9296
9310
9312
9312
9312
9428
9542
9578
9632
9756
9814
9846
9906
9928
9958
9960
9982
9990
10000
10044
10058
10202
10214
10220
10290
10336
10378
10408
10424
10456
10480
10502
10502
10606
10704
10758
10904
10922
10968
11098
11170
11186
11196
11272
11280
11410
11466
11560
11562
11616
11780
11804
11822
11874
11894
11922
11956
11980
11988
11998
12040
12156
12174
12192
12206
12210
12248
12256
12334
12346
12350
12514
12574
12618
12622
12730
12742
12760
12842
12902
13030
13140
13196
13260
13272
13332
13356
13458
13464
13536
13560
13684
13732
13804
13814
13820
13888
13906
13910
13960
14000
14000
14034
14108
14156
14160
14180
14186
14284
14286
14290
14368
14382
14398
14402
14402
14410
14416
14422
14442
14460
14462
14464
14468
14486
14494
14508
14516
14518
14520
14522
14530
14536
14540
14562
14572
14574
14592
14604
14610
14616
14624
14624
14624
14632
14650
14654
14664
14668
14670
14672
14688
14696
14708
14734
14734
14734
14736
14738
14742
14742
14746
14748
14754
14754
14758
14760
14762
14766
14768
14772
14780
14784
14790
14802
14812
14814
14818
14818
14822
14828
14832
14840
14842
14844
14848
14848
14854
14856
14858
14860
14868
14870
14872
14882
14888
14904
14918
14924
14930
14930
14938
14946
14948
14950
14950
14956
14958
14960
14966
14978
14980
14980
14988
14996
14996
15006
15008
15008
15012
15016
15018
15020
15020
15022
15026
15038
15048
15054
15056
15068
15076
15076
15078
15080
15080
15084
15086
15088
15088
15088
15090
15090
15094
15106
15108
15116
15134
15136
15156
15158
15164
15170
15180
15186
15190
15202
15212
15212
15216
15216
15222
15222
15238
15248
15248
15250
15252
15264
15268
15276
15282
15284
15294
15334
15338
15346
15350
15358
15372
15372
15376
15390
15390
15400
15402
15406
15420
15434
15442
15450
15450
15454
15464
15484
15502
15508
15518
15526
15526
15562
15572
15574
15620
15636
15648
15672
15684
15702
15718
15820
15874
15886
15904
15930
15994
16018
16218
16530
16684
16844
17052
17370
17470
17858
18100
18270
18348
18400
18894
19176
19682
19692
19710
19876
19898
20218
20324
20402
20538
20654
20706
20854
21032
21506
21578
21706
21720
21884
21924
21948
21978
22424
22438
22694
22880
22948
23152
23192
23310
23364
23368
23514
23682
23704
23792
23816
23890
24026
24042
24068
24094
24152
24282
24368
24374
24410
24412
24432
24452
24454
24474
24506
24600
24650
24652
24728
24746
24766
24790
24808
24812
24818
24890
24898
24916
24948
24986
25110
25154
25212
25244
25262
25262
25302
25312
25418
25420
25588
25746
26000
26032
26116
26178
26190
26212
26262
26338
26434
26592
26598
26698
26890
27076
27342
27402
27962
28432
28466
28482
28542
28846
28958
29126
29480
29694
29920
30228
30702
30772
30778
31012
31320
31326
31390
31784
32126
32356
32634
32822
32828
32922
32996
33004
33040
33148
33448
33512
33522
33562
33584
33700
33728
33752
33860
33928
33958
34032
34036
34066
34068
34088
34098
34110
34110
34118
34152
34162
34168
34198
34208
34214
34226
34242
34246
34288
34292
34308
34310
34316
34350
34360
34362
34368
34372
34380
34400
34414
34416
34416
34436
34438
34448
34454
34462
34470
34474
34478
34492
34508
34514
34518
34518
34518
34530
34542
34544
34546
34550
34552
34552
34556
34556
34558
34560
34568
34570
34570
34574
34574
34578
34578
34586
34592
34592
34594
34594
34598
34600
34614
34620
34626
34634
34642
34662
34692
34702
34710
34724
34730
34742
34752
34766
34802
34812
34820
34824
34838
34856
34862
34872
34898
34906
34920
35082
35140
35198
35242
35260
35282
35338
35480
35774
40272
42488
43300
43730
43976
44124
44204
44254
45084
45244
48038
53840
53876
54000
54090
54306
54338
54516
54610
55430
55828
68638
73708
74042
111160
116730
223570
894110
2039966
4070670
20784878
