Latencies
6718
5292
5444
5534
5372
5194
20554
5914
5756
5168
7452
6060
5452
5954
21582
5846
5268
5658
6070
5328
5244
5344
5230
6040
5562
5252
5244
5480
6008
5760
5378
5776
5884
6148
5258
5856
5420
6332
5848
6818
6056
9074
10246
8098
5338
5212
5450
5234
5654
5386
5422
5274
5574
5278
5712
5584
5430
5918
5498
6034
5722
5340
5300
5354
6026
5640
5364
5650
5320
5962
6132
5640
5612
7194
5876
5360
5320
5522
5256
5480
5646
5248
5670
5726
5366
5276
5270
5950
5788
5442
5358
5542
6982
5526
5612
5672
5280
5720
5316
5540
5156
5400
5348
5334
5392
5276
6040
6336
5636
6216
5484
5844
6036
5708
5928
5654
6104
5606
5384
5852
5696
5706
5326
5644
5990
5350
7422
6082
5370
5904
5574
5680
5414
5994
5548
23980
6018
6016
5630
5600
5306
6930
22730
5378
5786
5696
6000
6068
6498
6240
5272
5382
5260
5648
5440
5504
5416
5392
5784
6070
5456
5582
5342
5708
5440
5592
5636
6158
5302
5280
5292
5830
5652
6102
5272
5280
5258
5502
12408
6150
5620
5454
5484
5612
5510
6486
5772
5532
5304
5600
6010
5928
5378
5408
6122
5502
5412
5784
5982
5292
7068
5712
5408
5304
5592
5438
5338
5968
5722
5202
5908
5298
5450
5800
5642
5616
35086
5378
5374
6060
5512
6342
6196
5630
13718
5614
25078
5444
5246
5478
6136
5454
5224
5978
6060
5914
5470
5676
6596
5284
5232
5778
5296
5894
6994
5576
5844
5620
5270
5574
5150
5610
21926
5612
5482
5300
5940
5902
6220
5402
5364
5238
5394
5458
6394
6044
5926
5384
5512
6268
5532
13194
5794
5272
6114
5498
6434
6116
5794
5802
6436
5782
5420
15654
5282
6052
5280
5394
5708
5768
5722
5384
5946
5784
5746
5640
5392
5752
5266
5842
5406
5610
5546
6336
6634
5278
5170
5300
10494
24562
6042
5372
19266
5270
5280
23378
5294
5260
5290
5294
5364
5924
5726
5434
6222
5294
5282
5302
5826
5398
5878
5584
5350
5198
5864
5614
5836
5512
5370
5886
5494
5988
5372
5714
5814
5380
5506
6168
6826
5366
5978
15224
5182
5898
6816
6538
5374
5224
5328
5212
33450
5268
5478
5238
5894
5408
5330
5646
5512
5326
5860
5268
5268
5404
6892
5642
5644
5872
5200
6060
5172
6618
5198
5268
5554
5256
17216
5818
5358
5494
5566
5462
5362
5740
5694
6070
5910
5708
5358
5388
5348
5280
5720
5312
5460
5456
6158
5424
5612
5900
5364
5334
5800
5592
20966
5864
5668
5424
6340
5594
5152
5298
5510
5604
5470
6188
5294
5302
5254
5280
22776
5522
5448
5298
5246
6492
5524
5958
7014
5732
5238
5394
5296
5330
5534
5588
5314
5564
5606
5902
5444
5752
5382
5294
5286
6224
5428
5300
5540
5298
5706
5258
5572
5240
5528
5978
5242
5358
5202
5258
5334
5410
5286
5246
5354
6222
5318
5934
6818
6094
5834
5502
26942
5894
5792
5196
5846
5568
6134
5676
5424
5680
5490
5310
5340
5268
5702
6708
6354
5458
5748
5456
5298
5316
5794
5932
5824
5532
5940
5372
5322
5580
5088
6056
5276
5488
5398
6254
5610
6002
5490
5894
5220
5618
5182
22052
6040
5412
5350
5234
5446
5230
5438
5512
5540
5324
5426
5492
5858
5400
5962
6576
5930
5548
5442
5724
5770
5772
5782
6644
5500
5354
5510
5258
5440
5494
5360
5354
5570
6946
6000
5424
5900
5222
5400
5746
5600
5284
5426
5350
6072
5304
6070
5680
5556
5284
6636
5456
5918
5348
5424
5320
5268
6568
5458
5350
5250
5576
5986
5644
5212
5276
5508
5224
5386
5292
5922
6704
5948
5608
5262
5244
5282
5226
5464
5616
5442
5272
5214
5904
5280
5230
5492
5498
5262
5388
5824
5684
5330
5316
5522
6704
5770
5984
5184
6188
5358
5352
5312
5968
6382
5758
5560
5910
5290
6472
5448
5900
5404
5310
11264
5202
5452
5332
5418
5730
6100
5398
5378
5352
5554
5706
5598
5444
5526
5944
5290
5310
6270
5372
5566
5270
6304
5620
5908
5868
5698
6676
6522
5586
5460
6086
5616
5556
5232
5780
5626
13218
6050
5634
5776
5674
5804
6864
5762
5490
5348
5460
6664
5268
5202
6114
5332
6644
5242
5240
6206
6162
5148
6142
5216
5122
5232
6216
5510
6118
5780
5920
5988
5260
6210
5324
5424
5276
5938
5498
5218
5646
6192
5724
5580
5884
5466
5598
5388
5602
7486
5636
5324
5440
25378
5300
28928
5344
5858
5580
5774
5988
5338
5324
5270
5044
5226
5220
6148
5618
5910
5558
5636
5340
5376
6084
5232
5856
5400
5076
5292
5248
5464
5262
5316
6220
5380
5902
5858
6190
5936
5580
6178
5274
5792
6286
5448
19742
5536
5366
5684
5618
6122
5626
5974
5382
5358
5598
5254
5564
6870
5514
5572
5396
5570
5880
5314
5402
5896
5238
5472
5850
5268
5892
5370
6062
5516
6178
6350
5584
6114
5692
5406
5520
5314
5576
5708
5666
5386
5350
5256
5882
5504
5328
5470
5752
6208
6096
5386
5584
5906
5540
5464
5644
5302
5236
5212
5848
5364
5348
5376
5320
5292
6778
5198
6016
5274
5588
5594
5378
6768
5544
5850
5690
7416
7714
8324
5312
5288
5262
5842
5724
5252
6034
5238
5324
5400
5324
5886
5660
5580
5620
5864
5360
7134
5864
5838
5522
5804
6130
5428
5794
5660
5974
6382
5718
5574
5674
6016
6344
5788
5660
5462
7088
5140
5696
5700
5910
5278
5494
5198
5308
5710
5294
5778
6402
6294
5582
5244
5912
5772
5926
5826
5520
5990
5652
5858
5440
5330
5666
5908
19360
5494
5282
6172
5740
5232
5804
5306
5380
5428
5756
5988
5292
6098
5250
5590
5258
6000
5626
5908
5316
8746
5406
6264
5278
5436
5632
5306
5416
5412
5296
5190
6254
5444
5322
5356
5268
