Latencies
5036
5036
5040
5046
5046
5050
5052
5052
5056
5058
5058
5064
5070
5070
5076
5078
5080
5082
5082
5084
5094
5096
5100
5100
5100
5102
5102
5102
5104
5104
5106
5106
5106
5110
5110
5110
5114
5116
5116
5116
5118
5120
5124
5128
5132
5132
5132
5134
5134
5134
5134
5136
5138
5138
5144
5146
5150
5150
5150
5152
5154
5154
5160
5162
5162
5162
5162
5166
5166
5168
5170
5170
5174
5174
5174
5174
5176
5178
5178
5178
5178
5178
5178
5178
5178
5180
5180
5180
5180
5182
5182
5182
5184
5186
5186
5186
5188
5188
5194
5194
5194
5194
5196
5196
5196
5198
5200
5202
5204
5204
5204
5206
5206
5208
5208
5208
5208
5208
5210
5210
5212
5212
5214
5214
5214
5214
5214
5214
5214
5216
5216
5216
5218
5218
5218
5218
5218
5218
5218
5220
5220
5220
5220
5220
5222
5222
5224
5224
5224
5224
5226
5228
5228
5228
5228
5230
5230
5230
5230
5230
5232
5232
5234
5234
5234
5234
5234
5236
5236
5236
5236
5236
5236
5238
5238
5240
5240
5240
5240
5242
5242
5242
5242
5242
5242
5244
5244
5244
5244
5244
5246
5246
5248
5248
5248
5250
5250
5250
5250
5250
5252
5252
5252
5252
5254
5254
5254
5254
5256
5256
5256
5256
5256
5258
5258
5258
5258
5258
5260
5260
5262
5262
5262
5264
5264
5264
5264
5268
5268
5268
5268
5268
5270
5270
5270
5270
5272
5272
5272
5274
5274
5274
5274
5274
5276
5276
5276
5276
5276
5278
5278
5280
5280
5280
5280
5282
5282
5282
5284
5284
5284
5284
5284
5284
5284
5286
5286
5286
5286
5286
5286
5286
5286
5288
5288
5288
5290
5290
5290
5292
5292
5292
5292
5292
5292
5292
5294
5294
5294
5294
5296
5296
5296
5298
5298
5298
5298
5300
5300
5300
5300
5300
5302
5302
5302
5302
5304
5304
5304
5304
5304
5304
5304
5306
5306
5306
5306
5308
5308
5308
5308
5308
5308
5308
5310
5310
5310
5310
5310
5312
5312
5312
5312
5314
5314
5316
5316
5316
5316
5316
5318
5318
5318
5318
5318
5318
5318
5320
5320
5322
5322
5324
5326
5326
5328
5328
5328
5330
5330
5330
5330
5332
5332
5332
5334
5334
5334
5336
5336
5338
5338
5342
5342
5344
5344
5346
5346
5346
5348
5350
5350
5352
5352
5356
5356
5358
5360
5360
5360
5360
5362
5362
5362
5364
5364
5364
5364
5364
5366
5366
5366
5366
5366
5366
5366
5366
5366
5368
5370
5372
5372
5372
5372
5372
5374
5374
5376
5376
5376
5378
5380
5382
5384
5392
5392
5394
5396
5396
5396
5396
5398
5398
5400
5400
5400
5404
5404
5404
5404
5404
5406
5408
5408
5408
5408
5410
5410
5410
5414
5416
5418
5418
5418
5418
5420
5422
5424
5424
5424
5424
5426
5428
5428
5432
5432
5432
5432
5432
5434
5436
5436
5438
5440
5440
5440
5444
5444
5444
5446
5446
5448
5450
5452
5452
5454
5454
5456
5456
5460
5462
5462
5464
5464
5464
5464
5464
5466
5466
5468
5468
5468
5470
5470
5470
5470
5472
5474
5474
5474
5476
5478
5482
5482
5484
5484
5488
5490
5492
5492
5492
5494
5496
5496
5498
5498
5502
5504
5506
5506
5508
5508
5510
5514
5514
5514
5514
5522
5522
5522
5522
5524
5526
5526
5526
5528
5530
5530
5534
5534
5534
5534
5536
5538
5540
5540
5542
5544
5546
5548
5548
5550
5552
5554
5556
5556
5558
5558
5560
5560
5562
5562
5566
5566
5568
5570
5574
5578
5580
5580
5582
5582
5582
5584
5584
5584
5586
5588
5590
5594
5594
5594
5594
5596
5598
5598
5600
5604
5606
5606
5606
5606
5610
5612
5612
5614
5616
5616
5622
5626
5626
5628
5634
5634
5636
5636
5638
5640
5640
5644
5646
5648
5650
5652
5652
5652
5654
5654
5656
5658
5658
5658
5658
5666
5670
5672
5672
5672
5674
5678
5678
5688
5688
5692
5694
5696
5700
5700
5700
5702
5702
5704
5704
5706
5710
5710
5712
5714
5716
5716
5716
5724
5724
5726
5730
5730
5732
5738
5738
5742
5742
5742
5748
5750
5750
5752
5754
5756
5760
5764
5768
5770
5772
5774
5782
5782
5784
5786
5786
5788
5788
5790
5792
5792
5798
5800
5800
5800
5804
5804
5808
5808
5810
5816
5816
5818
5828
5832
5836
5838
5838
5838
5840
5844
5850
5850
5854
5856
5858
5860
5860
5862
5864
5868
5868
5868
5868
5874
5876
5876
5876
5878
5882
5886
5886
5892
5892
5892
5894
5900
5900
5900
5900
5904
5904
5904
5912
5916
5922
5926
5932
5942
5942
5944
5946
5950
5950
5952
5958
5960
5962
5962
5966
5966
5974
5974
5978
5984
5988
5990
5994
5994
5994
5996
5998
6000
6000
6004
6006
6020
6020
6022
6024
6024
6032
6034
6036
6038
6042
6046
6048
6050
6050
6056
6060
6062
6064
6070
6074
6078
6086
6092
6098
6098
6104
6104
6104
6112
6112
6124
6132
6146
6148
6156
6156
6158
6166
6168
6168
6174
6184
6184
6196
6196
6200
6204
6206
6208
6222
6242
6282
6290
6308
6358
6358
6426
6434
6466
6560
6580
6592
6594
6612
6632
6648
6668
6684
6734
6764
6784
6786
6786
6796
6850
6854
6888
6898
6904
6936
7048
7080
7102
7122
7144
7192
7192
7208
7234
7238
7254
7270
7284
7294
7628
7800
7936
8040
8044
8342
8444
8618
9042
9134
9154
9280
9606
9686
9746
10052
10094
10126
10428
10588
10712
10716
10732
10734
10756
10892
11074
11130
11548
11560
11626
11790
12354
12458
12570
12896
13124
13206
13608
13678
13780
13932
14146
14396
14406
14600
14638
14730
14772
14958
14960
15044
15056
15136
15292
15324
15784
15942
16512
16606
16754
16806
16826
17306
17480
17748
18368
19678
20050
20364
20404
20522
20908
21186
21448
21842
22088
22262
22464
22522
22552
23270
23812
24364
24454
24704
26520
27002
28510
28552
28966
29464
30416
31752
32498
32602
32792
33642
35790
35866
36178
36474
36606
36930
36972
37828
40776
43692
44870
45580
52436
61700
