Latencies
5128
5136
5142
5154
5158
5160
5164
5166
5170
5170
5170
5170
5172
5172
5172
5174
5176
5178
5178
5178
5178
5180
5180
5180
5182
5182
5184
5186
5188
5188
5190
5190
5190
5194
5194
5196
5196
5200
5200
5202
5202
5202
5204
5204
5206
5208
5208
5208
5210
5212
5212
5212
5214
5214
5214
5214
5214
5214
5216
5216
5216
5216
5222
5222
5224
5224
5224
5226
5226
5228
5228
5228
5228
5228
5228
5230
5230
5230
5232
5232
5234
5234
5236
5236
5236
5240
5242
5242
5242
5242
5242
5244
5244
5244
5244
5244
5248
5248
5248
5248
5250
5250
5252
5252
5252
5252
5252
5254
5254
5254
5256
5256
5258
5258
5258
5258
5258
5260
5262
5262
5262
5262
5262
5264
5264
5264
5266
5266
5266
5266
5266
5268
5268
5270
5272
5272
5272
5274
5274
5274
5276
5276
5276
5276
5278
5278
5278
5278
5278
5278
5280
5280
5280
5280
5280
5280
5280
5282
5284
5284
5286
5286
5288
5290
5290
5292
5292
5292
5294
5296
5296
5296
5298
5300
5300
5304
5306
5306
5308
5310
5310
5312
5312
5312
5312
5312
5314
5314
5314
5316
5316
5316
5318
5318
5318
5318
5318
5320
5320
5320
5322
5322
5322
5322
5324
5324
5324
5324
5324
5326
5328
5328
5330
5332
5332
5334
5334
5334
5336
5336
5336
5338
5338
5338
5340
5340
5340
5340
5340
5342
5342
5342
5342
5344
5344
5344
5344
5344
5344
5344
5346
5346
5346
5348
5348
5348
5348
5348
5348
5350
5350
5352
5352
5352
5354
5354
5354
5356
5356
5356
5356
5356
5358
5358
5364
5364
5364
5364
5364
5366
5366
5366
5368
5368
5368
5368
5368
5368
5370
5370
5370
5370
5370
5372
5372
5372
5372
5372
5372
5374
5374
5374
5376
5376
5376
5376
5378
5378
5378
5380
5380
5382
5382
5382
5382
5382
5382
5384
5386
5386
5386
5388
5388
5388
5390
5390
5390
5392
5392
5392
5392
5394
5394
5394
5394
5396
5396
5398
5398
5398
5400
5400
5400
5402
5402
5402
5402
5404
5404
5404
5406
5406
5406
5408
5408
5408
5410
5410
5410
5410
5410
5412
5412
5414
5414
5416
5416
5416
5416
5416
5418
5418
5420
5422
5424
5424
5424
5426
5426
5426
5428
5428
5430
5430
5432
5432
5432
5432
5434
5436
5438
5438
5438
5440
5442
5444
5446
5446
5448
5448
5448
5448
5450
5450
5450
5450
5450
5450
5452
5452
5456
5458
5460
5460
5464
5464
5464
5464
5464
5466
5466
5468
5468
5468
5468
5468
5470
5470
5472
5472
5472
5472
5472
5472
5472
5474
5474
5474
5476
5476
5478
5480
5482
5484
5486
5488
5488
5488
5488
5490
5490
5492
5492
5492
5494
5494
5498
5498
5500
5500
5502
5502
5504
5504
5504
5504
5506
5508
5508
5510
5510
5512
5512
5514
5514
5516
5516
5520
5520
5522
5522
5524
5524
5526
5528
5528
5530
5530
5532
5534
5534
5536
5536
5536
5538
5538
5538
5538
5540
5540
5542
5544
5544
5546
5548
5548
5552
5554
5554
5554
5554
5554
5554
5556
5556
5558
5562
5564
5566
5568
5572
5574
5576
5578
5578
5580
5580
5582
5582
5586
5590
5590
5594
5596
5596
5598
5600
5600
5602
5602
5604
5604
5606
5612
5620
5624
5626
5626
5626
5628
5630
5632
5634
5636
5636
5638
5638
5640
5644
5648
5648
5650
5650
5650
5650
5652
5654
5656
5656
5658
5658
5660
5664
5664
5664
5664
5666
5666
5666
5668
5670
5670
5676
5676
5678
5680
5682
5688
5688
5690
5690
5690
5692
5692
5692
5692
5692
5694
5694
5696
5696
5704
5704
5708
5716
5716
5718
5722
5722
5728
5728
5730
5730
5736
5736
5740
5744
5750
5750
5752
5760
5760
5762
5766
5770
5772
5772
5772
5776
5778
5778
5780
5788
5788
5796
5796
5798
5798
5800
5800
5802
5804
5808
5812
5814
5816
5820
5820
5822
5826
5830
5834
5834
5834
5836
5836
5840
5840
5850
5850
5858
5860
5860
5860
5862
5862
5866
5866
5866
5870
5870
5872
5872
5882
5882
5888
5888
5888
5890
5892
5892
5894
5894
5894
5896
5896
5898
5902
5902
5902
5906
5908
5908
5910
5916
5918
5918
5918
5920
5926
5928
5930
5932
5932
5934
5934
5936
5936
5938
5946
5946
5948
5952
5952
5954
5958
5962
5962
5968
5968
5980
5984
5992
5994
5994
5996
6000
6012
6012
6022
6028
6030
6032
6036
6040
6042
6044
6044
6052
6052
6068
6068
6080
6092
6094
6100
6100
6102
6108
6110
6112
6116
6126
6128
6134
6138
6142
6142
6146
6150
6158
6158
6164
6176
6176
6176
6180
6180
6184
6184
6186
6188
6188
6194
6200
6206
6208
6214
6216
6216
6220
6222
6222
6238
6242
6248
6248
6250
6254
6256
6262
6264
6266
6268
6272
6278
6282
6288
6292
6322
6332
6336
6344
6366
6366
6374
6380
6384
6406
6414
6420
6448
6450
6452
6482
6488
6550
6600
6678
6682
6694
6772
6804
6834
6836
6844
6852
6872
6874
6884
6890
6902
6954
6976
7046
7252
7262
7396
7632
7692
7768
7990
8196
8248
8286
8358
8450
8478
8818
8830
8868
8974
9152
9198
9240
9324
9364
9374
9500
10258
10476
10510
10694
10806
10838
11036
11146
11158
11282
11344
11376
11446
11464
11516
11562
11688
12096
12158
12164
12176
12678
12852
13830
13858
13992
14006
14168
14294
14466
14566
14612
14640
14692
14982
15004
15052
15260
15586
15626
16110
16352
16576
16934
17268
17476
17698
17804
18180
18658
18944
19050
19156
19770
19776
20408
20676
20742
22070
22902
23166
23680
24548
24618
24926
25112
25612
25652
25662
25836
26216
26514
26752
27012
27072
27200
28674
28710
29266
29384
29452
30026
30430
30904
31732
31760
32256
33248
34468
34766
35614
35792
35798
36032
37554
38662
38732
43560
44880
48546
61896
