Latencies
4982
5000
5012
5012
5014
5016
5018
5018
5020
5028
5046
5048
5048
5048
5050
5050
5052
5054
5060
5062
5064
5070
5070
5070
5072
5076
5078
5082
5084
5086
5092
5094
5100
5106
5110
5114
5114
5116
5118
5118
5120
5120
5122
5122
5126
5126
5132
5132
5134
5134
5136
5136
5138
5140
5142
5142
5142
5144
5144
5146
5146
5148
5148
5148
5148
5148
5150
5150
5150
5150
5152
5154
5154
5156
5156
5158
5160
5160
5160
5162
5162
5164
5164
5166
5168
5168
5168
5168
5170
5170
5170
5172
5172
5172
5172
5174
5176
5178
5180
5180
5182
5182
5182
5182
5184
5184
5184
5184
5184
5184
5184
5186
5188
5188
5190
5190
5190
5190
5190
5190
5190
5190
5192
5192
5194
5194
5196
5196
5198
5200
5200
5200
5202
5202
5202
5202
5204
5206
5206
5206
5206
5206
5208
5208
5208
5208
5208
5208
5210
5210
5210
5210
5212
5212
5212
5214
5214
5214
5214
5214
5216
5216
5216
5216
5218
5218
5218
5218
5218
5218
5218
5218
5218
5220
5220
5220
5220
5220
5220
5222
5222
5222
5222
5224
5224
5226
5226
5226
5228
5228
5228
5228
5230
5230
5230
5230
5230
5230
5230
5230
5232
5232
5232
5232
5234
5234
5234
5234
5234
5234
5234
5236
5236
5238
5238
5238
5238
5238
5240
5240
5240
5240
5240
5240
5240
5240
5240
5240
5242
5242
5242
5244
5244
5246
5246
5246
5246
5248
5248
5248
5248
5248
5248
5248
5248
5250
5250
5250
5250
5250
5250
5252
5252
5254
5254
5254
5254
5254
5254
5254
5254
5256
5256
5256
5256
5256
5256
5256
5258
5258
5258
5260
5260
5260
5260
5260
5262
5262
5264
5264
5264
5264
5266
5266
5266
5266
5266
5268
5268
5268
5268
5268
5270
5270
5272
5272
5272
5272
5274
5274
5274
5274
5274
5274
5276
5276
5276
5278
5278
5278
5278
5280
5280
5282
5282
5282
5284
5286
5286
5286
5286
5286
5288
5288
5288
5290
5290
5290
5292
5294
5294
5296
5296
5296
5298
5298
5300
5302
5304
5304
5304
5306
5306
5306
5306
5306
5306
5308
5308
5310
5310
5310
5312
5312
5312
5312
5316
5318
5318
5320
5322
5324
5324
5326
5326
5326
5328
5328
5330
5332
5334
5334
5334
5334
5334
5334
5334
5336
5336
5336
5338
5338
5338
5338
5340
5340
5340
5342
5342
5342
5342
5344
5344
5344
5346
5346
5348
5348
5348
5350
5350
5352
5354
5356
5356
5356
5360
5360
5362
5364
5366
5366
5366
5368
5368
5372
5374
5376
5376
5378
5378
5380
5380
5380
5380
5382
5384
5384
5384
5384
5386
5386
5386
5386
5386
5386
5388
5388
5388
5388
5390
5390
5392
5392
5392
5394
5394
5396
5398
5398
5398
5398
5402
5406
5408
5408
5408
5408
5410
5412
5412
5416
5416
5418
5418
5420
5422
5422
5424
5426
5428
5430
5430
5430
5432
5434
5436
5436
5438
5438
5438
5438
5440
5440
5440
5440
5446
5450
5450
5450
5454
5454
5456
5456
5462
5464
5464
5466
5466
5466
5466
5468
5468
5470
5472
5474
5476
5480
5480
5480
5480
5484
5484
5486
5488
5488
5492
5494
5502
5504
5504
5504
5506
5506
5506
5506
5508
5510
5512
5514
5514
5516
5516
5516
5518
5520
5522
5522
5524
5526
5526
5526
5526
5528
5530
5530
5532
5534
5536
5536
5536
5538
5538
5538
5540
5540
5544
5546
5552
5558
5560
5560
5562
5562
5562
5572
5574
5576
5578
5580
5580
5582
5584
5584
5584
5586
5588
5588
5588
5590
5592
5594
5594
5594
5596
5602
5610
5614
5614
5618
5620
5620
5624
5624
5630
5634
5634
5638
5642
5648
5650
5650
5658
5664
5664
5664
5668
5670
5674
5676
5676
5676
5676
5676
5678
5682
5682
5686
5690
5692
5692
5698
5702
5704
5704
5706
5720
5722
5724
5724
5728
5730
5732
5732
5732
5734
5734
5736
5736
5738
5738
5746
5746
5748
5750
5750
5752
5758
5760
5762
5766
5766
5774
5778
5778
5778
5780
5786
5788
5790
5790
5794
5794
5796
5802
5802
5804
5806
5808
5810
5812
5812
5812
5816
5818
5822
5826
5828
5830
5830
5832
5834
5834
5834
5836
5836
5838
5846
5850
5854
5856
5856
5858
5860
5860
5862
5866
5868
5868
5870
5870
5872
5878
5880
5882
5892
5892
5892
5892
5892
5896
5898
5898
5900
5918
5920
5924
5926
5930
5932
5932
5934
5936
5940
5944
5952
5952
5956
5958
5962
5966
5966
5970
5980
5982
5984
5984
5986
5988
5988
5990
5992
5998
6000
6000
6002
6004
6012
6012
6018
6020
6020
6020
6030
6032
6032
6034
6040
6050
6054
6060
6062
6066
6086
6086
6090
6092
6102
6110
6110
6114
6116
6116
6118
6128
6128
6144
6152
6156
6178
6182
6200
6206
6214
6234
6234
6254
6256
6280
6282
6292
6298
6302
6310
6378
6380
6384
6430
6444
6450
6480
6520
6664
6674
6700
6864
6934
7168
7478
7578
7610
7620
7744
7812
8042
8152
8186
8264
8266
8366
8438
8708
9108
9672
9774
9932
10006
10040
10220
10734
10838
10842
10892
11206
11354
11552
11560
11746
11926
12028
12116
12150
12724
12850
14492
15300
15924
16052
16114
16356
16464
16546
16666
16730
17232
17540
18156
18404
18632
18834
19244
19432
19616
19650
19900
20222
20992
21628
22308
22718
23212
23366
23532
24052
24220
24712
24816
25024
25156
25196
25210
25304
26362
26464
26822
27510
27856
28206
29646
29954
30830
31180
32716
33538
34756
35064
35464
36000
37854
38310
39064
43446
60028
63826
75328
