Latencies
5576
5670
5686
5702
5734
5738
5782
5794
5816
5962
6008
6030
6064
6068
6110
6178
6248
6310
6646
6712
6804
6854
7000
7168
7230
7382
7530
7578
7600
7622
7648
7992
8196
8454
8730
8824
9184
9350
9444
9950
10098
10260
10336
10436
10550
10872
11100
11334
11466
11598
11780
12002
12590
12974
13022
13578
14434
14542
14604
14636
14670
14718
14728
14776
14784
14786
14862
14866
14876
14886
14910
14910
14928
14954
15004
15016
15104
15110
15154
15174
15174
15218
15220
15262
15296
15428
15548
15552
15560
15586
15586
15602
15608
15730
15804
15930
16046
16118
16428
16434
16466
16512
16864
16886
16900
17186
17386
17518
17536
17546
17716
17800
17900
17934
18072
18156
18234
18252
18556
18724
18800
18944
19228
19264
19288
19384
19486
19674
19704
19806
19824
20056
20116
20202
20300
20354
20406
20422
20514
20556
20556
20600
20638
20690
20814
20908
20952
21102
21244
21246
21292
21458
21508
21564
21662
21868
21922
21974
21982
21998
22286
22330
22470
22588
22598
22600
22672
22710
22742
22834
22850
23286
23336
23458
23566
23666
23698
23820
23876
23968
24036
24058
24090
24092
24118
24164
24170
24234
24266
24282
24286
24316
24326
24496
24602
24660
24666
24694
24796
24824
24826
24830
24836
24874
24878
24890
24930
24954
25000
25042
25200
25256
25262
25292
25404
25442
25504
25506
25584
25590
25648
25676
25880
25882
25928
25940
25992
26008
26024
26088
26200
26210
26296
26344
26434
26444
26450
26522
26668
26686
27044
27048
27208
27298
27418
27600
27660
27706
27862
27948
28196
28298
28396
28440
28458
28508
28524
28562
28604
28786
28806
28840
29558
29580
29612
29674
29692
29754
29776
29804
29878
30116
30120
30136
30136
30258
30258
30522
30604
30840
30842
31006
31050
31286
31318
31424
31462
31498
31530
31592
31642
31682
31742
31758
31840
31872
31872
31912
31936
32248
32318
32346
32436
32440
32454
32488
32558
32692
32712
32806
32864
32876
33042
33204
33234
33300
33320
33340
33382
33454
33464
33528
33544
33616
33668
33698
33798
33808
33812
33816
33824
33892
33922
33940
33948
33952
33954
33972
33972
33980
33988
34008
34010
34020
34020
34026
34034
34046
34046
34060
34066
34066
34076
34118
34120
34132
34144
34164
34170
34182
34194
34200
34208
34218
34220
34220
34226
34254
34258
34262
34266
34286
34290
34320
34320
34328
34348
34356
34366
34370
34378
34382
34386
34394
34396
34404
34426
34436
34438
34454
34454
34458
34462
34464
34468
34472
34476
34486
34488
34492
34502
34504
34508
34512
34522
34528
34532
34546
34548
34600
34604
34612
34616
34616
34626
34626
34634
34644
34660
34660
34662
34676
34676
34676
34678
34680
34690
34708
34714
34718
34732
34732
34736
34736
34742
34766
34772
34782
34790
34794
34806
34818
34834
34854
34856
34858
34864
34866
34888
34892
34912
34914
34914
34920
34934
34946
34966
34986
34996
35006
35012
35028
35028
35042
35042
35050
35092
35096
35104
35112
35150
35160
35172
35184
35208
35222
35250
35252
35274
35280
35292
35316
35420
35420
35436
35438
35444
35452
35506
35580
35592
35596
35612
35644
35662
35744
35818
35826
36044
36056
36084
36106
36186
36382
36624
36626
36634
36656
36660
36698
36750
36780
36806
36832
37102
37132
37310
37314
37462
37466
37494
37508
37520
37604
37654
37834
38436
38548
38912
38916
39704
39864
39874
40040
40094
40892
41022
41478
41556
41982
42034
42078
42290
42498
42710
42780
42830
42900
42914
43018
43514
43530
43662
43852
43910
43934
43984
44280
44294
44400
44442
44506
44516
44544
44576
44586
44600
44614
44638
44672
44738
44852
44880
44888
44956
45036
45138
45206
45298
45318
45500
45538
45664
45670
45708
45710
45722
45724
45850
45962
45998
46028
46066
46148
46192
46252
46278
46286
46394
46460
46460
46588
46734
46742
46994
47000
47080
47236
47380
47570
48138
48140
48336
48392
48420
48444
48626
48630
48638
48906
48932
48956
49052
49112
49208
49212
49302
49524
49674
50268
50414
51102
51800
52032
52406
52432
52526
52678
52896
52976
53130
53150
53168
53238
53334
53336
53384
53384
53392
53474
53496
53500
53550
53580
53592
53616
53616
53636
53644
53648
53674
53686
53688
53690
53702
53716
53716
53728
53744
53746
53776
53788
53800
53816
53816
53818
53828
53834
53836
53844
53854
53854
53902
53902
53918
53946
53948
53950
53952
53960
53966
53982
53982
53984
53996
54008
54008
54010
54010
54014
54030
54056
54064
54066
54068
54084
54090
54094
54100
54108
54162
54162
54174
54176
54186
54228
54232
54232
54240
54256
54258
54260
54290
54306
54308
54324
54324
54348
54392
54394
54396
54434
54440
54460
54474
54486
54522
54532
54552
54566
54570
54570
54586
54664
54664
54712
54752
54762
54768
54770
54778
54862
54874
54908
54948
54956
54958
54966
54984
54988
54996
55100
55108
55174
55188
55236
55312
55330
55346
55398
55452
55452
55554
55584
55586
55588
55590
55612
55640
55868
55870
55876
55916
55918
55968
56050
56060
56200
56472
56534
56546
56566
56584
56596
56804
56840
56900
56944
56950
57268
57308
57310
57346
57470
57542
57658
57756
57758
57836
57876
58984
59216
59404
59458
59774
60122
60170
60470
60842
60860
61316
61550
61658
61912
62028
62432
62712
62822
63340
63586
63894
64004
64414
65026
65140
65670
65844
66124
66388
66424
66634
67256
70540
70622
71198
71270
71506
71548
71934
71940
72000
72424
72464
72754
72774
72904
72918
72944
72950
72998
73028
73066
73084
73102
73130
73204
73234
73276
73288
73300
73302
73322
73346
73370
73410
73412
73422
73424
73446
73446
73458
73494
73500
73510
73522
73540
73562
73564
73584
73608
73658
73660
73668
73724
73736
73766
73828
73834
73888
73908
73920
73942
73960
73974
73982
74000
74020
74046
74062
74100
74108
74166
74234
74248
74264
74328
74364
74440
74550
74696
75124
75338
75610
75770
75834
77272
77272
81708
82354
83258
84136
84418
90178
90708
92262
92894
93116
94114
94676
102658
107772
135402
158832
370952
727602
1650986
1866386
4827018
12222090
16150594
39165046
49730208
