Latencies
5184
5198
5236
5244
5278
5284
5300
5302
5302
5308
5320
5322
5340
5344
5352
5358
5362
5364
5368
5370
5372
5376
5384
5392
5392
5398
5404
5404
5406
5406
5408
5412
5412
5426
5434
5440
5446
5454
5464
5464
5466
5484
5486
5492
5492
5496
5498
5500
5502
5504
5520
5520
5520
5526
5528
5538
5538
5544
5550
5552
5556
5556
5558
5564
5564
5568
5600
5634
5642
5650
5682
5684
5746
5750
5758
5764
5782
5812
5820
5840
5846
5852
5854
5860
5866
5866
5866
5878
5888
5888
5890
5924
5926
5968
5970
5982
6008
6008
6010
6018
6024
6036
6038
6052
6092
6100
6128
6136
6204
6218
6224
6250
6280
6316
6322
6338
6360
6416
6454
6466
6474
6500
6514
6516
6540
6560
6598
6640
6670
6724
6726
6732
6742
6814
6830
6846
6850
6856
6888
6908
6922
6942
7168
7214
7294
7338
7364
7490
7520
7556
7560
7566
7684
7686
7816
7828
7830
7836
7858
7912
8008
8044
8110
8176
8234
8440
8444
8450
8572
8636
8642
8666
8692
8736
8740
8752
8782
8824
8876
8918
8948
8988
8992
9168
9204
9218
9268
9276
9324
9356
9384
9396
9468
9624
9624
9642
9666
9758
9792
9864
9904
9938
10074
10210
10214
10314
10368
10404
10476
10536
10600
10638
10648
10748
10930
11018
11068
11168
11186
11222
11276
11318
11360
11664
11668
11712
11784
11800
11906
11928
11940
11948
11992
12040
12152
12230
12278
12326
12346
12410
12412
12482
12490
12496
12550
12562
12648
12656
12748
12758
12766
12816
12820
12840
12980
12988
13042
13046
13076
13154
13276
13288
13346
13370
13386
13452
13460
13470
13604
13850
13872
13894
14008
14024
14064
14076
14116
14140
14234
14240
14334
14336
14350
14394
14424
14468
14482
14490
14494
14500
14524
14526
14562
14570
14578
14584
14584
14588
14596
14630
14646
14654
14656
14660
14660
14664
14676
14678
14680
14698
14706
14724
14730
14736
14746
14748
14750
14752
14756
14756
14760
14768
14768
14776
14802
14802
14832
14834
14838
14840
14858
14860
14862
14864
14864
14868
14870
14872
14876
14880
14892
14910
14916
14916
14916
14924
14930
14932
14932
14932
14934
14936
14946
14948
14948
14952
14962
14970
14970
14970
14976
14980
14984
14988
14988
14988
14992
14992
14992
14994
14994
14996
14998
15000
15004
15006
15010
15020
15024
15026
15030
15034
15036
15040
15046
15048
15062
15070
15074
15074
15078
15088
15090
15092
15096
15096
15096
15096
15100
15100
15100
15104
15104
15106
15110
15112
15114
15126
15128
15130
15132
15132
15146
15146
15150
15152
15158
15162
15168
15170
15172
15176
15176
15178
15182
15184
15186
15190
15194
15194
15216
15218
15220
15224
15228
15234
15234
15246
15254
15258
15258
15260
15264
15268
15268
15272
15274
15282
15282
15286
15286
15308
15310
15312
15322
15340
15344
15364
15370
15370
15374
15376
15386
15392
15392
15392
15396
15410
15416
15428
15432
15434
15436
15438
15444
15444
15450
15456
15460
15468
15470
15470
15472
15474
15474
15486
15488
15500
15504
15506
15508
15516
15526
15556
15558
15566
15580
15604
15606
15606
15656
15658
15662
15666
15686
15730
15742
15758
15772
15784
15828
15832
15844
15854
15882
15882
15966
15990
15992
16016
16018
16036
16054
16064
16142
16272
16280
16364
16408
16418
16428
16506
16588
16702
16840
16910
16928
17220
17228
17280
17354
17392
17606
17674
17708
17862
17952
18046
18136
18214
18306
18352
18392
18408
18412
18580
18674
18694
18812
18982
19026
19264
19310
19312
19380
19610
19640
19696
19728
19852
19856
19866
19966
20138
20148
20154
20400
20402
20560
20596
20928
20956
21064
21076
21080
21234
21310
21332
21618
21682
21758
21766
21782
21832
22012
22066
22072
22124
22238
22362
22530
22658
22676
22714
22770
22926
23006
23186
23344
23352
23386
23394
23538
23546
23576
23610
23618
23736
23800
23822
23840
23840
23852
23922
24038
24058
24066
24162
24246
24280
24284
24286
24294
24306
24342
24348
24352
24482
24500
24522
24540
24552
24578
24584
24602
24630
24634
24772
24786
24898
24912
25056
25100
25112
25120
25132
25290
25342
25378
25456
25532
25550
25560
25632
25744
25746
25782
25814
25900
25916
26042
26050
26116
26254
26284
26320
26340
26542
26608
26626
26642
26726
26834
26916
26986
27000
27042
27092
27160
27194
27200
27360
27384
27388
27432
27718
27730
27892
28026
28182
28290
28304
28306
28336
28908
29000
29028
29046
29412
29450
29652
29780
29824
29978
30094
30294
30298
30312
30436
30742
30970
30988
31008
31102
31124
31148
31284
31344
31418
31466
31692
31764
31882
31934
32006
32036
32194
32316
32388
32524
32586
32654
32660
32762
32770
32792
32858
32900
32932
33462
33468
33516
33628
33692
33738
33878
33966
33974
34014
34034
34036
34038
34038
34070
34074
34076
34098
34098
34128
34160
34166
34168
34174
34192
34196
34200
34202
34246
34248
34254
34260
34266
34272
34274
34274
34276
34278
34284
34286
34310
34316
34324
34334
34336
34352
34358
34358
34358
34360
34386
34396
34400
34402
34404
34408
34414
34426
34428
34430
34430
34438
34460
34460
34466
34466
34468
34472
34494
34494
34496
34504
34506
34508
34508
34510
34512
34524
34526
34526
34528
34528
34532
34534
34544
34544
34544
34548
34548
34558
34562
34568
34568
34570
34570
34572
34574
34578
34580
34588
34588
34590
34606
34608
34608
34610
34610
34610
34610
34610
34614
34628
34632
34640
34640
34640
34642
34642
34644
34644
34648
34648
34652
34654
34658
34670
34676
34678
34684
34684
34688
34690
34692
34700
34702
34710
34710
34712
34714
34714
34718
34718
34718
34728
34732
34732
34746
34752
34770
34770
34772
34774
34776
34784
34786
34800
34802
34810
34812
34814
34814
34814
34820
34820
34822
34830
34830
34848
34852
34860
34878
34880
34894
34910
34910
34914
34948
34950
34952
34960
34970
34970
35016
35022
35030
35034
35040
35072
35072
35082
35118
35126
35138
35148
35150
35150
35152
35176
35188
35244
35278
35280
35284
35314
35544
35550
35568
35602
35610
35788
35800
35832
35912
36094
36096
36096
36286
36392
36512
37170
38434
40650
42212
42766
43018
43534
43652
43852
43928
44346
44348
44394
44866
44900
47252
52742
53918
54796
54878
59836
81280
83010
89562
137582
251168
385744
439312
810664
888342
1347976
2796108
