Latencies
25084
6700
15238
5886
5418
5752
5796
6456
10400
11816
7014
12900
5740
11406
6322
14414
10800
6812
24292
5518
14720
15046
15048
8290
13126
5916
12890
24460
13342
7048
8880
5742
6320
5396
6288
5942
5524
6144
14264
15916
15260
14944
14342
6228
5428
7900
8416
8516
10620
12518
14750
9288
11858
12238
24496
14698
15390
15054
14640
14846
7076
11768
15282
14996
8426
5800
5574
5736
5590
7068
15844
14030
14946
15138
14372
14902
14338
6498
11074
9888
6620
15134
13972
14528
14614
14648
14942
14820
12006
7624
9236
7000
13688
13022
15076
15174
13540
14732
11170
8130
11844
14004
14734
12388
10516
12978
15596
14220
6676
6202
5986
6804
6058
5646
15164
15308
11782
11622
24322
5560
14410
14758
14896
15084
15098
15010
15780
15288
14784
14464
15462
14612
14964
14750
15246
15206
15128
15322
14968
14986
15028
14796
15302
13600
15466
15220
11414
10184
6088
25226
5820
14212
15408
14624
14968
15370
15488
15482
14730
15120
5792
5714
5430
5422
14554
12568
24042
14338
14742
14330
6334
5628
6218
5612
5580
7772
5496
5576
13118
7774
13818
14374
8188
6284
14810
14492
15488
14814
14934
14800
14800
14784
14720
14444
14770
14642
14906
15486
14796
14968
14900
14792
15304
7436
5910
13744
210722
24930
15036
14284
15328
14928
14774
15058
16058
14938
6888
10774
13434
14652
12604
10820
7196
7680
5604
5760
5624
5606
5580
5580
6096
5556
66410
6276
5418
6120
5532
12426
6638
7082
5600
6046
5632
5478
5658
6258
5588
5626
6012
5598
5614
5538
5462
6362
6294
5496
11526
5456
5650
14334
14274
14360
9486
7250
15208
9972
14996
14286
7946
5902
11236
13876
11500
7824
11262
13032
12356
9320
14012
11534
14130
14650
15744
24480
13144
11078
6698
14510
5748
6090
6058
6086
5672
5424
5522
6190
5912
5616
5614
11132
15534
14684
15458
14476
12246
8704
9116
7646
14488
14312
7396
15172
6114
10118
7040
7534
8048
9184
10708
14364
13642
8608
14744
15326
5430
14082
5454
7126
12500
9682
9868
6780
8298
5424
13700
11892
9082
6150
14032
9978
12346
7436
5412
5556
24518
5514
14446
15466
15180
14564
14604
14700
14532
14284
11234
15108
13496
7074
9988
24894
14672
15174
14546
14968
14738
14978
15016
15030
15020
14746
14980
15018
8226
9288
14954
5878
5482
5882
6000
6018
5906
5936
6084
6442
5864
5716
5680
10478
5642
13060
6836
25276
14848
14250
14974
14772
15506
14688
15144
14772
14718
14886
15300
15084
14490
11286
26570
14308
12990
13836
6516
6600
6040
5836
5466
5646
5694
5466
5602
5542
11726
12072
6570
6450
8982
5716
24446
14870
15182
13054
14512
6280
13966
6364
13448
8300
11082
6734
6630
6448
7974
10430
8784
14120
7426
14440
6514
8262
8286
45718
14274
5576
5926
12368
15358
10042
7172
16082
12126
8388
5616
5684
9376
14524
6020
5510
5752
8182
10104
17700
14168
7252
10026
15202
9036
13138
5996
5414
5712
12904
14934
6732
6520
12060
14124
9366
37812
14346
8464
15380
7890
11902
24984
12796
12464
6552
7820
10508
24210
13706
14462
15404
14452
9916
7816
9820
14658
12516
6280
8074
10330
8988
14592
9880
6698
5618
6836
7198
11922
7260
5570
5464
5600
5564
7506
5704
8852
8550
13236
9732
6146
9674
14796
7724
14680
13210
10850
12458
7714
6846
14010
6132
7054
11818
6274
7418
7906
12778
15116
20208
6144
14964
15928
11194
5892
9138
8330
14080
14972
14796
14368
14994
15232
15586
15282
15288
15398
15038
15344
14546
9880
11402
7774
6802
13676
11032
5498
5746
5722
5914
6492
6132
14010
9514
12730
6788
5408
6466
5672
6330
5954
6074
5380
6236
14818
12298
11434
6182
24324
15254
15116
14576
15024
15386
15342
16184
10326
15692
8252
13890
13040
11522
5446
13930
11944
8232
15282
10016
6842
11270
7970
13236
10466
23976
13686
22892
14532
5572
5884
5842
6042
7334
15692
14560
15030
14724
14998
12976
10214
10854
12226
23820
6042
15056
15062
14894
15396
8018
24622
15418
14424
14562
14718
15592
15242
15118
14970
14828
15450
15696
14884
15158
15186
14680
15008
14870
15116
14806
15430
15888
15044
15404
14724
15418
15336
14720
14876
14954
15376
15556
15480
15380
14864
15880
14838
15706
15178
16000
16124
14784
15686
15684
11476
7030
5702
5518
5506
5602
15132
8734
12608
12680
15014
14504
15114
42064
5820
14506
15076
6984
721412
9850
14260
15766
13464
6174
5848
7284
5518
5526
6406
7846
12498
7514
7444
14282
8724
12266
5778
15808
7564
15308
5612
8632
7878
7178
8590
10686
7896
5970
14146
9490
15370
6058
6840
13850
15122
5522
15280
7152
5464
15288
14762
14524
15754
15608
15020
15402
5696
10238
11712
5754
11690
7874
14046
6298
6998
5788
6532
5906
5830
6524
9426
6196
13032
8316
7936
7076
11408
13954
13456
13706
9160
13304
12528
7844
12784
14118
15474
7562
9916
13296
6388
15710
14666
15486
15198
14938
14798
15226
14800
13964
14042
7920
12918
5884
10252
12064
14522
11064
9706
5660
6684
14644
6074
5478
6038
11118
7554
5630
14580
7768
5494
5448
5616
10042
8580
13428
14188
7660
9078
10010
11022
10352
6070
11034
14048
6090
5668
5670
5592
5990
6744
5526
6258
7308
15900
11314
6646
5860
5618
5614
5592
8452
14222
11488
10252
10982
13280
6588
8894
11966
6658
5776
8628
5844
5434
5870
14486
9352
8436
14740
10446
12698
7838
7754
12888
9556
10114
8126
13030
12622
13050
15460
14744
15538
14714
15236
15150
13292
6718
13876
14608
6024
6140
14404
11380
7924
10000
5586
7034
5934
8880
10028
12644
10266
6642
14692
9152
7086
8560
7786
13728
13006
5616
5570
5864
8540
15448
14854
14954
14854
14842
7596
23862
13926
14334
6478
11150
14864
14512
14428
15482
14712
13374
14782
15048
12908
12774
7450
25508
6136
14306
8262
7940
9446
15362
23554
9702
10184
14966
13300
6452
13234
23694
14926
6000
6228
6510
6950
8176
5746
5590
24288
11962
15524
14792
15052
14796
10060
8980
182030
9258
5986
5598
5866
6048
6204
6392
5370
5628
5318
5634
13040
23952
7262
10422
14274
14936
15454
11850
5470
9456
9780
13468
9440
13270
9910
7488
11426
