Latencies
5162
5172
5180
5188
5190
5202
5202
5208
5212
5216
5224
5228
5228
5234
5236
5240
5240
5242
5244
5244
5246
5246
5248
5250
5252
5260
5262
5270
5270
5272
5274
5276
5276
5278
5284
5286
5290
5290
5290
5290
5292
5292
5294
5294
5296
5298
5298
5300
5302
5306
5308
5308
5310
5312
5312
5314
5316
5316
5320
5322
5324
5326
5326
5326
5326
5328
5330
5330
5332
5334
5334
5334
5334
5336
5336
5338
5338
5340
5340
5340
5340
5340
5340
5342
5344
5344
5346
5346
5346
5346
5348
5348
5348
5350
5354
5354
5356
5358
5358
5358
5358
5358
5360
5360
5362
5362
5362
5362
5362
5362
5364
5364
5366
5366
5366
5366
5366
5368
5368
5368
5368
5370
5372
5372
5372
5374
5374
5374
5376
5376
5376
5376
5376
5378
5378
5380
5382
5382
5384
5384
5384
5384
5386
5386
5388
5388
5388
5388
5388
5390
5390
5390
5392
5392
5392
5394
5394
5394
5396
5396
5396
5396
5396
5398
5398
5398
5398
5398
5398
5398
5398
5400
5400
5400
5400
5400
5400
5400
5402
5404
5406
5406
5406
5406
5406
5406
5408
5408
5408
5408
5408
5408
5410
5412
5412
5412
5414
5414
5414
5414
5414
5414
5416
5416
5416
5416
5416
5418
5418
5418
5420
5420
5420
5420
5420
5422
5422
5422
5422
5422
5422
5422
5422
5422
5424
5424
5424
5424
5424
5426
5426
5426
5428
5428
5428
5428
5428
5428
5428
5430
5432
5432
5432
5432
5434
5434
5434
5434
5434
5434
5434
5436
5438
5438
5438
5440
5440
5440
5442
5442
5442
5442
5442
5442
5444
5444
5444
5444
5446
5446
5446
5446
5446
5448
5450
5450
5450
5452
5452
5452
5454
5454
5454
5454
5454
5456
5456
5456
5458
5458
5458
5458
5460
5460
5460
5460
5460
5462
5462
5464
5464
5464
5464
5464
5464
5466
5466
5468
5468
5468
5468
5472
5472
5472
5472
5472
5474
5476
5476
5478
5478
5478
5480
5482
5482
5482
5482
5482
5482
5484
5484
5484
5484
5484
5486
5486
5486
5488
5488
5488
5488
5488
5488
5490
5492
5492
5492
5492
5494
5494
5494
5494
5496
5496
5496
5496
5498
5498
5498
5498
5500
5502
5502
5504
5504
5504
5504
5504
5506
5506
5506
5506
5506
5508
5508
5508
5510
5510
5510
5512
5512
5514
5514
5514
5516
5516
5516
5518
5518
5518
5518
5520
5520
5520
5522
5526
5526
5526
5526
5526
5526
5528
5530
5530
5530
5530
5530
5532
5532
5534
5534
5536
5536
5536
5538
5538
5538
5538
5538
5540
5540
5542
5542
5542
5542
5542
5542
5544
5544
5544
5546
5546
5546
5546
5546
5548
5548
5548
5548
5548
5550
5554
5554
5556
5556
5556
5556
5558
5558
5558
5558
5558
5558
5558
5560
5560
5562
5562
5562
5564
5564
5564
5566
5566
5568
5570
5570
5570
5572
5574
5574
5574
5574
5576
5576
5576
5580
5580
5580
5582
5582
5582
5586
5586
5586
5586
5586
5586
5588
5588
5588
5588
5588
5588
5588
5590
5592
5592
5594
5594
5596
5598
5598
5598
5598
5598
5602
5602
5602
5604
5604
5604
5604
5604
5606
5610
5612
5614
5616
5618
5618
5618
5620
5624
5624
5626
5626
5628
5628
5628
5630
5632
5636
5638
5638
5638
5642
5642
5642
5644
5646
5646
5646
5648
5650
5652
5654
5654
5658
5658
5664
5666
5668
5674
5676
5680
5680
5682
5684
5684
5688
5688
5696
5696
5696
5696
5696
5696
5698
5698
5698
5702
5702
5702
5706
5706
5708
5710
5712
5712
5716
5718
5718
5720
5722
5722
5722
5722
5724
5724
5726
5726
5728
5730
5732
5732
5734
5738
5740
5740
5744
5752
5754
5754
5756
5756
5756
5758
5760
5760
5764
5764
5768
5770
5772
5774
5774
5784
5790
5792
5794
5794
5796
5796
5798
5798
5802
5804
5806
5806
5808
5810
5812
5812
5812
5818
5822
5822
5822
5826
5832
5832
5834
5834
5838
5840
5840
5840
5842
5842
5842
5850
5852
5856
5858
5858
5860
5860
5860
5862
5862
5870
5872
5872
5874
5882
5882
5882
5882
5886
5890
5892
5896
5898
5904
5906
5910
5914
5916
5920
5920
5926
5926
5926
5928
5930
5940
5946
5948
5950
5950
5950
5950
5952
5954
5954
5956
5958
5960
5966
5968
5970
5972
5976
5982
5982
5982
5984
5986
5988
5988
5992
5992
5992
5994
5994
5996
5998
6002
6002
6004
6004
6006
6008
6010
6010
6012
6012
6014
6014
6014
6020
6020
6020
6022
6024
6026
6028
6030
6032
6034
6036
6038
6040
6040
6042
6042
6042
6050
6052
6056
6056
6056
6058
6058
6060
6064
6066
6074
6074
6078
6080
6082
6088
6090
6094
6102
6102
6102
6102
6104
6108
6108
6110
6110
6112
6118
6118
6120
6122
6122
6122
6124
6124
6126
6134
6136
6138
6138
6140
6144
6144
6148
6150
6152
6152
6154
6154
6154
6156
6156
6168
6170
6174
6178
6184
6184
6186
6188
6188
6194
6194
6194
6196
6196
6198
6200
6202
6202
6204
6204
6204
6210
6212
6212
6212
6214
6216
6218
6218
6220
6222
6222
6224
6226
6226
6232
6234
6244
6246
6252
6262
6266
6272
6276
6278
6284
6288
6292
6294
6308
6318
6330
6336
6358
6372
6382
6384
6396
6396
6402
6406
6410
6414
6414
6420
6422
6426
6432
6432
6436
6446
6504
6520
6526
6528
6532
6538
6538
6566
6598
6620
6654
6660
6726
6774
6832
6840
6876
6884
6900
6938
7004
7038
7044
7056
7076
7148
7222
7302
7362
7384
7392
7542
7690
7694
8260
8598
8708
8742
8748
9214
9658
9696
9830
10006
10040
10086
10210
10432
10448
10484
10642
10666
10698
10796
11010
11106
11128
11138
11366
11378
11578
11578
11666
11932
11990
12002
12598
13522
13696
13822
14248
14328
14404
14410
14586
14868
15156
15914
16166
16310
17090
17128
17152
17774
17920
18104
18302
18338
18734
18844
19104
19210
19482
19886
19916
20544
20816
20934
21066
21170
21478
21712
22500
23668
24010
24250
24456
25550
25586
26298
26428
26850
27292
28030
30618
31672
31926
32262
33304
33798
33940
35178
35610
36578
40512
40696
42472
45012
