Latencies
5130
5134
5140
5142
5150
5150
5156
5158
5160
5162
5164
5174
5174
5176
5178
5178
5180
5180
5182
5182
5182
5182
5182
5184
5184
5186
5186
5188
5190
5190
5190
5190
5190
5192
5194
5194
5196
5198
5200
5200
5200
5208
5208
5210
5210
5210
5210
5210
5212
5212
5212
5214
5216
5216
5218
5224
5224
5226
5230
5230
5234
5234
5234
5236
5238
5238
5238
5240
5240
5242
5242
5242
5244
5244
5246
5248
5252
5252
5252
5256
5256
5256
5256
5256
5258
5258
5258
5258
5260
5260
5262
5262
5262
5264
5264
5264
5264
5266
5266
5268
5268
5268
5272
5272
5274
5276
5278
5278
5278
5278
5278
5278
5278
5280
5280
5280
5280
5284
5284
5284
5284
5284
5286
5286
5286
5288
5288
5288
5288
5290
5290
5292
5292
5292
5294
5294
5294
5294
5294
5294
5296
5296
5296
5298
5300
5300
5300
5300
5300
5302
5302
5302
5304
5304
5304
5304
5304
5304
5306
5306
5306
5308
5308
5308
5308
5308
5308
5310
5310
5312
5314
5314
5314
5316
5316
5316
5316
5316
5316
5318
5318
5318
5320
5320
5320
5320
5322
5322
5322
5322
5322
5322
5324
5324
5324
5324
5324
5324
5324
5326
5326
5326
5326
5326
5328
5328
5328
5328
5328
5330
5330
5330
5330
5330
5332
5332
5334
5334
5334
5334
5334
5334
5334
5336
5338
5338
5338
5340
5340
5340
5340
5340
5342
5342
5342
5342
5342
5342
5342
5342
5342
5342
5344
5344
5344
5344
5344
5346
5346
5348
5348
5348
5348
5348
5348
5348
5350
5350
5350
5350
5350
5350
5350
5350
5350
5350
5350
5350
5350
5350
5352
5352
5352
5352
5352
5354
5354
5354
5354
5354
5354
5354
5356
5356
5356
5356
5356
5358
5358
5358
5360
5360
5360
5360
5360
5360
5362
5362
5362
5362
5362
5364
5364
5366
5366
5366
5366
5366
5366
5368
5368
5370
5370
5370
5372
5372
5372
5372
5372
5374
5374
5374
5374
5376
5376
5376
5376
5376
5376
5378
5378
5378
5378
5378
5378
5380
5380
5380
5380
5380
5382
5382
5384
5384
5384
5384
5384
5384
5384
5384
5384
5386
5386
5386
5388
5388
5388
5388
5388
5390
5390
5390
5390
5392
5392
5392
5392
5394
5394
5394
5394
5394
5396
5396
5396
5396
5396
5396
5398
5398
5398
5398
5400
5400
5400
5400
5400
5402
5402
5402
5404
5404
5404
5404
5406
5406
5406
5408
5408
5408
5408
5408
5408
5408
5410
5412
5412
5412
5414
5414
5414
5414
5414
5416
5416
5416
5418
5418
5418
5418
5420
5420
5420
5422
5422
5422
5422
5422
5422
5424
5424
5426
5426
5426
5426
5426
5426
5428
5428
5428
5428
5428
5430
5430
5430
5430
5432
5432
5432
5432
5436
5436
5436
5436
5436
5436
5438
5440
5442
5442
5444
5444
5444
5446
5446
5448
5448
5448
5448
5448
5452
5452
5452
5452
5452
5452
5454
5454
5454
5454
5456
5456
5456
5456
5456
5456
5456
5458
5460
5462
5464
5464
5464
5464
5464
5464
5466
5466
5466
5468
5468
5468
5470
5470
5470
5470
5470
5470
5472
5472
5472
5474
5476
5476
5476
5476
5478
5478
5478
5478
5478
5484
5486
5486
5486
5486
5486
5486
5486
5490
5490
5490
5490
5492
5494
5496
5496
5498
5500
5502
5504
5504
5506
5506
5506
5506
5510
5512
5512
5512
5512
5514
5514
5514
5514
5514
5514
5516
5516
5518
5518
5518
5518
5518
5520
5520
5522
5524
5524
5526
5530
5532
5532
5532
5534
5534
5534
5536
5538
5540
5540
5542
5544
5544
5544
5546
5546
5548
5548
5550
5550
5550
5550
5550
5552
5552
5552
5554
5554
5554
5554
5556
5558
5558
5558
5562
5562
5564
5564
5566
5566
5568
5570
5570
5574
5576
5578
5578
5580
5582
5582
5584
5586
5586
5586
5588
5588
5588
5592
5592
5592
5598
5598
5598
5598
5600
5604
5604
5604
5604
5606
5608
5608
5608
5608
5608
5610
5612
5612
5614
5620
5624
5624
5628
5628
5632
5632
5634
5638
5640
5646
5648
5650
5650
5650
5652
5656
5660
5664
5664
5666
5668
5670
5672
5676
5680
5680
5680
5682
5684
5686
5686
5692
5692
5694
5700
5702
5704
5706
5708
5708
5710
5714
5714
5716
5718
5718
5720
5722
5724
5724
5728
5732
5734
5734
5736
5736
5738
5742
5744
5746
5748
5754
5754
5756
5756
5756
5756
5758
5758
5758
5766
5770
5772
5780
5780
5782
5788
5792
5794
5796
5802
5804
5808
5810
5810
5810
5812
5814
5820
5830
5832
5832
5840
5842
5842
5842
5844
5848
5848
5850
5850
5852
5854
5864
5876
5884
5884
5884
5894
5898
5900
5904
5908
5912
5920
5920
5922
5922
5924
5926
5928
5934
5938
5938
5944
5950
5950
5954
5956
5956
5958
5966
5968
5968
5972
5978
5984
5986
5986
5986
5992
5994
6002
6002
6006
6006
6010
6014
6016
6020
6022
6022
6026
6028
6034
6042
6044
6050
6064
6064
6064
6066
6068
6074
6074
6074
6080
6082
6084
6086
6086
6096
6098
6100
6114
6118
6138
6144
6150
6154
6158
6170
6176
6182
6186
6190
6194
6196
6200
6202
6204
6214
6216
6220
6220
6228
6242
6256
6258
6258
6264
6270
6278
6278
6278
6280
6288
6296
6304
6310
6316
6316
6316
6330
6338
6360
6372
6374
6376
6406
6410
6418
6430
6436
6436
6448
6470
6478
6478
6504
6512
6542
6600
6672
6678
6686
6698
6740
6816
6818
6890
7068
7140
7190
7214
7266
7286
7304
7310
7542
7560
7594
7934
8024
8284
8390
8402
8542
8594
8772
8786
8934
9188
9218
9380
9568
10022
10112
10242
10282
10318
10530
10622
10714
10726
10738
10876
11672
11686
11766
11978
12112
12220
12664
12766
13266
13288
13292
13542
13896
13898
14124
14226
14436
14506
14516
15514
15610
15704
15788
15804
15858
16446
16494
16634
17206
17478
18436
19062
19416
19984
20004
20450
20552
20564
21028
21770
21892
21942
22158
22916
23592
23604
23906
23924
24016
24580
24722
25140
25268
25724
25876
26670
27574
28398
30204
32304
32932
33352
34554
34978
35514
35970
36226
36572
37266
40718
42446
85620
