Latencies
4954
4980
4982
4984
4994
4994
4994
4996
5004
5006
5006
5008
5008
5010
5010
5010
5012
5012
5012
5012
5012
5014
5016
5016
5016
5018
5018
5020
5022
5022
5022
5022
5022
5024
5024
5024
5024
5026
5028
5030
5030
5030
5032
5032
5034
5036
5036
5038
5038
5038
5038
5038
5040
5040
5040
5040
5042
5042
5044
5044
5044
5046
5046
5046
5048
5048
5050
5050
5050
5050
5050
5052
5052
5054
5054
5054
5054
5056
5060
5060
5062
5062
5062
5062
5064
5064
5066
5066
5068
5070
5070
5070
5072
5072
5072
5074
5076
5076
5076
5076
5078
5080
5080
5080
5080
5080
5080
5080
5082
5082
5082
5084
5086
5086
5088
5088
5088
5088
5088
5088
5090
5090
5090
5090
5090
5090
5092
5092
5092
5094
5094
5094
5094
5096
5096
5096
5098
5098
5100
5102
5102
5102
5104
5104
5106
5106
5106
5106
5106
5108
5108
5108
5110
5110
5112
5112
5112
5112
5112
5112
5116
5116
5118
5118
5118
5120
5120
5120
5120
5120
5122
5122
5124
5124
5124
5124
5126
5126
5128
5128
5128
5128
5130
5130
5130
5132
5134
5134
5134
5134
5134
5136
5136
5136
5138
5138
5138
5138
5140
5140
5140
5142
5142
5142
5144
5144
5144
5144
5144
5144
5144
5146
5146
5146
5146
5148
5148
5148
5148
5148
5148
5148
5150
5150
5150
5150
5150
5150
5152
5152
5152
5152
5152
5152
5152
5154
5154
5154
5158
5158
5158
5160
5160
5160
5162
5162
5162
5164
5164
5166
5166
5166
5166
5168
5168
5168
5170
5170
5170
5170
5170
5172
5174
5174
5176
5176
5176
5176
5178
5178
5178
5178
5178
5180
5180
5180
5180
5182
5182
5182
5182
5182
5182
5184
5184
5184
5186
5186
5186
5186
5186
5186
5186
5186
5186
5186
5188
5190
5190
5190
5190
5190
5190
5190
5192
5192
5192
5194
5194
5194
5194
5194
5194
5194
5196
5196
5196
5198
5198
5198
5198
5198
5198
5200
5200
5200
5202
5202
5202
5204
5204
5204
5204
5204
5206
5206
5208
5208
5208
5208
5208
5208
5210
5210
5210
5212
5212
5212
5214
5214
5214
5214
5214
5214
5214
5216
5216
5218
5218
5218
5218
5220
5222
5222
5222
5222
5224
5226
5226
5228
5228
5228
5228
5228
5230
5232
5232
5232
5234
5236
5236
5236
5236
5238
5238
5238
5238
5240
5240
5240
5240
5242
5242
5242
5246
5246
5246
5248
5248
5248
5248
5248
5250
5250
5250
5250
5250
5252
5252
5252
5256
5256
5256
5256
5256
5256
5258
5258
5260
5260
5260
5262
5262
5262
5264
5264
5264
5264
5266
5266
5266
5266
5266
5268
5268
5270
5272
5272
5272
5272
5274
5274
5274
5276
5276
5276
5278
5278
5280
5280
5282
5282
5284
5284
5284
5284
5288
5288
5288
5290
5290
5290
5292
5292
5294
5294
5296
5296
5296
5298
5298
5300
5300
5302
5302
5310
5310
5310
5310
5310
5312
5312
5314
5316
5316
5316
5318
5320
5320
5322
5322
5324
5328
5330
5332
5334
5334
5336
5338
5340
5340
5342
5342
5344
5344
5344
5346
5346
5346
5348
5348
5348
5350
5350
5352
5354
5354
5356
5356
5356
5358
5358
5358
5360
5360
5362
5364
5364
5366
5366
5368
5368
5370
5372
5372
5372
5372
5374
5378
5378
5380
5380
5380
5380
5382
5384
5384
5386
5386
5392
5394
5396
5396
5398
5398
5402
5404
5406
5410
5412
5412
5412
5412
5414
5414
5414
5416
5422
5424
5426
5426
5426
5428
5428
5428
5428
5430
5432
5434
5434
5436
5436
5442
5442
5444
5448
5448
5448
5448
5450
5454
5454
5456
5462
5462
5464
5466
5466
5468
5468
5472
5474
5476
5478
5480
5480
5480
5480
5482
5484
5492
5494
5494
5496
5496
5498
5500
5500
5502
5504
5504
5506
5506
5508
5508
5510
5512
5514
5518
5524
5528
5530
5530
5532
5536
5536
5538
5542
5544
5544
5548
5548
5548
5548
5550
5552
5554
5556
5556
5558
5560
5562
5562
5564
5570
5570
5570
5570
5572
5576
5578
5580
5582
5582
5586
5586
5588
5590
5590
5594
5596
5598
5598
5602
5604
5610
5610
5610
5612
5614
5618
5620
5620
5620
5622
5624
5628
5634
5636
5640
5642
5642
5650
5652
5654
5656
5656
5658
5658
5664
5664
5664
5666
5666
5666
5668
5670
5676
5676
5676
5678
5680
5680
5682
5684
5688
5688
5692
5692
5692
5700
5702
5716
5720
5720
5720
5724
5726
5728
5728
5732
5732
5734
5740
5748
5748
5752
5752
5754
5756
5758
5762
5764
5776
5780
5780
5784
5786
5786
5786
5788
5788
5790
5796
5798
5804
5808
5808
5822
5824
5826
5828
5828
5828
5830
5834
5838
5842
5844
5844
5848
5856
5870
5870
5874
5876
5882
5886
5890
5894
5898
5900
5902
5908
5914
5916
5916
5918
5920
5922
5924
5926
5926
5928
5928
5928
5936
5938
5938
5946
5948
5954
5958
5958
5960
5972
5972
5974
5976
5982
5984
5988
5992
5992
5996
6006
6006
6010
6024
6028
6030
6034
6038
6050
6050
6062
6072
6076
6076
6094
6124
6128
6132
6140
6154
6154
6156
6170
6178
6216
6218
6218
6226
6234
6238
6264
6288
6298
6306
6316
6330
6330
6344
6352
6366
6370
6388
6394
6416
6442
6492
6510
6528
6536
6540
6586
6606
6616
6634
6690
6704
6814
6904
6998
7012
7148
7318
7420
7420
7458
7500
7554
7748
7922
7974
8032
8132
8174
8180
8200
8454
8526
8526
8560
8784
8818
8876
9000
9042
9100
9144
9280
9314
9462
9586
9752
9818
9870
10120
10240
10248
10280
10326
10332
10384
10394
10530
10832
10972
11052
11392
11418
11432
11508
11690
11808
11820
11828
11940
12022
12036
12292
12774
12954
12956
13234
14008
14170
14370
14514
14638
14868
14906
14974
15020
15164
15338
15516
15538
15696
16548
17182
17548
17686
17978
18814
18830
19610
20334
20350
20570
20806
21032
21186
21852
22166
22244
22738
22822
23112
23618
23942
24358
24362
24370
24842
25246
25996
26992
28106
28338
28576
29242
31096
31864
32952
34078
35044
35318
35598
35856
40388
42770
43208
52638
53136
63150
74592
