Latencies
4976
4992
4996
5022
5028
5038
5038
5038
5040
5046
5048
5050
5050
5052
5054
5054
5054
5056
5056
5056
5058
5060
5064
5066
5066
5066
5066
5070
5072
5074
5076
5078
5082
5084
5086
5090
5090
5092
5092
5096
5098
5098
5100
5100
5106
5106
5106
5106
5108
5108
5108
5108
5110
5110
5112
5112
5112
5112
5114
5114
5116
5116
5116
5118
5118
5118
5118
5120
5122
5122
5124
5124
5124
5124
5124
5124
5126
5126
5128
5128
5128
5130
5130
5130
5134
5136
5136
5136
5138
5138
5138
5142
5144
5144
5144
5146
5146
5148
5148
5148
5150
5150
5150
5150
5152
5152
5152
5154
5154
5156
5156
5158
5158
5158
5158
5158
5160
5162
5162
5162
5162
5164
5166
5166
5166
5168
5170
5172
5172
5174
5174
5174
5174
5174
5174
5176
5178
5178
5180
5180
5180
5182
5184
5184
5184
5186
5186
5186
5190
5190
5190
5192
5192
5192
5192
5194
5194
5194
5198
5198
5198
5198
5200
5200
5200
5202
5204
5206
5206
5206
5206
5206
5206
5206
5206
5208
5208
5208
5208
5208
5208
5210
5210
5210
5212
5212
5212
5212
5212
5212
5214
5214
5214
5214
5214
5216
5216
5218
5218
5218
5218
5218
5220
5220
5220
5220
5222
5222
5222
5222
5224
5224
5224
5224
5224
5226
5226
5226
5226
5226
5226
5226
5228
5228
5228
5228
5228
5230
5230
5230
5230
5230
5230
5230
5232
5232
5234
5234
5236
5236
5236
5236
5236
5236
5236
5238
5240
5240
5240
5240
5242
5242
5242
5242
5242
5244
5244
5244
5244
5244
5244
5244
5246
5248
5248
5248
5248
5250
5250
5250
5250
5250
5252
5252
5254
5254
5254
5254
5254
5256
5256
5256
5256
5258
5258
5258
5260
5260
5260
5260
5262
5262
5262
5262
5264
5264
5264
5266
5266
5266
5266
5266
5268
5268
5268
5268
5272
5272
5276
5276
5278
5278
5278
5278
5280
5280
5280
5282
5282
5282
5284
5284
5286
5286
5286
5286
5290
5290
5292
5294
5294
5294
5294
5294
5296
5296
5296
5298
5298
5300
5300
5300
5302
5302
5302
5302
5302
5302
5304
5304
5306
5306
5306
5306
5312
5314
5314
5316
5316
5316
5316
5316
5316
5318
5318
5318
5320
5320
5322
5322
5322
5324
5324
5324
5326
5326
5326
5326
5328
5328
5328
5332
5332
5332
5334
5334
5334
5338
5338
5340
5342
5342
5344
5344
5344
5346
5346
5348
5348
5350
5354
5354
5354
5354
5356
5356
5358
5362
5362
5362
5364
5364
5364
5366
5366
5366
5366
5366
5366
5370
5370
5370
5370
5372
5372
5374
5374
5378
5380
5382
5384
5384
5384
5384
5384
5386
5390
5390
5392
5392
5392
5394
5394
5396
5398
5400
5402
5402
5402
5404
5406
5406
5408
5408
5408
5408
5408
5408
5410
5410
5412
5412
5412
5412
5414
5414
5414
5416
5418
5420
5420
5422
5422
5422
5426
5426
5426
5428
5430
5430
5430
5432
5432
5432
5432
5432
5434
5434
5434
5434
5436
5436
5438
5438
5438
5440
5440
5442
5442
5442
5446
5446
5446
5446
5448
5448
5450
5450
5450
5452
5452
5454
5456
5456
5458
5458
5458
5460
5462
5472
5472
5474
5474
5474
5476
5476
5476
5476
5478
5480
5482
5482
5482
5484
5484
5486
5486
5486
5488
5490
5490
5492
5494
5494
5496
5496
5496
5496
5496
5496
5500
5502
5502
5504
5504
5506
5506
5508
5508
5508
5508
5510
5510
5510
5512
5514
5516
5518
5518
5518
5522
5522
5524
5524
5524
5526
5526
5528
5528
5528
5530
5530
5534
5536
5540
5542
5542
5544
5546
5546
5546
5548
5550
5552
5552
5554
5556
5556
5556
5558
5558
5558
5560
5560
5562
5562
5564
5566
5568
5568
5568
5570
5576
5584
5586
5586
5586
5586
5588
5590
5592
5594
5594
5596
5598
5602
5604
5606
5606
5612
5618
5620
5622
5636
5640
5642
5642
5644
5644
5646
5648
5648
5650
5654
5654
5656
5658
5660
5662
5666
5666
5666
5670
5670
5670
5674
5676
5680
5686
5686
5690
5692
5692
5692
5694
5694
5696
5700
5702
5716
5716
5722
5726
5728
5730
5730
5730
5732
5732
5734
5736
5740
5742
5742
5742
5750
5754
5754
5760
5762
5766
5768
5772
5774
5774
5776
5778
5780
5782
5782
5784
5786
5788
5790
5790
5792
5792
5794
5794
5796
5800
5804
5806
5810
5810
5812
5812
5812
5814
5820
5826
5826
5828
5834
5836
5838
5840
5844
5844
5846
5852
5854
5860
5864
5864
5870
5870
5874
5876
5878
5880
5880
5888
5896
5896
5898
5900
5902
5902
5902
5904
5910
5916
5916
5918
5918
5924
5926
5926
5930
5930
5932
5932
5936
5950
5952
5952
5956
5960
5962
5964
5966
5972
5974
5974
5980
5986
5992
5992
5994
5994
5998
6000
6002
6004
6006
6006
6006
6010
6012
6014
6016
6016
6024
6024
6036
6036
6036
6036
6036
6052
6052
6070
6076
6080
6092
6094
6098
6100
6102
6108
6116
6120
6122
6126
6130
6130
6132
6136
6140
6140
6142
6152
6156
6158
6160
6166
6172
6180
6182
6184
6184
6186
6188
6210
6218
6220
6220
6222
6236
6236
6242
6274
6288
6288
6292
6304
6310
6336
6358
6358
6360
6408
6422
6424
6500
6530
6538
6550
6552
6564
6600
6604
6636
6698
6704
6718
6782
6822
6860
6898
6942
6944
6964
7136
7168
7178
7198
7202
7344
7354
7386
7564
7630
7746
7930
7956
8132
8134
8136
8172
8346
8606
8828
8934
9008
9152
9162
9688
9764
9866
10052
10140
10186
10200
10578
10996
11016
11018
11926
12070
12214
12430
12472
12550
12728
12866
13106
14132
14312
14340
14358
14834
15094
15162
15418
15552
15640
15766
15810
15976
16074
16516
16572
16756
17074
17630
17944
18328
18900
19102
19494
20038
21250
21282
21608
21656
21714
21858
21992
22080
22658
22894
23054
23244
23610
23666
23786
24548
24562
24622
24792
24886
24900
25002
25168
25584
25918
26036
27216
28900
29740
29952
30060
30224
30258
30300
30560
32106
32150
32172
32846
32916
34096
34410
34416
34422
34448
34472
35246
35280
35330
35460
40652
40814
44096
44334
44618
52886
56664
