Latencies
5124
5168
5170
5172
5172
5182
5198
5200
5206
5210
5210
5210
5214
5214
5216
5224
5226
5230
5230
5232
5232
5232
5234
5236
5238
5238
5242
5242
5248
5250
5250
5252
5254
5258
5258
5258
5260
5260
5262
5262
5262
5264
5264
5266
5268
5270
5270
5272
5272
5272
5274
5276
5276
5278
5282
5282
5284
5284
5284
5286
5288
5290
5290
5292
5292
5294
5296
5296
5298
5300
5300
5300
5300
5302
5302
5304
5304
5304
5306
5306
5308
5308
5308
5308
5310
5310
5310
5310
5310
5312
5312
5312
5314
5314
5314
5316
5318
5318
5320
5322
5322
5326
5328
5328
5330
5330
5330
5330
5332
5332
5332
5334
5334
5334
5336
5336
5336
5338
5338
5340
5340
5340
5340
5342
5342
5342
5342
5342
5344
5344
5344
5344
5346
5346
5346
5348
5348
5348
5348
5348
5350
5352
5354
5354
5354
5356
5356
5356
5358
5358
5358
5358
5358
5360
5360
5360
5360
5362
5362
5362
5362
5362
5362
5362
5364
5364
5364
5364
5364
5366
5366
5366
5368
5368
5368
5368
5370
5370
5370
5370
5370
5370
5370
5372
5372
5372
5372
5372
5372
5374
5374
5374
5374
5374
5376
5376
5376
5376
5376
5378
5378
5378
5378
5380
5380
5380
5380
5380
5380
5380
5380
5380
5382
5382
5382
5382
5384
5384
5384
5384
5386
5386
5386
5386
5388
5388
5388
5388
5388
5390
5390
5390
5392
5392
5392
5392
5392
5392
5394
5394
5396
5396
5396
5398
5398
5400
5400
5400
5400
5400
5402
5402
5402
5402
5402
5404
5404
5404
5404
5404
5404
5404
5406
5406
5406
5408
5408
5408
5408
5410
5410
5410
5410
5410
5412
5412
5412
5412
5414
5414
5414
5414
5416
5416
5416
5416
5416
5416
5418
5418
5418
5418
5420
5420
5420
5420
5422
5422
5422
5424
5424
5424
5426
5426
5426
5426
5426
5426
5428
5428
5428
5428
5430
5430
5430
5430
5432
5432
5432
5432
5432
5434
5436
5436
5436
5436
5436
5438
5440
5440
5440
5440
5442
5442
5442
5442
5442
5442
5442
5442
5444
5444
5444
5444
5446
5446
5446
5446
5446
5446
5446
5448
5450
5450
5450
5452
5452
5452
5454
5454
5456
5456
5456
5456
5456
5458
5458
5458
5458
5458
5460
5460
5462
5462
5462
5462
5462
5464
5464
5464
5464
5464
5464
5468
5468
5468
5470
5470
5472
5472
5472
5472
5476
5476
5476
5478
5478
5478
5478
5478
5482
5482
5482
5482
5484
5484
5486
5486
5490
5490
5494
5494
5496
5496
5496
5496
5496
5498
5500
5500
5500
5500
5504
5506
5508
5510
5510
5512
5514
5514
5514
5514
5514
5514
5516
5516
5516
5516
5516
5516
5516
5516
5518
5518
5518
5520
5520
5520
5520
5522
5524
5524
5524
5524
5526
5528
5528
5530
5530
5530
5532
5534
5534
5534
5534
5536
5536
5538
5540
5540
5540
5540
5540
5540
5540
5542
5542
5544
5544
5546
5546
5546
5548
5548
5550
5550
5550
5550
5552
5552
5552
5552
5556
5556
5558
5560
5562
5562
5562
5562
5562
5562
5562
5564
5564
5564
5564
5566
5566
5566
5568
5568
5572
5572
5572
5572
5574
5574
5574
5578
5578
5578
5580
5582
5584
5588
5590
5590
5592
5594
5594
5596
5596
5596
5596
5598
5598
5604
5604
5604
5604
5606
5608
5610
5612
5612
5612
5614
5614
5618
5620
5624
5624
5626
5626
5626
5628
5628
5634
5634
5638
5640
5640
5640
5642
5644
5644
5646
5646
5648
5648
5648
5650
5650
5654
5654
5656
5658
5658
5662
5664
5664
5664
5664
5668
5668
5668
5670
5672
5672
5676
5678
5678
5678
5680
5682
5682
5684
5686
5690
5690
5690
5690
5690
5694
5694
5696
5698
5698
5698
5698
5704
5704
5704
5706
5708
5708
5708
5710
5712
5712
5714
5716
5716
5720
5720
5724
5726
5728
5734
5736
5738
5740
5740
5742
5742
5746
5748
5750
5752
5752
5754
5756
5756
5762
5762
5764
5766
5768
5772
5772
5776
5778
5780
5792
5792
5796
5796
5798
5804
5806
5806
5808
5808
5808
5810
5812
5812
5814
5816
5820
5820
5822
5822
5822
5824
5832
5840
5840
5842
5842
5844
5844
5846
5846
5846
5848
5850
5854
5854
5854
5858
5858
5860
5864
5866
5868
5868
5870
5872
5872
5874
5876
5876
5876
5876
5880
5898
5898
5900
5900
5902
5902
5904
5904
5906
5908
5910
5914
5914
5914
5916
5918
5918
5918
5920
5922
5926
5926
5926
5928
5928
5930
5936
5940
5940
5940
5940
5940
5944
5944
5946
5954
5958
5960
5960
5962
5962
5962
5964
5966
5966
5968
5968
5970
5970
5974
5974
5976
5980
5982
5984
5988
5992
6002
6002
6008
6008
6008
6010
6014
6014
6020
6024
6028
6032
6032
6036
6038
6038
6044
6044
6046
6046
6048
6052
6054
6058
6058
6060
6064
6064
6066
6066
6076
6078
6078
6082
6082
6084
6084
6086
6086
6090
6098
6098
6098
6102
6104
6104
6106
6108
6108
6112
6116
6120
6130
6130
6130
6134
6136
6140
6142
6142
6150
6162
6162
6174
6174
6176
6180
6184
6186
6190
6192
6196
6200
6202
6204
6204
6204
6206
6208
6216
6216
6216
6218
6220
6220
6226
6228
6238
6242
6250
6250
6260
6264
6266
6270
6274
6280
6288
6292
6298
6300
6306
6308
6338
6358
6364
6374
6380
6386
6388
6400
6402
6430
6438
6440
6450
6458
6522
6524
6526
6532
6558
6566
6572
6574
6614
6626
6626
6632
6650
6660
6676
6678
6696
6716
6748
6764
6770
6776
6812
6876
6918
6926
6968
7002
7012
7024
7110
7134
7176
7178
7218
7646
7918
7930
8094
8134
8434
8476
8496
8684
9014
9360
9382
9636
9654
9662
9688
9712
10032
10476
10498
10516
10542
10558
10774
11112
11170
11170
11348
11538
11704
11720
11816
11844
12054
12104
12616
12942
13506
14016
14274
14792
14850
14912
15022
15352
15550
16030
16112
17594
19140
19592
20382
21848
22436
22952
23886
24754
24984
25328
25576
25952
26624
26662
27510
27642
28376
29044
29840
30224
34034
34700
35222
35946
37470
