Latencies
5248
5370
5380
5436
5440
5450
5464
5488
5494
5496
5530
5552
5556
5562
5574
5574
5576
5616
5618
5618
5622
5668
5672
5674
5678
5692
5766
5770
5802
5808
5808
5812
5834
5868
5892
5922
5958
5974
6050
6062
6074
6078
6080
6178
6336
6354
6370
6398
6442
6502
6534
6666
6670
6830
6924
6950
6992
7092
7146
7172
7288
7442
7530
7588
7674
7706
7798
8338
8420
8450
8532
8556
8590
8832
9024
9072
9338
9504
9900
9926
9930
9954
10300
10312
10612
10708
10824
11130
11168
11228
11524
11524
11738
11834
11958
12060
12168
12834
12956
13646
13726
13956
14016
14188
14198
14246
14280
14412
14418
14482
14566
14604
14614
14646
14662
14666
14672
14706
14712
14722
14768
14776
14782
14800
14806
14820
14824
14832
14834
14846
14866
14872
14894
14898
14922
14924
14928
14934
14950
14950
14958
14960
14972
14974
14990
14996
14998
14998
15018
15026
15044
15044
15046
15060
15064
15070
15080
15082
15086
15098
15116
15124
15128
15128
15132
15138
15140
15144
15148
15150
15150
15150
15162
15170
15170
15172
15182
15182
15184
15198
15198
15206
15210
15220
15220
15232
15242
15242
15250
15256
15256
15260
15282
15294
15300
15308
15310
15318
15338
15352
15360
15370
15378
15380
15388
15404
15406
15416
15442
15458
15470
15486
15502
15504
15522
15546
15568
15582
15600
15662
15720
15748
15748
15764
15822
15928
16008
16032
16048
16084
16118
16124
16150
16206
16216
16274
16288
16302
16512
16514
16522
16588
16708
16796
16926
17114
17218
17258
17410
17434
17440
17526
17548
17550
17576
17704
17832
17856
17876
17888
17984
17996
18106
18234
18312
18380
18390
18430
18504
18508
18528
18562
18610
18818
18850
18864
18978
19068
19078
19142
19144
19154
19166
19290
19308
19330
19340
19524
19584
19688
19774
19784
19844
19874
19994
20088
20200
20274
20274
20298
20310
20412
20418
20438
20478
20544
20570
20590
20598
20620
20664
20700
20724
20778
20782
20904
20976
21088
21208
21248
21346
21366
21376
21490
21546
21548
21604
21644
21778
21792
21800
21928
21944
22000
22006
22008
22268
22512
22524
22536
22536
22714
22722
22882
22990
22996
23044
23104
23164
23240
23254
23284
23294
23310
23484
23628
23634
23636
23692
23702
23722
23740
23758
23774
23834
23858
23908
23916
24008
24020
24042
24132
24138
24170
24190
24274
24278
24284
24290
24342
24358
24364
24392
24454
24478
24488
24522
24546
24586
24674
24698
24732
24834
24842
24878
24924
24928
24942
24962
24966
24972
24990
25006
25024
25026
25038
25130
25146
25206
25276
25302
25312
25400
25450
25488
25496
25572
25586
25644
25644
25712
25718
25758
25796
25802
25820
25840
25876
25886
26000
26044
26104
26154
26294
26302
26400
26400
26450
26534
26628
26646
26796
26836
26868
26896
26982
27026
27076
27110
27116
27162
27240
27272
27446
27448
27482
27484
27484
27508
27536
27574
27574
27582
27606
27608
27750
27858
27916
28002
28006
28094
28194
28340
28340
28344
28382
28402
28450
28486
28570
28618
28682
28726
28730
28852
28942
28954
29002
29088
29182
29236
29328
29334
29340
29380
29442
29488
29514
29516
29696
29748
29848
29858
30086
30122
30146
30258
30310
30420
30454
30508
30510
30558
30578
30710
30810
31034
31124
31266
31372
31440
31498
31498
31626
31630
31648
31670
31734
31832
31894
31972
32020
32024
32048
32144
32238
32290
32328
32334
32352
32576
32614
32622
32702
32728
32732
32766
32782
32840
32844
32854
32862
32936
33022
33044
33088
33158
33206
33236
33264
33272
33274
33304
33444
33462
33542
33640
33666
33676
33690
33698
33706
33720
33754
33792
33868
33878
33886
33934
33960
33968
33970
33992
34036
34038
34042
34058
34064
34068
34072
34080
34090
34110
34116
34136
34138
34154
34162
34166
34168
34192
34198
34222
34226
34258
34266
34292
34308
34310
34326
34342
34344
34344
34360
34360
34364
34364
34368
34394
34420
34422
34430
34436
34442
34442
34442
34452
34478
34490
34496
34498
34500
34532
34534
34538
34546
34556
34560
34576
34586
34586
34600
34606
34606
34610
34624
34624
34634
34644
34650
34652
34652
34652
34706
34728
34740
34744
34744
34746
34752
34772
34780
34798
34804
34810
34822
34826
34830
34840
34852
34854
34854
34856
34858
34860
34890
34894
34902
34956
34960
34986
34990
34998
35002
35002
35002
35004
35016
35018
35030
35042
35044
35076
35094
35118
35120
35128
35154
35158
35164
35168
35194
35252
35260
35264
35272
35276
35276
35290
35300
35322
35334
35344
35346
35360
35432
35450
35458
35500
35502
35534
35658
35674
35700
35740
35782
35892
35892
35930
35946
36036
36362
36544
36628
37110
37150
37262
37308
37310
37564
37644
37660
37704
37706
37776
37810
37870
37884
37992
38158
38852
39022
39198
39208
39240
39294
39308
39314
39338
39658
39694
39846
40142
40348
40432
40650
40724
40726
40764
40940
41112
41134
41164
41170
41200
41356
41700
41880
41908
42136
42242
42642
42752
42756
42866
42880
43046
43082
43134
43160
43170
43178
43202
43532
43728
43732
43792
43990
44032
44106
44142
44156
44348
44488
44498
44518
44626
44662
44720
44746
44748
44814
44930
44952
44962
45030
45164
45168
45182
45272
45312
45322
45362
45418
45564
45594
45640
45712
45772
45814
45930
46194
46376
46404
46478
46558
46762
47008
47038
47088
47182
47404
47482
47570
47760
47806
47876
47992
48104
48180
48314
48456
48512
48646
48936
49042
49048
49100
49370
49530
49564
49570
49740
49816
49928
49944
49948
50152
50210
50422
50474
50628
50724
50800
50876
50972
51172
51174
51196
51238
51264
51608
51674
51682
51742
52008
52196
52422
52458
52538
52598
52820
53018
53050
53244
53306
53336
53420
53566
53596
53600
53638
53732
53762
53780
53816
53830
53836
53908
53918
53932
53934
53976
54042
54070
54080
54104
54116
54148
54170
54184
54194
54198
54204
54208
54212
54238
54246
54252
54278
54324
54384
54494
54502
54512
54518
54548
54586
54610
54612
54622
54626
54674
54688
54714
54742
54762
54798
54806
54844
55008
55108
55312
55318
55352
55506
55596
55650
55910
56008
56134
56630
57678
58748
58962
59078
59202
59884
59886
60008
61736
61820
61976
62508
64874
66766
69310
70206
74084
78518
83294
83914
102240
107350
127730
177898
203928
255086
370324
379226
776056
1490222
1799006
