Latencies
5364
5378
5446
5446
5484
5488
5496
5538
5584
5608
5640
5664
5666
5668
5680
5680
5694
5704
5710
5716
5728
5730
5758
5776
5798
5806
5830
5836
5842
5864
5864
5892
5906
5970
6018
6020
6022
6054
6058
6074
6112
6126
6132
6136
6154
6166
6170
6204
6206
6224
6256
6268
6272
6284
6296
6314
6324
6338
6340
6344
6354
6354
6394
6398
6400
6418
6422
6430
6450
6460
6498
6504
6518
6534
6534
6534
6552
6558
6568
6570
6590
6592
6624
6632
6648
6650
6652
6664
6678
6692
6718
6728
6734
6758
6770
6778
6780
6786
6800
6832
6844
6848
6858
6878
6912
6950
7006
7036
7042
7052
7080
7098
7110
7118
7138
7146
7146
7162
7166
7176
7190
7194
7242
7244
7250
7260
7262
7284
7292
7298
7314
7352
7364
7378
7388
7400
7430
7458
7462
7498
7506
7512
7516
7544
7560
7568
7592
7606
7632
7660
7664
7720
7762
7776
7776
7832
7842
7848
7880
7922
7958
7970
7980
8040
8062
8064
8072
8086
8086
8104
8114
8156
8164
8194
8284
8284
8302
8314
8340
8342
8364
8394
8422
8432
8438
8438
8448
8470
8474
8488
8490
8498
8500
8504
8578
8604
8628
8628
8632
8650
8686
8688
8694
8698
8706
8720
8722
8726
8766
8776
8780
8800
8800
8804
8806
8818
8846
8888
8892
8894
8918
8924
8932
8942
8944
8974
8982
9012
9014
9068
9084
9092
9098
9116
9118
9124
9126
9132
9150
9186
9200
9218
9246
9256
9262
9344
9364
9372
9390
9460
9472
9478
9484
9496
9520
9546
9556
9580
9620
9636
9646
9694
9702
9712
9720
9782
9804
9818
9830
9852
9858
9892
9902
9906
9916
9922
9930
9940
9948
9956
9968
9978
9978
9980
9986
9994
10010
10044
10052
10082
10104
10112
10112
10114
10134
10138
10144
10158
10160
10164
10170
10174
10186
10190
10194
10194
10200
10204
10226
10244
10292
10310
10376
10392
10394
10404
10408
10416
10428
10442
10450
10460
10474
10486
10488
10494
10506
10518
10522
10550
10566
10574
10614
10630
10636
10642
10658
10658
10664
10666
10680
10692
10698
10704
10714
10790
10808
10816
10842
10846
10854
10878
10884
10886
10936
10968
10980
10986
11006
11014
11024
11046
11052
11084
11088
11090
11090
11096
11110
11110
11112
11114
11114
11124
11130
11138
11166
11172
11184
11204
11214
11224
11226
11242
11258
11270
11294
11306
11310
11328
11340
11344
11400
11432
11478
11482
11484
11496
11510
11524
11562
11580
11592
11592
11638
11646
11654
11660
11676
11682
11682
11740
11746
11756
11794
11804
11816
11842
11844
11848
11858
11878
11894
11924
11934
11944
11950
11968
11974
11976
11976
11994
12016
12018
12022
12030
12032
12052
12064
12074
12078
12080
12092
12116
12124
12136
12180
12188
12190
12196
12224
12232
12244
12248
12292
12330
12346
12360
12388
12422
12448
12464
12484
12492
12508
12518
12522
12522
12530
12548
12554
12562
12592
12598
12610
12616
12668
12672
12696
12740
12756
12784
12790
12828
12832
12834
12842
12854
12856
12858
12864
12882
12888
12892
12902
12906
12908
12908
12924
12936
12944
12958
12960
12970
12974
12980
13002
13028
13082
13084
13112
13162
13166
13168
13202
13232
13274
13284
13292
13300
13306
13338
13340
13342
13346
13390
13414
13422
13422
13430
13434
13434
13452
13464
13464
13468
13486
13492
13494
13530
13540
13540
13542
13544
13568
13576
13578
13654
13668
13668
13670
13692
13696
13706
13722
13774
13796
13802
13822
13826
13830
13858
13860
13870
13878
13894
13920
13952
13952
13956
13968
13980
14006
14008
14018
14018
14030
14034
14040
14044
14060
14072
14092
14096
14100
14104
14132
14136
14142
14150
14154
14158
14184
14208
14208
14212
14214
14228
14234
14238
14240
14254
14256
14256
14258
14260
14262
14276
14278
14294
14298
14308
14348
14348
14350
14350
14354
14356
14366
14382
14386
14404
14404
14406
14410
14414
14414
14426
14432
14432
14434
14438
14442
14446
14448
14452
14460
14484
14490
14490
14502
14508
14510
14512
14514
14520
14522
14522
14528
14532
14538
14540
14542
14544
14546
14548
14548
14550
14552
14554
14558
14562
14566
14572
14572
14574
14578
14578
14582
14582
14582
14586
14586
14588
14592
14592
14592
14596
14602
14602
14602
14604
14614
14624
14626
14628
14628
14632
14632
14638
14640
14644
14646
14650
14652
14652
14654
14656
14656
14656
14658
14658
14660
14670
14678
14678
14680
14680
14680
14680
14682
14688
14688
14694
14696
14698
14698
14706
14710
14710
14716
14720
14720
14722
14726
14726
14728
14730
14732
14732
14736
14742
14748
14752
14752
14758
14768
14772
14772
14774
14774
14776
14782
14784
14784
14792
14796
14806
14808
14808
14808
14812
14812
14812
14820
14832
14832
14842
14850
14856
14856
14858
14866
14866
14868
14870
14872
14874
14874
14878
14886
14888
14908
14912
14920
14920
14926
14938
14942
14952
14956
14958
14960
14970
14972
14972
14976
14978
14978
14980
14992
14994
15004
15020
15026
15030
15032
15038
15050
15050
15050
15054
15056
15058
15060
15060
15062
15070
15074
15080
15080
15088
15098
15100
15104
15104
15106
15112
15120
15122
15122
15130
15160
15166
15170
15172
15184
15188
15190
15196
15196
15198
15202
15220
15220
15220
15224
15226
15228
15234
15236
15236
15240
15240
15242
15246
15260
15260
15270
15272
15276
15282
15288
15288
15292
15294
15296
15296
15298
15302
15332
15340
15342
15346
15356
15358
15362
15368
15382
15384
15388
15392
15398
15432
15432
15436
15442
15460
15480
15488
15490
15500
15510
15520
15554
15558
15560
15568
15576
15576
15588
15600
15602
15608
15610
15614
15632
15644
15654
15660
15662
15674
15688
15688
15732
15736
15756
15812
15866
15868
15930
15956
16032
16108
16108
16164
16220
16682
18214
19568
19588
20552
20714
20956
21368
21450
21920
22698
22804
23194
23434
23616
24088
24096
24180
24230
24416
24512
24876
24964
25020
25042
25058
25276
25348
25576
25688
25752
25774
26276
26674
27780
31428
33170
34044
34090
34130
34170
34300
34406
34464
34474
34668
34992
35086
36134
39500
42222
42994
43602
44720
49468
77140
108626
120234
214938
1516258
1869184
2834084
