Latencies
5372
5378
5448
5448
5514
5516
5536
5540
5554
5582
5584
5588
5604
5610
5612
5626
5630
5660
5666
5706
5710
5754
5778
5778
5782
5784
5786
5790
5800
5872
5882
5898
5900
5906
5920
5944
5964
5988
6060
6062
6112
6178
6224
6352
6380
6414
6432
6434
6442
6486
6542
6554
6586
6620
6714
6746
6798
6858
6866
6876
6944
6944
7002
7070
7120
7228
7236
7314
7380
7400
7432
7478
7480
7496
7552
7564
7624
7642
7860
7894
7900
7902
7904
7956
8094
8110
8112
8146
8174
8364
8402
8408
8438
8510
8538
8610
8636
8642
8688
8688
8748
8758
8758
8808
8934
8960
8962
8970
9024
9048
9086
9104
9108
9218
9226
9232
9238
9368
9644
9778
9780
9784
9794
9796
9810
9842
9972
9986
10072
10086
10128
10136
10186
10238
10268
10302
10412
10416
10436
10456
10512
10624
10634
10634
10678
10692
10720
10812
10828
10830
10974
10976
10986
10992
11018
11036
11058
11134
11160
11264
11318
11338
11348
11350
11376
11534
11544
11554
11606
11650
11826
11880
11882
11912
11916
11928
11936
11950
11960
12044
12106
12114
12244
12262
12300
12352
12426
12446
12452
12464
12494
12522
12654
12718
12778
12810
12856
12858
12934
12942
12966
13024
13028
13042
13134
13190
13288
13318
13342
13362
13364
13370
13442
13492
13514
13542
13610
13610
13866
13886
13986
14006
14030
14084
14090
14162
14170
14178
14204
14278
14280
14290
14348
14358
14378
14380
14428
14436
14460
14474
14490
14530
14550
14572
14572
14584
14600
14620
14628
14628
14632
14634
14656
14666
14666
14668
14708
14708
14712
14736
14736
14738
14744
14748
14768
14774
14776
14782
14816
14818
14822
14824
14828
14832
14852
14884
14914
14922
14922
14926
14926
14936
14940
14950
14966
14978
14978
14990
15000
15036
15046
15054
15054
15060
15062
15062
15096
15108
15110
15112
15138
15144
15176
15186
15218
15218
15260
15262
15274
15326
15332
15340
15344
15374
15392
15422
15430
15440
15452
15454
15458
15458
15478
15486
15532
15580
15586
15626
15650
15696
15706
15718
15728
15782
15782
15790
15882
15912
15916
15924
15946
16020
16024
16046
16072
16074
16076
16136
16194
16198
16242
16276
16282
16384
16476
16476
16488
16538
16556
16566
16770
16830
16842
16978
17026
17046
17096
17168
17228
17354
17464
17484
17500
17500
17542
17570
17622
17628
17714
17780
17798
17900
17948
17954
17962
18098
18172
18182
18212
18268
18304
18350
18360
18416
18576
18644
18696
18766
18768
18806
18810
18824
18834
18962
18978
19004
19066
19074
19100
19118
19134
19232
19276
19304
19318
19344
19358
19410
19450
19464
19484
19496
19500
19566
19648
19698
19822
19830
19854
19856
19872
19884
19886
19886
19928
20096
20138
20142
20250
20298
20418
20450
20466
20472
20496
20532
20534
20576
20584
20718
20758
20820
20866
20876
20890
20928
20928
20950
20952
21090
21124
21138
21164
21300
21366
21426
21458
21474
21510
21514
21532
21686
21692
21704
21738
21758
21816
21860
21916
21996
21998
22112
22166
22168
22184
22314
22344
22374
22482
22538
22592
22612
22614
22632
22680
22716
22742
22750
22770
22842
22900
22948
22960
22994
23052
23108
23132
23170
23230
23298
23306
23318
23340
23376
23384
23400
23482
23484
23488
23526
23610
23724
23750
23798
23804
23824
23832
23834
23910
23944
23950
23952
23956
23988
23994
23998
24026
24028
24046
24070
24128
24138
24184
24198
24198
24226
24266
24306
24338
24378
24386
24394
24418
24422
24424
24468
24472
24478
24510
24516
24550
24560
24564
24594
24634
24646
24694
24696
24730
24740
24754
24766
24784
24798
24828
24848
24874
24914
24930
24960
24960
24970
24980
24982
24986
25030
25044
25078
25080
25110
25140
25146
25190
25202
25244
25250
25268
25270
25316
25342
25360
25374
25376
25390
25394
25400
25416
25488
25490
25558
25566
25608
25642
25664
25678
25756
25776
25830
25840
25884
25910
25934
25988
26034
26040
26102
26124
26156
26182
26240
26252
26276
26360
26404
26414
26426
26488
26572
26590
26638
26660
26678
26690
26872
26902
27002
27020
27084
27352
27358
27390
27390
27392
27398
27492
27530
27552
27696
27730
27764
27818
27850
27936
27952
27982
28024
28036
28036
28054
28098
28114
28154
28222
28306
28334
28336
28364
28404
28440
28516
28534
28606
28614
28750
28778
28838
28900
29048
29138
29248
29264
29292
29306
29356
29458
29470
29506
29546
29602
29696
29700
29754
29780
29970
29980
30056
30094
30164
30192
30236
30272
30338
30352
30394
30438
30552
30660
30686
30706
30724
30738
30744
30766
30838
31062
31092
31146
31200
31226
31324
31384
31396
31410
31434
31504
31550
31648
31670
31688
31692
31770
31772
31870
31902
32004
32162
32334
32362
32420
32448
32470
32484
32524
32610
32616
32634
32644
32650
32654
32740
32752
32792
32884
32988
33002
33040
33070
33102
33112
33128
33220
33250
33258
33292
33316
33316
33400
33418
33424
33446
33474
33486
33514
33524
33582
33590
33594
33634
33646
33658
33676
33716
33730
33782
33826
33834
33838
33866
33876
33886
33918
33922
33960
33980
34006
34010
34014
34016
34038
34044
34062
34078
34080
34084
34084
34094
34114
34124
34132
34138
34146
34150
34154
34196
34212
34222
34238
34240
34256
34260
34274
34280
34288
34290
34294
34296
34298
34310
34322
34328
34346
34350
34368
34380
34388
34394
34396
34402
34412
34414
34428
34436
34436
34458
34472
34474
34476
34476
34492
34512
34520
34528
34534
34538
34556
34564
34580
34594
34596
34598
34604
34616
34618
34618
34622
34642
34642
34658
34662
34664
34664
34666
34690
34708
34718
34720
34722
34744
34754
34786
34790
34802
34812
34818
34838
34854
34898
34920
34932
34950
34968
34996
35006
35050
35064
35074
35084
35088
35104
35162
35208
35222
35232
35394
35442
35466
35476
35488
35600
35688
35756
36330
36360
36398
36814
36872
37398
37870
38008
38514
38882
39308
39566
39648
39832
39920
40332
40962
41324
41346
41460
41640
43144
43404
43408
44148
44362
44452
44612
44618
44946
45050
45538
45848
49728
51008
51914
52636
52830
53152
53416
53492
53618
53750
53754
54410
54736
60400
60510
62268
65328
71916
72956
90064
90902
97454
108398
308010
411038
441250
1158688
1257320
4814290
