Latencies
4926
4954
4974
4982
4990
4996
5006
5006
5006
5008
5012
5018
5020
5022
5022
5024
5026
5026
5026
5026
5028
5032
5032
5036
5040
5040
5040
5046
5046
5048
5048
5048
5052
5052
5052
5054
5058
5058
5060
5060
5064
5064
5066
5066
5066
5066
5066
5066
5068
5068
5070
5072
5072
5072
5074
5074
5074
5076
5078
5078
5078
5080
5082
5082
5084
5084
5084
5084
5084
5084
5086
5088
5088
5090
5092
5092
5092
5094
5094
5096
5096
5096
5096
5096
5096
5098
5100
5102
5106
5106
5108
5108
5108
5108
5110
5112
5114
5114
5116
5116
5116
5116
5118
5120
5120
5120
5122
5122
5122
5124
5126
5126
5126
5128
5128
5128
5130
5130
5134
5134
5134
5134
5136
5136
5136
5136
5136
5136
5138
5138
5140
5140
5140
5140
5142
5142
5142
5142
5144
5144
5144
5146
5146
5146
5146
5148
5148
5148
5148
5148
5150
5150
5150
5150
5150
5152
5154
5154
5154
5154
5154
5156
5156
5156
5156
5156
5156
5156
5158
5158
5158
5160
5162
5162
5162
5164
5166
5168
5168
5168
5170
5170
5170
5170
5170
5170
5172
5172
5172
5172
5172
5172
5172
5172
5174
5176
5176
5176
5178
5178
5178
5178
5178
5178
5180
5180
5180
5180
5180
5182
5182
5184
5184
5184
5186
5186
5186
5186
5186
5188
5188
5188
5188
5188
5188
5188
5190
5190
5190
5190
5190
5190
5190
5190
5190
5192
5192
5192
5192
5192
5192
5192
5194
5194
5194
5194
5194
5196
5196
5196
5198
5198
5198
5198
5198
5198
5200
5200
5200
5200
5202
5202
5202
5202
5202
5204
5204
5204
5204
5204
5206
5206
5206
5208
5208
5208
5208
5208
5210
5210
5210
5210
5210
5210
5210
5210
5210
5212
5212
5212
5212
5212
5212
5214
5214
5214
5214
5214
5214
5214
5214
5216
5216
5216
5216
5216
5216
5218
5218
5218
5218
5218
5218
5220
5220
5220
5220
5220
5220
5220
5222
5222
5222
5224
5224
5226
5226
5226
5226
5228
5228
5228
5228
5228
5228
5228
5228
5230
5230
5230
5230
5230
5232
5232
5234
5234
5234
5234
5234
5234
5234
5236
5236
5236
5236
5238
5238
5238
5240
5242
5242
5242
5242
5242
5242
5242
5244
5244
5246
5246
5246
5248
5248
5248
5248
5248
5248
5250
5250
5250
5252
5252
5254
5254
5254
5254
5256
5258
5258
5258
5258
5260
5260
5264
5264
5264
5264
5264
5266
5266
5266
5266
5266
5266
5266
5268
5268
5268
5270
5270
5270
5272
5272
5272
5272
5274
5274
5276
5276
5276
5278
5278
5278
5280
5280
5282
5282
5284
5284
5286
5288
5288
5288
5290
5290
5290
5292
5292
5294
5298
5300
5302
5302
5302
5304
5304
5304
5306
5306
5312
5312
5316
5316
5318
5322
5326
5326
5328
5328
5330
5332
5332
5332
5334
5334
5334
5334
5334
5334
5336
5338
5338
5340
5344
5346
5348
5350
5352
5354
5354
5356
5356
5356
5358
5360
5360
5364
5366
5366
5368
5368
5372
5372
5374
5376
5378
5378
5380
5384
5386
5388
5388
5388
5390
5390
5390
5392
5392
5392
5392
5396
5400
5400
5402
5408
5410
5412
5412
5414
5416
5416
5424
5424
5426
5428
5428
5430
5430
5436
5436
5440
5444
5446
5446
5450
5452
5454
5456
5456
5456
5460
5460
5462
5466
5468
5470
5474
5482
5486
5488
5492
5494
5496
5496
5496
5498
5498
5502
5504
5506
5508
5516
5516
5518
5518
5520
5520
5522
5526
5532
5536
5540
5540
5542
5546
5548
5548
5548
5550
5550
5550
5554
5554
5554
5558
5562
5566
5570
5570
5572
5572
5574
5578
5582
5584
5584
5586
5588
5588
5588
5592
5594
5598
5600
5602
5604
5604
5606
5606
5606
5610
5610
5610
5610
5612
5614
5614
5616
5616
5620
5620
5622
5624
5626
5628
5628
5628
5630
5632
5634
5634
5634
5634
5636
5636
5636
5640
5642
5642
5650
5652
5654
5658
5660
5660
5662
5666
5674
5674
5680
5682
5682
5684
5686
5686
5690
5692
5694
5694
5696
5702
5702
5702
5702
5704
5708
5710
5714
5716
5716
5716
5718
5720
5722
5728
5730
5730
5732
5732
5734
5734
5738
5738
5738
5742
5746
5746
5748
5750
5752
5754
5754
5756
5756
5760
5762
5764
5766
5768
5768
5768
5770
5770
5774
5778
5778
5780
5782
5782
5782
5788
5788
5788
5788
5790
5792
5794
5800
5804
5804
5804
5810
5814
5814
5814
5818
5820
5822
5822
5826
5826
5828
5828
5830
5830
5832
5834
5834
5834
5836
5836
5836
5842
5844
5850
5852
5852
5852
5852
5856
5858
5864
5864
5864
5866
5866
5866
5872
5872
5872
5874
5874
5878
5882
5882
5884
5888
5892
5892
5892
5894
5894
5894
5896
5898
5900
5900
5904
5904
5904
5906
5906
5906
5906
5914
5916
5918
5918
5920
5922
5926
5928
5930
5930
5934
5936
5940
5942
5944
5946
5946
5954
5956
5958
5966
5968
5970
5972
5972
5978
5982
5984
5984
5984
5990
6006
6010
6016
6020
6024
6032
6032
6032
6042
6050
6050
6050
6054
6066
6072
6080
6084
6096
6138
6140
6184
6190
6196
6204
6232
6244
6288
6318
6378
6382
6398
6410
6434
6444
6456
6494
6524
6530
6532
6576
6582
6604
6616
6632
6642
6650
6650
6660
6690
6722
6722
6726
6740
6750
6794
6872
6932
6994
7092
7138
7192
7650
7876
7954
8178
8402
9110
9296
9348
10368
10528
10720
10752
10822
10920
10944
10966
11014
11080
11258
11394
11528
13378
13886
13912
14478
15058
16482
18272
21984
22940
24408
24460
24464
24602
24606
24988
25406
26774
35224
35236
35374
35570
35606
35614
35622
35726
35738
36260
39158
50448
60146
