Latencies
5140
5142
5176
5178
5190
5192
5198
5200
5202
5204
5206
5222
5226
5226
5228
5230
5232
5232
5234
5236
5236
5236
5240
5242
5244
5244
5252
5252
5254
5254
5256
5256
5258
5258
5258
5260
5262
5262
5262
5264
5266
5266
5266
5266
5266
5268
5268
5268
5268
5268
5268
5268
5270
5270
5270
5270
5272
5274
5274
5276
5278
5280
5280
5280
5282
5284
5284
5286
5290
5290
5292
5292
5292
5292
5294
5294
5294
5296
5296
5296
5296
5296
5298
5300
5302
5302
5302
5302
5304
5304
5304
5306
5306
5306
5308
5308
5308
5310
5312
5314
5314
5314
5316
5316
5316
5316
5316
5318
5318
5318
5318
5320
5320
5320
5322
5322
5324
5324
5324
5326
5326
5326
5326
5326
5328
5328
5328
5328
5328
5330
5332
5332
5334
5334
5334
5334
5336
5336
5336
5336
5338
5338
5338
5338
5340
5340
5342
5342
5342
5344
5344
5344
5344
5344
5344
5344
5346
5346
5346
5346
5346
5348
5348
5348
5348
5348
5350
5350
5350
5350
5350
5350
5350
5350
5350
5350
5350
5350
5350
5352
5352
5352
5352
5352
5354
5354
5356
5356
5356
5356
5356
5358
5358
5358
5360
5360
5360
5360
5360
5362
5362
5362
5364
5364
5364
5364
5364
5364
5366
5366
5366
5368
5368
5368
5368
5368
5368
5368
5368
5370
5370
5370
5370
5370
5370
5372
5372
5372
5372
5372
5374
5374
5374
5374
5374
5376
5376
5376
5376
5376
5376
5376
5378
5378
5378
5380
5380
5380
5380
5382
5382
5382
5382
5382
5382
5382
5384
5384
5384
5386
5386
5386
5386
5386
5386
5386
5388
5388
5388
5388
5388
5388
5390
5390
5390
5390
5390
5390
5390
5390
5392
5392
5392
5392
5394
5394
5396
5396
5396
5398
5398
5398
5398
5398
5400
5400
5400
5400
5402
5402
5402
5402
5402
5404
5404
5404
5406
5406
5408
5408
5408
5408
5410
5410
5410
5412
5412
5412
5416
5416
5416
5416
5418
5418
5418
5418
5418
5418
5420
5422
5422
5422
5424
5426
5428
5428
5428
5430
5430
5432
5432
5432
5432
5432
5434
5434
5434
5436
5438
5438
5438
5438
5438
5438
5438
5440
5440
5440
5440
5440
5440
5442
5442
5442
5442
5442
5442
5444
5444
5444
5446
5448
5448
5448
5450
5450
5450
5452
5452
5452
5454
5456
5456
5458
5458
5458
5460
5460
5462
5462
5464
5464
5464
5464
5464
5464
5466
5468
5468
5468
5468
5468
5470
5472
5472
5472
5474
5476
5476
5478
5478
5480
5480
5482
5482
5484
5484
5486
5488
5490
5492
5492
5494
5494
5498
5500
5502
5502
5502
5504
5506
5506
5508
5510
5510
5510
5512
5516
5516
5516
5516
5516
5518
5520
5520
5526
5530
5532
5534
5534
5534
5536
5536
5536
5540
5542
5544
5544
5546
5548
5550
5552
5552
5554
5554
5556
5556
5558
5558
5558
5568
5568
5568
5572
5572
5572
5574
5574
5574
5576
5576
5578
5580
5580
5580
5586
5590
5590
5592
5592
5594
5596
5596
5600
5604
5608
5608
5614
5616
5620
5620
5622
5624
5624
5626
5628
5632
5634
5636
5640
5650
5652
5654
5656
5656
5658
5658
5660
5664
5664
5664
5674
5676
5682
5686
5694
5698
5698
5704
5708
5714
5718
5724
5724
5734
5734
5736
5740
5742
5754
5760
5762
5764
5766
5770
5776
5778
5782
5784
5784
5784
5786
5790
5792
5798
5800
5810
5810
5814
5816
5818
5818
5818
5822
5824
5824
5826
5826
5828
5830
5834
5842
5850
5850
5854
5858
5862
5862
5864
5868
5870
5870
5872
5876
5878
5878
5882
5884
5884
5886
5890
5894
5910
5918
5918
5922
5932
5932
5936
5938
5946
5946
5948
5958
5960
5962
5962
5962
5968
5972
5972
5974
5974
5978
5986
5994
6004
6008
6010
6012
6012
6012
6016
6018
6022
6022
6028
6030
6034
6038
6040
6042
6044
6044
6052
6052
6058
6064
6072
6076
6076
6084
6086
6102
6116
6136
6136
6150
6154
6158
6176
6190
6192
6192
6194
6194
6202
6204
6208
6212
6222
6224
6226
6226
6238
6242
6250
6258
6274
6296
6322
6338
6354
6360
6390
6420
6424
6640
6650
6720
6754
6766
6804
6810
6858
6882
6962
6982
7022
7084
7100
7142
7166
7210
7318
7534
8084
8518
10380
10580
10614
10692
10746
10802
10812
10816
10934
10992
11092
11096
11192
11212
11316
11518
11600
11774
11782
12312
12900
13122
13126
13474
14114
14248
14444
14450
14472
14492
14518
14600
14630
14668
14680
14686
14690
14692
14694
14694
14710
14716
14720
14728
14744
14748
14750
14752
14752
14754
14770
14772
14794
14794
14804
14806
14810
14812
14818
14836
14838
14862
14864
14868
14874
14878
14878
14882
14882
14892
14894
14902
14902
14912
14920
14928
14934
14934
14934
14936
14940
14942
14944
14950
14962
14964
14972
14972
14972
14980
14986
14988
14988
14992
15002
15002
15008
15010
15014
15036
15040
15046
15050
15052
15062
15064
15068
15070
15074
15078
15080
15096
15100
15102
15104
15104
15114
15124
15126
15132
15136
15138
15148
15160
15164
15168
15170
15184
15212
15214
15224
15250
15254
15280
15286
15316
15328
15426
15444
15552
15572
15744
15780
15826
18276
19934
20086
20550
20786
20860
20912
22476
24132
24272
24524
24572
24648
24658
24752
24826
24834
24900
24914
24950
25098
25218
25232
25452
25550
25552
25568
26086
27540
29162
30134
30816
31592
33900
34234
34824
34964
35170
35368
35452
35458
35518
35594
35600
35612
35646
35670
35702
35730
35744
35754
35794
35828
35868
35998
36174
36266
36358
36554
36622
36644
36652
40500
40538
41362
45262
45418
60458
80176
