Latencies
4968
4988
5016
5018
5028
5052
5056
5058
5058
5064
5064
5090
5094
5096
5104
5104
5106
5108
5108
5114
5118
5122
5128
5130
5136
5138
5140
5140
5142
5142
5144
5146
5146
5148
5148
5148
5148
5154
5154
5154
5154
5156
5156
5156
5156
5162
5162
5164
5164
5166
5166
5166
5168
5168
5172
5172
5172
5172
5174
5174
5176
5178
5182
5182
5182
5184
5184
5184
5184
5188
5188
5192
5192
5192
5192
5194
5194
5194
5194
5196
5196
5196
5196
5196
5198
5198
5198
5200
5200
5200
5200
5202
5202
5202
5204
5204
5206
5206
5208
5208
5208
5210
5212
5212
5212
5212
5212
5214
5214
5214
5214
5214
5214
5214
5214
5216
5216
5216
5216
5218
5218
5220
5220
5220
5222
5222
5222
5222
5222
5222
5224
5224
5224
5224
5224
5224
5224
5226
5226
5226
5226
5228
5228
5228
5228
5228
5230
5230
5230
5232
5232
5232
5234
5236
5236
5236
5236
5236
5236
5236
5236
5238
5238
5238
5238
5238
5238
5242
5242
5242
5242
5242
5244
5244
5246
5246
5246
5246
5248
5248
5248
5250
5250
5250
5252
5252
5252
5252
5252
5252
5254
5254
5254
5254
5254
5256
5258
5258
5258
5258
5258
5258
5258
5258
5258
5258
5258
5258
5260
5260
5260
5260
5260
5260
5260
5260
5262
5264
5264
5264
5264
5264
5266
5266
5268
5268
5268
5270
5270
5270
5270
5270
5272
5272
5272
5272
5274
5274
5274
5274
5274
5278
5280
5280
5280
5282
5284
5284
5284
5286
5286
5286
5288
5290
5290
5290
5292
5292
5294
5294
5294
5294
5296
5296
5296
5296
5296
5296
5298
5298
5298
5298
5300
5300
5300
5300
5300
5300
5302
5302
5302
5302
5304
5304
5304
5308
5308
5308
5308
5310
5310
5310
5312
5312
5312
5314
5314
5316
5318
5322
5322
5326
5326
5326
5328
5328
5328
5332
5332
5332
5334
5334
5334
5336
5336
5336
5338
5338
5338
5338
5340
5340
5340
5340
5342
5342
5342
5342
5342
5342
5342
5344
5346
5346
5348
5350
5352
5352
5352
5358
5358
5358
5358
5360
5362
5362
5362
5362
5364
5364
5364
5366
5366
5366
5366
5368
5370
5370
5370
5372
5372
5372
5376
5376
5376
5376
5376
5378
5378
5378
5382
5386
5386
5386
5386
5388
5388
5388
5390
5390
5392
5392
5392
5396
5398
5400
5400
5400
5400
5400
5400
5402
5404
5406
5406
5408
5408
5408
5408
5410
5412
5414
5418
5418
5420
5420
5420
5420
5422
5424
5426
5428
5430
5434
5434
5434
5436
5436
5436
5440
5442
5442
5444
5444
5448
5450
5454
5454
5456
5456
5458
5458
5460
5462
5464
5464
5464
5464
5468
5470
5472
5472
5472
5474
5474
5476
5476
5478
5482
5484
5486
5486
5488
5488
5488
5492
5492
5494
5500
5500
5500
5500
5500
5500
5502
5506
5510
5512
5516
5516
5520
5520
5522
5522
5524
5524
5526
5526
5526
5528
5528
5530
5530
5530
5532
5532
5532
5534
5534
5534
5536
5536
5538
5544
5544
5544
5544
5546
5546
5546
5548
5548
5548
5552
5554
5558
5558
5558
5564
5566
5568
5568
5568
5568
5572
5572
5574
5574
5574
5574
5576
5578
5578
5580
5580
5586
5588
5590
5590
5590
5598
5614
5614
5616
5618
5620
5622
5622
5622
5624
5624
5626
5626
5630
5640
5640
5642
5644
5646
5648
5648
5650
5650
5652
5654
5656
5660
5660
5662
5662
5662
5664
5664
5664
5664
5664
5664
5670
5670
5670
5672
5672
5674
5676
5680
5680
5680
5682
5682
5682
5688
5690
5690
5692
5694
5694
5700
5700
5702
5704
5704
5704
5706
5706
5714
5718
5720
5722
5726
5726
5728
5730
5730
5730
5732
5744
5746
5748
5752
5758
5762
5762
5764
5764
5766
5766
5768
5768
5772
5772
5774
5774
5776
5776
5778
5778
5778
5780
5782
5782
5782
5784
5786
5790
5790
5794
5796
5796
5798
5798
5800
5802
5808
5808
5810
5812
5814
5816
5816
5818
5818
5822
5822
5822
5822
5836
5842
5844
5848
5856
5860
5862
5870
5870
5872
5872
5874
5874
5876
5880
5882
5884
5886
5886
5892
5892
5892
5892
5894
5898
5902
5904
5908
5912
5918
5920
5922
5924
5924
5928
5930
5932
5932
5936
5938
5948
5962
5966
5966
5970
5970
5972
5976
5980
5984
5984
5990
5992
5994
5998
5998
6002
6014
6020
6020
6020
6026
6028
6030
6038
6052
6052
6064
6066
6066
6070
6070
6080
6082
6084
6100
6104
6108
6124
6142
6148
6150
6152
6166
6166
6170
6178
6180
6182
6186
6200
6214
6214
6216
6236
6242
6268
6296
6328
6426
6466
6498
6538
6584
6588
6600
6602
6610
6626
6698
6886
6970
7114
7258
7482
7608
7824
8074
8148
8482
8892
9524
9686
10078
10336
10510
10786
10884
10958
11018
11266
13338
13768
13870
14134
14202
14306
14474
14500
14548
14584
14584
14596
14602
14616
14624
14642
14642
14676
14680
14700
14712
14714
14724
14738
14744
14748
14750
14764
14766
14770
14780
14780
14792
14792
14794
14802
14810
14828
14836
14850
14854
14856
14860
14870
14872
14874
14886
14902
14912
14918
14938
14944
14954
14960
14962
14966
14966
14966
14972
14974
14978
14990
14994
14994
15004
15006
15006
15008
15026
15034
15050
15064
15070
15072
15088
15088
15102
15116
15124
15126
15126
15132
15152
15168
15170
15180
15186
15198
15200
15216
15220
15222
15232
15238
15248
15248
15250
15254
15270
15276
15280
15284
15288
15302
15320
15324
15340
15346
15350
15354
15358
15364
15368
15392
15394
15394
15404
15408
15444
15444
15448
15452
15454
15462
15466
15482
15486
15508
15582
15594
15600
15618
15650
15660
15692
15700
15714
15802
15818
15884
15918
15924
15982
16136
16244
16346
16870
19478
20224
20224
20428
20534
20718
23460
23926
24040
24134
24344
24568
24656
24776
24820
25204
25254
25282
25284
25312
25320
25378
25434
25472
25732
25888
26280
27588
29296
29566
33622
33684
33896
34106
34216
34420
34896
34920
34960
35136
35174
35432
35484
35516
35610
35614
35628
35664
35818
35878
35892
36778
39974
40194
40560
43464
43806
44256
45506
45664
45784
46186
49702
50804
52416
69908
400484
