Latencies
5114
5124
5134
5136
5142
5144
5146
5150
5156
5160
5162
5166
5168
5172
5172
5176
5182
5182
5186
5186
5192
5194
5196
5196
5200
5202
5208
5210
5212
5214
5214
5220
5224
5224
5224
5228
5228
5228
5230
5230
5230
5232
5232
5234
5234
5236
5238
5240
5246
5248
5250
5252
5252
5252
5254
5256
5258
5260
5262
5266
5270
5272
5276
5276
5278
5278
5278
5278
5280
5280
5280
5280
5282
5284
5284
5284
5286
5288
5288
5288
5288
5290
5292
5292
5292
5292
5292
5294
5296
5296
5298
5300
5300
5302
5304
5304
5304
5306
5308
5308
5310
5310
5310
5312
5314
5314
5314
5314
5314
5314
5316
5316
5318
5318
5318
5318
5318
5318
5320
5320
5322
5324
5324
5328
5328
5328
5328
5328
5328
5330
5330
5330
5330
5332
5332
5332
5334
5334
5334
5334
5336
5338
5340
5340
5340
5342
5342
5344
5344
5344
5346
5346
5346
5346
5346
5348
5350
5350
5350
5350
5352
5352
5352
5354
5354
5356
5356
5358
5360
5360
5360
5362
5362
5362
5362
5362
5364
5364
5364
5364
5364
5364
5366
5366
5366
5366
5366
5370
5370
5370
5370
5370
5372
5372
5372
5372
5372
5372
5378
5378
5378
5380
5380
5380
5380
5380
5380
5382
5384
5384
5386
5388
5388
5388
5388
5392
5392
5392
5392
5392
5394
5394
5394
5396
5396
5396
5396
5398
5398
5400
5400
5400
5400
5400
5400
5400
5402
5404
5404
5404
5404
5406
5410
5412
5412
5412
5412
5414
5414
5414
5416
5418
5418
5418
5420
5420
5422
5422
5422
5422
5422
5424
5424
5428
5428
5430
5432
5434
5434
5434
5434
5434
5434
5436
5436
5436
5438
5438
5440
5440
5442
5442
5442
5444
5446
5448
5448
5450
5452
5452
5452
5454
5454
5456
5456
5458
5458
5458
5460
5462
5462
5462
5464
5466
5466
5466
5468
5470
5470
5470
5472
5472
5474
5474
5474
5478
5478
5478
5480
5482
5484
5486
5486
5488
5492
5492
5492
5492
5494
5494
5498
5498
5500
5502
5502
5502
5502
5504
5504
5506
5506
5506
5508
5508
5508
5510
5510
5512
5512
5512
5512
5512
5514
5514
5514
5514
5516
5516
5516
5518
5518
5520
5522
5524
5524
5524
5524
5524
5526
5528
5528
5528
5530
5530
5530
5532
5532
5532
5532
5534
5536
5536
5536
5536
5540
5540
5540
5540
5540
5540
5542
5542
5544
5544
5544
5544
5546
5546
5546
5548
5548
5550
5554
5554
5556
5556
5556
5556
5556
5558
5558
5558
5560
5560
5562
5562
5566
5566
5568
5568
5570
5570
5574
5576
5578
5578
5578
5580
5580
5582
5584
5586
5586
5586
5590
5590
5590
5592
5594
5594
5594
5596
5600
5600
5600
5602
5602
5604
5606
5606
5606
5606
5608
5608
5614
5618
5618
5618
5620
5622
5622
5624
5628
5630
5634
5634
5634
5636
5636
5638
5638
5640
5644
5648
5652
5654
5656
5664
5670
5670
5672
5674
5674
5676
5678
5678
5678
5680
5680
5680
5682
5684
5684
5684
5688
5692
5694
5696
5696
5696
5696
5698
5698
5702
5708
5714
5714
5714
5714
5716
5716
5720
5722
5726
5728
5730
5732
5738
5738
5738
5742
5754
5756
5756
5760
5762
5764
5764
5770
5770
5776
5778
5782
5786
5788
5788
5788
5790
5790
5792
5794
5796
5796
5800
5800
5802
5802
5806
5808
5810
5812
5812
5814
5816
5824
5824
5824
5830
5832
5832
5834
5838
5842
5844
5846
5846
5850
5850
5852
5852
5854
5854
5856
5866
5866
5878
5878
5878
5884
5886
5890
5892
5894
5896
5896
5896
5898
5908
5912
5920
5932
5934
5940
5940
5940
5940
5942
5944
5944
5946
5946
5948
5948
5950
5958
5960
5962
5968
5968
5970
5972
5976
5980
5980
5988
5992
5992
5992
5998
5998
6008
6010
6014
6014
6016
6016
6020
6022
6024
6030
6036
6038
6052
6058
6058
6062
6062
6064
6076
6076
6076
6082
6088
6100
6108
6110
6120
6126
6146
6148
6150
6150
6156
6166
6166
6170
6188
6190
6194
6214
6250
6250
6262
6280
6280
6290
6290
6296
6302
6302
6308
6316
6328
6338
6342
6356
6422
6456
6528
6568
6588
6598
6656
6728
6796
6876
7034
7058
7066
7122
7166
7346
8128
8298
10494
10640
10792
10860
13672
14120
14300
14476
14496
14498
14522
14606
14630
14636
14650
14658
14670
14700
14716
14720
14734
14742
14766
14790
14790
14794
14800
14830
14852
14882
14920
14920
14980
14984
15012
15032
15050
15088
15088
15094
15096
15102
15114
15122
15122
15128
15132
15138
15144
15144
15146
15150
15168
15174
15178
15180
15184
15190
15194
15194
15222
15268
15290
15296
15338
15372
15384
15432
15450
15570
15594
15616
15676
17076
17598
17648
22114
23748
23836
23910
24290
24298
24348
24432
24492
24500
24596
24632
24670
24672
24688
24794
24804
24826
24828
24984
24988
25044
25262
25282
25832
26194
26694
26708
27286
27832
28278
29266
31160
31410
31948
35204
35338
35676
35682
35720
35728
35770
35794
35800
36182
36202
36228
36582
38070
40568
40708
40934
41454
42012
42198
43382
43544
43830
43926
45750
46838
1462928
