Latencies
5128
5140
5146
5148
5150
5150
5152
5154
5158
5162
5162
5162
5168
5170
5172
5174
5176
5176
5176
5178
5180
5180
5180
5180
5184
5184
5186
5194
5194
5196
5198
5198
5200
5202
5204
5204
5204
5206
5206
5208
5208
5208
5214
5214
5214
5216
5216
5218
5218
5220
5220
5220
5222
5228
5234
5234
5234
5234
5234
5236
5236
5238
5240
5240
5240
5244
5244
5244
5246
5250
5250
5250
5254
5256
5256
5258
5258
5260
5264
5264
5266
5270
5270
5270
5270
5272
5272
5272
5272
5274
5274
5278
5278
5278
5280
5280
5280
5280
5280
5282
5282
5282
5282
5284
5286
5286
5286
5288
5288
5288
5292
5292
5294
5294
5294
5296
5296
5298
5298
5298
5300
5300
5302
5302
5302
5302
5306
5306
5306
5308
5308
5308
5310
5310
5312
5312
5312
5314
5314
5316
5316
5316
5316
5318
5318
5318
5318
5320
5320
5320
5320
5322
5322
5324
5324
5324
5324
5324
5326
5326
5328
5328
5328
5330
5330
5330
5330
5332
5334
5336
5336
5336
5338
5340
5342
5342
5342
5342
5342
5344
5344
5344
5344
5344
5344
5346
5346
5348
5348
5348
5348
5348
5348
5348
5350
5350
5350
5350
5350
5350
5352
5352
5352
5352
5352
5354
5354
5356
5356
5356
5356
5356
5356
5356
5360
5362
5366
5366
5366
5366
5368
5368
5368
5368
5368
5368
5368
5368
5370
5370
5370
5370
5372
5372
5372
5374
5374
5374
5374
5374
5376
5376
5376
5376
5376
5378
5378
5378
5378
5378
5378
5380
5380
5380
5380
5382
5382
5382
5382
5384
5384
5384
5384
5384
5386
5386
5386
5386
5386
5386
5386
5386
5386
5386
5386
5388
5388
5388
5390
5390
5390
5390
5392
5392
5392
5392
5392
5392
5392
5394
5394
5394
5394
5396
5396
5398
5398
5398
5398
5398
5398
5400
5400
5400
5402
5402
5402
5402
5404
5404
5404
5404
5406
5406
5406
5406
5406
5406
5406
5408
5408
5408
5412
5412
5414
5416
5416
5416
5416
5418
5418
5418
5418
5418
5418
5418
5420
5420
5420
5420
5420
5420
5420
5420
5422
5422
5422
5424
5426
5426
5426
5428
5428
5428
5430
5430
5430
5430
5430
5432
5434
5434
5434
5434
5438
5438
5438
5440
5440
5440
5442
5442
5444
5444
5446
5446
5446
5446
5446
5448
5448
5448
5450
5450
5450
5450
5452
5452
5452
5454
5454
5454
5454
5454
5454
5454
5454
5456
5458
5458
5458
5458
5458
5458
5460
5460
5460
5460
5460
5462
5462
5466
5466
5468
5470
5472
5472
5474
5474
5474
5478
5480
5480
5480
5480
5482
5484
5484
5484
5486
5486
5486
5492
5494
5494
5494
5494
5496
5496
5498
5498
5500
5504
5506
5508
5508
5508
5508
5508
5512
5514
5516
5516
5516
5516
5518
5518
5518
5518
5520
5522
5522
5522
5522
5524
5526
5526
5528
5528
5530
5532
5532
5534
5536
5536
5540
5540
5542
5542
5542
5546
5546
5548
5548
5550
5552
5552
5554
5556
5560
5560
5560
5562
5566
5566
5570
5570
5570
5570
5572
5572
5572
5574
5578
5580
5580
5580
5580
5580
5580
5580
5582
5582
5584
5588
5588
5592
5594
5600
5600
5600
5602
5604
5604
5606
5606
5610
5612
5612
5614
5620
5622
5626
5626
5626
5628
5630
5630
5630
5632
5632
5634
5634
5636
5636
5636
5636
5636
5638
5644
5644
5648
5650
5650
5650
5654
5654
5656
5666
5666
5666
5668
5668
5672
5672
5674
5676
5676
5678
5682
5686
5688
5690
5692
5692
5694
5696
5698
5698
5698
5700
5704
5706
5706
5708
5710
5712
5712
5718
5718
5718
5720
5720
5720
5726
5732
5732
5736
5736
5736
5738
5740
5742
5742
5744
5748
5750
5750
5756
5756
5756
5758
5766
5766
5766
5768
5772
5772
5772
5774
5774
5778
5780
5780
5782
5788
5796
5796
5798
5798
5800
5800
5802
5804
5804
5812
5816
5818
5818
5820
5820
5820
5824
5824
5828
5832
5832
5832
5834
5834
5834
5836
5836
5836
5842
5846
5848
5862
5866
5866
5866
5870
5874
5874
5874
5874
5874
5876
5878
5880
5880
5884
5884
5884
5886
5886
5892
5892
5894
5894
5896
5898
5902
5908
5910
5918
5918
5920
5920
5922
5924
5924
5924
5924
5928
5930
5932
5934
5934
5936
5938
5938
5940
5942
5948
5948
5950
5952
5952
5954
5954
5956
5958
5958
5958
5958
5962
5962
5962
5964
5966
5972
5976
5976
5980
5986
5990
5992
5996
6002
6008
6010
6010
6012
6014
6014
6014
6018
6018
6022
6022
6024
6032
6034
6034
6036
6038
6038
6038
6042
6044
6048
6050
6050
6052
6052
6052
6052
6056
6058
6070
6070
6072
6078
6082
6084
6086
6090
6094
6104
6106
6108
6116
6124
6126
6126
6130
6130
6132
6132
6142
6146
6148
6152
6156
6158
6158
6160
6172
6178
6190
6198
6202
6202
6204
6208
6216
6220
6224
6236
6242
6242
6244
6250
6250
6254
6256
6260
6262
6268
6272
6278
6282
6300
6306
6320
6324
6328
6342
6344
6350
6388
6390
6402
6412
6418
6424
6448
6456
6464
6474
6534
6536
6536
6558
6610
6628
6628
6634
6640
6716
6738
6844
6844
6856
6904
6982
7056
7086
7088
7146
7154
7236
7244
7260
7324
7350
7382
7402
7416
7438
7460
7480
7566
7920
8058
8292
8410
8440
8554
8802
8828
9172
9198
9498
9538
9676
10140
10196
10414
10440
10560
10596
10600
10634
11092
11134
11152
11280
11294
11376
11784
11786
11936
12108
12130
12654
12774
12800
13004
13384
13394
13934
14388
14474
14558
15096
15122
15268
15722
15850
15890
16070
16164
16942
17022
18904
18966
19470
20090
20568
21096
21272
21442
21810
21824
21968
22026
22144
22210
22458
23392
23474
23836
24132
24378
24536
25028
25380
25664
26092
26172
26220
27218
27418
28062
28716
29844
29906
32244
32762
32858
33192
33330
33582
33978
34694
35304
35770
35776
35996
36306
37520
40560
41362
43470
43636
52798
66382
