Latencies
5070
5086
5088
5094
5098
5104
5106
5108
5112
5122
5126
5130
5132
5136
5142
5144
5146
5150
5156
5158
5158
5162
5166
5166
5172
5172
5174
5176
5176
5182
5184
5186
5188
5188
5190
5190
5192
5192
5194
5194
5194
5196
5196
5196
5198
5198
5200
5200
5200
5206
5206
5208
5208
5208
5210
5210
5216
5216
5216
5218
5220
5220
5222
5222
5224
5224
5226
5226
5228
5228
5230
5230
5232
5234
5236
5236
5236
5236
5236
5238
5238
5238
5238
5240
5240
5240
5240
5242
5244
5246
5246
5248
5250
5252
5254
5254
5254
5258
5258
5258
5258
5258
5260
5260
5262
5262
5264
5264
5264
5264
5264
5264
5266
5266
5266
5268
5268
5268
5268
5270
5270
5272
5272
5274
5274
5274
5274
5276
5276
5276
5276
5276
5276
5276
5276
5276
5278
5278
5278
5278
5278
5278
5280
5280
5280
5282
5282
5282
5282
5282
5282
5284
5284
5284
5284
5286
5288
5290
5292
5294
5294
5294
5294
5294
5294
5296
5296
5296
5296
5296
5296
5298
5298
5298
5298
5298
5298
5298
5300
5300
5304
5304
5304
5306
5306
5306
5306
5306
5306
5308
5308
5308
5308
5308
5310
5310
5310
5310
5312
5312
5312
5312
5312
5314
5314
5314
5314
5314
5314
5314
5314
5316
5316
5316
5316
5318
5318
5318
5318
5318
5318
5318
5320
5320
5322
5322
5322
5322
5322
5324
5324
5324
5324
5324
5326
5326
5328
5330
5330
5330
5330
5332
5332
5332
5332
5332
5332
5334
5334
5334
5334
5334
5336
5336
5336
5336
5336
5336
5338
5340
5340
5340
5340
5340
5340
5340
5342
5342
5344
5344
5344
5344
5344
5344
5344
5346
5346
5348
5350
5350
5350
5350
5350
5352
5352
5352
5352
5352
5352
5352
5354
5354
5354
5354
5356
5356
5356
5358
5358
5358
5358
5360
5360
5364
5364
5366
5366
5366
5366
5368
5368
5368
5370
5370
5372
5372
5372
5372
5372
5374
5374
5374
5376
5376
5378
5378
5378
5378
5378
5378
5380
5380
5380
5380
5380
5382
5382
5382
5384
5384
5384
5384
5384
5384
5384
5386
5386
5386
5386
5386
5386
5386
5386
5388
5388
5390
5390
5390
5390
5392
5392
5392
5394
5394
5396
5396
5396
5398
5398
5400
5400
5400
5402
5404
5404
5404
5406
5406
5408
5408
5410
5410
5410
5410
5412
5414
5414
5416
5416
5418
5420
5420
5422
5422
5422
5422
5424
5424
5424
5426
5426
5428
5428
5430
5430
5430
5430
5430
5432
5432
5432
5436
5438
5440
5440
5442
5442
5442
5442
5444
5446
5446
5448
5448
5448
5448
5450
5452
5454
5454
5456
5456
5456
5458
5460
5462
5462
5464
5466
5466
5468
5468
5470
5470
5470
5470
5470
5472
5472
5474
5478
5478
5478
5478
5480
5484
5484
5484
5484
5484
5486
5486
5488
5488
5490
5490
5492
5494
5494
5496
5496
5498
5498
5500
5502
5506
5506
5506
5508
5510
5510
5510
5512
5512
5514
5516
5516
5516
5520
5520
5522
5524
5526
5526
5526
5528
5528
5528
5530
5530
5530
5532
5532
5532
5534
5536
5536
5536
5538
5538
5540
5542
5542
5544
5546
5546
5546
5546
5548
5550
5550
5552
5554
5554
5554
5554
5556
5556
5556
5558
5558
5560
5560
5564
5564
5566
5566
5566
5566
5568
5570
5570
5570
5574
5574
5576
5578
5578
5578
5580
5580
5582
5582
5584
5584
5588
5590
5590
5592
5594
5594
5598
5602
5602
5602
5604
5604
5604
5606
5606
5608
5608
5610
5612
5614
5614
5616
5618
5620
5622
5622
5624
5624
5628
5630
5634
5636
5640
5642
5642
5644
5644
5644
5648
5648
5650
5650
5650
5652
5654
5656
5660
5660
5662
5664
5666
5668
5668
5668
5670
5670
5676
5676
5676
5676
5678
5680
5680
5684
5688
5688
5694
5698
5698
5702
5704
5708
5708
5710
5710
5712
5718
5718
5720
5720
5724
5726
5726
5738
5742
5744
5750
5750
5754
5754
5756
5756
5756
5756
5756
5758
5758
5762
5764
5764
5772
5772
5772
5772
5772
5782
5782
5782
5782
5784
5794
5796
5800
5800
5800
5800
5800
5804
5804
5808
5810
5812
5816
5818
5818
5824
5826
5828
5828
5828
5828
5828
5832
5834
5834
5838
5842
5842
5842
5844
5844
5848
5848
5850
5850
5850
5850
5852
5854
5858
5860
5864
5866
5868
5872
5872
5874
5874
5882
5882
5882
5882
5884
5884
5890
5894
5894
5896
5898
5900
5906
5906
5910
5910
5910
5912
5912
5912
5916
5918
5920
5920
5922
5924
5926
5932
5932
5932
5934
5936
5944
5946
5946
5948
5948
5948
5950
5952
5962
5962
5968
5968
5968
5972
5974
5982
5986
5988
5990
5992
5994
5994
5994
5996
5998
6002
6004
6004
6004
6010
6012
6012
6016
6018
6020
6026
6026
6030
6034
6034
6036
6040
6044
6046
6048
6054
6054
6054
6054
6056
6058
6058
6058
6060
6062
6064
6070
6076
6076
6076
6078
6080
6082
6082
6086
6088
6092
6094
6094
6094
6096
6102
6104
6106
6108
6108
6110
6116
6128
6128
6128
6132
6132
6132
6132
6134
6136
6138
6138
6140
6142
6142
6144
6150
6154
6158
6164
6166
6182
6186
6192
6192
6192
6194
6196
6198
6210
6210
6218
6226
6226
6234
6244
6250
6254
6256
6256
6258
6264
6268
6268
6268
6274
6276
6286
6292
6310
6314
6314
6342
6350
6384
6406
6430
6432
6444
6472
6484
6488
6490
6542
6550
6564
6570
6602
6620
6634
6714
6718
6756
6768
6878
6882
6892
6908
6928
6936
6946
6954
7056
7074
7124
7130
7142
7282
7340
7524
7584
7612
7746
8096
8638
8646
8800
8892
9388
9390
10064
10146
10304
10458
10638
11194
11552
11672
12044
12078
12108
12846
13224
13532
13818
14016
14136
14836
14968
14992
15092
15222
16460
16726
17644
17924
17938
18022
18064
18530
18790
20226
20414
20830
21344
21456
22792
23614
23832
23892
24536
24686
25414
26068
26260
27144
27164
27268
28392
28434
28730
28790
29666
30220
32004
34014
34308
35312
36172
36332
36372
36678
40996
41364
52412
76490
