Latencies
5166
5174
5180
5188
5192
5196
5198
5202
5202
5208
5208
5208
5214
5224
5234
5238
5242
5242
5244
5246
5246
5252
5254
5256
5260
5260
5264
5264
5268
5270
5272
5272
5276
5278
5280
5282
5284
5288
5288
5288
5290
5290
5292
5292
5294
5294
5294
5294
5296
5296
5296
5296
5296
5298
5298
5298
5298
5300
5300
5300
5302
5302
5302
5304
5304
5306
5306
5306
5306
5308
5308
5310
5316
5318
5318
5318
5320
5320
5320
5320
5322
5322
5322
5322
5324
5324
5324
5326
5326
5326
5326
5326
5328
5328
5330
5330
5332
5332
5332
5332
5334
5334
5334
5336
5338
5338
5338
5338
5340
5340
5340
5340
5342
5342
5346
5346
5348
5348
5350
5352
5354
5354
5356
5358
5358
5358
5360
5360
5360
5362
5364
5366
5366
5368
5368
5368
5368
5368
5370
5370
5370
5370
5370
5370
5372
5372
5372
5372
5376
5376
5376
5376
5378
5378
5378
5378
5380
5380
5382
5384
5384
5384
5384
5384
5384
5384
5386
5386
5386
5386
5386
5386
5386
5386
5388
5388
5388
5390
5390
5390
5390
5392
5392
5392
5394
5394
5394
5394
5396
5396
5396
5398
5398
5398
5398
5398
5398
5400
5400
5400
5400
5402
5402
5404
5404
5404
5404
5404
5404
5406
5406
5406
5406
5406
5408
5408
5410
5410
5410
5410
5410
5412
5412
5412
5414
5414
5414
5414
5414
5416
5416
5418
5418
5418
5418
5420
5420
5420
5420
5420
5422
5422
5422
5422
5422
5422
5424
5424
5424
5424
5424
5424
5424
5426
5426
5426
5426
5426
5426
5428
5428
5428
5428
5428
5428
5430
5430
5432
5432
5432
5434
5434
5434
5434
5434
5434
5434
5434
5436
5436
5436
5436
5438
5438
5440
5440
5440
5440
5442
5442
5444
5444
5444
5446
5446
5446
5448
5448
5450
5450
5450
5450
5450
5452
5452
5452
5452
5454
5456
5458
5458
5460
5460
5460
5460
5462
5462
5462
5464
5464
5464
5464
5466
5466
5466
5466
5466
5468
5468
5468
5468
5470
5470
5472
5474
5474
5474
5474
5476
5476
5478
5478
5478
5480
5482
5482
5482
5482
5484
5484
5488
5490
5490
5490
5492
5494
5494
5496
5496
5496
5496
5496
5498
5498
5498
5500
5500
5500
5500
5500
5500
5500
5502
5502
5504
5506
5506
5508
5508
5510
5512
5512
5514
5514
5514
5516
5516
5516
5518
5518
5518
5518
5520
5520
5520
5520
5520
5522
5522
5522
5524
5524
5524
5526
5526
5530
5532
5532
5532
5532
5532
5534
5534
5536
5536
5538
5538
5538
5538
5538
5540
5540
5544
5544
5546
5546
5546
5548
5548
5548
5550
5550
5550
5552
5552
5554
5556
5556
5556
5556
5560
5560
5560
5560
5564
5566
5568
5568
5568
5568
5570
5570
5570
5570
5572
5572
5572
5574
5576
5576
5578
5580
5580
5582
5582
5584
5584
5586
5586
5588
5588
5590
5590
5590
5592
5592
5592
5594
5594
5594
5594
5596
5596
5596
5598
5600
5600
5600
5602
5602
5602
5602
5604
5606
5606
5608
5608
5610
5610
5610
5612
5612
5612
5614
5618
5618
5620
5620
5622
5622
5622
5624
5628
5630
5630
5630
5632
5632
5634
5636
5638
5638
5638
5638
5638
5640
5642
5642
5642
5646
5648
5648
5652
5652
5652
5654
5658
5658
5658
5660
5660
5660
5660
5660
5662
5666
5666
5668
5668
5668
5670
5674
5676
5676
5678
5680
5680
5684
5686
5686
5686
5686
5686
5688
5690
5690
5690
5690
5692
5692
5692
5694
5694
5694
5694
5698
5700
5700
5702
5702
5704
5704
5704
5706
5708
5708
5708
5710
5710
5712
5712
5712
5712
5712
5712
5716
5716
5716
5720
5722
5722
5724
5724
5728
5730
5730
5730
5734
5736
5736
5738
5740
5740
5740
5744
5748
5752
5754
5754
5754
5756
5758
5760
5760
5760
5760
5762
5764
5764
5764
5764
5766
5768
5768
5770
5770
5772
5774
5776
5778
5782
5784
5784
5786
5786
5786
5788
5788
5790
5790
5790
5792
5800
5802
5802
5808
5808
5810
5814
5814
5816
5816
5818
5820
5824
5824
5828
5830
5830
5832
5832
5834
5834
5836
5836
5836
5838
5840
5840
5846
5848
5848
5852
5854
5858
5860
5860
5868
5870
5872
5872
5874
5876
5880
5882
5884
5884
5888
5888
5890
5890
5894
5894
5894
5896
5896
5900
5902
5906
5908
5908
5912
5912
5912
5914
5916
5918
5924
5924
5926
5928
5932
5932
5934
5938
5938
5940
5940
5942
5944
5946
5946
5946
5948
5950
5952
5954
5956
5964
5964
5972
5974
5974
5974
5976
5978
5978
5978
5978
5982
5986
5986
5992
5994
5996
5996
5998
5998
6000
6002
6004
6004
6004
6010
6014
6016
6018
6020
6020
6024
6026
6032
6032
6032
6032
6036
6036
6042
6044
6050
6050
6050
6054
6058
6058
6066
6066
6068
6070
6074
6078
6078
6080
6082
6084
6084
6088
6088
6088
6096
6098
6104
6104
6108
6108
6114
6114
6118
6118
6120
6134
6138
6138
6138
6142
6144
6146
6148
6150
6150
6152
6154
6156
6158
6162
6164
6178
6180
6182
6186
6188
6192
6192
6208
6212
6214
6216
6216
6224
6224
6224
6226
6226
6226
6226
6230
6234
6248
6248
6252
6252
6254
6260
6268
6274
6278
6282
6312
6318
6336
6348
6356
6362
6362
6372
6372
6378
6380
6384
6388
6392
6416
6448
6450
6452
6466
6476
6476
6492
6508
6528
6536
6540
6552
6554
6566
6574
6632
6666
6674
6710
6710
6718
6720
6728
6834
6840
6870
6870
6878
6880
6904
6928
6962
6990
6996
7006
7040
7078
7084
7102
7106
7150
7244
7282
7292
7296
7322
7336
7346
7352
7358
7408
7410
7426
7482
7490
7524
7612
7612
7682
7686
7692
7716
7782
7788
7952
8024
8306
8312
8324
8332
8342
8372
8614
8640
8720
8844
9046
9380
9660
9816
9846
9932
10116
10156
10440
10612
10714
10722
10858
11146
11332
11448
11880
12356
12706
12940
13578
13660
14342
14552
14680
14874
14992
15278
20396
20446
20708
21794
22646
23542
23898
24134
24470
24896
25402
25712
26912
27386
27578
31868
32356
33684
37232
39026
39860
41850
42746
53078
