Latencies
5126
5144
5146
5148
5152
5154
5154
5178
5178
5180
5182
5182
5182
5188
5190
5192
5194
5196
5198
5204
5206
5208
5208
5210
5214
5218
5218
5218
5222
5222
5224
5226
5228
5232
5234
5234
5236
5238
5240
5240
5240
5242
5242
5242
5244
5248
5248
5252
5252
5254
5258
5258
5258
5262
5262
5264
5264
5268
5272
5272
5272
5274
5274
5274
5276
5276
5280
5280
5280
5282
5282
5284
5286
5288
5288
5292
5294
5294
5296
5296
5298
5298
5300
5300
5302
5302
5304
5304
5304
5306
5306
5306
5308
5308
5310
5312
5312
5312
5312
5314
5314
5316
5316
5316
5318
5318
5318
5320
5320
5322
5324
5324
5324
5324
5326
5326
5328
5328
5328
5328
5328
5328
5330
5330
5332
5332
5332
5332
5332
5332
5334
5334
5336
5338
5338
5340
5340
5340
5342
5342
5342
5342
5342
5344
5344
5344
5344
5346
5346
5348
5348
5348
5348
5348
5350
5350
5352
5352
5352
5352
5354
5354
5354
5354
5354
5354
5356
5356
5356
5356
5358
5358
5358
5358
5360
5360
5360
5360
5360
5360
5362
5362
5362
5362
5362
5364
5364
5364
5364
5364
5364
5366
5366
5366
5366
5366
5366
5366
5368
5368
5368
5368
5368
5368
5368
5368
5370
5370
5372
5372
5372
5372
5372
5372
5372
5374
5374
5374
5374
5374
5374
5374
5376
5376
5376
5376
5376
5376
5376
5376
5376
5376
5378
5378
5378
5378
5378
5380
5380
5380
5380
5380
5382
5382
5382
5382
5382
5384
5384
5384
5386
5386
5386
5386
5386
5386
5386
5386
5386
5388
5388
5388
5388
5390
5390
5390
5392
5394
5394
5394
5394
5394
5394
5396
5396
5396
5396
5396
5396
5396
5396
5398
5398
5400
5400
5400
5400
5402
5402
5402
5402
5404
5404
5406
5406
5406
5406
5408
5408
5408
5408
5408
5408
5408
5408
5410
5410
5410
5410
5410
5410
5414
5414
5416
5416
5416
5416
5418
5418
5418
5418
5418
5418
5418
5420
5420
5420
5420
5420
5420
5420
5420
5422
5422
5422
5422
5422
5422
5422
5424
5424
5426
5426
5426
5426
5426
5428
5430
5430
5430
5430
5430
5430
5432
5432
5432
5434
5434
5434
5436
5436
5436
5436
5436
5436
5436
5436
5438
5438
5438
5438
5440
5442
5442
5442
5442
5442
5444
5444
5444
5446
5446
5446
5448
5448
5448
5448
5450
5450
5452
5452
5452
5452
5452
5452
5452
5454
5454
5456
5456
5458
5460
5460
5460
5460
5460
5460
5462
5462
5462
5462
5464
5466
5466
5466
5468
5468
5470
5472
5474
5474
5476
5476
5476
5476
5478
5478
5478
5478
5478
5478
5478
5480
5480
5480
5482
5482
5482
5484
5486
5486
5488
5488
5490
5492
5492
5494
5494
5494
5496
5496
5498
5500
5502
5502
5502
5502
5506
5510
5510
5512
5512
5514
5514
5516
5516
5516
5518
5518
5518
5520
5520
5522
5522
5524
5524
5524
5524
5526
5526
5526
5528
5528
5530
5530
5530
5530
5532
5536
5538
5542
5544
5544
5546
5546
5546
5552
5554
5554
5554
5554
5558
5558
5558
5560
5562
5564
5568
5568
5570
5570
5572
5572
5572
5576
5576
5576
5576
5578
5578
5578
5578
5578
5580
5580
5580
5582
5588
5588
5588
5590
5592
5594
5594
5596
5596
5598
5598
5600
5600
5600
5608
5608
5608
5610
5610
5612
5612
5614
5616
5616
5616
5616
5618
5618
5624
5624
5626
5628
5634
5636
5636
5638
5638
5638
5640
5640
5642
5642
5644
5644
5646
5648
5648
5650
5650
5650
5654
5656
5656
5658
5658
5658
5660
5662
5662
5666
5668
5668
5670
5672
5672
5678
5678
5682
5682
5684
5686
5688
5690
5694
5696
5696
5696
5700
5700
5706
5710
5714
5718
5720
5720
5720
5722
5724
5724
5724
5726
5726
5734
5746
5750
5752
5752
5754
5754
5754
5754
5758
5758
5760
5762
5776
5776
5780
5782
5784
5784
5786
5786
5786
5788
5792
5794
5796
5798
5800
5802
5804
5804
5812
5812
5814
5814
5820
5820
5822
5822
5824
5828
5832
5834
5834
5836
5838
5842
5844
5844
5844
5844
5848
5848
5850
5854
5858
5858
5858
5862
5864
5864
5864
5864
5868
5870
5872
5872
5874
5874
5878
5880
5880
5884
5884
5894
5894
5896
5898
5898
5902
5902
5906
5908
5910
5912
5914
5914
5916
5918
5922
5924
5928
5928
5932
5932
5940
5940
5944
5948
5948
5948
5952
5954
5954
5954
5960
5960
5966
5966
5970
5970
5974
5974
5976
5976
5980
5980
5980
5984
5984
5988
5990
5992
5994
6004
6006
6006
6008
6008
6010
6014
6014
6018
6018
6022
6022
6024
6026
6026
6026
6030
6032
6032
6036
6036
6040
6042
6042
6044
6046
6048
6050
6050
6052
6054
6058
6060
6060
6062
6064
6066
6066
6068
6072
6072
6072
6074
6078
6082
6082
6084
6086
6088
6088
6088
6090
6090
6092
6096
6100
6102
6108
6110
6110
6114
6114
6114
6116
6116
6118
6134
6134
6138
6142
6144
6152
6156
6158
6158
6162
6166
6172
6174
6176
6176
6178
6182
6190
6192
6200
6206
6206
6210
6212
6220
6224
6224
6226
6228
6238
6238
6254
6256
6268
6288
6294
6296
6296
6298
6298
6312
6312
6324
6354
6362
6366
6370
6376
6378
6390
6390
6400
6426
6428
6444
6454
6480
6510
6510
6558
6570
6600
6632
6658
6676
6684
6692
6696
6732
6732
6768
6792
6792
6802
6832
6850
6852
6852
6872
6930
6982
7000
7014
7044
7058
7106
7156
7158
7242
7258
7340
7484
7704
8300
8324
8424
8640
8658
8952
9006
9024
9162
9272
9276
9332
9486
9490
9636
9958
10070
10168
10292
10446
10510
10802
10836
10974
11192
11250
11406
11650
11656
11772
12114
12628
12870
13018
13616
13952
13972
14250
15310
15414
15788
16602
16770
17248
18172
18506
18722
19408
19604
21116
21424
21492
21778
21826
22924
23042
23072
23250
23280
23958
24348
24384
24468
24636
24962
26170
26262
26274
26392
26586
27280
28700
28772
29612
31172
31406
32046
32824
33680
33938
34488
34852
34864
35686
35772
37736
38624
39396
42010
43808
51968
52482
192164
