Latencies
5038
5050
5052
5076
5082
5088
5092
5094
5094
5096
5102
5102
5102
5106
5112
5120
5126
5128
5128
5132
5132
5132
5134
5136
5136
5136
5138
5140
5140
5142
5146
5146
5148
5150
5150
5150
5150
5150
5150
5152
5154
5156
5158
5158
5158
5158
5158
5160
5160
5162
5164
5164
5166
5166
5166
5168
5168
5168
5170
5170
5170
5172
5172
5174
5176
5178
5178
5180
5182
5182
5184
5184
5184
5184
5188
5190
5194
5196
5196
5196
5198
5198
5198
5198
5198
5198
5202
5202
5204
5204
5206
5206
5206
5206
5206
5206
5206
5208
5208
5208
5208
5210
5210
5210
5210
5212
5214
5214
5214
5216
5216
5216
5216
5216
5216
5218
5218
5218
5218
5218
5218
5220
5220
5220
5220
5220
5220
5222
5222
5222
5222
5224
5224
5224
5224
5224
5224
5226
5228
5228
5228
5230
5230
5230
5230
5230
5232
5232
5232
5232
5234
5234
5234
5234
5234
5234
5238
5238
5240
5240
5240
5242
5242
5242
5242
5242
5242
5244
5244
5244
5244
5244
5244
5244
5246
5246
5246
5246
5246
5246
5250
5250
5250
5250
5250
5250
5250
5250
5250
5252
5252
5252
5252
5252
5252
5254
5254
5254
5254
5254
5254
5256
5256
5256
5256
5256
5256
5256
5256
5256
5256
5258
5258
5258
5260
5260
5262
5262
5262
5262
5264
5264
5264
5264
5266
5266
5266
5266
5266
5268
5268
5268
5268
5268
5268
5268
5268
5268
5270
5272
5272
5272
5272
5274
5274
5274
5274
5274
5276
5276
5276
5276
5276
5276
5276
5278
5278
5278
5278
5280
5280
5280
5282
5282
5282
5282
5282
5282
5282
5282
5282
5282
5282
5284
5284
5284
5284
5286
5286
5286
5288
5290
5290
5290
5290
5290
5290
5290
5292
5292
5292
5292
5292
5294
5294
5294
5294
5294
5296
5296
5296
5296
5296
5298
5298
5300
5300
5300
5300
5300
5300
5300
5302
5302
5304
5306
5306
5308
5308
5310
5310
5310
5310
5312
5312
5312
5312
5312
5314
5314
5314
5314
5316
5318
5318
5318
5320
5320
5320
5322
5322
5322
5324
5324
5324
5324
5326
5326
5328
5328
5328
5328
5330
5330
5330
5332
5332
5332
5332
5334
5336
5340
5340
5340
5342
5342
5342
5344
5344
5344
5346
5348
5348
5348
5348
5348
5348
5350
5350
5352
5352
5354
5356
5356
5356
5358
5358
5358
5360
5360
5360
5362
5362
5362
5362
5364
5364
5364
5366
5366
5368
5368
5370
5372
5372
5372
5374
5376
5376
5382
5382
5384
5386
5388
5388
5390
5390
5390
5390
5392
5394
5394
5396
5396
5396
5398
5398
5398
5398
5398
5398
5402
5404
5404
5404
5404
5406
5410
5410
5410
5410
5412
5412
5412
5414
5416
5418
5418
5418
5418
5420
5420
5422
5424
5424
5426
5426
5426
5426
5428
5430
5430
5430
5430
5432
5432
5434
5438
5440
5440
5442
5446
5448
5448
5448
5448
5448
5450
5452
5452
5454
5456
5456
5458
5464
5464
5464
5466
5466
5468
5468
5468
5470
5470
5472
5472
5472
5472
5478
5478
5480
5482
5482
5484
5484
5486
5488
5488
5490
5492
5492
5494
5496
5498
5498
5500
5502
5502
5506
5510
5510
5512
5512
5512
5516
5520
5520
5520
5522
5524
5526
5526
5526
5526
5530
5530
5532
5532
5534
5534
5538
5540
5540
5542
5542
5542
5542
5544
5544
5544
5546
5546
5548
5548
5548
5552
5552
5554
5556
5558
5558
5558
5560
5560
5562
5564
5566
5568
5570
5570
5572
5574
5576
5578
5578
5580
5582
5584
5584
5586
5588
5590
5594
5594
5596
5596
5596
5598
5600
5606
5610
5610
5610
5614
5616
5616
5620
5620
5622
5624
5626
5628
5628
5630
5630
5630
5630
5634
5636
5642
5642
5648
5650
5650
5650
5652
5652
5658
5660
5660
5660
5664
5664
5666
5670
5670
5672
5676
5676
5678
5678
5680
5682
5684
5684
5684
5686
5686
5686
5690
5690
5692
5694
5694
5694
5696
5696
5696
5700
5702
5702
5708
5710
5710
5710
5712
5716
5716
5718
5718
5718
5718
5720
5722
5722
5724
5724
5724
5724
5726
5726
5728
5730
5732
5732
5734
5738
5738
5740
5742
5744
5744
5746
5748
5750
5752
5754
5758
5758
5758
5760
5762
5764
5766
5770
5772
5774
5778
5778
5782
5782
5786
5790
5792
5794
5798
5798
5800
5802
5804
5808
5818
5820
5822
5824
5826
5828
5832
5832
5836
5836
5840
5840
5846
5850
5858
5860
5860
5862
5862
5862
5862
5864
5864
5866
5866
5868
5868
5870
5870
5870
5876
5876
5876
5876
5878
5878
5878
5882
5882
5882
5884
5884
5886
5894
5894
5900
5900
5912
5912
5914
5914
5918
5918
5920
5922
5922
5922
5928
5930
5934
5936
5938
5938
5938
5940
5940
5956
5956
5956
5958
5958
5960
5964
5968
5968
5970
5982
5984
5994
5998
5998
5998
6006
6010
6016
6016
6020
6022
6028
6028
6032
6036
6036
6040
6044
6052
6056
6066
6066
6066
6068
6068
6070
6076
6076
6076
6084
6084
6086
6098
6104
6106
6106
6114
6114
6116
6120
6120
6124
6128
6128
6130
6134
6134
6134
6140
6140
6142
6142
6150
6152
6172
6174
6178
6180
6186
6188
6196
6200
6204
6206
6226
6226
6228
6238
6248
6252
6256
6264
6264
6280
6290
6294
6296
6298
6322
6324
6344
6348
6350
6352
6370
6378
6396
6418
6424
6492
6508
6510
6518
6546
6570
6570
6582
6592
6636
6656
6664
6708
6768
6800
6840
6840
6850
6858
6868
6880
6884
6888
6902
6910
6910
6948
7000
7000
7012
7038
7044
7052
7064
7106
7158
7210
7218
7330
7410
7724
7986
8060
8370
8384
8634
9296
9326
9364
9798
10402
10714
11184
11448
11686
12118
13540
13566
15058
15134
15598
16020
16988
18478
18872
19162
19886
20546
21280
21640
22634
23426
23568
23988
24008
24392
24454
24530
25964
26078
26184
26568
28222
28880
29174
29984
30120
30236
30480
33904
34254
35064
35326
35762
35976
37156
37554
43768
