Latencies
5154
5204
5210
5212
5214
5218
5232
5232
5240
5242
5244
5248
5250
5250
5252
5254
5258
5260
5260
5266
5270
5272
5272
5278
5280
5282
5284
5286
5286
5286
5286
5288
5288
5292
5294
5300
5300
5302
5304
5304
5304
5308
5308
5308
5308
5310
5312
5312
5314
5314
5316
5316
5316
5316
5316
5322
5322
5322
5324
5324
5324
5326
5328
5328
5330
5330
5330
5330
5330
5330
5332
5332
5332
5332
5332
5334
5334
5334
5334
5334
5336
5338
5338
5338
5338
5342
5342
5342
5344
5344
5344
5346
5348
5352
5352
5354
5354
5354
5354
5354
5356
5358
5358
5358
5358
5358
5358
5358
5358
5360
5360
5360
5360
5362
5362
5362
5362
5362
5364
5364
5364
5364
5364
5366
5366
5366
5366
5366
5368
5370
5370
5370
5372
5372
5372
5374
5374
5374
5376
5376
5376
5376
5376
5378
5378
5378
5378
5378
5380
5380
5380
5380
5380
5380
5380
5380
5380
5382
5382
5384
5384
5384
5384
5386
5386
5386
5386
5386
5388
5388
5392
5392
5392
5392
5392
5394
5394
5394
5394
5394
5394
5396
5396
5396
5396
5398
5400
5400
5400
5400
5400
5400
5400
5400
5402
5402
5402
5402
5402
5402
5402
5402
5402
5404
5406
5406
5406
5406
5406
5406
5406
5408
5408
5408
5408
5410
5410
5410
5410
5410
5410
5412
5412
5412
5412
5412
5414
5414
5414
5414
5416
5416
5416
5416
5418
5418
5418
5420
5420
5420
5420
5420
5420
5422
5422
5422
5422
5424
5426
5426
5428
5428
5430
5430
5430
5430
5430
5430
5432
5432
5432
5432
5434
5434
5434
5436
5436
5436
5436
5438
5440
5440
5442
5444
5444
5444
5444
5446
5446
5446
5448
5448
5448
5450
5450
5452
5452
5452
5452
5454
5454
5454
5454
5456
5456
5456
5456
5456
5458
5458
5458
5458
5458
5458
5458
5460
5462
5462
5462
5462
5462
5464
5464
5466
5466
5468
5468
5470
5470
5470
5470
5472
5472
5474
5474
5474
5476
5476
5476
5476
5478
5478
5478
5478
5480
5480
5480
5480
5484
5484
5484
5484
5484
5484
5486
5486
5488
5488
5488
5488
5488
5488
5490
5490
5490
5490
5492
5492
5494
5496
5496
5496
5498
5498
5500
5500
5500
5502
5504
5504
5504
5504
5506
5506
5506
5506
5508
5508
5508
5508
5510
5510
5510
5510
5512
5512
5514
5514
5514
5514
5514
5516
5518
5518
5518
5518
5520
5520
5522
5524
5524
5528
5528
5530
5532
5532
5532
5534
5534
5536
5536
5538
5538
5538
5538
5540
5542
5542
5542
5542
5544
5544
5544
5544
5546
5548
5548
5550
5550
5550
5552
5552
5554
5556
5556
5558
5558
5558
5558
5560
5562
5562
5564
5564
5564
5564
5566
5566
5566
5566
5566
5568
5568
5568
5570
5572
5574
5574
5574
5576
5576
5576
5578
5580
5580
5582
5584
5584
5584
5586
5586
5586
5588
5588
5590
5592
5592
5594
5594
5596
5598
5598
5598
5600
5600
5602
5604
5608
5608
5608
5608
5610
5610
5610
5610
5612
5612
5614
5614
5616
5618
5620
5622
5622
5624
5626
5626
5626
5628
5630
5630
5630
5630
5630
5632
5632
5634
5636
5638
5638
5648
5650
5658
5658
5658
5658
5660
5664
5664
5666
5668
5668
5668
5668
5670
5674
5674
5676
5676
5678
5678
5678
5682
5684
5688
5690
5692
5694
5696
5696
5698
5698
5698
5700
5700
5704
5706
5708
5710
5710
5710
5710
5714
5714
5714
5718
5720
5720
5722
5724
5724
5724
5726
5728
5728
5728
5730
5732
5734
5736
5736
5736
5736
5738
5740
5740
5742
5742
5744
5746
5746
5748
5750
5750
5750
5750
5752
5752
5752
5754
5756
5758
5758
5758
5760
5760
5760
5762
5762
5764
5766
5766
5766
5766
5768
5768
5774
5774
5774
5774
5776
5776
5778
5780
5782
5782
5784
5784
5788
5790
5800
5800
5800
5804
5810
5810
5818
5818
5818
5820
5820
5830
5832
5834
5836
5838
5838
5840
5844
5844
5850
5854
5856
5856
5856
5860
5862
5864
5866
5866
5868
5868
5868
5872
5876
5876
5880
5880
5882
5884
5884
5884
5886
5888
5888
5888
5888
5890
5892
5892
5896
5896
5896
5900
5904
5906
5910
5912
5912
5912
5918
5918
5918
5918
5922
5922
5922
5922
5924
5924
5926
5928
5934
5934
5936
5938
5940
5942
5942
5942
5944
5946
5950
5954
5954
5954
5956
5960
5962
5964
5968
5970
5972
5974
5974
5974
5976
5976
5978
5980
5982
5984
5984
5988
5990
5992
5992
5992
5992
5992
6000
6002
6004
6006
6008
6010
6014
6014
6014
6014
6016
6018
6022
6022
6024
6028
6030
6030
6032
6034
6036
6038
6040
6040
6040
6042
6046
6046
6046
6048
6048
6050
6052
6054
6054
6056
6064
6066
6066
6068
6070
6070
6070
6070
6074
6074
6078
6078
6080
6080
6086
6090
6092
6098
6100
6100
6100
6100
6102
6104
6104
6108
6110
6120
6122
6122
6128
6130
6134
6134
6136
6138
6140
6142
6144
6146
6146
6146
6150
6150
6154
6154
6156
6156
6162
6164
6168
6172
6178
6186
6192
6192
6194
6194
6194
6196
6200
6200
6206
6208
6216
6218
6224
6224
6228
6228
6238
6242
6242
6252
6252
6258
6264
6270
6270
6278
6288
6292
6300
6308
6314
6316
6316
6320
6330
6348
6348
6348
6364
6374
6384
6388
6390
6400
6400
6402
6432
6434
6440
6440
6442
6442
6448
6464
6466
6466
6468
6474
6486
6500
6506
6508
6524
6528
6540
6550
6588
6630
6646
6650
6656
6656
6672
6702
6708
6736
6792
6802
6808
6810
6812
6832
6840
6892
6966
6994
6996
7090
7090
7140
7210
7230
7292
7296
7348
7376
7406
7444
7602
7738
8120
8262
8592
8642
8646
8676
9496
9668
9728
9850
9918
10074
10122
10188
10188
10608
11202
11868
11998
12560
13498
13568
13580
14704
14968
15250
15480
15598
15862
15938
16600
16772
17744
17890
18370
18796
18852
18856
19442
19878
20192
20346
20382
22590
22828
22942
23132
23154
23232
24360
24456
24472
24792
24998
25016
27368
28214
28438
28548
29870
30586
35426
35524
35928
35958
36004
36278
37796
50564
313496
