Latencies
5380
5656
5720
5806
5880
5898
5932
5968
6036
6076
6106
6164
6168
6174
6200
6240
6252
6262
6302
6322
6326
6348
6374
6438
6442
6442
6482
6540
6566
6666
6672
6734
6852
6868
6870
6898
6898
6904
6908
7026
7038
7056
7060
7068
7094
7100
7102
7188
7204
7222
7238
7252
7256
7412
7418
7434
7464
7484
7506
7558
7566
7576
7578
7646
7678
7684
7686
7688
7736
7756
7838
7840
7958
7962
8026
8050
8056
8068
8162
8210
8290
8294
8308
8366
8444
8472
8474
8478
8500
8536
8540
8592
8622
8624
8676
8720
8746
8794
8816
8822
8846
8872
8884
8936
8950
9078
9132
9214
9252
9292
9300
9366
9390
9446
9482
9520
9622
9666
9670
9696
9716
9750
9766
9930
9936
9936
9970
9998
10108
10108
10132
10158
10302
10402
10420
10458
10474
10480
10500
10544
10568
10580
10592
10638
10762
10820
10888
10894
10930
11022
11078
11094
11106
11114
11174
11192
11204
11240
11256
11370
11378
11450
11468
11502
11634
11642
11690
11710
11722
11924
11946
11978
11992
12014
12042
12050
12058
12122
12140
12164
12328
12342
12404
12418
12434
12434
12458
12508
12510
12532
12582
12622
12684
12684
12728
12746
12748
12792
12802
12884
12912
12980
13012
13076
13078
13182
13194
13238
13252
13258
13288
13360
13400
13430
13442
13480
13608
13642
13684
13694
13730
13758
13772
13804
13836
13864
13872
13886
13932
13942
13958
13970
13982
14036
14050
14078
14216
14234
14238
14340
14368
14410
14422
14422
14438
14452
14470
14490
14506
14544
14574
14576
14610
14632
14644
14646
14680
14692
14700
14716
14726
14736
14772
14800
14810
14814
14828
14858
14862
14888
14892
14908
14928
14980
14982
15016
15022
15026
15040
15050
15068
15068
15108
15114
15116
15120
15124
15132
15132
15138
15142
15148
15164
15172
15172
15182
15182
15186
15212
15228
15232
15256
15296
15298
15310
15314
15418
15430
15436
15448
15456
15478
15480
15516
15528
15538
15578
15600
15612
15612
15612
15656
15666
15700
15700
15728
15760
15774
15782
15788
15790
15808
15832
15834
15858
15858
15910
15914
15920
15926
15976
15990
16016
16018
16046
16056
16074
16092
16128
16180
16268
16332
16382
16424
16462
16462
16470
16474
16480
16526
16528
16588
16620
16694
16712
16752
16772
16822
16832
16868
16878
16896
16918
16968
16998
17036
17076
17076
17078
17082
17150
17168
17204
17260
17342
17374
17390
17434
17454
17478
17550
17570
17590
17592
17606
17636
17642
17798
17834
17850
17990
18126
18168
18192
18258
18296
18384
18390
18396
18470
18476
18502
18508
18660
18874
18952
18958
19060
19086
19094
19112
19144
19238
19266
19286
19426
19472
19498
19522
19590
19660
19684
19692
19784
19826
19836
19908
19912
20030
20138
20140
20190
20232
20244
20264
20314
20336
20382
20396
20428
20496
20514
20524
20526
20560
20604
20634
20636
20744
20838
20878
20886
20940
21020
21030
21036
21152
21154
21216
21256
21278
21288
21328
21336
21354
21382
21388
21408
21422
21426
21512
21540
21572
21594
21622
21622
21640
21658
21732
21760
21784
21808
21844
21886
21910
21980
22018
22018
22060
22076
22080
22166
22206
22214
22272
22358
22364
22366
22518
22566
22634
22638
22668
22686
22698
22840
22846
22886
22894
22912
22912
22930
23038
23162
23164
23260
23276
23294
23294
23294
23298
23358
23454
23498
23580
23586
23630
23638
23646
23660
23678
23778
23794
23796
23820
23854
23960
23960
23974
23974
23978
24014
24108
24160
24162
24166
24168
24226
24234
24248
24268
24278
24312
24334
24362
24402
24408
24428
24438
24450
24450
24458
24492
24498
24504
24514
24522
24536
24536
24552
24554
24556
24562
24568
24572
24578
24578
24584
24586
24596
24598
24606
24612
24614
24632
24648
24658
24690
24696
24704
24738
24758
24764
24764
24772
24794
24796
24798
24808
24822
24840
24846
24860
24866
24874
24874
24906
24910
24924
24932
24972
25000
25002
25010
25012
25032
25044
25046
25050
25056
25068
25086
25090
25102
25102
25150
25152
25174
25174
25180
25182
25186
25198
25200
25226
25236
25244
25246
25246
25254
25272
25286
25318
25318
25370
25384
25388
25390
25460
25478
25488
25528
25544
25576
25592
25634
25658
25678
25686
25732
25748
25774
25798
25832
25882
25914
25930
26248
26254
26392
26420
26432
26496
26554
26614
26648
26680
26798
26838
26888
26902
26982
27072
27102
27352
27354
27406
27480
27568
27590
27636
27656
27684
27800
27888
28026
28038
28052
28112
28126
28190
28222
28306
28404
28414
28626
28626
28826
28852
28858
28920
28940
28964
28996
29040
29068
29094
29108
29124
29158
29192
29260
29334
29356
29424
29450
29520
29574
29686
29702
29892
30104
30170
30298
30298
30410
30442
30468
30504
30566
30578
30658
30738
30814
30838
31062
31164
31248
31324
31350
31412
31462
31504
31744
31878
31914
32054
32086
32136
32248
32288
32322
32420
32430
32564
32574
32706
32774
32860
32992
33016
33020
33060
33088
33126
33182
33218
33338
33346
33390
33396
33472
33524
33568
33608
33686
33702
33714
33722
33732
33760
33760
33764
33786
33862
33914
33918
33946
33964
34012
34018
34026
34052
34070
34074
34108
34116
34156
34186
34202
34204
34212
34224
34232
34266
34272
34272
34290
34292
34346
34356
34362
34368
34402
34418
34442
34478
34494
34500
34502
34508
34516
34524
34540
34542
34542
34556
34578
34584
34594
34600
34606
34610
34628
34640
34642
34662
34672
34682
34688
34700
34718
34732
34742
34758
34776
34784
34828
34836
34838
34838
34858
34860
34860
34868
34876
34934
34954
35000
35002
35016
35026
35032
35044
35056
35064
35084
35202
35238
35258
35316
35338
35416
35442
35520
35588
35626
35816
35840
35844
35976
36062
36114
36136
36148
36186
36560
36610
36962
37418
37740
37928
38300
38632
38702
38768
39024
39112
39218
39260
39302
39350
39424
39700
39956
39966
40252
41094
41124
41474
41846
41886
42056
42340
42340
42454
43002
43174
43504
43572
43796
44034
44064
44102
44174
44212
44272
44302
44480
44506
44604
44948
45172
45918
47502
49820
50030
50088
51400
55686
56104
56612
56952
57274
58730
60572
61776
61962
63700
65190
68284
68316
79808
86600
90590
108754
121510
233306
517674
769780
