Latencies
5022
5024
5026
5042
5050
5052
5054
5056
5056
5058
5058
5060
5064
5064
5064
5068
5070
5070
5070
5080
5082
5086
5088
5090
5094
5094
5094
5096
5098
5098
5100
5100
5102
5102
5102
5104
5104
5104
5112
5116
5116
5116
5116
5116
5118
5120
5124
5124
5126
5126
5128
5128
5130
5130
5136
5136
5136
5138
5138
5140
5140
5140
5142
5142
5142
5142
5144
5144
5144
5146
5146
5146
5146
5146
5148
5148
5148
5150
5150
5150
5150
5152
5152
5154
5154
5156
5156
5158
5158
5158
5158
5160
5160
5160
5162
5162
5164
5164
5166
5168
5168
5168
5168
5170
5170
5172
5174
5174
5174
5176
5176
5176
5178
5178
5180
5180
5180
5180
5180
5180
5182
5182
5184
5184
5184
5184
5186
5186
5186
5186
5186
5188
5190
5192
5194
5194
5194
5196
5198
5198
5198
5200
5200
5202
5202
5202
5202
5204
5204
5204
5206
5208
5210
5210
5210
5210
5210
5210
5214
5214
5214
5214
5216
5216
5216
5216
5216
5218
5218
5218
5218
5218
5218
5218
5218
5218
5218
5220
5220
5220
5220
5222
5222
5222
5222
5224
5224
5224
5224
5224
5226
5226
5228
5228
5228
5228
5228
5228
5228
5228
5230
5230
5230
5230
5230
5230
5230
5232
5232
5232
5232
5234
5234
5234
5234
5234
5234
5236
5236
5236
5238
5238
5238
5238
5238
5238
5238
5238
5240
5240
5240
5240
5242
5242
5242
5242
5242
5242
5242
5242
5244
5244
5244
5246
5246
5246
5246
5246
5246
5246
5248
5248
5248
5248
5248
5250
5250
5250
5250
5250
5252
5252
5252
5254
5254
5254
5254
5254
5256
5256
5256
5256
5256
5258
5258
5258
5258
5258
5258
5258
5260
5260
5260
5260
5262
5262
5262
5264
5264
5264
5264
5264
5264
5264
5266
5266
5266
5266
5266
5268
5268
5268
5270
5270
5270
5272
5272
5272
5274
5274
5274
5274
5274
5274
5274
5274
5274
5276
5276
5276
5276
5278
5278
5280
5280
5280
5280
5280
5280
5280
5282
5282
5282
5282
5284
5284
5284
5284
5284
5284
5284
5284
5286
5286
5286
5286
5286
5288
5288
5288
5288
5290
5290
5290
5292
5292
5292
5292
5292
5292
5294
5294
5294
5294
5294
5294
5294
5296
5296
5296
5298
5298
5298
5298
5300
5300
5300
5300
5300
5302
5302
5302
5302
5304
5304
5304
5304
5306
5306
5306
5306
5308
5310
5310
5310
5312
5312
5314
5314
5314
5314
5316
5320
5320
5320
5320
5320
5322
5322
5322
5324
5326
5326
5326
5328
5328
5328
5328
5330
5330
5330
5330
5332
5334
5336
5336
5336
5338
5338
5338
5338
5338
5340
5340
5342
5342
5342
5344
5346
5348
5348
5348
5350
5350
5352
5352
5352
5356
5356
5356
5358
5358
5360
5360
5360
5360
5362
5362
5364
5364
5366
5366
5366
5368
5368
5368
5370
5370
5372
5374
5374
5374
5374
5376
5376
5376
5378
5378
5378
5380
5380
5380
5380
5380
5382
5382
5386
5386
5386
5390
5390
5390
5390
5392
5392
5394
5394
5394
5394
5396
5398
5400
5400
5400
5400
5402
5402
5408
5408
5408
5410
5412
5412
5414
5416
5418
5418
5420
5420
5420
5422
5422
5426
5426
5426
5428
5428
5428
5428
5432
5434
5434
5436
5438
5438
5440
5440
5442
5442
5444
5448
5448
5448
5448
5448
5448
5450
5450
5450
5454
5454
5456
5456
5462
5464
5464
5464
5466
5468
5468
5468
5470
5470
5470
5470
5472
5476
5476
5478
5478
5480
5482
5482
5482
5484
5484
5484
5484
5484
5484
5486
5488
5488
5490
5490
5490
5492
5494
5494
5496
5496
5496
5496
5498
5502
5504
5504
5504
5504
5504
5506
5510
5510
5510
5510
5512
5512
5512
5512
5514
5514
5514
5516
5518
5518
5518
5518
5520
5520
5522
5522
5522
5526
5530
5534
5534
5534
5534
5536
5536
5538
5542
5546
5546
5548
5548
5550
5550
5554
5556
5558
5560
5562
5562
5562
5564
5566
5566
5568
5568
5568
5568
5570
5570
5572
5574
5574
5574
5576
5576
5582
5582
5582
5586
5586
5586
5590
5592
5594
5598
5600
5600
5600
5600
5604
5604
5604
5606
5606
5608
5608
5608
5610
5612
5618
5626
5628
5630
5630
5630
5632
5632
5636
5642
5642
5642
5646
5648
5650
5650
5652
5652
5654
5656
5658
5660
5662
5670
5672
5676
5676
5678
5684
5684
5690
5696
5696
5698
5698
5698
5700
5702
5702
5706
5710
5714
5714
5716
5722
5726
5728
5728
5730
5730
5732
5732
5734
5742
5742
5742
5744
5750
5750
5754
5760
5760
5766
5766
5770
5770
5772
5776
5776
5778
5780
5780
5782
5784
5788
5792
5794
5800
5802
5804
5812
5812
5812
5812
5816
5820
5824
5824
5830
5832
5838
5840
5858
5858
5862
5866
5872
5880
5880
5882
5884
5886
5888
5894
5900
5910
5910
5912
5916
5916
5918
5918
5920
5922
5922
5926
5928
5928
5930
5932
5938
5940
5940
5940
5942
5950
5952
5952
5954
5962
5968
5968
5968
5972
5976
5978
5982
5984
5988
5988
5996
5998
6000
6004
6004
6006
6006
6010
6016
6020
6024
6026
6026
6032
6036
6040
6040
6048
6050
6060
6060
6064
6070
6074
6086
6088
6092
6092
6094
6108
6112
6120
6120
6130
6144
6150
6158
6174
6178
6198
6214
6214
6230
6240
6258
6274
6280
6302
6308
6322
6322
6332
6358
6362
6392
6512
6518
6558
6564
6662
6714
6736
6770
6850
6862
6882
6932
7154
7228
7296
7312
7312
7350
7356
7372
7388
7404
7626
7718
7726
7996
8072
8274
8304
8792
8794
8860
8966
9042
9082
9216
9334
9366
9588
9630
9704
9718
9740
9968
10024
10296
10474
11094
11320
11378
11528
11650
11788
12062
12234
12560
12622
12690
12816
12850
13092
13652
13782
13832
14098
14192
15170
16256
16408
16468
16686
16776
17858
18068
18076
18292
18338
18818
19420
20116
20240
20542
20606
20632
20832
20864
21448
21450
21500
21664
22280
22314
22904
22926
23528
23704
24798
25534
25630
26288
28230
29158
29196
29410
31184
31788
32950
32958
32992
33254
34722
35342
35754
35932
36380
37794
38280
38986
46490
75780
75974
