Latencies
4984
4994
4998
5002
5002
5002
5006
5006
5010
5014
5018
5020
5020
5022
5024
5024
5026
5026
5028
5030
5030
5030
5030
5030
5034
5034
5034
5034
5034
5034
5036
5036
5038
5038
5038
5040
5040
5044
5044
5044
5046
5046
5046
5048
5050
5050
5050
5050
5052
5054
5054
5054
5056
5056
5056
5058
5058
5058
5058
5060
5062
5064
5064
5064
5066
5066
5066
5066
5066
5068
5068
5070
5070
5070
5072
5072
5072
5076
5076
5078
5078
5078
5078
5078
5080
5082
5084
5084
5084
5084
5084
5086
5086
5086
5088
5088
5088
5090
5090
5090
5092
5092
5094
5094
5094
5098
5098
5098
5100
5100
5100
5102
5102
5102
5104
5104
5104
5104
5106
5106
5106
5108
5108
5110
5110
5112
5114
5114
5114
5116
5118
5118
5118
5118
5122
5122
5122
5122
5124
5124
5126
5128
5130
5130
5130
5132
5132
5132
5134
5134
5134
5136
5136
5138
5138
5138
5138
5140
5142
5142
5142
5144
5144
5144
5144
5144
5146
5148
5148
5148
5148
5150
5150
5150
5150
5150
5152
5152
5154
5154
5154
5154
5156
5156
5158
5158
5158
5160
5160
5160
5160
5162
5162
5164
5164
5166
5166
5170
5170
5170
5172
5174
5174
5174
5174
5176
5178
5178
5180
5180
5182
5184
5186
5186
5188
5188
5188
5190
5190
5190
5192
5194
5196
5196
5198
5198
5198
5198
5198
5198
5198
5198
5198
5200
5200
5200
5200
5200
5200
5200
5202
5202
5202
5204
5204
5204
5204
5206
5206
5208
5208
5208
5208
5210
5210
5212
5212
5212
5214
5214
5214
5216
5216
5216
5216
5216
5216
5218
5220
5220
5220
5220
5222
5222
5224
5224
5224
5224
5224
5228
5228
5228
5228
5230
5232
5232
5232
5232
5234
5234
5234
5234
5236
5236
5238
5238
5238
5238
5238
5238
5240
5242
5242
5242
5242
5244
5244
5244
5244
5244
5244
5246
5246
5246
5248
5248
5248
5248
5250
5250
5250
5250
5250
5252
5252
5252
5252
5252
5252
5254
5254
5254
5254
5254
5256
5256
5256
5256
5256
5258
5260
5260
5260
5262
5262
5262
5262
5264
5264
5264
5264
5264
5266
5266
5266
5266
5268
5268
5270
5270
5270
5270
5270
5272
5272
5272
5272
5272
5272
5272
5274
5274
5274
5274
5274
5274
5274
5276
5276
5276
5276
5276
5278
5278
5278
5280
5280
5280
5280
5282
5282
5282
5284
5284
5286
5288
5290
5290
5292
5292
5292
5292
5292
5294
5294
5294
5296
5296
5296
5296
5298
5298
5298
5300
5300
5300
5300
5300
5300
5300
5300
5302
5302
5302
5302
5304
5304
5304
5304
5306
5306
5306
5306
5308
5308
5308
5308
5310
5310
5310
5312
5312
5312
5312
5314
5314
5314
5314
5314
5316
5316
5316
5316
5316
5316
5318
5318
5320
5320
5322
5322
5322
5322
5322
5322
5322
5326
5326
5326
5328
5330
5330
5330
5332
5332
5332
5332
5332
5334
5334
5336
5336
5336
5336
5338
5340
5340
5342
5342
5342
5342
5342
5342
5344
5344
5344
5348
5348
5350
5352
5352
5352
5352
5354
5356
5356
5358
5358
5358
5358
5360
5360
5362
5362
5362
5362
5364
5364
5366
5366
5366
5368
5370
5370
5372
5372
5372
5372
5376
5376
5376
5378
5380
5382
5382
5384
5384
5384
5386
5386
5388
5388
5390
5390
5390
5392
5394
5394
5396
5396
5398
5402
5402
5404
5404
5404
5404
5408
5408
5408
5410
5414
5414
5420
5420
5420
5422
5426
5426
5426
5428
5432
5432
5434
5436
5436
5438
5440
5440
5442
5444
5444
5444
5448
5448
5448
5448
5448
5452
5452
5454
5454
5456
5458
5458
5460
5462
5462
5464
5470
5472
5472
5474
5474
5474
5474
5476
5476
5476
5480
5482
5486
5492
5496
5502
5504
5506
5508
5508
5508
5510
5510
5514
5518
5518
5518
5520
5522
5524
5526
5526
5526
5528
5528
5530
5534
5534
5536
5536
5536
5536
5538
5540
5540
5542
5542
5544
5544
5546
5546
5548
5550
5552
5552
5558
5560
5562
5564
5566
5568
5572
5574
5576
5578
5578
5580
5580
5582
5582
5582
5588
5588
5590
5590
5592
5594
5594
5594
5596
5606
5606
5608
5608
5620
5620
5622
5626
5626
5626
5626
5628
5630
5634
5634
5636
5636
5636
5638
5642
5648
5650
5652
5660
5660
5660
5664
5668
5670
5672
5674
5676
5678
5680
5684
5692
5700
5702
5702
5702
5704
5712
5712
5712
5720
5722
5722
5726
5728
5728
5734
5738
5738
5744
5750
5758
5758
5764
5768
5774
5778
5784
5784
5790
5794
5794
5796
5798
5800
5804
5806
5810
5810
5814
5820
5820
5820
5824
5830
5830
5830
5832
5834
5838
5840
5840
5842
5846
5862
5870
5870
5874
5876
5876
5878
5878
5884
5884
5886
5886
5888
5890
5892
5892
5892
5894
5896
5908
5910
5912
5914
5916
5918
5920
5928
5928
5930
5932
5942
5944
5946
5948
5948
5958
5958
5958
5962
5966
5966
5968
5986
5986
5992
5998
6000
6000
6002
6002
6006
6006
6008
6008
6012
6032
6036
6042
6050
6052
6056
6062
6068
6076
6084
6086
6098
6100
6106
6116
6118
6128
6142
6150
6168
6190
6192
6236
6248
6340
6418
6434
6724
6792
6822
6900
6920
7014
7026
7156
7236
7280
7332
7384
7412
7534
7740
7802
7818
7856
8092
8228
8292
8456
8700
8780
8840
8930
9218
9226
9322
9462
9478
9544
9564
9608
9676
9970
9990
10084
10150
10322
10444
10506
10570
10694
11212
11270
11752
11932
12290
12420
12490
12500
12508
12516
12642
12828
12968
13230
13394
13478
13524
13528
13556
13622
13706
13770
14010
14302
14304
14310
14350
14684
15148
15514
15526
15714
16154
16246
16268
16270
16530
16606
16830
17422
17528
17956
17972
18106
18500
18588
18992
19084
19338
19676
19794
19840
20080
20134
20186
20594
20818
20952
21646
21766
21834
21836
21970
22190
22998
23288
23574
23732
23936
24056
24118
24598
24926
25270
25544
26220
26390
26702
26998
27320
27454
27900
28098
29348
29804
29954
30248
30354
30846
30854
31090
31886
32190
32350
32412
34432
35354
36414
36820
41922
57724
