Latencies
5066
5100
5102
5110
5110
5112
5116
5122
5126
5128
5132
5134
5134
5136
5136
5138
5138
5138
5140
5140
5140
5142
5142
5142
5142
5142
5142
5142
5144
5144
5144
5144
5146
5148
5148
5148
5148
5148
5148
5150
5150
5150
5150
5150
5150
5150
5150
5152
5152
5152
5152
5152
5152
5154
5154
5154
5154
5154
5156
5156
5156
5156
5156
5156
5156
5158
5158
5158
5158
5158
5158
5160
5160
5162
5162
5162
5162
5162
5162
5164
5164
5164
5164
5164
5164
5166
5166
5166
5166
5168
5168
5168
5168
5170
5170
5170
5170
5172
5172
5172
5172
5172
5174
5174
5174
5174
5174
5174
5176
5176
5176
5176
5176
5178
5178
5178
5178
5180
5180
5180
5180
5180
5182
5182
5182
5182
5182
5182
5182
5184
5184
5184
5184
5186
5186
5186
5186
5188
5188
5188
5188
5188
5188
5190
5190
5190
5190
5190
5190
5192
5192
5192
5192
5192
5192
5192
5192
5192
5194
5194
5194
5194
5194
5198
5198
5198
5198
5198
5200
5200
5200
5200
5200
5202
5202
5202
5202
5204
5204
5204
5208
5208
5208
5208
5208
5212
5212
5212
5212
5212
5212
5212
5214
5214
5214
5216
5216
5216
5216
5216
5216
5216
5216
5216
5218
5218
5218
5220
5220
5220
5220
5222
5222
5222
5222
5222
5224
5224
5224
5224
5226
5226
5228
5228
5228
5228
5230
5230
5230
5230
5232
5232
5234
5234
5234
5234
5236
5236
5238
5240
5240
5240
5240
5242
5242
5242
5242
5244
5244
5244
5244
5246
5246
5246
5248
5248
5248
5248
5248
5248
5250
5250
5250
5252
5252
5252
5254
5254
5254
5254
5254
5256
5256
5258
5258
5258
5260
5260
5262
5264
5264
5266
5266
5266
5268
5268
5268
5268
5270
5270
5270
5274
5274
5274
5276
5278
5278
5278
5278
5278
5278
5280
5282
5282
5282
5282
5282
5282
5284
5284
5284
5284
5284
5286
5286
5286
5288
5290
5290
5290
5290
5292
5292
5294
5294
5294
5296
5296
5296
5296
5296
5298
5298
5300
5300
5300
5302
5302
5302
5302
5304
5304
5306
5306
5306
5306
5306
5306
5306
5308
5308
5308
5308
5308
5310
5310
5310
5312
5312
5312
5312
5312
5312
5312
5314
5314
5314
5314
5314
5314
5316
5316
5316
5318
5318
5318
5318
5320
5320
5322
5322
5322
5322
5322
5322
5324
5324
5324
5324
5324
5324
5326
5326
5326
5328
5328
5328
5330
5330
5330
5330
5332
5332
5332
5332
5334
5334
5334
5334
5334
5336
5336
5336
5336
5336
5338
5338
5340
5340
5340
5342
5342
5342
5342
5342
5342
5342
5342
5342
5344
5344
5344
5346
5346
5348
5348
5348
5348
5348
5350
5350
5350
5350
5350
5352
5352
5354
5354
5354
5356
5356
5356
5356
5356
5358
5360
5360
5360
5360
5360
5362
5362
5362
5362
5362
5362
5364
5366
5366
5366
5366
5366
5368
5368
5368
5368
5370
5370
5370
5370
5370
5370
5372
5372
5372
5374
5376
5376
5376
5376
5376
5376
5378
5378
5378
5380
5380
5380
5382
5382
5382
5384
5386
5386
5386
5388
5390
5390
5390
5392
5392
5396
5396
5398
5400
5400
5400
5400
5402
5404
5404
5404
5404
5404
5406
5408
5408
5408
5410
5410
5410
5410
5412
5414
5416
5416
5418
5422
5422
5424
5426
5426
5426
5426
5426
5428
5428
5430
5432
5432
5432
5432
5434
5434
5434
5436
5436
5436
5438
5444
5446
5446
5446
5450
5450
5450
5450
5450
5452
5452
5456
5460
5464
5470
5472
5472
5474
5476
5476
5478
5478
5480
5480
5482
5482
5482
5488
5490
5490
5492
5494
5494
5496
5498
5500
5500
5504
5504
5504
5504
5504
5506
5510
5514
5514
5514
5514
5516
5516
5516
5520
5520
5520
5522
5522
5530
5530
5532
5534
5536
5536
5536
5538
5540
5540
5540
5542
5542
5546
5548
5548
5548
5554
5554
5554
5556
5556
5558
5560
5562
5562
5564
5564
5566
5568
5570
5574
5576
5590
5592
5600
5600
5604
5604
5606
5610
5612
5616
5616
5616
5618
5620
5622
5624
5626
5636
5640
5644
5650
5654
5658
5658
5660
5664
5666
5672
5674
5678
5678
5678
5680
5682
5684
5690
5692
5696
5698
5702
5702
5702
5702
5708
5710
5710
5718
5718
5720
5720
5720
5720
5722
5724
5726
5736
5736
5740
5744
5744
5744
5748
5750
5752
5754
5758
5758
5758
5760
5760
5766
5766
5780
5780
5782
5782
5794
5794
5796
5802
5802
5806
5806
5808
5812
5814
5816
5822
5826
5830
5832
5836
5842
5850
5856
5864
5876
5876
5880
5882
5884
5886
5888
5894
5896
5896
5906
5906
5912
5912
5918
5926
5928
5928
5934
5936
5936
5946
5952
5956
5962
5964
5964
5982
5988
5996
6000
6002
6008
6012
6014
6014
6020
6026
6032
6032
6034
6036
6036
6050
6052
6054
6062
6066
6072
6074
6078
6080
6092
6100
6102
6112
6112
6112
6122
6124
6134
6138
6148
6158
6158
6170
6182
6206
6210
6222
6222
6228
6234
6246
6246
6246
6258
6302
6310
6356
6374
6386
6386
6390
6398
6554
6570
6578
6730
6754
6810
6968
7014
7034
7070
7096
7426
7560
7680
7720
7830
7860
7938
7950
7990
8110
8164
8190
8314
8318
8534
8596
8832
8872
9074
9292
9382
9556
9588
9598
9602
9630
9842
9906
9920
10046
10100
10350
10354
10380
10452
10546
10602
10904
11070
11136
11158
11282
11312
11446
11496
11574
12000
12016
12094
12562
12578
12716
12800
12828
13104
13150
13214
13300
13356
13386
13536
13616
13658
14172
14546
14670
15344
15654
16086
16240
16872
18388
19668
19770
19916
20212
21818
21936
22168
22392
22938
22984
23636
24376
27058
27104
27942
28576
29316
30390
31458
31518
32198
32532
32918
33788
33872
34068
34636
35132
35668
38264
38364
40578
42464
42516
43872
