Latencies
5654
5806
15146
15740
15952
15994
16002
16052
16052
16092
16140
16200
16388
16422
16700
16736
16818
16838
16880
16894
16998
17094
17112
17150
17200
17306
17306
17400
17514
17600
17608
17726
17914
18104
18188
18222
18244
18296
18490
18496
18588
18828
18884
19112
19142
19166
19212
19296
19364
19490
19500
19536
19642
19696
19774
19800
19950
19958
20002
20128
20232
20374
20398
20450
20512
20542
20616
20866
21056
21152
21216
21240
21272
21394
21406
21412
21448
21752
21764
21812
21900
21950
22000
22000
22004
22022
22064
22118
22140
22170
22192
22286
22288
22290
22334
22396
22498
22508
22582
22638
22666
22668
22760
22766
22844
22928
22998
23058
23076
23166
23170
23170
23244
23450
23510
23570
23578
23776
23986
24102
24256
24300
24352
24418
24446
24646
24702
24734
24780
24850
24996
25044
25100
25164
25170
25294
25518
25558
25576
25582
25596
25650
25690
25798
25804
25828
26032
26068
26070
26298
26366
26386
26414
26428
26486
26526
26526
26528
26552
26586
26650
26720
26732
26746
26780
26792
26812
26836
26990
27122
27188
27264
27338
27386
27392
27396
27526
27554
27662
27706
27728
27828
27916
28036
28082
28348
28352
28410
28438
28466
28632
28694
28738
28812
28812
28826
28844
28876
29038
29174
29178
29268
29496
29502
29516
29738
29756
30202
30204
30330
30526
30682
30714
30732
30748
30800
30808
31028
31090
31134
31248
31298
31346
31346
31562
31576
31694
31696
31710
31730
31766
31826
31834
31856
32060
32070
32080
32116
32212
32374
32460
32596
32660
32900
32918
33016
33090
33108
33144
33228
33246
33358
33366
33438
33476
33488
33580
33656
33780
33942
34062
34126
34152
34244
34336
34490
34490
34576
34608
34640
34648
34854
34986
35036
35256
35294
35512
35638
35812
35984
36120
36146
36184
36406
36488
36528
36538
36714
36748
36770
36874
36890
36912
36936
37038
37108
37490
37622
37710
37854
37936
37968
38232
38376
38502
38522
38640
38800
38866
39100
39206
39290
39610
39680
39862
39900
39914
40008
40090
40122
40142
40234
40262
40276
40402
40468
40506
40640
40716
40740
40770
40808
40966
40996
41092
41114
41118
41182
41194
41224
41338
41440
41452
41712
41734
41772
41930
41978
42268
42318
42522
42568
42644
42892
42940
43094
43168
43218
43290
43308
43470
43540
43548
43784
43828
43922
44062
44062
44144
44220
44444
44518
44612
44614
44630
44660
44682
44718
44750
44988
45148
45162
45436
45536
45648
45660
45664
45694
45788
45792
45836
45850
45874
45998
45998
46028
46244
46328
46362
46368
46474
46548
46552
46570
46606
46638
47022
47304
47324
47406
47602
47668
47726
47770
47812
47840
47916
47934
47998
48148
48280
48448
48526
48560
48574
48728
48802
48832
48836
48866
48890
48914
49094
49152
49172
49188
49414
49620
49788
49916
49942
50130
50146
50170
50178
50282
50612
50738
50820
50918
50956
50958
51208
51252
51342
51354
51378
51444
51480
51552
51620
51714
51778
51838
51884
52084
52096
52414
52500
52512
52528
52580
52584
52598
52614
52636
52696
52716
52722
52770
52784
53204
53334
53418
53448
53458
53538
53568
53574
53606
53776
53778
53810
53812
53866
53928
53994
54018
54082
54116
54290
54436
54574
54636
54698
54702
54782
54810
54864
54868
54870
55054
55068
55308
55360
55504
55562
55564
55574
55598
55760
55762
55766
56150
56274
56392
56450
56488
56490
56530
56628
56716
56784
56796
56820
56882
56886
56964
56976
56978
56982
57014
57044
57160
57194
57248
57274
57482
57728
57744
57756
58164
58194
58210
58324
58326
58352
58390
58564
58572
58672
58696
58704
58708
58722
58772
58814
58860
59022
59104
59248
59280
59468
59514
59652
59676
59696
59728
59866
60208
60258
60324
60410
60500
60552
60562
60608
60704
60814
60818
60942
60988
60998
61024
61056
61174
61244
61290
61358
61416
61486
61532
61566
61608
61728
61746
61874
61896
61940
62014
62054
62064
62064
62118
62250
62380
62410
62430
62570
62594
62754
62788
62836
62840
62932
63002
63310
63388
63390
63392
63422
63464
63470
63550
63552
63674
63686
63694
63732
63874
63966
64272
64490
64532
64548
64568
64568
64640
64732
64738
64842
64862
64960
65130
65136
65212
65212
65258
65346
65356
65364
65366
65474
65542
65600
65604
65662
65818
65850
65938
65986
66018
66100
66112
66242
66290
66470
66546
66624
66690
66694
66810
66854
66868
66924
66954
67040
67058
67094
67296
67300
67368
67376
67438
67504
67672
67838
67944
67980
68026
68148
68532
68532
68538
68712
68768
69008
69138
69244
69318
69526
69576
69702
69898
70012
70022
70252
70412
70462
70510
70548
70590
70624
70702
70928
70968
71028
71090
71096
71140
71218
71362
71380
71464
71852
71900
71924
71942
71996
72096
72122
72140
72192
72242
72380
72442
72448
72784
72944
73004
73020
73270
73376
73422
73482
73484
73492
73560
73570
73822
73906
74026
74046
74246
74268
74434
74450
74552
75240
75266
75552
75596
75980
75988
76100
76108
76128
76128
76162
76170
76232
76296
76462
76538
76620
76706
76856
76968
77114
77162
77236
77256
77330
77372
77400
77584
77604
77768
77800
77882
78034
78048
78204
78232
78326
78382
78780
78940
79004
79190
79262
79276
79296
79338
79344
79400
79404
79582
79628
79636
79686
79820
79852
80038
80040
80132
80292
80332
80342
80540
80568
80748
80792
80888
80942
81018
81190
81232
81232
81296
81390
81472
81484
81594
81638
81858
81878
82192
82330
82424
82766
82780
82868
83154
83224
83226
83272
83482
83492
83514
83592
83666
83716
83844
83922
83948
84032
84044
84116
84156
84226
84446
84678
84714
84720
84892
84896
85010
85032
85060
85156
85492
85506
85508
85610
85660
85752
85754
85840
85944
86176
86180
86262
86622
86670
86828
86900
86906
87112
87296
87298
87310
87326
87416
87596
87812
87948
87974
88112
88222
88474
88502
88686
88704
88736
88736
88850
88856
88880
89084
89106
89156
89250
89640
89774
89812
89846
90024
90344
90368
90462
90628
90630
90654
90786
90806
90830
91056
91210
91272
91360
91676
91768
92074
92074
92216
92300
92650
92726
92816
92846
92860
92902
92914
92942
92946
93004
93006
93020
93020
93066
93108
93116
93274
93298
93378
93524
93536
93544
93650
93668
93740
93838
93850
93896
93968
94188
94208
94212
94256
94548
95386
95934
98798
101292
105738
113174
113450
119232
122126
122260
124024
133178
133212
133502
134696
135890
164226
200708
247780
