Latencies
5384
5472
5502
5534
5558
5572
5602
5616
5632
5650
5654
5662
5664
5670
5688
5710
5716
5734
5738
5742
5742
5776
5798
5810
5846
5848
5858
5862
5862
5886
5892
5906
5928
5966
6000
6028
6038
6042
6048
6050
6052
6064
6070
6104
6114
6120
6120
6142
6178
6180
6182
6200
6226
6242
6266
6288
6288
6316
6318
6324
6332
6336
6340
6344
6346
6346
6354
6356
6374
6394
6404
6422
6424
6434
6450
6466
6476
6478
6478
6502
6508
6510
6520
6558
6564
6584
6600
6610
6614
6616
6624
6632
6644
6646
6646
6650
6676
6696
6698
6730
6736
6740
6742
6760
6772
6774
6794
6800
6808
6810
6818
6824
6866
6870
6890
6924
6926
6930
6938
6942
6942
6958
6966
6996
6996
7014
7016
7018
7038
7054
7062
7076
7076
7082
7092
7094
7120
7120
7128
7136
7154
7186
7190
7218
7242
7242
7256
7294
7304
7318
7324
7324
7336
7370
7392
7392
7398
7400
7402
7406
7428
7438
7446
7464
7470
7470
7498
7500
7506
7550
7550
7586
7602
7608
7624
7626
7668
7668
7704
7706
7716
7726
7732
7750
7768
7786
7794
7844
7858
7906
7910
7938
7960
7960
7968
7972
7980
8028
8038
8040
8056
8056
8074
8110
8118
8124
8128
8134
8152
8152
8160
8164
8164
8164
8166
8172
8172
8176
8204
8208
8216
8218
8238
8240
8252
8270
8278
8278
8280
8286
8316
8320
8330
8332
8340
8344
8358
8360
8380
8458
8486
8488
8504
8526
8530
8550
8550
8560
8576
8576
8580
8588
8600
8604
8614
8616
8622
8636
8642
8662
8676
8680
8684
8688
8690
8692
8702
8708
8740
8748
8758
8770
8776
8800
8800
8800
8806
8814
8836
8848
8854
8860
8864
8866
8868
8904
8906
8908
8958
8978
8980
8996
9010
9026
9038
9050
9060
9088
9092
9102
9108
9110
9132
9134
9144
9176
9186
9242
9340
9384
9390
9400
9404
9422
9424
9444
9454
9466
9470
9472
9482
9486
9498
9506
9524
9528
9548
9570
9576
9586
9596
9602
9606
9642
9658
9660
9664
9674
9680
9702
9706
9722
9730
9742
9778
9778
9782
9792
9796
9798
9804
9806
9820
9822
9822
9828
9832
9838
9838
9846
9852
9858
9884
9900
9952
9958
9972
9974
9988
9992
9994
10000
10006
10014
10032
10034
10050
10094
10098
10120
10128
10150
10150
10162
10164
10166
10186
10194
10200
10210
10242
10242
10250
10254
10274
10276
10276
10280
10294
10298
10300
10308
10312
10320
10330
10338
10344
10350
10356
10360
10374
10434
10454
10466
10474
10482
10500
10502
10520
10536
10580
10588
10596
10600
10612
10668
10674
10674
10676
10684
10732
10754
10774
10780
10788
10796
10804
10828
10850
10860
10866
10876
10906
10912
10928
10946
10948
10958
11000
11000
11004
11076
11076
11082
11088
11090
11110
11112
11118
11124
11126
11126
11130
11158
11158
11162
11170
11176
11190
11200
11278
11294
11298
11314
11342
11346
11348
11352
11354
11356
11402
11426
11432
11468
11496
11508
11510
11532
11540
11554
11564
11580
11580
11590
11620
11630
11640
11640
11644
11670
11682
11710
11712
11716
11720
11726
11726
11748
11752
11770
11780
11800
11804
11828
11892
11908
11916
11930
11936
11948
11954
11954
11962
12000
12028
12040
12040
12042
12044
12054
12068
12078
12082
12090
12128
12138
12138
12142
12148
12158
12168
12192
12200
12202
12202
12208
12218
12224
12246
12262
12262
12290
12296
12298
12386
12398
12402
12404
12412
12422
12476
12482
12486
12494
12516
12526
12530
12538
12558
12570
12574
12574
12612
12614
12618
12634
12654
12674
12676
12678
12692
12698
12710
12712
12714
12722
12730
12730
12738
12746
12772
12774
12784
12800
12804
12808
12816
12834
12838
12872
12888
12892
12896
12902
12904
12910
12920
12922
12932
12934
12944
12974
12976
12980
12990
12992
12996
13006
13026
13030
13034
13044
13048
13050
13058
13088
13100
13104
13112
13120
13124
13154
13160
13168
13170
13180
13180
13182
13192
13200
13206
13210
13214
13218
13218
13228
13230
13240
13250
13254
13258
13264
13268
13286
13320
13330
13358
13392
13404
13444
13446
13446
13466
13474
13476
13478
13504
13506
13506
13506
13534
13536
13542
13544
13544
13554
13574
13574
13578
13584
13598
13632
13636
13640
13640
13648
13648
13668
13690
13694
13724
13726
13730
13752
13768
13778
13810
13816
13820
13826
13832
13838
13844
13852
13866
13874
13882
13884
13896
13912
13946
13958
13960
13964
13994
13996
14020
14024
14040
14044
14048
14056
14056
14058
14062
14068
14076
14082
14088
14108
14118
14142
14174
14202
14208
14230
14250
14268
14280
14284
14354
14354
14358
14362
14364
14366
14366
14372
14374
14384
14390
14402
14404
14418
14424
14428
14432
14444
14450
14456
14458
14472
14500
14504
14508
14528
14560
14564
14570
14572
14574
14574
14590
14608
14608
14616
14632
14632
14638
14660
14662
14682
14686
14688
14690
14700
14712
14720
14730
14730
14740
14742
14750
14756
14756
14758
14784
14788
14796
14796
14814
14820
14842
14854
14876
14896
14896
14912
14926
14938
14944
14944
14946
14952
14962
14964
14970
14974
14976
14990
15016
15020
15030
15032
15076
15082
15088
15098
15106
15108
15108
15110
15124
15142
15154
15156
15158
15162
15168
15196
15202
15202
15208
15218
15232
15242
15242
15252
15258
15268
15290
15298
15300
15322
15350
15360
15366
15368
15370
15378
15380
15404
15440
15450
15452
15464
15532
15572
15572
15592
15594
15594
15606
15652
15652
15688
15750
15872
15994
16098
16216
16238
16262
16924
16964
17546
17684
18166
20398
20754
20894
21042
22690
22932
23760
24346
24386
25316
26254
26596
27300
27916
30190
30780
32684
33024
34406
34666
35688
44700
62496
