Latencies
6088
7472
10306
11854
12120
12594
13606
13952
15304
15664
15938
15952
16092
16322
16368
16504
16524
16626
16818
16860
16920
16968
17048
17098
17268
17378
17410
17844
17938
18014
18090
18098
18122
18228
18356
18482
18622
18678
18990
19008
19024
19416
19640
19896
19896
20054
20276
20350
20484
20626
20640
20724
20762
20828
20910
20956
21028
21120
21256
21360
21484
21662
21706
21786
22286
22484
22652
22674
22758
22866
22888
22918
22976
23208
23320
23450
23470
23532
23558
23676
23776
24250
24414
24426
24564
24642
24770
24782
24790
24814
24816
24854
25082
25302
25464
25542
25598
25760
25774
25836
25898
26130
26156
26226
26274
26350
26498
26892
26934
27000
27434
27470
27484
27612
27622
27738
27872
27932
28060
28106
28122
28294
28486
28626
28718
28750
28862
28898
29080
29166
29248
29310
29316
29724
29818
29886
30018
30058
30234
30262
30276
30292
30302
30950
30986
31154
31438
31518
31658
31918
32020
32130
32182
32260
32428
32474
32510
32656
32708
32724
32796
32808
32830
33176
33292
33500
33568
33618
33634
33670
33676
33776
33792
33840
33926
33976
34010
34058
34136
34270
34282
34286
34292
34354
34382
34394
34396
34414
34570
34580
34588
34614
34640
34688
34702
34704
34836
34946
35024
35376
35434
35548
35608
35638
35722
35732
35764
35766
35812
35812
35856
36012
36020
36026
36096
36404
36516
36660
36710
36846
37152
37192
37454
37548
37638
37716
37734
37758
37912
37934
38038
38084
38222
38310
38394
38402
38456
38656
38712
38762
38764
38830
38960
39192
39318
39318
39322
39392
39418
39730
40114
40154
40216
40216
40264
40274
40356
40390
40422
40752
41112
41316
41366
41368
41542
41676
41970
42052
42102
42130
42186
42304
42414
42450
42626
42642
42648
42658
42666
42824
42840
42964
43034
43286
43316
43502
43518
43772
43798
43896
44052
44066
44160
44260
44292
44324
44326
44384
44412
44430
44508
44582
44630
44730
44810
44844
44846
45268
45378
45480
45550
45636
45656
45724
45766
45958
46016
46032
46276
46440
46462
46840
47058
47088
47224
47260
47362
47550
47640
47758
47970
48036
48052
48086
48096
48152
48216
48260
48294
48358
48472
48540
49028
49038
49092
49104
49168
49298
49370
49400
49594
49906
49916
49956
50044
50106
50114
50134
50256
50334
50348
50394
50406
50482
50668
51158
51162
51184
51304
51366
51366
51490
51542
51644
51736
51766
52230
52244
52254
52386
52402
52584
52666
52694
52798
52948
53030
53068
53176
53250
53256
53516
53516
53554
53596
53640
53654
53672
53784
53810
54026
54104
54154
54218
54358
54384
54518
54574
54600
54762
54806
54834
54864
54918
55040
55100
55106
55134
55142
55216
55324
55358
55368
55420
55468
55832
55954
55966
56044
56050
56070
56074
56116
56398
56442
56494
56594
56720
56794
56840
56928
56992
57290
57328
57390
57750
57808
57884
58016
58096
58142
58184
58336
58422
58920
58946
59012
59038
59156
59198
59244
59344
59390
59418
59466
59470
59584
59604
59630
59744
59788
59852
59912
60036
60454
60840
60862
60902
60910
61100
61172
61234
61456
61568
61638
61670
61738
61998
62072
62100
62106
62122
62132
62280
62284
62420
62594
62610
62644
62930
63040
63122
63142
63144
63168
63344
63416
63480
63502
63502
63542
63544
63598
63696
63790
63886
64028
64052
64068
64098
64264
64278
64318
64396
64492
64632
64664
64946
65214
65460
65506
65568
65838
65848
65854
65902
65964
65988
66170
66200
66246
66248
66318
66424
66490
66840
67066
67256
67260
67282
67452
67542
67550
67614
67626
67726
67860
68030
68134
68178
68314
68422
68694
68754
68792
68820
68938
68956
69028
69158
69180
69832
69934
70612
70764
70800
70822
70896
70956
70972
71054
71076
71078
71562
71636
71756
71760
71872
72186
72192
72380
72430
72458
72460
72548
72614
72638
72644
72708
72804
72828
72832
72864
72884
72936
73100
73100
73134
73242
73244
73262
73320
73362
73370
73444
73462
73496
73524
73570
73580
73600
73616
73652
73736
73770
73864
73900
73944
74700
74708
75042
75130
75464
75752
75800
76026
76054
76082
76414
76508
76518
76528
76586
76682
77028
77248
77342
77548
77910
78190
78198
78250
78384
78708
78744
78876
79032
79102
79252
79332
79528
79936
80016
80312
80438
80448
80468
80852
80932
81120
81210
81632
81716
81812
82120
82272
82582
82654
82696
82724
82814
82882
82898
82994
83044
83098
83228
83296
83432
83498
83530
83534
83540
83626
83658
83906
84018
84152
84246
84358
84612
84784
84826
84832
84890
84912
84944
84982
85084
85140
85266
85336
85372
85436
85472
85474
85494
85576
85578
85588
85852
85940
86052
86328
86336
86338
86442
86572
86708
86748
86774
86966
87158
87810
87910
87942
88026
88302
88378
88420
88430
88470
88480
88684
88802
88908
88956
89088
89144
89214
89254
89446
89456
89726
89728
89736
89996
90456
90632
90664
90668
90810
90900
90990
91212
91420
91432
91558
91580
91636
91756
91800
91856
91952
91980
92026
92074
92112
92132
92144
92172
92216
92278
92290
92306
92366
92398
92408
92456
92460
92474
92480
92496
92498
92500
92508
92512
92520
92526
92534
92546
92550
92582
92634
92648
92680
92682
92682
92692
92710
92712
92722
92726
92754
92770
92778
92786
92812
92820
92828
92860
92860
92860
92868
92874
92892
92902
92912
92912
92916
92916
92918
92934
92952
92954
92962
92962
92966
92986
92990
92994
92996
92998
93016
93022
93026
93030
93042
93046
93052
93054
93054
93058
93060
93062
93064
93074
93074
93078
93082
93084
93088
93104
93104
93104
93118
93132
93150
93156
93156
93158
93160
93162
93166
93182
93222
93238
93242
93266
93272
93286
93294
93298
93304
93344
93376
93410
93420
93426
93440
93496
93498
93500
93512
93512
93558
93570
93586
93654
93686
93718
93724
93792
93870
94012
94018
94028
94342
94666
94730
94868
94898
95068
95084
95102
95170
95204
95386
95488
95644
95648
97058
97340
98744
99678
99724
100920
101332
102004
102444
102830
102952
103580
103914
103972
104336
105010
105840
106446
107478
107680
107944
108554
110644
110976
111288
111800
111814
111956
112132
112136
112546
112562
112582
112606
112610
112612
112642
112650
112716
112756
113558
114568
115526
117708
121246
121784
123974
124288
125646
130682
132254
137792
174856
205512
393036
696264
1108166
