Latencies
5206
5230
5230
5232
5240
5246
5246
5248
5266
5266
5276
5278
5282
5284
5284
5286
5290
5296
5298
5298
5304
5306
5308
5310
5312
5312
5314
5318
5318
5318
5320
5320
5320
5324
5324
5324
5326
5328
5330
5330
5330
5332
5334
5336
5336
5338
5340
5342
5344
5344
5346
5346
5346
5346
5348
5348
5348
5350
5350
5356
5358
5358
5358
5360
5364
5364
5366
5368
5368
5368
5368
5370
5370
5370
5370
5372
5372
5372
5372
5372
5372
5374
5374
5376
5376
5378
5378
5378
5378
5380
5380
5380
5380
5380
5384
5386
5388
5388
5388
5394
5396
5396
5396
5398
5398
5398
5398
5400
5400
5402
5402
5402
5404
5404
5404
5404
5406
5408
5408
5408
5408
5408
5412
5412
5412
5412
5414
5414
5416
5416
5416
5416
5416
5418
5418
5420
5422
5424
5424
5426
5426
5426
5426
5428
5428
5430
5430
5430
5432
5432
5432
5432
5432
5434
5434
5434
5436
5436
5436
5436
5436
5438
5438
5438
5438
5438
5440
5442
5442
5442
5444
5446
5446
5448
5448
5448
5448
5448
5448
5448
5448
5448
5448
5450
5452
5452
5452
5452
5452
5452
5454
5456
5456
5458
5458
5458
5458
5458
5460
5460
5460
5460
5460
5462
5462
5462
5464
5466
5468
5468
5468
5468
5470
5472
5472
5474
5474
5474
5474
5474
5476
5476
5478
5478
5478
5480
5480
5480
5482
5482
5482
5482
5482
5484
5484
5486
5486
5488
5488
5488
5490
5490
5490
5490
5492
5492
5494
5494
5496
5496
5496
5496
5498
5498
5498
5498
5498
5500
5500
5500
5500
5500
5500
5500
5502
5502
5504
5504
5504
5504
5506
5508
5508
5508
5508
5510
5510
5510
5512
5512
5514
5514
5516
5516
5516
5516
5518
5518
5518
5518
5520
5520
5522
5522
5522
5522
5524
5524
5524
5526
5528
5528
5528
5528
5530
5530
5530
5532
5532
5534
5534
5534
5534
5536
5536
5536
5536
5538
5538
5538
5540
5540
5540
5542
5542
5544
5546
5546
5548
5548
5548
5548
5548
5548
5550
5550
5552
5552
5552
5554
5554
5554
5554
5554
5554
5554
5554
5556
5556
5558
5558
5560
5562
5562
5562
5562
5562
5564
5564
5566
5566
5566
5566
5568
5568
5568
5570
5570
5570
5572
5572
5572
5572
5574
5574
5574
5576
5576
5578
5580
5580
5582
5582
5582
5584
5584
5584
5586
5588
5588
5588
5588
5588
5590
5590
5592
5592
5594
5596
5596
5596
5596
5596
5600
5600
5600
5604
5604
5604
5606
5608
5608
5608
5610
5610
5612
5614
5614
5614
5618
5620
5620
5624
5626
5626
5628
5630
5632
5632
5634
5634
5636
5638
5638
5638
5640
5640
5642
5642
5644
5646
5650
5650
5652
5654
5654
5656
5658
5658
5658
5660
5660
5662
5662
5662
5664
5664
5664
5664
5666
5666
5666
5666
5666
5666
5670
5670
5672
5672
5672
5674
5674
5676
5678
5680
5680
5682
5682
5684
5684
5684
5684
5686
5688
5690
5694
5694
5696
5696
5696
5696
5698
5700
5700
5702
5702
5702
5702
5704
5704
5706
5706
5706
5708
5708
5708
5710
5710
5710
5710
5710
5712
5712
5712
5712
5712
5712
5720
5720
5722
5722
5724
5724
5726
5726
5728
5728
5728
5730
5732
5732
5734
5734
5734
5734
5736
5736
5738
5738
5738
5738
5740
5740
5742
5744
5744
5746
5746
5748
5748
5748
5754
5754
5754
5756
5756
5758
5758
5758
5758
5760
5760
5760
5760
5760
5762
5764
5768
5768
5770
5770
5770
5778
5780
5780
5780
5784
5786
5786
5788
5792
5792
5794
5796
5796
5796
5796
5796
5798
5800
5804
5804
5804
5806
5808
5816
5816
5818
5820
5822
5824
5824
5824
5826
5828
5830
5830
5830
5832
5836
5836
5838
5840
5842
5842
5846
5846
5846
5848
5848
5848
5848
5850
5850
5850
5852
5852
5852
5854
5854
5858
5860
5860
5860
5864
5868
5870
5870
5872
5874
5876
5876
5878
5878
5880
5880
5882
5882
5882
5884
5884
5884
5886
5890
5890
5892
5894
5896
5896
5898
5902
5902
5904
5904
5904
5906
5906
5906
5906
5908
5908
5912
5912
5916
5916
5920
5922
5922
5922
5924
5924
5926
5926
5930
5930
5936
5936
5938
5940
5940
5944
5944
5946
5952
5954
5958
5958
5958
5960
5962
5966
5968
5968
5970
5970
5972
5976
5976
5976
5978
5978
5978
5978
5980
5982
5982
5982
5982
5986
5990
5990
5992
5994
5996
5996
5998
6000
6002
6002
6002
6004
6004
6006
6008
6008
6008
6010
6014
6014
6016
6018
6018
6020
6020
6020
6022
6022
6024
6024
6026
6028
6030
6030
6032
6034
6036
6038
6038
6038
6038
6040
6040
6044
6044
6048
6048
6054
6054
6054
6056
6064
6064
6064
6068
6070
6070
6072
6074
6074
6074
6074
6076
6078
6078
6082
6082
6086
6088
6088
6090
6090
6094
6094
6094
6096
6098
6100
6100
6100
6102
6102
6104
6106
6106
6108
6108
6112
6114
6116
6116
6118
6120
6124
6130
6136
6140
6144
6144
6146
6148
6148
6150
6152
6154
6154
6158
6158
6162
6162
6164
6166
6168
6168
6168
6168
6170
6172
6176
6184
6184
6192
6194
6196
6198
6200
6202
6202
6204
6204
6210
6212
6216
6218
6218
6224
6226
6226
6226
6226
6234
6234
6240
6242
6242
6248
6252
6254
6260
6262
6268
6276
6276
6278
6278
6280
6282
6282
6284
6284
6294
6294
6300
6318
6324
6324
6330
6330
6338
6342
6344
6346
6352
6366
6372
6382
6398
6398
6410
6412
6412
6420
6424
6446
6454
6466
6468
6470
6480
6500
6506
6508
6526
6532
6536
6536
6560
6562
6568
6568
6590
6604
6608
6610
6642
6646
6654
6668
6676
6678
6692
6700
6702
6722
6744
6746
6762
6796
6806
6810
6820
6832
6842
6850
6852
6856
6866
6874
6888
6890
6890
6900
6916
6934
6938
6944
6960
6978
6986
7028
7060
7090
7094
7144
7188
7256
7346
7370
7372
7404
7470
7476
7536
7550
7556
7602
7688
7764
7868
8052
8054
8110
10360
12748
15010
17254
18384
19260
20734
21986
22106
31756
56406
