Latencies
5120
5174
5186
5212
5214
5220
5222
5228
5242
5246
5246
5246
5250
5252
5252
5254
5262
5262
5266
5268
5268
5272
5272
5274
5276
5278
5278
5282
5282
5282
5284
5286
5286
5286
5288
5290
5290
5290
5294
5294
5298
5302
5302
5304
5304
5306
5306
5314
5314
5314
5324
5324
5324
5324
5326
5326
5326
5326
5328
5330
5332
5334
5334
5336
5336
5338
5340
5340
5340
5340
5342
5342
5342
5344
5344
5346
5346
5348
5348
5348
5348
5348
5348
5350
5350
5350
5350
5352
5352
5352
5352
5354
5354
5354
5354
5354
5354
5356
5356
5356
5356
5356
5358
5358
5358
5358
5358
5358
5358
5360
5360
5360
5362
5362
5364
5364
5364
5366
5366
5368
5368
5368
5368
5368
5368
5370
5372
5372
5372
5374
5374
5374
5374
5376
5376
5378
5378
5378
5378
5378
5380
5382
5382
5382
5382
5384
5384
5384
5384
5384
5384
5386
5386
5386
5386
5386
5386
5388
5388
5388
5390
5392
5392
5392
5394
5394
5394
5394
5394
5396
5396
5396
5396
5396
5396
5396
5396
5396
5398
5398
5398
5400
5400
5400
5400
5400
5400
5402
5402
5402
5402
5402
5402
5402
5404
5404
5406
5406
5406
5406
5406
5406
5408
5408
5408
5408
5408
5408
5412
5412
5412
5412
5412
5414
5414
5414
5416
5416
5418
5418
5418
5420
5420
5420
5420
5422
5422
5422
5422
5422
5424
5424
5426
5426
5426
5426
5426
5428
5428
5428
5432
5432
5432
5434
5434
5434
5434
5434
5436
5436
5436
5436
5438
5438
5438
5438
5440
5440
5440
5440
5442
5444
5444
5446
5446
5450
5454
5454
5454
5456
5456
5458
5458
5458
5458
5458
5458
5458
5460
5460
5462
5462
5464
5464
5464
5464
5466
5468
5468
5470
5470
5470
5470
5470
5470
5470
5472
5472
5474
5474
5476
5476
5476
5478
5478
5480
5480
5482
5482
5482
5482
5484
5486
5486
5486
5486
5488
5488
5488
5490
5490
5490
5490
5490
5492
5492
5492
5494
5494
5494
5496
5496
5500
5500
5500
5500
5500
5500
5502
5502
5502
5502
5504
5504
5504
5506
5506
5506
5506
5508
5508
5508
5508
5510
5510
5510
5512
5512
5512
5514
5514
5516
5518
5518
5518
5518
5518
5520
5520
5520
5522
5524
5526
5526
5526
5528
5528
5528
5528
5530
5530
5530
5530
5532
5532
5534
5534
5534
5534
5534
5536
5538
5538
5538
5538
5538
5538
5540
5540
5540
5540
5542
5542
5542
5544
5544
5544
5546
5546
5546
5546
5550
5550
5552
5556
5556
5556
5558
5558
5558
5560
5564
5564
5568
5568
5568
5570
5570
5570
5572
5574
5576
5576
5576
5576
5580
5580
5582
5584
5584
5586
5590
5590
5590
5590
5590
5590
5592
5592
5592
5592
5594
5598
5598
5598
5600
5600
5600
5600
5602
5602
5602
5608
5608
5608
5610
5610
5614
5616
5616
5616
5616
5618
5618
5620
5620
5620
5622
5622
5624
5626
5628
5630
5630
5632
5634
5642
5642
5644
5644
5644
5644
5648
5648
5650
5650
5652
5652
5652
5652
5654
5654
5654
5656
5658
5660
5662
5662
5662
5664
5670
5672
5674
5676
5676
5678
5678
5680
5680
5684
5684
5686
5686
5686
5692
5698
5700
5702
5704
5704
5708
5712
5712
5714
5716
5718
5720
5720
5722
5722
5726
5728
5728
5730
5730
5734
5736
5738
5738
5738
5738
5740
5740
5742
5742
5744
5746
5746
5746
5748
5750
5752
5752
5752
5752
5754
5758
5760
5762
5762
5764
5764
5766
5766
5768
5772
5772
5776
5776
5782
5786
5788
5788
5792
5792
5796
5798
5798
5800
5800
5800
5802
5802
5802
5804
5806
5808
5810
5812
5812
5812
5814
5814
5816
5820
5822
5824
5826
5828
5830
5834
5836
5838
5838
5840
5842
5844
5844
5844
5848
5848
5850
5850
5850
5850
5856
5856
5860
5860
5860
5860
5862
5864
5864
5868
5870
5872
5874
5876
5878
5878
5878
5878
5880
5882
5882
5884
5884
5884
5884
5884
5888
5888
5890
5890
5892
5892
5892
5892
5894
5894
5896
5898
5898
5898
5900
5906
5910
5912
5916
5918
5918
5920
5922
5930
5932
5932
5936
5938
5944
5948
5954
5956
5958
5960
5960
5960
5966
5968
5970
5974
5974
5974
5976
5976
5978
5980
5988
5990
5990
5992
5992
5994
5994
5996
5998
6000
6000
6002
6004
6004
6008
6010
6018
6018
6020
6022
6024
6024
6026
6032
6032
6036
6040
6040
6040
6040
6042
6042
6044
6046
6046
6046
6046
6050
6056
6066
6066
6072
6072
6074
6076
6078
6080
6082
6084
6086
6088
6088
6088
6088
6088
6090
6096
6096
6098
6102
6104
6106
6114
6114
6116
6116
6118
6120
6126
6130
6138
6150
6150
6154
6158
6164
6164
6164
6166
6166
6170
6172
6176
6182
6182
6184
6186
6190
6192
6192
6196
6200
6202
6202
6206
6208
6208
6210
6224
6242
6246
6248
6248
6256
6266
6268
6272
6276
6276
6276
6280
6282
6284
6286
6288
6290
6292
6294
6304
6308
6318
6334
6340
6352
6358
6360
6368
6372
6376
6400
6404
6426
6454
6462
6474
6482
6494
6510
6514
6516
6518
6536
6542
6556
6558
6562
6594
6628
6636
6654
6702
6714
6724
6726
6754
6766
6770
6800
6826
6836
6854
6868
6922
6946
6968
6998
7006
7016
7026
7040
7074
7080
7082
7090
7140
7150
7164
7186
7200
7206
7210
7222
7230
7242
7250
7250
7260
7276
7292
7294
7296
7342
7350
7358
7364
7446
7446
7464
7466
7470
7478
7484
7526
7582
7588
7588
7590
7598
7650
7660
7684
7714
7718
7732
7754
7772
7786
7790
7804
7812
7820
7820
7888
7894
7940
7966
7968
7984
7988
7992
8010
8088
8090
8186
8210
8314
8346
8374
8386
8430
8490
8596
8630
8646
8650
8824
8974
9004
9060
9092
9278
9314
9322
9386
9564
9746
9770
9888
9890
10230
10350
10462
11582
11938
12060
12660
13572
13862
16158
16590
17974
18342
18516
19502
19958
20490
21842
23742
23968
24320
25202
25632
27182
27992
29052
32384
36848
43726
51636
