Latencies
5136
5206
5210
5210
5220
5222
5240
5242
5246
5254
5256
5260
5260
5262
5264
5264
5264
5264
5266
5266
5266
5268
5268
5270
5272
5274
5276
5276
5278
5282
5286
5288
5290
5292
5294
5296
5300
5302
5304
5304
5306
5310
5310
5312
5316
5318
5318
5318
5318
5320
5320
5322
5322
5322
5322
5324
5326
5326
5328
5328
5328
5330
5336
5336
5340
5342
5342
5344
5344
5348
5356
5358
5358
5362
5362
5364
5364
5364
5366
5370
5372
5372
5376
5380
5382
5386
5386
5390
5390
5390
5394
5394
5396
5396
5396
5398
5404
5404
5408
5408
5408
5412
5412
5412
5424
5426
5430
5432
5438
5442
5444
5444
5446
5446
5448
5448
5450
5450
5452
5454
5458
5458
5460
5462
5464
5466
5468
5474
5476
5478
5480
5490
5508
5514
5516
5518
5520
5520
5526
5526
5528
5532
5540
5540
5560
5562
5562
5572
5576
5578
5582
5584
5588
5588
5592
5594
5596
5598
5598
5600
5602
5604
5620
5620
5622
5624
5626
5630
5632
5642
5644
5646
5646
5648
5650
5652
5656
5662
5676
5676
5680
5684
5684
5686
5690
5690
5692
5694
5700
5710
5714
5722
5728
5734
5734
5734
5736
5736
5738
5742
5744
5744
5746
5748
5758
5758
5762
5764
5768
5768
5774
5776
5778
5778
5778
5790
5790
5794
5812
5812
5812
5814
5814
5818
5820
5822
5826
5834
5834
5840
5842
5844
5846
5848
5848
5854
5854
5856
5856
5856
5858
5858
5858
5860
5860
5868
5870
5870
5876
5878
5880
5880
5882
5884
5886
5886
5890
5892
5894
5894
5898
5904
5908
5910
5916
5920
5920
5920
5924
5926
5928
5928
5928
5932
5932
5936
5940
5944
5946
5946
5948
5952
5958
5960
5964
5974
5976
5982
5982
5984
5994
5994
5996
5996
5998
6002
6014
6016
6028
6036
6046
6046
6050
6052
6056
6058
6060
6062
6076
6082
6084
6086
6090
6092
6116
6132
6140
6144
6146
6150
6152
6156
6164
6172
6174
6182
6204
6218
6226
6234
6246
6248
6250
6256
6262
6268
6276
6280
6286
6342
6376
6376
6376
6376
6390
6390
6396
6400
6404
6434
6438
6440
6446
6472
6500
6502
6508
6520
6526
6554
6562
6570
6578
6584
6606
6608
6612
6614
6678
6680
6690
6712
6742
6748
6772
6812
6826
6826
6830
6836
6880
6896
6898
6936
6952
6960
6962
7024
7024
7040
7052
7070
7080
7092
7148
7150
7164
7190
7244
7260
7294
7310
7326
7332
7338
7342
7352
7368
7386
7412
7462
7498
7502
7530
7536
7578
7598
7598
7624
7634
7650
7664
7668
7726
7778
7810
7836
7848
7886
8008
8050
8118
8128
8150
8212
8238
8254
8256
8256
8288
8304
8314
8326
8330
8334
8348
8356
8358
8366
8388
8510
8556
8620
8626
8628
8632
8644
8656
8666
8668
8692
8706
8722
8724
8728
8740
8782
8828
8848
8914
9004
9044
9084
9194
9262
9284
9306
9310
9310
9326
9396
9464
9466
9482
9486
9540
9540
9558
9576
9620
9624
9630
9692
9694
9726
9764
9806
9806
9824
9910
9922
9978
10028
10044
10168
10244
10248
10256
10258
10272
10326
10336
10338
10350
10372
10418
10422
10426
10450
10482
10526
10536
10622
10690
10696
10698
10720
10740
10748
10752
10752
10796
10808
10876
10980
11004
11026
11154
11192
11194
11194
11222
11232
11240
11258
11270
11290
11328
11348
11358
11372
11386
11392
11436
11470
11484
11578
11600
11650
11668
11670
11772
11802
11812
11820
11834
11876
11994
12024
12070
12092
12094
12148
12148
12160
12174
12298
12530
12606
12620
12658
12668
12708
12708
12728
12806
12828
12834
12838
12884
12892
12894
12948
12966
12970
12978
13004
13014
13092
13118
13134
13148
13172
13198
13200
13218
13232
13242
13300
13346
13390
13412
13460
13466
13494
13498
13502
13554
13596
13608
13616
13622
13642
13652
13704
13778
13850
13874
13880
13888
13898
13980
14014
14016
14018
14048
14074
14076
14092
14100
14108
14120
14122
14142
14154
14164
14170
14238
14256
14256
14266
14270
14310
14314
14326
14336
14338
14344
14344
14364
14366
14370
14372
14396
14400
14416
14440
14464
14464
14464
14466
14490
14494
14506
14506
14518
14522
14522
14530
14548
14558
14560
14570
14574
14590
14608
14614
14624
14626
14628
14630
14634
14640
14644
14648
14654
14670
14674
14676
14684
14690
14692
14692
14704
14704
14706
14712
14716
14730
14738
14740
14744
14746
14748
14758
14760
14766
14768
14772
14774
14786
14790
14792
14798
14802
14804
14808
14808
14810
14812
14812
14812
14814
14818
14822
14824
14832
14834
14834
14838
14842
14844
14844
14848
14858
14864
14870
14878
14886
14888
14890
14894
14896
14900
14910
14912
14914
14922
14922
14924
14926
14930
14936
14944
14946
14950
14950
14950
14952
14952
14952
14954
14954
14970
14984
15002
15004
15006
15006
15006
15010
15024
15030
15052
15058
15060
15064
15064
15066
15076
15082
15082
15082
15102
15106
15116
15116
15124
15134
15134
15140
15140
15148
15150
15152
15156
15156
15158
15158
15158
15158
15164
15166
15170
15172
15176
15176
15176
15178
15178
15180
15182
15184
15184
15198
15208
15218
15230
15234
15240
15240
15242
15244
15246
15246
15250
15256
15258
15274
15274
15284
15286
15288
15288
15302
15302
15308
15308
15316
15318
15320
15320
15322
15322
15322
15346
15348
15350
15366
15374
15400
15402
15406
15414
15416
15422
15424
15426
15428
15430
15430
15434
15438
15474
15476
15490
15492
15496
15496
15502
15518
15526
15562
15572
15574
15580
15588
15594
15618
15632
15644
15662
15664
15680
15686
15698
15702
15708
15738
15740
15748
15760
15764
15782
15878
15886
15886
15896
15924
15954
15956
15968
15974
16000
16010
16014
16018
16026
16044
16082
16082
16110
16228
16262
16358
16388
16552
16552
16660
16830
16956
17274
17388
17496
17996
18822
18974
19026
20854
22020
23160
23572
23678
23702
23754
24084
24158
24180
24190
24202
24290
24302
24374
24408
24476
24510
24558
24562
24590
24590
24616
24640
24708
24774
24816
24850
24866
24890
24940
24956
24964
25050
25144
25166
25228
25256
25542
25556
25564
26260
30752
33224
33702
33848
33914
34070
34574
34734
35114
35806
38098
42086
42548
51366
195876
223796
655814
833454
1410284
3650622
