Latencies
5110
5202
5242
5254
5260
5262
5268
5270
5270
5270
5270
5270
5276
5280
5290
5290
5294
5294
5294
5300
5302
5308
5312
5314
5314
5316
5316
5318
5324
5330
5336
5338
5338
5340
5340
5342
5342
5344
5344
5348
5350
5352
5352
5352
5354
5354
5358
5358
5368
5370
5370
5370
5372
5372
5372
5374
5376
5376
5378
5380
5380
5382
5382
5382
5384
5386
5386
5386
5388
5392
5394
5394
5396
5398
5398
5400
5402
5402
5402
5404
5408
5410
5412
5414
5416
5418
5422
5424
5424
5426
5426
5428
5430
5438
5440
5440
5442
5444
5448
5448
5456
5462
5466
5468
5476
5478
5480
5484
5490
5500
5502
5510
5512
5512
5518
5522
5526
5526
5530
5532
5534
5534
5536
5536
5538
5540
5548
5550
5554
5558
5560
5566
5570
5572
5574
5586
5590
5600
5602
5602
5604
5614
5622
5622
5628
5628
5644
5652
5656
5658
5662
5668
5670
5682
5696
5698
5700
5700
5702
5704
5710
5718
5722
5730
5734
5738
5738
5738
5742
5744
5746
5750
5758
5762
5764
5768
5772
5782
5782
5782
5782
5784
5784
5784
5804
5812
5814
5816
5816
5820
5820
5828
5828
5828
5830
5838
5842
5842
5874
5876
5880
5884
5888
5888
5896
5898
5898
5902
5912
5914
5924
5928
5932
5940
5946
5958
5958
5962
5966
5968
5972
5972
5976
5978
5982
5984
5988
5990
5998
5998
6004
6004
6010
6016
6018
6024
6028
6034
6040
6044
6058
6062
6062
6062
6082
6086
6100
6106
6112
6114
6134
6140
6142
6150
6154
6156
6166
6170
6178
6180
6186
6202
6220
6232
6254
6270
6292
6308
6312
6326
6336
6342
6348
6378
6382
6384
6406
6420
6436
6446
6506
6510
6518
6534
6534
6558
6560
6562
6586
6604
6624
6660
6668
6674
6674
6678
6684
6684
6700
6708
6720
6722
6768
6784
6790
6824
6824
6842
6844
6884
6890
6958
6966
6982
7014
7022
7024
7038
7048
7076
7078
7088
7090
7134
7144
7182
7210
7226
7246
7264
7292
7302
7302
7302
7304
7308
7322
7348
7422
7426
7452
7454
7460
7462
7484
7494
7502
7506
7508
7510
7518
7522
7566
7670
7720
7736
7766
7810
7844
7900
7930
7954
7958
7986
7992
8000
8030
8070
8072
8078
8084
8086
8108
8120
8162
8186
8192
8198
8274
8290
8294
8308
8330
8330
8342
8364
8400
8420
8428
8460
8468
8556
8600
8608
8608
8624
8634
8640
8680
8686
8710
8726
8730
8758
8764
8778
8784
8790
8854
8854
8854
8856
8856
8866
8868
8900
8900
8914
8926
8950
8974
8988
9018
9020
9040
9114
9132
9174
9182
9184
9212
9226
9234
9248
9266
9330
9348
9372
9384
9388
9390
9394
9408
9414
9420
9428
9482
9484
9506
9528
9552
9558
9568
9594
9600
9602
9614
9634
9634
9636
9656
9662
9672
9702
9708
9714
9726
9740
9748
9750
9772
9782
9808
9818
9844
9848
9890
9902
9958
9978
9980
9988
9988
9992
9998
10100
10154
10156
10174
10184
10224
10326
10370
10396
10444
10448
10478
10478
10484
10514
10554
10570
10584
10586
10602
10614
10622
10622
10636
10668
10744
10774
10792
10796
10806
10806
10842
10866
10906
10928
10932
10952
10976
10998
11008
11014
11052
11066
11110
11154
11178
11194
11196
11216
11254
11258
11284
11336
11336
11348
11352
11374
11376
11406
11410
11448
11484
11502
11504
11506
11520
11522
11524
11530
11550
11552
11560
11574
11580
11594
11710
11716
11760
11776
11828
11880
11890
11890
11906
11912
11934
12044
12050
12052
12060
12076
12094
12116
12124
12126
12156
12168
12196
12216
12238
12260
12268
12280
12282
12298
12330
12342
12396
12396
12428
12466
12468
12470
12504
12508
12512
12542
12590
12594
12598
12624
12650
12670
12686
12760
12764
12776
12780
12792
12858
12904
12940
12966
13008
13094
13094
13098
13120
13162
13180
13182
13186
13192
13208
13212
13216
13280
13290
13364
13408
13432
13442
13506
13536
13550
13562
13562
13572
13574
13602
13630
13648
13666
13710
13792
13814
13902
13908
13920
13950
13950
13984
14046
14058
14122
14126
14154
14154
14156
14166
14172
14186
14188
14190
14226
14264
14268
14276
14322
14334
14368
14372
14408
14428
14428
14436
14442
14446
14458
14466
14482
14484
14486
14496
14524
14526
14530
14534
14542
14546
14556
14560
14560
14564
14570
14572
14578
14578
14586
14588
14588
14600
14610
14618
14620
14632
14636
14642
14644
14648
14652
14662
14670
14672
14684
14696
14698
14704
14726
14734
14738
14740
14742
14748
14752
14760
14762
14766
14772
14778
14784
14796
14802
14804
14808
14812
14818
14820
14844
14846
14856
14856
14866
14878
14882
14884
14890
14892
14894
14894
14894
14898
14906
14912
14914
14916
14918
14920
14922
14922
14926
14944
14948
14948
14952
14954
14956
14962
14964
14966
14966
14966
14968
14980
14980
14980
14982
14982
14984
14990
14992
14996
15002
15004
15004
15018
15030
15034
15040
15044
15048
15050
15052
15052
15054
15054
15054
15068
15070
15070
15072
15080
15088
15092
15092
15092
15092
15092
15096
15096
15100
15106
15110
15110
15110
15112
15114
15116
15116
15118
15122
15122
15134
15134
15140
15144
15148
15160
15162
15172
15172
15174
15176
15176
15184
15184
15188
15190
15192
15196
15196
15200
15202
15204
15208
15218
15222
15228
15232
15236
15244
15250
15264
15268
15276
15284
15306
15312
15312
15314
15316
15330
15330
15336
15340
15354
15362
15362
15362
15362
15364
15368
15368
15370
15382
15392
15398
15402
15408
15408
15410
15422
15424
15424
15430
15432
15442
15444
15446
15452
15482
15482
15488
15490
15494
15512
15524
15536
15556
15566
15578
15586
15600
15600
15616
15622
15624
15644
15670
15684
15686
15706
15744
15746
15748
15772
15806
15812
15820
15820
15826
15844
15844
15884
15936
15966
16034
16128
16162
16174
16370
16474
16500
16672
17150
17224
18030
18502
18530
18868
19144
19912
19956
20024
20680
20808
21642
22286
22858
22868
23018
23060
23262
23406
23492
23754
23786
23840
24002
24158
24162
24176
24208
24230
24322
24336
24372
24396
24416
24426
24442
24474
24552
24622
24662
24918
24922
25044
25076
25134
25200
25252
25318
25510
25516
33234
38628
46460
106796
272370
321042
397724
