Latencies
5020
5028
5034
5040
5046
5050
5058
5060
5064
5066
5070
5070
5072
5076
5076
5078
5082
5084
5092
5098
5098
5104
5106
5108
5116
5118
5118
5122
5124
5128
5132
5132
5132
5132
5134
5136
5136
5136
5136
5138
5138
5142
5142
5144
5144
5146
5148
5148
5150
5152
5152
5152
5152
5154
5154
5156
5158
5160
5160
5160
5162
5162
5162
5164
5166
5166
5166
5166
5166
5168
5168
5168
5168
5170
5170
5172
5172
5172
5174
5174
5176
5176
5176
5176
5176
5178
5180
5182
5182
5182
5184
5184
5184
5184
5186
5186
5186
5188
5188
5188
5188
5190
5190
5190
5194
5194
5194
5194
5196
5198
5198
5198
5198
5200
5202
5202
5202
5202
5204
5206
5206
5206
5206
5208
5208
5210
5210
5212
5212
5214
5214
5214
5216
5216
5216
5216
5218
5218
5220
5220
5220
5220
5222
5222
5224
5224
5224
5224
5224
5226
5226
5226
5226
5226
5226
5228
5228
5230
5230
5230
5230
5234
5234
5234
5236
5236
5236
5236
5236
5236
5238
5238
5238
5240
5240
5242
5242
5244
5244
5246
5246
5246
5246
5246
5246
5248
5248
5250
5250
5250
5250
5250
5250
5250
5252
5252
5252
5252
5252
5252
5254
5254
5256
5256
5256
5256
5256
5256
5256
5258
5258
5260
5260
5260
5260
5260
5262
5262
5262
5264
5264
5264
5264
5264
5264
5264
5266
5266
5266
5266
5268
5268
5268
5268
5270
5270
5272
5272
5272
5274
5274
5274
5274
5276
5276
5276
5278
5278
5278
5278
5280
5280
5280
5280
5280
5280
5280
5280
5280
5280
5282
5282
5284
5284
5284
5286
5286
5286
5286
5288
5288
5288
5288
5288
5288
5292
5292
5292
5292
5292
5292
5292
5294
5294
5294
5296
5298
5298
5298
5300
5300
5300
5302
5302
5302
5302
5304
5304
5304
5304
5304
5304
5306
5306
5308
5308
5308
5308
5308
5308
5310
5310
5310
5310
5310
5312
5312
5312
5312
5314
5314
5314
5316
5316
5316
5316
5318
5318
5318
5320
5322
5322
5322
5322
5322
5324
5324
5326
5328
5330
5330
5332
5332
5334
5334
5336
5336
5338
5338
5338
5338
5340
5340
5340
5340
5342
5342
5344
5344
5344
5346
5348
5348
5348
5348
5350
5350
5352
5352
5352
5352
5354
5354
5354
5356
5356
5356
5356
5356
5360
5362
5362
5362
5364
5366
5368
5368
5368
5370
5370
5374
5376
5376
5376
5378
5380
5382
5382
5382
5384
5384
5384
5386
5386
5386
5386
5388
5388
5388
5388
5388
5388
5390
5390
5392
5392
5394
5394
5394
5394
5394
5394
5396
5396
5396
5396
5398
5398
5400
5400
5400
5402
5402
5402
5402
5402
5404
5406
5408
5408
5410
5410
5412
5412
5414
5414
5414
5416
5418
5418
5418
5418
5420
5422
5424
5424
5426
5426
5426
5428
5428
5428
5430
5430
5432
5432
5432
5432
5434
5434
5436
5442
5442
5444
5448
5450
5450
5450
5450
5452
5452
5454
5456
5458
5458
5458
5458
5464
5464
5464
5464
5466
5466
5468
5468
5468
5468
5470
5470
5470
5472
5474
5474
5474
5476
5476
5476
5478
5482
5482
5482
5484
5486
5486
5486
5488
5490
5490
5492
5494
5494
5494
5498
5498
5500
5500
5502
5502
5504
5506
5506
5508
5510
5512
5514
5514
5516
5518
5518
5518
5520
5522
5522
5526
5526
5528
5530
5532
5534
5536
5540
5542
5546
5548
5550
5550
5550
5552
5552
5552
5554
5558
5560
5562
5564
5564
5566
5566
5570
5570
5570
5574
5574
5580
5582
5582
5582
5582
5584
5584
5586
5588
5590
5590
5592
5594
5594
5594
5596
5600
5604
5604
5604
5606
5608
5608
5612
5612
5612
5616
5616
5618
5618
5620
5622
5626
5626
5628
5634
5636
5636
5638
5640
5640
5644
5644
5646
5646
5650
5652
5658
5658
5658
5662
5662
5666
5666
5668
5670
5670
5674
5678
5680
5684
5686
5686
5688
5688
5688
5690
5690
5690
5698
5702
5702
5702
5704
5706
5710
5712
5714
5722
5724
5724
5726
5734
5734
5734
5742
5744
5746
5748
5750
5750
5752
5758
5758
5758
5758
5758
5760
5762
5764
5766
5770
5772
5774
5774
5774
5776
5784
5788
5790
5792
5796
5798
5802
5804
5806
5806
5810
5810
5810
5812
5814
5814
5816
5818
5822
5824
5824
5826
5842
5842
5846
5846
5850
5852
5852
5854
5858
5860
5862
5862
5864
5868
5870
5876
5884
5890
5896
5904
5904
5904
5910
5914
5922
5922
5926
5928
5930
5930
5930
5932
5934
5936
5936
5938
5942
5948
5950
5952
5952
5956
5958
5958
5958
5958
5960
5966
5968
5968
5972
5974
5984
5986
5986
5990
5992
5992
5998
5998
6002
6004
6006
6010
6012
6012
6022
6024
6026
6030
6034
6036
6038
6044
6044
6046
6046
6048
6050
6060
6060
6066
6070
6070
6072
6082
6086
6086
6090
6096
6100
6102
6110
6110
6116
6118
6126
6132
6134
6136
6144
6152
6154
6162
6164
6168
6172
6180
6182
6184
6194
6198
6200
6200
6204
6204
6212
6222
6224
6230
6234
6236
6238
6240
6264
6266
6272
6282
6286
6298
6302
6310
6314
6324
6328
6368
6370
6382
6384
6390
6392
6418
6428
6440
6454
6470
6472
6480
6518
6526
6552
6578
6630
6662
6664
6666
6672
6676
6708
6712
6736
6754
6766
6780
6780
6794
6850
6860
6860
6922
6980
7040
7120
7198
7284
7356
7398
7516
7564
7672
7674
7696
7946
7960
7994
8032
8060
8124
8476
8596
8968
9236
9384
9480
9768
9918
10050
10066
10184
10450
10538
10618
10716
11220
12052
12126
12178
12324
12648
12774
13422
13476
13510
13624
13866
14416
14574
14640
14804
14912
15022
15444
15462
15540
15702
16250
16688
16878
17076
17292
17418
17680
17898
19944
20228
20404
20538
20700
21030
21374
22958
23268
24616
25308
25392
25674
25924
26002
26062
26228
27254
27562
27680
28378
28582
31566
33580
34848
35342
35714
36458
36496
39996
61776
39578904
