Latencies
4982
5002
5004
5022
5034
5038
5064
5070
5070
5070
5074
5074
5074
5086
5086
5088
5088
5088
5094
5096
5096
5098
5098
5100
5108
5110
5116
5120
5122
5122
5126
5128
5128
5128
5130
5134
5134
5136
5138
5140
5140
5140
5140
5140
5142
5142
5142
5144
5148
5148
5150
5150
5150
5156
5156
5156
5156
5160
5160
5160
5166
5166
5166
5170
5170
5172
5172
5172
5174
5176
5176
5176
5178
5178
5178
5180
5182
5182
5182
5182
5184
5186
5186
5186
5186
5188
5188
5190
5190
5192
5192
5192
5194
5194
5194
5194
5196
5196
5198
5198
5198
5198
5200
5200
5200
5202
5202
5204
5206
5206
5208
5208
5208
5210
5210
5210
5210
5210
5212
5214
5214
5214
5214
5214
5216
5216
5216
5218
5218
5218
5218
5220
5220
5222
5224
5224
5226
5226
5226
5226
5226
5228
5228
5230
5230
5230
5230
5230
5230
5232
5232
5232
5232
5232
5232
5232
5232
5234
5234
5234
5234
5234
5236
5236
5236
5236
5238
5238
5238
5238
5238
5240
5240
5242
5242
5244
5244
5244
5244
5246
5246
5246
5248
5248
5250
5250
5250
5252
5252
5252
5252
5252
5254
5254
5254
5254
5256
5256
5256
5258
5258
5258
5260
5262
5262
5262
5262
5262
5264
5264
5264
5264
5264
5266
5266
5266
5266
5266
5266
5266
5268
5268
5268
5268
5270
5270
5270
5270
5272
5272
5274
5274
5276
5276
5278
5278
5280
5280
5280
5282
5282
5282
5282
5284
5284
5284
5284
5286
5286
5286
5286
5288
5288
5288
5288
5288
5290
5290
5290
5290
5292
5294
5294
5294
5294
5294
5294
5294
5296
5296
5296
5296
5296
5298
5298
5298
5298
5300
5300
5300
5300
5300
5302
5302
5304
5304
5304
5304
5304
5306
5306
5308
5310
5310
5312
5312
5314
5314
5314
5314
5316
5318
5318
5320
5320
5320
5320
5320
5322
5322
5322
5322
5322
5322
5324
5324
5324
5326
5326
5326
5326
5326
5326
5328
5328
5328
5328
5330
5330
5332
5332
5334
5334
5334
5334
5336
5336
5338
5338
5338
5338
5340
5340
5340
5340
5342
5342
5342
5342
5344
5348
5348
5348
5348
5348
5350
5350
5350
5350
5350
5350
5350
5350
5352
5352
5352
5352
5352
5352
5354
5356
5358
5358
5358
5358
5360
5360
5360
5362
5362
5362
5362
5362
5362
5364
5364
5364
5364
5364
5366
5366
5368
5368
5368
5370
5372
5372
5374
5374
5376
5378
5382
5382
5384
5384
5384
5384
5384
5386
5386
5386
5388
5388
5390
5390
5390
5390
5392
5392
5392
5392
5392
5394
5394
5396
5396
5396
5398
5398
5398
5400
5400
5400
5404
5404
5404
5404
5404
5406
5406
5406
5408
5408
5410
5410
5410
5410
5412
5412
5412
5414
5414
5418
5418
5418
5420
5422
5422
5424
5424
5424
5424
5426
5426
5426
5428
5428
5428
5428
5428
5430
5432
5432
5432
5434
5434
5436
5436
5436
5436
5436
5436
5438
5440
5440
5440
5440
5442
5442
5444
5446
5446
5446
5446
5448
5448
5450
5450
5450
5452
5452
5456
5456
5460
5462
5466
5470
5470
5470
5472
5474
5474
5474
5476
5476
5476
5476
5476
5476
5476
5476
5478
5480
5480
5482
5482
5482
5484
5484
5486
5486
5488
5488
5488
5490
5490
5490
5496
5496
5498
5498
5500
5500
5502
5502
5504
5504
5504
5504
5506
5508
5510
5512
5512
5514
5516
5516
5518
5518
5518
5518
5520
5520
5522
5522
5522
5522
5526
5526
5530
5530
5532
5536
5538
5540
5542
5542
5544
5544
5546
5550
5554
5554
5558
5560
5560
5560
5562
5562
5566
5566
5572
5572
5574
5576
5576
5580
5582
5584
5586
5588
5588
5588
5590
5598
5602
5604
5604
5606
5610
5612
5612
5614
5616
5616
5620
5622
5622
5624
5624
5626
5632
5632
5638
5640
5640
5640
5640
5646
5646
5648
5652
5652
5652
5658
5660
5660
5660
5660
5662
5666
5668
5668
5668
5668
5668
5670
5670
5672
5676
5676
5678
5678
5680
5684
5686
5686
5688
5690
5690
5690
5692
5692
5692
5692
5694
5694
5694
5696
5702
5704
5704
5704
5706
5706
5708
5708
5710
5712
5714
5714
5716
5718
5718
5720
5724
5726
5730
5732
5734
5734
5736
5738
5740
5740
5740
5742
5742
5744
5744
5746
5750
5752
5752
5752
5760
5760
5762
5764
5766
5766
5768
5768
5772
5778
5780
5782
5782
5784
5786
5786
5788
5792
5796
5798
5800
5802
5804
5804
5806
5806
5808
5808
5812
5816
5816
5816
5818
5820
5832
5834
5838
5842
5846
5846
5846
5848
5854
5854
5854
5856
5856
5862
5862
5864
5864
5864
5866
5870
5872
5874
5874
5878
5878
5880
5880
5884
5888
5890
5890
5892
5892
5892
5892
5898
5902
5902
5906
5906
5908
5910
5910
5912
5914
5914
5918
5920
5924
5930
5930
5938
5938
5944
5946
5948
5950
5968
5970
5974
5974
5974
5976
5984
5986
5986
5990
5996
5998
5998
6000
6000
6002
6006
6010
6020
6028
6032
6038
6038
6040
6044
6052
6054
6054
6060
6062
6068
6068
6072
6072
6072
6076
6080
6080
6082
6082
6110
6122
6126
6136
6148
6148
6164
6172
6178
6210
6220
6220
6220
6222
6226
6238
6254
6256
6272
6304
6308
6330
6332
6352
6356
6368
6370
6372
6376
6378
6386
6388
6388
6402
6414
6428
6446
6452
6492
6494
6520
6554
6560
6592
6672
6708
6770
6792
6802
6834
6854
6864
6894
6898
6954
7022
7082
7110
7126
7164
7272
7446
7504
7572
7596
7766
7834
7960
8006
8084
8584
8660
8926
9016
9158
9200
9262
9292
9720
9796
9892
10002
10012
10142
10334
10750
10812
11028
11072
11258
11540
11748
11796
11946
12030
12168
12172
12218
12570
12834
12846
12952
13050
13082
13124
13260
13442
13664
13756
14002
14166
14386
14402
14486
14536
14694
14752
14770
14782
14786
14794
14802
14838
14884
15706
15844
15888
15906
16226
16434
16516
17398
17542
18188
19924
20050
20132
20618
20866
21204
23118
23948
24300
24600
25764
27158
32520
35848
36948
39192
44226
