Latencies
5162
5168
5174
5182
5188
5192
5194
5196
5210
5226
5242
5244
5244
5244
5254
5256
5256
5260
5260
5262
5262
5262
5266
5266
5270
5272
5272
5274
5274
5280
5282
5282
5282
5284
5286
5286
5286
5288
5288
5290
5290
5294
5294
5294
5296
5296
5296
5296
5298
5302
5306
5306
5306
5308
5308
5310
5312
5314
5316
5318
5324
5324
5326
5328
5328
5328
5330
5330
5332
5334
5334
5334
5336
5338
5340
5340
5340
5342
5342
5344
5346
5348
5348
5348
5348
5350
5350
5350
5350
5352
5352
5352
5352
5352
5352
5354
5354
5356
5358
5358
5358
5358
5358
5358
5358
5360
5360
5362
5362
5362
5364
5366
5368
5370
5370
5370
5370
5374
5376
5378
5378
5378
5380
5380
5380
5380
5382
5382
5382
5382
5384
5384
5384
5384
5384
5384
5384
5386
5386
5386
5386
5386
5386
5386
5388
5388
5388
5388
5388
5390
5390
5390
5390
5390
5390
5390
5392
5392
5392
5392
5392
5392
5394
5394
5394
5394
5396
5396
5396
5398
5400
5400
5402
5402
5406
5406
5406
5406
5406
5408
5408
5408
5410
5410
5410
5412
5412
5412
5414
5414
5414
5416
5418
5418
5418
5420
5420
5420
5420
5422
5422
5422
5424
5424
5424
5424
5424
5426
5428
5428
5430
5432
5432
5432
5432
5434
5434
5434
5436
5436
5438
5438
5440
5440
5442
5442
5442
5442
5442
5446
5446
5446
5446
5446
5446
5448
5448
5448
5448
5448
5448
5450
5450
5450
5452
5452
5454
5454
5454
5454
5454
5456
5458
5458
5458
5458
5460
5462
5464
5466
5466
5466
5468
5468
5468
5468
5468
5468
5470
5470
5470
5470
5472
5472
5472
5472
5472
5472
5474
5474
5474
5474
5474
5476
5476
5476
5478
5478
5478
5478
5480
5482
5482
5482
5484
5484
5484
5484
5484
5486
5486
5486
5486
5486
5486
5490
5490
5492
5492
5492
5494
5494
5494
5494
5494
5496
5496
5496
5498
5498
5498
5500
5500
5500
5500
5500
5502
5504
5504
5504
5504
5506
5508
5508
5508
5508
5510
5510
5512
5512
5512
5512
5512
5514
5516
5516
5516
5516
5516
5518
5518
5520
5520
5520
5520
5522
5522
5522
5524
5524
5524
5524
5526
5526
5528
5528
5528
5528
5528
5530
5530
5530
5532
5534
5534
5534
5534
5534
5534
5534
5536
5536
5536
5536
5538
5540
5540
5540
5540
5540
5540
5542
5542
5542
5542
5542
5544
5544
5544
5546
5548
5548
5548
5548
5550
5550
5550
5552
5552
5552
5552
5554
5554
5554
5554
5554
5554
5554
5554
5556
5556
5556
5556
5558
5560
5560
5562
5562
5564
5564
5564
5566
5566
5566
5566
5568
5568
5570
5570
5574
5576
5576
5578
5578
5578
5580
5580
5580
5582
5584
5584
5588
5588
5588
5590
5590
5592
5592
5592
5594
5594
5594
5596
5598
5600
5600
5600
5600
5600
5602
5604
5606
5606
5610
5612
5612
5612
5612
5612
5612
5612
5614
5614
5616
5616
5618
5618
5618
5618
5620
5620
5620
5620
5622
5624
5626
5628
5630
5630
5632
5632
5632
5634
5634
5634
5634
5634
5636
5636
5638
5638
5640
5640
5642
5642
5644
5644
5644
5646
5648
5650
5650
5650
5652
5652
5652
5654
5656
5658
5658
5660
5662
5666
5668
5670
5670
5672
5672
5672
5680
5680
5682
5682
5682
5684
5684
5684
5684
5684
5684
5686
5690
5690
5690
5692
5692
5698
5698
5698
5702
5706
5706
5706
5712
5712
5712
5712
5716
5720
5720
5722
5722
5722
5722
5722
5724
5724
5728
5728
5730
5732
5732
5734
5736
5736
5738
5740
5740
5742
5742
5744
5744
5744
5746
5750
5752
5754
5754
5754
5754
5756
5758
5758
5760
5762
5762
5764
5764
5764
5766
5768
5768
5768
5772
5778
5780
5782
5782
5784
5788
5790
5792
5796
5798
5798
5800
5800
5800
5802
5804
5808
5808
5810
5810
5810
5810
5810
5812
5816
5818
5818
5820
5822
5826
5828
5828
5830
5832
5832
5836
5842
5842
5844
5846
5846
5848
5850
5852
5852
5854
5856
5858
5860
5862
5864
5864
5866
5866
5868
5868
5870
5872
5872
5872
5872
5874
5874
5876
5876
5884
5884
5886
5894
5896
5896
5896
5898
5906
5908
5908
5908
5908
5910
5914
5914
5914
5916
5920
5922
5924
5924
5926
5926
5926
5928
5928
5928
5932
5932
5934
5936
5938
5938
5940
5940
5942
5944
5944
5946
5946
5946
5948
5950
5950
5952
5954
5954
5956
5960
5962
5964
5966
5966
5966
5968
5970
5976
5980
5986
5990
5990
5990
5994
5996
6000
6000
6002
6006
6010
6014
6014
6018
6018
6020
6020
6020
6022
6026
6026
6028
6028
6032
6032
6032
6032
6034
6036
6040
6042
6046
6048
6056
6056
6058
6060
6060
6066
6068
6070
6070
6074
6078
6082
6082
6084
6084
6086
6086
6086
6094
6098
6098
6098
6098
6100
6100
6100
6100
6100
6102
6104
6104
6108
6114
6116
6118
6120
6128
6132
6136
6138
6140
6140
6146
6148
6150
6152
6154
6156
6160
6164
6166
6166
6172
6172
6180
6182
6182
6184
6188
6192
6192
6194
6196
6198
6198
6198
6204
6204
6208
6212
6216
6218
6220
6222
6224
6226
6226
6228
6228
6230
6232
6234
6242
6250
6252
6252
6266
6268
6270
6274
6276
6278
6280
6294
6298
6298
6298
6310
6310
6318
6318
6318
6322
6322
6328
6330
6336
6336
6340
6340
6346
6356
6374
6382
6386
6390
6392
6400
6402
6410
6426
6434
6442
6448
6456
6456
6460
6486
6490
6492
6496
6504
6510
6514
6522
6550
6572
6596
6608
6622
6626
6652
6656
6656
6686
6696
6744
6776
6780
6792
6912
6914
6950
6974
7012
7084
7216
7220
7296
7312
7328
7334
7378
7408
7526
7558
7648
7652
7788
7828
7886
9144
9152
10028
10628
11312
11998
12110
12330
12488
12686
14884
14920
15054
15566
15622
16272
16616
16810
16884
17198
17548
18010
18046
19628
19892
21208
21566
21714
22474
22540
22904
22958
23724
24294
24750
25018
25212
25632
25656
26156
26740
26968
28390
32040
32774
32930
33050
33206
34738
35738
36822
41346
43172
52904
361178
