Latencies
4974
5000
5000
5008
5010
5024
5032
5040
5042
5050
5052
5052
5052
5058
5060
5062
5072
5074
5080
5086
5092
5094
5096
5098
5100
5106
5106
5106
5112
5112
5112
5112
5120
5120
5122
5124
5124
5124
5128
5134
5134
5138
5140
5142
5142
5142
5146
5148
5148
5148
5150
5150
5150
5150
5152
5154
5156
5156
5156
5158
5158
5158
5160
5160
5160
5160
5162
5162
5162
5162
5164
5164
5166
5166
5168
5170
5170
5170
5172
5172
5174
5174
5176
5176
5178
5180
5180
5182
5182
5184
5186
5188
5188
5190
5190
5192
5194
5194
5196
5198
5198
5198
5198
5198
5198
5200
5200
5200
5202
5202
5202
5202
5204
5204
5206
5208
5210
5210
5214
5216
5216
5216
5216
5218
5218
5218
5218
5220
5220
5222
5222
5222
5222
5222
5222
5222
5224
5226
5226
5226
5226
5226
5226
5228
5228
5228
5228
5228
5230
5230
5230
5230
5232
5232
5232
5232
5232
5234
5234
5234
5234
5234
5234
5234
5236
5236
5236
5236
5238
5238
5238
5240
5240
5240
5240
5240
5240
5240
5242
5242
5242
5242
5244
5244
5244
5244
5244
5246
5246
5246
5246
5248
5248
5248
5250
5250
5250
5252
5252
5252
5254
5254
5256
5256
5258
5258
5258
5258
5258
5260
5260
5260
5262
5262
5262
5264
5264
5264
5264
5264
5266
5268
5268
5268
5268
5268
5268
5270
5270
5270
5272
5272
5272
5272
5274
5274
5274
5274
5276
5276
5278
5278
5278
5278
5278
5280
5280
5280
5280
5282
5282
5282
5284
5284
5284
5286
5286
5286
5288
5288
5288
5288
5290
5290
5290
5290
5292
5292
5292
5292
5292
5292
5294
5294
5294
5294
5294
5294
5296
5296
5298
5298
5298
5298
5298
5300
5300
5302
5302
5304
5304
5304
5306
5306
5306
5306
5308
5308
5308
5308
5310
5310
5312
5312
5312
5312
5312
5314
5314
5314
5314
5314
5316
5316
5316
5318
5320
5322
5322
5322
5322
5324
5326
5326
5326
5326
5326
5326
5326
5328
5328
5328
5330
5330
5330
5332
5332
5332
5332
5332
5332
5332
5334
5334
5334
5334
5334
5334
5336
5336
5338
5338
5338
5338
5338
5340
5340
5340
5342
5342
5346
5348
5348
5350
5350
5352
5352
5354
5356
5358
5358
5358
5360
5360
5362
5362
5362
5362
5364
5364
5364
5366
5366
5366
5366
5366
5368
5370
5370
5372
5374
5374
5376
5378
5378
5378
5380
5380
5382
5382
5382
5382
5384
5384
5386
5388
5388
5388
5390
5392
5392
5392
5392
5394
5394
5396
5398
5398
5398
5400
5402
5402
5404
5404
5404
5406
5408
5408
5408
5408
5408
5408
5412
5412
5412
5412
5414
5416
5416
5416
5418
5418
5418
5420
5420
5420
5422
5422
5422
5424
5424
5424
5426
5426
5426
5426
5428
5428
5430
5430
5432
5432
5432
5434
5434
5436
5436
5438
5442
5444
5444
5446
5446
5446
5448
5452
5454
5454
5454
5454
5456
5456
5456
5458
5458
5458
5458
5460
5460
5462
5464
5464
5466
5468
5470
5472
5472
5472
5474
5474
5478
5478
5480
5482
5484
5484
5486
5488
5490
5492
5494
5494
5496
5496
5496
5498
5498
5498
5498
5500
5502
5502
5502
5504
5504
5506
5506
5508
5508
5508
5510
5510
5514
5516
5520
5520
5522
5522
5526
5528
5530
5534
5534
5538
5540
5542
5546
5546
5546
5548
5550
5550
5556
5556
5558
5558
5560
5564
5564
5566
5570
5570
5572
5574
5574
5574
5574
5574
5574
5576
5576
5578
5578
5580
5584
5586
5586
5588
5588
5592
5594
5594
5596
5598
5598
5598
5598
5598
5600
5602
5604
5608
5608
5610
5612
5614
5618
5620
5624
5624
5628
5630
5632
5632
5632
5634
5634
5636
5638
5638
5638
5642
5642
5642
5642
5646
5646
5648
5650
5652
5656
5656
5658
5662
5662
5662
5664
5664
5666
5666
5668
5670
5676
5680
5682
5682
5682
5690
5692
5692
5694
5694
5696
5698
5698
5698
5698
5700
5700
5704
5704
5706
5708
5708
5710
5714
5714
5720
5724
5724
5726
5730
5732
5732
5734
5736
5736
5738
5738
5742
5744
5744
5746
5746
5748
5750
5752
5752
5754
5756
5756
5758
5758
5760
5764
5766
5766
5766
5766
5768
5768
5770
5774
5776
5778
5778
5780
5786
5788
5788
5788
5788
5792
5794
5796
5800
5800
5802
5802
5804
5806
5806
5806
5808
5808
5812
5818
5820
5826
5826
5832
5834
5834
5834
5838
5838
5838
5842
5842
5844
5846
5846
5846
5856
5860
5866
5872
5876
5876
5878
5880
5882
5884
5884
5884
5886
5888
5896
5896
5898
5900
5902
5902
5906
5906
5910
5912
5914
5916
5918
5920
5924
5924
5926
5932
5934
5934
5938
5942
5946
5946
5950
5950
5952
5954
5954
5954
5954
5954
5960
5966
5972
5972
5974
5978
5980
5980
5984
5986
5992
5994
5998
6004
6010
6012
6012
6014
6016
6022
6026
6026
6028
6032
6034
6036
6036
6042
6044
6044
6046
6046
6048
6050
6050
6052
6054
6054
6056
6058
6060
6060
6066
6066
6072
6082
6082
6082
6090
6090
6092
6092
6094
6096
6106
6112
6116
6116
6124
6130
6130
6132
6142
6158
6164
6178
6180
6180
6184
6194
6194
6198
6228
6244
6246
6246
6254
6260
6260
6262
6266
6272
6286
6292
6300
6318
6324
6324
6326
6332
6350
6382
6404
6408
6410
6414
6424
6472
6476
6548
6554
6566
6568
6570
6574
6610
6626
6634
6702
6754
6764
6766
6790
6800
6806
6836
6950
6974
6976
6978
7034
7044
7056
7068
7068
7078
7084
7108
7108
7124
7164
7186
7198
7210
7214
7264
7268
7270
7426
7436
7476
7476
7538
7616
7910
7932
7966
8110
8232
8508
9236
9324
9742
10332
11296
11468
11710
12474
13686
14076
14582
14612
14792
16142
16732
16860
20244
20752
21266
21434
21738
21748
22234
22580
22856
23104
23668
25424
25548
27486
27856
28120
28246
29112
29286
29376
29744
30300
30628
31508
36134
36318
39230
39334
40352
50742
