Latencies
5206
5214
5214
5218
5220
5220
5240
5242
5248
5252
5264
5270
5270
5272
5282
5292
5292
5294
5298
5298
5302
5308
5308
5312
5314
5316
5320
5320
5322
5322
5324
5324
5326
5326
5326
5328
5328
5330
5334
5334
5334
5334
5336
5336
5338
5338
5342
5342
5344
5346
5348
5348
5348
5348
5348
5350
5350
5350
5352
5354
5356
5356
5356
5356
5356
5358
5360
5360
5362
5362
5362
5366
5366
5366
5366
5366
5368
5370
5370
5372
5372
5372
5374
5374
5374
5376
5376
5376
5376
5376
5376
5378
5378
5378
5380
5380
5380
5382
5382
5382
5382
5382
5382
5382
5384
5384
5384
5386
5386
5386
5386
5388
5388
5388
5390
5390
5390
5390
5392
5392
5392
5392
5394
5394
5394
5394
5396
5396
5396
5398
5398
5398
5400
5400
5402
5404
5404
5408
5408
5408
5410
5410
5410
5412
5412
5412
5412
5412
5412
5414
5414
5414
5414
5416
5416
5416
5416
5416
5418
5418
5420
5420
5422
5422
5422
5424
5424
5424
5424
5424
5424
5424
5426
5426
5428
5428
5428
5428
5430
5432
5432
5432
5434
5436
5436
5438
5440
5440
5442
5442
5442
5444
5446
5448
5450
5450
5450
5452
5452
5452
5452
5452
5452
5454
5454
5454
5454
5456
5456
5456
5458
5458
5458
5460
5460
5460
5460
5460
5462
5464
5464
5464
5464
5464
5464
5464
5464
5466
5466
5468
5468
5468
5468
5468
5468
5470
5470
5470
5472
5472
5472
5474
5474
5474
5474
5476
5476
5476
5476
5478
5478
5478
5480
5480
5482
5484
5484
5484
5484
5486
5486
5488
5488
5488
5488
5488
5488
5488
5492
5492
5492
5492
5492
5494
5494
5494
5496
5496
5496
5498
5498
5498
5498
5500
5500
5502
5502
5502
5502
5502
5502
5504
5504
5504
5504
5506
5506
5506
5506
5506
5506
5506
5508
5508
5508
5508
5508
5510
5510
5510
5512
5512
5512
5514
5514
5514
5514
5514
5514
5516
5516
5516
5518
5518
5518
5518
5518
5520
5522
5524
5524
5524
5524
5524
5524
5526
5526
5528
5528
5530
5530
5534
5534
5534
5536
5536
5536
5536
5538
5538
5540
5540
5540
5542
5542
5542
5542
5542
5542
5542
5542
5544
5544
5546
5546
5546
5546
5546
5548
5550
5552
5552
5552
5556
5556
5556
5558
5560
5560
5562
5562
5562
5562
5564
5564
5564
5564
5566
5568
5570
5570
5572
5572
5574
5576
5576
5576
5576
5578
5578
5578
5578
5578
5578
5578
5580
5580
5580
5582
5582
5582
5582
5586
5586
5588
5588
5588
5590
5590
5590
5592
5596
5596
5598
5598
5598
5598
5600
5600
5600
5600
5602
5604
5606
5606
5606
5606
5608
5608
5610
5610
5610
5612
5614
5616
5618
5618
5618
5618
5618
5618
5620
5622
5624
5626
5628
5628
5628
5630
5630
5630
5630
5630
5630
5634
5636
5636
5638
5640
5642
5644
5646
5648
5650
5652
5654
5654
5656
5656
5658
5658
5658
5658
5658
5662
5662
5664
5666
5668
5670
5670
5672
5674
5674
5674
5674
5676
5676
5676
5676
5678
5680
5680
5682
5684
5686
5688
5688
5688
5688
5690
5690
5690
5692
5694
5694
5696
5698
5698
5698
5702
5704
5706
5706
5708
5712
5712
5714
5714
5714
5714
5714
5716
5718
5720
5720
5720
5720
5722
5722
5724
5724
5726
5728
5730
5734
5734
5734
5734
5736
5736
5736
5738
5740
5742
5742
5742
5742
5742
5744
5746
5746
5748
5750
5750
5754
5758
5760
5760
5762
5762
5766
5766
5768
5770
5772
5774
5776
5776
5778
5778
5780
5782
5784
5788
5788
5794
5800
5802
5804
5804
5806
5808
5808
5810
5812
5812
5814
5818
5826
5828
5828
5830
5832
5834
5836
5836
5840
5842
5844
5844
5844
5850
5850
5852
5854
5854
5856
5858
5860
5860
5862
5862
5866
5868
5868
5868
5870
5870
5874
5874
5878
5878
5878
5880
5880
5882
5882
5882
5882
5882
5884
5886
5886
5888
5890
5890
5892
5892
5892
5894
5894
5898
5900
5900
5912
5914
5918
5922
5922
5924
5926
5932
5934
5942
5942
5944
5948
5950
5952
5952
5954
5954
5956
5958
5970
5976
5976
5978
5982
5982
5982
5984
5986
5992
5992
5994
5994
5996
5996
5998
5998
6000
6000
6000
6000
6008
6008
6008
6008
6012
6012
6014
6014
6014
6014
6022
6022
6024
6034
6040
6046
6052
6054
6054
6060
6064
6068
6068
6070
6074
6076
6076
6078
6078
6080
6082
6082
6084
6084
6084
6084
6088
6090
6090
6090
6092
6092
6092
6094
6100
6100
6104
6104
6106
6108
6112
6122
6122
6122
6124
6126
6128
6130
6130
6134
6136
6138
6140
6144
6144
6150
6152
6154
6156
6162
6166
6172
6172
6180
6182
6184
6184
6188
6200
6210
6210
6212
6214
6222
6222
6224
6226
6228
6228
6230
6234
6238
6238
6240
6242
6244
6246
6248
6256
6258
6266
6266
6270
6270
6276
6278
6280
6282
6286
6290
6292
6296
6298
6308
6316
6316
6316
6318
6320
6334
6336
6342
6354
6356
6358
6358
6360
6360
6364
6378
6380
6384
6386
6386
6386
6398
6400
6406
6410
6426
6428
6438
6440
6442
6448
6450
6452
6458
6466
6472
6472
6476
6482
6498
6500
6524
6530
6538
6548
6552
6566
6578
6580
6582
6594
6602
6614
6614
6662
6662
6664
6686
6706
6754
6766
6776
6778
6778
6784
6796
6812
6824
6840
6842
6876
6934
6936
6938
6960
6976
7044
7076
7092
7098
7154
7192
7310
7314
7328
7464
7482
7650
7688
7694
7894
7916
7952
7964
7984
8006
8066
8126
9440
10388
10602
10618
10772
11154
11318
12704
13096
13652
14436
17954
19512
20992
21334
22702
24202
24894
34162
53116
