Latencies
5188
5190
5194
5228
5230
5234
5236
5258
5258
5270
5276
5276
5282
5284
5288
5304
5316
5322
5330
5330
5332
5338
5342
5342
5346
5348
5364
5368
5370
5380
5390
5392
5402
5402
5404
5404
5412
5422
5430
5444
5446
5454
5458
5460
5460
5478
5484
5488
5494
5504
5518
5520
5522
5540
5546
5548
5560
5560
5562
5568
5574
5576
5582
5586
5600
5604
5608
5620
5622
5624
5624
5630
5632
5638
5648
5660
5668
5682
5682
5694
5698
5706
5708
5714
5724
5724
5724
5746
5748
5748
5750
5754
5764
5768
5776
5780
5788
5788
5798
5802
5804
5818
5830
5836
5838
5846
5852
5852
5852
5854
5872
5874
5882
5886
5886
5890
5900
5906
5916
5916
5922
5922
5924
5930
5934
5936
5940
5946
5948
5952
5958
5966
5970
5970
5986
5988
5992
5994
5994
5998
6006
6028
6030
6046
6052
6054
6062
6062
6082
6086
6110
6112
6120
6130
6134
6136
6138
6144
6146
6146
6150
6162
6180
6222
6224
6244
6264
6302
6306
6340
6346
6352
6358
6378
6398
6402
6418
6422
6434
6436
6440
6444
6452
6458
6462
6474
6480
6512
6542
6544
6556
6574
6588
6592
6600
6634
6638
6640
6642
6696
6708
6716
6718
6734
6744
6756
6758
6782
6784
6850
6856
6864
6900
6914
6924
6924
6930
6930
6950
6960
6976
6992
7026
7028
7034
7036
7046
7046
7072
7084
7092
7094
7104
7122
7124
7138
7140
7144
7158
7162
7170
7170
7184
7236
7238
7252
7258
7300
7328
7338
7354
7370
7384
7392
7398
7400
7422
7424
7456
7468
7470
7470
7510
7540
7556
7612
7644
7658
7690
7720
7734
7780
7780
7798
7828
7844
7848
7870
7872
7902
7926
7938
7940
7944
7960
7960
7968
7978
7978
7994
8008
8026
8034
8060
8072
8092
8102
8124
8192
8218
8262
8288
8296
8322
8328
8376
8424
8440
8442
8464
8482
8488
8490
8502
8504
8506
8510
8514
8550
8554
8570
8604
8668
8674
8720
8750
8776
8800
8836
8850
8864
8866
8878
8886
8888
8896
8958
8964
8982
8994
9018
9022
9060
9068
9106
9114
9146
9166
9168
9172
9186
9194
9216
9226
9262
9268
9292
9302
9352
9382
9392
9418
9428
9436
9438
9454
9462
9472
9482
9516
9518
9538
9578
9588
9592
9632
9650
9740
9748
9760
9768
9788
9846
9868
9874
9876
9914
9924
9932
9934
9950
9954
9960
9972
10024
10042
10046
10070
10078
10106
10108
10114
10122
10136
10156
10158
10194
10240
10246
10252
10320
10322
10330
10350
10388
10404
10408
10408
10440
10450
10462
10466
10556
10560
10560
10568
10568
10592
10622
10622
10696
10730
10750
10754
10762
10772
10840
10850
10856
10882
10882
10924
10954
10954
10956
10956
10970
10998
11060
11078
11078
11088
11108
11120
11128
11130
11176
11200
11216
11252
11286
11308
11326
11376
11390
11406
11406
11410
11420
11430
11440
11446
11450
11458
11486
11500
11500
11504
11528
11560
11562
11564
11566
11606
11624
11624
11646
11652
11690
11720
11732
11748
11752
11770
11810
11836
11872
11886
11914
11916
11916
11916
11938
11956
11966
11980
11984
12024
12030
12080
12098
12102
12142
12188
12204
12250
12252
12272
12272
12294
12296
12340
12346
12346
12378
12396
12404
12406
12430
12438
12444
12444
12448
12450
12458
12488
12490
12500
12518
12556
12564
12564
12614
12618
12640
12686
12716
12734
12784
12800
12880
12926
12948
12952
12962
12964
12966
12966
12992
13000
13006
13008
13008
13010
13032
13044
13064
13090
13120
13126
13172
13192
13194
13204
13206
13210
13232
13238
13244
13252
13298
13310
13330
13340
13344
13348
13364
13384
13388
13408
13424
13438
13450
13474
13478
13486
13498
13516
13568
13580
13586
13604
13606
13626
13634
13660
13698
13698
13702
13732
13744
13792
13820
13842
13870
13920
13930
13932
13938
13942
13948
13958
13960
13964
13966
13984
13988
13992
14000
14000
14040
14066
14112
14126
14136
14142
14146
14164
14226
14238
14250
14276
14286
14292
14296
14308
14322
14346
14352
14352
14356
14358
14382
14400
14414
14414
14418
14430
14440
14446
14450
14456
14456
14460
14464
14470
14472
14480
14480
14490
14492
14512
14534
14538
14542
14542
14556
14558
14560
14578
14580
14580
14586
14590
14604
14636
14640
14640
14642
14642
14646
14646
14648
14660
14670
14674
14676
14692
14692
14694
14716
14722
14726
14730
14734
14736
14740
14740
14742
14742
14742
14762
14764
14774
14782
14784
14786
14802
14804
14808
14810
14814
14816
14818
14828
14830
14830
14842
14854
14856
14858
14864
14872
14878
14882
14894
14896
14910
14916
14918
14920
14924
14930
14934
14944
14944
14946
14950
14956
14956
14958
14960
14976
14978
14978
14980
14990
14992
14994
15004
15010
15014
15014
15016
15016
15016
15016
15028
15030
15030
15054
15062
15068
15068
15072
15076
15078
15078
15080
15084
15090
15098
15100
15104
15104
15106
15108
15108
15114
15120
15124
15124
15128
15130
15132
15156
15156
15160
15170
15176
15178
15186
15186
15190
15194
15200
15204
15210
15212
15226
15228
15232
15234
15238
15242
15242
15244
15246
15250
15262
15276
15276
15280
15280
15282
15294
15302
15302
15324
15336
15344
15346
15346
15350
15360
15364
15370
15382
15410
15428
15434
15438
15448
15460
15488
15492
15504
15508
15510
15534
15538
15554
15558
15562
15564
15564
15566
15570
15592
15594
15598
15608
15614
15618
15632
15632
15662
15684
15692
15696
15700
15702
15706
15716
15718
15724
15724
15728
15730
15764
15808
15814
15814
15824
15824
15826
15838
15852
15856
15860
15860
15872
15878
15902
15902
15932
15938
15956
15968
16016
16030
16050
16116
16138
16160
16254
16378
16664
16922
17576
17918
17932
18332
19794
20004
20422
21102
21838
21932
22372
22442
22566
22600
22894
23138
23544
23832
23860
24106
24230
24374
24440
24442
24544
24564
24594
24626
24716
24730
24758
24792
24818
24818
24844
24930
25018
25054
25132
25244
25558
26104
28058
30376
30880
31404
31982
32156
32634
33556
33898
34700
36918
37680
39782
39860
43972
45400
48518
131952
155550
165204
193370
251416
423334
477066
1143154
1430550
