Latencies
5134
5206
5222
5244
5250
5252
5252
5258
5262
5264
5282
5284
5284
5290
5294
5306
5312
5314
5314
5324
5334
5336
5338
5342
5342
5346
5354
5358
5358
5360
5362
5364
5366
5366
5368
5378
5382
5382
5384
5392
5400
5408
5410
5410
5414
5414
5418
5424
5426
5426
5432
5434
5436
5444
5450
5464
5466
5470
5484
5490
5492
5494
5512
5520
5524
5530
5532
5540
5550
5554
5558
5560
5578
5592
5592
5600
5600
5620
5628
5640
5650
5652
5654
5656
5664
5676
5678
5678
5694
5696
5698
5698
5700
5702
5714
5716
5734
5736
5742
5742
5748
5750
5754
5758
5766
5770
5770
5776
5786
5792
5792
5796
5798
5800
5802
5802
5802
5802
5804
5808
5808
5810
5814
5814
5830
5834
5836
5838
5840
5842
5864
5870
5880
5880
5882
5890
5890
5896
5908
5912
5912
5914
5916
5920
5926
5930
5936
5940
5944
5944
5950
5964
5996
6000
6000
6002
6016
6018
6024
6026
6026
6034
6040
6040
6042
6042
6050
6054
6056
6056
6060
6064
6074
6076
6104
6108
6110
6114
6118
6132
6134
6136
6138
6142
6158
6182
6188
6196
6206
6210
6212
6232
6240
6250
6280
6280
6296
6296
6298
6320
6332
6340
6344
6350
6356
6358
6360
6362
6376
6390
6402
6426
6432
6440
6458
6458
6466
6490
6508
6520
6588
6592
6596
6598
6600
6606
6606
6624
6630
6630
6632
6646
6666
6700
6710
6718
6720
6728
6748
6772
6776
6790
6806
6812
6826
6828
6834
6882
6896
6900
6910
6910
6912
6916
6942
6952
6968
6990
7000
7014
7016
7036
7038
7042
7048
7080
7082
7090
7106
7116
7126
7130
7132
7138
7140
7144
7206
7206
7212
7258
7284
7290
7292
7304
7316
7326
7338
7350
7360
7368
7416
7460
7464
7478
7488
7516
7542
7550
7558
7570
7578
7658
7678
7682
7716
7746
7764
7770
7786
7788
7828
7834
7858
7874
7878
7880
7886
7940
7946
7968
7972
7990
7992
8024
8040
8062
8074
8102
8132
8166
8186
8246
8268
8282
8298
8304
8344
8366
8366
8398
8398
8406
8444
8468
8472
8490
8494
8508
8518
8548
8560
8618
8632
8700
8728
8736
8740
8744
8768
8792
8796
8812
8832
8870
8884
8930
8944
8970
8972
8978
8980
8996
9000
9032
9072
9086
9090
9106
9122
9134
9146
9160
9240
9244
9248
9258
9312
9358
9370
9376
9386
9418
9422
9444
9470
9496
9514
9520
9524
9536
9550
9618
9642
9660
9664
9702
9704
9754
9774
9808
9848
9852
9852
9860
9870
9878
9910
9920
9924
9934
9956
9958
9972
9980
10038
10056
10170
10172
10174
10200
10202
10242
10258
10276
10300
10308
10312
10338
10354
10358
10364
10370
10430
10446
10462
10462
10496
10536
10548
10586
10590
10590
10610
10632
10642
10654
10680
10682
10696
10700
10708
10714
10724
10728
10738
10778
10778
10778
10792
10796
10800
10838
10844
10860
10862
10864
10894
10898
10908
10914
10916
10920
10940
10958
10968
10978
10990
10992
10994
11010
11022
11028
11050
11078
11138
11154
11170
11196
11208
11278
11278
11280
11300
11302
11326
11336
11338
11384
11422
11440
11446
11448
11462
11478
11506
11516
11522
11554
11570
11582
11584
11616
11658
11666
11696
11696
11700
11714
11732
11752
11840
11906
11908
11924
11928
11944
11964
11992
12008
12074
12092
12100
12106
12116
12122
12130
12136
12144
12148
12178
12192
12198
12240
12254
12260
12266
12302
12350
12374
12388
12394
12410
12418
12420
12426
12454
12456
12462
12470
12474
12510
12592
12626
12648
12668
12698
12700
12706
12716
12744
12752
12760
12790
12796
12816
12834
12840
12876
12928
12970
12982
13004
13070
13080
13084
13104
13124
13130
13132
13136
13138
13146
13146
13150
13158
13176
13176
13182
13184
13198
13204
13206
13210
13210
13210
13224
13242
13280
13282
13294
13302
13308
13314
13354
13376
13434
13436
13442
13476
13484
13510
13514
13568
13588
13608
13620
13642
13644
13650
13694
13742
13756
13760
13762
13772
13774
13776
13782
13796
13836
13842
13842
13876
13882
13882
13890
13896
13896
13936
13942
13952
13984
13988
14028
14036
14102
14108
14122
14138
14158
14192
14192
14202
14208
14224
14230
14246
14252
14274
14284
14290
14294
14302
14304
14322
14342
14380
14396
14406
14418
14428
14436
14436
14438
14446
14456
14468
14472
14478
14500
14502
14502
14520
14524
14538
14546
14558
14566
14570
14574
14584
14602
14632
14640
14650
14654
14654
14654
14656
14664
14678
14680
14688
14690
14694
14698
14700
14710
14718
14720
14728
14730
14730
14732
14734
14738
14748
14760
14764
14764
14768
14770
14776
14786
14802
14806
14806
14812
14814
14818
14818
14822
14824
14826
14826
14830
14832
14836
14842
14860
14864
14866
14870
14870
14882
14884
14884
14886
14890
14894
14904
14908
14910
14914
14924
14928
14928
14930
14936
14936
14942
14948
14952
14954
14954
14956
14964
14966
14974
14976
14976
14980
14986
15008
15018
15040
15040
15058
15074
15096
15104
15106
15108
15112
15118
15122
15128
15132
15138
15140
15140
15142
15144
15150
15154
15154
15158
15160
15162
15164
15174
15174
15180
15184
15192
15198
15200
15208
15214
15222
15222
15226
15226
15232
15234
15234
15236
15238
15242
15252
15276
15286
15288
15300
15310
15312
15314
15320
15322
15324
15328
15328
15332
15348
15376
15390
15394
15398
15402
15412
15416
15418
15432
15440
15448
15450
15468
15470
15472
15474
15476
15478
15478
15480
15482
15488
15490
15490
15522
15524
15530
15532
15538
15548
15554
15556
15558
15558
15558
15566
15566
15572
15574
15594
15600
15616
15628
15632
15634
15648
15648
15660
15706
15730
15770
15780
15792
15812
15832
15844
15848
15854
15912
15932
15944
15952
15976
16080
16124
16446
16918
17192
17312
18184
18458
18630
19266
19418
19666
20176
20526
20688
20894
21068
23432
23562
23934
24136
24292
24348
24396
24472
24644
24678
24800
24800
24804
24940
25090
25108
25258
25552
25562
26052
29600
31192
33692
34434
34670
34924
34932
38692
39092
43204
48214
77140
78708
185958
1379268
2167926
