Latencies
7320
5348
5832
29672
5344
5674
5576
5642
5822
5356
6052
5558
11600
5642
5342
5450
5514
5518
5726
6142
6256
6096
6732
5534
6158
5696
6700
6118
5604
5596
6116
5386
5690
5412
5586
10020
5592
5338
5364
5724
6090
5462
5408
5570
5282
5882
5506
5508
6116
6512
5854
5428
6216
16640
18122
6098
5260
5250
5394
5584
6150
5906
5854
5430
5546
5540
29684
5478
13814
6366
5552
11802
5848
5332
5464
5578
5346
5474
6096
5392
5922
5490
5438
6172
5386
5494
5720
5300
5814
5286
5280
5378
5790
9336
5368
5608
5426
28788
6022
5390
5380
5932
5700
5986
5624
5630
5950
5322
7742
5794
5380
5828
5980
6168
5422
5306
6306
5266
5404
5358
6000
6210
5910
5724
5594
5934
15792
6296
5406
5338
5350
6332
6128
5426
5468
5400
5558
5402
5460
8456
5416
5712
5534
10148
5484
5598
5534
5456
5450
5680
9958
29684
5364
5538
5716
6066
5346
25352
5352
5718
5458
6140
5514
6000
5786
5500
5654
5442
6864
5724
5482
5514
6254
5666
6214
5540
5398
5484
5526
5474
5586
19204
5798
5630
25190
6144
7006
5524
5296
5634
5358
6618
5508
5338
5720
5804
5590
6062
6080
5484
5908
5954
5370
5828
19826
5866
5290
33268
5462
5702
5984
5548
6202
5460
5536
5366
6168
6124
7226
5770
5514
5868
6176
5328
5324
5400
5506
5526
5366
5848
5934
5362
6062
5450
6956
5380
5576
5762
14812
5276
5738
5544
5480
5780
5932
5692
6138
5706
5412
5390
5492
5522
6248
6124
7130
5890
6002
5590
5478
5432
6482
5934
5976
5658
6020
5532
5686
5510
5868
5394
5342
5328
5844
5970
5484
5514
5740
5418
5696
6224
5424
30844
5476
5418
15696
6084
5594
5498
5702
5296
5592
5194
5570
5978
5460
5358
5446
6232
5352
41364
5628
5308
19700
5748
5618
5462
5430
5442
5298
18080
5434
5502
6084
5418
6178
5856
5394
5834
5374
5834
5664
5864
5316
5960
5518
42672
5318
6114
5492
5814
5426
5564
27426
5578
5898
5646
5502
5518
5836
5480
5278
5510
5380
32880
5384
5510
5478
5550
5496
5426
6042
5456
5362
5636
5818
5378
7954
5542
6224
5546
5518
5918
5542
5298
5820
5592
5822
5384
5526
5260
5798
5522
5404
5822
6064
5996
6178
5476
18534
5564
5310
5982
5556
6186
5472
5978
5502
5834
5516
5826
6294
5436
20470
28786
5552
5570
5966
5460
5880
5450
5562
5436
6366
5980
5828
5612
5940
5494
5782
5368
5338
6062
37062
5324
6270
6876
5710
5734
5420
5554
5930
5470
5382
5402
5874
6338
6178
5664
5526
6352
6148
6624
5726
5376
5948
5700
5564
5512
42604
5400
5490
5506
5788
5710
5358
5542
5370
5514
5644
5368
21688
5442
5516
5276
6108
5542
5464
7650
5472
6276
5500
5678
5526
6108
5372
5590
33506
5782
5388
5706
6086
5880
5396
5870
5744
5366
42200
6096
10940
6804
5288
5848
5528
5596
5466
5510
5342
5916
30234
5384
5542
5690
17958
29320
5506
5506
5338
5360
6876
5560
5432
5302
5182
5664
6076
5420
5428
6134
5918
5318
5552
5366
5398
12206
5344
6018
5818
21662
5948
5808
18974
5724
5512
5504
5574
6156
5450
5510
5394
5344
6252
5434
5468
5704
5484
5644
5466
6362
5240
6002
5236
5184
5302
5850
5454
6208
5348
5402
5392
6112
5468
28290
5620
32340
11526
5348
5424
15454
5460
5338
5342
5422
6210
5330
5342
5380
5550
6470
5716
5162
5294
5172
5326
6116
6056
5598
5390
31386
15102
5350
5466
5342
5552
5240
5296
5232
5348
5822
5622
9544
5276
5290
9916
5322
7156
5378
5318
5728
5846
5814
5826
5348
5764
6028
5606
13472
5322
5650
5530
5876
5938
5390
5814
5566
5598
5300
5454
5236
5340
5134
5084
5262
5674
5310
5330
5758
5308
5474
6000
6094
5620
5426
5234
6368
5208
5238
6258
5708
5468
5812
5386
6026
5750
5296
5380
14466
14474
5520
5390
5222
5916
23176
5146
5544
5290
5530
5356
5640
5834
5326
5426
5268
5368
6362
5556
5282
6202
5682
5354
5768
5314
5332
6860
5336
5656
5356
6062
5870
5402
5846
5604
6430
5674
5710
5564
6092
5822
5322
5378
5336
5924
5430
5656
5452
5740
5392
5252
5340
5434
5378
5410
5866
5662
5820
6394
5336
5158
5214
5192
23780
5460
5526
5520
5308
6184
5366
5376
5306
5294
5282
5520
5298
5546
6064
5342
5566
5902
5378
6032
5404
5390
6096
5416
5822
5726
5898
8886
5344
10166
5346
5662
5244
5462
6130
26130
5370
5578
5370
5370
5360
5692
5308
5772
5368
5598
5334
6138
5438
5390
5686
5656
5362
5548
5732
5310
5480
5682
5876
5358
6538
5436
5588
5408
5398
5422
6728
5946
5822
5778
5904
5290
5694
6010
5470
5642
5894
11358
5380
5392
5526
5338
5782
5356
5302
5218
5152
5164
6632
5646
5880
5454
6028
5314
5492
5388
5352
5372
5706
5512
5822
5260
6128
5340
5392
5386
5624
5380
5236
5232
6020
5402
5346
5286
5794
5974
5384
5970
5280
5964
5386
5744
6156
27094
6208
5830
5906
5376
5846
5176
5848
7264
5684
5456
5470
5254
5488
6570
6068
5368
5718
5362
5988
5434
5374
5374
6748
5890
5236
5388
5396
5974
5530
5436
23372
12930
5358
5292
5354
5744
5330
5446
5892
5160
5478
5176
5508
5418
5466
5472
5914
6026
5478
5352
5720
5374
5398
5390
5534
6898
5250
5310
5938
5778
5916
6260
6518
7006
9578
8394
5896
5990
5556
5372
6214
5836
5796
19208
5726
6074
5816
5584
23194
27522
5394
8996
5786
6030
20500
5448
5990
5344
6144
5836
5362
6098
5812
13614
5414
6750
5294
5644
5384
6196
5378
5416
6102
5396
5234
5368
5912
5318
5936
5770
5916
26702
6118
5470
5488
6300
6334
5992
5678
6004
6702
5742
6042
5756
5350
5308
5584
5348
5958
18494
5370
5204
5728
5170
5340
5474
13076
5738
5930
5268
5728
5296
5892
5218
5992
5614
33352
6498
5602
5574
5208
5138
5300
5718
5376
5842
5938
5340
6028
5352
5452
6210
5356
5882
6296
5500
5454
5972
5328
6108
5786
5374
5398
5762
5684
11756
5564
5196
6060
5142
5230
5398
5172
5996
5508
5866
6102
5304
5460
5796
5894
5370
5584
5838
8308
5546
5780
5340
5982
5592
5528
5376
5884
5950
5590
5748
13898
5480
6152
5496
5814
5460
6672
5302
5742
5394
5394
5354
5282
5550
22160
5442
29578
5348
7208
5818
5286
5928
6046
5346
5302
5398
5324
5492
5356
5992
8130
5338
5850
5624
5426
6146
6100
5324
34738
5768
5666
5288
5340
5902
5300
5268
5510
5550
6138
5368
5240
5162
5616
6084
5234
5252
5248
5258
5456
5302
5340
5342
5288
5304
5530
5266
5488
6116
5776
5298
5274
6172
5606
10736
5210
10706
5574
6224
5222
5956
5248
31034
5872
5430
5436
5768
5630
5682
6330
5256
5354
5566
6020
5890
5822
8076
6048
5470
6016
5486
5618
14104
23518
5696
5534
5484
11150
5476
5432
5694
5574
6410
6194
5854
5320
5312
5984
24418
5690
5270
6222
5652
5984
5302
5350
7460
6514
5770
5410
5544
5754
5432
6184
5802
5362
6396
5390
5608
5348
6422
6124
5658
5700
5352
5290
6472
5334
5342
6040
5456
5344
5252
16146
10700
5276
11504
5834
5526
5892
5592
5366
5192
5648
5482
5328
5446
5358
10234
6018
6146
5392
5830
5940
5380
5828
9560
5324
5718
6228
6260
5324
5508
5488
6016
5856
5336
6126
5526
5390
6150
6136
5314
5430
5364
5354
6084
5768
6182
20364
5622
5758
5318
6152
5384
5266
5414
5828
5668
6202
5300
5524
6060
5862
5368
6028
5310
5372
5564
5248
5980
5420
24192
6364
5362
5646
5900
5222
5438
5704
5300
7420
5304
39684
5340
5966
5356
36290
5378
5338
5224
5892
5438
5350
6042
5726
5290
5312
5390
5414
6054
5562
5312
7616
5384
5798
5684
52098
5412
6188
5860
5350
5762
5364
5342
5352
5190
5574
5526
6192
5868
5526
5212
5286
5336
5410
5910
5360
35462
5332
5448
5916
5246
5378
5340
5418
5344
5224
5298
22378
5268
5360
6788
5584
5766
5272
5340
5398
6312
6214
33188
5486
5352
5738
5552
5574
5340
6046
5642
5306
5400
5358
5320
5940
5662
5372
5910
5430
5650
5514
5340
6328
5522
5398
6446
5292
6028
5310
5718
5702
5792
5350
5380
6486
5260
5572
6006
5436
5498
30466
5674
5330
5430
5242
5300
27208
5272
5326
5368
5478
5732
5382
5576
5392
5846
5428
6090
5562
6214
5516
5456
5488
5750
5362
5444
5286
5620
5298
5550
5510
5376
6060
5160
5336
32010
5270
26210
5846
5348
5662
5434
25380
5328
6162
5770
5492
5364
5356
14818
6022
5338
5370
5230
5656
5332
9850
7778
5748
14706
6662
6250
5734
10564
5512
9116
6474
8914
7306
6326
6034
5840
5682
5530
6592
5688
6358
5880
5924
5590
5972
5332
6272
5662
5574
5852
10184
5928
6100
5670
5554
5406
8126
5770
5638
6076
5230
5676
5280
6050
5746
5598
5360
10608
5576
5596
5972
6072
5798
14872
5332
5388
5398
20796
5352
5378
5294
5450
5464
5422
5962
5364
5358
5372
5330
6068
5346
5316
6008
5402
5314
5496
36402
6194
5276
5418
5334
5840
5636
7076
5412
34532
5468
6360
5254
5690
5362
5416
5918
5800
5484
6256
6130
5950
5512
5732
5334
5466
5464
9848
6086
5368
5334
5346
5610
5538
5392
5216
5746
5592
5878
10266
5338
5888
5944
14240
5618
6116
5334
6018
6088
5898
6122
5368
5586
5680
6242
5234
5504
5588
6208
6170
5890
6080
5594
5532
7288
5580
5880
14824
11442
18510
5656
7188
5732
6248
5706
5664
5280
5838
6650
6212
5386
5542
6128
5196
5506
5186
5332
5930
6206
6142
11522
6082
5760
5638
5382
5650
5494
5710
5354
7506
5354
5158
5808
5238
27366
5418
5354
5474
5732
5728
5360
5820
5676
20832
6760
5454
25754
35450
5360
6024
5360
5342
5364
19156
5316
12658
5886
6020
5236
5596
38942
6248
5996
5774
5572
6658
5454
5760
5310
5348
5404
5624
5400
5350
5752
5802
5372
5954
5450
6694
6690
5782
5422
5960
5334
5360
5168
6028
5284
10998
5678
5776
38036
6038
5894
5386
5354
7060
5468
7108
5836
21986
5470
6036
6462
5582
5616
5370
5998
5348
5480
6028
5432
5596
5838
7302
5300
5324
5330
5452
5628
5302
34948
5972
5320
6762
6038
15460
5562
5872
7066
5164
18494
5586
5164
5604
5328
5786
5338
9866
6196
5306
5600
5360
5344
5408
6062
5406
5654
36194
5434
36260
5662
6062
5340
5814
5884
5684
6408
5886
5398
5364
5376
5498
5604
6362
5342
6044
5428
5868
5290
5426
6040
5322
5302
5856
5996
5316
6086
5350
5260
5406
5442
5350
5230
5516
5540
14446
5954
5704
5414
5314
9724
5432
5798
5224
5352
5290
5368
6464
33724
5334
46256
5322
5954
5432
7348
7220
5216
5676
5992
5404
6376
5360
6086
8044
5350
6222
5394
5384
5850
5260
5420
6656
5786
5500
5814
25476
5572
5380
6190
5564
26076
5314
5518
6142
5740
5334
5192
5264
5338
5576
5260
5270
5340
5426
5340
5346
5480
5256
5680
6042
5336
5332
5184
23248
5466
5310
5428
5286
5640
6294
14774
5338
6142
5392
5332
45418
5280
5316
5358
5980
5342
18318
5900
10586
5534
5950
5496
7166
5656
5378
5748
6536
6360
5362
5364
5718
5494
5778
5360
5308
5438
5592
5304
5402
12744
5196
5294
5452
5312
5256
5342
5584
6704
5310
6200
5778
5806
5830
5408
5400
5308
5330
5800
5560
6000
5306
5664
5726
5222
5360
5836
5366
15666
5580
5770
5352
6046
6040
53472
5282
5260
5260
15188
5608
5462
5446
5488
5310
5408
5528
5750
20290
5326
5736
5364
5392
5848
5646
6312
5426
5430
5556
5790
11230
6144
5722
5372
5340
5526
5350
21848
5424
5478
5514
5378
37022
5830
5840
5496
5376
5788
5960
5530
5338
6198
5336
5688
6126
18124
8526
6134
