Latencies
16634
7662
11062
15164
15166
6800
9450
6676
8174
8284
12802
9472
17728
34860
33516
16276
22964
20502
24712
30178
32630
34736
27618
33842
33730
24266
31628
33826
25086
14382
16964
10546
11936
27630
23042
23634
27954
11788
25236
34092
32018
18094
16910
5546
9432
12552
10198
8626
34778
16230
27998
26066
28606
27624
28654
20296
14698
14202
9450
10576
6884
9394
10028
10936
10790
15642
14522
12652
10362
19152
20470
30288
28428
34730
18366
32380
31574
20900
26532
34728
35160
33732
34922
34302
34638
14058
21588
14716
7722
11266
18472
31894
34760
34572
35618
15584
27258
54820
26572
33424
25308
29342
12522
47278
16744
30076
32408
24710
33228
24336
34452
30822
13742
9816
8226
29400
16792
27326
25784
14204
14902
15070
9954
15664
6476
27946
16800
34194
7428
71930
28658
25490
30026
33066
26362
10496
11052
34378
15922
33916
18076
27334
10710
7744
5672
15602
35016
16362
23776
34954
34450
24428
30680
25538
15650
14598
15604
9370
20702
29234
30768
32796
20946
34980
5878
25340
22336
21542
30840
20926
24920
28484
31138
25988
19566
28520
49424
9854
8082
11618
6784
23836
34002
27734
11310
33330
11710
7246
17996
27472
16132
34712
27286
33490
30914
31458
21266
28128
6332
13030
12292
25324
26548
34888
54090
24174
15786
42094
13738
7002
6870
13076
15048
32190
18478
20730
35294
23072
25062
28132
19580
33372
9026
35858
25842
26076
20516
34688
40520
23748
10566
11022
15268
34724
16922
29900
23800
31784
34754
33422
35362
34408
19960
29368
22766
28722
15474
14680
16068
6128
13192
5694
7350
12724
26038
2071360
54240
34902
18696
16238
14774
19792
5804
13316
15426
29114
29056
33464
19722
29280
16046
33330
25608
32096
16800
23978
24700
34262
19226
30862
32458
24152
13186
8386
7220
12318
13914
8838
44034
25036
16822
31662
29444
11020
12594
21184
29538
24412
30754
14408
13708
10086
9332
6832
7652
26312
17524
34966
25616
15856
25848
32056
21778
29774
17050
43812
25074
35724
35264
34738
34222
16220
29968
22054
31842
10378
14198
10990
19016
21548
32804
33520
8684
35504
18992
37202
20150
32882
33752
31810
30394
24248
31890
21608
42042
31132
5442
5416
6132
8326
41182
16114
23152
33298
23442
27246
34342
25044
34718
34048
21608
35018
21900
8852
13650
5748
18746
16946
33326
27024
31186
20342
5482
12576
19784
34082
24458
25632
30540
32006
27048
22964
9004
16822
34174
30688
23356
18218
9502
8170
23090
34858
35164
18518
19684
28824
25036
32304
9322
10722
35604
15792
9246
7410
6950
43678
15288
7340
14400
7764
10616
13042
6352
8280
8264
8470
31384
16294
24876
5936
15274
15110
14630
14976
14844
15090
15294
15344
5918
32690
6600
24000
23108
25618
23872
16492
18464
30920
33672
16936
25258
18072
35674
17676
13534
14954
11840
8750
11258
25466
17328
27418
16418
10522
7844
25302
33128
19188
18672
22826
38784
23036
16966
33560
15872
6730
14214
11800
12694
7510
11598
7596
11190
11866
29260
30102
9494
32162
29506
26076
21114
25706
23442
8280
20246
35252
21782
31130
35004
28012
24962
20802
61670
10172
11526
13236
22808
24128
28738
8782
8564
10440
11634
7900
24682
14782
14930
15186
15146
15538
8378
7852
11884
10346
30824
25004
26224
35478
34390
26020
28060
17782
20046
25638
20128
27448
23832
10168
33556
34522
23212
17002
24004
34236
17156
8436
10552
8824
9966
6062
7620
15964
13890
11492
7730
14794
24988
15134
9076
7856
16046
9016
11862
10262
15484
11000
6784
11342
12382
34748
25226
34916
44382
25808
8098
12274
7500
11264
19354
20484
31658
28876
33324
34728
29546
23338
17014
43596
22908
12206
15466
34430
15052
14572
15682
26514
25240
17366
44860
13732
9260
9652
5738
29552
34872
17410
19524
20316
29168
23082
19916
14238
14532
9516
8796
11636
9042
8490
10442
13700
6584
21866
26568
35594
42662
33630
32592
45286
25784
36006
35020
34248
35190
13804
9384
40906
42308
21460
23898
19770
11902
11038
11958
24174
32016
9612
14160
10356
9456
34296
33954
15578
29296
32192
31410
33404
16954
16700
18876
22830
44920
24478
30762
30650
24932
33892
34820
37116
18530
34668
5840
13600
6802
13870
12238
33746
32774
20668
35722
15260
34814
31042
26034
24770
24314
15242
12774
15244
20054
13036
13058
9238
9302
19074
23016
20076
32222
34448
32134
27558
17040
27522
26148
8474
21284
32898
19734
17176
14822
15090
24392
25160
16246
11316
12722
9018
12834
5782
33158
24466
18518
66326
19046
46518
23992
23018
24376
14592
14920
14966
15008
14858
14934
13334
6562
9544
6882
10468
13338
12526
34126
14926
15032
29366
34386
20016
17446
9996
34928
25346
43978
34704
34244
26646
18964
14748
40744
60636
28048
51592
22060
19122
28896
19342
16100
30866
23702
29710
34670
18738
21138
26820
21760
32382
13852
9720
9754
7458
11020
12484
13182
34554
12344
18976
35258
33888
34592
34448
34252
33912
24692
29322
35628
14188
9658
14442
8920
5968
19068
17310
24350
10782
20530
7522
14254
13658
23234
22804
42430
10644
10930
12384
12074
26058
11894
11310
26506
22272
20350
14664
16118
15980
15152
14850
14908
15248
21976
23572
22966
5972
6272
12898
13474
9518
13200
13636
6182
10490
14786
13106
10240
9498
14986
24724
25166
34632
34330
35236
34278
34844
25382
28626
28250
23532
34416
34400
34920
43268
28808
21878
18956
18410
12250
22372
19372
5754
9794
7340
13562
10152
20168
10254
16248
5770
29958
18700
23730
19042
19654
18770
19056
20978
19054
18776
18624
19004
19280
18846
19796
19198
18654
20578
20222
19330
19126
19590
19388
19070
18930
25916
19834
5644
14068
15012
8058
32818
33804
22622
31976
34152
25746
30202
8740
14944
13826
10040
9896
14692
8666
32146
27336
36888
42356
35242
51854
19386
34444
34974
35508
15388
13416
9588
29766
36388
19510
41928
120856
48288
15844
26444
23116
35556
16866
5604
14234
16962
25588
31804
24956
31290
190272
37314
24378
32534
27440
9526
25578
16028
11506
17164
14116
9736
24022
34032
23382
33954
11672
8340
24430
7880
7714
17148
16072
12682
18396
15144
15754
18092
34538
13630
14668
12822
8462
9788
28606
34906
33506
33920
18758
34738
31928
19062
31346
36564
36616
30554
25416
16212
23656
30418
24050
14810
14942
14858
15976
15066
15032
15070
15270
24776
34554
8834
7864
14084
13056
8144
26706
12300
31170
21664
28046
18368
21228
31264
26190
28450
21710
5832
18340
31748
27358
26198
24114
32084
8164
28298
12144
28636
43790
15068
26796
17018
19348
5914
13792
33352
15720
21722
34540
33700
23938
14406
15066
15338
15262
15044
5892
15480
15076
26590
27688
38030
13474
32908
32958
7596
15022
34184
24156
9688
12634
8144
14296
10578
14168
9410
15216
13474
34342
34302
22738
24774
34660
34216
19550
32646
29436
28138
22028
25822
29338
17152
25156
30626
34598
29166
7616
7060
30408
30010
25904
22134
18500
35102
29326
26668
17168
20686
16880
32760
33488
29468
10720
8740
10490
16542
16234
15432
9546
12216
7014
34258
25470
28252
19686
13510
31162
32130
27726
35252
26068
18978
25508
24910
16914
35910
15698
11884
5504
5822
10506
8490
13708
6770
10500
10242
12190
13042
47354
23398
15362
30432
25246
15008
14832
14634
15274
15354
31792
16572
5946
9740
6062
9158
22634
8054
27832
16398
15722
14418
28510
30730
10568
12208
11164
18040
31622
9760
8646
9610
22114
30536
31482
18176
19420
15280
26608
25980
32302
22098
23568
20672
34360
25458
34092
34988
16766
12520
21562
13126
31596
32566
27630
23564
11874
13666
13956
13470
8226
53864
27118
28426
21872
32420
22170
24680
14774
15504
14660
14272
11492
10830
20228
32980
21944
25462
31042
25314
28250
18172
34198
19290
33606
34442
10096
6778
5584
14344
14988
12160
9296
24176
13904
14806
12820
16190
21988
34534
16406
23850
24950
24042
35410
18732
34492
33758
22238
33910
24454
34612
34358
34362
28302
23408
20704
32096
6192
6114
6538
32788
26398
17264
10820
15384
18328
16446
30092
21484
22348
23110
23808
15458
34730
25478
183372
6216
7774
31856
22618
34456
18408
26778
5940
10030
32528
19166
20418
33778
24336
44590
25200
34220
34268
25408
21512
26550
10384
6920
10958
25240
29224
18194
14454
23914
33408
21396
14062
15576
15092
15208
15258
14850
16062
15598
14284
14260
14460
14452
22460
23380
187344
25488
27402
34176
25414
32222
44800
13944
11852
11006
21316
15652
35194
32114
19300
7892
6248
24570
23700
10726
8532
32282
11558
21150
33092
16292
22272
26896
12502
9844
9772
12124
22526
18658
11308
11508
12176
7166
12770
6484
6218
7366
6240
23330
14740
9632
9028
35120
25560
18332
16352
23498
34172
169694
15406
15000
10508
34506
23184
31696
15620
6130
25076
6008
27998
21170
15222
33846
24510
18058
27056
21060
11522
10296
8798
18968
20982
33476
34638
33892
19380
12450
35208
8452
25626
31642
511266
24870
53484
9308
7632
6120
10058
9588
34718
22872
15540
30916
19236
27654
27278
24780
15308
15014
15032
14684
14968
14872
15288
15146
15328
8820
9620
14908
11784
10332
12418
30048
28424
27290
40868
23366
44058
27894
35094
35066
27178
25080
16892
22586
14484
18362
31266
25516
20702
16030
21102
22244
26652
30342
34666
21936
16702
16558
17722
6756
5980
6154
5602
6232
5890
6106
5588
6100
5442
6156
11572
9018
17016
27538
26774
32638
6066
5972
5754
5436
5718
6622
30990
24426
14128
23050
31552
15982
6868
21726
30116
26990
26836
24644
23954
15620
23298
6018
12158
10368
8862
6448
15038
20940
21414
35378
30080
22694
34148
9034
13364
14544
15364
28906
31854
31876
7944
10328
9552
26334
25580
27806
26186
24730
24970
27048
25596
33610
31868
18218
11982
18370
29636
28384
20192
26086
22464
25034
24994
34542
34136
34076
34570
22970
25136
6192
5348
5648
5532
14746
6876
9580
13848
34742
23214
21858
6804
28546
31428
30362
32562
12526
33464
8428
8034
13584
15826
11756
27282
17600
31076
28644
28634
27572
25190
24850
33818
34310
34714
34124
34408
34298
34396
16976
17192
17628
34394
33670
43542
21502
21516
14446
16734
32194
34676
5672
6068
5424
32300
32368
28818
31434
12516
30526
19874
21980
16936
28500
30850
16376
15944
30890
18950
15372
22162
18918
18924
34906
26638
33052
28088
12826
17394
29352
26752
18494
26646
32922
67020
13438
22304
6392
15324
9064
14352
10988
21540
32180
20258
33750
17256
31734
35158
25234
15662
15578
15484
9546
19554
19794
24390
12760
15498
14030
6038
10082
23924
28428
28898
34632
31488
5514
21574
35656
24178
21114
34450
15292
13600
13480
8628
16582
19378
39296
28528
32590
30516
19906
30682
51564
46348
21344
22970
31478
22652
24882
10818
6112
7600
8048
15316
11640
14006
20428
23164
38684
27976
34244
33524
23530
34000
35312
15150
11386
10278
15296
14654
14794
12188
34894
34584
34698
34652
34762
34408
18664
27758
21814
8310
20232
21470
15814
23488
19542
25804
21328
20826
34582
27094
14884
12092
15706
5938
22172
18374
29656
23344
29306
15366
24294
28084
30312
30586
23292
21318
35170
15880
25466
22924
29394
33580
10200
12420
9338
11814
8782
5752
7130
14076
14848
14958
15374
15212
29570
25320
33802
35140
11088
29532
58026
33218
17854
18224
24004
6162
15346
14320
7430
12316
11312
5782
14700
34050
36612
23898
34272
33800
30112
32528
23916
15030
11190
9276
13316
27574
21480
35526
19618
24968
14802
15428
15734
26936
25240
34716
34944
18506
34984
34424
30452
23408
5866
6942
14292
41768
11506
240068
14204
27502
31566
18244
31322
30118
22292
42854
27798
24384
32412
32788
35352
11352
14446
9698
15404
7228
8724
24628
26842
32978
18852
28138
32602
14720
12204
27550
26276
20262
26140
18328
34882
70122
24288
34298
34648
34004
35018
34280
34856
34132
34982
34476
34546
35090
34252
34522
34428
33924
34464
34506
34702
34242
34666
35030
34594
34362
34480
34528
34534
34968
34928
34638
29014
23416
10150
15966
8722
14772
11298
29476
25072
33978
34252
26656
19100
35734
33752
34002
35444
34142
34240
34568
34466
34928
34314
34024
34862
34596
34764
23600
17540
19884
16674
35288
21846
7812
5396
5344
5710
5344
15506
8734
13002
11788
8808
33822
12418
11446
9478
22160
32424
39828
17092
23010
14554
35268
14906
8466
8292
25974
29520
10852
12246
33498
27980
21880
18286
25366
24966
14864
16064
