Latencies
53914
47414
28172
42256
37242
33694
21724
31080
24580
46072
41660
45434
32664
35042
15122
8512
8702
34564
17594
25934
31728
35678
16826
24360
54786
54050
46740
54070
25094
52670
33322
44052
45084
54130
56006
54042
909122
44298
48532
33186
54134
37722
43030
28378
29594
34020
25264
8456
12448
6956
34968
24286
48594
52266
26346
45160
29894
33436
41484
34946
43770
34846
54398
64324
34530
56306
18340
23850
34290
23380
55102
47508
137500
31096
28000
51230
50796
34060
31448
45196
44242
51198
31644
47578
504610
31158
30924
17282
25386
26832
17558
31344
5748
19436
23362
29934
44566
43262
30792
43824
35744
40818
16390
48572
49484
40774
27926
57508
17958
44804
42268
18266
29400
29396
23072
26982
21740
47168
33150
51698
34426
48902
21684
39038
27288
20546
46748
35886
55234
53874
53638
55752
55120
1424728
33548
129806
27652
17494
25184
49576
45136
38220
33462
35284
29808
15858
34876
20260
25442
30816
40480
16452
35400
24878
26142
30762
51076
40668
96964
32984
54242
33830
47872
83494
41000
27166
38404
34710
34340
31040
19212
26540
40990
34226
54450
32134
25230
42924
29584
22268
19438
35842
40526
17926
28322
30220
29080
30848
40516
32430
41616
23472
25604
34278
54338
53422
54168
54634
53728
55098
54218
54612
54388
53886
54216
53836
54580
54342
28234
18994
39174
34112
18652
27488
16440
42508
23530
31430
29550
48908
87858
34434
37028
48406
35090
38692
32250
33456
49336
53168
49430
33894
25858
26880
49988
59002
32126
28452
48200
43336
16344
35146
33836
34650
34322
36068
26720
43282
33362
38060
19646
57382
45418
44816
34528
22554
27474
58142
31582
38936
18594
29762
51674
43494
42310
58418
33860
18774
40206
25376
51296
23178
45036
43536
49284
31164
41684
17960
34578
39414
28422
30402
26980
34974
25018
34174
35902
53274
16586
44108
26062
17742
15606
28888
48896
30084
50870
54094
32424
60792
44082
61092
19070
34598
24830
34022
34818
34644
34602
77750
15082
25916
36058
12272
33842
18772
30672
32592
31398
38874
41988
40024
49782
37970
48666
18718
24638
53716
31586
34132
10174
18730
55542
25860
34824
46718
35760
51114
51532
20406
31332
24964
77760
57516
37058
51510
40354
24242
24938
50328
25170
21726
34436
35378
34972
34788
35474
36036
24676
8994
16462
19912
55860
42554
24432
46632
17606
38908
45790
32496
21462
37348
51112
19268
9628
12436
31672
42148
17374
34748
19992
17494
43272
43794
22330
42210
39148
39488
27048
42208
54022
82792
53868
58032
55316
61384
53552
54898
54840
54404
54408
53536
43694
18338
35204
55130
32038
40200
40080
45594
39422
38946
52976
49680
35502
24580
19078
24292
54348
18282
48850
63538
46026
109410
53672
39432
22362
40378
38400
21436
55022
45530
37454
37956
53092
30324
21706
16292
28706
18664
10674
32470
35032
34468
21122
22230
29864
46250
21610
53906
39592
41898
16540
30478
18554
35210
40718
50062
2286714
25528
47548
54562
55176
55802
621584
43578
107822
50572
16202
22354
27720
48174
53256
22608
22708
35266
17972
27050
50724
25980
26050
21276
22834
24316
35004
50400
40082
49850
43212
48402
21978
15702
45566
44392
39586
53000
18496
36982
35188
35616
33424
16576
29122
54316
19078
38326
21038
41826
54232
54404
34848
26522
33814
23068
39214
26134
15794
25580
45598
25942
26370
27764
19090
15588
42636
26706
23990
34098
34304
46946
32240
34216
33780
48602
44978
52402
44094
18830
64522
64542
54728
54296
53918
44964
32028
57744
42374
20020
25148
32550
19202
30582
16856
55346
43436
26912
42220
25364
54606
33620
14590
15288
15450
35208
35982
27632
45326
16918
38382
24040
24006
53112
18704
42136
33102
43878
44404
18734
18880
43356
39516
53366
27232
46582
33310
23662
46324
53512
18832
47240
28168
21838
24052
21090
31556
37192
33888
35334
34704
34054
35240
34366
53594
47792
14188
15230
33706
24478
22520
16038
26294
39286
41688
42516
53774
17438
29234
31304
24134
35058
20450
26748
19384
26202
42172
36526
19596
27082
52956
41718
35856
49068
52020
56220
53536
33160
29110
25132
43390
54576
86330
74958
54852
54010
54174
54376
55534
56018
54704
53468
55650
54264
54740
43714
31400
21748
30388
21232
44276
36292
39136
45606
16514
33736
44898
87058
24540
16732
24578
25358
35670
28902
34974
30626
38428
58070
37242
16446
7350
8998
11594
16078
35218
39458
54402
20742
41446
27680
54834
53918
47458
60754
55038
44046
54880
35052
54178
60062
56308
34924
35308
41174
31592
45436
25902
24714
21434
51836
45832
38802
54054
37820
20920
31816
21386
18016
30880
16918
31132
18402
25326
31200
25874
55860
50302
46796
16352
44074
18632
19060
19404
29514
54212
54664
25864
33848
33872
34374
34808
66544
44300
23894
28282
47968
103140
14614
28548
34248
28046
24864
31660
16478
43250
34274
26776
46624
35540
35218
24032
24094
28372
26384
34286
29198
32434
23628
46460
20336
18356
27812
30474
34768
23014
23974
29926
18442
27966
31356
33640
35194
21194
52232
44212
45680
49690
28284
53450
35400
32012
55676
44224
45314
47670
32204
25500
25528
44842
53466
34088
15650
34154
34516
35436
34218
35490
40904
43628
29700
42556
33158
39462
24446
28744
18518
48132
21770
50952
47106
17768
52870
45402
32636
29290
33842
34660
34926
24614
34732
34430
35116
53918
29992
48042
76526
46372
23586
52888
52028
49470
50630
53950
32466
43420
41088
35360
45904
36662
22174
51318
38468
19026
43458
24420
18568
18058
18438
52392
21700
25194
49590
34220
43600
26610
79652
27858
48284
30826
33786
21958
20346
38760
18034
23352
17962
22842
31910
21982
34396
35328
22586
42708
24026
44332
40020
29778
14522
31096
33868
42070
36102
24980
44666
54506
54294
54020
53952
54126
54434
485168
51250
40662
30098
19686
24258
24554
45254
20104
12076
7244
5786
8014
6182
8532
5358
19248
26240
47080
52812
47022
51542
16412
28192
49180
26184
37982
51704
34806
19124
27710
46116
35152
24616
35354
24548
44074
23488
23824
16888
29496
22596
50462
46788
48956
14868
46678
17974
32260
37108
45912
47166
38088
26506
54422
43342
5518
25626
18372
17122
34634
25730
35638
34600
34634
34898
12892
14924
38710
22044
50522
16688
21610
18220
54508
21076
30900
24928
34468
53984
41536
28838
37678
58254
46638
71348
40018
26146
12100
8498
7942
15080
14486
31062
242474
22322
51372
53246
23616
55520
18266
33772
81524
51716
28994
54054
44726
24760
34712
34602
47548
24976
52602
31184
63304
35382
53742
38398
48408
32916
6928
29050
36034
34244
38016
46784
19434
52874
40196
47146
26796
14662
35608
24816
27326
30258
15472
14500
15164
15156
14746
15106
15244
15874
14844
15560
14576
54202
45356
24730
34116
21440
41618
46434
41834
43670
16430
21124
48126
17138
46876
54892
29024
27172
49072
32476
25308
44428
52458
40940
32256
26140
54208
29086
31856
18020
21266
53336
30894
44252
27402
44114
25248
33774
34256
34890
34136
48358
18756
35192
23396
43088
38628
28990
17108
33280
22034
41232
21276
34498
23980
26864
54024
33708
30466
31596
31650
31482
49660
26856
50356
43910
34598
54116
44072
32168
52784
30698
18014
20088
38484
25242
49828
16914
46556
35520
27208
42832
26710
20328
17862
25424
13620
11938
9262
10066
9206
26104
23536
25570
10966
35446
26414
50262
48206
28294
19620
35716
35318
25180
29710
49202
21380
44908
40632
25082
34442
34140
34178
39152
63466
41782
30206
25698
25518
35296
35456
35142
35100
34850
34500
34794
34244
25644
32708
33524
23868
31858
33996
18030
20330
33058
61156
27154
18734
42100
57950
36230
36380
34650
33818
17842
46972
47086
33768
42078
26326
22032
19124
44000
39488
47378
25218
24562
35214
34198
34790
34698
42444
28596
33554
23932
16030
31098
33964
20176
34642
33160
44548
39858
31074
38684
29472
49666
50312
24454
26050
24118
29076
23638
50398
44664
24518
45252
37454
25374
51644
11810
44346
23526
31918
14190
35242
54326
53838
35246
53816
53856
54992
29456
17308
37906
28616
21924
23920
24450
35442
31362
34398
35088
34608
34612
34764
34950
35170
35146
35594
34174
35238
32382
113632
40598
32126
25300
25420
41528
35220
52094
15760
51198
30678
18960
503552
27090
47118
28986
25292
53938
53370
35066
52806
54062
28560
42142
33370
17924
48714
40948
40192
56666
50290
49998
39340
59658
25714
39940
28114
33944
24928
30382
24568
34760
54114
19712
24356
24434
44206
31020
56838
22364
52372
22544
46756
55342
61420
42342
35982
17172
20618
28354
7034
37218
37442
24740
46112
24798
25444
47352
32926
21180
54240
158084
38144
19248
33704
21858
18442
23046
34596
437080
33438
34722
36234
34380
34702
34854
34554
35020
35708
24314
30018
33908
24864
36068
35734
35148
34458
35094
25616
96836
63368
36894
26386
185696
63092
33636
53338
47548
25258
124896
25484
31396
17652
27516
27670
34292
24744
48876
58804
31138
17742
16940
34494
34312
34682
34054
35490
20394
21472
25656
50254
31898
33576
41922
26950
56078
44414
53758
51560
19900
25358
40874
41660
33284
24080
29730
349014
22622
17210
24760
31348
38432
49896
48518
45448
43126
63124
53248
49748
41338
54874
42212
31976
47506
27078
52902
30608
26902
38942
42438
32734
15888
34224
35036
35902
35410
36388
34270
32836
19560
38488
22026
49188
18138
39360
54352
34026
45476
25336
14442
10282
31500
20196
30808
24204
29608
17602
17006
28112
31306
21806
54898
25334
54086
54666
53876
53908
51334
26420
8188
28680
19992
8484
27940
29550
19762
21292
27606
28208
43070
17678
39402
56742
74376
49474
50350
54360
25562
40952
33306
24366
26516
18380
20714
29034
31274
23844
48640
16992
5854
10652
14986
54580
34240
54008
25360
35012
34320
44724
24656
45500
25608
39282
45024
50974
54422
38986
46850
24424
22194
18258
26320
32438
25104
16520
45652
34220
52314
54318
62046
44836
24430
38534
46808
46664
30302
40424
33906
30512
33502
32634
30974
27694
44156
35362
53142
53736
203552
43664
34192
42818
33066
26554
53998
42920
55288
41110
59944
42212
46488
26012
49752
52086
54342
33500
62714
52930
18368
19088
35728
24232
23218
19396
56486
51890
29954
59444
34292
46152
29428
24534
33982
21474
27200
25226
48824
36276
32368
19166
25300
34162
54404
53884
54058
54048
54396
22216
27834
22308
54766
41814
21680
56850
39324
18006
54402
11522
25358
24144
35198
34864
33902
23808
19980
17738
39454
22062
25478
41326
26460
53860
35436
44422
21582
32542
30122
26274
31890
17620
55172
53116
54732
53016
34798
41984
15014
9934
13548
30014
25300
24472
19508
48626
54312
24640
44784
33908
54400
54286
49336
54338
30478
26470
39430
45592
62996
43380
33310
24432
43740
26948
22882
32736
19684
23090
30650
38870
29148
38742
51114
32142
34580
43064
25220
39814
39420
42976
34820
23832
23536
1171392
54936
53882
54766
53766
54844
15658
20832
47046
25598
16996
64182
54582
17720
30754
18368
44518
57518
44922
45106
23230
23942
6510
10400
62278
55414
22954
32098
56182
43830
47690
28048
49780
45138
34094
25386
24312
44554
44086
45142
22688
21310
37410
40690
26934
34566
35202
16192
25312
23858
39734
30178
33034
50172
265198
43224
54238
54194
54312
54286
53850
147326
54158
53822
52174
26376
40392
31456
54988
53788
39386
21308
26888
52200
16340
54350
40426
37820
18366
18768
35188
16276
7336
28306
22706
53816
47534
32782
37200
54406
20054
58678
37390
67738
53022
38900
41508
42328
14870
41114
35402
55974
62246
31000
42572
45960
31740
33680
29210
33086
30110
33538
35154
34456
34700
15288
15010
15074
14634
25184
54462
19650
46168
23082
33008
51378
21140
17354
27066
21104
6368
32094
25378
21134
33394
33116
24250
29370
28020
17088
27654
51926
35106
41790
96632
53848
25762
42086
19830
16660
25614
71924
57954
26992
22514
45580
52592
35116
34162
42606
34076
33142
54504
25594
34400
21596
53302
34730
22542
24538
30328
53796
20584
44360
50246
19134
7276
19968
32336
32586
41124
63486
60670
43628
34618
38912
58106
30250
19688
26632
16764
35950
50438
25194
43684
25336
52454
44222
51866
48818
67192
54048
16326
32488
43600
23180
36372
38012
52100
19358
30876
32350
29176
35120
34554
41482
45022
34548
44052
26604
49028
24772
53476
11082
21232
47666
37416
42936
7340
39646
28974
42866
30914
35116
47002
27440
44466
31678
47772
17074
34908
38004
46562
43636
17394
31484
43636
34914
55390
53248
136658
23690
22106
19966
55612
49570
48568
83638
55296
51170
16794
15346
7752
20248
29162
19950
32184
25396
44798
43772
35516
36506
26812
51370
44844
39754
30544
28076
43878
17800
53510
34454
54528
54362
24606
23122
21258
44694
41804
20610
194476
49866
26156
25410
52940
52250
19460
21654
34160
34498
34720
15282
15158
35138
25850
28266
26142
26700
38936
25744
33784
22126
