Latencies
5502
6936
14078
5470
5224
5058
5284
5240
5058
5292
5136
36750
10700
31872
8558
17078
14788
14950
15250
15066
13982
14774
11404
49518
11424
5614
5300
5218
5088
7760
8006
17648
12198
24882
14640
14794
15120
15174
14832
15286
34434
8140
19570
14158
6044
5910
16924
9960
6142
7836
9678
14090
11704
5782
6154
13010
8252
6314
7808
6714
13006
17070
8492
45804
15036
16142
8000
8968
14566
6218
13800
10126
13924
13018
10326
10352
5126
5272
5168
5220
6256
7090
7898
11106
10938
11072
11756
34124
14380
14636
14730
15652
21364
11004
9926
13736
14026
5224
5234
5262
5188
5232
5116
5620
17090
11638
15786
22186
16304
13128
10260
10616
14860
15476
12688
13622
6692
6878
12244
9418
9720
14294
14820
13294
5830
11574
14438
8388
9458
10748
12150
15478
16116
15252
10206
14266
7858
9870
5544
5094
5142
5660
5310
17428
14598
11654
8746
6718
46318
15026
14622
35398
14750
14624
10650
13616
11888
5774
9352
14898
11250
5396
6930
5656
6610
6852
9514
6452
15116
7358
6906
13334
7462
24582
12692
14422
9880
12462
24360
14772
14784
15180
15228
14776
12472
9550
75376
31692
8430
10382
8468
5242
5680
5276
5496
12366
14306
13832
14372
21970
14960
14382
10538
5788
5446
24390
13834
11936
12422
14596
12240
20996
7742
8440
11644
6588
11992
15208
15300
15384
15966
45248
16508
11738
11982
15636
10924
14306
8754
9668
5888
5390
6820
13054
7878
6258
15560
15282
15516
15540
15426
7844
9150
15174
13622
14424
9608
15130
21486
14588
10156
9062
11340
5486
5436
5278
5254
11568
12598
12162
24868
14912
12320
6176
12456
14296
30394
15504
6416
14410
10854
23848
14740
14838
15490
5804
13098
15052
14622
11636
11632
24594
6640
15394
8168
14778
15244
5474
6156
11852
24710
15642
11394
13970
13360
6084
16270
32714
22136
5346
5788
14898
18672
31516
11870
10762
5966
5820
7498
7178
15432
5960
5596
14690
9316
13516
5366
376372
6788
16510
14622
15752
15124
11864
10704
7326
16070
8122
18570
15182
6138
5274
10434
11436
11698
28220
11872
7354
20750
11680
6956
32366
8786
14742
6904
9184
11808
9628
11932
15656
15308
12792
8744
11094
6670
8144
9266
47258
11902
14680
10608
12890
5900
7080
12452
15540
7124
9262
9360
11370
24754
14938
15832
10466
21408
10776
7556
11790
11126
5898
5346
6168
6294
5586
5630
13530
7986
15934
25388
15700
38886
14342
14406
10394
15440
9646
10868
12032
15578
14294
13404
19830
21960
13354
18326
5862
5938
16618
14264
12638
41470
39292
15306
15860
34262
20200
15144
10730
9874
11590
22896
15016
15092
9012
7628
15804
8628
14830
5892
46664
10976
11974
11880
14360
12506
15446
14892
10460
15154
13634
11908
7448
15206
11236
12762
13728
5348
5726
5448
5884
5534
5398
5998
8058
14692
11316
15518
9092
15274
5748
14664
7394
8232
15462
12484
5938
15750
6030
15508
10684
5926
5324
5152
5604
5568
5510
5626
5822
5798
14318
19880
10824
13828
24388
15814
15222
14754
15124
6574
15434
10324
12318
13870
8184
8440
14822
6376
15960
13218
6172
5796
5572
5866
5904
5354
10782
14364
9174
14760
14470
15252
15074
15676
6998
9748
8158
6410
12742
13118
10006
9732
5760
5190
5934
5352
5500
5334
13752
9666
13914
41064
15510
7158
5994
6970
8322
23884
6482
12824
13920
13154
20056
12922
8626
22218
8672
15894
15046
15096
15108
15414
15040
14966
14030
12360
14730
13664
14606
14414
15138
5560
5478
5952
5482
5240
10712
9676
15036
10882
11056
7500
10568
8096
15866
14836
12070
10798
8110
12000
12086
11168
6908
14790
14640
6224
5262
11476
12342
5906
9980
15086
45778
6380
12754
5476
14364
14370
8880
9772
11002
24770
14674
7122
7312
6412
5324
5440
25894
5730
9722
7662
9182
13432
15646
9490
5426
5688
5440
6208
5292
5826
5354
6330
7340
6290
5274
5992
5294
5840
5550
5930
5224
10520
13026
10228
14090
14842
11880
6946
8642
9994
8518
6928
6110
10284
7400
13992
8880
6542
15984
15968
15158
7648
12358
6838
8848
11596
15086
13250
15484
5454
6522
5574
12840
16792
12872
12430
10362
10860
15742
6410
7238
8794
14440
8798
10464
21624
11878
8460
12218
9968
14498
12968
5836
12312
6230
15240
24948
15558
14922
15496
14852
13238
23824
16308
13502
14526
5546
5668
5556
5606
5654
15204
14310
11806
12332
10678
10406
8478
15202
10208
13222
10062
9164
9652
11970
9382
12862
9740
9662
5744
5852
5880
5492
5294
5072
6516
5380
45026
11140
12036
25026
15788
15152
15750
15458
15242
15054
15084
15528
14796
8530
14274
9142
11766
5908
14774
12260
11222
15396
12398
11530
15432
10488
13584
11528
8502
14946
8338
11616
7844
13670
42214
13234
11894
5984
5264
14140
68654
13498
11060
10300
13484
25360
16126
16292
15502
22454
14950
11806
14410
15204
8966
14992
5898
7528
5776
8570
12556
14850
14998
15316
15176
14894
16130
14566
14066
12690
18520
13818
14600
18060
8054
5964
5304
5896
5720
5502
5424
16106
12680
7488
6790
13286
5992
21550
12148
14324
24858
14666
14830
6696
11346
12690
14562
5584
6064
6914
11174
7470
15128
9910
8110
6212
15386
14804
15062
14984
5800
8380
11130
9110
8190
6598
5914
8630
11232
10552
15546
13520
13592
15342
15534
14668
24670
35628
24298
14406
13850
23912
8882
9476
5466
53724
25020
2192382
15518
24210
14796
15032
15064
14798
15482
15204
15006
15222
15052
15042
14584
14956
16204
14922
15354
8576
14258
14786
7434
5912
5406
10160
16422
24502
15084
15150
15136
13628
5776
7616
11630
11438
8986
5856
5904
5282
8890
14610
14926
13616
9814
6318
21778
12400
24978
15490
14798
14582
18268
23942
11172
7276
14048
6138
15314
11082
8198
15900
8090
12476
12828
14700
15078
16080
7400
12106
14482
7086
9262
9944
6968
11772
13352
25100
14966
15118
15200
15108
14850
15532
115986
11418
11124
14190
7172
10428
9894
6394
6172
5882
5640
23110
5912
7592
35032
8948
29024
23900
8208
15778
15526
18150
13606
14100
6110
5534
5656
5634
5246
5666
5188
5792
13348
13522
11958
14730
11568
25162
5654
14486
14850
14688
15330
14638
14686
7118
11696
5864
8938
10790
12122
7680
10308
12414
15226
11340
5454
13108
7914
9300
12854
5518
24756
10774
15506
6222
5624
6024
5440
5698
5728
6130
6662
14110
13590
15930
14712
15378
15130
14588
15016
5806
13664
15704
8592
15496
10388
6950
11224
10452
13884
40334
8226
13796
6200
14802
6984
24064
15194
7252
5524
5596
5466
5612
5364
6582
7730
13492
9540
6470
5548
5986
6322
5602
6424
11400
7384
10570
15698
15612
13634
29998
6312
15808
11500
6092
9608
6898
5338
6232
12636
13786
12588
6154
15462
15454
15440
13378
27718
15312
5776
9970
5840
6128
5304
12814
12986
18956
24590
16078
15192
15196
11172
13086
6018
5756
6366
8232
14528
12374
13418
15596
6718
8934
13758
9732
39554
15896
14566
14782
10592
15140
14850
15044
15376
15218
15054
15848
13052
13860
14026
14984
15804
12266
13672
7072
6602
9166
8090
5954
5614
6010
7084
14488
280842
36286
8864
15740
10724
15864
24876
15964
15112
7870
10702
16112
5520
32226
6170
9446
9918
6770
6918
7354
9020
11586
15076
13896
10754
12272
12638
13824
12400
7252
15044
11162
11772
14696
11948
14708
9304
15592
10716
12760
14130
6380
9276
13850
25196
15436
15514
16022
14902
15174
15348
14930
16042
15744
11822
15540
15904
14788
8306
7024
5908
5418
5952
5696
5946
5622
5500
5430
6050
5666
5582
5648
5700
6382
5784
6162
5484
5834
6396
6088
5758
5914
5660
15242
13506
8266
7116
13568
7616
16414
12164
7866
10160
6484
6678
14120
7684
10870
15666
14112
5928
11752
21526
5688
13002
14424
15296
14928
13044
5822
5754
5586
6542
5684
5560
13978
15176
15396
15400
15944
12706
12568
11996
14996
11578
24990
14272
14716
16250
15064
995162
15492
154086
10766
11836
15486
11718
12058
15442
14292
24940
13940
24324
24314
24498
10708
13166
9258
11256
10128
8468
13774
13898
11846
6972
35856
11076
10732
5340
7070
5304
5500
5934
6038
5510
19026
24990
15102
15184
15134
15134
15262
14640
15238
15136
15164
8000
14396
11426
14822
12694
9848
6546
14030
13630
7366
9808
13726
13504
6562
8144
13228
24762
15888
15864
15036
15504
14996
15686
15252
14816
14644
38308
5616
5432
5444
5308
5164
10378
14240
13186
11142
9744
5380
12980
14792
6156
14228
14494
5764
5946
37200
14900
13842
15174
7762
6088
5766
6596
5562
5774
5440
6000
6192
5964
14392
9430
6308
7716
22854
9520
13434
9464
6252
13788
13912
14082
8636
8734
24378
15604
14644
15004
14804
12258
9338
5800
12830
6798
7106
6828
9478
6024
5802
5632
6062
15400
14572
13450
13252
8132
7972
10272
17242
10884
14638
11540
9346
12474
7860
14060
15528
15160
9852
7022
10972
12580
13876
11198
11774
16340
14830
10106
8880
13964
14380
14274
14540
14496
42496
11560
24342
14542
14854
15118
15234
15120
15108
15294
15032
15008
15052
7850
5876
5582
5310
5256
5946
6872
14912
6272
11868
15286
7192
10666
15002
11218
10726
7558
14004
7472
6530
6496
8316
6590
9242
9062
9650
7150
10332
6078
12950
14622
12988
14168
13184
10510
6456
5718
10172
15382
14976
14912
15946
15144
5322
8474
8226
9566
11314
5282
5200
5474
5328
5502
5696
5666
6406
13590
11350
8920
10574
10988
10138
14944
14882
15146
14900
15242
14966
15694
15246
12704
8578
15834
10686
24190
5628
15220
8624
9804
13254
14638
9790
12634
16090
6012
14968
10298
11816
14628
7986
12502
8632
9322
10904
5562
5762
5448
5602
10244
15484
15556
14752
15534
12982
11102
14602
14822
6192
15718
9856
10186
8776
34974
15226
14786
15410
15860
21044
5844
8822
8186
10430
11144
9038
6550
12152
15034
14766
8080
6256
10634
6050
8824
10018
14422
12108
10004
10370
6900
7704
10620
12236
11614
6924
13718
12858
5620
5288
5622
5384
5722
5586
13080
11188
13548
15606
14594
15138
6056
5900
5504
13026
14546
10390
14958
12492
12054
9592
12396
11628
11908
12400
14656
13228
14248
8860
13626
12538
8616
14596
15050
9100
6394
9604
7382
8222
15466
13144
14818
16132
15172
10556
8908
12352
15194
10592
12856
12260
15982
5588
7070
7404
5792
5368
15232
15458
14790
6386
5386
5566
5240
13102
14484
12114
8740
9546
14364
15778
15420
8096
8918
5894
6114
5542
6370
14278
6012
10544
13756
10542
10490
7276
15946
14794
15164
15068
15132
15576
9028
12798
10348
9282
7256
11916
13542
6800
11304
5972
15202
13082
37808
8622
10176
7814
9662
7702
5790
10106
8680
7248
15432
10250
14594
14030
7826
10630
10186
11298
12462
13820
5408
5634
6202
5950
5392
6142
9946
11630
24308
15298
15298
15262
7062
10686
5498
10092
9404
11730
8324
6990
15600
14914
23166
15360
14450
8200
7166
11402
11072
12636
13352
13128
14750
14792
5310
5248
5574
6916
10994
11534
14706
12000
8576
8034
7746
16166
13768
11048
9412
10998
10878
7298
20842
14322
9656
12238
6562
8834
5334
14458
10964
13990
15668
15038
14804
15242
15188
14498
6724
14460
11652
14006
13876
8746
6128
5660
5704
5296
5438
5552
5726
5354
12596
5676
14168
7546
6864
11504
26060
15040
14892
35382
10090
5328
14104
8630
5946
9674
15394
24158
14988
9302
20296
8126
6020
15010
14546
15438
11988
12454
15340
13050
8184
12722
8586
12396
10418
12722
13662
5432
5446
13748
13944
8654
13452
12354
11742
6984
6132
5404
6034
5438
6198
5530
5874
5320
5794
5410
5790
5356
5866
5564
11300
9334
13194
12246
7222
11270
10050
13690
13648
14136
14410
14224
13440
15082
6246
9048
11558
8098
9578
15738
6402
5942
13874
12188
6016
11940
11804
8912
14230
12404
14150
10480
14952
8940
9176
14712
11562
6786
24716
13660
12922
11936
12964
6128
5418
5632
5418
5926
6262
14208
14568
15264
13490
25088
16148
14982
15130
15210
15208
9852
14650
8380
7974
10510
14656
16170
14514
5378
5196
5378
5768
6000
5616
6164
19238
6294
9774
5756
9844
6050
11700
49412
9074
13018
23788
16240
14932
11840
7268
8032
8472
7248
6922
15150
10808
13008
13090
6918
19642
12168
11782
11616
5860
13366
13204
6124
6538
6382
6274
10958
8156
