Latencies
53650
37688
24804
34616
34070
52566
53584
53978
52610
38664
29602
30170
19252
21680
34486
45566
34078
52220
46418
132344
17032
48106
25708
35140
25016
53904
32800
45282
54772
37056
30348
23372
15340
21634
31104
28026
34514
23768
35234
34266
35006
33826
35708
35348
23808
38952
22174
22948
25720
50408
43324
43830
33198
219874
33874
32242
14272
14538
1103504
25550
34176
19136
36078
26810
8732
20876
9876
11294
16470
8080
36250
31804
38326
33908
25224
35822
24136
21574
19310
44730
478596
24566
34532
34472
34216
26334
33862
34324
31826
337144
15600
24818
63000
142022
45812
42338
53352
56594
33192
44744
32962
54040
11880
55406
27638
26054
35654
27236
29872
29048
38712
21568
48692
34896
33728
34366
34140
34732
27834
28628
18092
29902
17728
17568
24284
33996
45138
21948
27240
27566
33544
17020
26626
33322
49682
23238
33118
54584
40438
16804
29106
28538
18172
52032
41534
29710
17504
9942
9154
16758
17736
25082
17552
24578
27764
49742
18438
50528
18268
16220
27800
33052
25354
52806
28320
35112
25240
53712
54118
53314
54826
32326
10740
21140
12880
32482
55752
24926
72892
54324
53650
54368
53566
54002
53300
54068
54274
54628
55082
54552
54200
53494
54372
36572
25568
24142
33926
34896
34194
34398
35086
33882
34118
34824
53998
27012
27700
52440
24442
53984
54332
53568
53930
38056
19048
52526
20294
35114
23840
35246
33878
53710
21844
40352
54100
52422
17308
30146
39282
23612
50224
27572
59408
47024
25876
16908
24438
23978
18158
19080
62006
16660
23534
16768
61976
34818
34056
33946
18040
25388
7076
13756
44798
32564
6926
18058
24066
26440
16798
44936
24106
53780
53946
54906
33804
21324
28564
29674
24454
14086
25812
26644
33092
35298
31134
33496
53952
52490
24862
34938
34426
34516
34096
34918
34638
34362
31760
29438
16282
25526
16514
33872
34398
35014
23548
22374
51976
52452
48778
21062
28212
21640
43766
20402
49108
30766
24590
29058
27450
27266
34046
12940
10688
10244
17478
26090
30054
16982
9504
60566
23306
20678
25190
18210
5636
15630
43786
25478
25022
33956
34678
33676
26888
16716
30640
19626
31462
28922
6288
25618
34696
19336
20706
13466
5736
6670
20814
7060
41214
50034
33698
32152
27202
32438
27336
30866
33224
7400
8686
14842
556386
24128
34518
34728
18442
6950
7282
22472
15140
25680
44472
53898
19210
30722
31930
18276
23634
24826
33434
44462
32142
25912
20100
24682
34246
26490
34854
35568
35538
24916
25016
20388
32782
24000
17222
33806
15506
56530
35246
47358
33446
34428
15312
31824
33036
18326
39066
18242
44268
19868
46812
26226
25012
27798
31726
27536
35338
54800
42668
30734
34486
25302
34802
33930
35124
29416
24994
14598
15106
24724
33884
34628
28282
19172
51212
33918
47744
22038
57486
53978
17004
16296
32532
18396
43804
27152
34744
17120
27618
27534
19140
31900
24178
29408
6186
34090
24756
44910
54516
34492
24986
51866
51352
46978
312480
28812
39792
28192
30674
25022
13976
29360
34250
34108
33446
17572
22896
28594
29574
23906
22112
53864
42146
21540
50964
34372
29808
26686
15722
6392
10328
17052
21734
27834
18678
19068
19638
54428
54056
53346
22978
32006
16430
30558
33428
44660
39272
54304
27432
26944
24550
12632
19766
16546
12742
20842
6328
25022
15104
8512
12182
9984
6606
10122
12262
41138
53382
34546
44304
54218
54460
31248
19838
24114
12402
40502
42620
20552
56672
20692
13688
12186
15638
15756
7038
11934
9408
44914
53450
53690
44248
31260
32922
24184
22224
18964
47738
53830
44724
7912
12634
21342
12060
20070
20048
24370
54114
44248
54418
53418
54242
18242
15666
14524
20764
8676
6336
9072
24352
23726
23470
18920
24660
34550
36186
35596
34164
46148
44742
21644
34250
33544
15432
7112
31190
28458
27214
22944
27134
21200
17640
18904
14578
10832
34902
34688
53954
54460
53672
58988
37048
47066
28600
22862
35630
46250
34326
18070
36950
26048
54544
43454
53160
53604
33006
24372
34538
41658
6562
13420
34342
28536
8940
21392
44176
44620
28234
20946
16654
46488
21652
21330
17444
34532
13998
14442
7864
13974
24444
14350
13958
13000
14494
34258
18628
29318
24292
34274
13748
25764
53680
31592
39312
33920
49646
48660
57462
16398
30318
5834
13424
8250
13308
15668
13888
9796
24204
19674
73562
25548
3977186
37064
54506
54262
54796
24704
15160
5524
14814
14768
14838
15026
14986
16260
15476
25752
24060
98736
14314
14902
15078
15254
15112
12522
15252
14478
14920
7188
9710
13300
8600
11562
14332
7216
21380
24750
18562
17924
34596
8650
12334
8630
10328
14738
13314
8556
11908
8068
10044
31198
10134
15530
9116
9484
33528
24606
35522
35802
24314
36444
42648
18048
52780
45398
51702
47050
25276
40038
35568
37382
54400
55806
146084
184360
34590
18316
28634
25856
30052
26270
24012
34158
37584
34386
47894
70102
24250
54428
25058
23634
21636
55070
33438
26516
28014
25330
29188
33970
34288
30908
43716
33030
27978
37092
25918
26682
34136
34812
19872
19684
32376
28398
35322
24934
34088
34088
34802
34594
15364
35176
33704
35064
33872
34586
35274
34180
34540
34430
32530
35020
31202
33012
16524
41750
20200
37078
46868
48342
50886
27882
26490
37502
31594
43476
48406
32110
63186
34354
53894
94118
24816
85080
55082
54656
34334
8206
14806
22952
35288
19944
14296
34514
44728
59570
26252
44076
44440
42146
43548
25838
55490
52760
50266
57468
38872
34586
39992
31942
20204
55852
16122
57302
37308
18434
54366
45108
32430
29558
31736
38898
37260
35090
18124
26946
51284
12714
55222
45224
26708
26876
23416
30572
18638
33222
28718
17928
34492
60102
42384
34442
54370
53764
53540
52240
51120
63242
34458
53680
145716
44494
107236
35294
47930
31604
18916
18280
34546
24680
30978
16832
22698
24678
28786
17332
29930
27842
16952
32922
18966
26382
19172
50978
28650
42188
54064
22508
45024
16488
34242
33416
18218
28980
30676
20138
25902
17682
41722
34566
44540
32332
44334
23080
34096
31282
44304
30464
24950
14948
14948
15100
14762
15246
15422
5918
44698
53948
86984
21066
44766
54412
26948
42214
20526
26068
19414
34688
50190
16842
46192
17350
43038
2408690
24420
55970
26262
20998
41436
22360
34756
22374
23608
26662
35190
18328
33966
31086
43142
43474
34812
43742
44572
30868
61122
34450
49356
35026
24740
27648
17626
19392
34222
19040
17726
32202
34306
28970
21598
24416
30256
53970
44076
30650
49324
34020
12556
24960
51172
45632
31542
24358
33734
26544
19818
51324
27800
42824
53448
24840
42542
46730
16912
34258
32598
15546
24970
24398
7438
33328
16364
25822
26866
25150
25550
46256
24272
36920
62288
34906
34720
53582
54066
54046
53972
55096
55142
34602
34676
34844
34028
54390
54700
54546
54022
54558
36234
42860
48858
53768
53856
45612
17566
47170
27160
34902
43634
38824
25112
17012
32324
27708
21372
40046
51902
23992
17770
33224
17736
62890
35510
33434
54390
53618
53966
54506
53966
54350
44050
24030
25316
32924
17732
26190
30606
16788
27942
42494
39552
27274
22968
53024
33736
24076
39340
16856
28874
24084
17734
16134
21644
19436
33288
29660
20354
15454
49810
28072
43028
54176
54486
20142
31698
25216
33770
24162
53770
53718
53656
25914
28288
35672
20186
48854
39872
54242
35136
38856
41282
31314
20824
42742
29262
25012
30618
28172
18262
43186
25876
34536
34166
33942
18068
26148
26892
13034
28954
29064
22372
50076
20684
26876
19896
28412
23262
21896
32314
34392
20474
26140
24768
44588
42550
21496
18550
22526
46978
29892
38276
48248
47250
17364
43768
24756
34286
34800
34206
29512
18436
27520
8058
48826
47890
53834
27466
19024
14378
29710
16482
47712
35204
33956
30676
31716
21262
59034
34596
26312
34774
19154
30766
29754
28780
32928
28204
21562
18884
38822
18514
42856
31008
16504
55448
34248
24548
27704
32324
25400
25804
23628
33666
16468
20124
31794
30656
57200
52822
17392
17572
20620
27086
28526
50582
26608
28488
47334
5768
32350
51214
42276
48780
25736
31542
29158
11552
54072
44726
53356
21936
42582
34044
24842
22198
30120
30084
33438
50100
27366
26096
31730
39654
36914
43266
15008
38988
35536
54326
44614
34736
27278
40438
22800
35042
32926
44698
31140
50764
55416
35442
53442
54190
44880
45876
35574
23294
54364
45296
16914
43612
29586
38548
34370
35214
34478
20086
32692
17832
25860
56624
46240
46470
22794
35640
32110
34540
16040
48640
41204
27830
17676
40906
37848
35314
47744
27442
42790
24698
22122
54544
11618
29400
34376
34622
54160
53876
54404
21502
28200
55046
54554
20128
34856
36234
38042
35920
18374
49354
19034
23084
35956
22810
15882
22322
24514
19010
51274
45556
53884
44418
53918
12046
6246
25310
34258
15828
23120
22540
27186
34332
23040
24658
25644
22328
34690
33694
25188
31686
29316
28098
24070
30540
20454
20802
21834
7292
25156
22604
18466
51174
34560
53542
55478
54218
33504
26572
49880
28086
50718
40334
54602
22420
40342
30292
24782
27858
32194
32194
18118
10682
15946
7134
13876
54736
23378
8868
18020
26092
44308
43092
53004
54126
37494
20164
34134
6426
14048
7890
31460
34382
17188
30188
36798
47208
24748
26704
33790
18884
37962
18608
18386
40472
53704
42124
29514
34752
35872
40452
36688
45582
43012
15300
14698
25342
32300
53222
34114
30892
35228
44868
44138
53884
53972
53666
53314
27572
12006
33026
17860
31618
18128
49588
17524
26916
17470
42400
33394
52492
38582
34616
34370
6142
5914
34798
51116
44108
36690
20780
28764
51456
23904
16598
30220
29106
49698
53840
53984
24586
24362
25590
19226
27130
35812
34990
21432
27468
25364
34288
35150
34134
28254
29746
26354
51930
53372
23644
24436
34516
53612
52262
21750
33746
49792
54344
53892
54006
54836
53476
54292
54154
48732
25058
34146
35878
28232
54690
54392
54898
36170
22406
31088
47098
22880
26208
45444
28528
19180
18862
29100
54674
22818
63044
44366
53458
52120
19380
26588
34170
27882
28214
7752
35010
24736
20784
54184
23646
52292
53500
53004
53312
54830
55788
54180
28624
52448
20368
42474
46612
33394
54566
53608
54328
46088
29218
174114
34236
53230
782806
31162
1163274
675174
17768
44950
26592
53846
33640
26326
34474
13866
6540
14506
32220
33994
27148
50430
32642
53792
31964
35642
17610
32022
31354
30514
21818
23340
15964
22270
19498
20368
18682
17048
27908
25074
9446
14012
14800
5834
5590
5548
5502
5552
5912
11762
15632
15386
6912
14300
11988
9534
12010
15680
8826
9386
26206
27274
16332
29888
30346
24826
16862
17152
22966
35770
18790
34836
54336
41748
29182
36688
36556
450502
62716
16554
63850
43700
56130
48268
36474
21730
25196
31064
9254
16780
20560
18608
22870
25504
44488
17670
13008
19484
33798
37398
53684
52432
36096
47060
54630
52492
25120
25114
34818
34826
34200
16132
20522
34694
44746
19812
43022
32908
41180
30356
17922
29218
28736
31024
25826
33742
25512
25140
35124
34214
34564
34842
34230
34260
35076
34234
19576
27408
21328
12186
25646
24114
35056
28410
44214
44090
53624
53662
34536
34986
53838
54232
54106
54166
34156
21336
21376
26584
14906
14326
15160
14454
14884
14938
15516
31324
21310
87216
34032
54894
54278
34196
34512
27236
25094
35360
30464
31318
19918
22958
35164
33928
34588
18600
53246
28980
53704
19228
28984
58876
23782
26332
34504
35002
34630
34802
34960
17580
26346
50010
27306
16772
44752
36984
26736
39738
45540
30984
33202
21412
49658
43008
21322
54464
44630
53940
53760
54288
33458
42090
32850
17976
43752
291404
52858
24002
21204
52980
53936
31120
38048
31092
24940
37072
26578
19168
20834
17718
18926
137750
43950
39504
40274
18260
39108
9474
10534
19074
26290
21478
12418
34890
23574
21560
25478
20488
31590
25110
15350
34282
34802
34334
34448
34450
35052
34758
28178
16168
25092
32718
30916
31158
15532
21194
24306
34318
32774
24628
22704
19660
27608
25474
34814
53766
54844
53828
54496
15704
20274
31330
28828
34768
35432
35524
34530
35654
34502
30654
28128
26558
25804
32718
24036
25930
25032
25606
117450
25088
19928
14346
30018
30906
52574
49228
19814
44454
21118
52358
43486
24746
52464
47922
53346
22928
27092
45090
52546
32544
21258
44368
52796
34874
53844
54258
53786
53818
54352
32420
25654
21100
35530
31896
33398
52348
24894
21866
21272
31206
25358
29804
34742
33282
34706
21836
32584
24290
17428
28786
33430
25378
33894
24390
15158
14586
27488
47020
15114
13226
37414
63022
52714
44844
43448
49280
35340
36918
61484
44858
24968
34194
34442
34980
34368
35068
34860
35190
35354
53510
34046
53766
54732
54870
54392
53496
145078
43506
42418
53970
16322
31288
11090
27536
18420
22896
14990
8906
45424
46656
25454
33568
