Latencies
5144
5144
5148
5150
5156
5162
5162
5166
5168
5174
5178
5178
5180
5180
5182
5182
5186
5186
5188
5188
5190
5192
5192
5192
5194
5194
5194
5196
5196
5196
5198
5198
5198
5200
5202
5202
5202
5202
5202
5204
5204
5204
5208
5208
5208
5210
5212
5212
5214
5214
5214
5214
5214
5216
5218
5220
5220
5220
5224
5224
5226
5226
5226
5228
5230
5232
5232
5234
5234
5234
5236
5238
5240
5240
5240
5242
5244
5244
5244
5246
5246
5248
5250
5250
5250
5250
5252
5252
5252
5252
5254
5258
5258
5258
5258
5258
5258
5260
5264
5264
5266
5268
5268
5268
5270
5270
5270
5272
5272
5272
5272
5274
5274
5274
5274
5278
5278
5278
5280
5280
5282
5282
5284
5284
5284
5286
5286
5288
5288
5288
5288
5290
5290
5290
5290
5292
5292
5292
5292
5292
5294
5296
5296
5296
5296
5298
5298
5298
5298
5298
5298
5298
5300
5300
5300
5300
5302
5304
5304
5304
5304
5304
5306
5306
5308
5308
5308
5308
5310
5310
5312
5314
5314
5316
5316
5316
5316
5316
5318
5318
5320
5320
5320
5320
5322
5322
5322
5322
5322
5324
5324
5326
5326
5326
5326
5326
5328
5328
5330
5330
5332
5332
5332
5332
5332
5332
5332
5334
5334
5334
5336
5336
5336
5336
5336
5336
5336
5338
5338
5338
5338
5340
5340
5340
5340
5340
5342
5342
5342
5342
5344
5344
5344
5346
5346
5348
5348
5348
5348
5348
5348
5350
5350
5350
5350
5350
5350
5352
5352
5352
5354
5354
5356
5356
5356
5356
5356
5356
5358
5358
5360
5360
5360
5360
5360
5362
5362
5362
5364
5364
5366
5366
5366
5368
5368
5368
5370
5370
5370
5370
5370
5372
5374
5374
5374
5374
5374
5376
5376
5376
5376
5376
5378
5378
5378
5378
5378
5378
5378
5378
5380
5380
5380
5382
5382
5382
5382
5382
5382
5382
5382
5382
5384
5384
5384
5384
5386
5386
5386
5388
5388
5388
5388
5388
5388
5390
5390
5392
5394
5394
5394
5394
5396
5396
5396
5396
5398
5398
5400
5400
5402
5402
5402
5402
5402
5402
5402
5404
5404
5404
5404
5406
5406
5406
5406
5406
5406
5408
5408
5408
5410
5410
5410
5410
5412
5414
5414
5416
5416
5416
5416
5418
5418
5418
5418
5418
5420
5420
5420
5420
5420
5422
5422
5424
5424
5424
5424
5424
5426
5426
5426
5426
5428
5428
5430
5430
5430
5432
5432
5432
5432
5432
5434
5434
5436
5436
5438
5440
5440
5440
5440
5440
5440
5442
5442
5442
5444
5446
5448
5448
5448
5450
5450
5450
5452
5452
5452
5452
5456
5458
5458
5458
5458
5460
5460
5460
5460
5462
5464
5464
5466
5468
5468
5470
5470
5472
5472
5472
5472
5474
5476
5476
5478
5478
5482
5484
5484
5484
5484
5486
5486
5486
5488
5490
5490
5490
5490
5490
5492
5492
5492
5492
5492
5494
5494
5496
5496
5496
5496
5498
5500
5500
5500
5500
5502
5502
5502
5502
5502
5504
5504
5506
5506
5506
5506
5508
5508
5508
5508
5508
5510
5510
5510
5512
5514
5516
5516
5518
5518
5518
5520
5520
5520
5522
5522
5526
5528
5528
5528
5530
5532
5532
5534
5536
5540
5540
5540
5540
5540
5542
5542
5546
5546
5548
5548
5550
5550
5550
5552
5552
5554
5554
5554
5554
5554
5556
5556
5556
5558
5560
5560
5562
5562
5562
5564
5564
5564
5564
5566
5566
5566
5570
5572
5572
5574
5574
5574
5578
5580
5582
5586
5588
5588
5590
5590
5592
5592
5594
5594
5596
5606
5606
5608
5616
5616
5618
5620
5622
5626
5630
5632
5634
5636
5640
5640
5642
5644
5648
5648
5652
5654
5654
5656
5658
5658
5658
5660
5662
5662
5662
5664
5664
5666
5668
5668
5670
5672
5674
5674
5676
5682
5684
5688
5688
5690
5690
5692
5692
5696
5696
5698
5706
5706
5708
5712
5716
5716
5716
5718
5720
5720
5722
5724
5726
5726
5726
5726
5730
5730
5730
5732
5732
5740
5744
5750
5750
5752
5754
5758
5758
5764
5766
5766
5768
5776
5778
5778
5778
5780
5780
5780
5784
5788
5788
5796
5802
5804
5804
5806
5806
5810
5810
5812
5812
5814
5814
5814
5818
5818
5820
5822
5826
5830
5832
5836
5838
5840
5842
5844
5844
5844
5846
5846
5848
5852
5852
5852
5852
5854
5854
5858
5860
5860
5862
5864
5866
5866
5868
5874
5878
5878
5882
5882
5882
5882
5884
5886
5886
5888
5890
5894
5906
5908
5908
5916
5918
5920
5920
5934
5934
5936
5940
5944
5944
5944
5954
5962
5962
5964
5970
5974
5976
5988
5992
5992
5992
5998
6000
6004
6008
6010
6014
6016
6020
6020
6022
6024
6030
6032
6034
6040
6042
6042
6044
6050
6052
6056
6060
6060
6062
6062
6064
6066
6082
6082
6086
6090
6092
6094
6096
6096
6098
6122
6122
6134
6134
6136
6142
6144
6144
6148
6148
6156
6156
6156
6158
6162
6170
6172
6178
6178
6186
6186
6200
6206
6210
6218
6224
6232
6234
6242
6242
6258
6258
6272
6276
6282
6288
6296
6296
6300
6316
6326
6344
6356
6374
6376
6386
6410
6424
6434
6434
6442
6442
6448
6478
6482
6500
6500
6504
6566
6566
6596
6662
6668
6676
6678
6692
6708
6970
7058
7096
7118
7196
7250
7602
7926
8720
8794
9430
9462
9792
9810
9986
10042
10622
10756
10934
11032
11056
11074
11138
11260
12022
12078
12140
12312
12374
12424
12530
12714
12936
14390
14452
14852
17020
17326
18542
20108
20144
20212
20224
20852
22336
23068
23834
24320
25182
25266
25704
26966
26988
27814
28648
28690
30424
30498
31494
33564
33996
34384
34834
34846
35680
37266
40884
54304
57314
