Latencies
5158
5170
5180
5194
5208
5216
5218
5222
5226
5238
5242
5242
5244
5244
5252
5254
5260
5264
5264
5268
5268
5272
5274
5278
5278
5280
5282
5288
5288
5290
5290
5294
5294
5294
5296
5296
5298
5300
5302
5302
5308
5308
5308
5310
5314
5316
5318
5318
5322
5322
5322
5324
5324
5324
5326
5326
5326
5326
5332
5332
5334
5334
5336
5336
5336
5336
5336
5336
5338
5340
5340
5340
5340
5342
5342
5342
5342
5344
5344
5344
5346
5346
5348
5348
5350
5350
5352
5352
5352
5352
5354
5354
5354
5354
5356
5356
5356
5356
5356
5358
5358
5358
5358
5358
5360
5360
5360
5360
5362
5364
5364
5364
5364
5366
5366
5366
5366
5366
5366
5366
5366
5366
5368
5368
5368
5370
5370
5370
5372
5372
5372
5372
5374
5374
5374
5374
5374
5376
5376
5376
5376
5376
5378
5378
5378
5378
5378
5380
5380
5380
5380
5382
5382
5382
5382
5382
5384
5384
5384
5384
5384
5386
5386
5386
5386
5386
5386
5386
5388
5388
5390
5390
5390
5392
5392
5392
5394
5394
5396
5396
5396
5396
5398
5398
5398
5398
5398
5398
5398
5400
5400
5400
5400
5400
5400
5400
5400
5400
5400
5402
5402
5402
5402
5402
5402
5404
5404
5404
5404
5404
5404
5406
5408
5408
5408
5408
5408
5408
5408
5410
5410
5410
5410
5410
5410
5410
5410
5412
5412
5412
5412
5412
5412
5412
5414
5414
5414
5414
5414
5416
5416
5416
5416
5418
5418
5418
5418
5418
5420
5420
5420
5420
5422
5422
5422
5422
5424
5424
5426
5426
5426
5428
5428
5428
5430
5430
5430
5430
5430
5430
5432
5432
5432
5432
5432
5434
5436
5436
5436
5436
5436
5438
5440
5440
5442
5442
5442
5444
5444
5446
5446
5446
5448
5450
5450
5450
5450
5452
5452
5452
5454
5454
5456
5456
5456
5456
5458
5460
5460
5462
5462
5462
5464
5464
5464
5464
5466
5466
5466
5466
5468
5470
5470
5470
5472
5472
5472
5474
5474
5474
5476
5478
5478
5478
5478
5480
5480
5480
5482
5484
5484
5484
5486
5486
5488
5488
5490
5490
5490
5490
5490
5492
5492
5494
5494
5496
5496
5496
5496
5496
5498
5500
5500
5500
5500
5502
5502
5502
5502
5504
5504
5504
5504
5506
5508
5508
5508
5508
5508
5510
5510
5512
5512
5512
5512
5512
5514
5514
5516
5518
5518
5518
5520
5520
5520
5520
5522
5522
5522
5524
5524
5524
5526
5526
5526
5528
5530
5532
5532
5534
5538
5538
5542
5542
5542
5542
5544
5544
5544
5544
5546
5550
5550
5550
5550
5550
5550
5552
5552
5554
5554
5554
5556
5556
5558
5558
5558
5560
5562
5562
5564
5564
5564
5564
5566
5566
5568
5568
5570
5570
5570
5574
5574
5576
5576
5578
5578
5578
5578
5578
5578
5580
5582
5584
5584
5586
5586
5588
5588
5592
5594
5594
5594
5594
5596
5596
5598
5598
5600
5600
5602
5604
5604
5604
5606
5606
5608
5608
5610
5610
5610
5610
5610
5612
5614
5614
5614
5616
5616
5616
5616
5618
5620
5620
5622
5622
5624
5628
5628
5630
5632
5632
5634
5634
5636
5638
5638
5638
5640
5640
5640
5644
5644
5646
5646
5648
5648
5650
5650
5658
5658
5664
5666
5666
5666
5670
5670
5672
5672
5672
5674
5674
5674
5676
5678
5678
5680
5680
5680
5682
5682
5684
5686
5688
5688
5690
5692
5694
5694
5698
5698
5698
5702
5706
5708
5716
5716
5716
5716
5718
5718
5724
5726
5730
5730
5732
5732
5734
5734
5738
5738
5740
5740
5740
5740
5742
5742
5744
5744
5746
5746
5746
5750
5750
5750
5752
5754
5754
5758
5760
5762
5762
5764
5766
5766
5768
5768
5772
5772
5772
5774
5774
5774
5774
5780
5784
5784
5784
5786
5786
5788
5790
5794
5794
5796
5796
5800
5800
5800
5800
5802
5804
5804
5806
5808
5810
5812
5818
5818
5818
5818
5818
5820
5820
5820
5822
5822
5822
5824
5824
5826
5828
5830
5830
5832
5832
5832
5832
5836
5838
5840
5842
5844
5846
5846
5846
5850
5850
5850
5856
5858
5858
5860
5860
5860
5862
5862
5864
5864
5866
5868
5868
5870
5872
5872
5874
5876
5876
5878
5878
5880
5882
5884
5888
5888
5888
5888
5890
5890
5890
5890
5892
5892
5900
5906
5906
5906
5908
5910
5912
5912
5914
5916
5916
5918
5920
5920
5922
5922
5922
5924
5924
5926
5926
5928
5930
5930
5932
5934
5936
5938
5942
5944
5944
5948
5948
5950
5952
5952
5954
5956
5956
5956
5958
5960
5960
5966
5968
5968
5972
5974
5974
5974
5974
5978
5980
5980
5982
5984
5984
5986
5986
5988
5988
5990
5990
5994
5994
5996
5996
5996
5996
6000
6004
6004
6006
6008
6012
6012
6014
6018
6020
6020
6024
6024
6026
6028
6030
6030
6030
6030
6032
6032
6038
6042
6044
6046
6046
6048
6054
6056
6058
6060
6066
6066
6066
6070
6074
6074
6074
6074
6074
6074
6074
6078
6080
6084
6086
6090
6090
6098
6100
6100
6102
6104
6106
6110
6110
6112
6116
6116
6118
6122
6124
6126
6128
6128
6132
6142
6142
6142
6144
6144
6146
6150
6154
6154
6156
6164
6164
6166
6168
6170
6174
6174
6176
6178
6180
6180
6184
6188
6188
6190
6192
6196
6196
6198
6208
6210
6210
6212
6216
6218
6218
6220
6220
6250
6250
6252
6258
6264
6264
6268
6276
6282
6284
6286
6286
6288
6292
6296
6314
6314
6324
6326
6328
6334
6336
6338
6340
6344
6344
6352
6352
6354
6360
6360
6368
6378
6380
6386
6388
6396
6402
6408
6410
6412
6418
6424
6424
6426
6448
6450
6464
6468
6482
6496
6522
6542
6552
6568
6570
6570
6570
6570
6578
6580
6580
6590
6596
6608
6620
6622
6642
6658
6666
6694
6700
6702
6708
6718
6746
6760
6766
6786
6806
6834
6836
6850
6854
6860
6908
6914
6926
6936
7002
7014
7016
7092
7316
7388
7516
7754
8228
8228
8510
9014
9118
9186
9234
9606
9670
9874
11306
11692
11860
11984
12324
12474
12538
12790
17510
21256
21294
24984
25070
25246
26356
26604
27226
