Latencies
5094
5148
5148
5154
5162
5164
5170
5170
5172
5174
5180
5184
5184
5190
5192
5196
5196
5196
5200
5202
5206
5206
5210
5212
5212
5212
5216
5218
5218
5218
5218
5220
5220
5220
5220
5222
5222
5222
5222
5224
5224
5226
5230
5230
5232
5232
5232
5234
5234
5234
5234
5234
5236
5236
5238
5238
5240
5240
5240
5242
5242
5242
5242
5242
5242
5244
5244
5246
5246
5246
5248
5248
5250
5254
5254
5254
5256
5256
5256
5256
5258
5258
5258
5260
5260
5260
5264
5266
5266
5266
5266
5268
5268
5268
5270
5270
5270
5270
5270
5270
5270
5272
5272
5272
5274
5274
5274
5274
5276
5276
5276
5276
5276
5276
5278
5278
5280
5280
5280
5280
5280
5282
5282
5282
5282
5282
5282
5282
5282
5284
5284
5284
5284
5284
5284
5284
5286
5286
5288
5288
5288
5288
5288
5288
5288
5290
5290
5290
5292
5292
5292
5292
5292
5292
5292
5292
5292
5292
5292
5294
5294
5294
5294
5296
5296
5296
5296
5298
5298
5298
5298
5298
5300
5300
5300
5300
5300
5302
5302
5302
5302
5302
5302
5302
5302
5302
5302
5306
5306
5306
5306
5306
5310
5310
5310
5310
5310
5310
5310
5310
5312
5312
5314
5314
5314
5314
5316
5316
5316
5316
5316
5318
5318
5318
5318
5320
5320
5320
5320
5324
5324
5326
5328
5330
5332
5332
5334
5334
5334
5334
5334
5336
5338
5338
5338
5338
5338
5338
5338
5340
5340
5342
5342
5344
5344
5344
5344
5346
5346
5346
5348
5350
5352
5352
5352
5354
5354
5356
5356
5356
5356
5358
5358
5358
5360
5360
5360
5362
5362
5362
5362
5364
5364
5364
5364
5364
5366
5366
5366
5368
5368
5368
5368
5368
5370
5372
5372
5372
5374
5374
5374
5374
5374
5376
5376
5378
5378
5378
5380
5380
5380
5380
5382
5382
5382
5382
5386
5386
5386
5386
5390
5390
5392
5392
5392
5392
5392
5394
5394
5394
5396
5398
5398
5398
5400
5400
5402
5402
5402
5404
5404
5406
5406
5408
5408
5408
5412
5412
5412
5414
5414
5414
5414
5414
5416
5416
5416
5418
5418
5420
5420
5420
5422
5422
5426
5426
5426
5428
5428
5428
5432
5432
5432
5432
5434
5434
5436
5436
5438
5440
5442
5446
5448
5450
5450
5452
5452
5452
5454
5456
5456
5456
5458
5458
5458
5460
5460
5460
5460
5462
5462
5462
5462
5464
5466
5466
5466
5466
5468
5468
5470
5470
5472
5472
5472
5474
5476
5478
5478
5482
5482
5484
5484
5484
5484
5486
5488
5488
5490
5494
5498
5500
5500
5504
5506
5508
5508
5508
5510
5510
5512
5512
5514
5514
5514
5516
5516
5516
5518
5518
5520
5520
5520
5522
5522
5524
5524
5526
5530
5530
5530
5534
5536
5538
5540
5540
5542
5542
5544
5546
5546
5546
5548
5548
5550
5550
5550
5552
5552
5552
5556
5556
5558
5562
5564
5566
5568
5568
5568
5568
5570
5572
5574
5576
5576
5576
5576
5576
5578
5578
5580
5580
5582
5582
5584
5584
5584
5586
5586
5586
5590
5590
5594
5596
5598
5600
5602
5606
5606
5608
5608
5610
5610
5614
5614
5616
5616
5616
5616
5618
5618
5618
5620
5620
5622
5622
5624
5626
5628
5628
5628
5630
5632
5634
5636
5636
5636
5636
5638
5640
5642
5644
5646
5646
5650
5650
5650
5654
5656
5656
5656
5658
5660
5660
5662
5662
5666
5666
5670
5672
5672
5672
5672
5674
5676
5678
5678
5680
5680
5682
5688
5690
5690
5690
5692
5692
5692
5692
5694
5696
5698
5700
5704
5706
5706
5706
5706
5708
5708
5714
5714
5716
5720
5720
5722
5724
5724
5728
5730
5730
5730
5732
5738
5738
5742
5744
5746
5746
5748
5752
5752
5758
5760
5764
5764
5766
5770
5774
5776
5776
5778
5782
5786
5786
5788
5788
5788
5792
5792
5792
5792
5794
5796
5798
5800
5802
5802
5802
5802
5804
5806
5806
5808
5810
5810
5812
5814
5814
5814
5816
5816
5818
5818
5820
5820
5824
5824
5826
5826
5830
5830
5834
5836
5836
5840
5846
5848
5848
5848
5850
5850
5850
5850
5856
5856
5858
5860
5862
5864
5864
5866
5868
5868
5870
5874
5874
5874
5876
5878
5882
5882
5882
5884
5886
5886
5888
5890
5890
5890
5892
5894
5894
5894
5896
5896
5898
5898
5898
5898
5902
5904
5904
5904
5904
5906
5906
5908
5908
5910
5910
5910
5914
5916
5916
5918
5918
5918
5920
5920
5920
5920
5926
5928
5934
5938
5938
5942
5942
5942
5944
5946
5948
5952
5954
5954
5956
5956
5958
5958
5958
5968
5972
5976
5976
5976
5986
5988
5988
5990
5992
5992
5996
5996
5998
6000
6004
6016
6016
6018
6018
6020
6020
6022
6022
6024
6026
6036
6042
6044
6044
6048
6050
6052
6052
6054
6056
6060
6062
6064
6064
6068
6070
6072
6072
6074
6074
6076
6076
6078
6080
6080
6082
6082
6086
6090
6098
6100
6100
6102
6102
6104
6104
6106
6110
6112
6112
6122
6122
6128
6130
6130
6132
6132
6136
6140
6140
6146
6148
6156
6156
6162
6164
6172
6174
6182
6184
6198
6204
6204
6210
6214
6216
6222
6224
6226
6228
6238
6240
6246
6248
6268
6270
6280
6282
6284
6288
6296
6298
6316
6320
6320
6324
6348
6352
6352
6362
6372
6382
6390
6394
6400
6404
6406
6406
6414
6444
6448
6460
6462
6468
6470
6482
6488
6498
6502
6502
6504
6510
6516
6534
6558
6560
6576
6576
6580
6584
6616
6618
6622
6632
6634
6640
6678
6680
6684
6694
6698
6702
6722
6734
6740
6770
6792
6792
6798
6812
6828
6830
6832
6872
6900
6900
6910
6930
6942
6974
6982
7022
7024
7040
7044
7050
7052
7054
7062
7110
7124
7132
7138
7180
7204
7222
7362
7370
7398
7414
7434
7496
7640
7652
7684
7714
8006
8150
8254
8640
8650
9398
9970
10688
11060
11346
12778
13418
13626
13814
14546
14648
23090
25412
25736
29110
46384
69170
