Latencies
5194
5194
5210
5210
5212
5212
5228
5254
5254
5258
5258
5264
5268
5274
5278
5280
5284
5288
5296
5298
5306
5310
5314
5318
5322
5324
5326
5342
5348
5350
5350
5350
5356
5372
5376
5376
5378
5382
5386
5388
5394
5394
5396
5398
5404
5408
5412
5412
5412
5418
5432
5438
5442
5448
5460
5472
5474
5474
5476
5476
5480
5490
5492
5494
5494
5496
5508
5510
5512
5512
5512
5514
5518
5528
5530
5530
5530
5536
5540
5540
5544
5544
5550
5556
5558
5560
5570
5574
5576
5578
5578
5584
5592
5594
5604
5608
5608
5618
5620
5620
5622
5626
5638
5652
5654
5658
5658
5662
5664
5668
5678
5678
5684
5710
5730
5754
5754
5758
5764
5764
5770
5772
5778
5792
5794
5800
5802
5818
5818
5820
5826
5830
5840
5842
5870
5870
5876
5878
5884
5884
5890
5892
5896
5900
5906
5922
5940
5948
5948
5960
5962
5964
5966
5968
5972
5974
5994
5996
5998
6002
6006
6012
6016
6016
6028
6030
6044
6044
6052
6066
6072
6074
6074
6076
6076
6084
6090
6090
6090
6106
6106
6110
6112
6124
6130
6130
6152
6160
6166
6166
6168
6170
6172
6172
6174
6182
6186
6192
6192
6192
6236
6246
6254
6272
6278
6278
6296
6320
6324
6332
6346
6358
6382
6390
6402
6410
6420
6430
6436
6454
6502
6524
6526
6528
6532
6532
6534
6574
6580
6590
6602
6608
6628
6634
6650
6658
6694
6722
6724
6750
6762
6772
6792
6818
6850
6852
6864
6880
6882
6894
6916
6922
6948
6948
6952
7006
7016
7018
7032
7034
7038
7040
7120
7120
7122
7174
7178
7180
7190
7202
7266
7282
7288
7298
7320
7324
7326
7350
7382
7394
7400
7412
7424
7424
7432
7514
7530
7560
7562
7604
7620
7628
7638
7644
7652
7668
7678
7742
7754
7770
7774
7790
7798
7802
7802
7824
7824
7826
7826
7854
7868
7878
7886
7900
7910
7920
7956
7976
7978
7982
7990
7992
8010
8032
8036
8042
8046
8056
8072
8080
8086
8102
8116
8116
8118
8118
8122
8132
8150
8150
8162
8176
8198
8208
8244
8256
8266
8272
8306
8320
8324
8332
8336
8336
8354
8388
8416
8416
8418
8428
8430
8444
8460
8502
8558
8558
8572
8596
8602
8670
8678
8692
8696
8750
8766
8778
8780
8782
8792
8798
8804
8826
8830
8840
8846
8850
8926
8932
8938
8988
9008
9018
9026
9048
9060
9098
9106
9168
9184
9196
9210
9216
9244
9268
9278
9278
9292
9336
9346
9384
9400
9540
9554
9560
9586
9592
9636
9638
9674
9686
9690
9694
9710
9720
9742
9746
9772
9800
9804
9808
9832
9842
9888
9888
9892
9908
9916
9940
9940
9966
9984
9996
10008
10026
10036
10042
10054
10056
10058
10064
10082
10156
10162
10242
10246
10282
10286
10312
10318
10318
10342
10346
10348
10350
10350
10354
10376
10396
10440
10480
10490
10490
10518
10538
10546
10556
10562
10570
10576
10620
10636
10644
10660
10684
10684
10688
10702
10708
10722
10730
10762
10790
10840
10844
10872
10874
10900
10902
10914
10918
10924
10926
10930
10948
11028
11040
11122
11134
11136
11142
11148
11154
11182
11220
11232
11244
11292
11320
11344
11350
11354
11360
11376
11388
11432
11454
11468
11542
11586
11590
11628
11644
11650
11656
11664
11686
11712
11716
11748
11768
11788
11792
11802
11826
11832
11866
11874
11892
11902
11928
11946
11954
11958
11984
11994
11998
12002
12020
12062
12094
12112
12196
12210
12224
12238
12276
12278
12300
12310
12362
12368
12400
12414
12522
12534
12548
12558
12634
12658
12668
12670
12684
12718
12722
12728
12768
12772
12778
12810
12820
12862
12876
12894
12906
12912
12918
12938
12946
12956
12964
12972
12978
12990
13018
13044
13068
13070
13150
13214
13226
13244
13266
13274
13278
13290
13300
13328
13366
13380
13390
13422
13430
13500
13502
13514
13540
13548
13584
13590
13624
13684
13700
13722
13746
13758
13766
13768
13812
13814
13818
13824
13832
13864
13900
13918
13926
13944
13972
13978
13990
13992
14006
14056
14068
14074
14080
14116
14210
14234
14236
14266
14276
14300
14302
14314
14340
14348
14350
14380
14406
14414
14416
14454
14454
14476
14482
14482
14484
14494
14494
14496
14528
14530
14554
14566
14576
14578
14584
14586
14590
14594
14604
14622
14638
14638
14652
14654
14668
14690
14704
14704
14706
14716
14722
14726
14728
14732
14740
14740
14746
14748
14766
14774
14786
14792
14806
14806
14826
14826
14834
14842
14858
14860
14870
14874
14874
14892
14894
14896
14926
14928
14934
14940
14940
14952
14960
14966
14972
14972
14984
14986
14992
15000
15002
15002
15018
15022
15036
15044
15048
15054
15062
15066
15078
15080
15084
15094
15100
15106
15110
15110
15114
15116
15120
15122
15124
15128
15128
15132
15140
15142
15144
15146
15150
15154
15172
15174
15190
15190
15194
15204
15206
15208
15208
15214
15222
15224
15232
15232
15234
15238
15240
15242
15244
15248
15248
15252
15258
15262
15266
15266
15272
15288
15300
15314
15318
15318
15320
15322
15328
15330
15332
15342
15356
15356
15358
15364
15366
15380
15386
15402
15404
15418
15454
15460
15462
15472
15474
15474
15476
15488
15504
15510
15512
15518
15546
15558
15562
15576
15578
15586
15606
15612
15616
15624
15624
15630
15630
15634
15644
15664
15676
15692
15702
15712
15724
15732
15732
15742
15778
15782
15820
15850
15886
15954
16038
16046
16054
16084
16178
16238
16238
16270
16366
16370
16804
17214
17416
17606
17726
17976
18260
18402
18474
18656
18664
18808
18858
18924
19342
19342
19630
19778
19890
20276
20368
20758
21386
22016
22056
22186
22462
22656
22804
23224
23558
23594
23704
24068
24110
24118
24156
24170
24258
24424
24476
24534
24600
24618
24660
24750
24800
24824
24836
24858
24906
24982
25036
25626
26202
29458
30428
30460
32598
34404
34572
34980
35048
35568
40366
43046
45288
45584
271238
878540
10645050
