Latencies
5192
5192
5220
5224
5250
5258
5262
5262
5266
5268
5270
5270
5274
5276
5278
5286
5286
5292
5298
5298
5300
5300
5314
5320
5322
5336
5340
5340
5342
5344
5358
5360
5366
5370
5370
5374
5376
5384
5388
5388
5390
5392
5404
5410
5418
5422
5426
5428
5428
5428
5434
5448
5454
5462
5466
5470
5484
5490
5494
5500
5520
5526
5538
5552
5562
5564
5570
5590
5598
5604
5604
5612
5626
5628
5628
5632
5638
5644
5654
5666
5668
5670
5672
5678
5698
5698
5704
5710
5714
5724
5728
5730
5744
5756
5772
5776
5778
5786
5788
5788
5790
5790
5830
5856
5862
5864
5876
5890
5890
5896
5896
5898
5898
5906
5910
5944
5972
5976
5990
5992
6008
6022
6026
6056
6066
6066
6070
6086
6094
6122
6130
6132
6148
6174
6188
6194
6216
6218
6226
6236
6262
6342
6364
6372
6374
6424
6430
6432
6440
6448
6496
6504
6536
6570
6574
6574
6584
6602
6618
6626
6642
6646
6708
6722
6730
6774
6790
6816
6846
6848
6866
6900
6908
6972
6984
6988
7016
7034
7036
7048
7054
7054
7064
7092
7100
7138
7204
7260
7320
7370
7392
7420
7448
7460
7478
7514
7536
7550
7572
7594
7610
7626
7632
7662
7716
7730
7754
7776
7778
7790
7822
7838
7848
7852
7854
7858
7862
7922
7928
7978
7978
7988
8002
8004
8058
8058
8086
8142
8158
8202
8226
8234
8260
8260
8288
8294
8306
8326
8404
8410
8432
8442
8462
8466
8524
8530
8566
8630
8640
8682
8690
8722
8744
8762
8780
8794
8836
8842
8856
8868
8900
9010
9016
9036
9046
9054
9066
9082
9088
9106
9232
9246
9292
9340
9382
9394
9484
9488
9504
9528
9664
9690
9712
9718
9718
9746
9772
9774
9798
9870
9870
9882
9886
9890
9912
9918
9934
9950
10004
10042
10080
10134
10138
10236
10240
10308
10344
10344
10380
10418
10426
10458
10462
10462
10466
10498
10610
10622
10624
10630
10656
10674
10680
10704
10726
10738
10808
10822
10826
10858
10910
10940
10948
10988
11004
11032
11056
11060
11090
11108
11118
11126
11144
11150
11182
11226
11232
11306
11344
11360
11372
11390
11412
11422
11428
11448
11452
11508
11564
11574
11604
11616
11616
11622
11634
11640
11668
11678
11744
11782
11828
11832
11884
11942
11946
11994
12034
12036
12044
12074
12092
12120
12134
12142
12168
12206
12224
12282
12304
12358
12402
12444
12472
12474
12504
12620
12630
12654
12674
12684
12692
12696
12724
12738
12740
12788
12804
12808
12828
12866
12888
12894
12930
12940
12942
12978
12980
13074
13136
13140
13146
13158
13186
13188
13196
13204
13204
13224
13228
13282
13302
13342
13370
13392
13396
13434
13442
13492
13524
13536
13566
13576
13588
13594
13598
13608
13700
13740
13752
13754
13788
13796
13822
13834
13848
13876
13892
13898
13918
13972
13976
13980
14000
14008
14042
14044
14062
14064
14086
14108
14112
14146
14180
14180
14228
14300
14308
14318
14318
14336
14346
14356
14376
14382
14386
14392
14398
14410
14426
14428
14430
14452
14452
14468
14468
14478
14484
14500
14504
14522
14524
14526
14540
14542
14552
14594
14594
14598
14608
14612
14622
14652
14656
14660
14660
14662
14664
14682
14682
14688
14694
14696
14708
14722
14738
14750
14760
14770
14778
14794
14808
14832
14842
14850
14854
14854
14856
14860
14864
14870
14872
14878
14886
14898
14906
14914
14926
14928
14928
14930
14934
14936
14936
14936
14950
14960
14980
14982
14988
14992
15006
15018
15022
15030
15048
15054
15058
15064
15064
15068
15068
15074
15080
15102
15102
15144
15154
15160
15184
15188
15202
15212
15212
15216
15224
15226
15234
15242
15250
15254
15270
15276
15278
15280
15282
15292
15308
15344
15382
15382
15386
15388
15404
15408
15408
15412
15418
15422
15426
15428
15440
15466
15472
15474
15476
15486
15506
15508
15542
15586
15596
15598
15608
15610
15618
15672
15682
15696
15716
15774
15790
15800
15876
15902
15912
15918
16038
16042
16072
16076
16146
16162
16192
16200
16218
16238
16294
16406
16438
16526
16708
16716
16790
16878
17000
17016
17172
17282
17490
17578
17638
17638
17650
17688
17698
17996
18064
18162
18318
18388
18436
18484
18546
18566
18670
18858
18934
18934
19050
19152
19162
19188
19274
19342
19402
19426
19498
19566
19892
19956
20108
20182
20462
20636
20674
20740
20784
20928
21342
21552
21620
21734
21810
21814
21836
21866
21922
21946
21966
22022
22026
22070
22074
22208
22246
22582
22654
22664
22696
22706
22826
22838
22898
22974
23002
23096
23102
23246
23452
23464
23534
23708
23796
23810
23858
23896
23918
23934
23986
24052
24122
24124
24128
24140
24164
24166
24170
24182
24232
24258
24342
24392
24450
24480
24486
24506
24516
24528
24592
24614
24644
24658
24714
24728
24734
24784
24808
24818
24852
24880
24972
24980
24984
24998
25018
25022
25080
25112
25154
25282
25310
25358
25370
25414
25488
25492
25496
25510
25626
25670
25702
25818
25820
25834
25922
25930
26182
26234
26280
26290
26394
26482
26780
26838
26846
26846
26872
26924
26986
27028
27190
27270
27284
27370
27442
27458
27534
27572
27708
27716
27754
27754
27838
27844
27960
27980
28024
28032
28064
28164
28210
28240
28334
28338
28374
28378
28450
28590
29170
29172
29246
29506
29632
29702
29734
29872
29878
29894
30012
30048
30132
30140
30146
30158
30162
30172
30174
30386
30388
30538
30542
30592
30620
30786
30804
30814
30842
30860
30864
30960
30970
31022
31062
31098
31178
31206
31272
31330
31426
31440
31642
32006
32178
32278
32278
32302
32430
32610
32620
32796
32846
32888
32960
32966
33002
33004
33054
33076
33086
33086
33114
33126
33178
33354
33370
33440
33524
33568
33616
33618
33684
33776
33906
33924
34024
34036
34064
34086
34144
34162
34178
34206
34240
34268
34306
34314
34320
34330
34330
34370
34376
34390
34406
34408
34420
34430
34468
34542
34582
34626
34636
34652
34670
34692
34698
34762
34770
34856
34918
34964
34966
34990
35004
35026
35060
35076
35088
35092
35114
35114
35124
35140
35174
35230
35278
35294
35342
35364
35378
35400
35454
35560
35746
35796
35862
36786
37286
37292
38068
40426
43140
43164
43834
44234
44330
44562
44876
45474
49366
53378
53602
57618
75678
76998
238908
1011618
1854762
7348020
