Latencies
5206
5266
5298
5300
5316
5326
5330
5344
5348
5350
5356
5358
5360
5368
5376
5380
5388
5392
5394
5394
5400
5426
5428
5430
5440
5444
5444
5458
5464
5468
5468
5468
5470
5474
5478
5484
5488
5488
5500
5500
5508
5512
5516
5524
5524
5526
5530
5536
5542
5550
5552
5562
5572
5572
5574
5576
5578
5580
5582
5596
5596
5604
5604
5612
5614
5616
5632
5636
5640
5640
5642
5654
5666
5668
5674
5684
5684
5684
5690
5696
5700
5702
5708
5708
5724
5740
5742
5756
5758
5758
5778
5812
5812
5816
5838
5846
5848
5856
5860
5864
5864
5874
5892
5892
5898
5914
5918
5918
5924
5928
5936
5938
5944
5946
5950
5966
5970
5982
5982
5984
5986
5996
6012
6016
6022
6026
6026
6030
6032
6034
6040
6062
6086
6088
6088
6098
6100
6110
6114
6120
6128
6140
6144
6154
6172
6178
6188
6214
6218
6226
6282
6308
6314
6322
6324
6326
6328
6336
6364
6368
6370
6376
6386
6400
6410
6418
6448
6448
6454
6464
6472
6492
6508
6536
6548
6550
6556
6578
6590
6592
6600
6608
6632
6650
6680
6682
6696
6758
6774
6792
6800
6892
6894
6896
6914
6936
6950
6952
6966
6990
7006
7020
7020
7022
7078
7088
7100
7100
7112
7154
7160
7182
7216
7218
7270
7270
7286
7294
7328
7330
7330
7330
7360
7368
7386
7428
7480
7490
7496
7528
7564
7578
7582
7594
7598
7604
7622
7626
7646
7662
7672
7680
7700
7718
7720
7750
7776
7834
7876
7922
7924
7924
7940
7942
7954
7956
7996
8008
8010
8030
8082
8122
8142
8200
8246
8254
8258
8260
8282
8286
8336
8402
8406
8414
8476
8502
8526
8538
8540
8574
8582
8584
8592
8616
8706
8722
8754
8770
8770
8788
8790
8816
8818
8832
8842
8854
8866
8894
8900
8912
8924
8926
8938
8962
8966
8992
9012
9026
9054
9058
9074
9076
9088
9092
9102
9132
9142
9150
9168
9206
9232
9232
9236
9236
9268
9272
9272
9296
9314
9328
9334
9376
9378
9416
9422
9436
9444
9446
9452
9526
9536
9538
9548
9570
9590
9594
9596
9602
9638
9646
9664
9724
9740
9752
9758
9762
9762
9764
9770
9796
9800
9826
9832
9840
9864
9888
9926
9940
9942
9952
9958
9968
9980
9994
10008
10048
10056
10066
10072
10080
10080
10082
10088
10118
10128
10142
10152
10186
10186
10186
10224
10264
10266
10282
10292
10294
10314
10322
10338
10380
10398
10426
10466
10474
10490
10514
10532
10546
10560
10566
10588
10606
10612
10622
10626
10630
10634
10634
10638
10640
10640
10646
10656
10680
10682
10686
10720
10720
10724
10742
10746
10748
10766
10766
10768
10782
10796
10806
10822
10834
10840
10844
10868
10872
10874
10880
10902
10958
10966
10994
11006
11036
11046
11122
11126
11130
11132
11136
11164
11202
11208
11212
11216
11218
11218
11218
11220
11310
11316
11316
11320
11328
11330
11338
11348
11352
11356
11358
11370
11374
11396
11416
11446
11470
11478
11500
11504
11542
11544
11594
11604
11620
11644
11658
11664
11722
11762
11762
11764
11774
11780
11788
11792
11798
11804
11820
11846
11848
11872
11894
11898
11934
11974
11988
11992
11994
11998
12012
12022
12032
12032
12074
12076
12080
12100
12110
12118
12160
12160
12164
12218
12250
12260
12282
12294
12300
12322
12324
12360
12380
12390
12406
12414
12422
12446
12448
12458
12466
12482
12486
12490
12558
12564
12596
12598
12608
12614
12650
12664
12668
12688
12706
12708
12714
12720
12752
12754
12758
12772
12790
12818
12846
12868
12874
12888
12894
12902
12914
12946
12950
12956
12960
12966
12976
12982
12986
13002
13028
13036
13048
13048
13052
13054
13064
13078
13112
13128
13140
13144
13156
13158
13198
13210
13216
13226
13238
13250
13296
13308
13320
13322
13326
13326
13328
13346
13356
13366
13372
13376
13376
13378
13384
13388
13408
13410
13412
13436
13448
13472
13506
13510
13520
13522
13528
13544
13548
13548
13582
13604
13624
13652
13654
13664
13668
13672
13678
13686
13708
13732
13742
13760
13764
13768
13772
13794
13828
13836
13838
13874
13878
13880
13880
13910
13910
13916
13946
13970
13978
14012
14014
14038
14040
14066
14070
14086
14096
14126
14136
14164
14176
14202
14226
14230
14260
14266
14274
14300
14304
14304
14306
14316
14320
14322
14336
14344
14350
14368
14370
14376
14390
14398
14400
14430
14442
14444
14444
14474
14486
14492
14510
14516
14532
14538
14552
14568
14580
14586
14588
14590
14604
14606
14608
14612
14614
14630
14632
14654
14658
14672
14688
14692
14694
14696
14702
14710
14714
14716
14734
14734
14738
14740
14740
14748
14758
14760
14782
14792
14798
14808
14818
14828
14830
14836
14838
14842
14844
14854
14854
14854
14862
14870
14874
14876
14876
14882
14890
14892
14892
14894
14900
14902
14908
14912
14920
14930
14932
14938
14942
14952
14956
14962
14966
14974
14980
14982
14986
15000
15002
15008
15008
15022
15024
15032
15036
15038
15046
15052
15054
15056
15056
15056
15060
15060
15064
15064
15066
15068
15068
15068
15070
15074
15078
15080
15082
15090
15092
15096
15096
15098
15100
15104
15106
15112
15116
15116
15116
15122
15124
15128
15134
15136
15136
15138
15148
15158
15166
15170
15178
15190
15196
15198
15200
15206
15208
15210
15218
15222
15232
15234
15236
15256
15270
15274
15288
15300
15302
15304
15314
15324
15334
15336
15348
15356
15376
15378
15382
15388
15394
15396
15400
15408
15424
15430
15430
15448
15460
15460
15460
15464
15470
15480
15490
15500
15516
15520
15528
15530
15578
15586
15594
15624
15626
15664
15670
15676
15680
15704
15720
15754
15772
15772
15772
15792
15792
15808
15808
15860
15876
15882
15892
15960
15964
15976
15978
15990
15996
16000
16048
16078
16162
16502
16512
16610
16734
16844
17000
17284
18538
19490
19824
19900
20798
21136
22900
23796
24264
24278
24306
24432
24522
24752
24934
25390
26080
28812
42400
59860
86018
