Latencies
5016
5042
5052
5068
5080
5088
5100
5102
5108
5114
5116
5120
5126
5132
5134
5136
5140
5142
5142
5146
5158
5160
5160
5162
5164
5164
5164
5164
5166
5166
5168
5170
5172
5174
5174
5176
5178
5178
5180
5180
5182
5184
5184
5184
5186
5186
5188
5188
5188
5188
5190
5190
5190
5190
5194
5196
5200
5202
5208
5210
5212
5214
5214
5216
5216
5216
5216
5218
5218
5218
5218
5220
5220
5222
5222
5222
5222
5222
5224
5224
5226
5226
5228
5228
5230
5230
5232
5232
5232
5232
5232
5232
5232
5234
5234
5234
5236
5238
5238
5238
5238
5240
5240
5240
5240
5240
5242
5242
5242
5244
5244
5244
5244
5246
5246
5246
5246
5248
5248
5248
5252
5252
5252
5254
5254
5256
5256
5256
5256
5256
5258
5258
5258
5258
5258
5260
5260
5260
5262
5264
5264
5264
5264
5266
5266
5266
5268
5268
5270
5270
5270
5270
5272
5272
5272
5272
5274
5274
5274
5274
5274
5274
5276
5276
5278
5278
5278
5278
5278
5278
5278
5278
5280
5280
5280
5280
5280
5280
5282
5282
5282
5282
5282
5284
5284
5284
5284
5284
5284
5284
5284
5286
5286
5286
5286
5288
5288
5288
5290
5290
5290
5292
5292
5292
5292
5292
5294
5294
5294
5296
5296
5296
5298
5300
5300
5300
5300
5300
5300
5300
5300
5302
5302
5302
5302
5302
5302
5304
5304
5304
5304
5304
5304
5304
5304
5306
5306
5306
5306
5306
5308
5308
5308
5308
5308
5310
5310
5310
5310
5310
5310
5310
5310
5310
5310
5312
5312
5314
5314
5314
5314
5314
5316
5316
5316
5316
5316
5316
5316
5318
5318
5318
5320
5320
5320
5320
5320
5322
5322
5322
5322
5322
5322
5324
5324
5326
5326
5326
5326
5328
5328
5328
5328
5328
5330
5330
5330
5330
5330
5332
5332
5332
5332
5332
5334
5334
5334
5334
5334
5336
5336
5336
5336
5336
5338
5338
5338
5340
5340
5342
5342
5342
5342
5342
5342
5342
5344
5344
5344
5344
5348
5348
5348
5348
5348
5350
5350
5352
5352
5352
5352
5354
5356
5358
5358
5358
5358
5360
5360
5360
5360
5362
5362
5362
5362
5362
5362
5364
5364
5364
5366
5366
5366
5366
5368
5368
5368
5368
5370
5370
5372
5372
5374
5374
5374
5374
5376
5376
5378
5378
5378
5378
5378
5378
5380
5380
5380
5382
5382
5384
5386
5386
5388
5390
5390
5390
5390
5392
5392
5394
5400
5400
5404
5404
5404
5404
5406
5408
5408
5408
5408
5410
5410
5410
5412
5412
5412
5414
5414
5414
5414
5414
5414
5416
5416
5416
5418
5418
5418
5418
5420
5420
5420
5420
5422
5422
5422
5424
5424
5424
5428
5428
5430
5430
5430
5432
5434
5434
5436
5436
5436
5436
5436
5438
5440
5442
5442
5442
5444
5444
5444
5444
5446
5448
5448
5448
5450
5454
5456
5456
5456
5458
5460
5464
5464
5464
5464
5466
5466
5466
5468
5468
5470
5470
5472
5474
5474
5476
5476
5478
5478
5478
5478
5478
5480
5480
5482
5482
5482
5486
5490
5492
5492
5496
5498
5498
5500
5500
5500
5502
5504
5506
5506
5510
5510
5510
5514
5516
5516
5518
5518
5518
5522
5522
5524
5524
5526
5528
5528
5530
5530
5532
5532
5534
5534
5536
5536
5540
5540
5542
5542
5546
5548
5548
5548
5550
5552
5552
5554
5560
5562
5562
5562
5564
5566
5566
5568
5570
5570
5570
5572
5578
5578
5578
5580
5584
5584
5586
5588
5590
5594
5596
5596
5596
5600
5602
5604
5604
5604
5606
5608
5608
5608
5608
5610
5612
5616
5622
5622
5624
5626
5628
5632
5632
5634
5634
5636
5638
5638
5640
5650
5652
5652
5654
5654
5658
5666
5668
5668
5670
5670
5676
5680
5684
5686
5690
5694
5698
5700
5702
5702
5702
5704
5706
5710
5710
5710
5712
5714
5718
5720
5722
5724
5724
5724
5726
5728
5728
5730
5730
5730
5732
5732
5732
5736
5738
5740
5746
5746
5748
5748
5750
5752
5754
5756
5756
5758
5764
5768
5770
5772
5774
5774
5776
5776
5778
5778
5778
5780
5784
5786
5788
5788
5788
5792
5792
5794
5794
5794
5796
5796
5798
5798
5800
5804
5804
5806
5808
5808
5810
5810
5812
5814
5816
5820
5822
5824
5826
5830
5832
5836
5838
5840
5844
5846
5846
5848
5852
5856
5858
5860
5860
5860
5864
5866
5866
5866
5866
5870
5872
5878
5878
5882
5882
5884
5884
5884
5886
5888
5890
5890
5890
5892
5894
5896
5898
5900
5902
5904
5904
5908
5914
5914
5916
5918
5918
5918
5918
5918
5920
5922
5922
5924
5926
5926
5928
5928
5932
5932
5934
5934
5940
5940
5940
5940
5942
5946
5946
5946
5956
5960
5964
5966
5966
5966
5966
5968
5970
5970
5976
5976
5976
5978
5988
5990
5990
5996
5998
6002
6016
6020
6020
6020
6024
6024
6026
6030
6034
6036
6038
6038
6038
6040
6042
6046
6046
6052
6056
6062
6064
6066
6066
6068
6070
6072
6076
6078
6080
6086
6088
6102
6104
6110
6110
6112
6114
6116
6116
6134
6138
6140
6142
6144
6144
6144
6144
6144
6146
6146
6148
6152
6152
6160
6164
6168
6168
6170
6180
6180
6186
6186
6186
6188
6216
6216
6222
6228
6238
6246
6250
6256
6262
6264
6272
6292
6300
6314
6340
6424
6502
6520
6532
6544
6560
6584
6594
6600
6624
6676
6682
6714
6746
6772
6778
6780
6784
6838
6892
6912
6962
6968
6982
7046
7078
7092
7178
7196
7316
7352
7426
7498
7694
7716
7776
7934
7974
8050
8162
8470
8578
8706
9260
9718
9768
9924
10162
10344
11586
12152
12598
12734
12910
13106
13158
13266
13648
14056
14128
14156
14454
14722
14840
14892
15280
15920
16586
17092
17094
17160
17206
17662
18030
18982
19868
20274
20884
21212
21266
21546
22016
22124
22300
22526
22572
22642
22874
23378
23514
23918
25224
25386
26032
27752
28376
28404
28492
29960
30694
32120
33836
34170
35234
41306
43474
51196
52120
63016
73768
