Latencies
5302
5320
5326
5332
5338
5348
5352
5354
5354
5360
5362
5362
5364
5370
5378
5380
5382
5382
5384
5384
5384
5390
5394
5398
5400
5400
5402
5404
5404
5408
5410
5412
5414
5418
5420
5422
5422
5426
5436
5440
5440
5442
5446
5450
5458
5466
5470
5472
5472
5476
5478
5480
5482
5486
5490
5500
5506
5518
5518
5532
5540
5542
5544
5554
5564
5566
5566
5570
5570
5578
5588
5588
5598
5600
5602
5602
5606
5610
5614
5616
5620
5624
5630
5630
5640
5642
5650
5652
5666
5668
5670
5670
5674
5676
5696
5702
5702
5718
5722
5724
5726
5726
5730
5732
5736
5738
5746
5758
5768
5774
5776
5782
5786
5794
5798
5802
5802
5804
5808
5810
5812
5816
5818
5818
5842
5842
5850
5850
5852
5862
5864
5868
5884
5886
5888
5894
5898
5906
5910
5912
5914
5916
5920
5922
5924
5928
5934
5936
5942
5950
5962
5966
5974
5976
5984
5992
5998
6000
6014
6016
6026
6028
6038
6038
6046
6066
6070
6072
6072
6074
6084
6088
6090
6098
6102
6106
6112
6124
6124
6128
6132
6138
6150
6152
6170
6172
6174
6188
6196
6198
6204
6218
6220
6224
6242
6246
6254
6264
6284
6292
6292
6300
6322
6322
6346
6376
6380
6398
6430
6436
6442
6460
6462
6484
6496
6520
6568
6592
6628
6632
6648
6648
6650
6684
6690
6706
6742
6742
6748
6766
6782
6788
6816
6818
6820
6824
6862
6896
6896
6910
6910
6910
6924
6928
6932
6932
6934
6946
6950
6954
6956
6964
6968
6970
6986
6988
7006
7008
7064
7064
7078
7086
7096
7100
7110
7134
7142
7146
7168
7170
7176
7194
7214
7214
7230
7230
7230
7280
7318
7330
7358
7370
7376
7390
7418
7424
7434
7442
7456
7466
7472
7492
7510
7524
7530
7572
7614
7618
7628
7630
7644
7650
7672
7692
7696
7708
7728
7746
7748
7768
7784
7812
7816
7820
7830
7834
7836
7848
7852
7868
7890
7926
7928
7934
7940
7942
7966
7980
7988
8004
8026
8084
8108
8140
8150
8156
8158
8170
8188
8300
8306
8314
8342
8368
8372
8378
8400
8414
8416
8424
8436
8456
8488
8494
8544
8546
8592
8602
8604
8612
8626
8670
8716
8744
8754
8798
8798
8806
8818
8838
8862
8868
8880
8890
8904
8916
8930
8958
9002
9044
9060
9062
9080
9090
9124
9136
9162
9176
9188
9188
9192
9196
9210
9250
9252
9264
9276
9320
9322
9352
9366
9370
9370
9388
9422
9432
9438
9490
9496
9496
9552
9554
9572
9604
9680
9704
9712
9752
9754
9770
9806
9828
9844
9848
9866
9870
9878
9888
9898
9908
9924
9968
9984
9990
10000
10036
10064
10070
10070
10084
10092
10106
10112
10140
10152
10168
10174
10194
10206
10222
10242
10242
10268
10274
10308
10316
10336
10338
10350
10388
10452
10476
10478
10494
10536
10584
10584
10624
10688
10712
10716
10716
10716
10718
10728
10740
10742
10766
10804
10806
10852
10862
10872
10876
10898
10900
10902
10910
10934
10952
10972
10974
10992
11074
11094
11104
11108
11120
11150
11172
11176
11182
11210
11214
11216
11222
11238
11240
11254
11256
11260
11284
11312
11334
11352
11384
11410
11440
11468
11488
11492
11506
11520
11522
11552
11554
11560
11584
11630
11638
11640
11674
11698
11700
11700
11730
11734
11762
11774
11814
11834
11842
11882
11902
11906
11956
12014
12034
12046
12056
12080
12102
12124
12128
12142
12142
12154
12176
12200
12208
12226
12230
12232
12274
12292
12296
12300
12360
12360
12422
12426
12444
12452
12454
12460
12466
12484
12526
12542
12544
12568
12576
12578
12626
12628
12648
12652
12658
12664
12666
12688
12726
12734
12768
12778
12784
12794
12808
12842
12842
12844
12870
12870
12886
12902
12908
12932
12932
12938
12940
12954
12962
12986
13026
13028
13062
13108
13116
13122
13130
13132
13134
13154
13154
13206
13208
13208
13224
13246
13260
13282
13284
13290
13296
13304
13304
13328
13332
13342
13344
13346
13378
13386
13394
13410
13420
13426
13434
13436
13446
13446
13450
13452
13456
13476
13482
13490
13496
13560
13596
13604
13630
13634
13668
13688
13736
13744
13772
13804
13804
13832
13834
13844
13846
13870
13888
13900
13918
13920
13934
13946
13956
13968
13978
13982
13994
14012
14024
14066
14082
14108
14112
14114
14130
14150
14158
14160
14164
14172
14184
14196
14200
14214
14216
14218
14222
14228
14230
14234
14240
14264
14280
14284
14290
14300
14302
14328
14340
14344
14364
14364
14392
14400
14404
14412
14418
14420
14450
14450
14452
14458
14462
14470
14472
14478
14488
14490
14490
14522
14526
14528
14532
14532
14544
14546
14558
14560
14560
14568
14570
14584
14586
14596
14598
14600
14600
14620
14644
14650
14650
14652
14672
14674
14676
14682
14692
14694
14694
14708
14716
14716
14734
14756
14758
14762
14788
14794
14804
14806
14818
14818
14822
14832
14834
14840
14844
14850
14862
14866
14874
14878
14882
14886
14896
14904
14908
14910
14912
14914
14918
14918
14922
14928
14928
14928
14932
14934
14934
14940
14942
14954
14954
14954
14966
14966
14972
14974
14978
14984
14990
14994
15006
15006
15008
15026
15028
15034
15036
15038
15040
15040
15052
15054
15058
15064
15066
15068
15078
15088
15088
15090
15100
15118
15120
15126
15126
15134
15134
15136
15146
15150
15152
15156
15156
15168
15170
15174
15180
15182
15186
15196
15200
15218
15224
15226
15240
15246
15248
15256
15258
15262
15264
15272
15288
15296
15298
15304
15308
15312
15316
15316
15316
15324
15324
15324
15340
15350
15356
15370
15380
15412
15426
15446
15446
15446
15468
15474
15482
15508
15538
15548
15568
15620
15628
15636
15648
15652
15660
15690
15762
15774
15782
15794
15802
15840
15878
15962
15974
16176
16200
16254
16272
16364
17016
17664
18088
18134
18368
18568
18816
19180
19308
19504
19536
19748
20084
20606
20916
21152
21822
21960
22838
23216
23974
24036
24074
24156
24168
24344
24398
24518
24614
24714
25158
25162
26068
28078
31174
31962
32666
33310
33588
44546
44794
53504
818660
2410740
