Latencies
5236
5260
5288
5298
5298
5312
5312
5324
5332
5332
5342
5344
5348
5350
5350
5350
5358
5376
5400
5402
5404
5404
5418
5420
5426
5438
5438
5444
5446
5454
5454
5462
5476
5484
5488
5498
5500
5500
5512
5520
5526
5528
5528
5530
5534
5544
5544
5546
5556
5558
5560
5582
5594
5602
5616
5620
5620
5628
5632
5638
5642
5644
5646
5648
5656
5664
5666
5672
5684
5694
5718
5734
5736
5738
5744
5754
5756
5756
5758
5768
5774
5778
5780
5792
5800
5810
5818
5820
5850
5852
5852
5860
5864
5878
5878
5884
5884
5886
5902
5908
5910
5924
5928
5932
5946
5950
5960
5970
5984
5992
6000
6014
6024
6026
6026
6032
6036
6076
6076
6078
6080
6080
6080
6088
6098
6110
6118
6120
6126
6126
6136
6136
6138
6154
6160
6168
6182
6192
6192
6194
6196
6198
6202
6210
6212
6212
6224
6228
6228
6236
6242
6242
6246
6250
6268
6282
6296
6302
6304
6312
6352
6360
6360
6376
6376
6378
6384
6386
6394
6426
6426
6430
6442
6450
6460
6484
6486
6494
6498
6502
6510
6536
6554
6568
6584
6616
6618
6632
6636
6656
6678
6686
6704
6710
6716
6736
6754
6764
6766
6770
6776
6790
6808
6826
6846
6866
6866
6872
6878
6894
6896
6906
6908
6912
6916
6960
7008
7130
7134
7138
7154
7158
7166
7168
7184
7186
7226
7230
7230
7244
7294
7314
7318
7368
7378
7378
7408
7428
7448
7452
7508
7534
7548
7554
7556
7558
7596
7622
7630
7634
7648
7664
7686
7696
7700
7750
7762
7852
7864
7932
7938
7944
7960
7972
8006
8010
8042
8052
8058
8062
8114
8152
8172
8188
8212
8238
8274
8286
8290
8348
8356
8372
8374
8446
8452
8458
8464
8498
8508
8520
8540
8576
8584
8590
8590
8592
8596
8620
8652
8658
8670
8678
8684
8690
8692
8722
8724
8738
8762
8772
8784
8798
8808
8824
8830
8892
8916
8940
8966
9016
9030
9050
9086
9088
9104
9108
9110
9124
9126
9132
9140
9154
9164
9174
9198
9200
9210
9220
9220
9248
9256
9258
9258
9288
9350
9350
9360
9372
9376
9450
9456
9462
9472
9478
9484
9498
9506
9510
9522
9524
9532
9536
9564
9576
9578
9584
9584
9618
9618
9634
9676
9706
9718
9740
9788
9810
9830
9840
9846
9852
9858
9902
9916
9926
9942
9948
9974
9982
10008
10042
10052
10052
10060
10100
10102
10114
10118
10124
10136
10140
10150
10188
10202
10218
10248
10272
10306
10312
10326
10338
10344
10344
10348
10382
10386
10400
10478
10508
10512
10514
10518
10524
10534
10536
10550
10566
10608
10612
10614
10640
10664
10668
10674
10692
10696
10704
10734
10738
10768
10774
10808
10808
10808
10812
10816
10832
10844
10854
10858
10858
10876
10892
10918
10976
10994
11016
11024
11032
11036
11042
11080
11134
11148
11158
11160
11166
11206
11216
11242
11248
11266
11274
11280
11284
11310
11330
11336
11354
11372
11384
11384
11432
11436
11452
11456
11468
11488
11492
11504
11504
11518
11530
11534
11564
11572
11576
11584
11598
11654
11654
11664
11682
11688
11700
11720
11740
11756
11790
11832
11832
11848
11862
11906
11922
11926
11940
11972
11978
11998
12006
12016
12038
12050
12054
12066
12078
12088
12128
12150
12164
12180
12202
12208
12212
12250
12270
12284
12320
12322
12326
12340
12344
12354
12394
12422
12424
12428
12442
12442
12450
12460
12590
12620
12636
12652
12682
12700
12714
12730
12732
12776
12782
12834
12838
12868
12894
12910
12912
12934
12942
12950
12950
12986
12990
13010
13028
13034
13044
13044
13078
13098
13112
13132
13142
13164
13172
13174
13174
13190
13226
13226
13232
13242
13256
13256
13302
13314
13326
13354
13356
13356
13358
13382
13404
13408
13412
13430
13450
13454
13472
13478
13494
13502
13506
13526
13590
13616
13630
13640
13664
13666
13666
13708
13718
13722
13726
13728
13730
13738
13740
13742
13750
13754
13764
13766
13794
13812
13820
13830
13836
13876
13900
13908
13910
13910
13926
13944
13960
13962
13990
14024
14084
14090
14132
14174
14196
14212
14214
14220
14222
14234
14240
14250
14268
14272
14272
14286
14288
14288
14322
14342
14350
14356
14362
14380
14400
14406
14410
14426
14428
14436
14436
14440
14454
14458
14500
14526
14528
14532
14554
14558
14562
14562
14570
14580
14590
14612
14650
14658
14664
14668
14670
14704
14714
14722
14732
14736
14742
14744
14752
14760
14766
14774
14782
14782
14786
14786
14790
14792
14798
14798
14810
14816
14822
14824
14826
14830
14836
14838
14890
14900
14900
14902
14904
14908
14908
14920
14940
14950
14956
14958
14960
14960
14974
14982
14990
14994
14996
15014
15014
15014
15016
15020
15024
15032
15034
15036
15038
15042
15056
15062
15070
15072
15074
15086
15098
15100
15102
15108
15108
15116
15116
15118
15126
15132
15134
15136
15138
15150
15150
15156
15158
15168
15176
15186
15194
15196
15208
15208
15210
15216
15216
15234
15240
15244
15250
15258
15272
15272
15276
15304
15306
15312
15312
15316
15320
15328
15336
15350
15358
15360
15368
15370
15386
15388
15394
15420
15422
15428
15428
15432
15432
15446
15450
15452
15454
15476
15476
15480
15482
15492
15502
15502
15524
15528
15530
15536
15544
15564
15578
15596
15610
15616
15620
15626
15626
15626
15632
15650
15654
15668
15688
15692
15700
15702
15710
15710
15716
15736
15738
15746
15784
15792
15826
15872
15874
15874
15882
15910
15932
16046
16068
16098
16104
16112
16134
16182
16192
16198
16290
16312
16324
16352
16392
16454
16462
16626
16934
16982
17274
17326
17418
17624
17626
18034
18036
18366
18482
18754
18840
19004
19158
19358
19704
19884
20072
20390
20716
20926
20978
21062
21440
21562
21578
21666
21694
21754
21872
22328
22654
22668
23004
23466
23774
23794
24198
24206
24292
24416
24458
24464
24476
24510
24514
24558
24580
24588
24594
24746
24760
24788
24864
24876
24892
24960
24962
25284
25412
25520
25898
26042
27030
27094
27664
28268
28656
28962
29112
29786
31188
31538
31972
33122
33938
34968
35786
36736
38494
40858
43438
44496
48294
49568
73596
76882
78378
81272
937018
