Latencies
5126
5152
5166
5170
5178
5182
5182
5184
5188
5196
5196
5200
5200
5200
5204
5204
5206
5206
5208
5210
5214
5214
5220
5222
5222
5226
5226
5226
5232
5234
5234
5234
5238
5238
5238
5240
5242
5242
5244
5246
5248
5250
5252
5254
5256
5256
5258
5258
5258
5258
5260
5260
5264
5266
5266
5268
5270
5272
5274
5274
5276
5278
5278
5280
5280
5282
5284
5284
5284
5286
5286
5286
5286
5286
5288
5288
5290
5292
5292
5296
5296
5298
5298
5300
5300
5300
5302
5306
5308
5308
5310
5310
5312
5314
5314
5314
5314
5316
5316
5316
5316
5316
5316
5318
5320
5320
5320
5320
5322
5322
5322
5324
5324
5324
5324
5326
5328
5328
5328
5328
5328
5328
5328
5328
5328
5328
5330
5330
5330
5330
5330
5332
5332
5332
5334
5334
5336
5336
5336
5336
5336
5338
5338
5338
5338
5340
5340
5340
5340
5340
5342
5342
5342
5342
5342
5342
5342
5342
5342
5342
5346
5346
5346
5346
5350
5350
5350
5352
5352
5352
5352
5354
5354
5354
5354
5354
5354
5356
5356
5356
5358
5358
5358
5360
5360
5360
5360
5360
5360
5360
5362
5362
5362
5364
5364
5364
5364
5364
5366
5366
5368
5368
5368
5368
5368
5368
5370
5372
5372
5372
5374
5374
5376
5376
5376
5376
5378
5378
5380
5380
5380
5382
5382
5382
5382
5384
5384
5384
5384
5388
5388
5388
5392
5392
5394
5394
5394
5394
5396
5396
5398
5400
5400
5400
5400
5400
5402
5402
5404
5404
5404
5406
5406
5406
5406
5406
5406
5408
5410
5410
5412
5412
5412
5414
5414
5414
5414
5416
5418
5420
5420
5420
5420
5420
5422
5424
5424
5424
5424
5426
5426
5428
5428
5430
5430
5430
5432
5432
5432
5432
5434
5434
5434
5436
5438
5438
5438
5438
5438
5440
5440
5440
5442
5442
5444
5446
5446
5446
5448
5448
5448
5448
5448
5448
5450
5450
5450
5450
5450
5450
5452
5452
5452
5452
5452
5454
5454
5456
5458
5458
5458
5460
5460
5460
5460
5462
5462
5464
5464
5466
5466
5468
5468
5470
5474
5474
5474
5474
5476
5476
5478
5478
5478
5478
5480
5480
5480
5480
5480
5480
5482
5482
5482
5484
5484
5484
5486
5486
5486
5486
5486
5486
5488
5488
5490
5490
5492
5492
5492
5494
5494
5496
5496
5496
5496
5496
5496
5496
5498
5498
5498
5498
5498
5498
5498
5500
5500
5500
5500
5502
5504
5504
5504
5504
5506
5508
5508
5508
5508
5510
5510
5510
5512
5514
5514
5514
5516
5516
5516
5516
5518
5518
5518
5520
5520
5520
5520
5522
5522
5522
5526
5526
5526
5528
5528
5530
5530
5532
5534
5534
5534
5536
5538
5540
5540
5540
5540
5540
5542
5542
5542
5542
5542
5542
5544
5546
5546
5548
5548
5552
5554
5554
5554
5554
5556
5556
5556
5556
5558
5558
5558
5560
5560
5560
5560
5560
5560
5562
5562
5562
5564
5564
5564
5564
5566
5568
5568
5568
5572
5572
5572
5574
5574
5574
5576
5576
5578
5578
5578
5580
5580
5582
5584
5584
5584
5584
5586
5586
5586
5588
5590
5590
5590
5592
5592
5596
5598
5598
5598
5602
5602
5604
5606
5606
5606
5606
5606
5610
5612
5614
5614
5616
5616
5618
5618
5622
5624
5624
5624
5626
5626
5626
5626
5626
5628
5628
5628
5630
5632
5632
5632
5636
5636
5636
5638
5638
5640
5640
5642
5646
5646
5648
5650
5650
5652
5652
5652
5654
5654
5656
5656
5656
5658
5660
5664
5664
5666
5670
5670
5672
5678
5684
5686
5688
5688
5690
5690
5690
5690
5690
5694
5696
5696
5698
5698
5700
5700
5700
5702
5706
5706
5708
5708
5710
5710
5710
5712
5712
5712
5714
5716
5720
5720
5722
5724
5724
5724
5728
5730
5730
5730
5734
5734
5736
5738
5740
5742
5742
5742
5744
5746
5752
5754
5754
5756
5756
5756
5758
5764
5768
5772
5772
5776
5778
5778
5780
5782
5784
5784
5786
5788
5788
5788
5788
5790
5790
5790
5790
5794
5794
5796
5796
5798
5800
5802
5804
5806
5806
5810
5812
5814
5814
5818
5820
5822
5826
5826
5828
5828
5828
5834
5836
5838
5838
5842
5842
5844
5848
5848
5850
5850
5852
5854
5854
5854
5856
5860
5860
5860
5862
5862
5862
5862
5862
5864
5864
5866
5868
5870
5872
5872
5872
5874
5876
5884
5886
5892
5902
5902
5904
5904
5906
5906
5910
5910
5912
5914
5916
5916
5918
5918
5920
5924
5926
5930
5932
5934
5936
5940
5942
5942
5942
5952
5954
5958
5960
5962
5962
5968
5968
5970
5972
5974
5976
5976
5980
5984
5986
5988
5992
5996
5996
5998
6000
6002
6004
6010
6010
6014
6014
6016
6016
6020
6022
6022
6024
6024
6024
6028
6028
6030
6034
6036
6036
6036
6040
6042
6046
6058
6068
6068
6068
6070
6072
6072
6076
6082
6082
6084
6088
6092
6094
6102
6104
6106
6110
6110
6114
6116
6116
6120
6138
6138
6144
6152
6156
6158
6164
6176
6178
6180
6184
6184
6188
6194
6194
6198
6204
6216
6216
6220
6222
6222
6224
6248
6260
6270
6270
6276
6280
6280
6282
6282
6284
6286
6290
6298
6310
6330
6338
6342
6344
6346
6360
6368
6374
6404
6408
6410
6416
6426
6436
6438
6448
6452
6452
6458
6460
6464
6484
6486
6488
6508
6578
6662
6672
6692
6702
6710
6714
6716
6724
6786
6824
6936
6938
6958
7010
7118
7158
7192
7224
7250
7304
7370
7432
7456
7520
7742
7920
8038
8284
8316
8422
8592
8752
9142
9528
9714
10100
10104
10300
10428
10644
10670
10774
10796
11008
11080
11164
11182
11228
11240
11518
11732
12170
12316
12658
12826
13038
13488
13572
13726
13952
14662
14670
14928
15326
15512
16014
16120
16190
16460
16676
16714
17084
17090
17268
17332
17792
18260
18410
18558
18760
19510
19986
20104
20180
20862
21304
22632
23282
23630
23644
23918
24190
24242
24398
24848
24960
25794
25834
27100
27322
27752
27850
27948
28088
28646
29826
30174
31076
31180
31484
32264
32302
33588
34556
34592
35006
35356
35762
35906
36368
36422
36650
51322
61760
65298
77264
