Latencies
5102
5134
5154
5158
5160
5164
5174
5174
5176
5178
5178
5178
5184
5188
5190
5192
5194
5194
5198
5200
5200
5202
5204
5206
5206
5206
5208
5208
5208
5210
5210
5214
5214
5216
5216
5220
5220
5224
5226
5228
5228
5228
5232
5236
5238
5238
5240
5240
5244
5244
5244
5246
5248
5248
5250
5250
5252
5256
5256
5258
5258
5260
5260
5260
5262
5262
5264
5264
5268
5270
5274
5274
5274
5276
5278
5280
5280
5280
5282
5282
5284
5284
5284
5284
5286
5288
5292
5292
5294
5296
5296
5298
5302
5302
5306
5308
5308
5310
5312
5316
5316
5318
5318
5320
5320
5322
5322
5322
5322
5322
5324
5326
5326
5326
5326
5328
5328
5330
5330
5332
5332
5332
5334
5336
5336
5336
5336
5338
5338
5338
5338
5338
5338
5340
5340
5340
5340
5342
5342
5342
5342
5344
5344
5346
5348
5350
5350
5350
5350
5352
5352
5352
5352
5352
5352
5354
5354
5354
5354
5356
5356
5356
5356
5356
5356
5358
5358
5358
5358
5358
5358
5358
5360
5360
5360
5360
5360
5362
5362
5362
5362
5362
5364
5364
5364
5366
5366
5366
5366
5366
5368
5368
5368
5368
5368
5370
5370
5370
5370
5372
5372
5372
5372
5372
5374
5374
5374
5374
5374
5374
5374
5376
5376
5378
5378
5378
5378
5378
5378
5380
5380
5380
5380
5380
5382
5382
5382
5382
5384
5384
5384
5384
5384
5384
5386
5386
5386
5388
5390
5390
5390
5390
5390
5390
5392
5392
5392
5392
5392
5394
5394
5394
5394
5394
5396
5396
5396
5396
5398
5398
5398
5398
5400
5400
5400
5400
5402
5402
5402
5404
5404
5404
5404
5406
5406
5406
5406
5406
5408
5408
5408
5408
5408
5408
5408
5408
5408
5410
5410
5410
5410
5410
5410
5410
5412
5412
5414
5414
5414
5416
5416
5416
5416
5416
5416
5418
5418
5422
5422
5422
5422
5422
5422
5422
5424
5424
5424
5424
5426
5426
5426
5426
5428
5428
5428
5430
5430
5430
5430
5432
5432
5432
5434
5434
5434
5434
5434
5434
5434
5434
5436
5436
5436
5436
5436
5438
5438
5440
5440
5442
5442
5442
5442
5444
5444
5444
5446
5446
5446
5448
5448
5448
5450
5450
5450
5450
5450
5450
5450
5450
5450
5452
5454
5454
5454
5454
5454
5456
5456
5456
5456
5456
5458
5460
5460
5460
5460
5460
5462
5462
5464
5464
5464
5466
5466
5466
5466
5468
5468
5468
5470
5470
5472
5472
5472
5472
5472
5474
5474
5474
5474
5474
5476
5476
5478
5480
5482
5482
5482
5484
5486
5486
5486
5486
5486
5488
5488
5488
5490
5490
5490
5490
5490
5490
5492
5496
5498
5498
5500
5500
5500
5500
5502
5504
5504
5504
5504
5506
5506
5506
5506
5508
5508
5508
5508
5510
5510
5510
5512
5512
5512
5512
5514
5514
5514
5516
5516
5516
5518
5518
5518
5518
5518
5520
5520
5520
5522
5522
5522
5524
5524
5526
5528
5528
5528
5532
5532
5532
5532
5532
5532
5532
5534
5540
5542
5542
5546
5548
5548
5548
5550
5550
5552
5558
5560
5560
5560
5560
5560
5562
5562
5566
5570
5572
5572
5572
5574
5576
5576
5576
5578
5580
5582
5590
5592
5594
5594
5598
5600
5608
5608
5610
5610
5610
5612
5612
5614
5616
5618
5620
5620
5622
5622
5622
5624
5624
5624
5626
5626
5628
5628
5628
5630
5634
5634
5638
5638
5638
5642
5642
5642
5642
5646
5646
5648
5648
5648
5650
5652
5654
5654
5656
5656
5656
5660
5660
5660
5662
5662
5664
5666
5668
5672
5672
5674
5676
5676
5676
5678
5678
5680
5682
5684
5686
5686
5686
5686
5688
5690
5690
5694
5694
5694
5696
5698
5704
5710
5710
5712
5716
5716
5718
5718
5720
5722
5722
5724
5724
5726
5730
5730
5730
5730
5734
5736
5740
5740
5742
5742
5744
5744
5744
5746
5748
5750
5754
5754
5756
5756
5758
5758
5758
5758
5762
5762
5762
5768
5768
5772
5780
5786
5788
5788
5792
5792
5794
5794
5796
5796
5798
5800
5804
5804
5808
5808
5810
5814
5814
5818
5820
5820
5822
5824
5826
5826
5830
5830
5832
5834
5838
5838
5840
5840
5840
5840
5840
5844
5850
5850
5852
5852
5852
5856
5856
5858
5860
5862
5862
5864
5872
5876
5876
5880
5886
5886
5888
5890
5892
5892
5898
5902
5902
5904
5904
5904
5908
5908
5910
5912
5912
5912
5912
5916
5918
5920
5922
5924
5926
5928
5932
5934
5938
5942
5944
5946
5956
5960
5960
5964
5966
5966
5968
5970
5974
5976
5976
5984
5992
5994
6004
6004
6008
6016
6020
6020
6022
6024
6024
6026
6028
6030
6032
6036
6036
6038
6040
6044
6044
6048
6048
6050
6052
6054
6054
6054
6054
6058
6060
6064
6068
6068
6070
6070
6070
6072
6076
6080
6082
6082
6082
6084
6088
6088
6090
6096
6100
6104
6106
6106
6108
6108
6110
6110
6114
6116
6120
6122
6122
6124
6126
6126
6130
6130
6130
6132
6142
6150
6150
6152
6154
6160
6160
6172
6176
6178
6184
6186
6192
6192
6196
6198
6198
6214
6218
6226
6230
6236
6238
6240
6242
6246
6250
6250
6250
6258
6280
6294
6300
6300
6304
6304
6304
6316
6332
6334
6350
6352
6360
6362
6366
6382
6386
6386
6388
6388
6396
6408
6418
6420
6436
6438
6446
6458
6486
6504
6528
6556
6574
6612
6628
6662
6668
6676
6704
6748
6756
6800
6814
6838
6844
6874
6900
6922
6928
6972
6978
7020
7126
7152
7166
7196
7400
7612
7804
8078
8176
8296
8516
8520
8590
8784
8818
8850
8886
8930
8934
9010
9198
10138
10172
10512
10634
10636
10714
10732
11258
11344
11562
11782
12268
12324
12616
12736
13112
13486
13588
13596
13664
14598
14634
14766
14784
14982
15042
15188
15212
15260
15300
15820
15930
16430
16894
16932
17226
17922
18754
18988
19352
19744
20222
20906
21666
21746
22092
22120
22342
22536
22848
23270
23884
23940
24064
24958
25382
25826
25932
25986
26634
26714
27838
28268
28878
29308
29490
31166
31992
32278
32904
32908
34310
35034
36112
37012
37586
39548
39942
45712
53332
53928
79622
