Latencies
5310
5558
5664
5666
5750
5756
5896
5956
5958
5970
6060
6088
6114
6144
6230
6256
6278
6376
6692
6708
6780
6852
7100
7236
7306
7398
7498
7802
7946
8328
8372
8438
8912
8982
9180
9340
9388
9518
9520
9680
9966
10236
10254
10342
10528
10652
10760
10994
11126
11340
11484
11510
11638
11778
11828
11968
11974
12028
12240
12332
12460
12518
12530
12546
12584
12926
13172
13264
13342
13360
13404
13556
13700
14058
14128
14172
14194
14268
14330
14358
14390
14444
14468
14584
14646
14736
14868
14894
14894
14960
14984
15004
15006
15116
15156
15374
15380
15420
15450
15476
15494
15530
15548
15688
15748
15758
15798
15802
15812
15830
15844
15906
16026
16040
16058
16072
16128
16212
16218
16228
16242
16372
16456
16484
16576
16590
16660
16802
16856
16920
16924
16948
17042
17126
17144
17194
17200
17224
17236
17276
17306
17440
17448
17552
17578
17596
17598
17628
17694
17924
17970
18050
18066
18092
18096
18102
18168
18184
18186
18196
18236
18284
18288
18294
18336
18506
18554
18688
18718
18734
18794
18856
18928
18988
19004
19008
19044
19192
19210
19226
19246
19302
19364
19408
19418
19496
19500
19508
19560
19612
19730
19792
19856
19858
19868
19930
20084
20134
20180
20212
20476
20486
20510
20530
20568
20588
20596
20596
20632
20638
20696
21078
21102
21134
21178
21202
21212
21274
21430
21500
21536
21584
21726
21804
21848
21864
21880
21908
21954
21966
22062
22078
22096
22234
22258
22346
22454
22490
22508
22520
22538
22558
22600
22624
22712
22712
22788
22792
22844
22976
22976
22988
22990
23054
23088
23156
23172
23230
23248
23276
23372
23468
23498
23510
23540
23638
23638
23670
23734
23758
23762
23780
23808
23836
23910
23918
23964
24126
24176
24240
24256
24294
24300
24304
24348
24398
24402
24434
24434
24440
24444
24448
24494
24504
24524
24620
24626
24674
24712
24752
24758
24790
24798
24842
24846
24850
24928
24962
24966
24976
25000
25022
25052
25072
25102
25124
25192
25192
25212
25256
25256
25260
25270
25298
25332
25354
25410
25414
25434
25440
25468
25492
25504
25540
25546
25572
25620
25632
25632
25656
25658
25660
25728
25762
25774
25806
25816
25818
25868
25870
25888
25910
25964
25992
26008
26028
26050
26074
26082
26100
26102
26124
26126
26160
26242
26276
26298
26348
26352
26410
26442
26482
26484
26502
26532
26558
26602
26612
26800
26806
26808
26864
26888
27006
27128
27176
27234
27236
27258
27298
27312
27384
27434
27446
27468
27514
27608
27638
27792
27826
27840
27896
27916
28022
28108
28216
28286
28360
28438
28486
28540
28542
28668
28692
28712
28738
28800
28810
28850
28886
29036
29050
29104
29106
29142
29214
29308
29336
29360
29386
29600
29634
29688
29710
29718
29756
29780
29810
29846
29862
29880
29884
29886
29918
29970
30000
30046
30160
30300
30330
30376
30416
30518
30524
30560
30732
30794
30914
30928
30950
30964
31064
31098
31134
31136
31144
31190
31222
31238
31276
31378
31464
31466
31474
31492
31508
31536
31536
31786
31804
31856
31862
31866
31906
31916
31990
32130
32166
32166
32196
32204
32222
32240
32246
32374
32398
32404
32404
32446
32448
32462
32492
32508
32534
32546
32624
32632
32638
32640
32642
32650
32696
32708
32710
32746
32782
32864
32914
32970
33006
33026
33032
33062
33080
33090
33106
33154
33170
33268
33274
33290
33296
33372
33378
33410
33472
33476
33476
33482
33528
33550
33558
33616
33628
33640
33652
33692
33748
33764
33802
33814
33830
33874
33898
33898
33946
33950
34030
34040
34076
34080
34088
34148
34160
34168
34194
34242
34254
34414
34426
34430
34432
34438
34446
34452
34462
34510
34522
34554
34568
34570
34608
34620
34682
34694
34708
34724
34724
34760
34760
34768
34796
34814
34844
34852
34866
34900
34906
34908
34950
34962
35010
35032
35032
35060
35082
35110
35150
35156
35182
35214
35258
35340
35356
35384
35386
35456
35494
35536
35568
35620
35694
35700
35702
35800
35916
35956
35988
36000
36070
36116
36200
36216
36234
36264
36356
36504
36518
36600
36632
36682
36736
36776
36858
37056
37174
37364
37434
37636
37652
37832
37926
38038
38132
38170
38210
38382
38480
38524
38600
38798
38918
38926
38942
39102
39114
39138
39174
39330
39384
39440
39518
39662
39682
39696
39716
39770
40094
40454
40532
40568
40576
40610
40634
40690
40700
40720
40798
40914
40996
41084
41218
41262
41276
41542
41582
41724
41846
41898
41998
42416
42442
42450
42508
42580
42808
42956
43020
43188
43264
43308
43402
43402
43408
43516
43628
43672
43690
43696
43726
43756
43768
43844
43868
43928
43988
43996
44064
44164
44188
44248
44322
44324
44342
44344
44354
44378
44476
44488
44528
44530
44542
44622
44738
44838
44854
44862
45048
45062
45078
45100
45102
45150
45296
45322
45366
45402
45404
45574
45756
45772
45776
45890
45984
46024
46082
46114
46142
46310
46360
46384
46570
46930
46954
47122
47238
47302
47358
47682
47774
47894
47916
48200
48232
48286
48876
48934
49108
49124
49124
49144
49260
49304
49478
49882
49886
49920
49922
50006
50026
50030
50136
50148
50244
50702
50796
50816
51060
51100
51228
51244
51354
51518
51686
51924
51950
51986
52120
52166
52190
52234
52248
52286
52374
52390
52540
52556
52628
52706
52770
52840
52914
52960
52994
53002
53030
53068
53200
53200
53234
53302
53376
53378
53406
53412
53420
53478
53486
53534
53540
53620
53758
53784
53884
53884
53896
53922
53958
53986
54146
54152
54158
54200
54214
54234
54248
54282
54294
54328
54332
54334
54356
54408
54424
54426
54434
54464
54474
54552
54692
54724
54738
54792
54796
54830
54954
55020
55090
55118
55232
55358
55458
55498
55878
56010
56968
57078
57426
57906
57952
58388
58908
59318
59446
59454
59744
60192
60752
61174
61292
61380
61724
61772
61942
62444
62598
62676
62704
62794
62842
63466
63574
63906
63912
64284
65474
66074
66078
66368
66458
67156
67868
68156
68218
68938
69950
70302
70796
72430
73010
73152
73554
74304
74346
74524
74972
75130
75208
84378
84416
84528
91210
95846
97504
110328
113408
119672
137308
187388
195138
279212
282314
303970
371066
407092
629684
2509866
3258152
4483000
