Latencies
5226
5330
5360
5396
5400
5438
5534
5534
5544
5570
5574
5588
5658
5660
5756
5806
5810
5814
5836
5862
5864
5922
5936
5968
5994
5994
6004
6100
6104
6138
6152
6166
6202
6206
6224
6232
6242
6248
6266
6374
6384
6398
6408
6420
6430
6440
6456
6480
6586
6588
6594
6800
6802
6808
6838
6868
6880
6882
6900
6900
6928
6928
6976
7042
7116
7152
7176
7192
7194
7244
7262
7272
7294
7342
7386
7524
7524
7630
7630
7640
7734
7744
7768
7796
7838
7876
7930
7944
7974
8014
8076
8138
8140
8198
8208
8212
8226
8274
8274
8296
8306
8374
8440
8548
8698
8740
8756
8774
8774
8776
8862
8868
8888
8904
8974
8996
9018
9024
9040
9062
9088
9094
9222
9244
9396
9580
9582
9696
9712
9728
9772
9794
9828
9846
9868
9902
9906
10034
10048
10052
10090
10168
10270
10374
10432
10434
10462
10462
10538
10548
10568
10582
10588
10590
10642
10650
10670
10692
10706
10724
10966
10982
11000
11144
11150
11156
11214
11252
11340
11370
11422
11458
11494
11544
11558
11560
11582
11606
11650
11682
11694
11752
11756
11774
11812
11822
11836
11842
11906
11910
11920
11976
11992
12018
12050
12066
12100
12116
12130
12146
12156
12292
12348
12398
12408
12436
12470
12568
12598
12602
12638
12654
12680
12772
12788
12834
12856
12866
12902
12904
13170
13182
13240
13306
13352
13416
13484
13512
13562
13708
13726
13798
13816
13822
13934
13934
14000
14026
14034
14044
14044
14088
14164
14166
14166
14168
14248
14250
14252
14264
14268
14342
14346
14350
14350
14384
14402
14412
14424
14432
14434
14438
14440
14460
14472
14478
14494
14498
14498
14504
14512
14530
14532
14546
14550
14584
14642
14646
14656
14672
14674
14678
14682
14682
14688
14702
14708
14720
14724
14750
14768
14772
14778
14790
14802
14804
14820
14850
14850
14858
14868
14868
14896
14904
14910
14914
14918
14942
14958
14962
14968
15000
15008
15014
15016
15022
15024
15024
15026
15028
15034
15034
15044
15046
15050
15052
15054
15058
15058
15058
15076
15082
15084
15096
15104
15108
15108
15118
15134
15142
15146
15156
15158
15170
15174
15180
15182
15190
15194
15208
15220
15236
15236
15256
15274
15280
15280
15284
15300
15312
15316
15338
15350
15404
15418
15426
15432
15442
15466
15466
15470
15470
15490
15494
15502
15510
15526
15534
15540
15544
15552
15552
15578
15580
15648
15662
15666
15678
15792
15800
15806
15830
15868
15886
15898
15928
15938
15946
16006
16034
16060
16104
16108
16144
16168
16174
16296
16324
16330
16332
16336
16344
16346
16384
16386
16394
16398
16428
16436
16496
16540
16544
16578
16580
16596
16610
16678
16724
16730
16768
16772
16798
16874
16918
17042
17074
17080
17126
17194
17264
17272
17362
17500
17552
17552
17634
17642
17648
17698
17758
17764
17784
17844
17844
17926
17972
17974
18024
18116
18172
18266
18298
18322
18330
18364
18368
18392
18428
18568
18598
18618
18742
18746
18752
18812
18970
18974
19108
19160
19190
19234
19248
19250
19352
19398
19428
19458
19484
19532
19582
19622
19630
19720
19720
19772
19868
19874
19910
20148
20162
20180
20204
20222
20224
20388
20404
20430
20536
20570
20582
20606
20744
20822
20900
20930
20944
20962
20984
21170
21258
21334
21370
21444
21468
21478
21566
21628
21670
21674
21738
21744
21962
21978
21994
22030
22088
22218
22222
22226
22240
22438
22458
22458
22480
22502
22520
22556
22596
22600
22690
22706
22728
22742
22746
22752
22756
22778
22784
22794
22806
22922
23010
23056
23086
23090
23138
23206
23424
23504
23546
23560
23588
23602
23670
23724
23726
23734
23752
23788
23860
23922
23928
23998
24006
24042
24046
24048
24058
24090
24158
24188
24228
24266
24268
24272
24288
24310
24318
24334
24352
24354
24394
24398
24416
24438
24484
24522
24558
24568
24574
24586
24602
24604
24606
24614
24626
24650
24658
24672
24680
24690
24732
24782
24874
24876
24886
24918
24984
24986
24992
25012
25020
25058
25072
25078
25086
25092
25124
25128
25154
25172
25180
25238
25278
25304
25326
25366
25388
25396
25398
25416
25430
25444
25456
25482
25512
25520
25576
25622
25658
25692
25714
25724
25750
25754
25810
25838
25844
25866
25874
25938
25970
25974
25994
26026
26028
26046
26092
26120
26182
26218
26220
26220
26252
26392
26480
26480
26576
26650
26670
26744
26860
26860
26946
27002
27042
27174
27228
27266
27270
27280
27294
27306
27318
27350
27360
27424
27430
27444
27456
27500
27612
27654
27776
27788
27908
27922
27944
27958
28002
28112
28214
28226
28316
28356
28394
28508
28552
28626
28656
28658
28664
28716
28760
28892
28900
28916
28966
28974
29152
29252
29296
29304
29346
29350
29398
29434
29448
29488
29504
29518
29556
29616
29640
29654
29704
29708
29738
29762
29774
29872
29874
29896
29920
30012
30038
30102
30110
30164
30188
30334
30404
30432
30444
30536
30610
30650
30660
30660
30676
30702
30704
30708
30748
30760
30772
30774
30812
30896
31066
31100
31192
31196
31310
31340
31344
31348
31436
31452
31476
31518
31586
31602
31850
31892
31892
31932
31956
31980
31998
32282
32354
32378
32388
32512
32534
32542
32590
32616
32624
32670
32710
32734
32760
32792
32990
33100
33134
33180
33192
33266
33282
33330
33368
33424
33460
33484
33494
33530
33538
33574
33594
33594
33600
33656
33658
33794
33802
33816
33834
33836
33838
33846
33886
33890
33890
33900
33908
33926
33928
33936
33938
33988
34014
34020
34022
34030
34042
34048
34048
34078
34082
34110
34120
34134
34166
34190
34196
34216
34224
34242
34280
34286
34294
34306
34404
34408
34432
34450
34450
34452
34468
34472
34472
34478
34498
34510
34512
34512
34524
34526
34542
34562
34578
34594
34634
34640
34640
34642
34650
34658
34666
34680
34716
34742
34762
34768
34798
34810
34826
34846
34854
34894
34898
34920
35026
35076
35082
35158
35186
35222
35234
35244
35288
35312
35358
35362
35394
35522
35534
35602
35648
35752
35766
35822
36008
36058
36296
37132
37218
37438
38210
38358
38860
40032
40202
40382
40556
40820
42514
42956
43290
43488
43500
43560
44032
44096
44516
44596
44604
45058
46398
48236
48280
49696
50016
50320
51510
52576
53236
53348
53984
53992
54824
55792
57800
62078
64868
73896
74794
84462
88790
95726
105250
106338
119456
127608
131196
198770
272056
