Latencies
5306
5414
5434
5450
5458
5464
5492
5504
5514
5516
5568
5570
5618
5624
5640
5670
5682
5716
5728
5744
5788
5866
5872
5892
5900
5920
5926
6078
6112
6114
6132
6148
6168
6184
6196
6212
6244
6248
6268
6412
6418
6432
6454
6484
6532
6552
6580
6624
6628
6776
6794
6816
6896
6952
7026
7074
7092
7120
7134
7144
7190
7236
7260
7268
7326
7346
7382
7438
7452
7476
7486
7488
7518
7576
7596
7616
7630
7630
7638
7640
7642
7742
7796
7826
7832
7886
7960
8010
8022
8042
8044
8104
8110
8114
8116
8118
8152
8172
8214
8216
8252
8364
8372
8390
8424
8456
8464
8522
8548
8552
8594
8600
8602
8610
8618
8626
8692
8712
8784
8788
8832
8858
8860
8872
8900
8924
8976
8980
9002
9020
9020
9040
9050
9112
9150
9168
9176
9226
9230
9244
9282
9292
9306
9328
9360
9422
9436
9460
9462
9472
9472
9486
9546
9596
9596
9602
9610
9624
9628
9694
9728
9730
9776
9788
9802
9856
9868
9932
9932
10036
10042
10046
10080
10112
10116
10122
10144
10156
10160
10180
10180
10194
10194
10282
10290
10352
10378
10400
10486
10542
10568
10622
10634
10656
10658
10666
10702
10720
10740
10762
10782
10784
10784
10816
10832
10848
10858
10858
10874
10890
10894
10950
11066
11082
11114
11130
11148
11152
11228
11252
11272
11280
11290
11306
11306
11336
11340
11354
11376
11400
11404
11432
11450
11476
11596
11652
11658
11672
11678
11684
11694
11696
11732
11814
11848
11852
11876
11902
11916
11916
11930
11948
11964
12060
12134
12176
12200
12242
12248
12262
12340
12412
12426
12466
12490
12542
12566
12592
12614
12662
12764
12796
12796
12810
12816
12844
12878
12882
12950
12994
13022
13044
13128
13166
13226
13230
13232
13288
13298
13356
13366
13414
13424
13432
13434
13438
13448
13520
13548
13600
13626
13630
13678
13722
13764
13778
13782
13846
13854
13892
13904
13908
14014
14016
14092
14132
14132
14136
14144
14144
14170
14178
14198
14226
14242
14254
14264
14272
14286
14304
14306
14358
14360
14372
14372
14372
14382
14386
14394
14396
14398
14406
14408
14414
14424
14424
14438
14450
14464
14490
14496
14498
14500
14502
14518
14544
14560
14564
14572
14574
14582
14584
14584
14586
14592
14614
14614
14614
14618
14642
14650
14656
14658
14658
14664
14668
14670
14670
14680
14680
14682
14684
14684
14686
14686
14696
14696
14716
14718
14718
14718
14722
14730
14740
14742
14742
14746
14746
14746
14750
14754
14758
14760
14762
14764
14764
14770
14770
14774
14774
14776
14778
14780
14784
14786
14786
14788
14788
14792
14794
14798
14798
14802
14804
14810
14810
14810
14814
14830
14830
14834
14834
14836
14846
14846
14852
14858
14858
14860
14868
14870
14872
14884
14888
14894
14900
14900
14900
14908
14910
14910
14912
14912
14926
14926
14928
14930
14932
14932
14938
14944
14948
14948
14948
14954
14958
14964
14966
14966
14974
14974
14978
14982
14990
14994
14994
14998
14998
15000
15002
15008
15010
15010
15010
15010
15016
15018
15018
15018
15028
15030
15048
15050
15052
15060
15062
15066
15066
15072
15074
15076
15078
15080
15082
15092
15092
15094
15094
15106
15106
15106
15110
15114
15114
15114
15118
15120
15120
15124
15126
15128
15142
15146
15146
15154
15154
15154
15158
15160
15162
15164
15166
15168
15172
15174
15176
15182
15196
15198
15200
15200
15208
15212
15214
15220
15220
15220
15228
15230
15236
15238
15242
15252
15254
15256
15268
15270
15274
15282
15282
15284
15288
15296
15298
15306
15306
15310
15310
15314
15320
15326
15326
15336
15340
15344
15348
15350
15354
15356
15356
15360
15362
15364
15374
15380
15388
15390
15390
15396
15398
15402
15404
15406
15408
15410
15412
15416
15422
15422
15424
15440
15444
15444
15444
15444
15450
15456
15460
15466
15486
15488
15488
15488
15490
15504
15508
15510
15512
15516
15520
15520
15522
15522
15522
15526
15556
15562
15566
15566
15566
15578
15594
15604
15618
15624
15684
15688
15692
15708
15716
15724
15730
15736
15744
15766
15766
15768
15774
15798
15852
15860
15864
15876
15878
15882
15914
15918
15930
15930
15938
16012
16032
16040
16084
16106
16108
16126
16196
16226
16294
16328
16418
16424
16538
16744
16838
16844
16870
16942
16944
16964
17028
17054
17152
17218
17218
17242
17374
17440
17488
17502
17706
17748
17760
17864
18124
18204
18332
18334
18352
18368
18466
18574
18704
18782
18910
18972
18984
19034
19134
19240
19258
19264
19280
19386
19514
19526
19578
19752
19778
19794
20006
20266
20268
20404
20408
20416
20558
20828
20896
20916
21078
21142
21280
21346
21374
21442
21448
21502
21576
21584
21586
21618
21652
21682
21782
21786
21940
22018
22024
22034
22084
22242
22328
22444
22498
22640
22674
22680
22750
22994
23000
23076
23098
23242
23396
23552
23570
23620
23634
23696
23714
23772
23788
23832
23890
23916
23988
24036
24082
24166
24172
24232
24234
24270
24276
24286
24286
24312
24328
24328
24340
24360
24366
24386
24386
24398
24402
24404
24432
24438
24446
24448
24448
24468
24476
24490
24498
24506
24510
24512
24524
24532
24562
24564
24570
24576
24582
24582
24584
24586
24592
24592
24610
24624
24632
24642
24648
24664
24668
24668
24690
24692
24694
24704
24728
24740
24742
24758
24762
24770
24772
24774
24784
24788
24790
24800
24810
24812
24818
24826
24826
24836
24846
24850
24860
24870
24872
24874
24876
24876
24884
24888
24894
24900
24926
24942
24942
24948
24964
25000
25024
25032
25032
25040
25042
25048
25050
25056
25058
25062
25070
25072
25074
25078
25086
25088
25090
25126
25132
25152
25166
25176
25206
25208
25240
25248
25252
25278
25290
25292
25332
25350
25354
25356
25358
25364
25376
25380
25412
25436
25438
25448
25454
25468
25480
25484
25490
25506
25516
25632
25640
25674
25676
25678
25690
25692
25696
25714
25732
25782
25782
25876
25882
25936
25946
25988
26018
26034
26942
27392
27434
27662
28148
29576
30740
31770
31888
32122
33362
33670
33838
34034
34062
34070
34154
34300
34322
34342
34382
34592
34786
35184
35774
35892
35960
38188
41028
41308
42552
45420
48904
53024
53130
57978
63150
82682
382022
594974
648376
1271348
