Latencies
14982
15604
6260
5660
5402
5312
21330
5562
5858
5630
5496
5448
5260
5372
5756
5254
6076
7072
5594
5380
5544
5372
5352
5594
5532
5624
5514
6140
5344
5282
5370
5306
6156
6144
5924
6336
5800
5990
6266
5348
5476
5306
5640
5602
5158
5164
5472
6080
5818
5924
5790
5776
5320
5332
39566
5336
5312
5950
5684
5566
5452
5250
5874
5940
5300
5784
5270
5782
5278
5422
9804
5298
5472
5232
5304
5284
6162
5458
5648
5674
10954
7110
5452
5612
5862
28880
5392
6202
5392
5652
5828
5926
5760
6198
5402
6200
5392
5348
5814
5368
14840
5340
5836
5334
5224
5148
6160
5574
5346
6028
5966
5436
5296
5412
5740
5894
5406
5868
5358
5402
5578
6136
12398
5614
23546
5570
6148
5534
5368
6002
5346
5502
5454
5498
6240
5476
5538
5776
5134
5852
5928
5410
6226
5612
5256
6246
5330
5488
5394
5916
21366
5476
5866
18524
5522
5768
5720
5576
5792
12812
5970
5430
5528
5394
5666
5436
5438
5584
5382
5318
7408
5654
5534
5518
5282
5186
5606
5410
5456
5354
5940
6012
18084
5676
5612
5704
5672
5666
9024
5332
6490
5210
5736
5664
11176
5854
6262
5420
5890
5468
5228
6270
6256
5638
5692
5784
5452
5414
5410
5428
5504
5326
5790
5614
5380
5570
5326
5518
5988
5638
5288
7088
35166
5640
29218
5534
5880
5402
5898
5576
5422
9564
5882
5634
6004
5416
6656
5362
5376
5388
6140
5392
5346
6074
5886
5598
5422
5756
5366
5396
5318
5294
15696
7954
21838
5868
5420
5374
5352
5474
5300
5756
5368
5482
5528
5360
5392
5832
5502
15116
5274
5172
5372
5340
5388
5328
5500
5464
5346
5620
5532
5534
5612
5438
6146
5632
6434
5510
5426
6152
5914
5358
10292
6008
18676
5558
5718
5992
5810
5546
5736
5396
25418
5876
5766
5810
5372
5404
6038
6162
6418
5608
7538
6106
5468
5616
5720
5858
5604
5568
5338
5466
5376
5458
5300
5416
5314
5398
6036
6470
5350
5804
5396
5800
5206
5252
5982
5408
5406
5440
5728
5880
5484
5548
5410
5542
5346
5826
5380
6580
5308
5340
6096
5920
5652
5358
5912
5632
5762
5306
21388
5606
5760
5474
5476
5734
6034
6066
5536
5372
6542
5920
5398
5636
5686
5418
5590
15708
5196
5860
5748
5664
5744
5298
5908
5776
5356
6166
29106
5288
5892
5706
5330
5398
5282
5480
5360
5744
6534
5430
5908
5860
5684
5650
5152
5588
5702
5362
6096
5554
5378
5390
5410
5200
5468
5924
5300
5580
5346
6024
5520
5890
5382
5304
8114
5338
5758
34582
5388
6202
5686
5480
5764
5462
5416
6728
6944
5560
5302
5676
5344
5146
5918
5682
22674
5840
5382
6128
5506
6768
5950
5318
5650
5386
5362
5436
5508
5374
5396
5938
6678
5402
6348
5540
5306
5344
18552
5482
5430
5918
5542
5462
5686
5416
6154
6064
5550
6076
5316
5922
5434
5414
6014
5334
6084
5658
5310
5664
6072
5402
10170
7600
5732
5314
5366
5338
5408
29996
5926
5362
23012
5660
5418
5696
5430
6082
5606
5636
5460
5414
5894
5476
5568
5678
5856
5902
5334
5374
5614
6096
5868
26178
5838
5420
5166
6114
5298
5700
5804
6576
5854
5254
5600
5298
5322
5226
5362
5584
5334
25468
11000
5358
5728
5384
10238
5450
6328
5336
5716
20772
6024
5344
5438
5158
6034
7472
19458
5378
19514
5434
5406
5512
6018
5618
6076
5378
5886
5794
5952
5704
5372
6236
6224
5458
5260
5544
5594
5376
5368
6250
5486
5406
5384
6424
5474
5424
6056
5928
5364
6120
5358
5608
5602
5638
5606
5602
5422
5494
5520
5552
5328
5688
25632
5392
5344
6712
5300
5946
5144
5208
5272
6294
5398
5492
8860
6376
6648
6136
7056
5584
5754
5290
5682
5276
5462
5556
5950
5626
5352
5334
5818
5432
5300
5802
6170
5676
5860
5362
5344
5316
5458
6186
5758
5976
5940
6392
6584
5626
6030
5616
6600
5848
14058
5738
5606
5352
5366
33926
16182
5768
5334
5684
5352
13446
5352
5334
6216
6288
6172
5396
5770
9408
6042
5604
5558
5718
5746
5514
5772
5642
6260
5412
6238
5208
6806
5420
5916
5396
6062
5354
5960
5446
5298
5412
5512
5376
5324
5294
5446
24260
6484
5538
5514
5330
35920
5356
5486
5366
6748
5920
35970
5592
5750
5350
5376
5302
5908
5316
5642
5348
10448
5478
24230
5760
5834
5376
9060
5350
5394
5764
5898
5824
6638
5556
8744
5920
5546
16076
5558
5534
5874
5668
5432
5948
5318
5462
6308
6016
6358
5386
5846
5492
5482
5422
5710
5346
5522
5594
9816
30026
5390
5602
5422
6258
5330
5484
5326
5254
5124
5424
5918
5254
5934
5344
5964
5702
30944
5946
5730
5392
5982
5536
5788
6034
6568
14228
6670
5460
5614
5520
5804
14500
5310
13648
6054
5382
5368
5884
7068
5626
5742
5434
5314
6086
5704
19176
5264
5244
5876
5310
5992
5686
5526
5302
6332
5436
5606
5476
5446
5642
29406
5280
5320
6326
5550
5250
6030
5418
5274
6266
5702
6274
5258
5926
5288
5218
26636
5938
5794
5518
19094
5482
5434
5348
5334
5420
8022
5530
5452
5326
5352
6508
6640
5406
5402
5344
5596
5862
5260
5426
5542
5450
5328
7866
6202
5780
5354
7122
6828
5336
5832
5794
5344
5420
22556
5974
5672
5394
5810
6250
5374
5594
5426
5342
6280
5632
8692
5732
21224
5446
5544
5390
5422
24258
5554
5742
5362
5226
6064
5376
5512
5350
5374
5352
5346
5628
6604
5592
5510
8350
5482
5582
5326
5316
5388
6328
5954
6188
5522
5472
5214
6258
5596
6024
5406
5524
5366
5396
5412
5540
5868
5772
5386
5896
5244
5420
5426
5322
5486
5790
5286
8946
