Latencies
16208
6990
5558
5726
5258
5298
6088
5562
5524
5798
6468
5674
6332
5524
5152
5354
5536
5362
5500
5180
6212
5570
10077852
6366
5466
5228
5342
5706
5464
5458
5238
5750
5320
6240
5174
5184
5080
5302
5198
5844
5448
6524
5612
5804
10730
5282
6062
5244
5372
5786
5366
5294
5484
5422
5680
5514
12802
5528
5378
5292
5230
5274
5248
5148
6008
5620
5242
5370
5548
5422
5466
6154
5948
5366
5266
5282
5268
5280
6104
5234
5310
6492
5972
5828
5700
5844
5176
6100
5228
5922
5762
6196
5732
5544
6742
5930
5554
5778
6686
5340
5412
6024
5394
6366
5164
5508
6044
5684
5752
5082
5358
5408
5368
5566
5508
5850
5370
5236
5432
10678
5844
5742
5160
5348
5282
5916
5276
6322
5188
5700
5234
5252
6124
6074
6018
5746
5490
5576
5734
5790
5606
5420
5550
5824
5788
5448
5458
5296
5436
11284
5794
5558
6378
5438
5582
5682
5390
6194
5192
5162
5196
5358
5594
5568
5186
5226
5412
5720
5332
5916
5422
6002
5542
5278
33856
10866
5266
5154
5968
6930
6342
6028
15816
5662
5374
7422
5926
6142
5908
35814
5720
5376
5222
5620
5640
5526
5170
5230
5344
5188
5706
5288
5226
5454
5270
5474
5314
5260
6018
5358
5200
5522
5438
5600
6008
5520
5214
5426
5452
5310
5260
5182
5396
5108
5188
5712
5814
5108
5772
5390
5244
5972
5298
5292
5274
5926
5838
11592
5374
5816
5328
5378
5296
5314
5926
5642
6300
5310
5804
5626
5314
6086
5524
5276
5950
6168
5634
5248
6014
5942
6098
5314
6058
5446
5270
5304
6034
5296
5626
7092
5390
5980
5216
5210
5278
5826
19254
5262
5932
12414
5962
5312
5370
5414
5520
5528
6086
6756
5958
5806
5782
5878
5234
6004
5358
6412
5716
5774
6060
5950
5324
5382
5262
5664
5186
5566
5294
5802
6092
6914
6264
6112
5768
5150
5264
6032
5972
5418
7058
5820
7962
5862
6152
5442
5362
5546
6780
5552
5566
5560
5928
7186
7414
5266
5532
6264
6140
5576
5532
7318
5802
5332
5278
5574
5236
5200
5068
5788
5446
5362
5664
5586
5794
5240
5472
5236
6024
5726
5978
6472
5596
5358
5378
5440
5376
6070
5692
5736
5422
5346
5348
6966
5324
5960
5198
5342
5430
5168
5626
6024
5382
5296
5386
5572
6224
5200
5582
5898
5838
32856
5924
6228
5266
6354
5194
5638
6040
6200
5204
5330
5342
5628
5242
6162
5630
5348
6346
5796
5342
5252
5510
5768
5642
5760
5190
5234
5236
12558
5176
5224
5246
9708
5158
5688
5228
5198
7246
5412
5316
11446
24754
5248
14188
5198
5250
5626
5810
5830
5350
5900
5338
5724
5676
5336
5240
6318
6476
5450
5310
5392
5248
5256
5366
5600
5656
5206
5408
5256
5246
5502
5858
6060
5456
5812
26304
5382
5678
5576
5532
5258
5270
5642
5836
5246
6204
5550
5674
6884
5488
6060
5338
5658
5610
6004
5754
5536
5584
6904
5526
5982
5694
5726
5448
5530
5614
6506
5956
6254
6602
6544
5338
5558
5794
5400
6000
5312
5682
5902
5642
5448
5528
5262
5836
5324
5436
5342
5252
5750
5372
5602
5758
5950
5392
12346
6042
6660
5586
5516
18604
5520
5610
5174
5550
5604
6260
5332
5256
5376
5382
5462
5388
5358
6244
5834
5414
5914
5306
6254
6442
5872
26042
5552
5492
5352
5614
5184
15306
5326
6076
5146
5366
8454
5470
5576
5398
5526
6008
5522
5276
5248
5590
5248
5644
5398
5754
5386
5836
5920
5166
5736
6114
5468
5318
42548
6596
19002
5260
5832
5058
7426
5306
5634
5264
5508
5478
5248
5656
5378
5440
5864
5336
5594
6264
6218
5530
5944
5410
5724
5462
6648
5810
6102
5202
5116
5660
11628
5402
5172
10620
5318
5846
5514
5050
5020
5128
6136
5126
5084
5224
4984
25970
5164
5422
6698
9218
5752
5228
5514
5230
5234
5320
5304
6012
6302
5482
5220
5660
5262
5752
5362
6184
5258
5208
6072
5470
5170
5506
6232
5172
5242
5084
5212
6024
5136
5220
5130
5448
6116
5366
5210
5440
5448
5526
5432
14276
6290
5222
5834
6328
25400
5214
5428
5936
5584
5730
5322
6028
5508
5356
5886
5272
5906
5810
5362
5752
7578
6084
5882
5978
5624
5576
5694
6118
5760
5558
5534
5518
5864
5976
5996
5682
5814
5822
5372
5526
5312
5324
6050
5598
5344
5672
9556
5584
6008
6042
6464
6084
6210
5236
5348
5222
5222
5150
5256
5274
5170
5230
7470
6286
15822
5410
5454
5598
5464
5716
5630
5262
5016
5536
5222
6026
5952
5774
5518
5806
5102
12494
6640
6030
5258
5236
5194
5896
5706
5958
5832
6244
5330
5492
5778
14878
5516
5390
6104
5390
5976
5294
5366
5326
5694
6332
5638
5226
5906
5364
5302
5130
5720
5584
5334
5458
5442
14614
5650
6130
5748
5416
5258
5794
5208
5336
5250
5664
5518
5708
11876
5858
14640
5116
5610
6082
5256
5300
13894
5686
6816
5750
5166
5996
5084
5476
5482
5336
5774
5386
5622
5740
5126
5270
5558
5238
6008
6096
5118
5374
5844
5190
5386
5424
5412
6286
5226
5076
6526
5466
5386
5222
5774
5550
5240
7252
5496
5236
5420
5292
5454
5142
5584
5084
5208
5840
5212
5574
5670
6686
5390
5556
5192
5484
5790
6862
6442
5692
5530
5272
5970
6356
5478
5388
5342
5486
5116
6116
5236
5202
5324
5534
5666
5314
5884
5124
5358
6282
5586
5152
5324
6242
5760
5392
5150
5356
5754
5268
5802
5884
5564
5266
12390
5192
5350
5768
5230
6608
5332
5280
5226
5130
5252
5274
5896
5270
5212
5204
5944
5312
5964
5574
5404
5410
5690
5240
5506
6316
5408
5352
6084
5708
5338
5104
5396
14744
5336
5552
8420
5336
5468
5366
5372
5370
5556
13476
6748
5306
5232
5494
5158
5982
14142
5208
5590
5192
5808
5874
5204
5026
5172
5158
5192
5188
5128
