Latencies
15692
6320
5480
5898
5440
5262
5710
6158
24642
24964
5474
5348
5474
5538
11854
5298
5810
5246
5296
5254
5300
5832
5260
27826
5126
5322
10728
5164
5396
5780
9852
5702
5558
5384
5678
9290
5224
5552
5662
5726
5358
5216
5532
5256
5508
5380
5208
5536
5702
5742
5294
5172
5156
5254
5602
5344
5226
7718
5284
5976
5212
5998
13466
6066
11260
5424
5496
5934
6136
5582
5194
5278
5246
5208
5540
5276
5836
5268
5228
5252
5204
5378
6940
5392
5772
7084
5308
5458
5786
6266
5476
5400
5386
5748
11924
6112
5488
6222
5392
5254
5464
5278
5626
6290
5422
6252
6244
5644
5638
5448
5582
5354
5462
16722
5410
5286
5282
5318
5566
5166
5280
5828
5426
5504
5444
5444
6150
5500
5620
5508
5350
5418
5434
5288
5726
5568
5166
5278
5106
5318
5662
5124
5594
5310
5408
5698
5306
5280
5730
5310
5760
5360
5644
5474
5522
5254
5328
11908
5348
9158
5380
14164
26796
5466
5740
6522
5714
5318
5344
5350
5298
6220
5342
5280
5568
5756
5324
5194
5388
6714
5374
5820
5684
5626
14808
5264
5602
6232
5292
5504
5542
5672
5314
5500
5756
5436
5158
5810
5288
5798
5112
6524
5930
5410
5392
8734
19654
5830
6284
5694
5334
5186
7114
5970
5348
5898
7036
9140
5284
5268
5644
5298
5282
5956
6194
5602
5202
5114
5264
5718
31640
6312
5790
5844
5324
6046
6614
5656
5342
5940
5880
6212
5754
5446
6090
5358
5410
5356
5366
5702
5626
5314
5814
5264
5290
5550
6270
6112
5642
5186
5716
5200
41642
5960
6338
6394
24248
15872
5536
5220
5856
6582
5890
5704
5712
5878
5346
5762
5734
5336
5586
5394
5188
5190
5242
6144
5468
5562
6562
5326
5668
5476
5356
6040
5316
7258
6398
10272
5356
5608
5512
5732
5696
5864
5760
21558
6090
5276
5246
5236
5930
5296
5820
5356
5234
5274
6738
5376
5796
6224
5322
5714
6034
6116
5540
7000
5884
5330
5930
5664
5626
5614
5730
5286
5244
24244
5268
5986
6214
5940
5308
5664
5990
5278
5814
9172
5586
5260
6062
5236
5298
5458
5570
5340
6658
5282
5334
22244
5770
5206
5270
5298
5284
6112
5946
25386
5814
5704
5386
5442
5900
5384
6216
6020
6048
5500
6044
5518
5266
5528
5714
6248
5320
6038
6128
5196
5472
5740
12932
5974
5588
5840
5792
5228
5284
5624
5258
5866
5372
6330
5206
5342
5402
5728
5808
5544
5220
6092
11656
5286
5284
6004
6042
6256
5390
5376
5656
5314
16958
5222
5590
5388
6084
5492
5452
5572
5388
5544
5752
5278
5298
5290
5282
18778
5448
5356
5502
5462
5962
5310
5692
5326
5688
19748
5752
5328
5638
5380
5300
5398
5338
5906
5826
5332
5388
5292
5338
5756
5914
5456
5764
6656
5390
5590
5334
5730
24994
5340
5366
5610
7038
21592
5788
5790
5958
5732
5308
5920
5536
5880
5352
6288
5350
11344
6898
5308
5282
5374
20774
6036
5812
5404
5364
5714
5398
5788
6016
5520
6040
6262
