Latencies
15460
6196
5340
15464
5806
15422
14230
14872
13680
5896
11408
24464
15212
14784
11066
9262
8970
14216
12490
5782
5834
5362
15650
7008
25486
5322
15038
15638
7608
9176
9870
14384
12930
8848
11140
10926
10034
15120
5944
14608
7700
10546
13332
13682
15024
6016
9184
24756
14588
10740
12980
9046
8960
6794
5408
5826
32736
6450
10344
14862
13520
8724
15004
13996
9392
10344
8730
9268
14834
8794
8684
14502
8552
12530
5510
5480
5932
5392
24436
14818
15182
15438
15222
12246
14124
7938
5900
5442
6074
5376
5258
5458
5602
6118
5416
5280
5718
5540
5472
5340
11546
14984
6814
15298
16218
15792
16228
13644
7750
14534
14780
14932
13954
5998
5902
5348
5292
5352
6100
5282
5612
5504
5366
5958
5432
5652
5812
7052
5618
6240
10992
12108
9952
10138
31986
7034
5672
6178
5776
5754
5902
5458
5932
7990
14288
10428
14850
12384
9896
11964
8902
12638
7244
5578
24848
31138
14986
14834
9956
13042
5298
5216
7068
12682
10674
7428
5726
5350
5530
5326
5552
5334
5514
5970
12868
5748
13206
5690
12486
7150
6908
6046
15330
15214
15178
14082
9074
7262
13750
9222
6434
6686
5628
5544
6070
5974
5648
10504
13656
11228
11804
15276
11108
15080
8960
6830
10942
5410
6004
5554
5394
530520
16262
14702
14990
14142
6516
11500
5714
8796
7484
6542
11236
14140
5772
6560
15062
13816
33524
5776
15574
11350
13394
5518
9612
14892
13798
10284
11772
13998
14198
8412
10360
7834
24988
9456
8214
12974
13056
400720
14888
5510
6240
9650
22832
14906
25676
14812
9622
15380
6982
9320
15260
6044
6338
15602
20018
13166
9554
10008
9446
15152
12558
12148
19478
10398
5560
5818
9200
12166
25040
14750
14728
16018
13566
14216
5494
9976
11474
12388
14410
6510
12842
20418
6396
5994
12612
5930
6148
13308
25278
14678
15490
14546
14694
10342
7556
5506
5570
24922
12940
6190
13346
14522
11056
9010
10492
10860
6722
8826
7214
25498
14446
14916
14102
12010
8008
5558
6176
5330
5798
6370
10604
26804
5850
10620
12674
6836
11586
10508
8224
12554
5476
6684
14322
6088
14622
15680
10016
13418
9568
10668
5382
54976
5768
14372
5316
5414
5578
11988
30656
14240
9820
12712
23632
9100
14592
14040
13084
12874
24970
9982
5644
5606
5676
14866
6460
7690
8844
10708
7742
7834
10724
15072
12480
6894
10782
5748
14704
6318
14258
15382
6332
9490
5502
15386
8228
15254
5692
8312
8042
9602
14876
10042
6886
13486
12624
5492
5600
11052
15130
15148
5636
14816
13360
14674
8630
9738
10474
7998
5400
5432
15884
10394
14866
5978
5972
5672
5472
13908
10634
5404
15446
11170
9634
16100
10170
6810
13568
14472
8952
7036
14800
7222
7258
13134
5268
5508
11470
7328
24468
14994
10736
10294
6216
8172
7618
13662
13600
11770
6534
6318
14040
11970
13242
16384
13396
14566
24670
20816
9504
6966
15228
6832
11750
12920
15148
12802
14210
14020
5372
6198
6012
5918
5816
6314
7926
8560
25062
16344
14534
15270
14642
14584
16078
14332
5430
7438
