Latencies
24396
10504
24562
15922
14786
14470
9772
13628
19342
9016
6312
5850
5934
24562
15870
15442
14540
10996
12038
5808
13406
10308
6968
10830
12438
23352
6574
6116
6160
6126
6472
14268
15462
9964
10938
11392
19500
8234
14634
6326
10112
9154
6408
12992
10392
10516
16026
8372
10198
13116
8314
10396
13756
15270
7548
5544
15618
12544
7686
5842
6108
14854
15276
6742
5994
7410
6798
14236
14312
8856
5582
9714
6560
13770
8084
15162
24618
15868
8428
12248
10736
14278
5810
6052
5542
5502
5616
5882
5404
8988
11060
13350
15644
10122
7328
27896
8030
12464
13992
13458
6920
14548
5934
6330
5638
5412
13740
7332
12508
12886
12360
8106
8924
5990
5524
16422
15756
13370
9318
9502
21034
22998
15364
7664
14876
14860
17092
6816
7000
6002
5368
9884
8782
13726
15948
15196
21788
11448
14066
6910
9902
15216
7522
6970
13056
14846
6008
6226
5950
6316
6496
7582
10136
13910
13810
6578
5948
5502
7918
13778
7670
6960
7678
9498
9218
15570
8836
7236
10592
8756
8864
14994
12492
12650
8868
15278
9386
12360
15438
5480
5838
8604
6160
9058
8844
14190
15388
15450
55154
7276
7954
12560
11556
14244
14378
5422
15872
14804
19868
13054
9314
20356
15324
15502
5592
27670
18018
14304
23106
14634
8132
13626
12612
11438
6806
7624
9048
12370
10710
6576
14510
9246
15354
14888
6578
6312
6008
5404
5748
6024
20086
13654
9828
21490
11856
9646
6190
5688
5442
13320
12988
11710
6226
15996
14860
14366
8636
12924
15266
13946
8836
12268
12564
15046
6242
5470
5402
5842
7676
15624
10876
7882
13548
13066
6242
8232
15026
14712
14984
15074
6636
15400
12816
14092
6870
14444
12000
12072
11108
6220
5376
5400
12402
14862
6574
5958
5914
5950
5664
5370
5694
10670
7094
5826
30434
15558
44570
6806
8192
25510
10026
15286
17496
7804
8616
7274
15718
6608
14518
12458
15482
14728
15194
14432
14940
5948
5706
12402
10210
6810
24948
15506
6868
8802
14490
20200
13792
25160
16382
8388
7488
5600
9512
11568
9478
5690
12868
6406
9802
14984
7206
11242
15492
9872
11930
9412
9894
9354
14520
9568
8358
8916
10564
11022
12156
13358
11834
15218
5702
6242
10406
9244
6868
7068
6372
5358
6328
12956
12822
10908
6714
5420
5478
5530
5792
15212
13732
14318
7350
14334
6620
6062
5390
5656
17816
14682
7010
9198
7030
14470
10054
7410
13900
14326
7670
8922
7308
14684
5710
14194
5452
5700
13500
15452
6512
9770
5660
9082
6436
5488
8298
14910
11170
6534
14576
14466
7530
8400
13980
13856
15368
15150
13134
12176
5688
13602
8340
6480
6100
5794
11426
14112
16278
12500
13458
6242
5548
5396
5830
22654
14178
13262
10528
6282
12668
6354
15404
11452
12898
5786
5428
6256
5430
5438
5514
6076
5828
5426
6298
6008
5586
5634
5742
5558
5724
6474
5670
6142
5816
5414
5848
5354
5802
5824
6470
