Latencies
25008
11716
12868
9696
9342
12464
8762
5994
5502
8102
11754
33542
13176
9558
14130
14072
10920
13418
13676
6474
15802
6582
5642
20766
18874
8372
9492
10092
13408
6206
12096
6096
9742
11944
10044
11620
5338
25114
6048
14752
14674
5902
5538
5654
5596
5706
5604
5860
5892
5768
5412
24314
6196
15232
5296
6792
15648
13202
6080
6190
7120
11310
10476
14902
14836
16152
6696
5552
6144
5906
5696
6006
13068
9410
13626
12564
5648
12102
9770
20086
6312
5448
6222
6226
6384
6000
37044
9432
14856
5642
34628
8138
5660
15494
5970
11104
5328
5436
5808
15746
14878
9614
14156
10616
12732
13932
6400
12056
12060
7500
6382
5478
7076
8726
6722
10276
15472
14852
16924
9788
6528
5858
12968
6586
15248
6924
13512
8834
9182
5984
13586
8610
14226
14846
11922
23744
25198
14794
6644
7532
13396
5386
5522
5538
5524
13612
15256
13500
15058
5844
13982
14718
15042
14600
10972
9312
11190
10634
13650
12290
6070
5974
8502
6476
12314
14996
14444
15644
15264
13114
7538
7178
11236
14348
11174
6250
6768
14410
9450
5936
5560
5774
11894
8868
14630
14176
14806
14702
14436
6702
11756
11272
8824
13032
7262
8870
6720
10538
14042
10226
15060
14624
25212
7946
8744
13748
5440
5862
25084
15136
7918
5880
7288
7082
6590
5578
14462
10594
8364
8580
7612
14956
5706
14006
24536
5888
5948
6152
5534
5982
6032
6536
13814
15032
24924
14828
15422
14402
15236
6134
9378
6426
34046
15326
14772
14496
15910
14594
14384
14620
15790
7568
6452
15160
15036
10632
15436
15550
10528
12606
9768
14824
11412
6558
6010
13918
5636
22288
6652
14466
9036
9334
14654
15350
9022
14698
11646
15454
11274
13966
14648
15108
6104
6298
12006
6616
6502
5672
9004
12374
15476
12192
15692
14614
14888
14896
9664
13596
9776
7046
9112
6156
15556
10520
11508
48518
9640
13870
14952
9498
9158
10974
5750
8740
16174
8532
9436
7074
15082
7396
14424
13888
8184
13504
5582
5802
5888
5846
5706
5424
6672
5462
5414
9872
5316
13754
17552
9078
13618
15464
12842
10446
5546
5426
6004
6540
5396
11906
14964
15880
16728
8108
6666
10064
11552
11258
15348
14538
11488
11576
14486
8142
8158
11410
15774
15300
5606
6840
5592
5468
5790
6406
14868
7456
10800
9330
6784
8712
6298
12968
6382
7600
5854
24592
11516
10936
9216
7718
13354
24254
14908
16102
14714
14538
7768
15302
12664
24568
14658
15202
14900
15050
15168
45328
14600
15196
15212
5708
15362
12744
6478
14066
8982
9026
13614
13346
17468
9248
11582
12876
15340
12398
5514
6304
15268
5658
13242
7680
10658
30568
7654
9468
13148
8144
13500
5630
5436
6550
13276
7508
12098
11800
6212
5732
7844
6856
5846
5544
6106
6120
6042
8288
13844
13970
10862
11296
9256
15356
8630
11536
6502
14764
14854
9394
8308
6986
10952
13912
10166
12028
5990
12018
6604
5578
5374
11730
10432
15946
5414
15058
14540
14538
14960
15024
14608
14788
12624
7734
8112
9152
