Latencies
5114
5122
5180
5206
5206
5218
5230
5238
5244
5244
5250
5254
5256
5260
5262
5268
5268
5268
5272
5274
5280
5282
5282
5282
5284
5286
5288
5292
5298
5302
5302
5304
5304
5304
5306
5308
5312
5312
5314
5314
5316
5318
5318
5320
5320
5324
5324
5324
5324
5324
5324
5324
5326
5328
5330
5330
5330
5332
5332
5332
5334
5334
5334
5338
5338
5338
5338
5338
5340
5342
5344
5346
5348
5350
5352
5352
5352
5356
5356
5356
5356
5358
5358
5358
5360
5360
5360
5364
5366
5368
5368
5368
5368
5370
5370
5372
5372
5374
5374
5374
5376
5378
5378
5378
5380
5380
5380
5382
5382
5382
5382
5384
5384
5384
5384
5384
5386
5386
5386
5388
5388
5390
5390
5390
5390
5390
5390
5392
5392
5392
5394
5394
5394
5396
5396
5396
5396
5396
5396
5396
5398
5398
5398
5400
5400
5400
5400
5402
5402
5402
5402
5404
5404
5404
5406
5406
5406
5406
5406
5408
5410
5410
5410
5410
5410
5410
5412
5412
5412
5414
5414
5414
5414
5416
5416
5416
5418
5418
5418
5420
5420
5420
5420
5420
5420
5422
5422
5422
5422
5422
5422
5422
5424
5424
5424
5424
5424
5424
5424
5424
5424
5424
5424
5424
5426
5426
5428
5428
5428
5428
5428
5428
5428
5428
5428
5428
5430
5430
5430
5430
5430
5430
5430
5432
5432
5432
5432
5434
5434
5434
5436
5436
5436
5438
5438
5440
5440
5440
5440
5440
5442
5442
5442
5444
5444
5444
5444
5446
5446
5446
5446
5446
5446
5446
5448
5448
5448
5450
5450
5450
5450
5450
5450
5450
5452
5452
5452
5452
5452
5454
5454
5454
5454
5456
5456
5456
5456
5458
5458
5458
5460
5460
5460
5460
5462
5462
5462
5462
5462
5462
5464
5464
5464
5466
5466
5466
5466
5466
5466
5470
5470
5470
5470
5470
5472
5472
5474
5474
5476
5476
5476
5476
5478
5478
5480
5480
5480
5482
5484
5484
5486
5486
5486
5486
5488
5488
5488
5488
5488
5490
5490
5490
5494
5494
5494
5494
5494
5496
5496
5496
5496
5498
5498
5498
5498
5498
5498
5500
5500
5500
5500
5502
5502
5502
5504
5504
5504
5504
5504
5506
5506
5506
5508
5508
5510
5510
5510
5510
5510
5512
5512
5512
5512
5514
5514
5516
5516
5516
5518
5518
5518
5520
5520
5522
5526
5526
5526
5526
5526
5528
5528
5528
5530
5530
5532
5534
5534
5536
5536
5536
5536
5538
5540
5540
5542
5542
5542
5544
5544
5546
5546
5546
5546
5546
5548
5550
5552
5552
5554
5554
5556
5556
5556
5558
5558
5558
5558
5558
5558
5560
5560
5560
5562
5564
5566
5568
5568
5570
5570
5570
5570
5572
5572
5574
5574
5574
5574
5576
5576
5576
5576
5580
5582
5582
5582
5582
5584
5586
5586
5588
5594
5594
5596
5596
5598
5600
5600
5600
5600
5600
5600
5602
5602
5606
5606
5608
5610
5614
5614
5614
5616
5616
5616
5618
5620
5620
5622
5622
5622
5622
5624
5628
5630
5632
5632
5632
5634
5634
5636
5636
5636
5638
5642
5644
5644
5644
5644
5644
5646
5646
5646
5646
5648
5648
5648
5650
5650
5652
5652
5654
5654
5654
5654
5658
5658
5658
5658
5660
5662
5662
5666
5670
5676
5676
5676
5676
5678
5680
5682
5684
5686
5690
5690
5690
5698
5704
5706
5710
5710
5710
5712
5712
5712
5712
5714
5716
5722
5726
5726
5730
5730
5732
5732
5734
5734
5736
5736
5738
5744
5746
5750
5750
5754
5754
5760
5764
5764
5768
5772
5772
5772
5774
5776
5778
5780
5784
5784
5786
5788
5788
5790
5792
5792
5794
5794
5796
5798
5798
5800
5802
5802
5802
5804
5806
5806
5808
5810
5810
5812
5812
5816
5816
5818
5818
5822
5822
5824
5824
5824
5828
5832
5832
5836
5836
5838
5838
5838
5840
5840
5842
5844
5844
5848
5848
5854
5854
5854
5858
5862
5862
5876
5876
5876
5876
5884
5884
5886
5888
5890
5900
5902
5904
5906
5912
5912
5914
5914
5920
5920
5924
5924
5926
5928
5932
5934
5934
5934
5936
5938
5946
5952
5954
5956
5958
5958
5960
5960
5962
5966
5966
5966
5968
5970
5970
5972
5976
5976
5978
5980
5980
5982
5982
5988
5988
5992
5994
5994
5996
5998
5998
6000
6000
6002
6004
6006
6008
6008
6008
6008
6010
6012
6012
6014
6016
6018
6022
6022
6024
6028
6028
6030
6032
6038
6040
6046
6052
6056
6056
6056
6056
6060
6064
6068
6070
6072
6072
6072
6076
6076
6076
6080
6082
6082
6084
6084
6084
6088
6090
6094
6098
6100
6104
6112
6112
6114
6118
6120
6120
6122
6124
6126
6130
6138
6138
6140
6156
6160
6176
6180
6186
6192
6196
6196
6202
6216
6224
6224
6228
6230
6236
6240
6242
6244
6244
6246
6252
6254
6266
6270
6278
6278
6286
6288
6288
6290
6292
6302
6306
6308
6318
6320
6320
6324
6328
6332
6334
6336
6338
6342
6352
6352
6360
6362
6362
6376
6378
6392
6400
6400
6404
6404
6416
6416
6420
6430
6456
6458
6468
6474
6486
6488
6500
6514
6516
6542
6546
6564
6568
6576
6586
6598
6656
6656
6748
6758
6766
6826
6842
6846
6854
6892
6898
6940
6948
6948
6952
7026
7134
7146
7172
7218
7340
7344
7478
7492
7564
7566
7592
7702
7740
7754
7780
7842
8222
8326
8366
8532
8990
9038
9100
9322
9390
9446
9462
9622
9702
9748
9800
9856
9858
10086
10114
10388
10426
10472
10718
10868
11000
11268
11842
12210
12468
12918
13036
13146
13150
13518
13888
14082
14156
14372
14426
14464
14548
14550
15238
15392
15624
15878
16582
17188
17394
17398
17452
17682
17892
18850
19030
19498
19636
19880
20298
20718
20882
22572
24772
24796
25676
26166
27674
27846
28134
28614
28816
29196
29494
30818
31278
31916
33012
35124
35626
35650
35764
36066
36290
36864
42164
60830
10099514
