Latencies
4984
4996
5006
5008
5018
5022
5024
5028
5030
5034
5036
5038
5060
5066
5068
5068
5068
5070
5070
5080
5082
5086
5088
5090
5092
5094
5098
5100
5100
5102
5102
5106
5106
5108
5110
5110
5110
5112
5114
5114
5114
5116
5120
5120
5120
5124
5124
5126
5126
5126
5126
5128
5128
5130
5130
5132
5132
5134
5134
5134
5136
5140
5142
5142
5142
5142
5144
5144
5146
5146
5146
5146
5146
5148
5148
5152
5152
5152
5156
5158
5158
5160
5162
5164
5164
5166
5166
5166
5168
5168
5168
5170
5170
5170
5172
5172
5174
5178
5178
5178
5178
5180
5180
5182
5182
5184
5184
5184
5186
5186
5186
5188
5188
5190
5190
5192
5192
5194
5194
5196
5196
5196
5198
5198
5200
5202
5202
5202
5202
5202
5204
5206
5206
5206
5206
5206
5208
5208
5210
5210
5212
5212
5212
5214
5214
5214
5214
5216
5216
5216
5216
5218
5218
5218
5218
5220
5220
5220
5220
5220
5222
5222
5222
5222
5224
5226
5226
5226
5226
5226
5226
5226
5228
5228
5228
5228
5228
5228
5228
5228
5228
5228
5230
5230
5230
5230
5232
5232
5232
5232
5232
5232
5234
5234
5234
5234
5234
5234
5236
5236
5236
5236
5236
5238
5238
5238
5238
5238
5240
5240
5240
5240
5240
5240
5242
5242
5242
5242
5242
5242
5242
5242
5242
5244
5244
5246
5246
5246
5246
5246
5248
5248
5248
5248
5250
5250
5250
5252
5252
5254
5254
5254
5254
5254
5254
5254
5254
5254
5256
5256
5256
5256
5256
5258
5258
5258
5260
5260
5260
5262
5262
5262
5262
5262
5262
5262
5262
5264
5264
5264
5266
5266
5268
5268
5268
5268
5268
5268
5270
5270
5270
5272
5272
5274
5274
5274
5274
5274
5274
5276
5276
5276
5278
5278
5278
5278
5278
5278
5280
5280
5282
5282
5282
5284
5284
5284
5284
5284
5286
5286
5286
5286
5286
5286
5290
5290
5292
5292
5294
5294
5294
5296
5296
5296
5296
5298
5298
5302
5302
5302
5306
5306
5308
5308
5308
5308
5310
5310
5310
5310
5310
5310
5312
5312
5312
5312
5314
5314
5314
5316
5316
5316
5316
5318
5318
5318
5318
5318
5320
5320
5322
5322
5324
5324
5324
5324
5324
5324
5326
5328
5328
5328
5328
5330
5330
5330
5330
5332
5334
5334
5336
5338
5338
5338
5338
5338
5340
5340
5342
5342
5344
5344
5344
5346
5346
5348
5350
5350
5350
5354
5354
5354
5356
5356
5356
5358
5358
5358
5360
5360
5360
5362
5364
5364
5364
5366
5366
5366
5368
5370
5370
5370
5370
5372
5372
5372
5374
5374
5374
5376
5378
5378
5380
5380
5380
5380
5384
5384
5384
5384
5386
5386
5386
5386
5386
5386
5386
5388
5388
5390
5394
5398
5398
5400
5400
5400
5402
5402
5404
5404
5406
5408
5410
5410
5410
5410
5410
5412
5412
5412
5412
5414
5414
5414
5414
5414
5416
5416
5416
5418
5418
5420
5420
5420
5420
5422
5424
5424
5424
5424
5424
5424
5426
5426
5426
5428
5428
5428
5432
5432
5432
5434
5434
5438
5438
5440
5440
5440
5440
5442
5448
5448
5450
5450
5450
5452
5452
5452
5454
5454
5454
5454
5456
5456
5458
5458
5460
5460
5462
5462
5464
5464
5466
5468
5470
5470
5470
5470
5470
5472
5476
5478
5478
5478
5482
5484
5484
5484
5484
5486
5488
5490
5490
5492
5492
5492
5496
5496
5496
5498
5498
5500
5500
5500
5500
5502
5504
5504
5504
5506
5508
5512
5514
5514
5514
5516
5516
5516
5518
5518
5518
5518
5520
5520
5520
5524
5526
5526
5530
5530
5534
5534
5536
5542
5542
5546
5548
5548
5550
5552
5552
5554
5554
5556
5558
5558
5562
5562
5564
5564
5566
5566
5566
5568
5570
5576
5576
5580
5584
5584
5588
5590
5594
5596
5598
5600
5602
5604
5604
5606
5606
5608
5610
5610
5610
5610
5614
5616
5616
5618
5618
5620
5622
5622
5624
5626
5626
5630
5630
5632
5634
5636
5636
5638
5642
5644
5648
5648
5648
5652
5652
5652
5654
5654
5656
5656
5658
5660
5662
5662
5670
5674
5674
5674
5674
5674
5676
5676
5684
5684
5684
5686
5688
5698
5700
5700
5704
5708
5712
5714
5718
5722
5724
5730
5732
5732
5736
5738
5738
5742
5744
5744
5744
5750
5752
5752
5758
5760
5760
5764
5764
5766
5768
5768
5772
5778
5778
5780
5782
5786
5788
5790
5790
5790
5790
5794
5796
5800
5800
5812
5812
5814
5814
5816
5816
5816
5824
5824
5826
5828
5828
5828
5830
5830
5830
5836
5842
5844
5848
5850
5862
5862
5862
5866
5874
5876
5878
5882
5888
5888
5890
5890
5896
5896
5902
5902
5904
5910
5912
5912
5912
5914
5914
5914
5914
5920
5920
5926
5934
5938
5948
5954
5960
5960
5966
5976
5976
5984
5988
5992
5992
5992
6000
6000
6002
6014
6014
6020
6022
6036
6038
6044
6046
6046
6048
6048
6048
6050
6052
6058
6060
6064
6070
6070
6080
6094
6094
6096
6104
6110
6114
6120
6122
6124
6126
6126
6136
6150
6152
6156
6170
6172
6194
6200
6212
6212
6212
6218
6220
6224
6228
6228
6256
6260
6264
6270
6272
6280
6290
6296
6302
6316
6320
6340
6354
6364
6400
6410
6416
6416
6428
6446
6450
6466
6470
6494
6510
6564
6564
6582
6590
6644
6676
6688
6736
6752
6804
6824
6836
6838
6894
6978
6994
7000
7038
7048
7094
7106
7196
7198
7234
7254
7266
7286
7294
7302
7336
7336
7388
7392
7422
7550
7658
7820
7970
8018
8088
8090
8230
8482
8792
8982
9078
9168
9210
9302
9484
9588
9652
9660
9690
9802
9814
9910
9926
10028
10408
10738
10820
10924
11160
11254
11298
11350
11888
11970
12040
12450
12622
13294
13594
13648
14012
14050
14534
15348
15860
15994
16852
17544
17718
18410
18414
18846
20430
20794
21146
21330
21618
21682
22172
23088
23248
23536
24458
24862
25150
25728
25952
26208
26442
26718
27348
27380
29160
29266
29348
29498
29512
29530
29786
31764
31970
32746
33424
35978
36188
37322
38650
38916
39722
40162
41568
42484
48876
51152
52332
10305918
10359478
