Latencies
5128
5134
5142
5142
5146
5152
5154
5156
5156
5158
5160
5160
5162
5162
5162
5164
5164
5164
5164
5168
5168
5172
5172
5172
5174
5174
5176
5176
5176
5178
5178
5178
5178
5178
5178
5184
5184
5184
5186
5186
5188
5188
5188
5188
5190
5190
5192
5192
5192
5192
5194
5194
5194
5198
5198
5198
5200
5200
5202
5204
5204
5206
5206
5206
5206
5206
5206
5208
5210
5210
5212
5212
5214
5214
5214
5216
5216
5216
5216
5218
5218
5218
5218
5218
5220
5222
5222
5224
5224
5224
5226
5226
5226
5226
5228
5228
5230
5232
5232
5232
5234
5234
5234
5236
5236
5238
5238
5240
5240
5240
5242
5244
5244
5244
5244
5246
5248
5248
5250
5250
5250
5252
5252
5252
5254
5254
5254
5254
5256
5258
5258
5260
5260
5264
5264
5264
5268
5268
5268
5270
5270
5270
5272
5272
5272
5274
5276
5278
5280
5280
5280
5280
5280
5282
5284
5284
5286
5286
5292
5292
5292
5294
5296
5296
5296
5298
5298
5298
5300
5300
5302
5302
5302
5304
5304
5304
5304
5306
5306
5306
5308
5310
5310
5312
5314
5314
5316
5316
5316
5316
5318
5318
5320
5320
5322
5322
5324
5324
5326
5328
5328
5328
5328
5328
5330
5330
5332
5334
5334
5336
5336
5338
5340
5340
5340
5342
5342
5342
5342
5342
5344
5344
5344
5348
5348
5348
5348
5348
5350
5350
5350
5352
5352
5352
5354
5354
5354
5356
5356
5356
5358
5358
5360
5360
5360
5360
5360
5360
5362
5362
5364
5364
5364
5364
5364
5364
5366
5366
5366
5366
5368
5368
5368
5370
5370
5372
5372
5372
5372
5372
5372
5374
5376
5376
5376
5378
5378
5378
5378
5378
5378
5380
5380
5380
5380
5380
5380
5382
5382
5382
5384
5384
5384
5384
5384
5386
5386
5388
5388
5392
5392
5392
5394
5394
5394
5394
5396
5396
5398
5398
5398
5400
5400
5402
5402
5402
5404
5404
5406
5406
5406
5406
5406
5406
5406
5408
5408
5410
5412
5412
5414
5414
5414
5414
5416
5416
5416
5418
5418
5418
5420
5422
5422
5422
5422
5422
5424
5424
5424
5426
5426
5428
5428
5428
5428
5432
5432
5432
5434
5434
5434
5434
5434
5436
5436
5436
5438
5438
5438
5440
5440
5440
5440
5440
5442
5444
5444
5444
5444
5446
5446
5450
5452
5452
5452
5452
5454
5454
5456
5458
5458
5458
5458
5460
5460
5460
5462
5462
5464
5464
5464
5464
5464
5466
5466
5468
5468
5468
5470
5470
5470
5472
5472
5472
5474
5474
5474
5474
5474
5474
5476
5476
5478
5482
5482
5484
5484
5484
5484
5486
5486
5486
5488
5488
5488
5488
5490
5492
5492
5492
5492
5492
5492
5494
5498
5498
5500
5500
5500
5502
5502
5502
5504
5504
5504
5506
5506
5508
5508
5512
5514
5514
5516
5516
5518
5520
5520
5520
5520
5522
5522
5522
5522
5524
5524
5524
5524
5524
5524
5526
5526
5526
5528
5528
5528
5530
5530
5532
5536
5536
5536
5538
5540
5540
5542
5542
5542
5544
5544
5544
5548
5548
5550
5550
5550
5552
5554
5554
5556
5556
5556
5556
5558
5558
5560
5560
5560
5560
5560
5560
5560
5560
5562
5562
5564
5566
5568
5570
5570
5572
5574
5574
5574
5574
5574
5580
5580
5582
5582
5582
5582
5584
5584
5586
5588
5588
5588
5588
5588
5588
5590
5590
5592
5592
5592
5592
5592
5592
5592
5594
5594
5594
5596
5598
5602
5604
5604
5604
5608
5610
5612
5614
5616
5616
5616
5616
5624
5624
5626
5628
5630
5630
5632
5632
5632
5634
5634
5636
5638
5640
5640
5640
5642
5650
5650
5650
5652
5656
5658
5660
5666
5668
5668
5670
5670
5672
5672
5674
5676
5676
5678
5678
5680
5682
5682
5684
5684
5686
5688
5690
5692
5696
5698
5700
5700
5700
5706
5706
5706
5708
5708
5714
5716
5716
5716
5716
5718
5720
5722
5722
5724
5724
5728
5730
5730
5732
5734
5734
5740
5740
5740
5740
5742
5742
5742
5744
5746
5746
5746
5748
5750
5752
5758
5760
5760
5760
5766
5766
5768
5772
5778
5788
5790
5790
5790
5794
5794
5798
5798
5802
5804
5804
5808
5808
5808
5812
5812
5820
5824
5824
5832
5832
5834
5834
5840
5848
5850
5852
5854
5856
5856
5856
5858
5864
5868
5868
5870
5870
5882
5884
5884
5886
5890
5892
5892
5900
5906
5908
5912
5912
5914
5914
5922
5926
5926
5928
5928
5936
5940
5940
5942
5944
5950
5950
5952
5960
5964
5968
5968
5970
5970
5976
5980
5986
5994
5996
5996
5998
6004
6004
6018
6020
6022
6024
6024
6028
6038
6040
6042
6046
6046
6048
6050
6054
6066
6070
6072
6072
6078
6086
6094
6094
6096
6102
6112
6116
6118
6126
6128
6132
6132
6138
6142
6146
6152
6158
6160
6162
6164
6164
6164
6170
6178
6182
6184
6184
6188
6192
6192
6208
6214
6214
6216
6216
6216
6224
6224
6236
6244
6266
6284
6290
6304
6304
6304
6320
6346
6354
6356
6358
6370
6370
6372
6376
6394
6400
6402
6422
6428
6444
6446
6448
6484
6490
6492
6516
6516
6538
6546
6558
6572
6578
6610
6636
6642
6680
6702
6716
6718
6724
6786
6786
6810
6876
6960
6988
6992
7020
7040
7174
7242
7336
7466
7568
7616
7732
7868
7916
8066
8114
8284
8422
8424
8482
8770
8922
8972
9176
9182
9318
9740
9750
10192
10268
10394
10638
10940
11006
11124
11126
11134
11160
11174
11186
11306
11406
11576
11708
11742
11814
11878
11962
12128
12170
12184
12402
12404
12544
12742
12802
12978
13026
13028
13572
14034
14292
14384
14402
14484
14630
14642
14726
14924
14976
15368
15370
15420
15556
15806
16140
16222
16310
16808
16860
17354
17686
17818
17952
18156
18200
18822
18980
19176
19344
19782
19912
19950
20064
20702
20730
20990
21058
21124
21498
21922
23240
23278
23406
24436
24578
24820
24966
25074
25306
25392
25592
25664
25784
25908
25950
26808
27200
27650
28766
28874
30352
30430
30650
31460
31472
32552
33206
33378
34962
35136
35244
35246
35652
35734
35810
37260
38662
39160
40920
57292
60776
61196
67462
69686
87842
