Latencies
5112
5118
5126
5128
5134
5140
5142
5150
5152
5154
5158
5160
5164
5166
5170
5170
5172
5172
5172
5174
5174
5176
5178
5178
5180
5182
5184
5184
5186
5186
5186
5188
5190
5192
5192
5194
5194
5196
5196
5198
5198
5198
5198
5200
5200
5202
5202
5202
5202
5204
5206
5206
5206
5206
5208
5208
5208
5210
5210
5212
5212
5212
5212
5212
5212
5214
5214
5216
5216
5218
5218
5218
5218
5218
5220
5220
5220
5222
5222
5222
5222
5222
5222
5224
5224
5226
5226
5226
5226
5228
5228
5228
5228
5230
5230
5232
5234
5234
5234
5236
5236
5238
5238
5240
5240
5240
5242
5242
5244
5248
5248
5248
5248
5250
5250
5252
5252
5254
5256
5256
5256
5258
5262
5264
5264
5264
5266
5266
5266
5266
5268
5268
5268
5270
5272
5274
5274
5274
5274
5274
5276
5276
5276
5276
5276
5278
5278
5278
5280
5280
5280
5280
5280
5282
5282
5284
5284
5286
5288
5290
5292
5292
5294
5294
5294
5300
5300
5300
5300
5300
5300
5300
5304
5304
5304
5306
5306
5306
5306
5306
5308
5308
5308
5308
5308
5308
5310
5312
5312
5312
5314
5314
5314
5314
5314
5316
5316
5316
5316
5316
5316
5318
5318
5318
5318
5320
5320
5320
5320
5320
5320
5322
5324
5324
5324
5324
5326
5328
5328
5328
5328
5328
5330
5330
5330
5330
5332
5332
5332
5332
5332
5332
5332
5332
5334
5334
5334
5334
5336
5336
5336
5336
5338
5338
5338
5340
5340
5340
5342
5342
5342
5342
5342
5342
5342
5342
5344
5344
5344
5346
5348
5348
5348
5348
5348
5348
5348
5348
5348
5350
5350
5350
5350
5350
5350
5350
5350
5350
5350
5350
5352
5352
5352
5352
5354
5354
5354
5354
5354
5356
5356
5356
5356
5358
5358
5358
5358
5358
5360
5360
5360
5360
5360
5360
5360
5360
5360
5364
5364
5364
5364
5364
5366
5366
5366
5366
5366
5368
5368
5370
5370
5370
5370
5374
5376
5376
5376
5376
5376
5380
5380
5380
5380
5380
5380
5380
5382
5382
5382
5382
5382
5382
5384
5384
5384
5384
5384
5386
5386
5386
5388
5388
5388
5388
5388
5388
5388
5390
5390
5390
5392
5392
5392
5392
5394
5394
5394
5396
5398
5400
5400
5404
5404
5404
5406
5406
5406
5406
5406
5406
5408
5408
5408
5408
5410
5410
5414
5414
5414
5414
5416
5416
5416
5416
5418
5418
5418
5418
5420
5420
5420
5420
5422
5424
5424
5424
5424
5424
5424
5424
5426
5428
5428
5428
5428
5430
5430
5430
5430
5430
5432
5432
5434
5434
5436
5436
5436
5436
5436
5436
5438
5438
5438
5438
5438
5440
5440
5440
5440
5442
5444
5444
5444
5444
5444
5446
5446
5446
5448
5448
5450
5450
5450
5452
5452
5452
5454
5454
5454
5456
5456
5458
5458
5462
5462
5464
5464
5466
5466
5466
5466
5466
5468
5468
5470
5470
5472
5472
5474
5474
5474
5476
5478
5478
5480
5480
5480
5480
5480
5480
5482
5484
5486
5486
5488
5488
5490
5492
5492
5492
5492
5492
5498
5500
5500
5500
5502
5502
5506
5506
5506
5506
5508
5508
5508
5508
5510
5510
5512
5512
5512
5514
5514
5516
5516
5518
5518
5518
5518
5520
5524
5526
5526
5526
5526
5526
5528
5528
5528
5532
5532
5534
5534
5534
5536
5536
5538
5538
5538
5540
5544
5544
5548
5548
5550
5550
5550
5550
5552
5554
5556
5556
5560
5562
5562
5562
5564
5566
5566
5570
5572
5572
5572
5574
5576
5580
5582
5584
5584
5584
5588
5588
5590
5592
5592
5594
5598
5598
5600
5600
5602
5602
5602
5604
5606
5608
5610
5610
5610
5616
5616
5616
5618
5618
5618
5620
5620
5622
5622
5624
5632
5632
5634
5636
5644
5646
5648
5648
5648
5650
5650
5652
5656
5658
5658
5664
5666
5668
5668
5668
5668
5668
5670
5674
5674
5676
5678
5682
5684
5686
5686
5688
5690
5692
5696
5696
5698
5700
5700
5702
5704
5704
5712
5714
5716
5716
5716
5718
5718
5720
5720
5720
5722
5722
5722
5724
5726
5730
5736
5740
5740
5742
5742
5744
5746
5748
5750
5750
5750
5750
5752
5752
5754
5756
5758
5758
5758
5758
5760
5762
5764
5764
5766
5766
5766
5770
5770
5776
5778
5778
5782
5782
5782
5786
5792
5798
5800
5802
5808
5808
5810
5812
5816
5818
5822
5826
5826
5828
5832
5834
5834
5836
5838
5838
5840
5844
5844
5846
5846
5850
5856
5856
5856
5856
5858
5858
5860
5862
5864
5864
5866
5868
5874
5874
5876
5876
5882
5888
5890
5896
5898
5898
5900
5900
5906
5906
5908
5910
5918
5922
5924
5926
5930
5934
5934
5936
5938
5940
5942
5946
5948
5950
5950
5952
5954
5956
5956
5958
5962
5962
5966
5968
5970
5978
5980
5984
5984
5996
5998
5998
6002
6002
6004
6006
6010
6016
6018
6018
6026
6028
6030
6030
6032
6034
6042
6044
6050
6052
6056
6068
6070
6072
6074
6076
6078
6078
6078
6080
6084
6086
6100
6100
6106
6108
6108
6112
6122
6128
6130
6144
6146
6150
6162
6170
6184
6196
6200
6216
6220
6222
6224
6230
6238
6240
6242
6244
6248
6254
6264
6270
6274
6276
6278
6282
6284
6284
6298
6310
6320
6336
6336
6338
6356
6366
6370
6378
6384
6386
6444
6444
6452
6466
6470
6490
6546
6598
6624
6630
6650
6670
6672
6758
6772
6820
6836
6868
6890
6922
7084
7102
7112
7432
7456
7844
7878
7930
8356
8558
8884
8968
9216
9314
9340
9340
9356
9532
9606
9740
9830
9944
10072
10136
10272
10340
10410
10552
10650
11126
11308
11334
11566
12182
12592
12626
13272
13298
13302
13510
13848
13904
13920
13972
14110
14156
14174
14282
14586
14924
15080
15192
15304
15434
15748
16040
16388
16610
17072
17262
18166
18330
19050
19204
19816
20618
20692
21110
21718
21766
21826
22014
22458
22526
23070
23316
24696
25052
25350
25360
25464
25580
26500
26708
27720
28840
30624
31576
32672
32850
34084
34454
35458
35898
35916
35984
36954
37966
