Latencies
5190
5198
5214
5218
5228
5232
5238
5240
5242
5248
5250
5260
5264
5264
5274
5274
5284
5286
5286
5288
5290
5292
5292
5294
5294
5294
5296
5296
5298
5298
5300
5302
5304
5306
5306
5306
5308
5310
5310
5318
5318
5320
5322
5324
5324
5326
5326
5328
5328
5330
5330
5332
5334
5334
5336
5338
5338
5340
5342
5344
5344
5344
5346
5348
5348
5352
5352
5354
5358
5358
5358
5358
5358
5358
5360
5362
5362
5364
5364
5364
5364
5364
5364
5364
5364
5366
5366
5366
5366
5368
5368
5370
5370
5372
5372
5372
5374
5374
5376
5376
5376
5376
5378
5380
5380
5380
5380
5380
5380
5382
5382
5384
5384
5384
5384
5386
5386
5386
5386
5386
5388
5388
5388
5390
5390
5390
5390
5392
5392
5392
5392
5394
5396
5396
5396
5396
5396
5396
5398
5398
5398
5398
5398
5400
5400
5400
5402
5404
5406
5406
5406
5406
5406
5408
5408
5410
5410
5410
5410
5410
5410
5410
5410
5410
5410
5410
5410
5410
5412
5412
5412
5412
5412
5412
5414
5414
5414
5414
5416
5416
5416
5416
5418
5418
5418
5418
5418
5418
5420
5420
5420
5420
5420
5420
5420
5420
5422
5422
5422
5422
5424
5424
5424
5424
5424
5424
5426
5426
5426
5426
5426
5426
5426
5426
5428
5428
5428
5428
5428
5428
5430
5430
5430
5430
5430
5430
5430
5432
5432
5432
5432
5432
5432
5432
5434
5434
5434
5434
5434
5436
5436
5436
5436
5436
5438
5440
5440
5440
5440
5440
5440
5442
5442
5442
5442
5442
5444
5444
5446
5446
5450
5450
5450
5450
5452
5452
5452
5452
5452
5454
5454
5456
5456
5456
5456
5456
5460
5460
5460
5460
5460
5460
5460
5462
5462
5462
5462
5464
5464
5466
5466
5466
5470
5470
5472
5472
5472
5474
5474
5474
5476
5476
5476
5478
5478
5478
5480
5482
5484
5484
5484
5484
5484
5486
5486
5486
5488
5488
5488
5488
5490
5490
5490
5490
5490
5492
5492
5492
5492
5494
5494
5494
5494
5496
5498
5498
5502
5502
5502
5502
5504
5504
5506
5506
5508
5510
5510
5510
5510
5512
5512
5514
5516
5516
5518
5518
5520
5520
5520
5520
5524
5526
5526
5526
5526
5528
5530
5530
5530
5532
5532
5534
5534
5534
5536
5536
5536
5536
5538
5540
5540
5540
5542
5544
5544
5546
5548
5548
5548
5550
5550
5550
5550
5550
5552
5552
5552
5554
5554
5554
5558
5558
5560
5562
5562
5562
5566
5566
5566
5566
5568
5568
5568
5568
5568
5570
5574
5574
5576
5576
5578
5578
5578
5580
5580
5582
5582
5582
5584
5586
5586
5586
5588
5588
5588
5588
5590
5590
5590
5592
5592
5592
5592
5594
5594
5596
5596
5598
5598
5598
5598
5600
5600
5600
5602
5602
5604
5606
5608
5608
5608
5608
5608
5610
5610
5612
5614
5614
5618
5620
5622
5622
5624
5626
5626
5626
5628
5628
5630
5634
5634
5636
5642
5644
5644
5644
5646
5648
5650
5650
5650
5650
5650
5650
5652
5652
5652
5654
5654
5654
5654
5658
5662
5664
5664
5666
5666
5666
5666
5668
5668
5672
5676
5676
5678
5678
5678
5680
5684
5686
5686
5688
5688
5690
5692
5696
5696
5696
5700
5702
5704
5704
5706
5708
5710
5710
5712
5714
5718
5718
5718
5722
5722
5722
5722
5724
5724
5730
5732
5732
5734
5736
5736
5740
5740
5742
5744
5744
5746
5746
5748
5748
5748
5748
5748
5750
5750
5752
5754
5754
5754
5756
5760
5762
5764
5764
5770
5770
5770
5770
5772
5774
5776
5776
5776
5778
5780
5782
5784
5784
5784
5786
5786
5786
5790
5798
5800
5802
5802
5804
5804
5806
5806
5808
5812
5812
5812
5814
5814
5816
5816
5816
5816
5818
5818
5822
5822
5824
5824
5824
5830
5832
5834
5836
5836
5838
5838
5846
5848
5848
5854
5856
5856
5858
5860
5866
5866
5870
5870
5872
5872
5872
5876
5876
5878
5880
5880
5882
5884
5888
5890
5892
5894
5896
5898
5900
5906
5906
5906
5906
5906
5908
5908
5910
5912
5914
5914
5916
5922
5924
5924
5924
5926
5926
5930
5932
5938
5940
5946
5950
5954
5954
5956
5958
5958
5958
5960
5960
5962
5964
5964
5964
5966
5972
5980
5984
5986
5986
5990
5992
5992
5992
5996
5996
5998
5998
5998
6000
6000
6000
6000
6002
6004
6004
6006
6012
6012
6014
6014
6014
6014
6016
6018
6020
6020
6022
6022
6024
6026
6030
6032
6032
6034
6034
6036
6036
6040
6040
6040
6042
6044
6048
6052
6054
6056
6056
6056
6056
6058
6060
6062
6062
6064
6064
6068
6070
6072
6074
6076
6076
6078
6080
6080
6082
6084
6092
6094
6094
6096
6096
6096
6098
6100
6102
6104
6104
6104
6106
6108
6114
6120
6124
6124
6126
6128
6130
6130
6132
6132
6142
6146
6148
6148
6148
6156
6158
6158
6162
6162
6166
6166
6170
6172
6172
6176
6176
6176
6178
6180
6180
6182
6182
6186
6188
6188
6192
6194
6198
6198
6200
6200
6200
6210
6212
6212
6212
6214
6216
6224
6232
6236
6240
6240
6242
6244
6244
6244
6244
6248
6250
6254
6258
6258
6264
6272
6282
6284
6288
6298
6302
6306
6306
6310
6316
6322
6322
6324
6328
6332
6338
6344
6344
6346
6350
6350
6358
6362
6372
6380
6384
6406
6412
6416
6428
6436
6448
6464
6466
6470
6482
6492
6496
6524
6548
6570
6588
6592
6622
6622
6642
6642
6668
6694
6742
6748
6756
6768
6784
6816
6836
6916
6968
7016
7020
7038
7102
7122
7136
7176
7228
7324
7364
7382
7458
7510
7620
7686
8080
8708
9030
9114
9268
9806
9970
10102
10128
10174
10176
10534
10934
11040
11096
11098
11102
11298
11504
11706
12028
12422
12714
13006
13016
13848
14104
14130
14182
14342
14344
14464
14476
14790
15696
15990
16334
16614
17430
17816
17970
18324
18830
19572
20048
23330
24046
24386
25168
26004
27340
31428
31618
34066
34910
35046
35442
36384
37630
