Latencies
5092
5108
5144
5160
5170
5174
5176
5176
5180
5182
5184
5192
5198
5198
5200
5202
5212
5222
5224
5226
5226
5228
5232
5244
5250
5252
5252
5252
5254
5258
5270
5274
5276
5280
5286
5286
5296
5298
5300
5300
5302
5302
5304
5306
5306
5306
5308
5312
5328
5330
5334
5336
5336
5336
5340
5342
5344
5346
5346
5348
5350
5354
5356
5358
5358
5360
5366
5370
5372
5378
5378
5390
5392
5392
5396
5396
5400
5400
5412
5426
5430
5432
5432
5432
5432
5432
5436
5442
5450
5470
5476
5476
5482
5482
5486
5494
5494
5496
5500
5500
5504
5508
5508
5518
5520
5520
5522
5526
5538
5540
5548
5548
5558
5558
5560
5560
5572
5576
5578
5580
5582
5600
5600
5610
5614
5628
5630
5638
5642
5646
5650
5650
5652
5658
5662
5666
5670
5670
5674
5674
5680
5682
5682
5688
5688
5696
5702
5710
5714
5720
5720
5728
5732
5738
5742
5744
5746
5756
5758
5770
5772
5772
5774
5784
5792
5794
5796
5804
5808
5814
5822
5822
5832
5832
5836
5840
5840
5842
5842
5846
5850
5850
5858
5862
5864
5868
5872
5880
5882
5886
5890
5890
5904
5922
5924
5926
5930
5932
5932
5940
5952
5964
5972
5974
5982
5982
6004
6006
6018
6024
6030
6038
6056
6062
6080
6080
6086
6094
6096
6102
6106
6134
6140
6142
6148
6158
6164
6166
6170
6172
6176
6184
6240
6262
6290
6292
6298
6300
6302
6312
6340
6342
6344
6356
6366
6378
6378
6484
6490
6512
6514
6538
6546
6552
6560
6564
6568
6572
6586
6602
6632
6652
6666
6686
6688
6704
6710
6728
6750
6750
6754
6772
6784
6800
6808
6818
6842
6842
6862
6886
6908
6910
6920
6934
6934
6946
6946
6956
7008
7030
7036
7036
7056
7078
7102
7132
7138
7158
7176
7210
7212
7224
7226
7254
7260
7272
7286
7304
7310
7328
7340
7348
7350
7376
7392
7396
7404
7412
7414
7420
7422
7432
7476
7490
7494
7510
7540
7552
7574
7608
7614
7616
7628
7632
7638
7650
7686
7694
7706
7728
7730
7758
7780
7796
7804
7902
7910
7934
7936
7980
7982
7984
8010
8016
8022
8062
8078
8098
8114
8128
8128
8156
8158
8216
8220
8230
8310
8316
8328
8328
8328
8330
8370
8372
8374
8384
8386
8424
8430
8452
8466
8470
8474
8480
8504
8506
8532
8562
8566
8588
8596
8604
8614
8614
8618
8628
8630
8672
8716
8716
8738
8752
8756
8762
8764
8794
8802
8844
8918
8922
8932
8934
8960
8966
8972
8974
9018
9020
9036
9040
9056
9064
9068
9098
9136
9144
9154
9170
9208
9222
9244
9248
9250
9290
9310
9318
9336
9346
9352
9370
9372
9416
9476
9500
9514
9516
9520
9534
9540
9550
9562
9618
9622
9622
9654
9718
9734
9742
9758
9768
9780
9786
9798
9798
9820
9850
9884
9892
9896
9914
9966
9968
9984
10002
10002
10012
10014
10052
10074
10092
10098
10108
10144
10246
10250
10252
10264
10294
10300
10314
10326
10342
10356
10368
10474
10510
10566
10568
10588
10596
10626
10640
10648
10652
10666
10748
10758
10796
10800
10806
10814
10820
10848
10864
10902
10974
10986
11000
11000
11028
11036
11050
11058
11074
11076
11100
11102
11112
11124
11128
11174
11204
11214
11218
11220
11252
11268
11280
11328
11336
11340
11342
11348
11366
11382
11432
11450
11472
11494
11496
11508
11536
11564
11640
11672
11698
11700
11762
11778
11790
11796
11820
11840
11862
11874
11900
11910
11924
11924
11932
11936
11990
11996
12002
12012
12056
12064
12116
12122
12138
12172
12192
12222
12224
12236
12280
12322
12328
12372
12388
12408
12418
12426
12430
12448
12474
12490
12492
12502
12514
12520
12522
12568
12598
12626
12630
12630
12638
12650
12668
12680
12688
12688
12708
12758
12766
12780
12782
12820
12828
12868
12876
12890
12916
12920
12950
12988
12994
13002
13004
13006
13008
13066
13072
13090
13124
13126
13150
13210
13226
13230
13242
13246
13248
13250
13260
13268
13312
13324
13326
13352
13380
13384
13384
13418
13422
13426
13442
13494
13498
13498
13506
13508
13518
13584
13590
13614
13626
13632
13634
13668
13674
13710
13728
13728
13756
13774
13786
13808
13826
13856
13874
13890
13902
13932
13940
13942
13956
13970
13986
13986
14012
14020
14034
14038
14042
14070
14074
14074
14090
14106
14108
14110
14154
14158
14164
14164
14192
14200
14200
14202
14216
14220
14234
14250
14276
14278
14278
14290
14298
14300
14310
14314
14316
14336
14362
14364
14370
14372
14374
14376
14392
14396
14398
14414
14418
14424
14430
14442
14452
14466
14478
14488
14494
14494
14496
14512
14528
14530
14530
14538
14558
14568
14584
14604
14606
14620
14624
14630
14634
14636
14638
14646
14672
14688
14692
14694
14704
14706
14710
14712
14714
14716
14724
14730
14744
14744
14748
14748
14748
14758
14766
14776
14780
14784
14786
14796
14810
14830
14834
14836
14844
14846
14850
14864
14872
14874
14874
14874
14882
14888
14892
14892
14892
14902
14906
14910
14910
14914
14916
14916
14926
14928
14936
14938
14938
14946
14958
14958
14966
14970
14972
14978
14996
15000
15000
15002
15016
15026
15040
15048
15058
15060
15066
15070
15076
15084
15086
15090
15092
15098
15110
15112
15120
15122
15154
15160
15160
15160
15166
15178
15186
15186
15190
15192
15196
15196
15200
15202
15204
15216
15222
15222
15254
15264
15276
15276
15278
15290
15306
15308
15310
15316
15324
15336
15340
15348
15370
15378
15388
15396
15398
15400
15406
15416
15436
15440
15450
15464
15478
15482
15482
15492
15496
15514
15540
15550
15556
15558
15568
15574
15594
15646
15796
15822
15826
15826
15892
16080
16112
16356
16364
16404
16588
16598
16858
17184
17404
17630
17960
19752
20780
21104
21264
22274
23024
23284
23906
24246
24334
24386
24524
24572
24738
24744
24792
25010
25090
25374
25692
26298
27942
29324
32326
34748
39030
