Latencies
5260
5298
5396
5434
5738
5868
5948
6010
6048
6058
6058
6086
6088
6160
6190
6210
6212
6216
6234
6388
6404
6448
6472
6526
6536
6552
6646
6700
6728
6780
6782
6812
6842
6868
6914
6918
6958
6988
7004
7028
7108
7124
7150
7228
7230
7274
7278
7284
7322
7344
7348
7404
7590
7636
7700
7730
7786
7792
7802
7828
7850
7856
7924
7984
8004
8014
8020
8024
8042
8046
8052
8064
8084
8102
8114
8148
8208
8272
8336
8412
8414
8432
8544
8578
8594
8620
8640
8646
8648
8744
8858
8898
8904
8908
8922
8928
8956
8958
8966
8978
9072
9154
9206
9210
9336
9450
9492
9498
9552
9602
9670
9678
9716
9738
9746
9774
9866
9874
9894
9958
9968
9968
9978
9994
10002
10022
10108
10152
10170
10170
10186
10192
10232
10232
10254
10328
10354
10382
10396
10400
10528
10532
10538
10630
10634
10638
10654
10690
10706
10718
10890
10948
10986
11040
11064
11076
11122
11142
11186
11202
11208
11208
11216
11220
11320
11450
11484
11500
11534
11632
11642
11662
11698
11732
11780
11786
11800
11812
11820
11828
11912
11948
11948
11972
11974
12024
12030
12108
12156
12226
12280
12322
12326
12348
12386
12436
12446
12458
12488
12508
12534
12540
12554
12566
12586
12594
12600
12612
12660
12674
12682
12684
12728
12766
12780
12796
12798
12812
12812
12816
12824
12842
12856
12926
12928
12936
12970
12974
13038
13044
13056
13070
13108
13170
13194
13214
13290
13304
13338
13370
13414
13534
13550
13566
13610
13638
13642
13660
13706
13710
13728
13732
13742
13788
13792
13792
13826
13892
13894
13914
13934
13936
13954
13972
13976
13976
13976
13982
13992
14026
14034
14042
14058
14132
14144
14148
14172
14178
14220
14236
14238
14250
14266
14268
14290
14292
14294
14310
14324
14346
14374
14396
14412
14416
14418
14418
14436
14478
14500
14528
14544
14544
14550
14568
14588
14590
14598
14600
14606
14634
14660
14678
14690
14692
14704
14710
14712
14740
14742
14746
14756
14768
14770
14774
14778
14782
14804
14814
14828
14834
14848
14860
14870
14878
14886
14892
14900
14924
14930
14934
14952
14960
14968
14970
14974
14986
15012
15036
15044
15050
15052
15056
15064
15082
15100
15110
15114
15116
15120
15148
15160
15188
15190
15200
15202
15208
15208
15222
15222
15230
15234
15254
15254
15272
15274
15278
15292
15294
15296
15302
15316
15318
15328
15352
15358
15360
15364
15384
15384
15386
15392
15394
15396
15398
15402
15418
15424
15436
15436
15440
15456
15478
15506
15516
15534
15552
15566
15572
15576
15582
15600
15600
15604
15604
15622
15628
15660
15670
15672
15686
15694
15730
15762
15782
15788
15792
15816
15830
15864
15892
15972
15998
16010
16038
16060
16074
16094
16100
16156
16226
16238
16274
16330
16344
16360
16374
16428
16468
16508
16514
16524
16582
16608
16622
16692
16736
16736
16778
16790
16804
16810
16868
16920
16946
17040
17162
17196
17228
17264
17278
17302
17302
17312
17358
17378
17396
17416
17418
17434
17476
17488
17544
17588
17610
17610
17618
17622
17692
17692
17704
17902
17910
17940
17956
17976
17990
18000
18006
18006
18032
18054
18124
18170
18278
18292
18292
18296
18314
18466
18492
18564
18612
18648
18654
18712
18720
18750
18750
18848
18940
18978
19004
19228
19240
19260
19346
19386
19406
19484
19500
19544
19558
19582
19594
19616
19660
19718
19818
19836
19934
19970
20010
20052
20060
20106
20148
20212
20228
20308
20336
20376
20388
20400
20406
20422
20438
20440
20462
20522
20532
20550
20662
20674
20694
20712
20788
20858
20864
20920
20932
20954
21038
21084
21116
21132
21208
21304
21442
21462
21538
21630
21632
21646
21714
21770
21782
21820
21886
21910
21926
21960
21970
21986
22006
22096
22148
22162
22250
22312
22380
22402
22556
22564
22582
22666
22682
22694
22696
22704
22750
22798
22804
22854
22864
22978
23018
23056
23172
23246
23310
23454
23468
23560
23628
23678
23682
23690
23726
23766
23768
23802
23910
23910
23938
23944
23962
23972
23994
24012
24028
24050
24054
24056
24058
24068
24098
24124
24128
24176
24180
24200
24214
24218
24234
24240
24256
24256
24258
24258
24302
24306
24312
24312
24324
24352
24358
24368
24372
24374
24386
24390
24402
24426
24434
24448
24458
24462
24470
24502
24514
24518
24526
24574
24596
24618
24628
24636
24636
24646
24650
24672
24676
24686
24694
24700
24714
24722
24726
24740
24748
24748
24748
24756
24764
24768
24790
24794
24796
24824
24846
24848
24866
24874
24894
24894
24910
24912
24930
24958
24960
24972
24976
24980
24990
24998
25020
25038
25050
25058
25076
25086
25108
25120
25120
25126
25190
25192
25196
25220
25240
25244
25288
25292
25326
25338
25344
25344
25372
25372
25386
25390
25398
25424
25460
25496
25516
25518
25546
25582
25588
25592
25646
25684
25686
25704
25740
25794
25796
25802
25810
25842
25852
25870
25902
25918
25984
26064
26076
26130
26176
26208
26358
26392
26420
26478
26502
26506
26522
26756
26822
26836
26906
26978
27072
27242
27276
27284
27408
27482
27532
27854
27870
27970
28134
28202
28208
28278
28316
28372
28544
28562
28720
28774
28828
29010
29232
29298
29366
29414
29442
29596
29702
29816
29886
29904
29922
29948
30156
30210
30450
30490
30510
30536
30616
30870
30942
31000
31018
31024
31080
31108
31208
31350
31352
31516
31554
31586
31600
31736
31750
31842
31902
32050
32164
32242
32378
32390
32392
32462
32500
32556
32570
32582
32600
32606
32606
32766
32910
32932
32990
32998
33014
33216
33360
33384
33636
33642
33650
33716
33752
33850
33854
33870
33892
33902
33960
33968
33984
33996
34068
34110
34180
34184
34216
34238
34262
34274
34278
34314
34320
34342
34376
34400
34412
34418
34430
34446
34464
34468
34474
34498
34554
34564
34582
34598
34628
34632
34638
34644
34644
34654
34658
34682
34684
34690
34740
34752
34754
34900
34994
35024
35026
35110
35210
35250
35278
35300
35328
35470
35490
35732
36028
36028
36074
36102
36106
36132
36204
36214
36220
36268
36488
36674
36862
37290
37344
37418
37806
38296
38382
38768
39166
40124
40580
40704
40894
41082
41784
42732
42842
42998
43332
43370
43852
44042
44130
44398
44518
44672
45384
51044
53292
55348
58042
65738
69800
78202
82000
117432
126918
779142
2011348
3994494
11295414
