Latencies
5626
5946
6058
6270
6324
6448
6630
6828
7020
7214
7302
7360
8010
8198
8440
8452
8860
8930
9106
9140
9206
9248
9530
9746
9916
10704
10764
10998
11182
11964
12018
12234
12692
12776
12806
12956
13604
13958
14540
14746
15052
15110
15144
15260
15316
15352
15510
15530
15574
15586
15604
15740
15924
15954
15960
16002
16006
16032
16050
16052
16232
16300
16320
16598
16738
16824
16902
16978
17066
17094
17176
17182
17244
17292
17356
17368
17476
17548
17642
17670
17692
17956
18130
18202
18204
18276
18380
18424
18468
18472
18478
18482
18598
18666
18798
18836
18946
18986
18994
19072
19078
19164
19204
19376
19480
19662
19956
20006
20022
20098
20166
20254
20310
20396
20504
20682
20912
20946
20972
21036
21056
21120
21158
21164
21202
21368
21370
21424
21488
21514
21592
21642
21652
21844
21854
21862
21910
22100
22270
22380
22484
22536
22622
22680
22682
22710
22784
22902
22904
22954
23010
23102
23230
23254
23296
23352
23624
23668
23680
23690
23736
23834
23854
23980
23984
24022
24038
24122
24162
24170
24180
24208
24222
24258
24264
24302
24376
24382
24398
24410
24428
24438
24454
24516
24578
24606
24632
24644
24648
24670
24728
24786
24804
24818
24822
24836
24878
24898
24974
24996
25026
25114
25128
25142
25168
25172
25242
25258
25286
25420
25474
25496
25498
25514
25524
25634
25666
25682
25684
25742
25818
25874
25924
26080
26116
26256
26304
26370
26430
26468
26474
26558
26598
26660
26704
26778
26890
26970
27026
27028
27052
27074
27156
27182
27224
27236
27272
27300
27386
27406
27416
27482
27488
27552
27582
27752
27944
27968
27986
28034
28040
28072
28150
28276
28318
28400
28452
28456
28472
28482
28594
28648
28652
28696
28792
28846
28854
28898
28946
28994
29034
29044
29190
29280
29464
29756
29770
29804
29902
29964
29974
30100
30142
30258
30300
30318
30340
30372
30642
30706
30730
30786
30944
31028
31076
31134
31258
31284
31364
31398
31636
31662
31688
31764
31838
31860
31916
32100
32134
32224
32228
32330
32418
32444
32532
32544
32546
32550
32682
32810
32850
32906
33010
33020
33068
33170
33208
33312
33336
33406
33406
33444
33590
33606
33608
33678
33776
33796
33862
33924
33940
34026
34026
34052
34058
34066
34070
34084
34094
34114
34116
34132
34170
34190
34222
34230
34248
34312
34312
34326
34350
34390
34390
34434
34506
34514
34540
34556
34584
34588
34610
34638
34658
34670
34674
34684
34708
34744
34748
34748
34754
34758
34812
34822
34838
34860
34872
34896
34896
34924
34940
34964
35020
35030
35054
35096
35106
35114
35130
35168
35174
35180
35196
35202
35246
35320
35406
35406
35410
35444
35636
35800
35814
35814
35972
36126
36138
36226
36272
36530
36558
36726
36886
37120
37226
37256
37278
37328
37432
37478
37524
37772
37860
37958
37960
38006
38202
38254
38410
38458
38526
38780
38986
38986
39144
39322
39336
39354
39390
39406
39574
39606
39656
39726
39788
39790
39862
39914
39994
40058
40094
40096
40192
40200
40252
40278
40306
40344
40542
40570
40572
40642
40686
40714
40974
41028
41116
41460
41702
41736
41876
42064
42112
42116
42248
42258
42272
42372
42436
42440
42458
42494
42664
42748
42760
42800
42826
42924
42988
42992
43050
43054
43096
43106
43242
43318
43334
43348
43364
43566
43600
43646
43758
43800
43904
43952
44104
44124
44142
44186
44210
44234
44236
44444
44448
44494
44526
44528
44548
44578
44596
44644
44646
44648
44684
44700
44708
44834
44880
44884
44904
44992
45066
45134
45144
45198
45314
45472
45560
45598
45614
45994
46092
46094
46144
46152
46274
46274
46280
46342
46424
46440
46534
46632
46686
46748
46940
47114
47132
47140
47334
47420
47558
47564
47710
47758
47920
47992
48484
48542
48576
48592
48604
48636
48826
48858
48864
48866
48950
48974
49080
49090
49374
49388
49426
49604
49624
49662
49800
49892
49906
49920
50002
50046
50144
50430
50440
50528
50542
50560
50602
50636
50840
50854
51000
51030
51078
51178
51194
51232
51236
51276
51278
51308
51310
51378
51412
51594
51700
51736
51868
51882
51942
51986
52022
52028
52056
52168
52204
52362
52418
52458
52576
52596
52626
52690
52720
52722
52780
52858
52964
52980
52994
53144
53144
53164
53168
53214
53226
53232
53246
53346
53364
53364
53398
53404
53466
53474
53480
53484
53546
53554
53566
53574
53574
53618
53628
53638
53646
53678
53710
53722
53726
53740
53742
53750
53752
53760
53770
53792
53806
53814
53822
53854
53876
53878
53882
53890
53900
53906
53906
53950
53952
53962
53988
53988
53994
54004
54006
54028
54028
54030
54032
54044
54044
54058
54068
54082
54088
54094
54094
54110
54148
54222
54250
54264
54264
54304
54314
54314
54326
54350
54358
54366
54388
54448
54488
54492
54504
54506
54556
54590
54596
54602
54620
54642
54668
54672
54672
54680
54852
54880
54918
54926
55122
55154
55310
55800
56004
56276
56422
56598
56822
56874
56876
56964
57162
57196
57208
57324
57658
57740
58062
58064
58098
58224
58332
58344
58408
58494
58596
58606
58628
58780
58814
58828
58972
59358
59672
59702
59976
60086
60098
60262
60332
60462
61140
61406
61454
61708
61948
61974
61974
62434
62822
63068
63162
63348
63478
63512
63636
63676
63704
63962
64006
64072
64228
64266
64304
64334
64522
64616
64662
64872
65152
65226
65600
65758
65766
65876
65928
66058
66118
66220
66230
66426
66550
66742
66768
66964
66996
67244
67400
67448
67674
67684
67718
67770
67838
67934
68010
68138
68618
68646
68656
68752
68908
69156
69622
69844
69942
70164
70380
70464
70468
70492
70968
71324
71364
71634
71676
71702
71792
72200
72250
72478
72518
72526
72588
72694
72744
72974
73008
73024
73046
73106
73136
73164
73174
73176
73180
73194
73198
73204
73254
73262
73274
73298
73348
73378
73394
73420
73432
73452
73462
73476
73490
73490
73502
73508
73512
73530
73560
73592
73616
73650
73656
73688
73702
73710
73710
73712
73716
73718
73724
73764
73772
73810
73850
73864
73884
73908
73928
73934
73954
73960
73964
74232
74306
74346
74348
74398
74502
75950
76206
77238
77692
77826
78076
78384
78906
79400
80004
80672
81752
81968
82648
82882
83488
90372
91742
102212
114074
116126
116226
125398
138450
178612
181334
231992
256232
1315338
1460070
1862572
18652484
