Latencies
5140
5238
5246
5248
5248
5256
5262
5268
5272
5296
5304
5324
5334
5338
5340
5340
5346
5346
5350
5356
5358
5360
5382
5382
5388
5388
5394
5398
5402
5414
5430
5432
5442
5444
5446
5446
5448
5458
5460
5466
5468
5468
5470
5474
5478
5480
5484
5500
5502
5502
5502
5506
5506
5516
5532
5536
5536
5544
5548
5554
5556
5560
5562
5570
5574
5584
5594
5596
5596
5608
5616
5626
5640
5644
5646
5650
5658
5660
5664
5678
5680
5680
5682
5686
5690
5692
5696
5706
5706
5708
5710
5714
5716
5730
5730
5740
5758
5762
5762
5782
5782
5786
5786
5786
5788
5788
5792
5802
5806
5810
5812
5814
5830
5830
5832
5836
5840
5842
5848
5860
5860
5860
5870
5884
5896
5900
5908
5914
5924
5926
5936
5944
5944
5946
5948
5950
5958
5970
5972
5994
6036
6040
6044
6044
6060
6062
6064
6080
6082
6092
6094
6098
6098
6106
6112
6132
6148
6150
6158
6160
6174
6180
6194
6222
6224
6234
6240
6254
6278
6298
6298
6306
6320
6346
6362
6406
6440
6440
6446
6458
6460
6464
6464
6474
6484
6510
6552
6582
6594
6596
6598
6600
6604
6620
6634
6644
6654
6658
6672
6716
6718
6724
6766
6766
6790
6810
6814
6824
6828
6834
6834
6844
6894
6908
6920
6930
6934
6972
6974
6982
6988
6990
7002
7058
7092
7094
7102
7132
7134
7148
7162
7172
7208
7248
7298
7298
7308
7328
7334
7342
7348
7352
7352
7358
7426
7436
7436
7496
7548
7570
7574
7580
7594
7600
7618
7648
7662
7674
7686
7730
7736
7760
7782
7788
7788
7788
7816
7832
7844
7882
7886
7902
7938
7962
8016
8026
8032
8050
8090
8094
8100
8124
8132
8164
8170
8198
8214
8218
8260
8268
8284
8286
8294
8318
8378
8380
8390
8400
8404
8408
8420
8428
8440
8456
8458
8470
8472
8494
8500
8500
8516
8552
8558
8602
8604
8612
8630
8632
8632
8642
8656
8716
8768
8776
8782
8798
8808
8858
8874
8926
8948
8976
8978
9000
9000
9004
9010
9014
9030
9032
9076
9100
9110
9128
9158
9192
9206
9214
9234
9286
9306
9362
9370
9386
9396
9460
9462
9462
9494
9512
9532
9552
9562
9568
9578
9608
9610
9614
9648
9666
9666
9728
9764
9770
9806
9812
9818
9876
9886
9888
9906
9906
9936
9948
9974
9988
10026
10034
10044
10080
10102
10120
10148
10162
10184
10188
10192
10212
10242
10246
10248
10262
10266
10338
10346
10376
10378
10392
10422
10424
10434
10446
10458
10466
10476
10482
10522
10572
10600
10616
10616
10666
10668
10682
10700
10708
10734
10754
10758
10776
10776
10780
10780
10794
10816
10822
10836
10876
10878
10884
10888
10894
10914
10916
10920
10934
10950
10976
10988
10996
11000
11002
11048
11074
11084
11094
11108
11110
11116
11118
11122
11128
11138
11160
11182
11186
11192
11198
11242
11284
11290
11306
11308
11338
11364
11374
11382
11392
11392
11412
11424
11428
11438
11450
11478
11506
11548
11578
11596
11630
11692
11700
11726
11752
11778
11792
11804
11818
11838
11846
11892
11896
11904
11908
11910
11936
11940
11964
11968
11992
11998
12010
12024
12028
12032
12032
12048
12072
12072
12072
12098
12106
12106
12124
12150
12166
12180
12188
12194
12196
12214
12216
12224
12236
12280
12306
12314
12316
12316
12318
12336
12350
12362
12386
12410
12422
12434
12436
12468
12474
12476
12506
12510
12512
12514
12522
12524
12540
12578
12578
12582
12596
12598
12626
12666
12704
12704
12712
12724
12740
12740
12750
12782
12794
12802
12816
12828
12830
12850
12870
12880
12886
12906
12910
12936
12938
12942
12958
12980
12984
12990
12992
13026
13040
13074
13074
13076
13116
13118
13142
13142
13150
13154
13170
13178
13270
13270
13292
13310
13318
13328
13330
13336
13340
13350
13354
13360
13406
13406
13410
13426
13436
13468
13480
13496
13508
13524
13536
13540
13540
13558
13584
13588
13588
13596
13602
13604
13618
13640
13642
13662
13664
13668
13700
13720
13726
13748
13762
13784
13790
13800
13810
13820
13836
13852
13866
13874
13878
13886
13904
13906
13916
13924
13936
13984
13984
13984
13990
14010
14018
14048
14062
14066
14106
14116
14160
14166
14172
14176
14178
14190
14194
14200
14232
14240
14252
14252
14258
14260
14270
14292
14304
14312
14322
14332
14342
14362
14366
14378
14390
14400
14416
14426
14438
14440
14460
14466
14468
14470
14482
14484
14486
14496
14496
14502
14512
14512
14514
14522
14526
14530
14538
14540
14560
14594
14596
14598
14600
14600
14604
14616
14620
14628
14630
14630
14632
14634
14640
14642
14646
14652
14660
14666
14672
14686
14688
14690
14700
14704
14708
14710
14712
14714
14718
14720
14726
14734
14736
14746
14752
14758
14772
14774
14776
14782
14784
14784
14804
14804
14808
14816
14830
14834
14836
14838
14842
14848
14850
14852
14852
14854
14858
14866
14866
14868
14872
14878
14886
14888
14894
14904
14910
14910
14914
14916
14916
14920
14928
14932
14934
14936
14938
14940
14940
14944
14946
14950
14950
14950
14952
14954
14960
14962
14964
14964
14966
14970
14970
14974
14974
14976
14980
14982
14988
15002
15002
15004
15004
15012
15016
15020
15022
15026
15034
15040
15044
15046
15048
15050
15050
15064
15068
15072
15084
15090
15094
15100
15100
15100
15104
15106
15106
15116
15122
15134
15136
15140
15144
15144
15152
15152
15166
15178
15182
15182
15190
15198
15202
15210
15220
15224
15234
15246
15250
15260
15276
15278
15280
15288
15290
15300
15302
15312
15320
15326
15328
15330
15332
15334
15350
15372
15374
15374
15380
15384
15400
15402
15418
15434
15436
15436
15440
15446
15446
15460
15462
15466
15490
15500
15512
15548
15560
15564
15570
15592
15676
15792
15896
15910
15938
15956
15980
15986
16010
16022
16042
16044
16048
16064
16080
16212
16212
16234
16408
16742
17238
17468
17668
17922
17926
18040
18426
18794
18886
19238
19740
20314
20638
20732
20944
21124
21158
21270
21492
21600
22016
22510
23388
23574
23658
23888
24274
24382
24382
24422
24500
24536
24592
24694
24724
24766
25074
25138
25392
25458
27596
30082
30158
31470
32886
34022
34148
34714
34936
35340
36998
37126
37312
37384
38620
40714
40970
42344
45304
45768
78164
111144
117820
127180
713542
