Latencies
5008
5024
5024
5038
5048
5056
5058
5058
5060
5064
5066
5074
5076
5076
5078
5080
5080
5080
5084
5084
5086
5088
5090
5092
5092
5094
5096
5098
5100
5100
5102
5104
5106
5108
5112
5116
5116
5116
5120
5124
5124
5126
5126
5128
5134
5134
5134
5140
5140
5142
5144
5144
5146
5148
5148
5150
5150
5152
5152
5154
5154
5156
5158
5158
5158
5160
5162
5162
5162
5162
5162
5164
5164
5166
5168
5168
5168
5168
5168
5168
5170
5172
5174
5174
5174
5176
5176
5176
5176
5178
5178
5178
5178
5180
5182
5182
5184
5184
5184
5184
5186
5186
5186
5186
5186
5186
5188
5190
5190
5190
5190
5190
5190
5192
5192
5192
5192
5192
5194
5196
5196
5198
5198
5198
5200
5200
5200
5200
5200
5200
5202
5202
5202
5202
5202
5204
5204
5206
5206
5208
5210
5212
5212
5214
5214
5214
5214
5214
5214
5216
5216
5216
5216
5218
5218
5218
5220
5220
5220
5220
5220
5222
5222
5222
5224
5224
5224
5224
5224
5226
5228
5228
5230
5230
5230
5230
5230
5234
5234
5236
5236
5236
5236
5236
5236
5238
5238
5240
5240
5240
5242
5242
5242
5242
5242
5244
5244
5244
5244
5244
5244
5244
5244
5246
5246
5246
5246
5246
5248
5248
5248
5248
5248
5248
5250
5250
5250
5250
5250
5250
5250
5250
5250
5252
5252
5252
5254
5254
5254
5254
5254
5256
5256
5256
5256
5256
5258
5258
5260
5260
5260
5262
5262
5262
5262
5262
5262
5262
5264
5264
5266
5266
5266
5266
5268
5268
5270
5270
5270
5272
5274
5274
5274
5276
5276
5276
5276
5276
5276
5278
5278
5278
5278
5278
5280
5280
5280
5282
5282
5282
5282
5284
5284
5284
5284
5286
5286
5286
5288
5288
5288
5290
5290
5290
5290
5290
5290
5292
5292
5294
5294
5294
5294
5294
5296
5300
5300
5300
5302
5302
5304
5304
5304
5304
5304
5304
5306
5306
5308
5308
5308
5308
5308
5310
5312
5314
5314
5316
5316
5316
5318
5320
5320
5320
5320
5322
5322
5322
5322
5322
5324
5324
5326
5326
5328
5330
5330
5332
5332
5334
5334
5336
5338
5338
5338
5338
5338
5340
5340
5340
5342
5346
5350
5350
5350
5352
5352
5352
5352
5354
5354
5354
5356
5360
5360
5360
5360
5362
5362
5364
5368
5370
5370
5372
5372
5376
5376
5378
5378
5378
5380
5382
5382
5382
5382
5382
5384
5386
5388
5388
5388
5390
5390
5392
5392
5392
5392
5394
5394
5394
5394
5396
5396
5396
5398
5398
5398
5400
5400
5402
5402
5402
5402
5402
5404
5404
5404
5406
5406
5406
5408
5408
5408
5410
5412
5412
5412
5414
5416
5416
5416
5418
5420
5420
5420
5420
5422
5424
5424
5424
5424
5424
5424
5424
5426
5426
5426
5428
5430
5430
5430
5430
5432
5434
5434
5436
5438
5440
5440
5440
5440
5442
5442
5444
5446
5446
5448
5448
5448
5448
5448
5450
5454
5454
5456
5456
5458
5458
5458
5458
5460
5462
5462
5462
5462
5464
5464
5466
5470
5470
5470
5472
5472
5472
5472
5472
5474
5476
5476
5476
5476
5478
5478
5480
5480
5482
5484
5484
5486
5486
5486
5490
5492
5494
5494
5496
5498
5498
5500
5500
5502
5504
5504
5506
5510
5514
5516
5518
5522
5522
5526
5526
5530
5532
5532
5534
5536
5536
5538
5538
5540
5540
5544
5544
5544
5544
5546
5546
5548
5554
5554
5556
5560
5562
5562
5562
5564
5566
5568
5570
5570
5572
5572
5574
5574
5578
5578
5578
5580
5582
5584
5588
5588
5590
5592
5592
5592
5592
5596
5596
5600
5602
5602
5608
5608
5610
5612
5612
5614
5614
5616
5622
5622
5622
5624
5630
5630
5632
5636
5636
5638
5640
5640
5644
5648
5648
5648
5650
5652
5652
5654
5656
5656
5658
5658
5660
5662
5664
5664
5668
5668
5672
5676
5678
5678
5678
5680
5682
5682
5684
5690
5692
5698
5698
5698
5698
5700
5700
5700
5702
5702
5706
5706
5708
5708
5714
5714
5718
5718
5720
5720
5722
5728
5732
5734
5740
5742
5744
5744
5746
5748
5750
5754
5756
5758
5760
5760
5762
5774
5778
5778
5778
5778
5782
5786
5786
5788
5788
5790
5796
5798
5798
5804
5804
5810
5810
5812
5812
5814
5816
5818
5818
5830
5834
5836
5836
5836
5838
5838
5842
5844
5850
5852
5854
5858
5862
5864
5866
5868
5868
5868
5870
5872
5872
5874
5874
5876
5882
5882
5884
5884
5896
5896
5898
5900
5900
5902
5908
5920
5922
5924
5926
5926
5930
5930
5936
5938
5942
5944
5948
5948
5952
5954
5954
5954
5956
5956
5956
5960
5962
5966
5970
5974
5976
5980
5982
5988
5992
5998
6000
6004
6004
6006
6006
6010
6012
6016
6016
6020
6020
6030
6032
6034
6036
6042
6044
6046
6052
6054
6058
6058
6066
6066
6068
6076
6078
6078
6078
6080
6084
6088
6092
6096
6098
6100
6102
6104
6120
6124
6128
6128
6134
6136
6140
6144
6144
6148
6156
6156
6164
6168
6172
6192
6196
6216
6224
6232
6250
6252
6270
6280
6294
6308
6310
6344
6362
6368
6380
6388
6394
6398
6404
6420
6426
6506
6532
6540
6566
6614
6652
6702
6702
6788
6804
7014
7066
7092
7168
7382
7428
7576
7670
7846
8202
8370
8812
9160
9556
9780
9954
10330
10584
10806
10966
10976
11250
11696
11734
11934
11946
12072
12100
12326
12334
12436
12460
12692
12698
13006
14416
14830
15030
15450
15508
15600
15886
16674
17568
19206
19606
20292
21148
21664
21948
22096
22472
22924
24232
24398
24724
25176
25970
27440
27914
28712
30576
30872
31360
32428
32672
33362
34402
34614
35232
35328
35686
36236
42678
43080
44060
