Latencies
4944
4952
4978
4988
4998
4998
5014
5016
5018
5018
5020
5024
5024
5028
5036
5038
5040
5040
5044
5048
5048
5058
5062
5062
5066
5074
5074
5074
5076
5076
5082
5084
5084
5084
5084
5088
5088
5088
5088
5088
5090
5090
5092
5092
5094
5094
5100
5102
5104
5104
5106
5106
5106
5108
5108
5112
5114
5114
5114
5114
5114
5116
5118
5118
5118
5118
5120
5120
5122
5124
5124
5126
5126
5126
5128
5128
5130
5134
5134
5136
5136
5136
5136
5142
5142
5146
5146
5146
5148
5150
5150
5152
5154
5154
5154
5156
5158
5158
5158
5160
5160
5160
5164
5164
5164
5164
5164
5166
5166
5166
5168
5168
5168
5168
5168
5172
5172
5174
5174
5174
5174
5176
5176
5176
5178
5178
5180
5180
5180
5180
5180
5180
5180
5182
5182
5182
5184
5186
5186
5186
5188
5188
5188
5188
5190
5190
5190
5190
5192
5192
5194
5194
5194
5194
5196
5198
5198
5200
5200
5200
5200
5202
5202
5202
5202
5204
5204
5208
5208
5208
5208
5208
5210
5210
5214
5214
5214
5214
5216
5216
5218
5218
5218
5220
5222
5222
5222
5222
5222
5224
5224
5224
5224
5226
5226
5226
5228
5228
5228
5230
5230
5232
5232
5232
5232
5234
5234
5236
5236
5236
5238
5238
5240
5240
5240
5240
5242
5242
5242
5242
5244
5244
5244
5246
5246
5246
5248
5248
5248
5248
5248
5248
5250
5250
5250
5252
5252
5252
5252
5254
5254
5256
5256
5256
5256
5256
5258
5258
5258
5260
5262
5262
5264
5264
5266
5266
5266
5270
5270
5270
5270
5272
5272
5274
5274
5274
5276
5276
5276
5276
5278
5278
5280
5280
5280
5282
5284
5284
5284
5286
5286
5286
5288
5288
5290
5290
5292
5292
5292
5292
5292
5296
5296
5296
5300
5302
5302
5302
5302
5302
5304
5304
5304
5304
5304
5304
5306
5306
5306
5306
5306
5308
5308
5308
5310
5310
5310
5310
5312
5312
5312
5314
5316
5316
5316
5318
5322
5324
5324
5326
5326
5328
5328
5328
5330
5330
5330
5330
5330
5332
5332
5334
5334
5334
5334
5334
5336
5336
5336
5336
5338
5338
5340
5340
5340
5340
5340
5340
5342
5342
5342
5344
5344
5344
5344
5346
5346
5348
5348
5350
5352
5352
5352
5352
5356
5358
5360
5360
5360
5362
5364
5364
5364
5366
5366
5366
5368
5368
5368
5370
5370
5370
5370
5372
5372
5372
5372
5374
5374
5374
5374
5376
5378
5378
5380
5384
5386
5388
5388
5390
5390
5390
5390
5392
5394
5394
5394
5396
5400
5400
5400
5400
5402
5402
5402
5402
5402
5402
5404
5404
5406
5406
5406
5406
5408
5408
5408
5410
5412
5412
5416
5416
5418
5418
5418
5420
5422
5422
5424
5426
5426
5426
5428
5430
5430
5432
5432
5434
5434
5434
5436
5436
5436
5436
5438
5438
5440
5442
5442
5442
5444
5444
5446
5446
5446
5446
5446
5448
5448
5448
5450
5450
5450
5450
5450
5450
5458
5458
5462
5462
5462
5462
5464
5464
5464
5466
5466
5466
5470
5470
5470
5474
5474
5476
5476
5478
5478
5480
5480
5480
5480
5484
5486
5486
5486
5488
5488
5488
5490
5494
5496
5498
5498
5500
5502
5502
5504
5504
5506
5506
5506
5506
5508
5510
5510
5512
5512
5514
5514
5514
5514
5514
5516
5516
5516
5518
5518
5518
5520
5522
5524
5524
5524
5528
5528
5530
5532
5534
5534
5536
5538
5538
5538
5540
5540
5542
5544
5544
5546
5548
5548
5548
5548
5550
5552
5552
5554
5556
5556
5558
5558
5558
5558
5560
5560
5560
5562
5562
5564
5570
5572
5572
5576
5576
5578
5580
5582
5584
5586
5588
5590
5592
5594
5594
5596
5598
5600
5602
5602
5602
5604
5604
5604
5608
5608
5610
5612
5614
5616
5616
5618
5618
5620
5622
5624
5624
5624
5628
5628
5630
5630
5632
5634
5636
5636
5636
5636
5636
5638
5640
5642
5642
5646
5648
5650
5652
5652
5658
5658
5666
5666
5668
5668
5672
5674
5674
5678
5688
5692
5692
5692
5694
5696
5696
5698
5698
5700
5702
5704
5704
5708
5710
5710
5722
5724
5724
5726
5730
5730
5732
5736
5736
5738
5744
5750
5752
5752
5754
5756
5758
5758
5760
5764
5768
5770
5770
5770
5778
5778
5782
5784
5784
5786
5792
5794
5794
5796
5798
5802
5802
5804
5804
5810
5814
5816
5816
5818
5820
5822
5822
5822
5824
5828
5828
5830
5832
5834
5834
5834
5838
5838
5840
5844
5844
5844
5848
5850
5852
5854
5858
5860
5860
5862
5868
5868
5868
5872
5874
5874
5876
5876
5878
5880
5880
5882
5882
5890
5892
5894
5894
5898
5908
5910
5912
5916
5920
5932
5934
5936
5936
5936
5938
5938
5938
5944
5944
5946
5950
5962
5962
5962
5964
5968
5972
5978
5982
5984
5986
5986
5988
5988
5990
5990
5990
5992
5992
5994
6000
6002
6002
6002
6014
6016
6016
6022
6024
6024
6030
6030
6048
6058
6064
6070
6070
6074
6080
6082
6082
6082
6092
6094
6096
6098
6102
6128
6140
6152
6160
6176
6178
6182
6184
6184
6216
6224
6232
6234
6238
6262
6266
6268
6274
6276
6280
6288
6288
6290
6292
6300
6304
6310
6312
6322
6324
6344
6358
6388
6390
6398
6408
6428
6446
6454
6458
6470
6486
6492
6494
6526
6536
6542
6544
6582
6596
6598
6632
6690
6694
6696
6712
6730
6736
6742
6754
6780
6786
6786
6816
6856
6878
6912
6992
7004
7040
7064
7066
7100
7132
7166
7170
7234
7260
7272
7274
7276
7334
7368
7384
7384
7438
7550
7608
7692
7718
7964
8060
8146
8272
8280
8526
8572
8600
8672
8710
8730
8800
8940
9164
9198
9308
10184
10530
10728
10828
11056
11192
11574
11780
11792
11898
12058
12060
12412
13102
13630
14138
14616
14820
15034
15156
15254
15730
15748
16562
16650
17800
17954
19006
20316
20642
20704
21338
21874
22488
22694
23068
23866
24050
24346
24668
24796
26648
26902
26930
27164
27890
29360
29672
30302
31702
33678
34100
34326
34630
34842
36384
36802
42212
92784
