Latencies
5080
5086
5088
5090
5094
5104
5106
5106
5120
5126
5128
5136
5142
5150
5152
5152
5154
5154
5158
5162
5162
5166
5172
5172
5172
5174
5178
5178
5178
5180
5180
5184
5186
5190
5196
5196
5196
5200
5200
5200
5204
5204
5204
5204
5206
5208
5208
5208
5210
5210
5210
5210
5210
5212
5212
5214
5214
5214
5216
5216
5216
5216
5216
5216
5218
5220
5220
5220
5222
5222
5222
5224
5226
5226
5228
5228
5228
5230
5230
5232
5232
5234
5236
5236
5236
5236
5236
5238
5238
5238
5240
5240
5240
5242
5242
5242
5244
5244
5244
5246
5246
5246
5246
5246
5246
5248
5248
5248
5248
5248
5248
5250
5250
5250
5250
5250
5252
5252
5252
5252
5252
5252
5254
5254
5254
5254
5254
5256
5256
5258
5260
5260
5262
5262
5262
5262
5262
5264
5264
5264
5266
5266
5266
5266
5266
5268
5268
5270
5270
5270
5270
5272
5274
5274
5278
5278
5278
5278
5278
5280
5282
5282
5282
5282
5282
5282
5282
5282
5282
5284
5284
5284
5284
5284
5284
5284
5286
5286
5286
5288
5288
5290
5290
5290
5292
5294
5294
5296
5296
5300
5300
5300
5300
5300
5300
5302
5302
5302
5302
5302
5304
5304
5304
5304
5304
5306
5306
5306
5306
5306
5308
5308
5308
5310
5310
5312
5312
5312
5314
5314
5314
5314
5316
5316
5318
5318
5318
5318
5320
5320
5320
5322
5326
5328
5330
5330
5332
5332
5332
5332
5332
5334
5334
5334
5336
5336
5336
5338
5338
5338
5338
5340
5340
5342
5342
5344
5344
5344
5346
5346
5348
5348
5350
5350
5350
5352
5352
5354
5354
5354
5358
5358
5358
5360
5360
5360
5360
5360
5362
5362
5362
5362
5362
5362
5364
5364
5364
5364
5364
5364
5366
5366
5368
5368
5370
5372
5372
5372
5374
5374
5374
5376
5376
5376
5378
5380
5380
5380
5382
5382
5384
5384
5384
5386
5386
5386
5386
5386
5386
5388
5388
5388
5390
5390
5390
5390
5392
5392
5392
5396
5396
5396
5396
5398
5398
5398
5398
5398
5398
5400
5400
5402
5402
5402
5404
5408
5408
5408
5408
5408
5408
5410
5410
5410
5410
5412
5414
5414
5414
5414
5416
5416
5416
5416
5416
5418
5418
5418
5420
5420
5420
5422
5422
5422
5422
5422
5424
5424
5424
5424
5424
5424
5426
5426
5426
5428
5428
5430
5430
5430
5430
5430
5432
5434
5434
5434
5434
5434
5434
5436
5436
5436
5438
5438
5440
5440
5440
5442
5442
5442
5442
5442
5444
5444
5444
5446
5446
5448
5448
5450
5450
5452
5452
5452
5452
5452
5452
5454
5454
5456
5456
5456
5458
5458
5458
5460
5460
5460
5462
5462
5462
5464
5466
5466
5466
5468
5468
5468
5468
5470
5470
5470
5470
5470
5472
5472
5474
5474
5476
5476
5478
5478
5480
5480
5480
5480
5482
5482
5482
5484
5484
5484
5484
5484
5484
5486
5486
5488
5488
5490
5492
5494
5494
5496
5500
5500
5502
5506
5506
5510
5510
5512
5512
5512
5514
5514
5516
5516
5516
5518
5518
5520
5522
5522
5522
5522
5522
5524
5524
5526
5526
5528
5528
5530
5532
5532
5532
5532
5536
5536
5536
5538
5538
5538
5538
5540
5540
5540
5540
5542
5542
5542
5546
5546
5548
5550
5550
5550
5552
5552
5554
5556
5558
5560
5560
5560
5562
5564
5566
5566
5568
5568
5574
5576
5576
5576
5578
5578
5582
5582
5584
5586
5586
5590
5590
5590
5594
5600
5604
5606
5606
5608
5612
5614
5614
5614
5616
5616
5620
5622
5622
5624
5624
5624
5624
5626
5628
5630
5630
5630
5630
5630
5634
5634
5636
5640
5640
5642
5642
5644
5644
5644
5646
5650
5650
5650
5652
5654
5654
5656
5656
5656
5656
5660
5662
5662
5662
5664
5666
5668
5670
5670
5672
5672
5676
5682
5684
5684
5684
5684
5688
5688
5688
5690
5690
5692
5692
5692
5694
5694
5696
5698
5698
5698
5700
5700
5702
5706
5710
5710
5712
5712
5714
5714
5716
5716
5716
5718
5718
5720
5720
5722
5722
5724
5726
5728
5730
5730
5732
5732
5732
5734
5738
5740
5744
5744
5746
5746
5754
5754
5754
5758
5758
5760
5760
5762
5762
5768
5770
5770
5776
5776
5780
5780
5780
5782
5786
5794
5796
5796
5798
5800
5800
5802
5804
5804
5808
5808
5808
5808
5814
5816
5818
5824
5826
5826
5832
5832
5836
5854
5854
5858
5858
5858
5862
5862
5866
5866
5868
5868
5872
5872
5876
5880
5880
5882
5884
5884
5888
5892
5894
5898
5900
5902
5902
5902
5904
5906
5912
5914
5914
5914
5914
5916
5916
5918
5924
5924
5924
5926
5926
5926
5930
5930
5930
5930
5932
5934
5936
5936
5936
5938
5942
5944
5944
5950
5950
5950
5952
5956
5958
5960
5962
5964
5970
5970
5970
5972
5972
5974
5976
5978
5978
5982
5986
5988
5988
5988
5990
5996
5998
6004
6008
6012
6016
6020
6020
6026
6026
6028
6028
6030
6030
6038
6042
6046
6048
6056
6056
6060
6062
6062
6062
6066
6072
6080
6080
6082
6086
6096
6096
6100
6102
6102
6110
6112
6112
6114
6118
6118
6118
6118
6130
6132
6132
6132
6140
6144
6148
6150
6158
6158
6160
6168
6176
6176
6196
6214
6214
6216
6220
6220
6222
6228
6230
6240
6246
6246
6250
6264
6268
6272
6282
6304
6304
6326
6326
6328
6336
6352
6388
6390
6394
6400
6404
6406
6416
6418
6424
6438
6456
6484
6492
6500
6522
6530
6576
6614
6644
6660
6668
6668
6680
6758
6904
6928
7010
7016
7018
7062
7104
7122
7152
7218
7348
7366
7462
7518
7748
7974
8286
8380
8464
9246
9868
9996
10418
10530
10666
11254
11460
11490
12156
12218
12668
13172
13238
13418
13664
13666
14088
14204
14620
14994
15120
15696
15860
16060
16070
16226
16706
17434
17984
18272
18466
18872
18998
19250
20614
22800
22838
23376
23840
24032
24350
25084
28660
28734
34682
35536
36824
39440
44226
44936
52186
53130
