Latencies
5062
5088
5088
5120
5126
5138
5138
5144
5150
5150
5154
5156
5156
5156
5156
5158
5162
5164
5164
5164
5164
5164
5170
5172
5172
5174
5174
5178
5178
5178
5180
5180
5180
5182
5184
5184
5186
5188
5190
5190
5190
5192
5192
5192
5192
5194
5198
5198
5198
5198
5198
5198
5200
5200
5202
5204
5204
5206
5206
5208
5210
5216
5216
5218
5222
5222
5222
5222
5222
5222
5224
5224
5226
5226
5228
5228
5230
5230
5230
5232
5232
5234
5234
5238
5238
5240
5240
5244
5244
5244
5244
5246
5246
5248
5248
5250
5250
5252
5252
5254
5254
5254
5254
5254
5258
5258
5258
5260
5260
5260
5262
5264
5266
5266
5266
5268
5268
5270
5270
5270
5270
5270
5272
5272
5272
5274
5274
5274
5276
5276
5278
5278
5278
5278
5278
5280
5280
5280
5280
5280
5282
5282
5282
5282
5282
5282
5284
5284
5284
5284
5286
5286
5286
5288
5288
5288
5288
5290
5292
5294
5294
5294
5294
5294
5296
5296
5296
5298
5298
5298
5300
5300
5300
5300
5302
5302
5302
5302
5304
5304
5306
5306
5306
5308
5308
5308
5308
5308
5308
5308
5308
5310
5310
5310
5310
5310
5312
5312
5312
5312
5316
5316
5316
5316
5318
5318
5318
5320
5320
5320
5320
5320
5322
5322
5322
5322
5324
5324
5326
5326
5326
5326
5326
5326
5328
5328
5328
5328
5328
5330
5330
5332
5332
5332
5332
5334
5334
5334
5334
5334
5336
5336
5336
5336
5338
5338
5340
5340
5340
5340
5340
5340
5342
5342
5342
5342
5344
5344
5346
5346
5346
5348
5348
5348
5348
5350
5350
5350
5350
5350
5352
5352
5352
5352
5352
5352
5352
5352
5354
5354
5354
5354
5354
5356
5356
5356
5356
5358
5358
5358
5360
5360
5360
5360
5360
5362
5362
5362
5362
5364
5364
5364
5366
5366
5366
5366
5366
5366
5366
5366
5368
5368
5368
5368
5368
5368
5368
5370
5370
5370
5372
5372
5372
5372
5372
5372
5372
5374
5374
5374
5374
5374
5376
5378
5378
5378
5378
5380
5380
5380
5380
5380
5382
5384
5386
5386
5386
5386
5386
5388
5388
5388
5388
5388
5390
5390
5392
5392
5392
5392
5394
5394
5396
5398
5398
5400
5400
5400
5400
5400
5400
5402
5402
5402
5404
5404
5404
5408
5408
5408
5408
5412
5412
5412
5412
5412
5412
5414
5414
5414
5416
5418
5418
5422
5422
5422
5424
5426
5426
5426
5428
5428
5428
5428
5430
5432
5432
5432
5434
5436
5436
5436
5436
5436
5436
5438
5440
5442
5442
5444
5444
5444
5444
5446
5446
5448
5448
5450
5452
5452
5454
5454
5454
5456
5456
5456
5458
5460
5460
5460
5460
5462
5462
5462
5462
5464
5464
5466
5466
5466
5466
5468
5470
5470
5472
5472
5472
5472
5476
5476
5476
5478
5478
5478
5480
5482
5482
5484
5484
5486
5486
5486
5486
5486
5488
5490
5492
5492
5492
5494
5496
5496
5496
5496
5496
5498
5500
5500
5506
5506
5508
5508
5508
5510
5510
5512
5512
5512
5514
5516
5516
5516
5518
5518
5518
5520
5520
5522
5524
5524
5524
5524
5528
5530
5530
5530
5532
5532
5532
5534
5534
5534
5534
5536
5536
5540
5542
5542
5542
5542
5546
5546
5550
5552
5556
5556
5556
5560
5560
5562
5564
5564
5564
5568
5568
5570
5570
5572
5572
5574
5574
5576
5576
5578
5578
5586
5588
5588
5592
5592
5596
5598
5600
5600
5604
5606
5608
5610
5612
5612
5614
5614
5620
5620
5622
5626
5628
5630
5630
5632
5634
5636
5636
5640
5642
5644
5648
5650
5654
5656
5658
5658
5660
5660
5664
5664
5664
5666
5670
5672
5672
5674
5676
5676
5678
5678
5680
5680
5684
5684
5686
5686
5690
5692
5694
5694
5700
5700
5700
5702
5706
5710
5710
5710
5712
5712
5714
5716
5716
5716
5720
5720
5720
5720
5720
5722
5722
5722
5722
5722
5722
5724
5728
5730
5732
5736
5738
5738
5740
5742
5744
5746
5748
5752
5754
5758
5760
5762
5762
5762
5762
5764
5768
5768
5770
5770
5772
5772
5774
5774
5774
5776
5776
5778
5778
5778
5784
5784
5786
5786
5788
5788
5790
5794
5796
5796
5798
5798
5798
5800
5800
5802
5808
5808
5810
5810
5810
5812
5814
5816
5816
5820
5822
5822
5824
5824
5832
5834
5840
5840
5840
5842
5844
5848
5850
5856
5858
5858
5868
5870
5870
5872
5872
5872
5874
5882
5882
5884
5884
5886
5888
5890
5892
5900
5908
5910
5920
5922
5922
5926
5934
5936
5936
5940
5946
5946
5948
5950
5950
5950
5952
5954
5954
5956
5956
5966
5966
5968
5970
5972
5974
5976
5978
5982
5982
5986
5990
5990
5992
5992
5996
6000
6000
6002
6014
6016
6016
6018
6024
6024
6026
6026
6026
6028
6032
6042
6042
6046
6052
6056
6058
6058
6060
6060
6060
6062
6064
6070
6072
6080
6086
6098
6102
6102
6120
6120
6124
6124
6128
6136
6138
6140
6140
6146
6146
6148
6154
6160
6182
6182
6188
6192
6192
6198
6206
6210
6210
6218
6220
6224
6234
6238
6244
6244
6250
6254
6254
6256
6260
6260
6264
6268
6270
6270
6272
6278
6280
6284
6290
6292
6298
6308
6316
6326
6330
6336
6340
6352
6364
6366
6368
6388
6406
6436
6440
6452
6466
6530
6536
6536
6538
6578
6588
6600
6650
6700
6784
6818
6842
6862
6862
6906
6920
6954
6958
6980
7022
7042
7122
7136
7166
7166
7196
7294
7318
7338
7626
7674
7764
7822
7952
8030
8120
8528
8686
8698
8928
9066
9514
9568
9782
9788
9878
10364
10568
10872
11080
11426
11636
11894
12938
13002
13450
13498
13590
14222
14628
14900
15698
16156
17028
17064
17720
18094
18346
18808
18864
19076
19400
20064
21484
21934
22122
22320
22452
23704
23804
24032
24376
24430
24822
25270
25682
25788
25800
26094
26108
27166
27580
30048
30554
32850
33732
33754
34372
34410
35252
35538
35732
36482
36582
36654
36950
38616
43562
