Latencies
4972
4984
5000
5026
5028
5036
5038
5040
5052
5054
5054
5060
5068
5074
5074
5082
5082
5082
5084
5086
5094
5096
5104
5104
5106
5106
5108
5108
5110
5112
5112
5112
5112
5114
5114
5114
5116
5118
5118
5122
5124
5124
5124
5126
5128
5130
5136
5136
5136
5140
5140
5140
5140
5142
5142
5142
5144
5144
5148
5148
5150
5150
5150
5152
5152
5152
5154
5154
5156
5156
5158
5158
5158
5160
5160
5162
5162
5164
5164
5166
5166
5168
5168
5170
5170
5170
5172
5172
5172
5174
5174
5176
5176
5176
5176
5176
5176
5178
5178
5178
5178
5178
5180
5180
5180
5182
5182
5184
5184
5184
5184
5184
5186
5186
5186
5186
5186
5186
5188
5188
5188
5188
5190
5192
5192
5194
5194
5194
5194
5194
5196
5196
5196
5196
5196
5198
5198
5198
5200
5200
5200
5200
5200
5200
5200
5200
5200
5200
5200
5202
5202
5202
5204
5204
5204
5204
5204
5206
5206
5206
5206
5206
5206
5206
5208
5208
5208
5208
5208
5208
5208
5208
5210
5210
5212
5212
5212
5212
5212
5212
5212
5214
5214
5214
5214
5214
5214
5214
5214
5214
5216
5216
5216
5218
5218
5218
5218
5218
5218
5218
5220
5220
5222
5222
5224
5224
5226
5228
5228
5228
5228
5228
5228
5228
5228
5230
5230
5230
5230
5230
5232
5232
5232
5232
5232
5232
5232
5234
5234
5234
5234
5234
5236
5236
5236
5236
5236
5236
5236
5236
5236
5236
5238
5238
5238
5238
5238
5238
5238
5240
5240
5240
5240
5240
5240
5242
5242
5242
5242
5244
5244
5244
5244
5244
5244
5246
5246
5246
5246
5246
5246
5246
5246
5248
5248
5248
5248
5248
5248
5250
5250
5250
5252
5252
5252
5252
5252
5252
5252
5254
5254
5254
5256
5256
5256
5256
5258
5258
5258
5260
5262
5262
5262
5262
5262
5262
5262
5262
5262
5264
5264
5264
5264
5266
5266
5266
5268
5268
5268
5268
5268
5268
5268
5270
5270
5270
5270
5270
5272
5272
5272
5274
5274
5274
5274
5274
5274
5276
5276
5278
5278
5280
5280
5280
5280
5282
5282
5284
5284
5284
5284
5284
5284
5286
5286
5286
5286
5286
5286
5286
5288
5290
5290
5290
5290
5290
5290
5292
5292
5292
5294
5294
5294
5294
5296
5296
5296
5298
5298
5298
5298
5298
5298
5298
5300
5300
5300
5300
5300
5300
5302
5304
5306
5306
5306
5306
5308
5308
5308
5310
5310
5316
5318
5318
5318
5318
5318
5318
5318
5320
5320
5320
5322
5322
5322
5322
5322
5322
5324
5324
5324
5326
5326
5326
5328
5330
5330
5330
5332
5332
5332
5334
5336
5336
5336
5338
5338
5342
5342
5342
5344
5344
5346
5346
5348
5348
5348
5348
5350
5350
5354
5356
5356
5360
5362
5364
5364
5364
5366
5366
5366
5368
5368
5370
5370
5370
5374
5376
5376
5382
5382
5382
5388
5388
5390
5390
5390
5390
5392
5392
5392
5392
5394
5394
5400
5402
5402
5404
5406
5406
5408
5408
5408
5408
5408
5408
5410
5410
5412
5414
5414
5414
5414
5414
5416
5418
5420
5422
5422
5422
5424
5426
5428
5428
5430
5432
5432
5434
5434
5434
5434
5436
5436
5436
5438
5438
5440
5442
5444
5446
5446
5448
5450
5452
5452
5454
5458
5460
5462
5464
5470
5470
5472
5476
5476
5478
5480
5480
5482
5482
5484
5486
5486
5486
5492
5492
5492
5498
5498
5504
5504
5506
5508
5508
5508
5508
5508
5508
5510
5510
5510
5510
5510
5512
5516
5516
5518
5518
5520
5520
5522
5522
5522
5524
5530
5530
5530
5532
5532
5534
5536
5538
5538
5538
5538
5542
5542
5544
5544
5548
5548
5552
5552
5552
5554
5556
5556
5558
5558
5560
5562
5566
5570
5572
5572
5572
5572
5574
5574
5574
5576
5576
5576
5576
5576
5580
5580
5580
5584
5586
5592
5594
5594
5596
5600
5600
5602
5604
5608
5608
5614
5618
5618
5622
5624
5628
5630
5634
5636
5640
5642
5644
5646
5648
5648
5650
5650
5650
5652
5658
5658
5660
5666
5668
5670
5672
5672
5672
5674
5674
5676
5678
5680
5680
5684
5684
5686
5690
5694
5696
5704
5704
5708
5710
5710
5710
5712
5716
5716
5718
5718
5720
5720
5724
5724
5726
5726
5742
5746
5750
5750
5750
5752
5758
5760
5762
5764
5772
5774
5774
5774
5782
5782
5784
5784
5784
5788
5790
5790
5792
5792
5794
5794
5800
5800
5804
5806
5808
5812
5812
5816
5816
5818
5830
5834
5834
5844
5846
5850
5850
5852
5852
5852
5856
5864
5864
5874
5876
5878
5878
5880
5880
5884
5886
5890
5894
5896
5898
5900
5902
5904
5904
5904
5904
5904
5908
5914
5914
5916
5920
5920
5920
5936
5940
5942
5944
5950
5956
5958
5958
5966
5974
5974
5976
5978
5984
5984
5986
5986
5990
5992
5992
5994
6000
6000
6002
6004
6018
6030
6032
6034
6036
6038
6044
6048
6048
6052
6054
6056
6056
6056
6060
6060
6060
6064
6068
6070
6074
6074
6082
6084
6084
6088
6102
6120
6126
6132
6140
6148
6152
6160
6160
6168
6188
6198
6206
6240
6254
6256
6260
6266
6278
6328
6336
6342
6350
6354
6388
6392
6398
6444
6454
6456
6460
6470
6510
6516
6538
6546
6548
6552
6632
6640
6652
6652
6652
6664
6678
6680
6686
6688
6720
6742
6746
6748
6764
6768
6788
6824
6832
6840
6842
6848
6860
6888
6922
6980
6990
7044
7090
7598
7752
7780
7788
8080
8194
8710
8732
8812
8848
8900
8900
9196
9316
9334
9584
9592
9810
9886
9908
10140
10234
10570
10870
10972
11050
11108
11420
11520
11824
12198
12336
12396
12688
13314
13314
13456
13550
13680
13770
14178
14258
14492
14594
15548
15768
16244
16798
17092
17104
17162
17400
17426
17814
18346
18418
18642
19486
19970
20722
21154
21398
21550
21552
21604
21634
21644
21846
21906
22484
22514
23032
23050
23914
23928
24096
24274
24390
24800
24986
25136
25282
25502
25764
25930
26490
26712
26758
27254
28812
28838
29182
29188
31528
32168
32754
33136
33462
35002
35398
35510
35564
35896
36008
37470
37674
42834
50692
51858
59158
