Latencies
5172
5198
5198
5218
5218
5220
5232
5234
5234
5238
5244
5246
5246
5248
5252
5256
5262
5262
5264
5264
5268
5274
5274
5276
5276
5280
5282
5284
5286
5288
5288
5290
5292
5292
5296
5300
5302
5304
5306
5306
5308
5308
5312
5312
5312
5314
5316
5316
5316
5318
5318
5320
5320
5324
5324
5324
5326
5326
5328
5334
5336
5336
5336
5336
5338
5338
5338
5340
5340
5340
5340
5340
5342
5342
5344
5344
5346
5346
5346
5348
5348
5348
5350
5350
5352
5354
5354
5354
5356
5356
5358
5358
5358
5360
5360
5362
5362
5362
5362
5364
5364
5364
5364
5364
5366
5368
5368
5368
5370
5370
5370
5370
5372
5372
5374
5374
5374
5376
5376
5380
5380
5380
5380
5382
5382
5382
5382
5382
5384
5384
5384
5384
5384
5386
5386
5386
5386
5386
5388
5388
5388
5390
5390
5390
5390
5390
5390
5390
5392
5392
5392
5392
5392
5392
5392
5392
5394
5394
5394
5394
5394
5396
5398
5400
5400
5400
5400
5400
5400
5400
5402
5402
5402
5402
5402
5404
5404
5404
5404
5404
5406
5406
5408
5408
5408
5408
5408
5408
5410
5410
5412
5414
5414
5416
5416
5416
5416
5416
5418
5418
5420
5420
5420
5420
5420
5422
5422
5422
5422
5422
5422
5424
5424
5424
5424
5424
5424
5428
5428
5428
5428
5428
5428
5430
5430
5430
5430
5432
5434
5434
5434
5434
5434
5434
5434
5434
5436
5436
5438
5438
5438
5438
5440
5442
5442
5442
5442
5444
5444
5446
5446
5446
5446
5446
5448
5450
5450
5450
5450
5452
5452
5452
5454
5454
5456
5456
5456
5458
5458
5460
5462
5462
5464
5464
5464
5464
5466
5466
5468
5468
5468
5468
5470
5470
5470
5470
5470
5472
5472
5472
5472
5474
5476
5476
5476
5476
5476
5478
5478
5480
5482
5482
5484
5484
5484
5486
5486
5486
5486
5486
5488
5490
5492
5492
5494
5496
5496
5496
5496
5498
5498
5498
5500
5500
5500
5502
5502
5502
5508
5508
5508
5508
5510
5510
5510
5510
5510
5510
5514
5514
5516
5516
5518
5520
5520
5522
5522
5524
5526
5526
5528
5528
5528
5528
5528
5528
5530
5530
5534
5534
5536
5536
5536
5536
5536
5538
5538
5540
5540
5540
5542
5542
5542
5542
5544
5544
5544
5546
5546
5546
5546
5552
5552
5552
5554
5556
5556
5556
5558
5560
5560
5560
5562
5562
5562
5564
5564
5566
5566
5568
5570
5570
5572
5572
5572
5572
5572
5572
5574
5574
5574
5574
5576
5578
5580
5580
5580
5580
5582
5584
5584
5586
5586
5588
5588
5590
5590
5596
5598
5598
5600
5606
5606
5606
5608
5608
5608
5612
5614
5614
5614
5614
5616
5616
5616
5618
5618
5618
5618
5620
5622
5626
5628
5628
5628
5630
5632
5632
5634
5636
5636
5638
5638
5640
5642
5642
5642
5642
5644
5646
5646
5646
5646
5648
5648
5648
5650
5650
5654
5654
5654
5656
5656
5658
5660
5660
5660
5662
5666
5666
5668
5670
5674
5678
5680
5680
5682
5684
5684
5686
5686
5688
5690
5692
5692
5692
5694
5696
5700
5702
5702
5702
5702
5702
5704
5704
5706
5706
5708
5708
5708
5708
5710
5712
5712
5712
5714
5714
5714
5714
5716
5718
5718
5720
5722
5722
5724
5726
5730
5730
5734
5734
5734
5738
5738
5740
5740
5740
5742
5746
5748
5750
5752
5752
5752
5752
5756
5756
5758
5758
5760
5762
5764
5764
5766
5770
5770
5772
5780
5782
5784
5784
5784
5786
5786
5788
5788
5792
5792
5792
5794
5798
5798
5798
5804
5804
5806
5806
5808
5812
5814
5816
5816
5816
5816
5824
5824
5824
5824
5826
5828
5832
5832
5834
5834
5834
5834
5838
5840
5840
5840
5844
5846
5848
5848
5850
5852
5852
5854
5854
5854
5856
5856
5858
5858
5858
5858
5862
5862
5862
5864
5864
5870
5872
5874
5874
5874
5874
5874
5876
5878
5880
5880
5882
5882
5884
5884
5886
5890
5890
5892
5892
5894
5896
5898
5898
5902
5902
5904
5908
5910
5912
5918
5922
5922
5924
5926
5926
5926
5926
5940
5944
5944
5948
5948
5950
5950
5952
5954
5956
5958
5958
5958
5964
5966
5968
5970
5970
5972
5972
5974
5976
5978
5978
5988
5990
5992
6000
6004
6004
6006
6008
6012
6012
6014
6016
6018
6020
6020
6020
6022
6024
6024
6026
6026
6026
6028
6028
6030
6032
6034
6038
6042
6042
6044
6046
6050
6050
6054
6060
6060
6062
6064
6066
6066
6066
6068
6074
6074
6074
6078
6080
6082
6082
6084
6084
6086
6088
6090
6090
6090
6090
6090
6090
6096
6100
6102
6102
6116
6118
6122
6124
6130
6132
6132
6134
6138
6144
6146
6150
6152
6158
6158
6158
6164
6168
6172
6176
6178
6178
6180
6188
6192
6196
6202
6208
6212
6212
6212
6212
6214
6216
6218
6220
6224
6224
6226
6228
6230
6230
6230
6232
6232
6236
6238
6242
6242
6242
6246
6248
6250
6252
6254
6254
6258
6264
6264
6266
6268
6270
6276
6280
6280
6288
6294
6300
6304
6304
6308
6314
6316
6318
6324
6324
6348
6354
6354
6356
6366
6370
6372
6380
6382
6406
6408
6408
6412
6424
6428
6444
6454
6458
6462
6464
6518
6524
6528
6536
6554
6568
6588
6594
6612
6614
6674
6740
6800
6812
6814
6822
6824
6838
6956
6966
6970
6986
7012
7048
7086
7126
7130
7158
7302
7322
7340
7462
7558
7578
7630
7874
8068
8148
8274
8658
8832
8946
9132
9242
9354
9558
9684
9692
9780
9844
9890
10538
11352
11368
11582
11698
11752
12062
14494
15782
17732
18328
18580
18918
20198
20450
22730
22928
23596
24476
25118
25144
25176
26158
26276
26692
27268
29386
29432
31086
31408
35044
35884
35910
36024
37950
40292
47714
54394
60934
