Latencies
5130
5162
5170
5172
5174
5182
5198
5198
5204
5204
5206
5212
5218
5218
5220
5222
5224
5226
5228
5232
5232
5236
5238
5242
5244
5244
5244
5248
5256
5258
5262
5262
5266
5270
5272
5272
5272
5274
5276
5278
5278
5280
5282
5284
5286
5286
5286
5288
5290
5290
5290
5292
5292
5292
5294
5298
5298
5298
5298
5300
5300
5300
5300
5304
5306
5308
5308
5310
5310
5312
5314
5314
5316
5316
5316
5316
5316
5318
5318
5318
5322
5322
5324
5324
5324
5324
5326
5326
5328
5328
5330
5330
5332
5334
5334
5334
5336
5338
5338
5340
5340
5342
5344
5344
5344
5344
5344
5346
5346
5348
5348
5348
5350
5350
5350
5352
5352
5352
5352
5352
5354
5354
5354
5354
5354
5354
5354
5354
5354
5354
5356
5356
5356
5356
5356
5358
5358
5358
5358
5358
5358
5360
5360
5360
5360
5362
5362
5362
5364
5364
5364
5366
5366
5366
5368
5368
5368
5368
5368
5370
5372
5372
5374
5374
5374
5376
5378
5378
5378
5380
5380
5380
5380
5382
5382
5382
5382
5384
5384
5384
5384
5384
5384
5384
5384
5386
5386
5388
5388
5388
5390
5390
5390
5390
5392
5392
5392
5392
5392
5394
5394
5394
5394
5396
5396
5396
5396
5398
5398
5400
5400
5400
5400
5400
5402
5402
5402
5402
5402
5404
5404
5404
5404
5406
5406
5406
5406
5406
5408
5408
5408
5410
5410
5410
5412
5412
5412
5412
5412
5412
5412
5414
5414
5416
5418
5418
5420
5420
5420
5420
5420
5420
5420
5420
5422
5422
5424
5424
5424
5424
5426
5426
5426
5426
5428
5428
5428
5428
5430
5430
5430
5430
5432
5432
5434
5434
5434
5434
5436
5436
5436
5436
5436
5436
5438
5442
5444
5444
5446
5446
5448
5448
5450
5450
5450
5450
5450
5452
5454
5454
5454
5454
5454
5456
5458
5458
5458
5458
5458
5458
5458
5460
5460
5462
5462
5464
5464
5466
5466
5466
5468
5468
5468
5468
5470
5472
5472
5472
5472
5474
5474
5474
5474
5476
5478
5478
5478
5478
5480
5480
5480
5480
5480
5484
5484
5486
5486
5486
5486
5486
5488
5488
5492
5492
5492
5494
5494
5494
5494
5496
5496
5496
5498
5498
5500
5502
5502
5502
5504
5506
5506
5506
5508
5508
5508
5508
5508
5510
5510
5510
5510
5512
5512
5514
5514
5516
5516
5516
5516
5518
5520
5520
5522
5522
5522
5526
5526
5528
5530
5532
5532
5532
5532
5532
5534
5534
5534
5536
5536
5536
5536
5536
5538
5538
5540
5540
5544
5544
5544
5544
5544
5546
5546
5546
5546
5548
5550
5552
5552
5552
5552
5552
5552
5554
5554
5556
5556
5556
5558
5558
5558
5558
5558
5562
5566
5568
5568
5572
5574
5574
5574
5576
5576
5580
5580
5580
5580
5582
5582
5582
5584
5584
5586
5586
5586
5586
5590
5590
5590
5594
5594
5594
5594
5594
5596
5598
5600
5602
5604
5604
5606
5606
5610
5610
5612
5612
5612
5612
5614
5614
5616
5616
5620
5620
5620
5622
5622
5622
5622
5622
5624
5626
5626
5626
5628
5630
5634
5634
5636
5638
5638
5638
5640
5642
5644
5644
5646
5646
5646
5646
5648
5648
5648
5650
5654
5654
5654
5656
5660
5660
5662
5664
5664
5666
5668
5668
5670
5670
5670
5672
5678
5678
5682
5684
5686
5686
5686
5686
5688
5688
5688
5688
5690
5692
5692
5692
5692
5692
5694
5694
5694
5696
5696
5700
5700
5702
5702
5702
5702
5702
5704
5704
5706
5706
5708
5710
5710
5712
5714
5716
5718
5722
5724
5726
5726
5726
5728
5732
5736
5736
5736
5738
5740
5740
5742
5742
5742
5746
5748
5748
5750
5752
5752
5754
5754
5754
5754
5756
5756
5756
5758
5760
5762
5762
5762
5766
5768
5768
5770
5770
5770
5770
5772
5772
5776
5776
5780
5782
5782
5782
5784
5784
5784
5786
5786
5786
5788
5788
5790
5790
5790
5792
5792
5796
5798
5798
5800
5800
5800
5800
5800
5804
5804
5806
5808
5808
5808
5812
5814
5816
5816
5816
5818
5820
5820
5820
5820
5822
5822
5822
5822
5824
5824
5826
5828
5828
5832
5836
5836
5840
5844
5844
5844
5844
5846
5852
5852
5856
5856
5862
5874
5876
5876
5880
5882
5882
5882
5884
5886
5886
5888
5890
5890
5890
5890
5892
5894
5894
5896
5896
5898
5900
5900
5902
5902
5902
5904
5906
5908
5908
5908
5910
5912
5914
5918
5920
5922
5922
5926
5930
5930
5932
5934
5934
5934
5934
5936
5936
5940
5950
5952
5952
5954
5956
5958
5960
5966
5968
5970
5974
5974
5978
5980
5982
5984
5988
5990
5990
5990
5992
5992
5992
5992
5992
5994
5994
5994
5996
5998
6002
6002
6002
6002
6004
6010
6010
6010
6010
6012
6018
6020
6028
6028
6030
6032
6032
6032
6036
6040
6040
6042
6044
6046
6048
6048
6050
6050
6054
6054
6054
6056
6058
6060
6060
6064
6064
6066
6066
6068
6070
6072
6078
6080
6084
6084
6086
6088
6092
6094
6094
6098
6102
6102
6102
6108
6108
6108
6110
6112
6112
6112
6114
6126
6126
6128
6130
6132
6132
6136
6136
6136
6140
6142
6142
6148
6148
6150
6150
6152
6156
6158
6164
6164
6164
6166
6168
6170
6170
6172
6174
6176
6178
6180
6182
6184
6186
6188
6192
6196
6200
6204
6208
6210
6214
6214
6214
6220
6224
6226
6236
6242
6248
6252
6258
6264
6266
6270
6278
6280
6282
6284
6286
6294
6298
6302
6308
6308
6314
6314
6316
6318
6322
6326
6332
6346
6348
6350
6356
6376
6378
6384
6406
6426
6430
6436
6438
6444
6450
6454
6462
6462
6492
6496
6522
6522
6534
6562
6568
6604
6656
6666
6712
6734
6734
6742
6772
6772
6814
6830
6860
6860
6980
6990
7024
7038
7400
7402
7578
7582
7842
7906
8018
8258
8312
8716
8762
9440
9544
9908
9986
10160
10452
10472
10598
10766
11804
11806
12384
12876
12934
13282
14422
14754
14852
15464
16400
16578
16814
17098
17196
17684
18250
19800
20674
21012
21606
21668
21870
23886
24042
25390
25564
26474
26718
29416
30616
33544
34834
36500
37998
