Latencies
5284
5308
5358
5376
5376
5382
5386
5398
5408
5414
5418
5422
5426
5432
5434
5438
5438
5440
5442
5452
5454
5464
5466
5470
5476
5480
5480
5484
5484
5486
5488
5488
5490
5492
5494
5496
5498
5498
5498
5498
5498
5500
5500
5502
5504
5506
5506
5508
5512
5518
5518
5524
5528
5528
5530
5532
5532
5534
5534
5536
5542
5542
5544
5546
5548
5554
5554
5556
5556
5558
5558
5558
5562
5566
5570
5576
5586
5590
5608
5616
5622
5630
5632
5634
5634
5642
5648
5652
5660
5660
5664
5668
5668
5672
5678
5678
5692
5692
5692
5694
5698
5710
5722
5734
5740
5748
5758
5758
5762
5762
5766
5772
5772
5774
5782
5784
5784
5784
5786
5792
5804
5808
5812
5814
5822
5828
5830
5832
5834
5838
5838
5840
5852
5858
5872
5882
5884
5886
5888
5896
5898
5900
5904
5918
5926
5930
5946
5956
5958
5960
5962
5966
5966
5968
5974
5984
5984
5986
5988
6004
6006
6008
6008
6008
6012
6012
6024
6024
6026
6040
6058
6062
6068
6072
6074
6074
6080
6082
6094
6094
6100
6108
6110
6112
6116
6116
6118
6124
6126
6130
6132
6138
6138
6144
6144
6158
6174
6198
6206
6208
6212
6214
6216
6216
6218
6228
6232
6232
6232
6234
6236
6260
6268
6274
6274
6282
6282
6292
6296
6296
6320
6322
6348
6400
6430
6440
6464
6464
6470
6526
6526
6544
6550
6564
6594
6618
6642
6650
6656
6672
6686
6708
6710
6734
6764
6778
6802
6816
6826
6880
6904
6916
6958
6970
6986
6986
7000
7014
7024
7028
7034
7040
7044
7048
7082
7082
7088
7088
7104
7112
7128
7176
7200
7220
7238
7266
7298
7300
7306
7320
7338
7340
7384
7402
7412
7422
7454
7456
7464
7504
7508
7520
7530
7574
7578
7580
7596
7600
7618
7632
7648
7676
7688
7704
7710
7742
7750
7766
7822
7832
7864
7872
7890
7912
7914
7920
7926
7938
7948
8000
8010
8030
8038
8048
8056
8062
8094
8094
8126
8160
8212
8262
8270
8278
8284
8288
8294
8294
8302
8316
8318
8336
8382
8400
8408
8424
8434
8436
8438
8438
8448
8450
8452
8470
8478
8498
8528
8594
8630
8704
8716
8758
8790
8802
8804
8838
8850
8856
8858
8860
8874
8894
8906
8916
8918
8962
8990
9000
9010
9022
9034
9038
9040
9040
9046
9074
9076
9078
9084
9086
9094
9114
9122
9134
9172
9184
9198
9210
9210
9228
9264
9304
9328
9332
9346
9348
9358
9362
9368
9372
9380
9394
9406
9418
9420
9420
9436
9490
9492
9498
9518
9540
9586
9590
9634
9638
9650
9652
9652
9658
9666
9668
9676
9678
9680
9700
9718
9726
9756
9784
9794
9844
9876
9910
9918
9922
9928
9932
9956
9958
9992
10050
10062
10064
10066
10076
10076
10084
10090
10094
10100
10136
10150
10154
10166
10166
10192
10216
10224
10268
10276
10298
10300
10316
10316
10320
10320
10322
10352
10352
10364
10374
10384
10420
10434
10436
10438
10466
10470
10476
10480
10516
10524
10556
10564
10588
10634
10670
10758
10794
10812
10830
10856
10860
10866
10906
10934
10934
10934
10950
10978
10980
11006
11012
11026
11048
11050
11082
11096
11098
11144
11156
11206
11222
11238
11246
11258
11282
11296
11312
11416
11418
11438
11452
11458
11470
11498
11520
11536
11550
11556
11560
11574
11578
11586
11600
11600
11634
11636
11652
11658
11724
11748
11770
11780
11830
11832
11884
11896
11934
11960
11986
12010
12026
12026
12036
12044
12050
12058
12072
12100
12128
12156
12170
12184
12198
12200
12210
12214
12224
12226
12230
12232
12244
12262
12284
12294
12316
12328
12338
12338
12352
12352
12356
12366
12396
12420
12432
12452
12452
12452
12454
12492
12506
12508
12528
12534
12572
12594
12594
12612
12652
12660
12668
12672
12754
12758
12810
12834
12858
12868
12878
12932
12932
12952
12954
12964
12970
12984
12996
12996
13008
13032
13100
13106
13110
13160
13160
13168
13224
13226
13274
13276
13346
13356
13370
13382
13382
13386
13402
13422
13422
13424
13432
13436
13456
13468
13478
13518
13548
13548
13568
13576
13624
13626
13656
13696
13726
13740
13752
13756
13778
13804
13814
13816
13828
13840
13840
13844
13848
13850
13852
13858
13858
13892
13916
13996
14016
14020
14024
14024
14104
14108
14128
14128
14130
14146
14148
14154
14156
14174
14176
14194
14206
14214
14224
14246
14260
14270
14274
14282
14294
14302
14314
14334
14334
14336
14342
14346
14346
14348
14348
14356
14360
14366
14368
14372
14374
14394
14398
14404
14410
14418
14424
14432
14434
14446
14452
14464
14470
14474
14484
14490
14492
14492
14502
14506
14508
14516
14522
14524
14526
14528
14544
14550
14564
14564
14582
14584
14596
14596
14598
14600
14604
14608
14620
14622
14622
14624
14624
14624
14648
14654
14654
14658
14658
14670
14672
14676
14682
14684
14694
14694
14694
14700
14702
14702
14704
14710
14710
14710
14716
14718
14718
14720
14728
14736
14736
14740
14740
14744
14744
14754
14764
14764
14766
14766
14768
14770
14780
14784
14792
14800
14800
14802
14804
14808
14810
14810
14812
14812
14818
14818
14826
14836
14838
14838
14842
14844
14850
14856
14858
14860
14862
14862
14864
14866
14870
14882
14884
14888
14890
14896
14900
14910
14910
14912
14914
14914
14916
14922
14926
14942
14944
14946
14950
14952
14956
14958
14960
14960
14960
14966
14966
14968
14970
14972
14974
14976
14984
14986
14992
14996
15006
15006
15008
15018
15022
15022
15022
15036
15040
15042
15042
15060
15064
15068
15068
15078
15080
15080
15084
15100
15102
15110
15118
15118
15120
15122
15128
15138
15140
15140
15150
15152
15156
15164
15174
15180
15180
15184
15184
15186
15192
15200
15202
15206
15206
15208
15210
15210
15218
15224
15226
15236
15238
15238
15248
15248
15252
15264
15276
15296
15302
15304
15314
15326
15338
15342
15342
15358
15362
15364
15384
15392
15396
15396
15396
15398
15406
15424
15428
15428
15432
15432
15434
15436
15460
15472
15490
15494
15496
15522
15532
15558
15564
15580
15588
15590
15612
15622
15634
15646
15650
15720
15814
15816
15900
16120
17382
17918
20224
23996
24132
24226
24330
24418
24620
24626
24752
24800
24920
24976
26252
30338
37230
38214
39372
77428
89006
