Latencies
5230
5234
5248
5262
5270
5270
5270
5276
5278
5282
5282
5284
5286
5288
5294
5302
5304
5310
5314
5322
5324
5324
5330
5330
5336
5338
5344
5346
5348
5354
5356
5356
5356
5362
5368
5368
5368
5370
5370
5372
5374
5374
5376
5378
5378
5382
5382
5394
5400
5402
5402
5402
5406
5410
5412
5412
5416
5418
5418
5424
5426
5430
5440
5446
5448
5452
5466
5468
5478
5482
5484
5492
5494
5498
5498
5500
5502
5510
5512
5512
5530
5540
5542
5544
5550
5550
5552
5554
5556
5558
5558
5564
5564
5566
5568
5572
5574
5574
5578
5578
5580
5582
5598
5598
5600
5600
5600
5602
5604
5610
5626
5626
5628
5634
5638
5644
5646
5652
5652
5652
5656
5658
5666
5666
5668
5672
5672
5676
5678
5680
5684
5686
5698
5700
5700
5708
5714
5718
5720
5722
5728
5732
5740
5752
5756
5764
5768
5788
5790
5792
5792
5794
5796
5796
5800
5800
5804
5808
5830
5830
5830
5834
5836
5844
5846
5852
5884
5894
5894
5896
5904
5906
5910
5922
5924
5932
5932
5936
5938
5940
5948
5954
5956
5958
5960
5962
5966
5972
5974
5976
5994
5998
6006
6012
6024
6036
6040
6046
6054
6058
6066
6068
6078
6078
6080
6082
6084
6098
6106
6116
6120
6122
6122
6126
6134
6136
6146
6154
6164
6186
6198
6200
6210
6218
6240
6242
6250
6256
6258
6276
6278
6288
6304
6310
6316
6326
6330
6338
6354
6368
6374
6390
6396
6404
6426
6448
6460
6494
6498
6506
6520
6522
6526
6556
6562
6566
6610
6648
6676
6688
6696
6714
6726
6732
6734
6750
6760
6786
6786
6810
6814
6830
6838
6872
6874
6888
6918
6942
6944
6960
6988
6994
7000
7010
7020
7054
7070
7110
7158
7158
7174
7184
7184
7220
7224
7250
7266
7270
7276
7282
7314
7320
7322
7332
7336
7336
7338
7356
7358
7376
7382
7420
7430
7440
7444
7452
7456
7464
7488
7516
7526
7534
7552
7564
7612
7620
7624
7640
7648
7684
7704
7720
7722
7730
7792
7794
7804
7820
7822
7824
7848
7872
7912
7912
7916
7966
7976
7992
7994
7996
8002
8040
8044
8054
8062
8088
8090
8112
8138
8142
8146
8174
8180
8182
8186
8186
8240
8250
8266
8272
8292
8314
8316
8326
8328
8370
8380
8392
8440
8442
8454
8466
8472
8480
8508
8590
8592
8632
8642
8730
8748
8774
8782
8792
8800
8824
8824
8832
8866
8868
8870
8870
8882
8896
8902
8922
8948
8960
8964
8968
8992
8996
9034
9038
9040
9084
9100
9116
9126
9204
9216
9246
9250
9260
9298
9326
9344
9350
9376
9378
9378
9404
9446
9456
9528
9534
9556
9564
9616
9652
9694
9698
9728
9750
9774
9774
9866
9870
9886
9898
9946
9968
9974
9976
9984
10026
10028
10078
10082
10096
10118
10120
10156
10160
10164
10210
10218
10226
10238
10274
10286
10384
10386
10388
10400
10418
10438
10556
10590
10636
10662
10664
10724
10742
10772
10780
10786
10822
10828
10882
10964
10978
11070
11084
11088
11094
11104
11116
11124
11142
11164
11182
11210
11234
11272
11274
11280
11284
11334
11340
11342
11342
11354
11366
11402
11410
11436
11470
11484
11492
11498
11534
11542
11566
11584
11586
11602
11610
11654
11684
11688
11692
11704
11708
11754
11776
11788
11804
11880
11924
11926
11956
11976
11994
12010
12026
12076
12090
12098
12100
12158
12178
12178
12180
12194
12244
12338
12344
12360
12364
12370
12388
12390
12412
12416
12434
12484
12508
12516
12522
12536
12544
12548
12554
12594
12642
12660
12680
12696
12696
12698
12698
12706
12706
12714
12718
12814
12826
12828
12836
12850
12852
12862
12882
12894
12908
12952
12976
12994
12998
13024
13028
13036
13082
13138
13172
13210
13230
13250
13258
13266
13280
13286
13298
13304
13310
13318
13322
13346
13366
13412
13466
13482
13494
13516
13528
13534
13542
13544
13544
13598
13612
13638
13656
13662
13698
13700
13704
13704
13716
13760
13760
13764
13824
13826
13828
13836
13862
13878
13894
13912
13938
13948
13980
13982
13990
14000
14032
14034
14056
14076
14084
14096
14098
14108
14112
14128
14142
14148
14174
14176
14184
14184
14188
14196
14206
14212
14222
14240
14246
14250
14258
14266
14270
14272
14276
14288
14290
14302
14306
14312
14326
14328
14350
14360
14362
14366
14374
14376
14378
14430
14438
14456
14462
14468
14518
14518
14542
14542
14548
14570
14578
14578
14582
14610
14612
14612
14614
14616
14620
14622
14632
14634
14660
14660
14660
14666
14668
14670
14672
14696
14698
14706
14712
14714
14724
14728
14730
14732
14750
14756
14756
14758
14758
14762
14764
14772
14780
14788
14802
14808
14814
14820
14838
14842
14846
14862
14872
14874
14876
14878
14888
14892
14898
14904
14904
14908
14914
14922
14938
14938
14944
14946
14948
14954
14960
14964
14966
14980
14984
14986
14988
14988
15006
15022
15024
15050
15050
15054
15058
15064
15068
15070
15070
15074
15080
15090
15090
15102
15102
15106
15120
15120
15122
15122
15122
15124
15128
15146
15148
15152
15158
15160
15164
15168
15172
15172
15180
15188
15194
15196
15202
15204
15214
15232
15238
15242
15254
15266
15270
15272
15282
15292
15292
15292
15298
15298
15302
15320
15330
15332
15332
15336
15340
15340
15360
15360
15374
15376
15378
15382
15384
15390
15410
15410
15412
15414
15418
15422
15424
15424
15430
15450
15460
15474
15478
15478
15480
15512
15516
15526
15540
15550
15556
15566
15572
15588
15588
15612
15618
15618
15622
15632
15656
15708
15726
15746
15754
15756
15776
15818
15820
15826
15842
15962
15964
15978
16022
16678
16714
16906
17186
17316
17602
17982
18702
19488
19846
20098
20174
20530
20694
20952
21056
21216
21568
22066
22074
22700
23040
23858
24178
24222
24374
24378
24410
24450
24460
24534
24644
24842
25022
25196
25228
25256
25266
25432
25870
26616
26982
29750
31766
33306
33760
34042
34400
34446
34458
34498
35076
35160
35400
35882
38828
40358
42534
44352
44534
192536
439826
