Latencies
5070
5086
5154
5164
5180
5210
5212
5216
5220
5228
5228
5236
5238
5240
5246
5250
5250
5252
5252
5256
5280
5286
5288
5296
5298
5300
5300
5306
5306
5308
5312
5316
5318
5320
5322
5330
5332
5338
5342
5354
5356
5362
5364
5368
5368
5368
5368
5370
5374
5374
5378
5384
5384
5392
5392
5392
5392
5398
5400
5400
5406
5410
5412
5414
5418
5426
5430
5430
5440
5442
5446
5450
5468
5470
5472
5474
5478
5480
5482
5486
5486
5488
5494
5494
5498
5500
5500
5508
5518
5518
5524
5526
5530
5532
5532
5544
5546
5548
5548
5552
5570
5570
5580
5582
5584
5590
5592
5596
5604
5606
5608
5608
5622
5628
5630
5630
5636
5642
5650
5650
5656
5668
5674
5684
5690
5696
5696
5700
5702
5710
5710
5714
5718
5726
5726
5734
5738
5740
5742
5744
5750
5752
5758
5762
5766
5766
5770
5774
5776
5776
5776
5776
5778
5778
5778
5782
5786
5792
5796
5802
5808
5812
5818
5826
5834
5838
5840
5842
5846
5848
5856
5856
5864
5876
5886
5890
5892
5894
5894
5908
5912
5922
5922
5928
5934
5938
5938
5942
5942
5950
5954
5956
5958
5960
5974
5984
5986
5986
5992
5998
6000
6000
6004
6020
6028
6030
6036
6050
6054
6056
6064
6066
6070
6076
6086
6088
6092
6096
6100
6114
6130
6152
6154
6158
6176
6192
6210
6218
6242
6260
6274
6274
6280
6284
6286
6288
6292
6296
6298
6302
6308
6334
6352
6362
6380
6382
6386
6414
6434
6448
6460
6464
6466
6474
6484
6506
6506
6508
6536
6540
6556
6570
6576
6578
6582
6588
6590
6608
6622
6624
6642
6650
6660
6664
6674
6686
6716
6746
6760
6762
6770
6778
6800
6808
6810
6810
6816
6830
6896
6900
6904
6916
6932
6984
6996
7006
7020
7022
7080
7094
7096
7116
7118
7126
7146
7150
7168
7180
7220
7224
7248
7258
7302
7320
7334
7346
7356
7394
7408
7444
7462
7488
7494
7504
7508
7526
7532
7570
7580
7580
7584
7594
7614
7618
7620
7622
7632
7632
7688
7688
7712
7824
7860
7880
7888
7898
7942
7946
7954
7962
7962
7966
8028
8034
8040
8068
8070
8072
8116
8146
8148
8170
8178
8206
8218
8222
8242
8250
8258
8278
8280
8304
8314
8314
8336
8336
8336
8346
8350
8372
8386
8394
8396
8436
8474
8490
8492
8504
8510
8512
8526
8540
8548
8562
8570
8572
8592
8598
8598
8610
8610
8622
8632
8662
8676
8684
8718
8752
8758
8766
8788
8790
8794
8798
8808
8816
8842
8848
8866
8880
8894
8902
8920
8926
8950
8998
9000
9014
9030
9038
9040
9044
9048
9054
9078
9092
9098
9106
9112
9120
9152
9168
9192
9202
9234
9236
9248
9266
9288
9396
9404
9420
9420
9426
9444
9476
9486
9490
9498
9522
9528
9536
9548
9552
9574
9574
9606
9618
9622
9660
9666
9678
9684
9684
9690
9700
9706
9750
9754
9772
9780
9816
9848
9868
9896
9906
9936
9938
9948
9980
10022
10028
10034
10052
10074
10088
10104
10114
10114
10120
10148
10156
10164
10200
10206
10208
10218
10228
10242
10264
10270
10298
10300
10304
10306
10322
10324
10328
10364
10386
10386
10398
10406
10410
10440
10472
10494
10498
10500
10508
10518
10524
10532
10538
10556
10600
10610
10630
10634
10638
10642
10650
10698
10716
10718
10734
10748
10770
10774
10788
10806
10818
10820
10824
10824
10834
10876
10882
10884
10884
10904
10906
10934
10948
10956
10956
10998
11012
11030
11040
11044
11080
11154
11164
11172
11182
11192
11222
11246
11270
11282
11306
11324
11336
11372
11388
11406
11430
11452
11464
11484
11540
11562
11566
11570
11572
11580
11584
11586
11586
11588
11590
11600
11606
11646
11648
11650
11652
11654
11666
11674
11682
11710
11712
11722
11752
11770
11770
11774
11796
11808
11812
11816
11820
11824
11826
11840
11858
11872
11890
11894
11902
11924
11964
11998
12026
12038
12040
12048
12114
12128
12130
12132
12196
12204
12204
12232
12252
12276
12280
12282
12302
12324
12360
12370
12372
12372
12380
12402
12410
12412
12422
12434
12450
12450
12454
12466
12476
12498
12512
12512
12536
12586
12588
12590
12600
12608
12612
12634
12644
12666
12666
12672
12690
12716
12718
12762
12804
12812
12822
12830
12900
12916
12928
12950
12950
12956
12964
12988
13000
13018
13046
13058
13070
13154
13214
13234
13236
13246
13246
13264
13266
13278
13288
13360
13370
13384
13394
13430
13460
13474
13486
13494
13542
13576
13616
13624
13626
13638
13654
13662
13672
13676
13686
13694
13696
13706
13724
13742
13746
13754
13770
13782
13794
13824
13832
13836
13838
13850
13868
13876
13884
13886
13898
13900
13918
13922
13954
13986
13990
14030
14032
14040
14042
14044
14050
14062
14078
14114
14118
14118
14130
14140
14140
14158
14182
14208
14216
14220
14236
14242
14254
14254
14266
14286
14312
14314
14344
14350
14352
14372
14410
14418
14418
14424
14464
14466
14476
14478
14490
14496
14498
14508
14560
14562
14566
14570
14570
14576
14578
14582
14612
14618
14632
14634
14650
14660
14662
14664
14668
14674
14684
14688
14712
14716
14728
14736
14744
14758
14762
14768
14784
14790
14792
14792
14798
14800
14808
14810
14812
14828
14840
14844
14844
14848
14848
14860
14862
14864
14872
14888
14890
14904
14910
14912
14918
14932
14936
14944
14946
14946
14956
14968
14968
14974
14978
14978
14980
14984
14994
14996
15008
15014
15024
15024
15036
15050
15052
15056
15060
15060
15070
15076
15096
15096
15098
15098
15104
15112
15124
15130
15136
15136
15142
15142
15144
15144
15146
15150
15156
15160
15164
15166
15178
15184
15184
15186
15186
15198
15200
15202
15204
15214
15224
15236
15246
15248
15252
15264
15268
15280
15286
15292
15296
15298
15342
15358
15366
15380
15386
15392
15406
15442
15442
15470
15484
15510
15522
15548
15548
15554
15558
15566
15598
15650
15656
15660
15662
15664
15690
15694
15702
15716
15754
15796
15818
15842
15850
15852
15856
15890
15922
15928
15938
15970
15996
15998
16004
16072
16094
16136
16188
16204
16272
16476
16544
16590
17090
18762
19482
21030
21474
22082
22450
24280
24288
24328
24438
25412
25494
25660
25788
28492
33008
34574
35316
37210
42786
46244
89696
