Latencies
5366
5410
5422
5430
5434
5438
5464
5472
5474
5474
5490
5522
5522
5532
5540
5576
5590
5600
5618
5642
5700
5704
5706
5730
5736
5748
5772
5776
5792
5804
5804
5806
5810
5822
5844
5844
5852
5856
5858
5890
5912
5914
5928
5934
5946
5950
5950
5958
5958
5970
5974
5976
5994
6004
6022
6024
6026
6028
6036
6054
6092
6142
6168
6168
6170
6170
6174
6190
6200
6214
6244
6268
6272
6296
6298
6302
6304
6306
6306
6328
6328
6336
6352
6370
6394
6434
6434
6446
6482
6484
6506
6516
6542
6564
6598
6612
6626
6638
6668
6718
6754
6942
6950
6980
6990
7004
7016
7020
7042
7140
7166
7178
7216
7266
7270
7338
7348
7352
7358
7390
7394
7422
7442
7456
7472
7474
7524
7524
7540
7542
7568
7574
7578
7588
7588
7594
7598
7600
7648
7682
7682
7716
7718
7766
7786
7808
7834
7850
7872
7880
7890
7910
7912
7914
7954
7962
8016
8054
8102
8116
8120
8158
8208
8256
8340
8368
8380
8418
8418
8432
8450
8454
8454
8464
8468
8486
8514
8536
8542
8630
8636
8672
8726
8746
8790
8804
8912
8914
8930
8958
8972
8982
8982
8990
9076
9080
9088
9114
9126
9140
9152
9174
9180
9224
9238
9296
9382
9402
9460
9488
9490
9494
9496
9498
9510
9554
9596
9608
9622
9644
9682
9728
9810
9828
9914
9968
10054
10058
10110
10174
10198
10230
10232
10248
10324
10362
10396
10396
10408
10422
10426
10504
10528
10562
10652
10684
10708
10728
10784
10786
10810
10880
10902
10922
10932
10950
10956
11016
11060
11084
11084
11118
11136
11146
11180
11180
11192
11200
11222
11222
11262
11266
11350
11378
11474
11490
11496
11510
11518
11522
11558
11580
11608
11608
11666
11668
11670
11714
11832
11856
11862
11874
11894
11928
11952
12030
12044
12098
12104
12128
12146
12156
12262
12270
12330
12434
12458
12498
12500
12524
12532
12564
12568
12572
12600
12602
12612
12642
12646
12650
12652
12684
12788
12794
12794
12858
12898
12904
12918
12940
12954
12976
12980
13016
13032
13060
13080
13094
13118
13122
13138
13176
13220
13306
13358
13368
13460
13504
13522
13538
13558
13624
13644
13652
13664
13684
13696
13726
13738
13740
13742
13744
13748
13750
13770
13808
13870
13874
13878
13878
13880
13888
13900
13960
13960
13998
14008
14040
14076
14104
14112
14130
14134
14140
14156
14222
14240
14244
14274
14286
14302
14312
14320
14358
14392
14428
14434
14466
14476
14480
14480
14512
14518
14520
14544
14544
14568
14582
14604
14608
14632
14634
14640
14652
14660
14666
14682
14684
14684
14690
14706
14720
14728
14728
14732
14732
14748
14748
14750
14758
14770
14772
14776
14788
14794
14798
14798
14798
14798
14812
14814
14816
14818
14826
14828
14828
14850
14854
14856
14862
14866
14876
14886
14892
14898
14902
14904
14908
14914
14914
14930
14938
14940
14940
14958
14960
14966
14966
14968
14974
14974
14986
14986
14994
15004
15010
15012
15020
15030
15038
15040
15040
15042
15044
15054
15062
15068
15068
15072
15076
15076
15076
15078
15082
15082
15084
15098
15108
15108
15110
15114
15116
15118
15126
15128
15132
15142
15144
15144
15144
15160
15180
15184
15188
15212
15216
15216
15226
15234
15242
15246
15252
15252
15270
15270
15272
15276
15276
15278
15284
15292
15302
15304
15306
15318
15338
15344
15346
15350
15352
15362
15366
15386
15392
15392
15394
15412
15422
15422
15424
15426
15450
15450
15452
15454
15458
15464
15486
15516
15526
15530
15532
15536
15582
15612
15644
15644
15658
15670
15682
15682
15698
15702
15744
15774
15778
15788
15796
15800
15812
15826
15838
15844
15848
15876
15880
15892
15896
15904
15946
15976
15998
16000
16008
16012
16014
16038
16074
16092
16110
16166
16180
16190
16196
16206
16234
16280
16300
16414
16454
16496
16592
16618
16788
16966
17114
17200
17244
17266
17346
17350
17398
17462
17502
17532
17654
17880
17950
18064
18082
18116
18190
18210
18394
18468
18516
18532
18550
18568
18686
18694
18726
18728
18748
18758
18832
18834
18952
18982
19026
19086
19134
19136
19136
19156
19224
19406
19460
19542
19594
19634
19700
19740
19930
20026
20136
20140
20548
20640
20664
20726
20726
20802
20814
20832
20840
21014
21152
21280
21518
21542
21680
21850
21968
21992
22118
22142
22278
22326
22336
22424
22484
22584
22630
22712
22786
22800
22806
22832
22842
22964
23052
23110
23170
23186
23212
23212
23264
23316
23572
23654
23724
23730
23830
23834
23842
23938
23940
23942
23982
24004
24246
24266
24282
24300
24326
24328
24354
24376
24400
24490
24490
24508
24518
24542
24568
24568
24580
24638
24646
24680
24692
24700
24756
24804
24834
24912
24926
24936
24960
24962
24986
25046
25074
25086
25132
25196
25222
25250
25268
25344
25368
25372
25430
25486
25500
25634
25646
25836
25856
26184
26208
26504
26516
26554
26572
26574
26594
26636
26714
26798
26834
26866
27006
27154
27284
27520
27526
27604
27632
27634
27672
27740
27958
28038
28076
28092
28114
28170
28184
28276
28306
28356
28364
28370
28376
28402
28542
28690
28730
28790
28904
28916
28948
28974
28978
29012
29146
29342
29346
29400
29434
29516
29560
29592
29752
29840
29892
30008
30024
30112
30146
30148
30204
30302
30328
30400
30432
30648
30862
31194
31208
31310
31350
31356
31410
31524
31630
31710
32214
32262
32350
32520
32544
32604
32608
32624
32716
32874
33000
33054
33102
33128
33174
33218
33274
33366
33376
33394
33418
33532
33546
33564
33576
33622
33624
33708
33708
33710
33714
33808
33810
33832
33842
33846
33898
33898
33948
33962
33966
34006
34014
34040
34048
34052
34066
34080
34088
34096
34106
34126
34158
34160
34168
34188
34194
34196
34212
34220
34290
34306
34324
34340
34346
34356
34360
34388
34408
34420
34432
34446
34450
34470
34476
34486
34504
34506
34512
34520
34534
34534
34544
34552
34564
34572
34592
34620
34620
34620
34632
34634
34676
34696
34716
34718
34720
34722
34724
34744
34746
34754
34818
34832
34836
34856
34888
34892
34916
34946
34982
35006
35020
35096
35104
35162
35166
35224
35258
35262
35266
35282
35336
35342
35344
35352
35424
35514
35516
35646
36834
40454
40640
42812
43160
43944
44036
44088
44216
44300
44740
45060
45396
47240
47726
51376
54094
64324
288350
307526
1438316
