Latencies
5166
5166
5176
5184
5194
5198
5200
5210
5210
5224
5230
5236
5236
5238
5238
5242
5246
5248
5252
5254
5256
5260
5268
5270
5272
5276
5276
5278
5280
5282
5284
5284
5286
5294
5296
5296
5298
5298
5298
5306
5308
5308
5312
5318
5324
5324
5324
5328
5330
5330
5332
5336
5340
5342
5348
5348
5350
5352
5352
5354
5354
5356
5356
5358
5358
5360
5364
5374
5374
5380
5380
5384
5388
5392
5392
5392
5396
5410
5410
5412
5418
5430
5432
5446
5452
5456
5464
5474
5474
5476
5478
5486
5488
5490
5494
5496
5498
5498
5500
5508
5508
5510
5512
5516
5520
5522
5524
5530
5532
5534
5536
5542
5544
5546
5550
5552
5552
5556
5558
5560
5562
5562
5568
5570
5578
5582
5586
5600
5602
5608
5610
5620
5622
5626
5628
5630
5660
5666
5668
5670
5678
5678
5682
5688
5692
5694
5696
5698
5702
5710
5710
5720
5720
5724
5726
5726
5730
5732
5732
5732
5736
5752
5756
5768
5772
5776
5778
5780
5782
5782
5792
5794
5796
5798
5802
5804
5820
5824
5826
5830
5848
5848
5856
5866
5870
5874
5876
5882
5884
5890
5892
5906
5910
5916
5916
5916
5916
5918
5920
5920
5926
5930
5930
5930
5934
5934
5934
5938
5952
5958
5960
5968
5982
5988
5992
5994
5994
6000
6014
6016
6026
6034
6042
6048
6060
6060
6070
6072
6082
6082
6084
6098
6140
6148
6154
6158
6158
6158
6162
6176
6176
6180
6182
6186
6198
6198
6198
6212
6234
6248
6250
6260
6300
6322
6332
6334
6350
6360
6384
6388
6406
6414
6440
6500
6506
6512
6542
6546
6594
6596
6600
6646
6660
6694
6696
6698
6700
6704
6710
6724
6736
6740
6746
6756
6790
6792
6830
6846
6858
6864
6904
6912
6940
6958
7008
7032
7044
7078
7082
7082
7090
7092
7146
7166
7166
7200
7208
7222
7236
7240
7258
7294
7298
7300
7334
7412
7440
7466
7472
7500
7508
7516
7518
7570
7586
7610
7638
7714
7720
7730
7736
7772
7800
7818
7880
7890
7896
7904
7964
7980
7994
8002
8008
8036
8048
8068
8076
8094
8104
8130
8154
8158
8160
8166
8168
8178
8180
8266
8298
8298
8318
8320
8324
8334
8348
8352
8354
8376
8380
8400
8402
8470
8470
8480
8522
8524
8558
8580
8600
8632
8664
8670
8788
8792
8810
8830
8830
8838
8860
8864
8880
8910
8942
8958
8966
8986
9012
9036
9052
9072
9164
9166
9166
9168
9204
9246
9276
9296
9298
9364
9376
9462
9476
9492
9522
9532
9554
9572
9586
9588
9618
9648
9714
9716
9756
9760
9768
9772
9808
9816
9820
9868
9894
9898
9898
9948
9960
10024
10028
10032
10110
10116
10124
10132
10138
10154
10184
10210
10262
10326
10426
10438
10454
10494
10586
10602
10628
10650
10668
10676
10688
10708
10708
10736
10758
10788
10798
10836
10852
10878
10896
10912
10916
10936
11010
11038
11038
11054
11074
11086
11090
11112
11120
11132
11146
11182
11224
11252
11278
11284
11290
11292
11308
11344
11370
11376
11394
11400
11454
11470
11476
11524
11542
11558
11566
11568
11594
11602
11632
11638
11666
11672
11672
11684
11782
11794
11820
11824
11834
11862
11906
11924
11934
11936
11946
11964
11964
11970
11990
12034
12044
12046
12052
12076
12078
12092
12146
12170
12224
12236
12242
12280
12294
12324
12338
12350
12352
12366
12388
12400
12512
12516
12516
12528
12586
12624
12638
12668
12674
12698
12706
12724
12724
12808
12810
12838
12842
12842
12850
12872
12876
12916
12934
12940
12968
13058
13086
13090
13148
13160
13240
13272
13284
13294
13312
13332
13340
13374
13400
13422
13456
13458
13460
13486
13512
13526
13566
13584
13584
13588
13602
13630
13630
13648
13676
13688
13702
13740
13764
13780
13784
13796
13816
13840
13854
13874
13878
13904
13910
13924
13936
13956
13994
14060
14074
14088
14088
14106
14110
14120
14156
14232
14240
14250
14260
14284
14292
14296
14296
14300
14300
14304
14306
14326
14328
14354
14366
14384
14416
14416
14434
14438
14448
14450
14456
14458
14458
14462
14476
14478
14514
14520
14520
14522
14528
14538
14544
14566
14576
14578
14578
14586
14588
14592
14598
14600
14604
14606
14606
14606
14616
14618
14618
14620
14626
14632
14656
14660
14676
14682
14688
14692
14700
14700
14706
14710
14712
14716
14728
14732
14732
14736
14742
14744
14746
14758
14764
14770
14770
14770
14772
14774
14784
14786
14788
14800
14810
14814
14816
14816
14820
14822
14826
14832
14834
14840
14848
14850
14852
14858
14860
14870
14874
14876
14876
14880
14886
14896
14898
14900
14908
14908
14918
14922
14922
14922
14922
14942
14944
14946
14950
14954
14964
14972
14974
14984
14986
14988
14990
15010
15012
15022
15022
15024
15032
15034
15034
15036
15036
15038
15040
15040
15044
15048
15052
15066
15070
15070
15072
15086
15086
15086
15096
15112
15112
15130
15130
15132
15132
15132
15134
15136
15144
15146
15150
15150
15150
15152
15166
15168
15180
15180
15182
15190
15192
15196
15198
15202
15204
15206
15208
15222
15224
15224
15224
15228
15228
15230
15236
15236
15236
15242
15244
15248
15248
15248
15250
15254
15254
15254
15266
15270
15272
15276
15278
15278
15282
15286
15292
15292
15300
15300
15308
15318
15324
15324
15328
15334
15334
15336
15338
15342
15358
15360
15364
15370
15376
15376
15378
15390
15392
15400
15408
15418
15424
15446
15448
15460
15476
15478
15480
15482
15506
15512
15528
15530
15552
15560
15562
15570
15630
15630
15662
15670
15674
15686
15700
15706
15710
15718
15726
15750
15780
15784
15790
15796
15810
15828
15828
15908
15966
15980
16000
16064
16078
16078
16160
16224
16292
16304
16378
16546
17770
18042
18414
18516
19054
19284
19930
19994
21048
21810
21890
22064
22202
22212
22250
22294
22306
22710
22816
23000
23086
23284
23364
23468
23580
23692
23838
23870
23936
24018
24020
24202
24260
24272
24374
24382
24492
24590
24676
24704
24712
24800
24802
24910
24978
25072
25072
25164
25180
25192
25360
25384
25412
28712
34028
34362
34708
34898
35160
38864
40358
98668
13621316
