Latencies
5020
5032
5036
5044
5048
5052
5056
5058
5058
5060
5064
5064
5074
5088
5092
5094
5096
5098
5100
5110
5110
5112
5114
5116
5120
5120
5122
5124
5126
5126
5128
5132
5132
5134
5134
5134
5134
5136
5136
5140
5140
5144
5144
5144
5146
5146
5146
5146
5146
5150
5150
5150
5150
5152
5154
5154
5156
5158
5160
5162
5164
5166
5168
5168
5170
5172
5172
5172
5172
5174
5176
5176
5178
5180
5182
5182
5182
5182
5184
5184
5186
5186
5186
5186
5188
5190
5190
5190
5192
5192
5194
5196
5198
5198
5198
5200
5200
5202
5202
5206
5206
5206
5208
5210
5210
5210
5210
5210
5210
5210
5210
5212
5212
5212
5216
5218
5218
5222
5222
5222
5224
5224
5224
5224
5224
5226
5226
5226
5226
5228
5228
5230
5230
5232
5232
5234
5234
5234
5236
5236
5236
5236
5238
5238
5238
5238
5238
5238
5240
5240
5240
5242
5242
5242
5242
5244
5244
5244
5244
5244
5244
5246
5246
5246
5246
5246
5246
5246
5246
5246
5246
5248
5248
5248
5248
5248
5250
5250
5250
5250
5250
5250
5250
5252
5252
5252
5252
5252
5252
5254
5254
5254
5256
5256
5256
5256
5258
5258
5258
5258
5258
5258
5258
5260
5260
5260
5260
5260
5260
5262
5262
5262
5264
5264
5264
5266
5266
5266
5266
5266
5266
5268
5268
5268
5268
5270
5270
5270
5270
5270
5270
5270
5270
5270
5270
5270
5270
5272
5272
5272
5272
5272
5274
5274
5274
5274
5274
5274
5274
5276
5276
5276
5278
5278
5278
5278
5280
5280
5282
5282
5284
5284
5284
5286
5286
5286
5286
5286
5288
5288
5288
5288
5288
5290
5290
5290
5290
5290
5292
5292
5292
5292
5292
5294
5294
5294
5294
5294
5294
5296
5296
5296
5296
5296
5298
5298
5298
5298
5298
5298
5300
5300
5300
5302
5302
5302
5302
5302
5302
5304
5304
5306
5306
5306
5308
5308
5308
5310
5310
5310
5312
5312
5314
5314
5314
5314
5314
5314
5316
5318
5318
5318
5318
5322
5322
5324
5324
5326
5326
5328
5328
5328
5328
5330
5330
5330
5330
5330
5332
5332
5334
5334
5334
5336
5336
5336
5338
5338
5338
5338
5340
5340
5340
5340
5342
5342
5342
5342
5344
5346
5346
5346
5352
5352
5352
5352
5352
5354
5354
5356
5356
5358
5358
5360
5360
5360
5362
5362
5362
5362
5364
5364
5364
5366
5366
5366
5368
5370
5370
5372
5372
5374
5374
5374
5376
5376
5378
5378
5378
5380
5382
5382
5382
5384
5384
5386
5388
5388
5390
5390
5390
5392
5394
5394
5396
5398
5398
5400
5400
5402
5404
5404
5406
5408
5410
5410
5412
5412
5414
5414
5414
5416
5418
5418
5420
5422
5422
5422
5422
5424
5424
5426
5426
5426
5428
5428
5428
5430
5430
5430
5432
5432
5432
5432
5434
5434
5442
5442
5442
5442
5442
5442
5444
5444
5444
5444
5444
5446
5446
5446
5448
5448
5448
5450
5450
5450
5450
5450
5454
5454
5456
5458
5460
5464
5468
5468
5470
5472
5472
5476
5476
5476
5476
5478
5480
5480
5480
5484
5488
5488
5488
5488
5494
5494
5496
5498
5498
5500
5500
5500
5500
5502
5502
5504
5504
5506
5508
5514
5516
5518
5520
5522
5526
5528
5528
5528
5528
5530
5532
5534
5534
5536
5538
5538
5540
5540
5540
5542
5546
5546
5548
5550
5550
5550
5552
5552
5554
5556
5556
5558
5560
5562
5564
5566
5566
5568
5570
5572
5574
5574
5576
5576
5578
5578
5580
5584
5586
5588
5588
5592
5592
5596
5600
5602
5604
5608
5610
5610
5610
5614
5614
5616
5618
5620
5620
5620
5622
5624
5624
5624
5626
5628
5636
5636
5638
5640
5640
5640
5642
5646
5646
5648
5648
5656
5656
5656
5660
5660
5660
5664
5666
5668
5672
5674
5674
5676
5676
5676
5678
5680
5682
5682
5682
5684
5686
5688
5690
5692
5700
5700
5700
5702
5704
5708
5708
5710
5712
5712
5716
5716
5718
5718
5722
5722
5722
5724
5726
5726
5728
5730
5732
5734
5734
5736
5740
5742
5744
5744
5746
5746
5750
5752
5752
5752
5752
5754
5756
5758
5758
5758
5758
5760
5760
5764
5766
5766
5768
5768
5772
5772
5774
5774
5776
5776
5780
5784
5784
5786
5788
5792
5794
5800
5800
5800
5802
5802
5802
5804
5808
5810
5812
5812
5814
5814
5816
5816
5816
5816
5820
5822
5822
5828
5832
5834
5834
5834
5834
5834
5838
5838
5840
5840
5840
5840
5842
5842
5842
5844
5844
5844
5854
5854
5858
5860
5860
5860
5864
5868
5868
5872
5874
5874
5876
5878
5878
5878
5880
5886
5886
5886
5886
5888
5888
5892
5894
5898
5898
5906
5908
5920
5926
5928
5932
5932
5934
5942
5942
5946
5952
5952
5956
5958
5966
5966
5968
5972
5972
5972
5974
5974
5978
5980
5980
5982
5984
5986
5986
5988
5990
5990
5992
5992
5994
5996
5998
6000
6000
6002
6002
6004
6004
6006
6010
6014
6016
6018
6022
6024
6042
6046
6052
6056
6056
6060
6064
6066
6066
6066
6066
6068
6074
6080
6084
6084
6090
6094
6096
6098
6102
6102
6104
6108
6112
6112
6120
6124
6124
6124
6128
6130
6136
6136
6140
6144
6148
6156
6162
6164
6176
6178
6178
6182
6186
6186
6188
6192
6194
6198
6210
6212
6216
6230
6238
6244
6256
6256
6262
6264
6276
6276
6284
6288
6308
6322
6324
6328
6332
6362
6376
6378
6382
6398
6404
6450
6480
6488
6514
6526
6650
6654
6664
6682
6712
6726
6766
6794
6802
6892
7168
7180
7328
7472
7572
7600
7616
7698
7996
8130
8436
8760
8940
9116
9210
10228
10394
11202
11438
11522
11538
11620
12150
12346
12642
12946
14138
14626
15546
15616
16770
18060
18372
18680
18832
19810
20154
20362
20618
21094
21140
21336
21858
21866
23336
23464
23614
23730
24020
24050
24684
25736
26242
26394
26512
26594
26716
26954
28416
30036
31148
32064
32396
32708
33250
34232
35020
35438
35606
47722
51398
10116764
10184056
