Latencies
5352
5412
5456
5476
5484
5484
5490
5492
5498
5520
5560
5572
5600
5608
5620
5678
5682
5732
5738
5746
5786
5792
5820
5842
5846
5856
5908
5908
5940
5946
5960
5964
6000
6010
6016
6016
6022
6054
6056
6056
6062
6064
6068
6138
6158
6164
6170
6178
6200
6220
6240
6246
6350
6402
6460
6472
6500
6500
6570
6582
6582
6680
6710
6718
6736
6824
6870
6888
6898
6912
6970
6972
6986
6992
7058
7076
7112
7116
7126
7220
7220
7286
7296
7300
7374
7434
7502
7600
7636
7688
7734
7734
7754
7768
7782
7862
7868
7870
7882
7932
7994
8004
8024
8074
8086
8160
8234
8256
8260
8322
8464
8520
8542
8576
8638
8650
8656
8718
8748
9052
9062
9116
9124
9136
9140
9180
9208
9242
9280
9282
9288
9314
9340
9416
9470
9488
9496
9512
9540
9550
9576
9580
9622
9656
9664
9670
9710
9718
9758
9762
9784
9814
9888
9912
10034
10066
10066
10132
10164
10210
10318
10346
10376
10516
10584
10602
10698
10710
10774
10834
10860
11118
11206
11242
11276
11322
11358
11380
11418
11442
11470
11476
11558
11572
11580
11580
11666
11778
11780
11856
11880
11974
11990
12004
12044
12058
12090
12116
12320
12326
12380
12398
12454
12476
12598
12660
12668
12680
12828
12840
12900
12904
12912
12932
12960
12982
13018
13022
13026
13034
13098
13102
13292
13356
13418
13450
13480
13500
13508
13532
13566
13618
13656
13686
13700
13848
13930
13934
13942
14018
14030
14082
14090
14134
14162
14170
14200
14292
14308
14336
14340
14344
14346
14358
14364
14400
14418
14428
14432
14464
14466
14488
14496
14514
14528
14542
14582
14596
14600
14616
14628
14630
14634
14710
14720
14726
14728
14730
14738
14756
14764
14764
14764
14772
14784
14796
14800
14806
14808
14816
14818
14822
14822
14832
14840
14842
14848
14862
14872
14884
14886
14894
14902
14902
14908
14912
14924
14932
14938
14942
14948
14954
14960
14966
14982
14984
15000
15008
15010
15012
15016
15018
15020
15028
15030
15032
15038
15042
15044
15046
15050
15052
15052
15056
15066
15076
15080
15086
15088
15092
15094
15102
15110
15110
15118
15118
15120
15124
15128
15136
15138
15138
15152
15154
15176
15182
15184
15188
15222
15224
15226
15234
15244
15246
15258
15272
15282
15300
15324
15336
15344
15360
15362
15364
15366
15372
15410
15434
15446
15476
15478
15482
15516
15522
15526
15576
15584
15642
15642
15690
15708
15730
15732
15818
15876
15892
15920
15934
15938
15990
16008
16018
16020
16052
16184
16192
16218
16260
16308
16358
16380
16390
16488
16518
16540
16556
16586
16748
16764
16880
16950
17032
17290
17326
17328
17420
17438
17500
17512
17522
17648
17682
17738
17832
17918
17964
18160
18198
18234
18458
18460
18462
18540
18552
18582
18624
18668
18678
18772
18808
18870
18926
18984
19052
19120
19136
19158
19158
19196
19288
19294
19460
19486
19516
19616
19622
19702
19864
19888
19948
20024
20048
20068
20084
20112
20164
20166
20202
20264
20300
20304
20414
20448
20466
20488
20496
20666
20686
20700
20792
20818
20830
20900
20966
21016
21110
21184
21200
21210
21308
21346
21448
21740
21846
21876
21918
21942
21984
22048
22078
22142
22152
22206
22356
22372
22388
22440
22478
22524
22554
22562
22610
22730
22740
22774
22806
22816
22850
22856
22896
23026
23278
23294
23384
23406
23414
23510
23522
23600
23634
23708
23724
23764
23768
23858
23860
23876
23924
23934
23970
23970
23980
23990
24000
24056
24116
24150
24158
24170
24176
24178
24200
24212
24240
24296
24330
24342
24436
24454
24468
24470
24490
24506
24514
24526
24570
24586
24592
24660
24674
24684
24694
24708
24716
24732
24752
24762
24788
24790
24790
24858
24864
24880
24882
24888
24896
24918
24928
24928
24940
24950
25024
25064
25086
25122
25122
25160
25200
25210
25242
25248
25274
25296
25324
25328
25366
25366
25368
25370
25416
25530
25544
25558
25610
25662
25702
25750
25922
25960
25990
26062
26116
26130
26196
26240
26408
26446
26464
26482
26514
26592
26594
26614
26648
26706
26798
26840
26952
27160
27328
27348
27384
27406
27512
27596
27696
27746
27764
27778
27784
27786
27894
27920
27972
28044
28052
28100
28170
28202
28216
28250
28382
28394
28482
28484
28566
28624
28776
28880
28892
28930
29098
29206
29310
29322
29376
29380
29412
29508
29510
29510
29662
29886
29888
29966
29988
29996
30074
30134
30166
30236
30332
30374
30390
30484
30492
30532
30552
30604
30734
30744
30748
30968
31182
31186
31276
31354
31372
31408
31414
31428
31428
31510
31524
31628
31640
31656
31664
31686
31714
31774
31800
31848
31938
31942
31952
32040
32146
32164
32172
32306
32308
32322
32400
32468
32556
32748
32756
32798
32864
32932
33016
33102
33108
33118
33184
33270
33276
33364
33390
33432
33434
33474
33504
33512
33520
33532
33546
33550
33586
33586
33708
33718
33730
33756
33782
33802
33808
33846
33870
33888
33898
33898
33900
33918
33930
33956
33968
33984
33984
33984
34000
34038
34038
34052
34064
34066
34084
34114
34136
34138
34142
34152
34174
34174
34176
34184
34184
34188
34188
34190
34204
34218
34220
34224
34224
34234
34238
34252
34252
34264
34284
34292
34296
34304
34306
34312
34312
34330
34334
34338
34340
34350
34350
34354
34368
34372
34380
34382
34382
34382
34384
34384
34386
34396
34396
34400
34402
34404
34414
34416
34416
34416
34422
34428
34434
34440
34448
34448
34460
34464
34478
34482
34488
34490
34502
34502
34512
34514
34522
34526
34534
34542
34542
34544
34546
34548
34552
34552
34566
34568
34570
34570
34578
34586
34586
34588
34590
34592
34594
34598
34598
34616
34616
34618
34620
34622
34622
34628
34630
34652
34654
34656
34658
34666
34672
34672
34680
34682
34686
34690
34706
34710
34710
34722
34728
34732
34732
34732
34732
34734
34738
34744
34748
34750
34756
34758
34768
34770
34782
34790
34796
34816
34836
34846
34854
34866
34872
34880
34882
34890
34900
34944
34944
34946
34948
34964
34972
34988
34998
35000
35034
35084
35090
35110
35142
35146
35186
35250
35264
35352
35444
35488
35714
35760
36010
36424
39034
43540
43640
44002
44144
44292
44546
45388
54008
54324
54610
70558
87168
89554
146204
155618
165328
360860
1137604
2132082
2253462
