Latencies
5338
5342
5400
5416
5432
5440
5446
5460
5488
5488
5492
5496
5502
5516
5520
5522
5534
5542
5546
5548
5566
5582
5590
5602
5612
5622
5684
5686
5702
5708
5710
5732
5736
5750
5758
5784
5814
5822
5822
5822
5838
5842
5850
5856
5912
5912
5914
5916
5916
5930
5938
5946
6002
6006
6010
6018
6038
6092
6094
6108
6120
6156
6162
6206
6206
6218
6276
6294
6352
6358
6360
6384
6394
6402
6404
6426
6432
6548
6564
6606
6608
6668
6706
6716
6730
6772
6792
6840
6858
6866
6966
6992
6994
7034
7052
7066
7070
7092
7118
7258
7262
7324
7368
7370
7374
7380
7412
7420
7434
7448
7532
7604
7636
7686
7710
7796
7854
7864
7866
7904
7968
7998
8022
8032
8062
8126
8138
8516
8536
8540
8586
8626
8648
8678
8698
8796
8856
8880
8892
8948
9082
9118
9140
9170
9254
9270
9284
9290
9400
9446
9468
9502
9522
9524
9654
9734
9752
9840
9842
9872
9888
9954
9974
10000
10030
10096
10100
10114
10152
10262
10284
10328
10330
10344
10468
10508
10590
10634
10684
10768
10776
10828
10828
10960
10966
11000
11030
11058
11072
11118
11270
11276
11370
11442
11456
11478
11480
11484
11486
11512
11596
11596
11716
11728
11804
11832
11908
11976
12044
12078
12126
12130
12168
12180
12194
12260
12276
12284
12316
12316
12330
12342
12402
12466
12466
12482
12538
12564
12740
12854
12858
12888
12922
12976
13010
13016
13050
13054
13070
13168
13178
13198
13212
13242
13280
13300
13358
13376
13460
13596
13684
13810
13896
13906
13934
13980
14048
14078
14096
14108
14128
14162
14164
14180
14192
14222
14222
14226
14238
14258
14296
14344
14368
14424
14448
14454
14486
14508
14510
14528
14528
14546
14548
14558
14568
14568
14588
14588
14598
14602
14604
14628
14640
14640
14654
14656
14662
14668
14674
14674
14690
14722
14726
14744
14746
14748
14756
14756
14758
14758
14766
14772
14784
14788
14790
14804
14806
14806
14812
14828
14836
14860
14882
14884
14902
14906
14908
14908
14920
14924
14928
14934
14940
14960
14964
14966
14970
14974
14986
14992
14994
15000
15004
15008
15030
15034
15040
15040
15042
15042
15046
15048
15052
15054
15056
15060
15088
15126
15126
15126
15138
15150
15158
15170
15172
15184
15198
15200
15208
15208
15220
15222
15226
15244
15248
15276
15278
15296
15306
15308
15308
15320
15332
15358
15366
15370
15374
15378
15384
15388
15390
15416
15440
15448
15462
15482
15490
15496
15550
15564
15570
15570
15570
15592
15610
15616
15652
15660
15726
15734
15748
15756
15758
15760
15764
15784
15794
15862
15872
15886
15896
15922
15948
15978
16010
16014
16016
16078
16078
16084
16244
16318
16436
16440
16490
16566
16760
16766
16868
16900
17122
17150
17166
17170
17234
17246
17262
17374
17508
17578
17776
17798
17844
17884
18018
18120
18224
18234
18354
18358
18524
18584
18596
18906
18946
18954
19002
19206
19262
19276
19386
19472
19650
19660
19738
19750
19752
19854
19868
19970
20000
20104
20120
20228
20270
20274
20282
20296
20362
20474
20482
20642
20782
20828
21038
21190
21200
21314
21346
21420
21508
21578
21616
21712
21754
21756
21896
21916
21928
21974
22016
22146
22204
22214
22492
22510
22540
22622
22722
22848
22852
22892
22930
23068
23072
23082
23174
23250
23260
23346
23386
23398
23408
23434
23496
23526
23540
23580
23598
23598
23654
23668
23792
23874
23940
23972
24028
24096
24116
24124
24136
24166
24166
24228
24268
24270
24280
24298
24358
24378
24396
24406
24428
24484
24504
24562
24572
24584
24602
24610
24618
24648
24648
24690
24712
24728
24742
24838
24852
24884
24912
24982
24984
25154
25174
25180
25234
25328
25418
25494
25566
25582
25672
25678
25770
25814
25822
25872
25886
25964
26112
26256
26262
26298
26362
26594
26604
26648
26676
26732
26750
26760
26802
27028
27042
27132
27220
27278
27296
27400
27474
27638
27864
27892
27966
27998
28012
28038
28046
28190
28416
28434
28466
28632
28640
28688
28706
28802
28814
28862
28886
28964
29012
29118
29164
29188
29212
29260
29280
29364
29368
29390
29454
29476
29580
29858
30100
30208
30292
30368
30380
30404
30448
30504
30566
30612
30656
30660
30694
30880
30968
31108
31140
31180
31194
31298
31306
31352
31446
31470
31476
31570
31610
31632
31638
31650
31708
31820
31880
32006
32140
32246
32268
32382
32434
32448
32502
32580
32590
32612
32690
32736
32762
32778
32798
32814
32870
32946
32960
32980
32986
32994
33076
33114
33170
33236
33304
33402
33484
33494
33522
33526
33530
33548
33560
33650
33674
33686
33690
33708
33710
33712
33716
33720
33730
33750
33766
33802
33806
33826
33872
33884
33896
33908
33918
33934
33940
33950
33956
33962
33978
33992
34004
34026
34032
34038
34068
34086
34096
34102
34118
34130
34144
34186
34194
34208
34212
34218
34228
34248
34248
34264
34268
34276
34280
34296
34304
34308
34308
34312
34314
34316
34320
34322
34328
34336
34348
34350
34350
34352
34356
34356
34360
34364
34366
34378
34384
34392
34396
34396
34398
34400
34414
34424
34430
34432
34438
34440
34440
34448
34448
34450
34452
34462
34464
34472
34480
34490
34502
34508
34508
34514
34516
34518
34522
34522
34534
34540
34540
34548
34548
34550
34556
34556
34564
34566
34584
34586
34594
34600
34606
34616
34626
34628
34628
34632
34654
34656
34662
34664
34664
34674
34678
34678
34686
34688
34704
34710
34714
34716
34722
34732
34734
34736
34736
34738
34746
34754
34762
34774
34782
34786
34786
34794
34800
34806
34808
34816
34816
34824
34830
34834
34836
34840
34850
34854
34856
34858
34862
34874
34876
34890
34894
34912
34918
34962
34964
34976
34976
34982
34998
35010
35022
35028
35032
35068
35088
35104
35110
35130
35136
35138
35146
35150
35174
35214
35242
35254
35288
35304
35306
35454
35474
35492
35502
35502
35524
35550
35550
35636
35696
35764
35778
36072
36134
36148
36216
36300
36914
38154
40234
42332
43022
43400
43522
43686
43810
43866
43944
44042
44160
44362
44428
44522
44570
44576
44774
45090
45266
51288
52886
53876
54058
54984
57794
64936
101350
109978
136662
145768
196360
273086
304814
594612
1858724
2652510
11349554
24231004
41778250
