Latencies
5136
5138
5146
5164
5172
5182
5182
5182
5192
5192
5202
5202
5208
5208
5210
5212
5226
5230
5232
5232
5236
5238
5244
5246
5250
5256
5256
5256
5258
5258
5258
5260
5260
5260
5262
5266
5270
5270
5272
5272
5274
5274
5278
5280
5280
5280
5282
5282
5284
5284
5288
5288
5290
5292
5294
5296
5296
5298
5300
5302
5302
5302
5302
5302
5302
5302
5306
5306
5308
5308
5310
5310
5310
5312
5312
5314
5314
5314
5314
5314
5314
5316
5316
5316
5316
5316
5318
5318
5322
5322
5322
5322
5322
5324
5324
5324
5326
5326
5328
5328
5328
5328
5328
5328
5330
5330
5330
5330
5332
5332
5332
5332
5332
5332
5332
5334
5334
5334
5334
5334
5336
5336
5336
5336
5336
5338
5338
5338
5338
5338
5338
5338
5340
5340
5340
5340
5340
5340
5340
5340
5342
5342
5342
5342
5342
5342
5342
5344
5344
5344
5344
5344
5344
5344
5344
5344
5344
5346
5346
5346
5346
5346
5348
5348
5348
5348
5348
5348
5350
5350
5352
5354
5356
5356
5356
5356
5358
5360
5360
5360
5360
5362
5362
5362
5362
5364
5364
5364
5364
5364
5364
5366
5366
5366
5366
5366
5366
5366
5366
5366
5368
5368
5368
5370
5370
5370
5370
5372
5372
5372
5374
5374
5374
5376
5376
5376
5376
5376
5378
5378
5378
5380
5380
5380
5380
5382
5382
5382
5382
5382
5384
5384
5384
5384
5384
5384
5384
5384
5384
5386
5386
5386
5386
5386
5386
5386
5388
5388
5388
5390
5390
5390
5390
5390
5390
5392
5392
5392
5392
5394
5394
5394
5396
5396
5396
5396
5396
5396
5398
5398
5400
5400
5400
5402
5402
5402
5402
5402
5402
5404
5404
5404
5404
5404
5406
5408
5408
5410
5410
5410
5410
5410
5410
5412
5412
5412
5414
5414
5414
5416
5416
5416
5416
5418
5420
5420
5420
5420
5422
5422
5424
5424
5424
5424
5424
5424
5424
5424
5424
5424
5426
5426
5426
5426
5428
5430
5430
5432
5432
5432
5432
5432
5432
5432
5432
5432
5436
5436
5438
5440
5440
5440
5440
5442
5442
5442
5446
5448
5448
5448
5448
5448
5448
5448
5450
5450
5450
5452
5452
5452
5452
5452
5454
5454
5456
5456
5456
5458
5458
5460
5460
5460
5460
5460
5460
5462
5462
5462
5464
5464
5464
5464
5464
5468
5468
5468
5470
5472
5472
5472
5474
5474
5476
5476
5476
5476
5476
5476
5478
5478
5478
5482
5482
5482
5482
5482
5482
5484
5484
5486
5488
5488
5488
5490
5492
5492
5492
5492
5492
5494
5494
5496
5496
5498
5498
5500
5500
5500
5506
5508
5514
5516
5516
5518
5518
5520
5520
5520
5522
5522
5526
5530
5532
5534
5534
5534
5534
5538
5538
5538
5538
5538
5538
5542
5542
5544
5544
5544
5544
5546
5548
5550
5550
5550
5552
5554
5554
5556
5556
5558
5558
5558
5558
5560
5560
5562
5566
5566
5568
5570
5572
5572
5574
5574
5576
5576
5576
5578
5578
5580
5580
5580
5582
5584
5584
5586
5588
5590
5590
5592
5592
5592
5594
5594
5594
5596
5596
5596
5596
5598
5600
5602
5602
5602
5604
5604
5604
5604
5604
5604
5606
5610
5610
5610
5612
5612
5614
5614
5616
5618
5618
5618
5618
5618
5620
5620
5622
5622
5624
5624
5624
5626
5628
5628
5628
5630
5632
5632
5632
5634
5634
5634
5636
5638
5640
5642
5644
5644
5644
5650
5652
5652
5652
5654
5656
5656
5658
5658
5658
5660
5660
5660
5660
5662
5662
5668
5670
5672
5674
5676
5676
5678
5678
5680
5680
5680
5684
5686
5686
5688
5690
5692
5694
5696
5696
5698
5698
5698
5700
5700
5700
5702
5702
5704
5706
5706
5706
5708
5710
5710
5712
5712
5712
5712
5714
5716
5716
5718
5718
5718
5722
5722
5722
5724
5726
5732
5732
5734
5734
5736
5736
5736
5736
5740
5742
5742
5742
5744
5746
5746
5746
5746
5746
5748
5750
5750
5752
5752
5754
5754
5756
5756
5758
5762
5766
5768
5770
5772
5772
5772
5774
5774
5774
5776
5780
5780
5782
5782
5784
5784
5786
5786
5790
5792
5792
5794
5794
5796
5798
5800
5800
5802
5808
5808
5810
5814
5816
5816
5818
5818
5820
5834
5836
5838
5840
5842
5842
5842
5850
5850
5852
5852
5852
5854
5856
5858
5860
5860
5862
5862
5866
5866
5870
5872
5876
5882
5884
5884
5886
5888
5888
5890
5892
5894
5894
5896
5896
5898
5898
5902
5902
5904
5904
5906
5906
5908
5908
5912
5916
5916
5922
5922
5922
5922
5930
5932
5932
5932
5934
5938
5942
5942
5942
5942
5950
5956
5956
5958
5958
5962
5964
5964
5972
5972
5976
5978
5978
5978
5978
5978
5982
5982
5982
5982
5986
5988
5988
5990
5992
5994
5994
5998
5998
6000
6000
6002
6006
6008
6010
6016
6020
6020
6022
6022
6028
6030
6032
6032
6034
6038
6042
6044
6046
6046
6048
6048
6048
6060
6068
6068
6070
6074
6074
6078
6088
6090
6090
6090
6092
6096
6100
6106
6108
6108
6110
6112
6114
6122
6132
6134
6134
6134
6136
6138
6140
6140
6142
6142
6142
6148
6150
6150
6152
6156
6164
6172
6174
6176
6176
6178
6180
6184
6186
6186
6186
6196
6198
6204
6210
6214
6214
6214
6214
6216
6216
6224
6226
6226
6236
6240
6242
6242
6242
6244
6258
6260
6266
6268
6274
6276
6276
6280
6290
6292
6294
6296
6296
6306
6306
6308
6310
6318
6322
6328
6340
6344
6356
6360
6364
6366
6378
6386
6386
6390
6392
6404
6416
6428
6434
6440
6442
6444
6448
6452
6452
6494
6498
6498
6506
6514
6522
6534
6540
6546
6552
6586
6622
6630
6638
6648
6650
6654
6680
6694
6732
6736
6746
6768
6850
6854
6902
7042
7042
7086
7088
7112
7124
7132
7194
7292
7386
7480
7658
7716
7816
7836
7892
7970
7992
8282
8408
9088
10192
10282
10702
10984
11006
11384
11470
11492
11814
12136
12824
12856
13416
14578
14906
15890
15898
16062
16720
16874
17146
17424
19358
19942
19948
20378
20604
21202
22694
22720
23374
25070
25154
25360
29324
32082
36896
41678
