Latencies
4998
5012
5016
5022
5026
5030
5030
5036
5042
5042
5044
5046
5046
5046
5050
5050
5058
5058
5058
5058
5058
5058
5060
5064
5064
5064
5066
5066
5068
5068
5070
5070
5072
5072
5074
5078
5078
5080
5080
5082
5086
5086
5086
5086
5086
5088
5088
5088
5090
5092
5092
5092
5092
5094
5094
5094
5096
5096
5098
5100
5100
5102
5102
5104
5104
5104
5106
5106
5108
5112
5112
5112
5114
5116
5118
5118
5118
5118
5120
5120
5122
5122
5122
5122
5122
5122
5124
5126
5126
5126
5126
5126
5126
5128
5128
5128
5128
5130
5134
5136
5136
5138
5140
5140
5140
5140
5142
5142
5144
5144
5146
5146
5148
5148
5148
5148
5148
5150
5150
5152
5152
5152
5152
5152
5152
5152
5152
5154
5156
5156
5156
5156
5158
5158
5160
5160
5162
5164
5166
5166
5168
5168
5168
5170
5172
5172
5172
5174
5174
5174
5174
5176
5176
5176
5176
5176
5176
5176
5178
5178
5180
5180
5180
5182
5182
5184
5184
5184
5184
5186
5186
5186
5186
5188
5188
5188
5190
5190
5190
5190
5190
5192
5194
5194
5194
5194
5196
5198
5198
5198
5198
5200
5200
5200
5200
5200
5200
5200
5200
5200
5202
5202
5202
5202
5202
5202
5202
5202
5204
5204
5206
5206
5206
5208
5208
5208
5210
5210
5210
5210
5210
5210
5212
5212
5212
5212
5212
5214
5214
5216
5218
5218
5218
5218
5218
5220
5220
5220
5220
5220
5222
5222
5222
5224
5226
5226
5226
5226
5226
5226
5226
5228
5228
5228
5228
5228
5228
5228
5230
5230
5230
5232
5232
5232
5232
5234
5234
5234
5234
5234
5234
5234
5234
5234
5234
5234
5236
5236
5236
5236
5238
5238
5238
5238
5238
5240
5242
5242
5242
5242
5242
5242
5246
5246
5246
5246
5246
5248
5248
5248
5248
5250
5250
5250
5250
5250
5250
5252
5252
5252
5252
5254
5254
5254
5256
5256
5256
5256
5256
5256
5256
5258
5258
5258
5258
5258
5260
5260
5260
5260
5262
5262
5262
5262
5262
5264
5264
5264
5264
5264
5264
5264
5266
5266
5266
5266
5266
5268
5268
5270
5270
5270
5270
5272
5274
5274
5274
5274
5274
5274
5274
5276
5280
5280
5280
5280
5280
5280
5282
5282
5282
5282
5282
5282
5284
5284
5284
5284
5284
5286
5286
5286
5288
5288
5288
5288
5288
5288
5290
5290
5290
5290
5292
5292
5292
5292
5292
5294
5294
5294
5296
5296
5296
5296
5298
5298
5298
5298
5298
5300
5300
5300
5300
5300
5302
5302
5302
5302
5302
5304
5304
5304
5306
5308
5308
5308
5310
5312
5312
5312
5312
5312
5312
5314
5314
5314
5316
5316
5318
5318
5318
5318
5318
5320
5320
5320
5320
5320
5320
5322
5322
5322
5324
5324
5324
5324
5326
5328
5328
5330
5330
5332
5332
5332
5332
5332
5332
5332
5334
5334
5334
5334
5336
5336
5336
5338
5338
5340
5342
5344
5344
5346
5346
5346
5348
5348
5350
5350
5350
5352
5352
5354
5354
5354
5356
5356
5358
5360
5360
5362
5362
5362
5364
5364
5366
5366
5366
5368
5368
5368
5368
5368
5370
5370
5370
5372
5374
5374
5376
5376
5376
5376
5378
5380
5382
5382
5382
5386
5386
5386
5386
5388
5390
5396
5398
5400
5400
5400
5402
5402
5406
5408
5410
5410
5410
5412
5414
5416
5416
5420
5422
5422
5424
5428
5432
5432
5434
5434
5438
5440
5440
5442
5442
5444
5446
5448
5448
5454
5456
5458
5460
5460
5464
5464
5466
5466
5470
5474
5474
5474
5476
5476
5476
5478
5478
5482
5482
5482
5482
5484
5488
5490
5492
5494
5498
5498
5500
5506
5506
5508
5508
5508
5512
5522
5524
5526
5526
5528
5534
5536
5538
5538
5540
5544
5546
5548
5548
5548
5554
5554
5556
5560
5562
5562
5564
5566
5566
5574
5574
5574
5576
5578
5586
5586
5590
5590
5592
5592
5592
5594
5594
5594
5598
5598
5598
5600
5600
5602
5602
5608
5610
5612
5612
5618
5620
5620
5620
5624
5628
5628
5628
5630
5634
5636
5638
5638
5638
5640
5642
5648
5650
5662
5662
5662
5664
5674
5680
5682
5682
5686
5688
5688
5688
5692
5692
5692
5696
5698
5698
5700
5700
5706
5708
5708
5708
5710
5710
5712
5712
5722
5724
5740
5744
5744
5746
5748
5750
5754
5756
5758
5760
5760
5764
5764
5770
5776
5776
5782
5784
5788
5788
5792
5794
5798
5806
5806
5808
5810
5818
5818
5818
5820
5822
5826
5828
5830
5834
5840
5850
5850
5852
5856
5860
5860
5864
5872
5874
5880
5886
5888
5890
5892
5894
5898
5898
5902
5904
5916
5918
5924
5938
5944
5952
5954
5958
5960
5964
5966
5972
5976
5992
5994
5998
6002
6016
6016
6016
6020
6024
6024
6026
6026
6028
6030
6036
6040
6040
6044
6046
6056
6066
6068
6068
6078
6082
6088
6092
6108
6110
6114
6118
6126
6130
6130
6142
6144
6180
6218
6234
6234
6234
6250
6254
6262
6302
6304
6304
6310
6314
6318
6346
6356
6356
6364
6372
6388
6404
6440
6446
6448
6448
6458
6480
6482
6520
6526
6548
6554
6580
6594
6622
6738
6782
6794
6796
6852
6858
6862
6872
6878
6898
6938
6952
6962
6964
6968
6976
7024
7060
7074
7078
7088
7094
7096
7148
7156
7156
7158
7238
7244
7282
7292
7312
7318
7322
7330
7372
7390
7408
7408
7416
7440
7466
7466
7512
7628
7636
7664
7800
7812
7826
7898
7922
8244
8262
8444
8530
8648
8672
8786
8816
8936
9140
9244
9490
9520
9522
9782
9986
10006
10316
10338
10340
10344
10360
10486
10928
10992
11166
11268
11270
11384
11996
12582
13110
13586
13920
14054
14640
14736
14840
14976
15414
15428
15476
15476
15558
16208
16260
16394
16594
16832
16862
17104
17824
18184
18300
18646
18884
19720
19934
20412
20714
20850
20854
21002
21022
21066
21338
21920
21984
21998
22018
22042
22434
22970
23502
24006
24354
24434
24518
24622
25486
25888
27218
28378
28566
28910
29496
29934
30748
30832
33510
34310
34644
34838
34890
35182
35912
36004
36200
37138
37238
40674
40710
45584
52482
53030
63390
194654
