Latencies
5032
5056
5068
5070
5084
5084
5092
5108
5108
5108
5114
5120
5124
5128
5132
5134
5136
5138
5142
5142
5146
5148
5150
5150
5152
5152
5156
5156
5158
5160
5164
5166
5170
5172
5172
5174
5176
5176
5176
5176
5176
5178
5178
5178
5180
5180
5180
5180
5186
5186
5186
5188
5190
5192
5192
5194
5194
5194
5196
5196
5196
5198
5198
5198
5198
5200
5202
5202
5202
5202
5202
5204
5204
5204
5204
5206
5206
5206
5206
5206
5208
5210
5210
5210
5212
5212
5214
5216
5216
5218
5218
5220
5220
5222
5222
5222
5222
5222
5224
5224
5224
5226
5228
5228
5228
5228
5230
5230
5230
5230
5232
5232
5234
5234
5236
5236
5236
5236
5236
5236
5238
5238
5240
5242
5244
5246
5246
5246
5248
5248
5250
5250
5252
5252
5252
5254
5254
5254
5256
5256
5256
5256
5256
5256
5258
5260
5260
5260
5262
5262
5262
5262
5264
5264
5264
5264
5266
5266
5266
5266
5268
5268
5268
5268
5270
5270
5270
5270
5272
5272
5272
5274
5274
5274
5274
5274
5274
5274
5274
5276
5276
5276
5278
5278
5278
5278
5278
5278
5280
5280
5280
5280
5282
5282
5282
5282
5284
5284
5284
5284
5284
5284
5284
5286
5286
5286
5286
5288
5290
5292
5292
5292
5294
5294
5294
5294
5294
5296
5296
5296
5298
5298
5300
5302
5302
5304
5304
5304
5304
5306
5306
5308
5308
5308
5308
5312
5312
5312
5312
5312
5314
5314
5314
5314
5314
5316
5316
5318
5318
5318
5318
5320
5320
5322
5324
5324
5324
5324
5324
5324
5324
5328
5330
5330
5330
5330
5332
5332
5334
5334
5334
5336
5336
5336
5336
5338
5338
5338
5338
5338
5340
5342
5342
5342
5344
5344
5346
5346
5348
5348
5348
5348
5350
5350
5352
5352
5352
5352
5352
5354
5354
5354
5356
5356
5356
5356
5356
5356
5356
5358
5358
5358
5358
5358
5358
5362
5362
5362
5362
5364
5364
5366
5366
5366
5368
5368
5368
5368
5370
5372
5372
5372
5372
5374
5374
5374
5374
5374
5374
5374
5374
5376
5378
5378
5378
5380
5380
5380
5382
5384
5384
5384
5384
5386
5386
5386
5388
5388
5388
5390
5390
5390
5390
5390
5392
5392
5392
5394
5394
5394
5394
5394
5396
5396
5396
5396
5398
5398
5398
5400
5400
5400
5400
5400
5402
5402
5404
5404
5406
5406
5406
5408
5408
5408
5408
5408
5408
5410
5410
5410
5414
5414
5414
5414
5416
5416
5418
5418
5420
5420
5422
5422
5422
5424
5424
5424
5424
5424
5426
5426
5426
5426
5426
5428
5430
5432
5434
5434
5434
5438
5438
5438
5438
5440
5440
5442
5442
5444
5444
5446
5446
5446
5446
5448
5448
5450
5450
5452
5452
5454
5454
5454
5454
5454
5454
5456
5456
5456
5458
5460
5462
5464
5464
5464
5466
5466
5468
5468
5470
5472
5474
5474
5474
5474
5474
5476
5478
5478
5478
5478
5478
5478
5480
5482
5484
5484
5488
5490
5490
5490
5490
5494
5498
5500
5504
5506
5506
5508
5508
5508
5508
5510
5510
5512
5512
5516
5516
5518
5520
5520
5520
5522
5522
5524
5524
5526
5526
5528
5528
5528
5528
5530
5530
5532
5532
5536
5536
5536
5538
5540
5542
5542
5542
5544
5544
5544
5548
5548
5550
5550
5550
5552
5552
5554
5558
5560
5562
5564
5564
5564
5564
5568
5568
5568
5570
5570
5570
5572
5574
5574
5576
5578
5578
5580
5582
5588
5588
5588
5590
5590
5592
5592
5594
5596
5596
5598
5600
5600
5602
5606
5606
5608
5608
5610
5610
5610
5612
5612
5612
5614
5614
5614
5616
5616
5618
5618
5620
5622
5622
5622
5624
5626
5626
5628
5630
5632
5638
5638
5638
5640
5640
5640
5640
5642
5646
5650
5654
5656
5658
5664
5666
5668
5676
5680
5682
5682
5684
5684
5684
5684
5684
5688
5688
5692
5694
5694
5694
5698
5698
5700
5700
5700
5702
5704
5706
5706
5708
5708
5710
5710
5710
5710
5710
5714
5714
5714
5716
5716
5720
5720
5724
5724
5726
5726
5730
5730
5730
5732
5734
5734
5734
5736
5738
5738
5738
5740
5740
5740
5744
5746
5746
5748
5752
5752
5752
5756
5756
5756
5758
5760
5760
5762
5762
5762
5762
5764
5768
5768
5774
5774
5774
5776
5778
5778
5778
5778
5780
5780
5782
5784
5786
5794
5796
5796
5798
5798
5802
5806
5806
5806
5806
5808
5810
5812
5814
5816
5818
5820
5820
5822
5822
5822
5822
5828
5830
5830
5830
5830
5836
5836
5838
5838
5840
5844
5844
5846
5850
5852
5854
5854
5854
5856
5858
5860
5860
5860
5860
5860
5862
5866
5870
5872
5876
5876
5878
5882
5882
5882
5884
5886
5890
5894
5894
5894
5894
5896
5898
5898
5902
5902
5904
5904
5906
5908
5916
5916
5916
5920
5920
5920
5926
5926
5928
5930
5932
5932
5934
5934
5934
5934
5942
5944
5946
5948
5948
5948
5950
5952
5954
5958
5962
5962
5964
5968
5970
5970
5970
5972
5978
5978
5980
5980
5984
5986
5986
5990
5990
5992
5992
5992
5994
5998
6000
6004
6006
6014
6014
6026
6030
6030
6032
6032
6034
6036
6038
6038
6046
6046
6054
6054
6060
6064
6064
6068
6068
6074
6076
6078
6080
6088
6092
6092
6096
6098
6110
6120
6120
6128
6128
6130
6130
6134
6140
6150
6152
6164
6166
6172
6174
6176
6178
6182
6184
6188
6188
6196
6198
6200
6200
6202
6208
6208
6214
6222
6222
6236
6240
6246
6246
6248
6248
6260
6268
6270
6278
6280
6284
6290
6296
6306
6314
6320
6324
6334
6338
6362
6382
6384
6386
6406
6420
6420
6492
6500
6534
6558
6570
6598
6714
6720
6752
6760
6816
6826
6852
6854
6872
6938
6966
6966
7076
7098
7142
7150
7150
7276
7532
7872
7926
7972
8028
8114
8166
8308
8842
8916
9000
9458
10184
10602
11198
11558
12440
12888
12900
13230
13688
13988
14576
14764
15026
15076
15980
16648
16680
17884
18194
18328
19212
22588
23228
24152
24478
24682
26404
33462
34738
35080
35394
35966
36048
36734
42068
