Latencies
5126
5158
5170
5172
5176
5184
5188
5188
5190
5192
5194
5196
5196
5202
5204
5204
5206
5208
5214
5220
5220
5220
5226
5228
5230
5232
5232
5234
5238
5240
5242
5244
5244
5246
5250
5252
5254
5254
5258
5258
5260
5260
5260
5262
5262
5262
5268
5268
5270
5270
5272
5272
5272
5278
5278
5280
5280
5280
5282
5282
5282
5282
5286
5288
5288
5288
5288
5288
5290
5292
5292
5294
5298
5300
5300
5300
5302
5302
5304
5304
5306
5306
5306
5306
5306
5308
5308
5308
5310
5310
5312
5314
5316
5316
5318
5318
5320
5320
5320
5320
5320
5320
5320
5322
5322
5326
5326
5326
5328
5328
5328
5330
5330
5332
5332
5332
5334
5334
5336
5336
5336
5338
5338
5338
5338
5338
5340
5340
5342
5342
5342
5342
5344
5344
5344
5346
5346
5348
5348
5348
5348
5350
5350
5350
5350
5350
5350
5352
5352
5352
5354
5354
5354
5354
5356
5356
5356
5356
5356
5356
5356
5358
5358
5358
5358
5360
5360
5360
5362
5362
5362
5364
5364
5364
5364
5366
5366
5366
5366
5366
5366
5368
5368
5368
5368
5368
5370
5370
5370
5370
5372
5372
5372
5372
5374
5374
5374
5374
5374
5374
5376
5376
5376
5376
5376
5376
5378
5378
5378
5378
5380
5380
5382
5382
5382
5382
5382
5384
5384
5386
5386
5386
5386
5386
5386
5386
5388
5388
5388
5388
5388
5390
5390
5390
5392
5392
5392
5392
5394
5394
5394
5394
5394
5396
5396
5396
5396
5398
5398
5400
5400
5402
5402
5402
5404
5404
5404
5404
5406
5406
5408
5408
5408
5408
5410
5410
5410
5410
5412
5412
5412
5412
5414
5414
5414
5414
5414
5414
5416
5416
5416
5418
5418
5418
5418
5420
5420
5422
5422
5422
5424
5426
5426
5426
5426
5426
5426
5428
5428
5428
5428
5428
5428
5428
5432
5432
5432
5432
5434
5434
5434
5434
5434
5436
5438
5438
5438
5438
5440
5440
5442
5442
5442
5444
5446
5446
5446
5448
5448
5450
5450
5450
5452
5452
5456
5458
5458
5458
5460
5460
5460
5460
5462
5462
5462
5464
5466
5466
5466
5466
5468
5468
5470
5470
5474
5474
5476
5476
5476
5478
5480
5480
5480
5482
5486
5486
5486
5488
5490
5490
5490
5490
5490
5492
5494
5494
5494
5496
5496
5496
5496
5496
5500
5500
5500
5500
5502
5502
5504
5504
5504
5506
5506
5506
5506
5506
5506
5508
5508
5508
5510
5510
5512
5512
5512
5514
5518
5520
5520
5522
5522
5524
5526
5526
5526
5528
5528
5528
5530
5530
5530
5530
5530
5534
5534
5534
5534
5536
5536
5538
5538
5542
5542
5544
5544
5544
5544
5544
5546
5548
5548
5548
5550
5552
5552
5554
5554
5554
5554
5556
5558
5558
5560
5560
5560
5562
5562
5562
5562
5562
5562
5564
5564
5566
5568
5570
5570
5574
5574
5574
5574
5576
5576
5576
5578
5578
5580
5580
5580
5582
5584
5586
5590
5590
5590
5592
5592
5592
5594
5594
5594
5594
5594
5596
5598
5598
5598
5598
5602
5602
5602
5604
5604
5606
5606
5610
5612
5618
5618
5620
5622
5622
5622
5622
5626
5628
5628
5628
5630
5632
5632
5636
5636
5642
5642
5642
5644
5648
5648
5648
5648
5654
5654
5654
5656
5656
5660
5662
5664
5666
5666
5672
5676
5676
5678
5684
5684
5684
5684
5686
5692
5692
5694
5694
5698
5698
5700
5700
5702
5704
5704
5706
5708
5708
5710
5710
5714
5716
5716
5716
5718
5718
5720
5726
5726
5726
5730
5732
5732
5732
5732
5732
5734
5734
5734
5736
5740
5740
5740
5740
5744
5744
5744
5744
5748
5750
5750
5750
5750
5752
5752
5752
5758
5762
5762
5762
5764
5764
5766
5766
5770
5770
5770
5772
5774
5776
5778
5778
5782
5782
5784
5784
5784
5786
5786
5788
5788
5788
5790
5794
5796
5800
5800
5800
5802
5804
5804
5808
5810
5810
5810
5814
5814
5820
5820
5820
5822
5824
5824
5824
5824
5826
5826
5830
5832
5834
5842
5842
5842
5844
5844
5846
5848
5850
5850
5856
5858
5862
5862
5862
5866
5868
5870
5870
5872
5874
5874
5874
5874
5874
5876
5876
5876
5880
5880
5880
5882
5882
5884
5884
5884
5888
5888
5890
5890
5894
5896
5898
5898
5904
5904
5906
5908
5908
5908
5910
5910
5910
5912
5914
5916
5916
5918
5920
5922
5922
5922
5924
5924
5924
5926
5926
5930
5930
5930
5930
5934
5934
5936
5936
5940
5940
5944
5944
5950
5952
5958
5960
5962
5964
5968
5968
5968
5980
5984
5984
5984
5984
5986
5988
5988
5990
5990
5996
5998
6002
6004
6004
6006
6010
6014
6014
6022
6022
6022
6026
6030
6040
6042
6044
6046
6046
6050
6052
6054
6054
6056
6056
6056
6060
6066
6068
6070
6072
6072
6074
6076
6080
6080
6088
6088
6092
6092
6102
6112
6114
6116
6118
6118
6120
6124
6124
6126
6128
6130
6132
6132
6140
6140
6142
6146
6146
6148
6150
6158
6158
6168
6174
6180
6182
6184
6186
6188
6192
6194
6200
6204
6204
6206
6222
6224
6224
6226
6228
6232
6236
6238
6238
6240
6242
6250
6254
6256
6260
6274
6288
6290
6294
6304
6308
6308
6310
6316
6316
6316
6320
6322
6324
6324
6336
6338
6344
6350
6352
6376
6388
6400
6402
6402
6412
6412
6416
6428
6524
6548
6550
6554
6588
6634
6634
6642
6676
6700
6708
6728
6770
6780
6784
6788
6834
6846
6856
6902
6936
6960
6962
7142
7166
7204
7262
7312
7388
7400
7414
7546
7596
7620
7724
7828
7836
8044
8052
8750
9466
9844
9852
10778
10790
11104
11262
12984
13048
13438
13458
13512
14936
15408
15630
16858
17380
17626
18426
18784
19520
20180
20372
20924
21222
22510
23008
23534
27130
28442
28998
34766
35430
35636
35700
36482
39546
140142
