Latencies
5322
5324
5324
5370
5378
5378
5380
5390
5390
5394
5396
5396
5402
5402
5406
5406
5406
5408
5414
5414
5420
5420
5422
5424
5424
5428
5430
5434
5436
5438
5442
5442
5444
5444
5444
5446
5448
5450
5454
5454
5464
5464
5470
5470
5472
5474
5476
5476
5478
5480
5480
5484
5490
5492
5494
5504
5506
5510
5512
5512
5518
5520
5520
5522
5528
5530
5530
5536
5538
5546
5550
5552
5556
5558
5560
5560
5562
5564
5566
5568
5570
5582
5586
5596
5600
5602
5610
5610
5616
5618
5622
5640
5642
5642
5650
5652
5654
5660
5666
5668
5670
5670
5680
5682
5684
5686
5688
5690
5698
5700
5706
5708
5710
5710
5718
5722
5728
5730
5730
5732
5734
5736
5736
5744
5750
5756
5770
5776
5776
5776
5778
5782
5786
5788
5800
5800
5816
5818
5822
5824
5832
5834
5838
5838
5840
5842
5846
5850
5852
5860
5860
5864
5868
5876
5884
5890
5890
5892
5898
5900
5912
5914
5918
5918
5920
5928
5936
5940
5952
5954
5960
5968
5970
5980
5986
5998
6000
6004
6006
6010
6012
6014
6022
6022
6024
6032
6034
6036
6038
6044
6048
6050
6062
6064
6066
6078
6080
6084
6086
6110
6110
6116
6118
6130
6154
6160
6166
6172
6176
6184
6226
6232
6234
6238
6240
6250
6254
6256
6262
6266
6266
6278
6292
6294
6302
6308
6316
6320
6322
6326
6340
6342
6344
6356
6366
6384
6390
6394
6400
6404
6480
6490
6496
6534
6544
6546
6556
6570
6586
6596
6606
6650
6652
6694
6704
6736
6736
6752
6776
6784
6786
6806
6810
6818
6822
6832
6838
6842
6854
6856
6858
6864
6896
6932
6948
6972
6978
7002
7010
7058
7058
7068
7086
7100
7118
7120
7122
7166
7176
7180
7198
7224
7264
7278
7288
7350
7356
7428
7462
7472
7494
7532
7558
7606
7628
7642
7646
7672
7688
7718
7726
7736
7762
7826
7832
7854
7900
7910
7934
7936
7962
7964
7988
8004
8010
8036
8058
8064
8104
8116
8134
8136
8140
8146
8152
8154
8160
8262
8268
8310
8332
8336
8422
8424
8480
8498
8504
8548
8550
8616
8632
8656
8658
8680
8722
8740
8782
8788
8812
8812
8814
8866
8874
8880
8918
8918
8938
8966
8990
8994
9004
9042
9070
9072
9092
9106
9114
9124
9134
9236
9254
9258
9272
9286
9314
9318
9326
9342
9344
9354
9418
9420
9504
9504
9526
9592
9616
9618
9620
9624
9626
9658
9658
9692
9698
9726
9768
9772
9816
9822
9876
9882
9884
9914
9934
9936
9942
9964
9978
9984
9998
9998
10042
10050
10058
10066
10144
10146
10174
10176
10238
10258
10278
10330
10336
10338
10364
10384
10420
10442
10504
10516
10528
10550
10642
10650
10678
10694
10752
10764
10798
10804
10808
10816
10840
10856
10874
10910
10916
10936
10980
10988
11002
11010
11048
11052
11116
11130
11142
11154
11158
11162
11166
11180
11212
11246
11258
11278
11294
11302
11316
11406
11410
11446
11458
11472
11482
11506
11506
11510
11536
11552
11602
11634
11642
11666
11764
11768
11782
11786
11786
11794
11810
11838
11868
11884
11898
11914
11928
11944
11958
11986
12010
12028
12052
12056
12058
12070
12082
12084
12090
12136
12166
12174
12190
12260
12286
12292
12302
12310
12376
12428
12458
12464
12478
12496
12514
12518
12538
12542
12550
12574
12582
12600
12608
12610
12642
12674
12690
12694
12698
12710
12724
12726
12740
12802
12820
12820
12822
12874
12902
12916
12924
12958
12966
12966
12978
13080
13088
13092
13104
13116
13160
13162
13188
13210
13232
13242
13262
13296
13298
13314
13396
13444
13448
13464
13478
13498
13510
13548
13558
13562
13582
13596
13646
13656
13660
13668
13670
13698
13700
13728
13732
13740
13740
13794
13798
13856
13860
13864
13878
13880
13890
13896
13904
13908
13910
13914
13916
13974
13974
13984
13988
13988
13994
14030
14042
14050
14080
14088
14114
14140
14146
14168
14170
14174
14204
14240
14246
14262
14272
14286
14288
14324
14330
14338
14340
14358
14362
14374
14378
14396
14398
14404
14430
14440
14442
14444
14450
14462
14468
14496
14496
14496
14500
14502
14534
14536
14544
14546
14552
14552
14556
14566
14570
14574
14578
14584
14586
14598
14606
14608
14610
14614
14616
14618
14620
14634
14652
14654
14664
14676
14680
14682
14682
14684
14686
14688
14690
14694
14702
14706
14716
14724
14732
14734
14736
14752
14752
14764
14768
14776
14780
14792
14804
14804
14806
14808
14810
14812
14816
14836
14850
14854
14856
14870
14876
14880
14884
14886
14890
14900
14902
14908
14910
14912
14918
14918
14924
14926
14936
14938
14944
14948
14970
14972
14974
14976
14988
14992
14992
15000
15002
15008
15010
15012
15014
15018
15018
15020
15020
15024
15028
15034
15036
15038
15038
15038
15040
15044
15046
15048
15052
15058
15060
15064
15070
15076
15084
15084
15084
15096
15100
15102
15104
15108
15114
15114
15124
15132
15136
15136
15142
15144
15144
15146
15148
15158
15158
15162
15164
15172
15186
15192
15196
15200
15210
15212
15212
15212
15214
15214
15216
15222
15226
15232
15256
15280
15286
15292
15296
15300
15306
15308
15310
15314
15314
15316
15326
15330
15336
15342
15346
15352
15352
15354
15356
15368
15372
15380
15382
15402
15402
15414
15418
15424
15438
15450
15452
15454
15464
15474
15476
15486
15496
15498
15512
15516
15522
15528
15542
15544
15556
15562
15624
15628
15648
15658
15660
15678
15690
15702
15704
15714
15716
15734
15776
15794
15818
15842
15876
15884
15898
15946
16060
16150
16308
20434
20674
20850
21674
23670
23818
24012
24152
24308
24348
24388
24418
24606
24784
24896
24914
25200
25354
25370
25388
27000
27374
29624
29916
33608
33712
36756
38550
38642
45600
66006
67738
77628
4378018
