Latencies
5144
5164
5174
5204
5210
5216
5218
5218
5224
5226
5232
5242
5244
5244
5244
5246
5250
5250
5256
5256
5276
5278
5280
5280
5280
5282
5286
5288
5290
5296
5306
5306
5308
5310
5312
5316
5324
5334
5334
5334
5336
5336
5344
5344
5346
5352
5360
5364
5364
5368
5370
5370
5370
5376
5378
5382
5390
5392
5398
5402
5404
5408
5410
5412
5414
5422
5422
5424
5426
5432
5434
5434
5438
5438
5442
5444
5444
5450
5454
5456
5460
5462
5472
5482
5488
5492
5494
5494
5506
5508
5510
5514
5524
5524
5526
5536
5542
5544
5546
5546
5548
5552
5552
5558
5564
5566
5568
5572
5574
5578
5582
5584
5590
5592
5596
5596
5596
5596
5598
5602
5606
5612
5620
5626
5626
5630
5632
5634
5642
5642
5644
5648
5648
5652
5654
5660
5662
5666
5668
5668
5670
5672
5678
5684
5686
5686
5702
5706
5708
5716
5720
5722
5722
5726
5730
5732
5736
5738
5742
5748
5750
5762
5766
5770
5770
5772
5774
5774
5778
5780
5794
5796
5800
5804
5810
5822
5822
5826
5826
5834
5834
5836
5838
5840
5842
5844
5846
5852
5856
5864
5864
5864
5868
5870
5874
5880
5892
5896
5896
5904
5906
5908
5910
5918
5924
5926
5932
5934
5938
5946
5956
5958
5962
5964
5980
5982
5992
5996
5996
5998
5998
6000
6016
6026
6046
6050
6050
6058
6072
6074
6088
6104
6122
6136
6144
6148
6162
6166
6180
6184
6202
6248
6250
6266
6268
6302
6316
6320
6326
6328
6328
6330
6340
6348
6350
6354
6356
6358
6358
6374
6386
6412
6422
6446
6456
6458
6478
6534
6538
6538
6576
6600
6610
6620
6624
6624
6652
6668
6674
6700
6718
6778
6786
6806
6848
6882
6888
6904
6954
7002
7016
7072
7112
7202
7206
7228
7258
7260
7264
7268
7334
7338
7358
7364
7366
7392
7392
7402
7406
7442
7476
7534
7544
7556
7580
7596
7612
7642
7682
7682
7708
7710
7710
7716
7766
7780
7794
7796
7810
7814
7820
7838
7850
7860
7862
7868
7870
7886
7894
7904
7908
7940
7952
7962
7970
7998
8024
8026
8030
8038
8046
8048
8064
8082
8084
8100
8118
8152
8162
8182
8224
8262
8314
8316
8346
8346
8392
8396
8424
8434
8448
8452
8468
8494
8504
8504
8508
8520
8524
8530
8540
8580
8592
8614
8616
8624
8626
8636
8654
8654
8668
8674
8676
8684
8690
8696
8704
8706
8732
8740
8748
8754
8762
8772
8786
8792
8792
8814
8834
8842
8880
8884
8910
8932
8950
8958
8982
9030
9030
9034
9048
9066
9094
9124
9148
9152
9198
9232
9258
9260
9266
9266
9290
9292
9312
9348
9348
9358
9360
9388
9394
9416
9416
9432
9446
9462
9486
9602
9602
9626
9628
9634
9644
9644
9644
9650
9656
9658
9748
9754
9768
9768
9802
9868
9868
9880
9886
9914
9946
9974
9986
9988
10006
10030
10032
10040
10050
10050
10050
10054
10098
10122
10134
10138
10158
10170
10202
10214
10214
10226
10322
10324
10354
10380
10422
10430
10444
10452
10486
10486
10488
10500
10524
10538
10544
10560
10564
10568
10624
10636
10666
10680
10680
10714
10726
10734
10760
10798
10838
10858
10900
10908
10920
10940
10950
10960
10970
10974
10974
10982
10998
11024
11050
11064
11064
11072
11072
11098
11142
11152
11160
11258
11266
11308
11310
11332
11370
11414
11418
11442
11452
11482
11496
11500
11502
11504
11512
11524
11538
11552
11554
11556
11600
11614
11632
11666
11726
11758
11772
11788
11792
11794
11800
11806
11812
11822
11822
11830
11836
11844
11848
11866
11900
11920
11920
11930
11964
11990
12006
12022
12036
12038
12080
12080
12096
12098
12122
12192
12194
12212
12230
12232
12240
12266
12272
12274
12290
12294
12322
12324
12326
12332
12338
12376
12388
12392
12414
12428
12436
12466
12474
12520
12556
12562
12572
12582
12626
12634
12660
12772
12858
12896
12902
12930
12976
12980
12994
13004
13028
13034
13044
13046
13048
13058
13062
13108
13136
13166
13166
13174
13180
13202
13230
13240
13280
13286
13294
13298
13300
13336
13346
13354
13384
13408
13408
13424
13434
13438
13442
13454
13454
13460
13476
13532
13546
13546
13558
13576
13578
13606
13642
13676
13684
13688
13710
13712
13716
13724
13728
13810
13812
13812
13834
13840
13846
13856
13876
13880
13888
13908
13934
13950
13954
13958
13964
13978
13998
14010
14012
14020
14030
14128
14134
14164
14166
14174
14176
14198
14212
14248
14260
14298
14318
14322
14348
14356
14360
14362
14374
14392
14418
14432
14440
14444
14456
14458
14474
14476
14480
14488
14496
14502
14504
14508
14510
14514
14542
14546
14562
14562
14568
14594
14618
14636
14640
14656
14662
14668
14688
14702
14712
14726
14732
14736
14758
14764
14766
14768
14772
14794
14798
14810
14814
14816
14818
14822
14830
14830
14830
14830
14840
14848
14852
14852
14858
14858
14864
14864
14866
14866
14868
14870
14870
14884
14890
14896
14900
14904
14906
14906
14912
14912
14914
14914
14922
14926
14926
14930
14934
14934
14934
14940
14944
14950
14954
14958
14960
14960
14962
14964
14966
14970
14974
14974
14982
14984
14990
14990
14992
15000
15000
15004
15014
15018
15024
15024
15028
15046
15048
15056
15056
15056
15058
15072
15074
15076
15076
15088
15088
15090
15094
15094
15098
15104
15108
15118
15124
15150
15152
15158
15166
15174
15174
15174
15176
15180
15182
15184
15186
15188
15194
15196
15208
15214
15216
15218
15220
15222
15234
15234
15246
15256
15256
15258
15262
15272
15272
15276
15280
15284
15286
15290
15298
15308
15316
15324
15330
15330
15334
15336
15358
15364
15364
15378
15380
15382
15386
15394
15400
15408
15426
15434
15440
15466
15468
15474
15482
15498
15502
15504
15520
15522
15536
15536
15548
15550
15552
15558
15558
15576
15612
15626
15630
15630
15648
15668
15674
15692
15710
15714
15734
15750
15788
15788
15874
15894
15926
15948
15954
15972
15998
16048
16082
16110
16180
16184
16192
16274
16426
19028
20706
21532
22574
23240
23566
23996
24036
24274
24382
24442
24690
24964
24974
25002
25352
25418
25450
25646
25720
25828
25992
25998
26082
26186
32280
33204
33772
33840
34598
34648
34928
35606
39130
39200
39812
49242
122258
182984
384044
599094
