Latencies
5082
5188
5190
5192
5200
5212
5226
5228
5230
5240
5242
5246
5248
5250
5252
5256
5258
5266
5272
5280
5282
5282
5282
5286
5286
5290
5304
5310
5314
5314
5316
5318
5318
5326
5330
5334
5338
5338
5342
5346
5348
5350
5350
5354
5366
5368
5376
5380
5382
5392
5394
5394
5398
5406
5406
5408
5408
5418
5424
5430
5434
5436
5448
5452
5454
5456
5462
5468
5470
5470
5472
5478
5478
5482
5490
5492
5494
5496
5496
5512
5512
5518
5528
5528
5530
5530
5534
5558
5558
5560
5564
5566
5594
5594
5596
5608
5608
5614
5620
5628
5634
5640
5650
5650
5652
5664
5666
5666
5666
5668
5674
5678
5688
5696
5708
5708
5708
5710
5712
5714
5716
5716
5718
5726
5728
5732
5736
5738
5740
5740
5744
5744
5746
5750
5752
5760
5762
5762
5774
5776
5776
5784
5786
5788
5792
5794
5796
5798
5800
5806
5810
5814
5814
5820
5828
5830
5830
5832
5836
5836
5840
5844
5846
5848
5850
5852
5856
5856
5866
5868
5868
5872
5884
5892
5892
5896
5900
5904
5906
5908
5912
5912
5916
5926
5936
5936
5936
5944
5950
5954
5958
5966
5984
5992
5998
6004
6010
6010
6018
6030
6032
6032
6044
6054
6064
6066
6070
6084
6084
6086
6096
6126
6132
6138
6138
6146
6152
6162
6172
6178
6192
6194
6194
6204
6218
6220
6222
6228
6236
6238
6250
6256
6272
6280
6280
6310
6330
6334
6338
6350
6358
6372
6378
6382
6424
6466
6470
6476
6484
6490
6492
6504
6540
6584
6584
6586
6604
6616
6624
6634
6652
6660
6676
6680
6702
6738
6742
6744
6758
6762
6792
6802
6806
6818
6822
6832
6832
6832
6832
6834
6838
6854
6858
6864
6886
6906
6938
6958
6978
6988
6992
6996
7004
7024
7028
7034
7044
7046
7076
7092
7098
7100
7118
7134
7142
7164
7174
7176
7178
7212
7222
7252
7252
7268
7272
7282
7284
7290
7380
7400
7408
7410
7430
7432
7454
7504
7544
7560
7584
7586
7614
7614
7618
7638
7654
7664
7686
7714
7716
7722
7730
7738
7824
7836
7838
7864
7884
7898
7898
7902
7910
7912
7930
7962
7964
7974
7976
7978
8014
8038
8050
8134
8142
8146
8148
8154
8158
8162
8172
8174
8200
8224
8268
8278
8306
8314
8326
8334
8342
8348
8350
8354
8358
8400
8408
8442
8458
8462
8462
8486
8492
8502
8510
8510
8544
8548
8548
8552
8554
8558
8574
8614
8620
8630
8636
8650
8650
8704
8710
8714
8732
8750
8752
8758
8780
8812
8814
8832
8834
8842
8856
8866
8876
8880
8880
8894
8906
8920
8922
8932
8978
8984
8996
9020
9022
9042
9042
9044
9054
9056
9058
9070
9084
9108
9112
9116
9136
9150
9210
9218
9224
9242
9244
9262
9262
9266
9288
9366
9398
9412
9424
9430
9440
9442
9448
9460
9470
9482
9526
9548
9550
9578
9614
9632
9652
9670
9676
9678
9682
9696
9700
9736
9750
9770
9800
9806
9826
9862
9866
9876
9882
9910
9918
9926
9932
9942
9948
9964
9972
9974
9986
9992
10000
10040
10050
10076
10078
10088
10120
10122
10130
10146
10146
10170
10178
10194
10218
10228
10254
10260
10264
10266
10272
10286
10290
10302
10316
10326
10352
10364
10372
10380
10470
10478
10510
10512
10532
10546
10548
10576
10590
10712
10732
10774
10776
10782
10806
10828
10878
10910
10960
10966
10978
10982
10994
11010
11014
11032
11046
11076
11118
11132
11148
11172
11178
11192
11252
11256
11288
11310
11324
11358
11392
11396
11404
11430
11474
11484
11504
11564
11590
11652
11660
11702
11710
11728
11744
11766
11770
11830
11842
11846
11862
11878
11900
11906
11910
11952
12012
12016
12098
12120
12134
12162
12162
12176
12258
12258
12260
12348
12416
12416
12462
12470
12472
12486
12560
12588
12646
12680
12748
12820
12834
12846
12868
12874
12884
12904
12942
12964
12978
12978
12982
12998
13004
13034
13050
13052
13058
13188
13196
13288
13308
13324
13330
13350
13388
13406
13408
13486
13492
13494
13520
13538
13606
13608
13680
13688
13692
13700
13706
13760
13790
13802
13810
13814
13824
13852
13884
13886
13894
13916
13920
13932
13960
13960
13974
14000
14004
14010
14042
14050
14062
14064
14064
14072
14076
14080
14108
14114
14124
14126
14164
14168
14194
14198
14212
14214
14244
14250
14254
14256
14258
14262
14270
14274
14302
14316
14352
14356
14356
14362
14366
14372
14376
14378
14382
14398
14406
14440
14444
14460
14512
14520
14536
14546
14548
14556
14564
14564
14568
14576
14576
14584
14588
14600
14608
14612
14614
14624
14624
14628
14632
14638
14640
14656
14656
14666
14666
14668
14670
14692
14696
14704
14706
14710
14726
14732
14734
14742
14750
14752
14758
14760
14768
14784
14784
14792
14792
14798
14806
14808
14826
14848
14850
14860
14860
14866
14872
14876
14878
14892
14896
14904
14904
14906
14908
14910
14912
14914
14932
14942
14950
14958
14970
14972
14976
14980
14980
14984
14988
14988
14992
14998
14998
15000
15000
15006
15008
15012
15018
15020
15030
15032
15034
15040
15040
15040
15050
15064
15064
15064
15066
15070
15074
15082
15088
15090
15094
15112
15116
15118
15120
15130
15138
15140
15148
15154
15156
15160
15164
15172
15174
15180
15182
15190
15194
15196
15202
15210
15212
15222
15226
15228
15230
15234
15234
15234
15242
15246
15248
15258
15258
15268
15270
15274
15274
15290
15304
15312
15312
15314
15314
15316
15320
15324
15324
15326
15334
15344
15346
15356
15366
15370
15374
15394
15396
15400
15408
15416
15424
15432
15446
15448
15454
15458
15472
15488
15488
15488
15514
15518
15522
15532
15538
15550
15558
15558
15586
15604
15606
15644
15658
15672
15720
15732
15748
15778
15802
15812
15820
15824
15910
15914
15934
15958
15970
15986
15988
15996
16082
16118
16156
16286
16322
16386
16682
16890
17752
19416
24012
24142
24146
24246
24346
24474
24520
24554
24572
24614
24706
24752
24822
25114
25316
25482
25988
28342
33032
44962
53350
53610
67562
190516
3442374
