Latencies
5140
5152
5156
5156
5158
5168
5172
5174
5178
5178
5180
5184
5194
5196
5208
5212
5214
5226
5226
5226
5228
5228
5232
5232
5234
5236
5238
5240
5240
5242
5242
5242
5248
5250
5252
5254
5262
5264
5264
5266
5268
5274
5276
5276
5278
5278
5284
5286
5286
5286
5288
5288
5290
5290
5292
5292
5296
5296
5298
5298
5298
5300
5300
5300
5302
5302
5302
5302
5306
5308
5310
5310
5310
5312
5312
5312
5314
5316
5316
5316
5316
5318
5318
5318
5320
5320
5322
5322
5322
5324
5324
5324
5326
5326
5326
5328
5328
5328
5330
5330
5330
5330
5332
5332
5332
5334
5334
5334
5336
5336
5336
5336
5336
5338
5338
5340
5340
5340
5342
5342
5342
5342
5344
5344
5344
5344
5346
5346
5346
5348
5348
5348
5348
5348
5348
5350
5352
5352
5352
5352
5354
5354
5354
5354
5356
5356
5356
5356
5356
5356
5356
5356
5358
5358
5358
5358
5360
5360
5360
5360
5362
5362
5364
5364
5364
5364
5364
5366
5368
5368
5370
5370
5370
5370
5372
5372
5372
5374
5374
5376
5378
5378
5378
5380
5380
5380
5382
5382
5382
5382
5382
5384
5384
5386
5386
5386
5388
5388
5388
5388
5388
5390
5390
5390
5390
5390
5390
5392
5392
5392
5392
5392
5394
5394
5396
5396
5398
5398
5398
5398
5398
5398
5398
5400
5400
5400
5400
5400
5402
5402
5404
5404
5404
5404
5406
5406
5408
5410
5410
5410
5410
5410
5412
5416
5416
5418
5418
5418
5418
5420
5420
5420
5420
5422
5422
5424
5424
5424
5424
5424
5426
5426
5426
5428
5428
5428
5430
5430
5432
5432
5432
5432
5432
5434
5434
5434
5436
5436
5436
5436
5436
5438
5438
5438
5438
5438
5438
5440
5440
5442
5442
5444
5444
5446
5446
5446
5446
5446
5446
5448
5448
5448
5448
5450
5450
5454
5454
5454
5454
5456
5458
5458
5458
5458
5458
5458
5460
5460
5460
5462
5462
5462
5462
5466
5466
5468
5468
5468
5470
5470
5470
5470
5472
5472
5474
5474
5474
5474
5474
5476
5478
5478
5480
5480
5480
5480
5482
5482
5482
5482
5484
5484
5484
5486
5486
5486
5486
5486
5486
5488
5488
5488
5490
5490
5490
5490
5492
5492
5492
5494
5494
5494
5494
5494
5496
5496
5498
5500
5500
5500
5502
5504
5504
5506
5508
5508
5508
5510
5512
5512
5514
5514
5514
5514
5516
5516
5518
5518
5518
5518
5520
5520
5522
5522
5524
5524
5526
5526
5528
5528
5530
5530
5530
5530
5532
5532
5536
5536
5536
5538
5538
5542
5544
5544
5544
5546
5546
5546
5548
5548
5548
5550
5552
5552
5554
5554
5554
5556
5558
5558
5560
5560
5560
5562
5562
5564
5564
5566
5566
5568
5568
5568
5568
5568
5572
5572
5572
5572
5574
5580
5582
5582
5584
5584
5586
5588
5588
5590
5590
5592
5592
5594
5594
5596
5598
5598
5598
5600
5604
5604
5604
5606
5608
5612
5612
5614
5614
5618
5620
5620
5622
5622
5624
5626
5626
5628
5628
5630
5632
5632
5632
5632
5634
5636
5636
5640
5640
5642
5646
5646
5650
5650
5652
5652
5652
5656
5656
5656
5656
5660
5660
5662
5662
5662
5664
5664
5666
5666
5666
5668
5670
5670
5672
5672
5676
5676
5678
5678
5680
5680
5680
5680
5682
5682
5684
5686
5686
5690
5692
5698
5698
5700
5700
5702
5704
5704
5706
5706
5708
5708
5710
5714
5716
5716
5716
5718
5718
5722
5724
5724
5728
5728
5730
5730
5730
5732
5734
5734
5736
5736
5736
5738
5740
5740
5742
5744
5746
5754
5754
5758
5762
5762
5764
5768
5768
5770
5772
5774
5776
5776
5778
5780
5780
5780
5782
5784
5784
5784
5786
5786
5788
5788
5788
5790
5790
5790
5790
5794
5794
5796
5796
5796
5798
5802
5802
5806
5810
5810
5810
5812
5814
5814
5814
5814
5816
5818
5818
5820
5822
5824
5826
5828
5834
5838
5838
5844
5846
5846
5846
5850
5852
5852
5854
5854
5854
5858
5860
5860
5860
5864
5866
5866
5872
5874
5874
5874
5878
5878
5880
5880
5882
5882
5882
5884
5886
5892
5894
5896
5896
5904
5904
5906
5906
5908
5910
5912
5912
5918
5918
5920
5920
5928
5928
5928
5934
5938
5940
5944
5944
5946
5948
5950
5954
5956
5958
5958
5964
5966
5968
5970
5970
5970
5976
5978
5978
5978
5984
5988
5992
5992
5994
6000
6002
6008
6010
6010
6010
6012
6012
6014
6018
6020
6020
6024
6026
6026
6026
6028
6030
6030
6030
6030
6032
6032
6034
6036
6038
6040
6040
6042
6044
6046
6048
6050
6052
6052
6060
6060
6064
6064
6070
6070
6074
6074
6080
6084
6084
6084
6088
6088
6092
6094
6094
6094
6106
6108
6116
6116
6120
6120
6122
6130
6132
6132
6144
6148
6152
6166
6166
6170
6172
6178
6180
6180
6180
6180
6180
6182
6184
6184
6192
6194
6196
6198
6198
6206
6206
6208
6210
6214
6216
6222
6222
6224
6224
6232
6234
6236
6242
6246
6248
6250
6250
6252
6254
6256
6262
6276
6280
6296
6296
6308
6332
6342
6346
6364
6366
6370
6372
6378
6382
6384
6388
6400
6420
6452
6478
6484
6492
6502
6504
6516
6528
6534
6534
6544
6556
6558
6588
6602
6624
6646
6650
6662
6690
6692
6834
6994
7046
7076
7106
7114
7118
7136
7246
7254
7310
7342
7380
7386
7400
7402
7404
7408
7424
7526
7788
7798
7814
7974
8138
8258
8260
8322
8412
8670
8792
8954
9630
9894
10606
10636
10878
10920
10986
11608
12526
13428
15006
15010
19364
19550
20530
21322
21440
21488
21736
21818
22816
22892
23460
23602
24142
24198
25546
25590
25720
25788
25840
25910
27850
28646
29380
30574
30588
30662
31000
31920
33064
33340
33514
36768
51466
54104
