Latencies
5332
5336
5350
5356
5356
5380
5386
5390
5398
5408
5412
5412
5416
5420
5420
5422
5438
5440
5444
5456
5456
5464
5468
5468
5470
5474
5476
5478
5480
5482
5486
5488
5496
5498
5500
5500
5502
5504
5504
5510
5512
5518
5524
5526
5532
5534
5538
5562
5564
5568
5572
5572
5574
5578
5580
5590
5590
5598
5600
5600
5612
5618
5624
5628
5628
5632
5632
5640
5644
5648
5648
5648
5652
5652
5652
5656
5656
5658
5662
5664
5664
5664
5668
5670
5682
5684
5688
5694
5706
5716
5720
5722
5724
5724
5726
5734
5736
5740
5740
5746
5750
5750
5752
5760
5760
5762
5764
5770
5774
5778
5784
5786
5788
5792
5794
5800
5806
5808
5816
5826
5834
5834
5838
5838
5838
5852
5860
5862
5876
5876
5882
5886
5892
5896
5902
5908
5914
5918
5920
5924
5928
5930
5940
5940
5942
5944
5944
5956
5958
5962
5966
5974
5974
5982
5998
6004
6008
6018
6018
6022
6026
6034
6034
6038
6042
6046
6052
6056
6058
6060
6060
6064
6070
6078
6080
6092
6096
6098
6100
6136
6140
6144
6148
6148
6152
6152
6162
6162
6188
6192
6196
6200
6204
6206
6208
6224
6228
6236
6240
6252
6252
6264
6274
6278
6298
6302
6304
6306
6308
6314
6316
6318
6350
6362
6374
6380
6382
6400
6400
6402
6402
6402
6404
6406
6410
6410
6412
6414
6424
6428
6428
6428
6434
6454
6458
6472
6482
6490
6490
6490
6492
6496
6502
6508
6516
6520
6526
6536
6536
6540
6542
6550
6552
6558
6562
6566
6566
6574
6576
6584
6590
6612
6614
6622
6646
6648
6672
6676
6692
6696
6700
6702
6724
6750
6752
6782
6784
6802
6824
6828
6830
6836
6914
6918
6920
6932
6938
6948
6954
6954
6970
6970
6988
7016
7024
7024
7024
7026
7040
7074
7074
7076
7076
7082
7084
7126
7128
7142
7146
7170
7214
7250
7298
7298
7298
7310
7326
7338
7372
7384
7410
7414
7430
7444
7472
7476
7480
7514
7524
7588
7602
7606
7624
7644
7676
7678
7710
7716
7722
7728
7730
7734
7734
7764
7780
7786
7786
7826
7828
7842
7848
7870
7914
7936
7962
7994
8004
8010
8026
8026
8044
8086
8090
8108
8114
8124
8130
8132
8202
8226
8236
8252
8252
8278
8282
8290
8296
8314
8360
8368
8390
8412
8428
8440
8512
8514
8514
8518
8518
8528
8532
8542
8550
8560
8578
8592
8602
8640
8640
8642
8644
8662
8678
8680
8716
8722
8724
8774
8784
8786
8790
8802
8844
8868
8896
8900
8918
8930
8938
8942
8946
8956
8958
8974
8976
8990
9026
9028
9036
9064
9078
9100
9132
9134
9160
9164
9170
9184
9198
9206
9232
9240
9248
9252
9260
9264
9268
9312
9338
9374
9376
9378
9380
9406
9416
9424
9424
9436
9500
9504
9510
9512
9524
9532
9532
9600
9636
9648
9666
9702
9704
9714
9756
9762
9768
9798
9808
9810
9816
9844
9850
9870
9888
9904
9924
9926
9940
9976
9990
10000
10006
10024
10028
10042
10060
10078
10080
10092
10152
10176
10182
10196
10212
10216
10232
10236
10250
10270
10300
10322
10340
10358
10374
10376
10382
10390
10400
10402
10422
10426
10444
10478
10500
10538
10546
10620
10680
10698
10704
10704
10726
10728
10738
10738
10748
10762
10770
10786
10804
10814
10818
10828
10832
10834
10840
10844
10850
10878
10880
10884
10896
10954
10954
10966
10976
10992
11000
11028
11032
11038
11054
11054
11086
11138
11144
11194
11204
11216
11230
11254
11256
11258
11282
11284
11290
11294
11296
11338
11378
11380
11392
11392
11408
11452
11458
11474
11478
11478
11480
11496
11498
11510
11512
11512
11520
11542
11548
11550
11564
11568
11586
11592
11600
11604
11608
11620
11628
11642
11644
11652
11678
11684
11688
11692
11704
11710
11714
11738
11738
11766
11778
11818
11834
11852
11854
11860
11870
11874
11888
11892
11904
11906
11914
11964
11966
11972
12000
12002
12012
12030
12044
12070
12088
12110
12110
12118
12122
12126
12140
12164
12164
12168
12238
12262
12290
12332
12356
12358
12370
12382
12424
12424
12430
12468
12492
12498
12524
12526
12544
12546
12560
12592
12600
12610
12646
12650
12680
12714
12718
12730
12736
12738
12742
12752
12762
12766
12786
12804
12804
12810
12832
12852
12886
12886
12902
12910
13016
13034
13044
13076
13102
13154
13154
13162
13164
13190
13202
13212
13244
13274
13282
13286
13300
13314
13320
13360
13374
13382
13384
13398
13406
13412
13418
13422
13444
13450
13454
13492
13512
13528
13542
13550
13556
13558
13572
13574
13628
13654
13656
13696
13710
13730
13780
13792
13830
13842
13858
13860
13864
13892
13894
13932
13934
13948
13968
13976
13982
13990
13990
14008
14010
14026
14028
14044
14066
14078
14088
14094
14096
14108
14128
14138
14138
14140
14144
14148
14158
14160
14176
14184
14186
14194
14198
14200
14218
14226
14238
14240
14276
14278
14286
14290
14308
14334
14360
14376
14386
14400
14418
14420
14432
14436
14440
14442
14450
14456
14462
14470
14492
14494
14506
14528
14538
14538
14566
14584
14588
14590
14602
14602
14604
14616
14626
14628
14634
14634
14644
14662
14664
14674
14702
14716
14716
14720
14724
14732
14738
14738
14740
14746
14748
14792
14796
14822
14824
14830
14830
14834
14838
14844
14848
14850
14864
14868
14880
14884
14884
14894
14894
14896
14898
14902
14910
14932
14944
14952
14976
15000
15000
15002
15010
15012
15018
15038
15052
15052
15076
15084
15084
15092
15112
15116
15116
15132
15148
15148
15156
15166
15188
15188
15192
15200
15202
15212
15222
15226
15228
15236
15244
15248
15260
15270
15280
15298
15298
15314
15314
15336
15362
15374
15374
15398
15398
15412
15428
15432
15432
15436
15438
15438
15442
15448
15452
15468
15484
15500
15520
15524
15542
15546
15568
15586
15596
15596
15610
15648
15668
15696
15710
15734
15740
15778
15784
15810
15812
15858
15916
15938
15950
16016
16100
16146
16182
16206
16672
16696
16916
18022
18408
18796
18906
18934
19826
20566
21724
23566
23776
23958
24058
24080
24092
24136
24418
24426
24446
24490
24540
24552
24618
24776
24786
24796
24848
24996
26094
26126
28488
30942
33802
34042
35848
36968
37304
40124
44970
10638376
