Latencies
7268
6250
5622
6312
8866
5700
5514
5546
5484
6462
5478
6122
5694
5340
5528
13658
5338
5536
5570
5336
5300
5762
6446
5432
5330
5198
5160
6026
5208
5336
5450
5440
5142
5536
5586
5946
5390
5352
5316
6658
5276
5890
21594
19260
6600
6482
5992
35328
10774
5552
5416
5268
5640
5342
5486
20228
6324
28494
5386
5520
5608
5242
6056
5232
5142
5260
5274
5276
5554
6044
5238
5176
5414
6544
5326
5608
5496
5746
5794
5712
5198
5190
6458
6002
5422
5348
5448
5422
6144
5204
5964
5412
5518
7254
5322
5362
6238
5916
5510
5336
5478
5594
5190
5158
6810
5294
6224
5520
5446
5242
5350
5146
5094
5064
26096
6290
5274
5524
5492
21360
5528
5286
5242
5182
5364
5478
5540
6288
5324
5656
5558
5160
5138
5354
5276
5278
5388
5140
5352
5090
5644
6282
5228
5210
10840
5612
5210
9178
5334
5344
5186
5326
5226
5178
5184
10410
5236
5402
5222
5366
5252
5268
6148
5400
5420
5180
5876
6176
22008
6162
5654
5714
5452
6816
6190
5310
5356
5422
6226
6042
5312
5594
6064
5494
5596
5354
5142
5376
5410
5328
5642
5540
5272
5476
5170
5206
5188
11098
5420
5222
6570
5364
6046
5774
18854
5302
5830
5304
85888
5416
5298
5300
6258
6980
5374
5554
5486
5328
5382
5372
5364
5852
7156
5420
6140
5258
5212
5196
5178
5214
5138
8368
5292
5360
5428
5946
5712
5418
5268
5942
5600
5376
5918
5226
5282
6218
6300
5346
5486
5376
5598
6472
5258
5184
5268
5510
5318
28898
27508
5220
5364
5896
5514
5326
8386
5342
5308
5168
6626
5594
5510
5558
9352
6084
6722
5634
5336
5764
35736
5554
5374
6542
5902
5988
35788
5436
5356
5362
30012
6792
6662
7102
5502
5422
5280
5988
5402
5404
5200
5318
5238
5800
5272
9330
6080
5660
5292
5510
5806
5372
5358
5338
5362
5520
5126
5386
19554
5252
5440
7150
5350
5344
5642
5268
6256
5338
5728
5532
5272
5248
5268
5328
5176
5184
5162
5154
5372
5128
5640
5200
5384
5384
20874
5528
5740
6016
5440
5400
5332
25064
5474
5298
5114
10916
6142
7172
5294
5696
5230
5338
5490
5158
5358
5394
5428
5270
16728
5492
5156
33272
5530
16002
5258
5544
5378
5304
5414
5550
6650
19842
5348
5330
5416
5416
5430
5412
5368
5410
5176
5188
5172
5340
6176
5760
6062
6094
5430
6658
5376
5240
5764
5244
5626
5364
5318
5416
5556
5966
5322
5240
5276
5142
5304
5114
5878
5236
5386
5370
6064
5480
5192
5626
6186
5576
5924
12804
5488
5654
5224
19670
5544
6902
5312
5334
5898
5368
5376
5272
5326
6152
25900
5954
5336
5322
5650
25768
5792
5856
5180
5380
5242
5434
7326
5266
5244
5584
11990
5426
5280
5308
6234
5452
5166
20640
5362
6818
5240
5354
5948
5358
5378
5402
12002
15390
5362
5430
6306
5426
6418
5408
5350
5296
5496
5712
5354
5170
5090
5132
6582
5356
5208
5154
6270
5404
27154
5486
5188
6110
5304
5258
