Latencies
5038
5062
5064
5074
5074
5078
5082
5086
5088
5090
5090
5092
5100
5100
5100
5102
5102
5104
5106
5108
5112
5112
5112
5114
5116
5116
5118
5120
5120
5124
5126
5126
5130
5130
5132
5132
5134
5134
5134
5136
5138
5138
5138
5138
5140
5140
5140
5142
5142
5144
5144
5144
5146
5146
5146
5146
5148
5148
5148
5150
5150
5150
5150
5152
5152
5152
5152
5152
5152
5154
5154
5154
5154
5154
5154
5156
5158
5158
5158
5158
5160
5160
5162
5162
5162
5162
5162
5162
5162
5164
5164
5164
5164
5164
5164
5166
5166
5168
5168
5168
5168
5170
5170
5170
5172
5172
5172
5174
5174
5176
5176
5178
5178
5178
5178
5180
5180
5182
5184
5184
5184
5184
5190
5192
5192
5192
5194
5194
5194
5194
5194
5194
5194
5196
5198
5198
5198
5200
5202
5202
5202
5202
5202
5204
5204
5206
5206
5208
5208
5208
5210
5210
5210
5210
5210
5212
5212
5214
5214
5214
5216
5216
5216
5218
5218
5218
5218
5218
5218
5220
5220
5220
5222
5222
5222
5222
5222
5224
5224
5226
5226
5228
5228
5228
5228
5230
5230
5230
5230
5232
5232
5232
5232
5232
5232
5232
5232
5232
5234
5234
5234
5234
5236
5236
5238
5240
5240
5242
5242
5242
5244
5244
5246
5246
5246
5246
5246
5248
5248
5248
5248
5250
5250
5252
5252
5252
5252
5252
5254
5254
5254
5254
5254
5256
5256
5256
5258
5258
5258
5260
5260
5260
5260
5262
5262
5262
5264
5264
5264
5264
5266
5266
5266
5266
5266
5268
5268
5270
5270
5270
5270
5270
5270
5270
5270
5272
5272
5274
5276
5276
5276
5276
5276
5276
5276
5276
5276
5278
5278
5278
5280
5280
5280
5280
5280
5282
5282
5282
5284
5284
5284
5286
5286
5286
5288
5288
5288
5288
5290
5290
5292
5292
5292
5292
5292
5292
5292
5294
5294
5294
5294
5294
5296
5296
5296
5296
5296
5296
5296
5296
5296
5298
5298
5298
5300
5300
5300
5300
5300
5300
5302
5302
5302
5302
5304
5304
5304
5304
5304
5306
5306
5306
5308
5308
5308
5310
5310
5310
5310
5310
5312
5312
5314
5314
5316
5318
5318
5318
5318
5320
5320
5320
5322
5326
5328
5328
5328
5328
5330
5332
5334
5334
5334
5338
5338
5338
5338
5338
5340
5340
5342
5342
5344
5344
5344
5344
5344
5344
5344
5344
5346
5346
5346
5346
5346
5346
5348
5348
5348
5350
5350
5350
5350
5350
5352
5354
5354
5354
5354
5356
5358
5360
5360
5360
5360
5360
5362
5362
5362
5362
5364
5364
5364
5364
5364
5366
5366
5368
5370
5370
5370
5372
5372
5374
5374
5374
5378
5380
5380
5380
5380
5382
5382
5382
5382
5384
5384
5384
5386
5386
5386
5386
5388
5388
5390
5390
5392
5392
5394
5394
5394
5396
5396
5398
5400
5400
5402
5402
5404
5404
5406
5406
5406
5408
5408
5408
5408
5410
5412
5414
5414
5414
5416
5416
5418
5418
5418
5422
5422
5422
5422
5424
5428
5428
5432
5434
5436
5436
5436
5438
5438
5440
5440
5442
5444
5446
5446
5446
5446
5448
5448
5450
5450
5450
5450
5454
5456
5456
5456
5458
5458
5464
5464
5466
5466
5466
5466
5466
5468
5470
5472
5476
5478
5478
5478
5480
5480
5480
5480
5482
5482
5486
5486
5488
5490
5490
5492
5492
5492
5492
5492
5494
5494
5494
5494
5496
5496
5498
5498
5498
5500
5500
5502
5502
5504
5504
5506
5508
5508
5510
5514
5518
5522
5524
5524
5524
5526
5526
5532
5532
5534
5534
5536
5538
5538
5540
5540
5542
5542
5548
5550
5552
5552
5552
5554
5556
5560
5560
5560
5562
5562
5566
5566
5568
5574
5576
5578
5578
5584
5584
5588
5588
5590
5594
5594
5594
5598
5600
5600
5602
5604
5608
5610
5614
5616
5624
5624
5626
5628
5630
5632
5632
5634
5636
5648
5652
5654
5654
5654
5656
5656
5656
5656
5660
5660
5660
5662
5664
5664
5666
5666
5668
5676
5676
5680
5680
5680
5682
5682
5684
5688
5688
5688
5688
5690
5690
5692
5692
5692
5696
5696
5704
5706
5714
5714
5716
5716
5718
5718
5722
5722
5724
5728
5732
5732
5734
5736
5740
5746
5746
5752
5754
5754
5756
5758
5758
5762
5766
5770
5772
5772
5780
5794
5794
5794
5804
5804
5804
5804
5806
5808
5808
5810
5810
5816
5816
5822
5824
5830
5830
5834
5836
5836
5842
5846
5846
5846
5850
5850
5852
5854
5858
5862
5862
5862
5872
5872
5872
5886
5890
5892
5892
5892
5894
5896
5904
5906
5918
5924
5928
5930
5934
5934
5942
5944
5946
5950
5952
5954
5956
5956
5962
5970
5976
5976
5984
5984
5988
5994
5996
5998
6000
6006
6008
6008
6010
6018
6030
6036
6038
6042
6046
6052
6056
6056
6068
6076
6080
6080
6092
6102
6104
6106
6110
6112
6114
6122
6124
6130
6138
6138
6138
6144
6146
6148
6154
6156
6162
6168
6178
6182
6208
6212
6214
6216
6216
6232
6234
6234
6236
6242
6242
6284
6288
6324
6330
6342
6348
6358
6358
6376
6392
6414
6428
6434
6458
6482
6500
6504
6566
6600
6622
6682
6846
6910
6910
6918
7032
7088
7098
7194
7258
7326
7362
7404
7460
7496
7576
7590
7666
7680
7776
7790
8104
8194
8264
8274
8394
8746
8762
8774
8782
8868
8922
8972
8974
8992
9056
9356
9608
9812
10024
10032
10072
10318
10350
10504
10574
10686
10690
10872
11346
11424
11560
11626
12136
12150
12428
12676
12992
13008
13132
13384
13408
13498
13664
13732
13830
13864
13972
13980
14056
14082
14132
14156
14190
14250
14282
14304
14334
14452
14494
14626
14756
14808
14850
14912
15018
15108
15122
15148
15282
15460
15464
15672
15968
16074
16160
16850
17288
18390
18394
18816
18878
19536
19682
19992
20446
20798
21872
22234
22250
22506
22564
23906
23956
23988
24062
24622
24738
24760
25032
25068
25138
25420
25508
25632
26192
26578
27724
27832
27936
28096
28170
28518
28680
28750
28890
29586
29684
30402
30894
30960
32818
33748
33850
34662
34982
35028
35050
35050
35206
35612
35816
35864
36174
36420
36834
62856
233840
