Latencies
5132
5138
5144
5152
5154
5162
5168
5168
5170
5172
5176
5176
5178
5180
5182
5182
5186
5186
5186
5188
5190
5192
5194
5194
5198
5200
5202
5208
5210
5212
5216
5218
5218
5222
5222
5224
5224
5224
5226
5226
5228
5228
5228
5228
5232
5232
5240
5242
5242
5246
5246
5248
5250
5250
5252
5254
5256
5256
5256
5260
5260
5260
5262
5262
5262
5264
5266
5266
5268
5270
5272
5276
5278
5278
5278
5280
5280
5282
5284
5284
5286
5286
5286
5288
5288
5290
5290
5290
5292
5292
5294
5294
5296
5296
5298
5298
5300
5300
5300
5300
5300
5302
5302
5304
5306
5306
5308
5310
5310
5310
5310
5310
5312
5312
5314
5318
5318
5318
5318
5320
5320
5322
5324
5324
5324
5326
5326
5328
5330
5332
5332
5332
5336
5336
5336
5340
5340
5342
5342
5342
5342
5344
5344
5344
5346
5346
5346
5346
5348
5350
5350
5350
5352
5352
5352
5354
5354
5354
5356
5356
5356
5356
5358
5358
5358
5358
5360
5360
5362
5362
5362
5362
5364
5364
5364
5364
5366
5366
5366
5366
5366
5368
5370
5370
5370
5370
5370
5372
5372
5372
5374
5374
5374
5376
5376
5376
5376
5376
5376
5378
5380
5380
5382
5382
5384
5384
5384
5384
5384
5384
5384
5384
5386
5386
5386
5386
5386
5386
5388
5388
5388
5388
5388
5388
5390
5390
5390
5390
5390
5390
5390
5390
5392
5392
5394
5394
5394
5394
5396
5396
5396
5398
5398
5398
5398
5400
5400
5402
5402
5402
5402
5402
5404
5406
5406
5406
5406
5406
5408
5408
5408
5410
5410
5410
5412
5412
5412
5412
5412
5412
5414
5414
5414
5414
5414
5416
5416
5416
5418
5418
5418
5418
5418
5418
5418
5418
5420
5420
5420
5420
5420
5420
5422
5422
5422
5424
5424
5424
5424
5426
5428
5428
5428
5432
5432
5432
5432
5432
5434
5434
5434
5434
5434
5436
5436
5436
5438
5438
5438
5438
5438
5438
5440
5442
5442
5444
5444
5446
5448
5448
5448
5448
5448
5450
5450
5450
5452
5454
5456
5456
5456
5456
5458
5458
5458
5458
5458
5460
5460
5462
5466
5468
5468
5470
5470
5470
5470
5472
5472
5472
5474
5474
5476
5478
5478
5478
5478
5480
5480
5480
5482
5484
5484
5486
5488
5488
5488
5490
5490
5490
5492
5492
5492
5494
5494
5496
5496
5496
5498
5498
5498
5498
5498
5500
5500
5500
5502
5502
5504
5504
5506
5506
5506
5506
5508
5508
5510
5510
5510
5512
5512
5512
5512
5512
5514
5514
5514
5514
5516
5516
5516
5516
5518
5518
5518
5518
5520
5520
5522
5522
5524
5524
5524
5528
5530
5532
5536
5540
5540
5542
5542
5544
5544
5544
5548
5548
5548
5548
5548
5550
5554
5554
5554
5554
5554
5554
5556
5558
5560
5562
5562
5566
5568
5568
5576
5578
5578
5578
5580
5580
5582
5582
5586
5586
5586
5586
5588
5590
5590
5590
5590
5592
5592
5592
5592
5594
5598
5600
5602
5602
5604
5604
5604
5604
5606
5606
5606
5606
5608
5612
5614
5616
5618
5620
5622
5624
5624
5624
5626
5628
5630
5630
5632
5634
5636
5636
5638
5640
5642
5642
5646
5646
5648
5648
5656
5656
5656
5658
5658
5660
5660
5662
5662
5664
5664
5664
5666
5668
5674
5674
5676
5680
5680
5682
5686
5686
5688
5688
5690
5694
5696
5698
5700
5700
5702
5702
5704
5706
5706
5708
5710
5712
5712
5714
5714
5714
5722
5722
5724
5724
5726
5730
5730
5732
5734
5742
5744
5744
5746
5748
5748
5750
5752
5752
5752
5752
5752
5754
5756
5756
5762
5764
5766
5766
5766
5768
5770
5772
5774
5774
5778
5778
5778
5778
5786
5788
5790
5792
5794
5798
5800
5806
5808
5810
5810
5812
5812
5812
5812
5812
5816
5818
5820
5824
5824
5824
5824
5830
5832
5832
5834
5834
5836
5840
5840
5840
5842
5846
5848
5852
5852
5854
5856
5856
5858
5860
5862
5862
5862
5864
5864
5874
5874
5876
5878
5878
5882
5882
5886
5892
5892
5894
5898
5898
5898
5898
5906
5906
5908
5912
5912
5912
5916
5916
5920
5922
5924
5924
5924
5926
5926
5928
5930
5930
5938
5944
5944
5944
5948
5950
5950
5952
5954
5954
5954
5960
5960
5960
5964
5966
5968
5972
5976
5984
5986
5986
5988
5990
5990
5994
6002
6002
6006
6006
6014
6020
6020
6022
6026
6028
6028
6028
6028
6028
6032
6032
6034
6038
6042
6042
6044
6046
6046
6046
6048
6048
6052
6054
6062
6064
6066
6070
6076
6080
6088
6088
6090
6092
6094
6094
6096
6102
6102
6110
6112
6118
6124
6130
6130
6134
6136
6138
6144
6144
6150
6152
6152
6154
6158
6162
6162
6166
6166
6174
6178
6184
6186
6186
6186
6186
6186
6190
6190
6190
6192
6196
6200
6200
6208
6216
6218
6224
6230
6232
6234
6236
6238
6242
6244
6248
6250
6252
6266
6270
6274
6278
6282
6286
6288
6292
6292
6300
6304
6312
6322
6326
6348
6350
6352
6352
6356
6358
6364
6368
6378
6400
6426
6436
6438
6442
6446
6452
6452
6458
6474
6496
6502
6504
6552
6552
6568
6596
6612
6612
6672
6674
6724
6762
6788
6808
6832
6850
6870
6884
6906
6926
6950
6960
6976
6990
7036
7076
7102
7142
7154
7168
7180
7208
7232
7258
7288
7416
7434
7512
7572
7592
7722
7840
8228
8232
8244
8524
8822
8832
8896
8898
9096
9114
9132
9220
9352
9456
9584
9620
9678
9936
10020
10344
10390
10402
10566
10668
11038
11096
11152
11280
11420
11622
11690
12112
12298
12422
12442
12504
12550
12888
12900
12920
13110
13254
13396
13434
13568
13848
14174
14216
14272
14292
14706
14772
14776
15034
15206
15798
16842
16998
17294
17488
18028
18812
19386
19570
20070
20462
20700
20802
21136
21168
21572
21982
22830
23614
23702
23796
23872
24006
24420
24488
24744
24764
24890
25024
25266
25302
25520
25530
25854
26060
26364
26428
27922
27948
28008
28652
29732
29734
30180
30390
31062
31222
32744
33608
33626
34734
35128
35236
35352
35460
35516
35678
36630
37192
44404
56452
563362
