Latencies
5102
5118
5120
5124
5132
5142
5144
5144
5144
5144
5146
5146
5150
5152
5152
5152
5154
5154
5160
5160
5160
5162
5162
5166
5166
5168
5174
5174
5174
5176
5180
5182
5182
5184
5186
5188
5190
5192
5194
5194
5194
5194
5196
5196
5198
5204
5204
5206
5208
5208
5208
5208
5208
5210
5210
5210
5212
5212
5212
5216
5216
5216
5220
5220
5222
5222
5222
5224
5224
5224
5226
5226
5226
5228
5228
5228
5230
5230
5236
5236
5242
5242
5242
5242
5242
5242
5246
5246
5246
5250
5252
5254
5254
5254
5254
5254
5256
5256
5258
5258
5260
5260
5260
5260
5262
5264
5264
5264
5264
5264
5266
5268
5268
5268
5268
5268
5268
5268
5268
5272
5272
5274
5276
5276
5276
5276
5278
5278
5278
5278
5280
5280
5282
5282
5282
5282
5284
5284
5284
5284
5286
5286
5286
5286
5288
5288
5288
5290
5290
5290
5290
5292
5292
5292
5292
5296
5296
5296
5296
5296
5296
5298
5298
5298
5298
5298
5298
5300
5300
5300
5300
5300
5302
5302
5302
5304
5304
5304
5304
5306
5306
5306
5306
5306
5306
5306
5308
5308
5310
5310
5310
5310
5312
5312
5312
5314
5314
5316
5316
5318
5318
5320
5320
5320
5320
5320
5322
5322
5324
5324
5324
5324
5324
5326
5326
5326
5326
5326
5328
5328
5328
5328
5328
5330
5330
5330
5332
5332
5332
5332
5332
5332
5332
5332
5334
5334
5334
5334
5334
5334
5336
5336
5336
5336
5336
5338
5338
5338
5338
5340
5340
5340
5340
5340
5342
5342
5342
5342
5344
5344
5344
5344
5344
5344
5344
5344
5346
5346
5346
5346
5348
5348
5348
5348
5348
5350
5350
5350
5350
5350
5350
5352
5352
5352
5352
5352
5354
5354
5356
5356
5356
5356
5356
5356
5358
5358
5358
5360
5362
5362
5364
5364
5364
5364
5366
5366
5366
5368
5368
5368
5370
5370
5370
5370
5370
5370
5372
5372
5372
5372
5372
5372
5372
5372
5374
5374
5374
5376
5376
5376
5376
5376
5376
5376
5378
5378
5378
5378
5378
5380
5380
5380
5382
5382
5382
5384
5384
5384
5384
5384
5384
5384
5384
5384
5384
5384
5386
5386
5386
5386
5386
5386
5388
5388
5390
5390
5390
5390
5392
5392
5392
5392
5392
5392
5394
5394
5396
5396
5396
5396
5396
5398
5398
5398
5400
5400
5400
5402
5402
5402
5402
5404
5404
5404
5404
5404
5404
5404
5406
5406
5406
5406
5406
5408
5410
5410
5410
5412
5414
5414
5414
5414
5416
5416
5416
5418
5418
5418
5418
5418
5420
5422
5422
5422
5424
5424
5424
5424
5426
5426
5428
5430
5430
5430
5432
5432
5432
5432
5432
5434
5434
5436
5436
5436
5438
5438
5440
5440
5442
5444
5444
5446
5448
5448
5450
5450
5450
5450
5452
5452
5452
5452
5454
5454
5456
5458
5458
5458
5462
5464
5466
5468
5468
5468
5468
5470
5472
5474
5474
5474
5478
5478
5478
5480
5482
5484
5484
5484
5488
5488
5488
5490
5492
5492
5494
5498
5502
5502
5504
5506
5508
5508
5510
5510
5512
5512
5514
5514
5518
5518
5518
5520
5522
5524
5526
5526
5526
5528
5530
5530
5530
5530
5532
5534
5534
5534
5534
5536
5536
5536
5538
5538
5540
5544
5546
5546
5548
5548
5552
5552
5552
5554
5556
5556
5558
5560
5562
5562
5564
5564
5566
5570
5572
5574
5574
5574
5574
5578
5580
5580
5582
5582
5584
5584
5584
5586
5586
5586
5588
5590
5590
5592
5594
5598
5602
5604
5606
5614
5618
5622
5630
5630
5634
5634
5636
5638
5642
5650
5650
5660
5660
5660
5662
5664
5664
5664
5668
5668
5672
5672
5672
5674
5678
5680
5688
5690
5692
5694
5700
5702
5704
5706
5708
5712
5716
5720
5724
5724
5726
5734
5734
5736
5736
5738
5740
5740
5742
5742
5744
5744
5744
5746
5746
5746
5752
5752
5752
5754
5754
5756
5756
5758
5760
5760
5764
5766
5766
5768
5770
5770
5770
5770
5772
5774
5780
5782
5784
5784
5792
5794
5800
5804
5808
5810
5810
5812
5818
5820
5820
5826
5826
5826
5828
5830
5836
5842
5844
5844
5846
5850
5854
5856
5858
5858
5858
5858
5864
5866
5868
5868
5872
5876
5878
5882
5884
5886
5890
5904
5906
5910
5914
5914
5916
5916
5918
5918
5924
5924
5926
5930
5930
5930
5932
5934
5936
5936
5942
5942
5942
5952
5956
5962
5966
5966
5966
5966
5966
5966
5966
5972
5974
5974
5982
5982
5984
5986
5988
5992
6000
6000
6000
6000
6004
6006
6008
6008
6008
6010
6010
6012
6024
6026
6030
6034
6034
6036
6040
6048
6048
6050
6060
6074
6078
6082
6086
6086
6092
6092
6094
6094
6104
6108
6108
6116
6120
6122
6134
6134
6136
6138
6140
6142
6144
6152
6158
6164
6166
6168
6176
6182
6182
6184
6186
6194
6194
6210
6214
6214
6234
6234
6240
6240
6244
6256
6258
6262
6264
6266
6270
6280
6292
6294
6296
6298
6298
6300
6300
6304
6304
6304
6318
6322
6334
6342
6354
6370
6386
6416
6420
6430
6434
6442
6460
6474
6476
6490
6506
6526
6530
6542
6546
6554
6586
6588
6588
6652
6668
6672
6676
6714
6738
6748
6748
6758
6762
6794
6838
6846
6884
6908
6910
6918
7184
7222
7250
7274
7304
7442
7466
7780
7860
7966
8242
8294
8326
8524
9050
9226
9278
9308
9468
9474
9560
9700
9796
9894
10240
10432
10440
10472
10588
10864
10902
10924
10964
11092
11430
11774
11974
12144
12340
12376
12502
12634
12700
12736
12746
13170
13292
13334
13496
13712
13968
14014
14312
14404
14420
14610
14672
14844
15014
15222
15972
16458
16938
17154
17918
17974
18712
18888
19432
19750
20488
20542
20574
21692
22266
22762
22900
23562
23758
24310
25134
25512
25528
25566
25676
25926
26512
26518
26552
27378
28002
28156
28186
28440
29050
29956
30578
30610
30786
32544
32732
34882
38240
38646
40404
42298
43316
45500
57540
