Latencies
5418
5424
5494
5512
5534
5582
5586
5598
5614
5620
5626
5646
5716
5750
5750
5810
5942
5968
5984
6086
6108
6114
6122
6156
6170
6202
6208
6252
6256
6256
6274
6416
6434
6476
6746
6926
7076
7090
7122
7254
7574
7668
7698
7822
7844
8158
8498
9244
9326
10118
10230
10268
10594
10964
11042
11142
11158
11168
11442
11494
11766
11984
11988
12302
12326
12364
12606
13040
13060
13168
13274
13350
13384
13396
13446
13502
13576
13914
13976
14048
14194
14206
14214
14234
14332
14400
14424
14448
14504
14508
14526
14542
14542
14560
14584
14598
14696
14710
14794
14814
14844
14920
14924
15010
15016
15024
15116
15138
15148
15250
15254
15260
15286
15292
15314
15322
15384
15404
15432
15436
15488
15530
15536
15552
15600
15624
15634
15908
15976
15980
16034
16066
16104
16108
16284
16294
16414
16432
16522
16530
16568
16630
16632
16674
16772
16784
16860
16876
16980
17046
17120
17132
17186
17200
17234
17252
17360
17512
17518
17538
17626
17642
17654
17756
17784
17784
17832
17870
17940
18066
18068
18154
18192
18198
18242
18302
18356
18386
18640
18690
18704
18766
18814
18968
19082
19090
19094
19138
19212
19360
19448
19450
19570
19634
19692
19714
19760
19824
20160
20192
20398
20406
20432
20468
20482
20518
20558
20564
20750
20952
20962
21018
21100
21148
21218
21262
21408
21440
21472
21574
21592
21600
21640
21694
21714
21750
21760
21782
21784
21888
21970
22078
22094
22122
22176
22192
22248
22268
22392
22496
22526
22584
22640
22916
22932
23086
23216
23368
23440
23444
23444
23474
23530
23538
23572
23620
23626
23628
23772
23820
23864
23888
23904
23930
23930
23958
23966
24004
24046
24054
24064
24108
24122
24154
24214
24242
24252
24274
24328
24418
24482
24488
24504
24524
24558
24584
24600
24638
24848
24902
24942
24970
25064
25074
25186
25236
25286
25306
25326
25366
25378
25388
25398
25420
25460
25518
25588
25590
25604
25606
25708
25740
25782
25824
25844
25848
25858
25874
25914
26010
26086
26102
26114
26198
26208
26276
26278
26292
26300
26348
26484
26720
26804
26876
27022
27086
27252
27328
27344
27442
27474
27516
27520
27524
27552
27604
27640
27742
27770
27800
27818
27846
27860
27862
27872
27886
27906
27910
27922
27992
28122
28134
28198
28212
28368
28412
28480
28508
28540
28632
28682
28758
28768
28812
28874
28924
28942
28984
29038
29060
29156
29198
29234
29292
29362
29418
29554
29584
29586
29644
29672
29750
29778
29790
30016
30022
30030
30036
30056
30086
30114
30144
30252
30368
30374
30432
30462
30702
30824
30870
30878
30896
30978
31026
31060
31092
31228
31300
31318
31444
31512
31604
31858
31940
32010
32062
32100
32154
32224
32282
32418
32472
32558
32558
32656
32798
32800
32900
33038
33066
33088
33200
33236
33278
33312
33352
33368
33480
33482
33482
33504
33506
33514
33538
33550
33562
33580
33628
33636
33706
33724
33796
33820
33850
33868
33894
33954
33962
34016
34018
34022
34060
34070
34074
34088
34104
34106
34130
34132
34150
34168
34186
34190
34196
34196
34234
34254
34264
34270
34274
34318
34318
34330
34330
34334
34334
34342
34342
34346
34360
34384
34402
34442
34454
34458
34462
34474
34482
34498
34516
34520
34530
34558
34576
34584
34596
34634
34638
34640
34650
34658
34704
34728
34738
34744
34774
34786
34788
34796
34798
34800
34814
34830
34832
34834
34836
34854
34860
34884
34886
34910
34936
34958
34988
35030
35036
35062
35062
35062
35080
35096
35100
35144
35172
35190
35232
35240
35272
35274
35344
35356
35362
35402
35410
35424
35440
35464
35524
35546
35584
35594
35726
35734
35846
36016
36160
36496
36544
36728
36752
36788
37094
37110
37162
37372
37468
37666
37764
38018
38164
38342
38346
38370
38432
38580
38616
38644
38804
38866
39184
39324
39488
39504
39586
39594
39642
39842
39848
40022
40146
40358
40362
40396
40472
40574
40636
41108
41364
41480
41496
41604
41706
41728
41964
42068
42160
42192
42216
42540
42618
42730
43246
43392
43576
43586
43596
43638
43724
43756
43770
43804
43834
43848
43858
43884
43892
43950
43998
44070
44084
44120
44160
44168
44168
44176
44250
44448
44500
44512
44544
44632
44644
44664
44754
44758
44812
44848
44946
44982
45002
45048
45172
45220
45224
45246
45356
45412
45422
45558
45574
45592
45688
45702
45792
45848
45958
46058
46078
46082
46278
46348
46530
46562
46686
46748
47454
47738
48040
48062
48342
48490
48672
48894
49088
49132
49224
49290
49392
49416
49432
49538
49624
49764
49952
49968
50240
50398
50552
50618
50924
51024
51152
51208
51350
51410
51440
51574
51780
51924
52104
52132
52134
52142
52168
52174
52196
52296
52316
52426
52698
52704
52740
52742
52786
52862
52864
52884
52904
52920
52936
52988
53024
53046
53074
53076
53102
53106
53134
53182
53202
53230
53236
53262
53276
53332
53358
53432
53508
53522
53540
53564
53566
53576
53580
53594
53606
53608
53624
53636
53644
53650
53660
53686
53698
53724
53726
53734
53736
53756
53778
53800
53804
53804
53834
53842
53850
53854
53864
53864
53882
53892
53898
53926
53940
53944
53984
53992
53994
54002
54004
54008
54034
54102
54102
54106
54136
54150
54160
54176
54206
54214
54256
54256
54262
54264
54326
54382
54396
54402
54404
54410
54414
54438
54444
54484
54532
54612
54644
54660
54676
54680
54682
54734
54774
54802
54918
55118
55164
55174
55208
55228
55258
55274
55316
55320
55350
55440
55478
55632
56734
56920
57058
57444
57694
57788
57948
58058
58182
58352
58408
58590
59224
59574
59764
59842
60172
60206
61352
61486
62260
62384
62718
62818
63196
63224
63238
63480
63688
63712
63764
63828
64022
64172
64234
64272
64436
64610
64616
64744
64748
65086
66114
66306
66428
66566
67596
67862
68180
68272
68438
69388
69448
69898
70022
71846
72032
72300
72402
72424
72442
72480
72612
72716
72886
72918
72950
73050
73050
73104
73178
73198
73206
73288
73376
73394
73428
73456
73504
73520
73568
73742
73754
73782
73788
73798
73810
73872
73896
73948
73994
74046
74060
74088
74142
74326
74348
74458
74470
74478
74498
74556
74610
74638
74858
75362
75510
75808
76406
76448
76450
78722
81274
82890
83454
84594
93294
97208
97568
156158
157504
214636
272722
419584
583548
1240222
