Latencies
5118
5118
5122
5124
5130
5132
5160
5174
5176
5184
5188
5188
5190
5190
5196
5204
5204
5206
5208
5210
5212
5212
5214
5216
5218
5218
5220
5220
5220
5220
5220
5222
5222
5222
5224
5228
5228
5230
5230
5234
5234
5234
5236
5236
5238
5238
5240
5240
5240
5242
5242
5244
5246
5246
5246
5248
5248
5248
5250
5250
5250
5250
5252
5254
5254
5256
5258
5260
5260
5262
5262
5262
5262
5264
5264
5264
5266
5266
5266
5266
5266
5266
5266
5268
5268
5268
5268
5272
5272
5272
5272
5274
5274
5274
5274
5276
5276
5276
5276
5278
5278
5278
5278
5280
5280
5280
5280
5280
5282
5284
5284
5284
5284
5284
5284
5284
5284
5286
5288
5288
5288
5288
5288
5290
5292
5292
5292
5292
5292
5294
5294
5294
5294
5294
5296
5296
5296
5296
5298
5298
5298
5298
5298
5300
5302
5302
5302
5302
5304
5304
5304
5306
5306
5306
5306
5308
5308
5310
5310
5310
5310
5310
5310
5312
5312
5312
5312
5312
5312
5312
5314
5314
5314
5314
5314
5314
5316
5316
5316
5316
5316
5316
5316
5316
5318
5318
5318
5318
5318
5318
5318
5318
5318
5320
5320
5320
5320
5322
5322
5322
5322
5322
5324
5324
5324
5324
5324
5324
5324
5324
5326
5326
5326
5326
5328
5328
5330
5330
5330
5330
5330
5330
5332
5332
5332
5332
5332
5332
5332
5332
5332
5332
5334
5334
5334
5334
5334
5336
5336
5338
5338
5338
5338
5338
5340
5340
5340
5340
5340
5342
5342
5344
5346
5346
5346
5346
5346
5348
5348
5348
5348
5348
5348
5348
5350
5350
5350
5350
5350
5350
5352
5352
5352
5352
5354
5354
5354
5354
5354
5356
5360
5360
5360
5362
5362
5362
5362
5362
5364
5364
5364
5364
5364
5364
5366
5368
5368
5368
5368
5368
5368
5370
5370
5370
5370
5370
5370
5372
5374
5374
5374
5376
5376
5376
5376
5376
5378
5378
5378
5378
5378
5380
5380
5380
5380
5380
5380
5382
5382
5382
5382
5382
5384
5384
5384
5384
5384
5384
5384
5384
5384
5384
5386
5386
5386
5386
5388
5388
5388
5388
5390
5390
5392
5392
5392
5394
5394
5396
5398
5398
5398
5400
5400
5402
5402
5404
5406
5408
5410
5410
5410
5412
5412
5414
5414
5414
5416
5416
5416
5418
5418
5418
5418
5418
5418
5420
5420
5420
5420
5422
5422
5422
5424
5424
5424
5424
5424
5426
5426
5426
5426
5426
5426
5426
5428
5428
5430
5430
5430
5430
5432
5436
5440
5442
5442
5442
5442
5444
5446
5446
5446
5448
5448
5448
5450
5450
5452
5454
5454
5454
5456
5456
5456
5460
5464
5464
5464
5466
5466
5466
5468
5468
5468
5468
5468
5470
5472
5472
5474
5474
5474
5474
5480
5480
5480
5484
5488
5490
5490
5490
5492
5494
5494
5496
5496
5498
5498
5500
5500
5502
5502
5502
5504
5508
5508
5508
5510
5510
5510
5512
5512
5514
5514
5514
5514
5516
5516
5518
5518
5520
5520
5520
5522
5524
5524
5526
5526
5526
5526
5526
5528
5528
5530
5530
5530
5532
5534
5538
5538
5538
5544
5544
5548
5548
5548
5550
5552
5552
5554
5554
5556
5556
5556
5558
5558
5560
5562
5564
5564
5564
5564
5564
5564
5566
5570
5572
5576
5576
5576
5576
5578
5580
5580
5580
5582
5582
5582
5586
5586
5586
5588
5588
5588
5592
5598
5600
5600
5600
5600
5600
5602
5604
5604
5606
5608
5610
5614
5616
5618
5624
5624
5624
5626
5628
5628
5630
5630
5630
5634
5636
5636
5636
5638
5640
5640
5642
5642
5644
5644
5644
5644
5646
5646
5646
5648
5650
5650
5650
5652
5652
5654
5658
5658
5662
5662
5668
5672
5672
5672
5672
5674
5676
5676
5676
5676
5676
5678
5680
5684
5684
5686
5688
5688
5690
5692
5692
5694
5694
5694
5696
5696
5698
5700
5702
5704
5706
5712
5712
5714
5714
5716
5716
5718
5722
5724
5726
5726
5728
5728
5728
5728
5728
5730
5732
5732
5734
5734
5734
5734
5738
5738
5738
5740
5740
5744
5744
5746
5746
5748
5750
5752
5752
5754
5756
5758
5758
5758
5758
5760
5762
5762
5764
5764
5766
5766
5766
5766
5766
5768
5774
5776
5780
5780
5780
5782
5782
5782
5782
5782
5788
5790
5790
5792
5792
5792
5794
5796
5798
5798
5798
5804
5806
5808
5808
5810
5816
5816
5818
5818
5818
5822
5822
5822
5824
5824
5826
5826
5828
5828
5832
5832
5834
5834
5836
5836
5836
5838
5842
5844
5848
5850
5850
5852
5852
5854
5856
5858
5858
5858
5860
5860
5862
5864
5864
5868
5868
5868
5872
5874
5874
5876
5876
5876
5876
5880
5884
5884
5890
5892
5892
5892
5894
5894
5894
5896
5896
5896
5898
5900
5902
5904
5906
5906
5906
5908
5910
5910
5910
5914
5914
5914
5916
5916
5918
5924
5924
5926
5926
5926
5926
5928
5928
5928
5938
5938
5940
5940
5942
5948
5950
5950
5952
5952
5956
5958
5960
5964
5966
5966
5966
5968
5972
5974
5976
5976
5978
5978
5980
5982
5984
5986
5986
5992
5994
5998
6002
6006
6008
6010
6012
6012
6014
6016
6018
6018
6020
6022
6022
6022
6026
6026
6026
6026
6030
6032
6034
6036
6036
6038
6044
6048
6050
6054
6054
6056
6060
6072
6086
6088
6090
6090
6092
6094
6096
6098
6100
6104
6104
6112
6112
6116
6116
6120
6122
6130
6132
6134
6140
6146
6150
6162
6164
6172
6174
6176
6186
6190
6190
6194
6196
6198
6200
6200
6200
6204
6212
6216
6216
6218
6226
6234
6240
6242
6242
6250
6264
6282
6284
6296
6322
6356
6358
6378
6392
6394
6408
6408
6414
6420
6478
6482
6484
6490
6508
6532
6588
6594
6652
6658
6684
6748
6780
6810
6826
6904
6910
6952
7040
7044
7104
7106
7134
7156
7190
7266
7312
7442
7482
7730
7776
7908
7926
7994
8014
8130
8142
8292
8526
8766
8850
9374
10414
10542
10672
10884
10950
10992
12636
12726
12968
14654
14698
15226
17220
17940
18126
18382
20120
20788
21114
21720
24410
24564
28192
28780
29444
31656
32282
37018
48292
