Latencies
4992
5046
5072
5082
5090
5096
5104
5108
5110
5112
5114
5118
5130
5132
5134
5134
5136
5136
5150
5156
5158
5158
5158
5158
5158
5164
5164
5164
5166
5168
5168
5172
5172
5174
5178
5178
5178
5178
5180
5180
5180
5180
5180
5182
5184
5184
5184
5186
5188
5190
5194
5196
5198
5200
5200
5200
5200
5200
5202
5202
5202
5202
5204
5204
5204
5206
5206
5208
5208
5210
5210
5210
5210
5210
5212
5212
5214
5216
5220
5220
5220
5222
5224
5224
5226
5226
5226
5226
5226
5228
5230
5230
5230
5232
5232
5232
5232
5234
5234
5234
5236
5236
5236
5236
5238
5238
5240
5240
5242
5242
5242
5242
5244
5244
5244
5246
5246
5248
5248
5248
5248
5248
5250
5250
5252
5252
5254
5254
5254
5254
5254
5254
5254
5254
5254
5256
5258
5258
5260
5260
5260
5260
5260
5260
5260
5262
5262
5264
5264
5264
5266
5266
5266
5266
5266
5268
5268
5268
5268
5268
5270
5270
5270
5270
5270
5270
5272
5272
5274
5274
5274
5274
5276
5276
5276
5276
5276
5278
5278
5278
5278
5278
5278
5280
5280
5280
5282
5284
5284
5284
5284
5284
5286
5286
5286
5286
5288
5288
5288
5292
5292
5294
5294
5294
5294
5296
5296
5296
5298
5298
5298
5298
5298
5298
5298
5300
5300
5302
5302
5302
5302
5304
5304
5304
5304
5306
5306
5308
5310
5310
5310
5312
5312
5312
5312
5314
5314
5316
5318
5318
5318
5320
5322
5322
5324
5324
5324
5324
5324
5324
5326
5328
5328
5330
5330
5330
5332
5332
5334
5334
5334
5334
5336
5336
5336
5336
5336
5336
5336
5336
5338
5338
5340
5340
5340
5342
5342
5342
5344
5344
5344
5346
5346
5346
5348
5350
5350
5350
5350
5352
5352
5354
5354
5356
5358
5358
5358
5362
5364
5364
5366
5366
5366
5368
5368
5370
5372
5372
5374
5374
5374
5374
5376
5376
5376
5376
5378
5380
5380
5382
5384
5384
5384
5386
5386
5386
5386
5386
5386
5388
5388
5388
5390
5390
5390
5392
5392
5392
5392
5392
5394
5394
5398
5398
5398
5400
5400
5402
5402
5406
5406
5406
5408
5414
5414
5414
5418
5420
5420
5422
5422
5426
5428
5428
5428
5428
5430
5430
5430
5434
5434
5434
5436
5436
5436
5436
5438
5438
5438
5438
5440
5442
5444
5444
5444
5446
5448
5448
5450
5450
5450
5456
5458
5458
5462
5462
5466
5466
5466
5466
5468
5468
5468
5470
5472
5476
5476
5478
5478
5480
5482
5482
5482
5482
5484
5484
5486
5486
5488
5490
5492
5492
5492
5492
5492
5494
5496
5498
5498
5500
5500
5500
5504
5508
5508
5508
5510
5510
5512
5514
5518
5518
5518
5520
5522
5526
5526
5528
5528
5530
5532
5534
5534
5536
5538
5538
5540
5542
5544
5546
5546
5546
5548
5548
5550
5550
5550
5552
5554
5556
5556
5560
5564
5566
5568
5572
5576
5578
5578
5578
5582
5582
5584
5584
5584
5586
5586
5588
5588
5588
5588
5592
5592
5592
5594
5596
5598
5598
5598
5598
5598
5602
5602
5604
5604
5606
5608
5610
5610
5612
5612
5614
5614
5614
5614
5614
5616
5616
5618
5620
5622
5622
5624
5624
5624
5624
5630
5630
5630
5632
5634
5636
5638
5638
5640
5640
5642
5642
5644
5644
5646
5646
5650
5656
5656
5656
5660
5662
5662
5662
5662
5662
5664
5664
5668
5670
5672
5674
5676
5682
5684
5686
5686
5688
5690
5690
5692
5698
5700
5700
5702
5702
5702
5706
5706
5708
5708
5710
5710
5710
5712
5712
5712
5716
5716
5716
5718
5718
5720
5724
5724
5724
5730
5730
5730
5730
5730
5734
5734
5736
5736
5748
5748
5748
5750
5750
5750
5752
5754
5758
5760
5760
5760
5762
5764
5768
5770
5770
5772
5772
5776
5776
5776
5780
5782
5782
5790
5790
5794
5794
5796
5796
5796
5802
5802
5808
5808
5808
5808
5810
5814
5816
5820
5820
5824
5824
5824
5824
5828
5832
5832
5832
5834
5840
5840
5846
5848
5848
5854
5856
5860
5862
5866
5868
5868
5868
5870
5874
5874
5876
5876
5878
5878
5878
5878
5880
5882
5882
5884
5886
5886
5886
5888
5888
5890
5892
5894
5894
5898
5906
5906
5908
5912
5916
5916
5916
5920
5922
5924
5926
5928
5930
5930
5930
5930
5932
5932
5934
5936
5936
5938
5942
5944
5946
5948
5948
5952
5954
5956
5962
5964
5966
5968
5970
5972
5974
5978
5980
5984
5990
5996
6000
6002
6002
6002
6004
6004
6008
6012
6016
6016
6016
6022
6022
6024
6026
6026
6028
6034
6034
6036
6036
6038
6042
6042
6044
6048
6064
6066
6068
6072
6072
6080
6082
6084
6094
6096
6102
6104
6104
6106
6112
6126
6126
6134
6136
6138
6140
6146
6150
6160
6166
6166
6170
6180
6184
6188
6194
6216
6220
6224
6230
6238
6240
6242
6242
6248
6248
6248
6262
6272
6274
6290
6290
6308
6312
6312
6322
6324
6330
6384
6384
6396
6398
6400
6406
6440
6462
6484
6492
6510
6512
6562
6562
6572
6580
6606
6610
6616
6642
6644
6660
6664
6674
6690
6694
6714
6734
6754
6766
6826
6834
6836
6846
6854
6856
6868
6892
6928
6956
6966
6976
6982
6998
7058
7108
7118
7132
7198
7388
7400
7430
7452
7462
7494
7562
7590
7684
7694
7726
7752
7808
7900
7918
8104
8176
8246
8492
8548
8752
9040
9592
9610
9874
10166
10686
13504
15098
15844
15988
17364
18792
25548
27058
43528
375878
