Latencies
5058
5062
5066
5086
5096
5096
5098
5110
5118
5126
5126
5128
5128
5142
5146
5148
5148
5148
5150
5160
5166
5176
5176
5178
5182
5182
5186
5188
5188
5190
5192
5192
5194
5194
5194
5196
5196
5198
5200
5204
5206
5206
5206
5206
5210
5212
5212
5214
5214
5214
5216
5216
5216
5216
5218
5218
5218
5220
5220
5222
5222
5224
5224
5224
5224
5224
5226
5228
5228
5228
5230
5230
5232
5232
5234
5234
5234
5234
5234
5234
5234
5238
5238
5240
5240
5240
5240
5240
5242
5242
5242
5244
5246
5246
5248
5248
5248
5250
5250
5252
5252
5252
5252
5252
5254
5254
5254
5254
5254
5256
5256
5256
5256
5258
5258
5258
5258
5260
5260
5260
5260
5262
5262
5262
5262
5262
5264
5264
5264
5264
5264
5266
5266
5266
5268
5268
5268
5268
5270
5270
5270
5270
5272
5272
5272
5274
5274
5274
5276
5276
5276
5276
5276
5276
5276
5278
5278
5278
5278
5280
5282
5282
5282
5282
5282
5282
5282
5284
5284
5284
5286
5286
5286
5288
5288
5288
5290
5290
5290
5292
5292
5292
5294
5294
5294
5294
5296
5296
5298
5298
5298
5298
5300
5300
5300
5300
5300
5300
5302
5302
5302
5302
5304
5304
5304
5304
5304
5304
5306
5306
5306
5306
5308
5308
5310
5310
5310
5310
5310
5310
5312
5312
5312
5312
5314
5314
5314
5314
5314
5316
5316
5316
5316
5316
5316
5318
5320
5320
5320
5322
5324
5324
5326
5326
5326
5326
5326
5328
5328
5328
5328
5328
5328
5330
5330
5330
5332
5334
5334
5334
5334
5334
5336
5336
5336
5336
5336
5338
5338
5338
5340
5340
5340
5340
5340
5340
5342
5342
5342
5344
5344
5344
5344
5344
5346
5346
5346
5348
5348
5348
5348
5352
5352
5352
5352
5354
5354
5354
5354
5356
5356
5356
5358
5358
5360
5360
5360
5362
5362
5362
5364
5364
5366
5366
5366
5366
5366
5366
5366
5368
5368
5370
5370
5370
5370
5372
5372
5372
5372
5374
5374
5374
5374
5374
5374
5376
5376
5376
5376
5376
5376
5376
5378
5378
5378
5378
5378
5378
5380
5380
5382
5384
5384
5384
5386
5386
5386
5388
5390
5390
5392
5394
5394
5394
5394
5394
5394
5394
5396
5396
5396
5396
5396
5396
5398
5400
5400
5400
5402
5402
5404
5404
5404
5406
5406
5408
5408
5408
5408
5410
5410
5410
5412
5412
5412
5414
5414
5414
5416
5416
5416
5416
5418
5418
5420
5420
5422
5422
5422
5422
5422
5424
5424
5426
5426
5426
5426
5426
5428
5428
5428
5428
5430
5430
5432
5432
5432
5434
5434
5436
5438
5442
5442
5442
5444
5444
5446
5446
5448
5450
5450
5450
5452
5452
5454
5456
5456
5458
5458
5462
5462
5464
5464
5470
5470
5470
5470
5472
5472
5474
5476
5478
5478
5480
5480
5482
5482
5488
5488
5490
5490
5490
5492
5492
5494
5494
5496
5496
5498
5498
5498
5500
5500
5500
5502
5504
5504
5506
5506
5506
5506
5508
5508
5508
5508
5508
5514
5516
5516
5520
5520
5522
5526
5526
5528
5528
5528
5530
5530
5532
5532
5534
5534
5534
5534
5536
5538
5540
5542
5542
5544
5546
5546
5548
5548
5552
5552
5552
5556
5558
5558
5558
5558
5560
5560
5564
5566
5566
5568
5570
5570
5570
5572
5576
5578
5580
5582
5582
5586
5590
5590
5590
5590
5590
5592
5594
5594
5594
5594
5594
5596
5596
5602
5604
5604
5604
5604
5606
5608
5608
5608
5610
5612
5614
5616
5616
5618
5618
5620
5620
5622
5624
5624
5626
5626
5626
5626
5626
5628
5630
5634
5636
5638
5638
5642
5642
5644
5646
5646
5646
5648
5650
5652
5652
5654
5654
5656
5656
5658
5660
5660
5660
5662
5662
5668
5668
5668
5670
5672
5676
5676
5678
5680
5680
5680
5680
5682
5682
5682
5686
5686
5688
5688
5690
5692
5692
5694
5694
5694
5696
5698
5698
5700
5700
5702
5702
5704
5706
5708
5708
5708
5710
5710
5714
5718
5720
5720
5726
5726
5726
5726
5726
5728
5730
5732
5732
5732
5734
5734
5734
5736
5738
5738
5742
5742
5750
5754
5758
5758
5758
5760
5760
5762
5766
5768
5772
5772
5772
5776
5776
5776
5778
5778
5778
5780
5780
5782
5782
5784
5784
5790
5790
5792
5792
5792
5792
5796
5798
5802
5804
5804
5804
5806
5808
5810
5810
5814
5814
5816
5816
5816
5816
5816
5818
5818
5818
5820
5822
5824
5824
5826
5828
5828
5828
5830
5830
5832
5836
5838
5840
5842
5846
5846
5850
5852
5854
5854
5856
5856
5860
5862
5862
5864
5864
5866
5866
5868
5870
5870
5872
5874
5874
5876
5878
5878
5880
5880
5882
5884
5884
5886
5888
5888
5890
5890
5892
5892
5892
5896
5896
5898
5898
5902
5906
5906
5906
5906
5906
5908
5912
5916
5918
5918
5920
5922
5922
5922
5922
5922
5928
5932
5934
5934
5936
5936
5938
5940
5942
5944
5944
5946
5948
5948
5948
5948
5950
5950
5950
5950
5956
5958
5960
5960
5970
5970
5972
5972
5974
5974
5974
5978
5982
5984
5988
5992
5994
5994
5994
6000
6002
6002
6014
6014
6016
6018
6018
6020
6026
6028
6030
6038
6042
6044
6050
6050
6050
6054
6056
6058
6058
6060
6062
6062
6064
6066
6066
6070
6072
6074
6074
6082
6084
6086
6090
6090
6094
6098
6102
6108
6118
6120
6122
6134
6142
6146
6146
6148
6152
6158
6158
6162
6162
6162
6166
6166
6166
6174
6176
6178
6178
6180
6180
6184
6184
6186
6212
6212
6228
6258
6262
6268
6288
6306
6314
6318
6362
6368
6374
6378
6386
6392
6396
6402
6410
6422
6426
6426
6432
6436
6436
6436
6442
6444
6446
6448
6460
6472
6492
6492
6494
6502
6502
6540
6554
6560
6566
6572
6582
6608
6608
6624
6628
6668
6680
6692
6696
6698
6706
6718
6768
6768
6776
6794
6838
6862
6870
6892
6908
6944
6954
6980
7096
7190
7220
7258
7274
7392
7422
7478
7486
7670
7842
7860
7948
7978
8002
9516
10798
11506
12066
12160
13072
13910
14094
14242
14542
14682
20172
24406
25342
