Latencies
5202
5208
5228
5250
5256
5256
5276
5300
5302
5308
5320
5322
5324
5340
5376
5376
5380
5382
5392
5394
5420
5420
5434
5438
5446
5448
5452
5456
5460
5482
5504
5510
5516
5522
5530
5542
5552
5556
5560
5570
5634
5678
5694
5720
5722
5730
5748
5772
5782
5800
5806
5814
5830
5858
5862
5870
5872
5876
5902
5910
5922
5924
5998
5998
6002
6018
6062
6116
6122
6124
6178
6316
6366
6420
6512
6544
6556
6598
6706
6730
6754
6780
6794
6892
7006
7018
7148
7256
7422
7518
7620
7800
7862
7890
7922
8006
8156
8168
8226
8306
8330
8340
8372
8396
8400
8484
8516
8610
8622
8634
8656
8724
8862
9024
9038
9114
9146
9174
9222
9246
9268
9322
9322
9370
9388
9414
9526
9550
9560
9630
9668
9668
9746
9778
9788
9816
9898
10054
10072
10074
10142
10380
10400
10584
10658
10706
10722
10980
11000
11042
11090
11256
11276
11352
11426
11474
11478
11502
11510
11574
11860
11884
11906
12000
12028
12286
12374
12526
12568
12644
12830
12866
12890
12890
13102
13134
13216
13318
13324
13368
13400
13406
13410
13570
13606
13632
13694
13826
13834
13866
13892
13900
13904
13934
13940
13952
14018
14086
14180
14210
14246
14324
14352
14364
14376
14384
14406
14416
14508
14518
14540
14540
14550
14552
14562
14566
14572
14574
14594
14616
14616
14618
14640
14644
14646
14654
14654
14658
14658
14670
14672
14684
14688
14688
14694
14708
14712
14718
14722
14730
14734
14740
14744
14756
14756
14760
14764
14790
14796
14812
14812
14814
14816
14816
14818
14820
14826
14834
14836
14844
14854
14866
14886
14892
14900
14900
14902
14904
14908
14914
14916
14920
14924
14926
14934
14934
14938
14940
14942
14942
14952
14956
14958
14958
14974
14978
14988
15010
15014
15016
15032
15046
15050
15066
15070
15072
15086
15092
15096
15102
15110
15124
15124
15126
15136
15152
15162
15164
15174
15182
15184
15188
15192
15208
15212
15242
15242
15256
15260
15264
15266
15276
15278
15280
15284
15284
15288
15290
15292
15294
15304
15306
15316
15322
15344
15344
15354
15356
15356
15360
15386
15390
15394
15406
15410
15412
15412
15416
15424
15432
15438
15440
15456
15464
15466
15478
15480
15484
15494
15496
15512
15512
15516
15516
15548
15590
15598
15610
15624
15628
15644
15644
15654
15662
15662
15666
15672
15684
15746
15748
15774
15778
15788
15790
15802
15814
15828
15836
15848
15886
15930
15944
15956
15958
16010
16068
16128
16346
16508
16608
16616
16824
16860
16982
17174
17182
17330
17416
17518
17586
17642
17758
17952
18086
18122
18210
18260
18312
18366
18368
18600
18606
18750
18762
18866
18998
19006
19032
19080
19088
19104
19178
19544
19810
19826
19960
20012
20022
20040
20220
20248
20332
20352
20470
20654
20722
20896
20922
20968
21326
21384
21446
21782
21782
21796
21832
21874
21948
21952
21990
22032
22108
22282
22414
22562
22684
22720
22800
22878
22904
23094
23148
23418
23700
23864
23980
23984
24034
24046
24082
24092
24112
24144
24210
24222
24222
24238
24238
24250
24252
24292
24332
24340
24342
24346
24346
24352
24366
24370
24404
24414
24420
24426
24436
24440
24474
24476
24480
24482
24508
24520
24576
24596
24608
24638
24646
24650
24658
24668
24676
24680
24700
24708
24732
24750
24764
24766
24790
24790
24796
24796
24808
24814
24822
24830
24832
24880
24900
24916
24918
24936
24964
24980
24998
25060
25074
25098
25116
25128
25134
25136
25136
25136
25146
25156
25156
25174
25174
25180
25208
25208
25224
25224
25234
25258
25266
25266
25268
25278
25280
25306
25328
25344
25356
25358
25362
25376
25400
25422
25440
25454
25480
25504
25560
25584
25594
25646
25652
25670
25712
25716
25812
25834
25836
25840
25842
25950
26026
26132
26308
26352
26402
26444
26488
26604
26692
26902
27006
27440
27456
27720
27850
27902
28234
28296
28314
28366
28638
28640
28652
28856
29002
29164
29398
29646
29710
30000
30026
30132
30266
30366
30550
30566
30860
30870
30964
31174
31184
31184
31252
31310
31428
31430
31450
31538
31624
31716
31796
31816
31990
32090
32092
32128
32188
32544
32598
32646
32660
32662
32770
33040
33116
33152
33186
33258
33394
33406
33444
33490
33532
33590
33602
33614
33620
33622
33680
33684
33694
33732
33754
33766
33788
33798
33864
33892
33910
33940
33960
33966
33972
33972
33994
34008
34008
34010
34028
34032
34044
34052
34060
34066
34076
34096
34110
34144
34150
34160
34164
34166
34168
34168
34174
34182
34198
34208
34210
34222
34228
34238
34240
34258
34266
34270
34276
34294
34296
34304
34364
34368
34388
34388
34390
34400
34426
34428
34450
34474
34512
34520
34522
34532
34540
34546
34548
34562
34570
34578
34580
34582
34586
34596
34604
34606
34630
34630
34634
34640
34640
34656
34656
34660
34676
34682
34684
34684
34686
34686
34686
34690
34706
34722
34726
34728
34732
34734
34758
34758
34764
34764
34770
34782
34790
34790
34798
34804
34812
34812
34834
34834
34856
34866
34870
34872
34878
34902
34904
34908
34920
34936
34952
34968
34972
34982
34984
34984
34986
34992
34996
35006
35010
35020
35030
35036
35038
35056
35078
35080
35104
35106
35114
35114
35130
35132
35142
35154
35174
35176
35194
35198
35200
35202
35212
35220
35226
35232
35264
35298
35310
35320
35330
35350
35392
35418
35422
35430
35436
35458
35462
35494
35496
35500
35510
35516
35542
35568
35588
35592
35632
35700
35740
35800
35826
35828
35866
35866
35910
35972
36032
36066
36076
36248
37460
37474
37562
37968
38050
38260
38624
38758
38814
40262
40738
40760
41106
41276
41580
41586
41594
41640
41926
42134
43280
43686
43940
44130
44536
44750
44766
44908
44940
44968
45274
45492
46840
47424
47434
47800
48080
48460
48662
48664
49040
49052
50308
50656
51412
51424
51622
51626
51936
51980
52728
52980
52988
53032
53408
53512
53586
53642
53674
53722
53804
53858
53862
53878
53904
53912
53990
53992
54000
54006
54034
54056
54080
54092
54094
54118
54154
54158
54180
54204
54214
54220
54342
54360
54374
54374
54466
54530
54546
54630
54634
54652
54658
54668
54684
54708
54774
54798
54822
54988
55046
55088
55180
55248
55274
61778
63694
64070
64992
68094
78074
91174
106268
117434
117466
117638
176990
197972
202386
232936
303496
312024
663142
794614
899566
1101980
3560042
