Latencies
5244
5252
5256
5260
5268
5270
5286
5288
5292
5310
5312
5314
5314
5314
5324
5324
5326
5332
5332
5332
5332
5334
5334
5336
5338
5348
5354
5356
5356
5358
5358
5360
5360
5362
5366
5368
5368
5376
5384
5386
5388
5390
5396
5396
5398
5398
5398
5400
5406
5408
5410
5410
5414
5418
5426
5430
5430
5436
5440
5442
5444
5452
5454
5458
5458
5460
5462
5464
5466
5470
5480
5482
5484
5490
5494
5496
5498
5504
5510
5512
5514
5516
5516
5518
5520
5520
5522
5532
5542
5542
5562
5580
5584
5596
5600
5612
5612
5624
5626
5626
5632
5638
5642
5654
5656
5658
5664
5666
5666
5668
5672
5696
5698
5702
5702
5704
5706
5712
5714
5718
5728
5734
5744
5756
5762
5768
5772
5776
5776
5780
5784
5784
5786
5790
5792
5798
5800
5804
5806
5806
5814
5814
5818
5818
5820
5820
5822
5824
5830
5834
5838
5848
5848
5848
5850
5852
5860
5860
5862
5864
5868
5870
5878
5878
5880
5886
5886
5892
5896
5900
5900
5908
5920
5922
5926
5950
5954
5956
5958
5958
5960
5966
5968
5970
5974
5980
5994
6006
6006
6014
6018
6024
6042
6048
6050
6052
6054
6066
6072
6078
6090
6094
6098
6100
6102
6108
6110
6126
6144
6158
6160
6160
6160
6162
6164
6178
6186
6186
6190
6230
6232
6244
6256
6274
6278
6280
6290
6294
6306
6312
6326
6328
6330
6342
6360
6374
6390
6402
6422
6432
6436
6470
6484
6518
6524
6546
6546
6578
6614
6618
6642
6656
6670
6702
6704
6710
6736
6836
6840
6852
6882
6886
6904
6918
6924
6940
6950
6962
6976
6978
7020
7042
7112
7124
7138
7144
7166
7180
7184
7204
7210
7228
7244
7258
7302
7310
7320
7340
7346
7384
7446
7450
7458
7464
7468
7472
7478
7514
7522
7534
7546
7574
7626
7652
7654
7708
7720
7726
7750
7792
7812
7848
7850
7864
7868
7914
7916
7942
7960
7972
7974
7982
7996
8012
8020
8020
8088
8096
8110
8114
8124
8140
8176
8180
8184
8188
8228
8392
8404
8416
8434
8438
8442
8452
8458
8530
8552
8574
8608
8610
8618
8690
8712
8772
8796
8798
8800
8808
8808
8820
8832
8836
8844
8850
8854
8908
8910
8932
8940
8940
8942
8946
8996
9000
9000
9004
9020
9026
9042
9104
9120
9142
9162
9188
9206
9252
9278
9324
9350
9364
9386
9402
9454
9482
9486
9508
9522
9546
9558
9580
9590
9596
9598
9638
9638
9696
9734
9746
9760
9762
9770
9784
9824
9840
9842
9868
9886
9892
9894
9942
9954
9966
9970
10002
10020
10028
10072
10128
10134
10146
10146
10148
10208
10216
10220
10226
10248
10252
10284
10294
10294
10298
10326
10330
10342
10360
10362
10392
10392
10402
10436
10440
10468
10498
10512
10518
10530
10548
10562
10566
10592
10626
10652
10654
10682
10758
10776
10786
10788
10826
10838
10850
10854
10898
10914
10970
11012
11130
11164
11190
11196
11218
11248
11250
11270
11300
11350
11498
11526
11534
11540
11558
11598
11626
11660
11664
11674
11686
11686
11704
11746
11786
11858
11916
11942
11966
11978
11994
12134
12136
12144
12164
12180
12276
12288
12318
12346
12348
12366
12366
12384
12390
12392
12408
12408
12426
12514
12538
12540
12566
12584
12586
12590
12590
12592
12610
12620
12634
12636
12674
12740
12744
12768
12776
12798
12846
12848
12850
12856
12866
12920
12920
12938
12998
13006
13012
13018
13020
13042
13052
13150
13178
13208
13208
13210
13222
13296
13326
13328
13338
13344
13368
13434
13460
13464
13494
13554
13562
13566
13616
13620
13632
13640
13640
13642
13708
13722
13782
13784
13792
13836
13848
13852
13860
13898
13904
13908
13930
13934
13940
13958
13962
13964
13964
13966
13976
13982
13982
13992
13998
14032
14046
14066
14084
14086
14100
14114
14124
14152
14158
14166
14206
14224
14250
14258
14270
14274
14298
14304
14312
14320
14332
14336
14336
14360
14402
14408
14410
14414
14436
14442
14450
14456
14458
14460
14464
14466
14466
14466
14478
14480
14484
14498
14500
14508
14520
14520
14522
14522
14522
14526
14534
14534
14536
14536
14552
14554
14556
14560
14568
14570
14572
14580
14580
14582
14592
14592
14594
14610
14612
14624
14626
14630
14634
14640
14650
14652
14654
14656
14664
14668
14674
14676
14676
14678
14688
14690
14694
14694
14698
14700
14700
14700
14702
14720
14722
14724
14726
14726
14728
14738
14742
14742
14752
14756
14758
14758
14764
14766
14770
14776
14776
14782
14782
14784
14790
14794
14800
14808
14808
14814
14816
14818
14820
14822
14832
14836
14842
14846
14848
14852
14852
14858
14858
14860
14860
14862
14876
14878
14884
14890
14892
14892
14902
14906
14910
14916
14920
14928
14932
14934
14938
14940
14942
14950
14952
14954
14956
14964
14982
14982
14988
15002
15004
15006
15008
15010
15036
15044
15044
15056
15056
15058
15064
15082
15100
15102
15106
15116
15116
15118
15120
15120
15126
15128
15134
15136
15140
15142
15146
15146
15146
15162
15162
15168
15174
15174
15178
15182
15182
15190
15192
15194
15196
15202
15204
15206
15222
15228
15234
15234
15234
15242
15244
15246
15248
15248
15252
15254
15260
15260
15266
15268
15268
15270
15276
15278
15280
15282
15282
15284
15286
15292
15300
15328
15356
15358
15368
15376
15376
15378
15396
15410
15422
15426
15428
15432
15434
15444
15460
15466
15484
15488
15488
15508
15514
15522
15530
15552
15560
15562
15578
15614
15642
15664
15672
15674
15678
15696
15698
15730
15750
15786
15804
15844
15848
15856
15880
15886
15916
15926
15928
15932
16168
16186
16570
16842
16970
17590
18480
19356
19506
19566
19616
20768
21626
21932
22142
22872
23054
23206
23212
23298
23486
23518
23628
23866
23896
23906
24080
24136
24220
24350
24406
24428
24498
24548
24854
24886
25066
25126
25340
25854
26364
29352
33162
33926
34344
34558
34646
34720
34958
369910
