Latencies
5198
5228
5230
5234
5234
5236
5242
5248
5248
5250
5250
5250
5258
5264
5268
5274
5276
5280
5284
5288
5292
5296
5298
5310
5310
5312
5314
5316
5318
5318
5320
5322
5324
5332
5338
5346
5354
5356
5360
5364
5366
5366
5368
5370
5380
5382
5382
5390
5390
5392
5394
5396
5400
5402
5410
5418
5430
5430
5434
5444
5446
5456
5458
5478
5482
5486
5512
5524
5548
5556
5596
5598
5598
5642
5648
5664
5678
5684
5692
5706
5712
5724
5728
5750
5756
5766
5788
5794
5796
5820
5840
5860
5870
5894
5920
5924
5932
5936
5958
5964
5980
6034
6034
6044
6058
6078
6138
6158
6184
6216
6306
6350
6362
6430
6452
6482
6494
6668
6822
6962
6978
7302
7396
7432
7610
7630
7636
7642
7698
7720
7788
7828
8128
8492
8672
8792
8886
8900
8918
9124
9184
9286
9402
9796
9812
10036
10392
10458
10564
10662
10742
10984
11266
11418
11720
11732
11826
11976
12098
12240
12494
12650
12652
12688
13144
13156
13172
13204
13266
13398
13420
13644
13872
14036
14092
14150
14198
14210
14232
14366
14380
14430
14434
14438
14446
14448
14510
14510
14514
14572
14586
14590
14616
14648
14652
14660
14666
14668
14670
14672
14676
14680
14690
14718
14720
14734
14734
14736
14738
14746
14754
14772
14774
14778
14790
14790
14828
14840
14840
14848
14854
14858
14868
14872
14884
14894
14904
14908
14916
14918
14924
14936
14942
14942
14950
14954
14968
14972
14974
14974
14974
14978
14984
14994
15002
15014
15016
15022
15028
15034
15036
15050
15058
15062
15062
15072
15098
15102
15106
15128
15132
15134
15144
15146
15148
15158
15158
15162
15170
15174
15174
15176
15176
15180
15184
15192
15198
15202
15216
15218
15222
15222
15228
15232
15238
15246
15256
15256
15256
15262
15264
15278
15278
15278
15282
15286
15292
15294
15296
15298
15298
15300
15310
15314
15316
15318
15322
15328
15342
15344
15344
15370
15372
15374
15376
15380
15384
15386
15388
15392
15400
15408
15410
15414
15418
15440
15442
15470
15484
15512
15514
15532
15542
15546
15548
15550
15576
15588
15594
15602
15620
15632
15636
15656
15666
15696
15720
15800
15816
15820
15876
15882
15892
15954
15962
15962
15980
16014
16038
16072
16178
16204
16246
16380
16630
16940
17064
17154
17256
17328
17404
17526
18198
18362
18450
18518
18698
18764
19208
19344
19572
19616
19852
19912
19926
20396
20624
20770
20842
20906
21198
21264
21390
21416
21450
21454
21600
21800
21818
21910
21966
22464
22508
22684
22766
22998
23090
23278
23354
23406
23696
23918
23920
23968
24086
24128
24164
24200
24204
24218
24218
24260
24264
24306
24310
24370
24374
24378
24384
24418
24424
24438
24452
24454
24462
24468
24490
24496
24516
24528
24532
24540
24540
24542
24544
24558
24580
24584
24612
24616
24626
24636
24646
24662
24666
24678
24688
24692
24692
24708
24710
24712
24714
24718
24722
24722
24732
24734
24738
24738
24744
24752
24758
24758
24778
24786
24804
24812
24818
24856
24858
24860
24884
24886
24890
24890
24902
24904
24906
24910
24916
24922
24928
24930
24930
24934
24934
24950
24952
24958
24964
24970
24972
24980
24982
25000
25016
25038
25044
25054
25054
25068
25068
25078
25080
25080
25094
25106
25106
25112
25114
25118
25138
25158
25170
25176
25178
25180
25180
25188
25190
25218
25230
25242
25246
25268
25288
25290
25338
25342
25344
25344
25348
25372
25380
25394
25400
25408
25440
25448
25492
25492
25518
25524
25536
25560
25588
25630
25632
25636
25734
26146
26194
26210
26238
26418
26486
26518
26624
26786
27150
27600
28478
28656
29040
29316
29384
29398
29574
29634
29642
30110
30120
30440
30892
31230
31374
31414
31480
31484
32134
32274
32460
32616
32766
32792
32962
33008
33060
33266
33400
33610
33704
33734
33824
33880
33970
33970
34004
34004
34030
34088
34118
34144
34146
34158
34174
34208
34210
34212
34232
34238
34238
34246
34262
34328
34332
34336
34338
34364
34372
34380
34384
34398
34400
34408
34468
34480
34528
34528
34536
34548
34572
34574
34574
34596
34604
34604
34610
34610
34614
34622
34626
34632
34676
34678
34682
34686
34700
34700
34704
34704
34708
34708
34712
34714
34726
34732
34752
34760
34766
34768
34768
34800
34822
34836
34838
34862
34868
34896
34898
34900
34902
34968
34976
34982
35004
35052
35090
35108
35126
35154
35168
35186
35228
35252
35260
35284
35292
35296
35344
35348
35364
35366
35404
35426
35546
35568
35930
35954
35978
36016
36172
36290
36306
36384
36442
36656
36952
36992
37208
37438
37656
38216
39306
39572
40130
40886
40892
40990
41888
42360
42946
43342
43366
43632
43686
43850
43896
44268
44298
44380
44422
44492
44566
44588
44604
44778
44780
44786
45016
45322
45544
45654
46474
47272
47408
48078
48112
48202
48250
48968
49388
49648
49894
50568
51466
51544
52966
52998
53036
53172
53342
53418
53452
53500
53536
53620
53656
53688
53722
53738
53824
53840
53850
53862
53900
53902
53916
53936
53964
53984
53984
53992
53992
54002
54016
54050
54080
54084
54086
54124
54138
54148
54154
54158
54182
54204
54216
54250
54260
54268
54298
54308
54324
54338
54370
54374
54382
54388
54418
54436
54442
54454
54458
54482
54490
54570
54582
54590
54634
54680
54698
54786
54832
54842
54852
54960
55012
55016
55090
55214
55334
55398
55486
55576
55590
55664
55664
55874
56052
56096
57070
58128
58482
58740
61932
62224
63702
64074
64302
64812
68142
70516
71204
71320
72512
72568
72646
72646
72652
72888
73008
73124
73230
73268
73288
73382
73392
73400
73426
73518
73524
73542
73550
73554
73636
73638
73640
73644
73662
73700
73738
73748
73750
73778
73778
73892
73902
73902
73916
73984
74038
74074
74084
74132
74200
74220
74240
74276
74304
74306
74378
74394
74486
74706
74796
74888
74940
75016
75586
75746
76180
82462
86172
97500
126896
136088
136238
136920
158974
169432
177122
193980
205308
213602
260734
271426
316676
324226
343964
581716
696162
850490
2588758
3023834
4170924
5053790
13847346
82110024
