Latencies
5270
5286
5294
5302
5332
5344
5348
5350
5354
5358
5362
5372
5374
5374
5386
5388
5390
5392
5394
5394
5398
5402
5412
5412
5414
5420
5424
5428
5434
5434
5444
5446
5454
5456
5462
5464
5464
5466
5466
5466
5468
5470
5472
5472
5472
5478
5480
5482
5486
5486
5488
5488
5494
5496
5498
5504
5506
5512
5514
5516
5522
5524
5526
5530
5532
5534
5536
5536
5538
5542
5558
5562
5564
5568
5570
5572
5574
5584
5584
5590
5590
5592
5596
5596
5612
5616
5616
5622
5624
5628
5632
5652
5658
5660
5662
5668
5668
5668
5678
5680
5682
5682
5686
5686
5706
5706
5708
5714
5716
5718
5722
5736
5738
5746
5746
5754
5754
5758
5758
5760
5760
5760
5764
5768
5776
5778
5780
5782
5788
5798
5812
5830
5834
5838
5854
5856
5858
5860
5864
5868
5868
5870
5886
5888
5898
5906
5912
5916
5920
5928
5934
5942
5944
5944
5946
5948
5950
5952
5952
5958
5968
5970
5972
5974
5976
5982
5982
5988
5990
5998
6002
6006
6006
6010
6010
6012
6022
6028
6030
6034
6036
6040
6044
6046
6058
6062
6064
6078
6084
6086
6100
6104
6112
6140
6144
6156
6162
6174
6178
6186
6198
6198
6204
6204
6206
6216
6220
6222
6222
6234
6234
6234
6236
6236
6242
6246
6246
6250
6260
6272
6284
6290
6290
6292
6296
6308
6320
6328
6356
6366
6404
6410
6412
6430
6432
6434
6444
6444
6452
6476
6480
6486
6488
6490
6494
6496
6506
6522
6532
6540
6548
6558
6560
6600
6620
6622
6628
6644
6658
6670
6674
6698
6732
6750
6752
6834
6836
6836
6846
6846
6868
6874
6896
6908
6918
6922
6930
6958
6984
6990
6992
7004
7008
7012
7024
7040
7048
7124
7128
7150
7180
7202
7220
7260
7262
7262
7270
7292
7320
7336
7370
7442
7446
7450
7462
7478
7492
7536
7540
7544
7552
7558
7562
7562
7572
7588
7590
7594
7604
7624
7674
7698
7736
7776
7778
7886
7928
7958
7968
7968
7970
8022
8024
8034
8040
8042
8064
8064
8092
8102
8118
8122
8122
8144
8158
8190
8232
8232
8250
8278
8292
8318
8322
8326
8356
8418
8484
8486
8492
8500
8518
8534
8546
8548
8566
8588
8594
8594
8606
8628
8652
8678
8704
8712
8762
8770
8800
8834
8854
8856
8856
8866
8866
8894
8902
8914
8936
8940
8942
8954
8966
8974
8990
9008
9032
9044
9050
9056
9082
9096
9244
9286
9294
9336
9350
9354
9358
9370
9372
9382
9388
9434
9446
9462
9506
9516
9546
9602
9632
9706
9732
9738
9742
9748
9782
9824
9840
9850
9862
9884
9914
9932
9936
9970
9998
10002
10014
10032
10068
10118
10140
10172
10200
10200
10206
10216
10250
10292
10302
10328
10374
10382
10392
10392
10396
10396
10418
10490
10502
10552
10558
10592
10620
10632
10636
10664
10680
10686
10688
10696
10700
10756
10800
10810
10812
10814
10830
10834
10854
10928
10952
10956
11006
11068
11076
11078
11110
11114
11214
11306
11326
11342
11346
11364
11366
11392
11400
11410
11418
11446
11454
11458
11462
11480
11496
11540
11544
11566
11598
11638
11640
11678
11750
11762
11772
11800
11846
11862
11890
11906
11906
11910
11934
12020
12028
12038
12062
12076
12080
12080
12108
12130
12132
12138
12140
12142
12150
12182
12214
12234
12258
12302
12314
12330
12332
12476
12476
12494
12510
12512
12558
12572
12584
12598
12602
12634
12654
12680
12686
12696
12760
12802
12866
12908
12942
12976
12994
12998
13006
13006
13008
13008
13018
13058
13076
13106
13186
13192
13214
13216
13248
13256
13278
13314
13322
13344
13350
13350
13430
13496
13518
13530
13624
13634
13654
13674
13702
13740
13754
13788
13798
13800
13876
13900
13910
13914
13914
13930
13934
13946
13974
13988
13996
14018
14020
14026
14040
14048
14114
14122
14140
14140
14152
14178
14206
14246
14274
14282
14294
14308
14310
14316
14322
14382
14384
14394
14414
14414
14420
14430
14434
14472
14478
14502
14548
14548
14568
14568
14570
14572
14576
14578
14600
14600
14610
14642
14656
14690
14692
14694
14714
14716
14716
14720
14746
14746
14746
14754
14756
14758
14772
14776
14786
14786
14806
14808
14822
14866
14868
14870
14888
14888
14890
14892
14894
14896
14896
14914
14928
14932
14942
14942
14950
14956
14958
14962
14966
14966
14968
14972
14974
14976
14984
14990
15006
15018
15030
15034
15042
15046
15048
15052
15056
15060
15062
15076
15088
15090
15098
15100
15100
15114
15126
15150
15150
15160
15162
15164
15166
15170
15174
15176
15176
15204
15204
15208
15216
15224
15232
15232
15234
15236
15246
15250
15252
15258
15264
15296
15296
15302
15302
15308
15308
15310
15312
15318
15322
15328
15332
15344
15354
15356
15362
15372
15374
15386
15392
15392
15406
15410
15418
15418
15420
15426
15428
15430
15432
15446
15452
15454
15456
15458
15462
15466
15468
15472
15474
15480
15482
15490
15500
15502
15508
15516
15532
15544
15552
15554
15564
15580
15584
15584
15594
15596
15618
15628
15648
15654
15662
15668
15680
15708
15732
15736
15742
15742
15778
15804
15806
15810
15814
15820
15822
15828
15828
15838
15842
15842
15860
15902
15916
15926
15938
15942
15960
16024
16042
16056
16082
16096
16096
16100
16130
16140
16176
16182
16208
16234
16250
16276
16278
16282
16286
16328
16400
16488
16506
16530
16546
16546
16580
16620
16668
16700
16710
16710
16806
16820
16934
16988
16988
17036
17224
17378
17440
17728
18128
18608
18722
18892
19512
19930
19996
20218
20482
20620
20778
21006
21434
21664
22146
22206
22214
22588
23084
23224
23360
23362
23380
23382
23570
23592
23658
23772
23804
23958
24204
24314
24364
24440
24456
24474
24566
24666
24800
24854
24868
24930
24942
25124
25264
25338
25394
25528
25620
25632
25696
26118
26182
26264
31598
31708
33910
34576
34776
35120
40266
571916
