Latencies
18356
6580
5428
6174
5478
5206
5336
6252
5704
6428
5900
5712
5210
12564
6450
5800
5666
5766
5540
5254
5322
5388
5388
5298
5546
5448
5436
6068
5536
5226
5618
5472
6674
5336
5148
15794
5238
6076
5504
5722
5560
5640
5748
6434
26164
5390
5396
11936
5514
6626
6468
5290
5888
5330
5480
5058
5358
5546
6278
6662
5634
6656
8552
7036
5560
5498
5802
5228
5756
5786
5628
5340
5660
5710
5404
38304
5596
5522
5514
9436
6914
10110
5268
5608
5242
15918
5270
5556
5924
5368
5436
9574
5400
5510
5360
5676
5250
5092
5430
6360
5334
6086
5218
6558
5210
5408
5426
6804
5296
6244
6286
5250
6576
5204
5430
5380
5342
5572
5258
5402
5456
5564
5390
5318
5236
5718
5288
5410
5214
5318
5316
5278
5510
6518
5322
5304
5152
5448
5166
5472
5196
5396
10346
5556
5572
5276
6296
5208
6224
5304
5868
5380
5326
31476
5092
5746
5276
5200
5532
5430
5254
5112
5158
5354
5472
5806
6960
5100
6178
5472
18076
20632
5208
5534
5736
5518
5236
5466
6422
5376
5858
5266
5548
5514
5208
5396
5300
5646
5568
5934
5772
5236
5186
6320
5430
5290
15608
5312
30286
5770
5420
5400
16222
5636
5278
5178
5730
6892
5286
5116
5320
5212
5306
5192
5162
5472
5380
5392
5258
5576
5208
34526
5244
5152
5976
5222
5276
6578
5376
5810
5254
6050
5684
5452
6492
5330
23038
5992
5584
5394
5590
5258
5304
6450
5372
5350
5484
5788
5704
5512
5836
5092
5212
5260
5736
6186
17210
19494
5208
5290
5296
5982
6220
5292
5578
5182
5436
5482
5234
5252
11642
5440
5422
5752
5284
5524
5460
5438
6564
5194
6624
6940
5262
6690
5280
5616
5462
5206
5820
6674
5396
5480
5846
13418
5920
5680
5262
25414
5302
6268
5156
6710
5126
5102
5606
6382
5398
6324
5282
6630
5300
5756
5418
5250
5204
5368
5278
5594
5310
5936
5246
5214
5842
5230
5350
5514
5192
5080
5204
5078
5106
5244
5226
5820
5244
5320
5206
5182
5382
5196
5386
5544
5196
5420
5750
12054
5494
5658
5492
5294
6562
5414
5736
5768
7362
5350
5704
6244
5200
5300
6128
5944
15292
5114
5182
5220
5300
5564
43440
5590
5578
5460
5332
5580
5718
5842
6000
6048
5686
28012
5318
5360
5370
5212
5592
5268
5386
5382
5250
5018
5556
5348
5054
5794
5360
5414
5538
5686
5122
5434
5282
5416
5210
5262
5642
5188
6048
5270
6294
5242
5260
5210
5682
5266
5672
5362
5556
5318
5134
5272
5190
27780
5172
27212
6072
5946
5372
5436
5338
5752
5494
5592
5714
5190
5388
5194
5124
5156
5460
5384
5388
5380
5420
5358
5350
5370
5222
5534
5494
6082
6352
5592
5446
5400
6318
5548
5206
5278
5348
5900
5430
6660
5564
5236
5264
7744
6182
5264
6502
5216
5334
5090
5158
5086
5284
5082
5142
5384
5130
5662
5436
6878
5228
5194
11520
5344
5904
13022
27576
5326
5322
5298
5734
5212
5290
5356
6260
5364
5986
6070
5216
5452
5042
10520
11592
5602
5258
5906
5154
5600
20052
5042
7138
5536
5244
5150
5214
5354
5308
5568
5360
5140
6542
5478
5240
6796
6052
5274
22878
5034
5236
5190
5666
5608
5294
5394
5200
6046
6250
5296
5248
5412
5862
5222
5160
5350
5364
5236
6020
5986
5074
5720
5426
5084
6078
29176
5190
5048
6014
5208
5090
5160
7640
5216
18270
5110
5178
5130
27688
26740
5946
5160
5338
6556
5234
6834
5248
5576
16010
5260
5846
5942
5540
5376
5330
5218
5520
5046
5998
5394
5228
5124
5334
5116
6506
5946
5312
6086
6016
5518
5010
5602
6112
6222
5784
5112
5220
5118
5272
5500
6152
6514
5120
5498
5640
5256
14466
5132
5104
6390
5270
5242
6082
5206
5424
5350
5534
5076
5402
5692
5308
5252
5664
5498
5556
27534
5222
6352
5402
5504
5152
5318
5430
5330
5154
5844
6422
5274
5756
5232
15374
5376
5918
5350
5122
5330
7032
5246
5214
6434
5144
5582
6364
5144
5772
5132
5192
6964
5688
17092
5594
6024
5322
5128
5218
5152
5312
40280
5102
5374
5812
5708
5064
5564
5452
5256
5292
20542
5248
5042
5148
5218
6106
5336
5516
27880
5516
5222
6064
5322
5198
5216
5146
6120
5884
5124
5872
5246
5572
432626
5884
7304
5908
5434
5934
5628
5136
5692
5196
15202
5138
5956
5742
5240
5522
5316
5708
11006
5600
8488
5022
5650
5352
10934
5570
11670
5232
5728
5180
5186
5270
5598
5886
6086
6066
5764
5206
5050
5068
5384
36630
5320
5456
5346
5422
5244
5342
6182
5084
5262
5218
6288
5660
5400
5892
5168
5864
6204
5360
5248
5368
5178
5776
5540
5212
10520
5092
22054
5382
5474
5558
5572
5648
6578
5152
5680
5280
5478
5922
5922
5370
5360
5232
5432
5118
11000
5678
5384
5550
5084
5158
5270
5768
5180
5298
5452
5096
23140
5402
5542
5588
5796
5536
5350
5400
5432
21812
5140
5334
5074
5138
5252
5542
23480
6026
5572
6524
6004
5270
5198
5498
5342
5412
5864
17350
5216
36340
5232
5190
9184
5072
5160
5284
5190
5238
5892
5834
5128
5420
25072
5224
5142
5796
5386
14188
5348
5148
5766
5434
6062
5068
5224
24698
5018
5130
5892
15720
5260
27308
5218
14488
5340
5024
5432
5260
6190
5172
5076
5138
5572
5226
5012
23758
5430
5284
6024
24466
5638
5912
5422
5564
5184
5580
5150
6068
5322
5548
5442
5122
5372
5432
5786
5776
5226
7138
5244
5134
5134
5312
5052
5692
5306
5750
5768
5788
5110
5104
5754
10948
14870
5818
5210
5480
5176
5758
5158
5100
5360
5564
5444
6124
5542
5826
5254
5138
5946
5100
5276
