Latencies
7466
8198
5374
6524
5690
5334
6188
11880
6838
5376
5468
5404
5448
5432
5486
33618
5820
13846
5322
5738
6296
15620
5750
5442
6942
5712
5518
5308
5950
6148
5514
5514
5484
5406
5436
6992
5498
5536
20778
5916
10036
5990
5566
52764
5780
5434
5464
5594
5964
10484
5376
6854
5472
30178
5736
5636
15050
6094
6722
5478
7556
6592
6654
9904
7450
5428
5434
7766
5670
5642
5556
6064
5616
5558
6954
5482
5400
5504
6396
33296
5250
5914
5678
6128
5290
6140
5424
5462
5812
5242
5750
5352
5320
5830
5858
5362
12406
5614
5670
6478
5752
5392
5864
6090
5316
6006
5850
5460
7308
24988
5800
5322
6914
5526
5716
5504
5782
5556
5378
5626
5444
5656
5688
6286
5490
5528
8760
5440
5510
5462
5420
5366
5658
5928
6212
5456
5614
5794
5470
5744
6160
5762
7380
5478
5774
5228
5628
357362
6768
5764
5612
5274
6212
5578
21300
6334
5736
5388
5406
5760
34778
5640
6090
5526
5422
7232
6060
29166
5452
10223802
6544
5424
5896
5648
5298
5892
5392
5414
5394
5466
16384
5358
10488
5734
6916
5376
6216
5384
7044
6448
5738
6156
5700
5524
5388
6652
5410
5486
5450
5714
22626
6472
5610
5440
6054
5698
5674
5922
5532
6900
5176
5728
7980
5312
5382
5762
5472
5582
5458
5390
5318
5242
5780
5334
5858
7040
5706
5312
5410
6162
5444
5784
6208
5336
5742
5406
5450
6546
5970
6252
5944
7214
5724
6336
5222
5332
5188
14342
5614
5814
5666
5364
24800
5392
23222
5582
6096
5646
16442
5636
5602
5570
5662
5936
5928
5500
40820
5600
5606
6314
5414
5858
5412
5856
5674
5682
6254
5854
5372
5330
5804
5384
5650
6660
20774
5398
6808
6074
5926
5566
5770
5586
20462
5528
6494
5842
5690
5376
5304
5378
5832
5382
5306
5982
5362
5540
7230
5980
5380
6300
5918
5470
5488
5460
5472
5374
5334
5364
6834
5548
6082
5264
5654
39632
5666
5540
11526
5384
5540
5402
5322
5328
6210
5422
5516
5850
5596
21474
6206
5288
6972
6100
5668
5870
5480
5352
5648
7654
5454
30068
6044
5442
5934
6058
5914
5406
5454
5454
5364
5994
5344
6502
5382
5920
5952
19672
5984
5754
5414
5188
5290
5418
5360
5676
6314
6020
5624
5824
5520
5398
5454
5370
5566
5962
5456
6838
5800
5428
5402
5684
5844
6090
5626
6020
5836
5520
5314
5386
5522
16682
5732
5760
5380
6070
5374
5364
11978
5498
24086
23158
5736
6340
6046
5418
5748
5700
6440
5484
5336
5948
5546
5834
6280
5354
6058
5464
5394
5422
9002
5392
5564
6212
5396
5762
5392
5476
6162
5680
11116
5576
5432
5216
25300
5264
5244
27464
10070
5344
6528
5450
6010
6894
32878
6212
5492
5378
5784
5944
5796
5318
5388
5538
6044
5294
16230
5502
11394
6848
7538
5440
6204
5562
5396
5410
5544
5498
6260
6402
5382
5544
6072
6192
5920
6184
5360
5388
41258
5424
5480
5394
5450
5364
5376
5358
5230
5412
7436
6852
5468
6936
