Latencies
5164
5178
5200
5208
5214
5228
5234
5248
5258
5272
5282
5286
5294
5298
5300
5302
5304
5306
5310
5310
5314
5316
5316
5316
5316
5318
5318
5320
5320
5326
5326
5326
5330
5330
5332
5334
5338
5338
5338
5340
5340
5342
5342
5344
5344
5348
5350
5350
5350
5352
5352
5356
5356
5358
5358
5360
5360
5362
5362
5364
5366
5366
5368
5368
5368
5368
5368
5370
5372
5372
5374
5374
5376
5376
5378
5380
5380
5380
5382
5382
5382
5382
5384
5384
5384
5384
5384
5384
5384
5386
5386
5386
5388
5390
5392
5392
5394
5394
5394
5396
5396
5398
5400
5400
5400
5400
5400
5400
5400
5402
5402
5408
5410
5410
5410
5410
5410
5412
5412
5412
5416
5416
5416
5416
5418
5418
5418
5418
5420
5420
5422
5422
5422
5422
5422
5422
5422
5422
5426
5428
5428
5432
5432
5434
5434
5434
5436
5436
5436
5438
5438
5438
5438
5440
5440
5442
5442
5442
5442
5442
5444
5444
5444
5444
5444
5446
5446
5446
5448
5448
5448
5448
5450
5450
5452
5452
5454
5454
5454
5454
5454
5456
5456
5456
5458
5458
5460
5460
5460
5462
5462
5462
5462
5464
5464
5464
5466
5466
5468
5470
5470
5470
5472
5474
5474
5474
5474
5474
5476
5476
5476
5478
5478
5478
5480
5480
5480
5482
5482
5482
5484
5484
5484
5486
5486
5486
5488
5488
5490
5492
5494
5496
5496
5496
5496
5496
5498
5498
5498
5498
5500
5500
5500
5500
5500
5502
5504
5504
5504
5506
5506
5506
5506
5508
5508
5508
5510
5510
5512
5514
5516
5516
5516
5518
5518
5520
5520
5520
5520
5524
5524
5524
5524
5526
5526
5526
5528
5528
5528
5528
5528
5528
5530
5530
5530
5532
5532
5532
5532
5532
5534
5534
5536
5536
5538
5538
5538
5538
5540
5540
5542
5542
5542
5542
5542
5544
5544
5544
5544
5544
5544
5546
5548
5548
5548
5548
5548
5548
5548
5550
5550
5550
5550
5552
5552
5552
5554
5554
5556
5556
5556
5558
5558
5558
5558
5560
5560
5560
5562
5562
5564
5564
5564
5564
5568
5568
5568
5568
5570
5572
5576
5576
5576
5578
5578
5578
5578
5578
5580
5580
5580
5582
5582
5582
5582
5584
5584
5584
5584
5586
5586
5586
5586
5586
5588
5590
5590
5590
5592
5592
5592
5594
5594
5596
5596
5596
5596
5596
5598
5598
5598
5600
5600
5600
5602
5602
5602
5602
5602
5604
5604
5604
5606
5606
5606
5606
5606
5606
5608
5608
5610
5610
5610
5610
5610
5614
5614
5616
5616
5620
5620
5620
5622
5622
5624
5624
5628
5632
5632
5634
5634
5634
5636
5636
5636
5638
5638
5638
5638
5642
5642
5642
5644
5644
5644
5644
5646
5646
5648
5648
5648
5648
5648
5650
5650
5652
5652
5654
5654
5654
5654
5654
5654
5656
5656
5658
5658
5660
5662
5664
5664
5666
5666
5668
5668
5674
5674
5676
5678
5680
5680
5682
5682
5682
5684
5684
5684
5688
5688
5690
5692
5694
5694
5700
5700
5702
5704
5704
5708
5710
5712
5712
5712
5712
5714
5714
5714
5716
5722
5726
5726
5728
5730
5730
5732
5732
5732
5734
5734
5734
5736
5738
5738
5740
5742
5742
5742
5746
5746
5746
5746
5746
5746
5748
5750
5752
5752
5752
5754
5754
5756
5758
5758
5762
5762
5768
5768
5768
5768
5772
5772
5772
5774
5774
5778
5780
5780
5780
5780
5782
5782
5786
5788
5788
5788
5790
5792
5792
5792
5792
5794
5800
5800
5800
5802
5802
5804
5806
5806
5806
5808
5808
5812
5814
5814
5816
5818
5818
5818
5818
5818
5820
5820
5820
5822
5826
5828
5828
5828
5830
5832
5834
5836
5836
5840
5840
5840
5846
5846
5848
5852
5852
5858
5860
5862
5866
5868
5868
5872
5872
5876
5878
5882
5882
5884
5888
5888
5888
5892
5892
5892
5894
5896
5898
5900
5900
5900
5900
5902
5902
5902
5904
5904
5906
5908
5908
5910
5914
5914
5916
5916
5916
5916
5920
5922
5922
5926
5928
5932
5936
5936
5938
5938
5942
5942
5944
5946
5948
5948
5948
5950
5952
5952
5954
5954
5956
5956
5958
5958
5970
5970
5970
5972
5976
5978
5978
5982
5984
5984
5986
5986
5988
5990
5990
5994
5996
5996
5996
6000
6004
6006
6010
6010
6014
6014
6014
6018
6018
6020
6022
6022
6024
6024
6024
6026
6028
6030
6032
6032
6032
6032
6034
6036
6036
6040
6040
6046
6046
6048
6052
6054
6054
6058
6060
6060
6062
6062
6064
6068
6068
6068
6070
6070
6074
6078
6080
6080
6082
6082
6084
6086
6088
6090
6090
6094
6098
6102
6104
6104
6104
6106
6108
6110
6112
6112
6112
6114
6114
6116
6118
6120
6120
6120
6122
6126
6126
6126
6128
6128
6130
6130
6132
6132
6138
6144
6146
6150
6156
6158
6170
6172
6174
6178
6180
6184
6190
6190
6192
6196
6198
6200
6208
6212
6216
6218
6218
6222
6224
6232
6232
6236
6242
6242
6244
6244
6250
6254
6256
6256
6260
6264
6268
6268
6268
6272
6280
6282
6286
6286
6288
6290
6292
6292
6294
6296
6298
6308
6310
6316
6318
6320
6322
6324
6324
6332
6334
6336
6340
6350
6356
6364
6366
6368
6388
6414
6426
6426
6426
6438
6442
6442
6454
6470
6476
6484
6488
6490
6490
6506
6512
6512
6518
6532
6534
6542
6546
6556
6562
6564
6568
6584
6616
6668
6718
6726
6726
6752
6784
6834
6848
6856
6976
6982
7026
7076
7112
7188
7202
7280
7288
7320
7330
7540
7622
7648
7772
7818
7952
7966
7976
8046
8704
8762
8842
8862
8934
8978
9022
9310
9550
9788
10138
10252
10252
10842
10866
11188
11728
11756
11944
12128
12608
12670
13230
13528
13676
14028
14202
14572
14784
15046
15212
15314
15414
15632
16310
16370
16424
17002
17018
17272
17534
17568
17728
17808
18004
19656
19774
19900
20680
21482
22100
22704
22808
22850
23296
23320
23328
23490
23934
24112
24216
24582
24866
24974
25838
25990
26656
27020
27032
27576
28626
29162
29256
29302
30884
32674
33944
34122
34450
34814
35106
35700
36870
39246
40394
40640
41096
42264
67196
