Latencies
5072
5094
5098
5098
5116
5118
5118
5124
5126
5128
5144
5146
5148
5148
5148
5150
5150
5154
5154
5160
5162
5164
5168
5168
5170
5174
5176
5178
5180
5180
5184
5184
5186
5188
5188
5188
5188
5192
5194
5196
5196
5196
5198
5198
5200
5204
5204
5206
5206
5206
5210
5210
5212
5214
5216
5218
5218
5220
5220
5222
5222
5222
5224
5224
5226
5226
5230
5232
5232
5236
5236
5236
5236
5236
5236
5238
5240
5240
5242
5242
5242
5244
5244
5246
5246
5248
5250
5250
5250
5250
5252
5252
5254
5256
5256
5256
5256
5256
5258
5258
5258
5260
5260
5262
5262
5262
5262
5262
5262
5262
5262
5262
5264
5266
5266
5266
5266
5266
5268
5270
5270
5272
5272
5272
5272
5274
5274
5274
5274
5274
5276
5276
5276
5278
5278
5280
5280
5282
5284
5284
5284
5284
5284
5284
5284
5286
5286
5288
5288
5290
5290
5290
5290
5292
5292
5292
5294
5294
5294
5294
5296
5298
5298
5298
5298
5300
5300
5300
5300
5302
5302
5302
5302
5302
5302
5302
5304
5306
5308
5308
5308
5308
5308
5308
5308
5310
5310
5312
5312
5312
5312
5312
5312
5312
5312
5314
5314
5314
5314
5314
5314
5314
5316
5316
5316
5316
5316
5318
5318
5320
5320
5320
5320
5320
5322
5322
5322
5322
5322
5324
5324
5324
5326
5326
5326
5326
5326
5326
5328
5328
5328
5330
5330
5330
5330
5330
5330
5332
5332
5332
5332
5334
5334
5334
5334
5334
5334
5334
5336
5336
5338
5338
5338
5338
5340
5340
5340
5342
5342
5342
5342
5342
5344
5344
5344
5344
5346
5346
5346
5346
5346
5346
5346
5346
5348
5348
5348
5348
5348
5348
5350
5350
5350
5352
5352
5352
5352
5352
5354
5354
5354
5354
5354
5354
5354
5354
5356
5356
5356
5356
5356
5356
5356
5358
5358
5358
5358
5358
5358
5360
5360
5364
5364
5364
5364
5366
5366
5366
5368
5368
5368
5368
5368
5370
5370
5372
5372
5372
5372
5372
5374
5374
5374
5376
5376
5376
5376
5376
5376
5376
5378
5378
5378
5380
5380
5380
5380
5382
5384
5384
5384
5384
5384
5384
5384
5386
5386
5386
5386
5386
5388
5388
5388
5388
5388
5388
5390
5390
5392
5392
5392
5394
5394
5394
5394
5394
5394
5394
5396
5400
5400
5400
5400
5402
5402
5404
5406
5406
5406
5408
5410
5410
5412
5412
5414
5414
5414
5414
5414
5416
5418
5418
5418
5420
5422
5424
5424
5424
5424
5424
5426
5426
5426
5428
5428
5430
5430
5430
5432
5432
5432
5432
5432
5432
5432
5434
5434
5436
5436
5436
5436
5438
5438
5438
5440
5440
5442
5444
5444
5444
5446
5446
5446
5448
5450
5450
5450
5450
5452
5454
5454
5458
5458
5460
5460
5460
5460
5464
5464
5464
5466
5468
5468
5470
5470
5472
5472
5474
5474
5474
5474
5476
5476
5476
5478
5478
5478
5482
5482
5486
5490
5490
5492
5494
5494
5496
5496
5496
5496
5498
5498
5498
5498
5498
5500
5502
5502
5510
5510
5512
5512
5514
5518
5518
5522
5522
5522
5524
5526
5526
5528
5528
5530
5530
5532
5534
5534
5534
5538
5538
5540
5540
5544
5546
5546
5548
5550
5550
5550
5550
5552
5554
5554
5556
5558
5564
5566
5570
5572
5572
5578
5578
5582
5582
5584
5592
5594
5594
5596
5602
5604
5604
5606
5606
5606
5608
5612
5612
5614
5616
5618
5618
5622
5624
5624
5626
5626
5628
5628
5628
5630
5630
5632
5632
5638
5638
5640
5640
5640
5640
5642
5646
5650
5656
5656
5656
5656
5660
5662
5662
5662
5662
5662
5664
5666
5666
5666
5668
5670
5670
5670
5674
5674
5674
5674
5676
5676
5676
5678
5680
5680
5682
5682
5682
5684
5684
5684
5686
5686
5688
5688
5688
5692
5692
5694
5696
5700
5702
5704
5706
5706
5706
5712
5714
5714
5714
5716
5718
5720
5724
5724
5728
5728
5730
5732
5732
5736
5738
5738
5740
5742
5742
5746
5746
5750
5750
5750
5752
5752
5754
5754
5756
5758
5758
5760
5760
5762
5762
5764
5764
5764
5764
5768
5768
5770
5772
5772
5774
5778
5780
5780
5782
5784
5784
5784
5790
5796
5796
5800
5808
5808
5816
5820
5824
5824
5828
5828
5828
5844
5844
5846
5852
5854
5854
5856
5856
5856
5866
5866
5866
5868
5868
5872
5872
5874
5876
5884
5888
5892
5894
5898
5900
5900
5902
5904
5906
5912
5918
5918
5920
5920
5920
5922
5924
5924
5926
5928
5934
5936
5942
5950
5950
5950
5952
5952
5954
5954
5954
5956
5958
5962
5964
5966
5966
5966
5968
5972
5974
5978
5978
5982
5982
5982
5988
5988
5992
5992
5996
5996
5996
6002
6006
6008
6012
6014
6016
6018
6018
6018
6022
6024
6026
6028
6028
6030
6032
6036
6038
6040
6042
6046
6048
6052
6052
6054
6058
6064
6068
6068
6070
6070
6072
6072
6090
6102
6106
6108
6118
6132
6132
6134
6136
6138
6138
6144
6146
6148
6150
6150
6152
6166
6168
6176
6178
6184
6188
6192
6194
6196
6198
6200
6206
6212
6212
6216
6218
6218
6238
6240
6248
6268
6288
6302
6306
6308
6314
6320
6322
6330
6330
6356
6368
6382
6418
6436
6452
6462
6472
6508
6530
6534
6540
6544
6550
6558
6560
6568
6572
6586
6604
6638
6666
6670
6676
6690
6718
6722
6758
6800
6806
6810
6834
6884
6900
6912
6982
7054
7082
7158
7178
7192
7206
7286
7308
7344
7402
7506
7700
7756
7842
7846
7928
7944
8104
8174
8300
8518
8878
8882
8958
9092
9136
9214
9288
9322
9376
9480
9706
9784
9910
10142
10750
10818
10922
10978
11244
11288
11480
11756
11956
11976
12110
12144
12408
12684
12712
12846
13218
13308
13422
13840
14166
14516
14586
14752
14808
14860
14948
15078
15166
15190
15480
15816
16214
16528
17006
17592
17614
18150
18160
18836
19240
20956
21186
21450
21650
22098
22338
22354
22654
23480
23542
24024
24436
25202
25956
26076
26274
27110
28624
28660
28694
29430
29594
29680
29776
31198
31212
31404
31864
32632
33278
33570
34476
34688
35050
35428
35950
39522
62594
