Latencies
5122
5190
5190
5194
5202
5208
5212
5228
5228
5230
5230
5232
5236
5246
5258
5258
5258
5264
5266
5272
5272
5274
5276
5278
5280
5280
5280
5284
5284
5284
5288
5290
5290
5292
5292
5292
5294
5296
5298
5298
5300
5300
5300
5302
5302
5302
5306
5306
5310
5310
5312
5312
5312
5314
5314
5316
5318
5320
5320
5322
5324
5324
5326
5328
5328
5328
5328
5328
5330
5330
5330
5332
5332
5334
5334
5334
5336
5338
5338
5342
5344
5344
5346
5346
5346
5346
5348
5348
5350
5350
5350
5350
5350
5352
5352
5352
5354
5354
5356
5356
5356
5356
5358
5358
5358
5360
5360
5360
5360
5362
5362
5362
5362
5364
5364
5364
5364
5364
5364
5366
5366
5366
5366
5366
5366
5368
5368
5368
5368
5368
5368
5370
5370
5370
5370
5370
5370
5372
5372
5372
5372
5372
5374
5374
5374
5374
5374
5374
5374
5376
5376
5376
5378
5378
5378
5378
5380
5382
5382
5382
5382
5382
5382
5382
5382
5384
5384
5384
5384
5386
5386
5386
5388
5388
5388
5390
5390
5390
5390
5392
5392
5392
5394
5394
5396
5396
5396
5398
5398
5398
5400
5400
5400
5402
5402
5402
5404
5404
5404
5406
5406
5406
5406
5406
5408
5410
5410
5412
5412
5414
5414
5414
5414
5414
5414
5418
5418
5418
5418
5420
5420
5420
5420
5420
5420
5420
5420
5420
5422
5422
5424
5424
5426
5426
5426
5428
5428
5428
5428
5430
5432
5432
5432
5432
5432
5434
5434
5434
5436
5438
5438
5438
5440
5440
5442
5442
5444
5446
5446
5446
5446
5446
5446
5446
5448
5448
5448
5448
5448
5448
5450
5450
5450
5450
5450
5452
5452
5452
5452
5452
5454
5454
5456
5458
5458
5458
5460
5460
5460
5462
5462
5462
5462
5464
5464
5466
5466
5466
5468
5470
5470
5470
5472
5472
5474
5474
5474
5474
5474
5474
5476
5476
5476
5476
5480
5482
5482
5482
5484
5486
5486
5486
5486
5488
5488
5490
5490
5490
5492
5492
5492
5492
5492
5494
5494
5494
5496
5496
5496
5496
5496
5496
5498
5498
5498
5500
5500
5500
5500
5502
5502
5502
5504
5506
5506
5506
5506
5508
5508
5510
5510
5512
5512
5514
5514
5514
5516
5516
5516
5516
5518
5518
5518
5520
5520
5520
5520
5520
5522
5522
5522
5522
5522
5522
5522
5524
5526
5526
5528
5528
5528
5528
5528
5528
5530
5530
5530
5530
5532
5532
5532
5532
5534
5534
5534
5534
5536
5536
5536
5538
5538
5538
5538
5540
5542
5542
5544
5544
5544
5546
5546
5546
5546
5548
5550
5550
5550
5552
5552
5552
5552
5554
5556
5556
5558
5560
5560
5560
5560
5560
5562
5562
5562
5564
5564
5564
5566
5566
5566
5566
5566
5566
5568
5570
5570
5570
5572
5572
5574
5574
5574
5576
5576
5578
5578
5578
5578
5578
5582
5582
5582
5582
5584
5584
5588
5588
5588
5592
5592
5594
5596
5596
5596
5600
5600
5600
5600
5600
5602
5602
5604
5606
5608
5608
5610
5612
5612
5612
5614
5616
5616
5616
5618
5620
5622
5622
5624
5624
5626
5626
5626
5628
5630
5630
5630
5630
5630
5630
5630
5630
5632
5632
5634
5634
5636
5640
5642
5642
5644
5644
5644
5646
5646
5646
5650
5652
5652
5654
5658
5660
5664
5664
5668
5670
5670
5670
5670
5676
5678
5678
5678
5680
5682
5682
5684
5684
5686
5688
5688
5690
5692
5698
5698
5700
5700
5702
5704
5704
5706
5706
5710
5710
5710
5714
5714
5714
5716
5720
5720
5720
5722
5722
5724
5726
5728
5730
5730
5734
5736
5736
5738
5742
5744
5744
5748
5748
5750
5750
5752
5754
5760
5760
5760
5762
5764
5764
5768
5770
5770
5772
5774
5774
5774
5778
5778
5782
5784
5784
5784
5784
5786
5788
5788
5796
5800
5800
5802
5802
5806
5808
5810
5812
5814
5818
5818
5820
5820
5822
5824
5824
5826
5828
5828
5830
5832
5832
5832
5838
5842
5842
5844
5846
5848
5848
5848
5848
5850
5850
5852
5852
5854
5856
5858
5858
5860
5860
5862
5864
5864
5866
5866
5870
5872
5872
5874
5876
5878
5878
5880
5880
5880
5882
5882
5882
5884
5886
5888
5888
5890
5894
5894
5896
5896
5896
5902
5906
5908
5908
5912
5916
5920
5926
5926
5928
5930
5930
5932
5934
5938
5938
5940
5940
5942
5942
5942
5944
5944
5946
5946
5948
5948
5950
5952
5952
5952
5956
5960
5960
5962
5966
5966
5968
5970
5970
5970
5972
5972
5972
5974
5974
5974
5978
5980
5982
5988
5992
5992
5996
5996
5996
5996
5998
5998
6000
6000
6002
6002
6004
6006
6008
6010
6010
6010
6012
6012
6014
6018
6022
6024
6024
6034
6036
6040
6042
6044
6046
6046
6048
6056
6058
6058
6062
6064
6066
6066
6066
6068
6072
6074
6076
6084
6086
6088
6088
6088
6090
6092
6092
6096
6096
6098
6100
6100
6104
6104
6108
6110
6112
6116
6116
6120
6120
6124
6126
6128
6128
6132
6146
6152
6154
6162
6166
6168
6170
6170
6170
6178
6180
6184
6186
6186
6188
6194
6194
6196
6200
6202
6206
6208
6208
6214
6220
6230
6232
6232
6234
6236
6248
6254
6256
6260
6268
6270
6280
6286
6314
6314
6316
6318
6342
6352
6392
6396
6396
6404
6414
6426
6432
6438
6442
6450
6456
6458
6468
6476
6484
6494
6518
6520
6522
6526
6528
6530
6532
6532
6546
6546
6550
6566
6566
6582
6590
6618
6638
6650
6680
6706
6744
6778
6784
6790
6816
6858
6880
6912
6918
6938
6950
6960
6988
6992
7004
7018
7068
7078
7224
7228
7254
7294
7314
7350
7360
7388
7426
7430
7558
7628
7680
7766
7926
8096
8292
9030
9162
9804
10186
10258
10324
11010
11020
11176
11426
11428
11452
11482
12322
12332
13252
13334
13358
13488
14746
14844
14962
14984
15592
15840
16824
17548
17862
18898
19684
19736
19830
19906
22640
22932
23910
24214
24264
24426
24454
25382
25564
26068
26828
27534
28250
28278
28308
28684
33918
34806
35196
35794
36596
36870
38576
40566
42982
52338
79084
9992690
