Latencies
4964
4980
4986
5010
5012
5014
5014
5022
5026
5026
5026
5032
5032
5034
5034
5036
5038
5038
5040
5040
5040
5042
5042
5042
5048
5048
5048
5050
5050
5050
5050
5052
5058
5060
5060
5060
5060
5060
5060
5062
5062
5062
5062
5062
5064
5064
5066
5066
5066
5068
5068
5070
5072
5072
5078
5082
5082
5082
5084
5084
5084
5086
5086
5086
5088
5088
5088
5088
5088
5090
5092
5092
5092
5094
5094
5096
5096
5096
5098
5098
5100
5100
5100
5102
5102
5104
5106
5106
5106
5106
5106
5106
5106
5108
5108
5108
5110
5110
5110
5110
5112
5112
5112
5112
5114
5116
5116
5116
5118
5120
5120
5122
5122
5122
5124
5124
5126
5126
5128
5130
5130
5130
5132
5132
5132
5134
5136
5138
5138
5138
5138
5140
5142
5142
5144
5146
5146
5146
5148
5152
5152
5154
5158
5160
5162
5164
5166
5166
5166
5168
5170
5172
5172
5172
5172
5174
5174
5176
5176
5176
5176
5176
5178
5178
5178
5178
5178
5178
5178
5180
5180
5180
5180
5182
5182
5184
5186
5186
5186
5186
5188
5188
5188
5188
5190
5190
5190
5190
5190
5192
5194
5196
5196
5196
5196
5198
5198
5198
5198
5198
5200
5200
5200
5200
5200
5200
5202
5202
5204
5204
5204
5204
5204
5204
5206
5206
5206
5208
5208
5208
5210
5210
5210
5212
5212
5212
5212
5212
5212
5214
5214
5214
5216
5216
5218
5218
5218
5220
5220
5220
5220
5220
5222
5222
5222
5224
5224
5224
5224
5224
5226
5228
5230
5230
5232
5232
5232
5232
5232
5232
5234
5234
5236
5236
5238
5238
5238
5238
5240
5240
5240
5240
5240
5242
5242
5242
5242
5242
5242
5244
5244
5244
5246
5246
5246
5248
5248
5248
5248
5248
5248
5250
5250
5252
5252
5252
5252
5252
5254
5254
5254
5254
5256
5256
5256
5256
5258
5260
5260
5260
5260
5260
5260
5262
5262
5262
5264
5264
5264
5264
5266
5266
5266
5266
5266
5266
5266
5268
5268
5268
5268
5268
5268
5270
5270
5272
5272
5272
5272
5272
5272
5274
5274
5274
5274
5274
5276
5276
5276
5276
5278
5278
5278
5278
5280
5280
5280
5282
5282
5282
5282
5284
5284
5284
5284
5284
5284
5286
5286
5288
5288
5288
5288
5292
5292
5292
5292
5292
5292
5292
5292
5292
5294
5294
5296
5296
5296
5296
5296
5296
5296
5296
5298
5298
5298
5300
5300
5300
5302
5302
5302
5304
5306
5306
5306
5306
5308
5308
5310
5310
5310
5312
5312
5312
5312
5314
5316
5318
5320
5322
5322
5322
5324
5324
5324
5324
5324
5326
5326
5326
5326
5328
5328
5330
5330
5330
5330
5330
5332
5332
5332
5334
5336
5336
5336
5338
5338
5338
5338
5338
5338
5340
5340
5342
5342
5342
5342
5344
5344
5344
5346
5346
5348
5348
5348
5348
5348
5348
5348
5348
5350
5350
5352
5352
5352
5356
5356
5356
5356
5358
5360
5360
5360
5364
5366
5366
5368
5368
5370
5372
5372
5374
5376
5376
5376
5378
5378
5378
5378
5380
5380
5382
5384
5384
5386
5386
5386
5386
5386
5386
5388
5388
5392
5392
5392
5392
5394
5396
5398
5398
5398
5398
5398
5398
5398
5402
5402
5404
5404
5406
5412
5412
5412
5412
5414
5414
5414
5416
5418
5418
5418
5418
5420
5422
5424
5424
5426
5428
5430
5430
5432
5432
5434
5436
5438
5438
5438
5440
5442
5442
5442
5444
5444
5444
5448
5448
5450
5452
5456
5458
5460
5462
5462
5464
5464
5468
5470
5472
5474
5476
5478
5480
5480
5480
5484
5486
5488
5488
5490
5492
5492
5492
5494
5500
5500
5506
5508
5508
5510
5510
5514
5516
5518
5518
5520
5520
5520
5524
5526
5530
5532
5532
5534
5534
5538
5544
5548
5548
5548
5550
5550
5550
5554
5556
5558
5558
5560
5560
5562
5564
5564
5566
5566
5570
5570
5572
5572
5574
5580
5580
5582
5582
5582
5584
5586
5590
5590
5594
5594
5596
5596
5596
5596
5596
5596
5600
5602
5606
5608
5608
5608
5610
5612
5612
5614
5614
5614
5614
5614
5616
5616
5616
5620
5620
5622
5622
5622
5624
5624
5628
5628
5630
5634
5636
5638
5638
5642
5648
5652
5658
5660
5662
5664
5668
5672
5674
5676
5676
5678
5678
5682
5682
5684
5686
5688
5688
5690
5692
5694
5694
5694
5696
5698
5704
5704
5714
5720
5724
5728
5730
5730
5732
5734
5736
5738
5742
5742
5752
5754
5758
5758
5762
5762
5766
5768
5768
5768
5774
5774
5782
5782
5786
5786
5788
5792
5802
5804
5806
5808
5808
5808
5810
5822
5822
5828
5830
5830
5832
5844
5844
5846
5846
5856
5856
5858
5858
5860
5874
5876
5876
5888
5892
5892
5894
5896
5898
5900
5904
5908
5912
5914
5918
5920
5920
5922
5926
5932
5936
5938
5938
5942
5942
5944
5944
5946
5948
5954
5956
5958
5960
5966
5968
5976
5976
5980
5980
5984
5992
5998
5998
5998
6004
6006
6006
6012
6024
6024
6024
6036
6036
6038
6042
6044
6046
6046
6050
6052
6052
6060
6060
6062
6068
6072
6074
6074
6076
6078
6080
6082
6088
6094
6100
6106
6106
6130
6136
6136
6144
6146
6164
6172
6176
6210
6218
6220
6224
6268
6268
6274
6278
6302
6310
6316
6324
6332
6362
6382
6394
6412
6412
6416
6432
6442
6446
6476
6478
6492
6552
6564
6572
6682
6734
6780
6788
6812
6824
6828
6892
6910
7044
7130
7176
7256
7334
7398
7414
7432
7486
7622
7684
7778
7800
8022
8050
8458
8612
8618
9022
9256
9774
9842
10220
10450
10476
10528
10730
10772
10774
10794
10964
11154
11168
11184
11418
11424
11594
11616
11792
11844
12094
12256
12492
12806
12906
12926
13070
13156
13290
14012
14152
14204
14226
14262
14364
14412
14608
14684
14826
14944
15640
15828
16438
16518
17338
17436
18254
18446
18484
18978
19494
19970
20154
20316
20440
20598
20814
21280
22026
22374
22756
23672
23718
24202
24222
24476
25436
25596
25658
26278
26652
27592
29584
30380
31660
33202
33872
33878
34154
34792
35278
35740
36044
38194
43990
50920
53068
76258
90064
156478
10104040
