Latencies
5388
5392
5404
5410
5410
5426
5454
5460
5460
5472
5506
5508
5524
5556
5558
5560
5562
5568
5568
5580
5586
5588
5602
5602
5610
5622
5632
5646
5646
5648
5656
5662
5666
5670
5672
5676
5694
5704
5712
5714
5716
5722
5724
5736
5738
5758
5764
5766
5766
5780
5786
5800
5804
5822
5842
5844
5844
5848
5862
5866
5868
5882
5892
5900
5918
5922
5924
5924
5932
5944
5946
5956
5966
6050
6066
6080
6084
6090
6094
6096
6100
6104
6108
6108
6118
6126
6170
6196
6196
6202
6214
6232
6248
6256
6256
6262
6274
6290
6292
6296
6310
6322
6332
6342
6344
6350
6364
6366
6402
6434
6454
6482
6498
6500
6508
6512
6540
6578
6600
6608
6610
6624
6624
6632
6634
6664
6688
6696
6704
6712
6712
6726
6728
6736
6744
6748
6750
6754
6766
6768
6788
6812
6820
6896
6936
6970
7032
7032
7056
7058
7060
7070
7088
7100
7104
7126
7134
7134
7140
7166
7238
7240
7250
7254
7258
7270
7300
7318
7326
7384
7420
7488
7504
7510
7530
7536
7540
7614
7618
7636
7662
7666
7730
7742
7776
7782
7830
7888
7892
7902
7938
7944
7950
7956
7962
7986
8010
8014
8016
8020
8030
8034
8044
8046
8050
8058
8066
8068
8070
8072
8078
8096
8128
8132
8134
8136
8152
8164
8168
8196
8204
8216
8234
8242
8256
8258
8276
8278
8278
8282
8338
8366
8386
8398
8398
8414
8418
8420
8444
8444
8460
8462
8504
8522
8522
8530
8564
8566
8588
8598
8646
8698
8732
8740
8768
8792
8814
8820
8842
8842
8856
8858
8860
8932
8938
8938
8944
8950
8970
8982
8990
8994
9004
9022
9024
9026
9034
9072
9084
9088
9106
9108
9110
9172
9196
9212
9220
9254
9256
9270
9300
9334
9376
9384
9394
9396
9422
9432
9444
9462
9462
9474
9482
9502
9540
9614
9652
9666
9668
9668
9676
9692
9710
9722
9738
9800
9802
9812
9816
9818
9848
9866
9884
9888
9902
9902
9908
9938
10060
10072
10074
10090
10112
10142
10152
10156
10166
10180
10192
10212
10242
10268
10270
10276
10290
10290
10304
10308
10338
10340
10352
10366
10408
10410
10426
10442
10476
10492
10494
10516
10552
10570
10570
10574
10580
10590
10626
10676
10678
10702
10712
10722
10734
10738
10740
10750
10768
10788
10788
10798
10816
10818
10822
10828
10840
10860
10866
10870
10880
10880
10886
10914
10922
10922
10954
11008
11016
11018
11018
11018
11028
11028
11040
11040
11066
11070
11112
11114
11116
11132
11160
11164
11170
11202
11232
11234
11240
11250
11256
11272
11276
11280
11284
11314
11324
11354
11366
11378
11382
11386
11388
11398
11400
11424
11460
11468
11472
11472
11480
11490
11514
11576
11582
11588
11592
11616
11632
11650
11678
11724
11730
11734
11748
11796
11814
11816
11818
11822
11826
11874
11874
11950
11952
11962
11984
11994
11998
12034
12034
12054
12066
12078
12092
12096
12118
12128
12142
12150
12158
12168
12206
12206
12218
12220
12232
12238
12258
12262
12274
12290
12302
12322
12366
12382
12386
12390
12398
12424
12510
12512
12522
12528
12562
12590
12674
12686
12708
12710
12718
12808
12816
12834
12852
12856
12878
12882
12898
12900
12918
12930
12946
12950
12964
12966
13002
13006
13024
13032
13038
13038
13062
13182
13204
13208
13212
13216
13224
13242
13252
13264
13270
13288
13290
13308
13310
13318
13326
13358
13362
13366
13382
13386
13394
13410
13424
13450
13456
13466
13486
13488
13496
13506
13520
13526
13556
13570
13580
13636
13644
13664
13672
13678
13694
13766
13766
13766
13816
13844
13862
13874
13926
13928
13956
13958
13958
13966
13968
13968
13974
13990
13998
14008
14034
14044
14050
14068
14082
14100
14132
14140
14142
14146
14182
14190
14220
14222
14222
14224
14230
14240
14244
14248
14270
14272
14280
14290
14312
14322
14324
14326
14332
14332
14334
14350
14368
14370
14374
14376
14382
14384
14384
14390
14406
14410
14410
14414
14418
14428
14432
14436
14442
14444
14446
14452
14460
14464
14472
14480
14494
14498
14500
14502
14504
14538
14542
14558
14558
14562
14570
14570
14586
14590
14602
14606
14612
14612
14628
14630
14634
14638
14646
14648
14658
14666
14672
14672
14678
14688
14698
14708
14710
14716
14720
14722
14726
14728
14744
14746
14748
14748
14750
14760
14760
14766
14770
14772
14772
14774
14774
14774
14774
14778
14782
14788
14790
14798
14800
14802
14802
14808
14816
14818
14824
14834
14838
14840
14842
14842
14850
14860
14860
14862
14870
14872
14876
14878
14884
14886
14894
14902
14904
14904
14906
14906
14916
14918
14922
14922
14926
14932
14944
14946
14960
14960
14966
14968
14968
14972
14982
14984
14998
15002
15004
15008
15012
15012
15016
15016
15018
15018
15020
15020
15022
15036
15038
15038
15040
15044
15050
15052
15052
15054
15060
15060
15062
15064
15064
15068
15082
15084
15088
15092
15094
15098
15100
15112
15116
15118
15118
15120
15122
15124
15124
15132
15136
15138
15140
15142
15148
15150
15164
15176
15178
15178
15194
15204
15208
15208
15214
15232
15238
15240
15244
15250
15250
15252
15266
15268
15276
15288
15292
15300
15308
15310
15316
15326
15330
15330
15338
15338
15342
15344
15350
15352
15352
15358
15362
15366
15370
15370
15378
15386
15386
15398
15400
15400
15406
15412
15412
15416
15418
15420
15424
15436
15450
15452
15462
15480
15480
15484
15490
15490
15494
15510
15510
15516
15532
15538
15562
15564
15568
15568
15588
15596
15598
15606
15632
15642
15652
15674
15676
15682
15684
15714
15718
15718
15730
15744
15746
15762
15784
15792
15794
15802
15814
15832
15848
15900
15922
15968
15982
15992
16018
16050
16098
16208
16220
16604
16724
16978
17120
17562
18500
18738
19982
20204
20518
20734
20968
20974
21258
22382
22830
23616
23638
23796
23888
24240
24720
24742
24772
24774
24782
24846
25042
25084
25084
25186
25210
25386
25442
25472
25540
25942
26268
30326
33374
33558
33940
35682
36832
97384
121866
152190
173746
190110
216920
360042
421894
