Latencies
5424
5570
5618
5914
6012
6300
7236
7350
8060
8290
8320
8458
8650
8684
8838
8860
9274
9584
9806
9828
9844
10658
10982
11616
11756
11916
11954
12044
12086
12220
12534
12990
13910
14790
14928
14930
14940
15072
15136
15144
15164
15206
15226
15234
15272
15334
15476
15518
15576
15592
15606
15628
15648
15674
15702
15926
16042
16062
16128
16206
16578
16642
16990
17054
17066
17074
17130
17146
17410
17434
17452
17584
17668
17968
17974
18216
18232
18282
18402
18472
18516
18592
18622
18850
18874
18914
18978
19006
19042
19088
19138
19212
19214
19412
19540
19562
19574
19596
19758
19926
19984
20060
20122
20142
20184
20206
20218
20228
20514
20516
20978
21000
21232
21440
21674
21702
21748
21756
21778
21936
21942
21974
21978
22022
22050
22068
22158
22312
22346
22414
22434
22492
22530
22584
22674
22698
22830
22844
22962
23064
23170
23200
23222
23292
23472
23506
23590
23632
23718
23748
23804
23908
24034
24078
24104
24158
24196
24206
24234
24234
24248
24248
24306
24414
24432
24462
24550
24588
24690
24700
24724
24824
24924
24946
25004
25004
25122
25124
25344
25352
25432
25454
25478
25584
25586
25590
26038
26060
26098
26140
26152
26762
26792
26850
27096
27242
27310
27392
27432
27468
27684
27690
27770
27854
27906
27934
27958
27968
27978
28098
28132
28180
28594
28880
29194
29636
29678
29678
29746
29772
29814
29930
29952
29966
29990
30228
30248
30404
30420
30468
30498
30516
30706
30710
30724
30742
30758
30758
31022
31304
31428
31446
31448
31466
31488
31726
31806
31932
32020
32076
32090
32104
32132
32320
32344
32390
32398
32668
32908
33064
33126
33168
33182
33282
33360
33436
33590
33590
33782
33864
33880
33978
34006
34036
34114
34122
34182
34210
34246
34250
34266
34280
34302
34392
34458
34476
34524
34526
34540
34582
34598
34600
34614
34630
34650
34692
34804
34832
34884
34904
34912
34968
35002
35042
35054
35062
35238
35308
35574
35594
35606
35614
35640
35732
35778
35882
35882
36036
36086
36092
36146
36300
36442
36640
36676
36836
36852
36980
37022
37128
37140
37240
37244
37334
37574
37664
37704
37756
37888
37994
38008
38088
38270
38274
38434
38480
38502
38506
38570
38796
38828
38834
38930
38950
38958
38970
39402
39426
39694
39724
39772
39922
39952
40118
40148
40210
40224
40316
40376
40568
40574
40602
40612
40664
41080
41190
41270
41276
41344
41350
41402
41488
41568
41568
41768
41782
41810
41828
41974
42004
42054
42072
42090
42104
42108
42150
42266
42302
42402
42426
42614
42700
42714
42746
42812
42824
42876
42948
42990
43068
43168
43210
43334
43384
43398
43510
43532
43604
43608
43724
43782
43798
43808
43862
43868
43872
43932
44242
44274
44334
44388
44432
44468
44502
44548
44574
44616
44618
44766
44776
44800
44872
44958
44986
45184
45266
45536
45618
45624
46200
46208
46294
46430
46450
46500
46522
46620
46632
46652
46972
47120
47342
47500
47540
47564
47776
47886
47960
47980
48026
48162
48480
48570
48832
49004
49362
49448
49592
49616
49708
49740
49852
49910
49950
49956
49984
50062
50064
50232
50452
50484
50508
50670
50744
50854
50948
50996
51048
51562
51732
51916
51996
52172
52278
52352
52412
52496
52540
52592
52752
52968
53038
53040
53044
53048
53106
53154
53260
53290
53350
53380
53388
53412
53446
53452
53500
53502
53584
53634
53684
53716
53722
53758
53796
53802
53838
53848
53888
53894
53900
53952
53970
53978
54028
54038
54066
54104
54122
54130
54132
54142
54160
54222
54236
54252
54258
54266
54272
54274
54274
54284
54294
54300
54308
54312
54368
54394
54468
54476
54522
54544
54546
54556
54600
54662
54706
54736
54750
54764
54784
54824
54846
54944
54954
55048
55066
55118
55136
55222
55262
55552
55596
55982
56096
56148
56178
56208
56260
56298
56388
56408
56686
56940
57198
57550
57616
57670
57704
57868
58182
58350
58498
58564
58570
58686
58966
59180
59378
59660
59812
59828
60058
60336
60476
60490
60656
60838
60840
60850
60852
61064
61094
61108
61190
61432
61438
61864
62220
62236
62472
62492
62552
62852
63012
63308
63316
63524
63578
63636
63706
63754
63754
63860
63884
63922
64070
64122
64136
64140
64242
64342
64368
64424
65060
65074
65102
65190
65906
66284
66314
66340
66466
66588
66588
66606
66622
66864
66958
67118
67558
67594
68346
68388
68496
68578
68606
68826
69224
69324
69518
69576
69768
70142
70280
70456
70736
70788
70804
70976
71204
71420
71492
71494
71634
71732
71784
72042
72164
72190
72256
72492
72538
72694
72720
72738
72748
72756
72780
72790
72852
72874
72916
72938
72954
72982
73010
73012
73020
73052
73074
73084
73090
73102
73134
73194
73194
73216
73236
73250
73266
73274
73290
73294
73306
73314
73360
73428
73432
73466
73516
73524
73568
73572
73598
73600
73618
73624
73640
73680
73718
73728
73734
73754
73808
73868
73880
73886
73904
73936
73940
73952
73952
73954
73974
73988
74014
74102
74104
74108
74114
74144
74190
74236
74242
74256
74478
74526
74576
74814
74934
74948
75060
75060
75144
75380
75394
75546
75678
75790
76170
76628
77174
77598
77924
78274
78288
78400
78424
78458
78676
79040
79108
79384
80222
80992
81214
81396
81672
81810
81914
82358
82452
82482
82598
82628
82926
82930
82992
83040
83040
83160
83470
83702
83794
84116
84194
84200
84300
84426
84496
84640
84898
85370
85730
86308
86344
86750
86844
87684
88668
88734
89514
89550
89690
89804
90114
90220
90254
90322
90428
91138
91224
91478
91892
91910
91962
91964
92066
92188
92212
92316
92354
92458
92484
92494
92498
92514
92546
92564
92568
92638
92656
92672
92674
92684
92712
92746
92764
92794
92794
92798
92818
92822
92840
92850
92860
92868
92904
92906
92936
92942
92962
92990
93018
93028
93036
93068
93072
93076
93082
93082
93086
93172
93176
93200
93224
93254
93264
93274
93286
93304
93318
93320
93354
93396
93458
93480
93488
93558
93568
93602
93616
93704
93738
93742
93768
93798
93832
93926
93958
93988
94112
94256
94372
94768
94840
94848
95480
96372
96392
96494
96604
97140
97528
98268
98324
98484
99038
99998
101728
101986
103586
103692
104230
107464
107698
108030
112510
112556
112562
112592
112726
112758
114238
114698
116234
116724
116824
117440
117542
120132
120352
120494
127422
145526
152348
234680
1300510
1675470
2101162
18898032
