Latencies
5398
5426
5438
5444
5532
5704
5722
5788
5796
5950
5958
5986
6066
6156
6218
6296
6418
6430
6470
6498
6578
6632
6644
6904
7060
7100
7196
7204
7302
7358
7476
7484
7508
7696
7738
7900
7928
7962
8040
8098
8108
8152
8152
8180
8212
8216
8240
8302
8332
8700
8716
8726
8806
8838
8868
9080
9188
9262
9556
9556
9710
9744
9750
9840
9856
9936
10130
10206
10226
10308
10340
10364
10390
10538
10562
10596
10612
10710
10726
10746
10768
10804
10872
10888
10920
10926
10972
11106
11220
11232
11272
11316
11322
11408
11544
11600
11666
11678
11782
11782
11794
11854
11958
11996
12232
12260
12428
12444
12538
12554
12576
12596
12602
12624
12760
12812
12876
12878
12906
13032
13072
13088
13174
13220
13238
13360
13482
13510
13560
13574
13634
13668
13740
13774
13822
13850
13878
13930
13932
13944
13962
14024
14034
14040
14050
14056
14068
14070
14268
14288
14292
14308
14308
14328
14342
14404
14502
14544
14574
14590
14620
14676
14684
14712
14720
14742
14756
14792
14798
14804
14814
14814
14826
14826
14826
14830
14848
14868
14890
14894
14902
14902
14912
14922
14928
14938
14942
14942
14946
14956
14958
14966
14968
14980
14982
14988
14988
15000
15008
15014
15024
15032
15036
15044
15046
15048
15052
15064
15074
15088
15094
15096
15102
15116
15120
15124
15128
15132
15156
15162
15164
15166
15166
15174
15174
15186
15192
15216
15224
15250
15268
15278
15278
15290
15294
15298
15310
15340
15344
15350
15366
15378
15392
15438
15442
15474
15484
15492
15498
15506
15512
15540
15644
15734
15750
15770
15798
15864
15882
15896
15910
15918
15932
15964
16096
16112
16150
16158
16184
16246
16352
16366
16380
16394
16438
16454
16530
16630
16754
16758
16798
16802
16846
16892
16908
16980
17010
17082
17082
17108
17112
17120
17174
17208
17342
17348
17444
17652
17660
17676
17740
17878
17906
17968
17974
18106
18204
18254
18258
18280
18322
18346
18438
18578
18596
18638
18712
18766
18796
18866
18996
19070
19076
19090
19110
19194
19252
19348
19350
19444
19542
19558
19594
19628
19720
19912
19958
19992
20042
20194
20224
20252
20466
20486
20496
20500
20530
20594
20616
20638
20738
20916
20982
21022
21048
21102
21148
21208
21242
21282
21288
21376
21382
21566
21630
21650
21650
21650
21670
21868
21884
21940
21994
22142
22182
22204
22298
22312
22326
22440
22540
22626
22834
22908
22934
22992
23006
23080
23098
23150
23210
23380
23452
23460
23478
23488
23492
23524
23532
23620
23638
23672
23688
23752
23768
23824
23848
23870
23898
23952
23954
23960
24176
24222
24242
24254
24292
24300
24314
24352
24378
24406
24446
24516
24548
24556
24558
24572
24572
24596
24630
24630
24638
24666
24678
24690
24704
24716
24746
24754
24756
24768
24774
24784
24804
24820
24840
24850
24888
24922
24962
24964
25010
25026
25026
25038
25052
25100
25126
25132
25150
25250
25254
25266
25280
25286
25290
25322
25382
25406
25406
25508
25548
25558
25576
25588
25628
25632
25746
25780
25854
25986
26044
26046
26048
26106
26148
26262
26304
26310
26392
26398
26418
26508
26590
26670
26778
27020
27044
27068
27100
27242
27244
27274
27280
27384
27386
27428
27438
27478
27480
27488
27502
27550
27674
27744
27828
27844
27858
27862
27890
28000
28000
28080
28132
28274
28288
28396
28472
28612
28672
28686
28804
28842
28862
28982
28996
29092
29184
29226
29246
29262
29284
29296
29366
29374
29384
29428
29472
29600
29626
29724
29806
29822
29836
29844
29848
29950
29962
30048
30266
30318
30364
30394
30564
30630
30672
30726
30742
30748
30852
30946
31120
31234
31342
31398
31426
31448
31478
31592
31702
31722
31792
31890
31892
31932
31984
31996
32150
32248
32260
32292
32428
32432
32532
32548
32608
32834
32842
32890
33146
33166
33184
33208
33292
33394
33444
33458
33588
33672
33688
33696
33698
33722
33746
33780
33800
33808
33820
33834
33850
33864
33888
33908
33924
33934
33946
33994
34006
34010
34018
34024
34052
34090
34094
34114
34118
34148
34166
34180
34206
34220
34234
34236
34236
34244
34248
34250
34260
34262
34282
34300
34308
34308
34308
34312
34320
34324
34332
34352
34364
34374
34396
34398
34402
34432
34438
34452
34456
34458
34458
34458
34462
34468
34470
34478
34480
34494
34496
34504
34512
34524
34532
34532
34542
34542
34556
34558
34566
34566
34574
34588
34594
34632
34644
34646
34650
34654
34668
34686
34698
34704
34706
34710
34710
34742
34750
34756
34766
34778
34786
34790
34794
34808
34816
34822
34864
34872
34880
34880
34916
34940
34946
34966
35002
35008
35070
35100
35114
35134
35136
35218
35226
35234
35242
35266
35392
35456
35468
35608
35670
35848
35850
35946
36226
36336
36448
36628
36674
36982
37006
37034
37062
37180
37592
37600
37794
37808
37886
38150
38162
38194
38208
38212
38272
38690
38760
39136
39176
39220
39618
39626
39904
40208
40634
40732
40880
41000
41116
41150
41156
41264
41372
41404
41424
41448
41478
41762
41792
41900
41912
41984
42296
42580
42582
42820
43000
43240
43458
43534
43718
43884
43908
43916
43950
43994
44046
44080
44120
44188
44200
44208
44242
44282
44474
44514
44574
44574
44584
44608
44646
44706
44720
44788
44900
44902
44912
44928
45066
45086
45282
45316
45842
45844
46038
46378
46494
46932
47018
47202
47520
47650
47806
47866
47882
47956
48022
48024
48026
48192
48388
48472
49070
49172
49268
49384
49458
49524
49544
49672
49880
49896
50082
50138
50170
50552
50780
50912
51478
51632
51800
51916
51992
52304
52382
52428
52514
52616
52758
52986
53006
53046
53250
53318
53324
53388
53514
53560
53582
53694
53732
53746
53760
53784
53804
53808
53814
53818
53822
53826
53842
53860
53866
53870
53912
53960
53974
53992
53994
53996
53998
54000
54004
54008
54010
54016
54028
54038
54044
54046
54050
54050
54054
54054
54062
54072
54078
54086
54092
54100
54108
54110
54150
54150
54154
54174
54174
54174
54202
54206
54208
54282
54324
54352
54360
54430
54452
54470
54530
54656
54666
54682
54698
54700
54784
54850
55110
55122
55130
55238
55348
56174
56384
56658
57182
57422
57996
58294
59576
59872
60606
60966
61810
62648
63178
63280
63310
63344
63910
64664
70276
70526
73436
73580
73784
73832
74520
75728
78174
85270
96902
100772
126358
212414
266042
335350
562420
920718
4060634
11671056
