Latencies
5040
5044
5060
5064
5068
5072
5078
5084
5084
5086
5088
5094
5096
5096
5098
5100
5104
5106
5106
5112
5120
5122
5124
5124
5126
5126
5128
5128
5134
5136
5136
5138
5140
5142
5144
5144
5144
5144
5148
5148
5148
5148
5150
5150
5150
5152
5152
5154
5154
5154
5154
5156
5160
5160
5160
5162
5164
5164
5164
5164
5166
5166
5170
5170
5172
5176
5176
5178
5178
5180
5182
5182
5182
5182
5186
5186
5186
5188
5188
5190
5190
5190
5190
5190
5190
5194
5194
5194
5194
5194
5196
5196
5198
5198
5198
5198
5200
5202
5202
5202
5204
5206
5206
5206
5208
5208
5208
5212
5214
5214
5216
5216
5216
5218
5220
5220
5220
5220
5222
5222
5222
5222
5224
5224
5224
5224
5224
5224
5226
5226
5226
5228
5228
5230
5230
5230
5230
5232
5232
5232
5232
5234
5234
5234
5234
5234
5236
5236
5236
5236
5238
5240
5242
5242
5244
5244
5244
5246
5246
5246
5246
5246
5248
5248
5248
5250
5250
5250
5250
5250
5252
5252
5252
5252
5252
5252
5252
5252
5252
5254
5254
5254
5254
5254
5256
5256
5256
5258
5258
5258
5258
5258
5260
5260
5260
5260
5260
5262
5262
5262
5262
5264
5264
5264
5264
5266
5266
5266
5268
5268
5268
5268
5270
5270
5272
5272
5272
5272
5272
5272
5274
5274
5274
5274
5276
5276
5276
5276
5278
5278
5278
5278
5278
5280
5280
5280
5280
5280
5280
5280
5282
5282
5284
5284
5284
5284
5284
5284
5284
5284
5284
5286
5286
5286
5288
5288
5288
5288
5288
5290
5290
5290
5292
5292
5292
5294
5294
5294
5296
5296
5296
5298
5298
5298
5300
5300
5300
5302
5302
5302
5302
5302
5302
5302
5304
5304
5304
5304
5306
5306
5306
5308
5308
5310
5310
5310
5310
5312
5314
5314
5314
5314
5316
5316
5316
5318
5318
5318
5318
5318
5320
5320
5320
5320
5322
5322
5322
5324
5324
5324
5324
5326
5326
5326
5326
5328
5328
5328
5328
5330
5330
5332
5332
5332
5332
5332
5334
5334
5334
5334
5336
5336
5336
5338
5340
5340
5340
5340
5342
5342
5342
5342
5344
5344
5346
5346
5348
5350
5350
5352
5352
5352
5354
5354
5354
5356
5356
5356
5356
5356
5356
5358
5364
5364
5364
5364
5366
5366
5366
5368
5368
5370
5372
5372
5372
5374
5374
5374
5376
5378
5378
5378
5380
5380
5386
5386
5386
5388
5388
5388
5388
5390
5390
5390
5392
5392
5392
5392
5394
5396
5398
5400
5402
5402
5404
5404
5404
5404
5408
5410
5410
5410
5410
5412
5412
5412
5414
5414
5414
5416
5416
5416
5418
5418
5422
5422
5422
5424
5424
5424
5426
5426
5426
5428
5428
5428
5430
5430
5432
5432
5434
5434
5434
5436
5436
5436
5436
5436
5438
5438
5438
5438
5440
5442
5442
5442
5442
5446
5448
5448
5448
5450
5450
5450
5452
5452
5452
5452
5454
5454
5454
5456
5462
5462
5462
5466
5466
5466
5468
5470
5470
5470
5474
5476
5478
5480
5480
5480
5480
5482
5482
5486
5488
5488
5490
5490
5492
5492
5492
5492
5496
5496
5496
5498
5498
5500
5500
5500
5500
5502
5504
5506
5508
5510
5512
5514
5516
5516
5518
5518
5524
5524
5526
5528
5528
5530
5530
5532
5532
5536
5536
5536
5538
5540
5540
5540
5542
5544
5544
5548
5550
5552
5552
5552
5554
5554
5556
5556
5560
5562
5562
5564
5566
5566
5568
5570
5572
5574
5576
5578
5578
5582
5582
5582
5582
5584
5584
5584
5586
5586
5588
5592
5592
5594
5596
5596
5598
5600
5602
5602
5604
5606
5608
5610
5612
5612
5614
5616
5616
5616
5618
5626
5628
5630
5632
5636
5638
5638
5640
5640
5642
5642
5644
5646
5646
5648
5650
5650
5654
5656
5658
5658
5660
5660
5660
5666
5668
5672
5672
5674
5674
5674
5678
5678
5680
5682
5682
5682
5682
5684
5684
5686
5688
5696
5696
5698
5700
5704
5706
5706
5710
5714
5716
5716
5718
5718
5720
5720
5722
5724
5726
5728
5730
5730
5732
5734
5738
5740
5740
5742
5742
5742
5748
5748
5748
5750
5752
5754
5754
5754
5756
5756
5758
5760
5762
5764
5764
5766
5766
5766
5774
5774
5774
5774
5776
5780
5782
5786
5786
5788
5788
5794
5796
5798
5798
5800
5800
5800
5802
5802
5808
5810
5812
5818
5820
5824
5824
5826
5828
5830
5830
5832
5832
5838
5840
5846
5846
5846
5848
5848
5850
5850
5856
5858
5858
5860
5864
5866
5866
5868
5870
5870
5870
5874
5878
5878
5880
5882
5884
5888
5892
5894
5894
5894
5898
5898
5900
5906
5910
5912
5914
5920
5922
5926
5926
5932
5932
5934
5934
5936
5940
5942
5942
5944
5944
5944
5950
5950
5950
5952
5952
5954
5956
5968
5968
5970
5972
5972
5976
5976
5982
5984
5986
5986
5990
5992
5994
5998
6016
6020
6022
6028
6032
6034
6036
6042
6044
6044
6044
6048
6048
6050
6054
6054
6062
6066
6070
6074
6076
6078
6078
6084
6090
6090
6096
6100
6102
6108
6112
6116
6122
6124
6126
6140
6144
6148
6154
6162
6176
6178
6188
6192
6200
6226
6250
6250
6252
6252
6294
6304
6320
6330
6334
6336
6344
6380
6410
6418
6422
6456
6456
6470
6486
6490
6500
6500
6524
6540
6544
6544
6570
6572
6594
6604
6606
6638
6644
6662
6714
6732
6748
6750
6758
6854
6884
6892
6920
6944
6974
6984
7020
7034
7056
7146
7240
7430
7860
8092
8582
8622
8648
9364
9882
10010
10340
10648
11090
11152
11202
12332
12516
12646
12812
13122
13492
13632
13966
14002
14022
14288
15314
15378
15700
16716
17198
17650
18452
19450
19686
19798
19896
21072
22130
23110
23130
23766
24362
24874
25006
25258
25490
25498
25750
25754
25838
26150
26346
26826
26900
26946
27350
27802
29168
29676
30692
31464
31654
31970
32216
32608
33488
34094
35674
38298
50564
50978
51822
67232
194662
