Latencies
5140
5210
5224
5224
5238
5252
5260
5262
5274
5274
5280
5292
5298
5310
5326
5326
5330
5330
5334
5334
5338
5340
5340
5348
5366
5368
5382
5384
5390
5394
5396
5396
5398
5406
5408
5408
5410
5416
5420
5420
5422
5428
5432
5434
5438
5452
5454
5456
5460
5462
5466
5484
5488
5492
5492
5510
5514
5516
5524
5524
5528
5534
5542
5566
5592
5598
5610
5614
5622
5622
5634
5636
5642
5646
5650
5652
5656
5678
5686
5688
5696
5702
5710
5716
5736
5740
5756
5762
5766
5770
5784
5786
5794
5808
5816
5816
5816
5820
5828
5846
5852
5874
5880
5886
5890
5906
5908
5912
5912
5914
5920
5948
5954
5974
5980
5984
5988
6000
6020
6032
6034
6036
6046
6046
6050
6050
6056
6076
6080
6084
6088
6088
6090
6094
6098
6116
6124
6124
6126
6132
6132
6140
6146
6148
6152
6160
6162
6164
6166
6182
6208
6208
6224
6226
6254
6274
6280
6290
6292
6306
6308
6328
6332
6366
6398
6408
6430
6448
6452
6462
6462
6464
6464
6464
6482
6484
6496
6518
6534
6534
6576
6578
6604
6620
6622
6628
6668
6680
6710
6712
6724
6740
6746
6778
6788
6788
6794
6812
6822
6844
6858
6868
6882
6918
6928
6942
6960
6972
6992
7000
7032
7038
7040
7058
7076
7096
7108
7154
7160
7166
7176
7180
7182
7202
7204
7234
7256
7256
7266
7290
7296
7296
7324
7368
7380
7384
7394
7404
7406
7428
7438
7442
7446
7450
7460
7476
7502
7518
7554
7558
7568
7572
7580
7612
7638
7656
7660
7666
7684
7690
7692
7720
7722
7738
7742
7756
7760
7780
7814
7834
7850
7852
7864
7882
7886
7910
7914
7916
7930
7938
7994
8006
8008
8012
8026
8030
8056
8088
8088
8090
8094
8114
8120
8128
8128
8132
8134
8152
8174
8186
8202
8226
8250
8254
8284
8318
8326
8334
8362
8368
8372
8374
8384
8396
8396
8404
8426
8442
8446
8462
8464
8466
8482
8482
8484
8484
8488
8548
8552
8558
8570
8598
8600
8618
8624
8628
8630
8632
8648
8662
8668
8670
8680
8694
8706
8712
8714
8714
8726
8730
8738
8758
8764
8790
8812
8840
8870
8872
8884
8920
8958
8962
8976
8980
9000
9002
9010
9018
9028
9062
9074
9094
9096
9100
9144
9164
9194
9200
9214
9230
9256
9300
9304
9310
9310
9354
9376
9412
9412
9466
9484
9492
9494
9512
9534
9536
9550
9564
9574
9592
9598
9638
9642
9644
9666
9678
9686
9704
9718
9720
9724
9834
9880
9882
9886
9896
9936
9964
9992
10016
10048
10050
10084
10102
10116
10124
10134
10136
10146
10168
10184
10186
10194
10218
10262
10288
10306
10306
10314
10352
10354
10384
10410
10448
10450
10474
10484
10490
10508
10512
10536
10572
10576
10580
10618
10660
10712
10714
10770
10774
10788
10794
10798
10804
10834
10876
10882
10890
10894
10924
10950
10986
10992
10998
11004
11026
11050
11130
11134
11136
11160
11166
11168
11252
11256
11256
11260
11282
11300
11306
11326
11336
11356
11356
11358
11370
11380
11392
11396
11414
11422
11430
11432
11434
11450
11456
11458
11458
11458
11462
11518
11532
11552
11556
11576
11596
11614
11646
11654
11662
11674
11690
11696
11706
11714
11724
11724
11724
11730
11744
11778
11800
11804
11834
11848
11866
11888
11892
11926
11936
11984
12032
12052
12102
12108
12112
12114
12116
12126
12138
12156
12172
12176
12188
12192
12202
12204
12208
12208
12238
12270
12286
12308
12316
12358
12362
12374
12384
12392
12400
12404
12424
12450
12450
12458
12462
12464
12486
12492
12500
12544
12548
12566
12574
12604
12614
12622
12624
12636
12650
12692
12698
12708
12712
12718
12740
12832
12838
12840
12880
12898
12928
12954
12958
12980
12990
12992
13032
13036
13070
13092
13102
13108
13112
13116
13122
13166
13190
13200
13232
13272
13320
13360
13376
13400
13418
13430
13494
13498
13542
13552
13560
13578
13598
13622
13652
13662
13690
13754
13758
13796
13808
13812
13814
13818
13824
13828
13830
13832
13842
13844
13858
13876
13888
13894
13902
13904
13908
13934
13938
13952
13956
13966
13980
13986
14004
14012
14014
14014
14028
14062
14064
14092
14126
14132
14144
14160
14188
14202
14206
14208
14224
14232
14234
14254
14256
14256
14258
14268
14280
14290
14298
14306
14308
14336
14350
14354
14358
14364
14370
14376
14384
14386
14398
14410
14418
14420
14424
14440
14440
14450
14452
14460
14462
14482
14482
14490
14502
14506
14510
14528
14544
14544
14546
14546
14558
14562
14562
14564
14574
14586
14592
14594
14604
14608
14628
14630
14632
14640
14640
14644
14654
14654
14656
14666
14672
14674
14676
14682
14692
14700
14704
14704
14710
14712
14732
14734
14736
14746
14752
14756
14758
14766
14774
14778
14780
14792
14792
14794
14798
14806
14808
14810
14820
14820
14822
14824
14826
14828
14832
14844
14850
14856
14862
14864
14868
14868
14868
14874
14876
14878
14880
14888
14890
14892
14892
14900
14900
14900
14914
14916
14936
14938
14942
14944
14948
14952
14960
14962
14964
14966
14968
14970
14970
14970
14972
14982
14990
14992
14992
15000
15006
15006
15022
15022
15030
15032
15034
15038
15044
15046
15054
15058
15066
15066
15066
15076
15078
15078
15080
15092
15108
15116
15128
15140
15146
15148
15154
15158
15184
15186
15188
15194
15196
15198
15200
15202
15206
15210
15210
15214
15216
15218
15220
15222
15236
15256
15264
15272
15278
15280
15286
15288
15292
15310
15328
15330
15334
15344
15352
15352
15362
15364
15366
15382
15384
15386
15392
15408
15414
15420
15428
15436
15438
15444
15444
15444
15452
15462
15462
15468
15478
15484
15496
15500
15500
15502
15514
15538
15540
15552
15560
15566
15572
15584
15602
15604
15650
15654
15658
15660
15662
15662
15676
15680
15688
15688
15690
15694
15698
15710
15712
15718
15760
15790
15808
15842
15844
15862
15884
15944
15944
15982
16014
16026
16040
16064
16092
16120
16402
16512
18042
18224
18690
18740
19146
19198
20188
20368
20470
20606
21842
22684
23168
23850
23946
23994
24252
24294
24364
24560
24640
24662
24806
24930
24940
24996
25012
25082
25126
25156
25210
25790
29230
32020
32418
34100
34750
34754
34828
35394
35456
38436
38836
45522
50012
68894
82712
99264
2856968
