Latencies
7424
5826
5474
5544
6014
6196
5804
5828
5932
5542
5692
6166
5386
5814
5722
5430
5568
5842
5600
5878
5370
5590
5368
6974
6450
5296
5572
5368
5824
5486
5770
5650
5574
6024
5632
5464
6174
5616
5434
5392
5434
5490
5550
5516
5642
6442
6308
5874
5664
6402
6226
5534
5354
6434
5806
5354
5286
5556
5434
5352
5400
5390
6272
6118
5328
5724
5638
5492
5574
6488
5372
5394
5392
5958
6504
5610
5462
6080
5482
5734
5416
5514
5450
5458
5458
5310
5638
5422
24890
5798
5548
5466
5492
5424
5376
50698
5966
5550
5552
5442
6648
5948
6172
5444
5474
5526
5878
5444
5200
5952
5898
6078
5252
5540
5512
5926
5354
5344
5540
5408
5920
5418
5352
5966
5346
31400
5396
5364
5406
5428
5474
5636
5468
5468
5630
5582
5400
19852
5402
5546
5728
5816
5348
5688
5914
5786
5348
5412
5876
5830
5440
5652
5676
5804
5890
5392
5668
5842
5350
23784
5974
5380
5778
27702
6274
5610
5504
5952
5468
5392
5322
5522
5264
5458
5516
5334
6192
5606
6024
5670
6110
5392
5524
6088
5814
5368
5586
5890
5636
5344
5308
6122
5422
6352
5908
5524
5942
5554
5378
5330
28214
5984
6760
5556
5404
5298
5862
5438
5752
5332
5508
6044
5634
5434
5382
5894
5586
5870
5974
6560
5310
6124
5500
5250
5914
6390
5292
6368
5670
5816
5928
5874
5938
5726
6702
6414
5516
5408
5854
5512
6900
5908
5876
6156
5550
5692
5498
5794
5418
7300
5342
5770
5342
5840
5888
5658
5552
5650
5768
5468
5476
25576
5542
6142
5344
6272
6168
5638
6370
5554
6498
5488
11256
5450
5466
5588
5430
5516
6056
5712
5904
6072
5440
6006
5686
5460
5538
5330
5452
5438
5260
6714
5406
5852
5452
5388
5336
5782
5380
5292
5912
5572
5436
5700
5384
6082
5420
5444
17436
5374
5358
6546
5900
5444
5602
6272
5898
5762
5458
5612
5374
5452
5434
5546
5502
5728
5758
5386
6074
5330
6164
6410
6060
5880
5380
5406
6232
5326
6114
5380
6200
5352
6130
5198
5476
5522
5620
5238
5482
6234
5556
6074
5368
7264
6078
5314
5960
5622
6016
5788
5366
5712
5764
5874
5644
6040
5720
5864
5824
5428
5390
5452
5452
5886
5974
5666
5888
5722
6102
5872
5414
5704
5274
5484
6416
5494
5482
6118
5870
6964
6140
5946
5478
5434
5662
5850
5886
6038
5586
6120
5758
6190
5836
5584
5740
5590
14316
6506
5782
5518
5652
5488
5394
6180
6142
6074
5410
5324
5748
5520
5542
5346
5632
5828
5558
5358
5402
6032
8158
5798
5578
5494
5428
5444
5466
6270
5352
5350
5944
6980
5686
6492
6030
5530
6406
6008
5880
5388
5328
5554
5390
5830
5416
5434
5944
5874
6266
5688
5518
6586
5414
6550
5432
5368
5524
5678
5760
5590
5592
5560
5730
6226
5666
5848
5648
5970
6096
6188
5566
5792
6110
5846
6048
5586
6008
5492
5544
5578
5454
5576
5774
5380
5498
5738
6134
5564
6304
5420
5566
5536
5868
6248
5294
5580
5866
5314
5742
5652
5732
5446
5990
5610
5436
5940
6580
5616
5992
5584
5268
6168
5874
5702
6110
6142
5646
5664
5786
5728
6464
6416
6098
5776
5862
5612
5750
6018
5752
5402
6044
5476
5618
5522
6142
5590
5600
5412
6322
7102
5846
5726
5616
5546
5452
5500
5618
6248
5316
5628
6078
6422
5876
5488
5640
6086
6256
5766
5840
6196
5498
5602
7622
6860
5864
5488
5782
5598
5522
5902
5758
5570
6376
6242
5496
6324
5548
5580
5476
5556
5832
5430
5400
5602
5492
5870
5686
6174
5594
9522
5416
6092
5462
6270
5500
5658
5862
5586
5524
5420
5866
5576
5334
5752
5422
5878
5488
5424
5968
5446
5778
5610
5946
5542
8106
5732
5470
5424
5662
6016
5726
5410
5600
5400
5594
6118
6382
5772
5506
6332
5408
5970
6314
5834
5378
5632
5508
5598
5484
5770
5596
22412
6250
5766
5654
5694
6014
5404
5410
5564
5816
6250
5718
5684
5368
6070
6398
5716
5776
5490
5458
5844
5966
5684
5494
6132
5592
5424
5388
5652
6340
5394
5616
5718
5540
5366
6294
6274
6104
6760
6000
5852
5698
5556
5970
5864
6020
5334
5392
6046
5638
6084
6008
5516
6300
6638
5566
5958
6120
6478
5838
5986
5544
5742
6926
5774
5790
6210
5644
5980
5488
6386
6202
5440
6060
5362
5380
6056
5990
5524
5554
5546
5384
5650
5856
5576
5366
7056
7604
8052
6014
5636
6462
6300
7048
7030
5934
5682
5998
5400
5586
6236
5462
5482
6504
5976
5756
6378
5650
5370
5592
5880
5718
5582
5734
5940
5418
6076
6268
6078
6816
5572
6634
6122
5472
5420
6436
5884
5726
5792
6168
6182
5858
5922
5620
22904
5520
5634
5570
5430
5676
5750
5480
5584
5576
6004
5350
5492
5850
5500
6284
6248
6064
5630
5634
5828
5470
6146
6150
5556
6050
5406
5538
5484
5546
5454
6044
5982
5380
5536
5928
6202
5542
6220
6318
6376
6296
5536
5568
5562
5988
5544
5446
5478
6284
5592
5760
34146
5398
5444
6116
5448
5354
6014
6342
5554
5706
5882
5496
5670
5562
5596
5596
5802
5486
6192
5964
6010
5458
5562
6290
5834
6416
5636
5818
6072
6140
5760
6916
6372
6508
5416
5692
5770
6960
5882
6182
7176
5296
5506
5906
5476
8236
5936
5324
5564
5474
5610
5538
6048
5552
5566
5736
5510
5468
6250
5748
6566
6178
5794
5578
5554
5688
5474
5582
6098
5616
5348
5658
7270
5882
5630
5926
6044
5424
5566
5510
5682
5978
5578
5590
5528
6928
5740
6220
5600
5574
5538
5564
5654
6148
5468
5558
5988
6302
6128
5982
5698
6196
5780
5708
6088
5826
6044
5736
5560
