Latencies
5214
5222
5246
5252
5256
5258
5270
5270
5272
5288
5300
5302
5304
5306
5308
5308
5314
5316
5316
5316
5318
5320
5320
5320
5320
5322
5322
5324
5326
5326
5328
5328
5330
5332
5336
5336
5338
5338
5340
5340
5344
5346
5348
5348
5348
5348
5350
5350
5352
5352
5352
5354
5354
5354
5356
5358
5360
5360
5360
5364
5364
5364
5364
5366
5366
5366
5368
5368
5368
5370
5370
5372
5372
5372
5374
5374
5376
5378
5378
5378
5380
5380
5380
5382
5382
5382
5382
5382
5384
5384
5384
5384
5384
5386
5386
5386
5388
5388
5388
5390
5390
5390
5390
5392
5392
5394
5394
5394
5396
5396
5396
5398
5398
5398
5398
5398
5400
5400
5402
5402
5402
5402
5404
5404
5404
5404
5404
5406
5406
5406
5408
5408
5408
5410
5410
5412
5412
5412
5414
5414
5416
5416
5418
5420
5420
5422
5422
5422
5422
5424
5426
5426
5426
5428
5430
5430
5430
5430
5430
5430
5430
5430
5432
5432
5436
5436
5436
5438
5438
5438
5442
5442
5442
5442
5442
5444
5444
5446
5446
5448
5450
5450
5452
5454
5454
5454
5454
5454
5456
5456
5456
5456
5456
5458
5458
5458
5458
5460
5462
5462
5462
5464
5464
5466
5466
5468
5468
5468
5470
5474
5474
5474
5474
5474
5476
5476
5476
5476
5476
5476
5480
5480
5480
5480
5480
5482
5482
5484
5484
5484
5484
5486
5486
5490
5490
5490
5492
5492
5494
5494
5494
5494
5494
5496
5496
5496
5498
5500
5500
5500
5502
5502
5504
5508
5508
5508
5508
5510
5512
5512
5512
5512
5514
5516
5516
5516
5516
5518
5518
5518
5518
5520
5520
5520
5522
5522
5524
5524
5524
5526
5528
5528
5530
5530
5530
5534
5534
5534
5534
5534
5536
5538
5538
5538
5540
5540
5540
5540
5542
5542
5542
5542
5542
5544
5544
5544
5544
5546
5546
5548
5548
5548
5550
5550
5552
5552
5554
5554
5556
5556
5556
5558
5558
5558
5558
5560
5560
5562
5562
5564
5564
5566
5566
5566
5566
5568
5568
5570
5570
5572
5572
5572
5572
5572
5576
5578
5578
5578
5578
5578
5578
5580
5580
5580
5582
5582
5582
5584
5584
5586
5586
5588
5588
5590
5590
5592
5592
5592
5594
5594
5594
5596
5600
5600
5600
5600
5602
5606
5606
5606
5606
5610
5612
5614
5614
5616
5618
5620
5620
5624
5626
5628
5628
5630
5630
5630
5632
5632
5632
5634
5634
5634
5636
5638
5638
5642
5642
5646
5646
5648
5648
5648
5652
5654
5654
5654
5654
5658
5658
5660
5660
5660
5660
5660
5662
5662
5662
5662
5662
5666
5666
5668
5668
5668
5670
5674
5674
5674
5676
5676
5678
5678
5680
5682
5682
5684
5686
5688
5688
5688
5690
5690
5690
5690
5690
5692
5692
5692
5692
5696
5696
5696
5696
5698
5698
5698
5698
5698
5698
5700
5700
5700
5702
5702
5702
5704
5704
5704
5706
5708
5710
5710
5710
5712
5714
5718
5718
5720
5720
5720
5720
5722
5722
5724
5730
5732
5736
5736
5736
5738
5738
5738
5740
5740
5744
5744
5746
5746
5748
5748
5750
5752
5758
5758
5760
5762
5768
5770
5774
5776
5776
5778
5780
5782
5784
5784
5786
5786
5788
5790
5790
5792
5794
5794
5796
5796
5798
5800
5800
5800
5802
5802
5804
5804
5806
5806
5806
5812
5812
5814
5816
5816
5818
5820
5820
5822
5822
5824
5824
5824
5826
5826
5828
5828
5828
5830
5834
5836
5838
5838
5842
5844
5844
5846
5848
5848
5850
5854
5860
5860
5860
5860
5860
5862
5862
5864
5864
5866
5868
5868
5874
5874
5876
5876
5876
5878
5878
5878
5880
5880
5880
5884
5888
5888
5888
5890
5890
5894
5896
5898
5900
5902
5902
5906
5906
5908
5910
5910
5910
5912
5912
5912
5912
5918
5920
5920
5924
5926
5926
5926
5926
5928
5928
5930
5932
5932
5932
5932
5934
5934
5936
5938
5938
5938
5940
5942
5942
5944
5948
5948
5952
5952
5954
5954
5954
5958
5960
5960
5962
5966
5966
5968
5972
5972
5974
5976
5978
5980
5980
5982
5982
5984
5984
5986
5986
5986
5988
5988
5992
5994
5994
5998
5998
5998
6000
6002
6002
6004
6004
6004
6004
6006
6008
6010
6014
6014
6014
6016
6016
6020
6026
6026
6028
6028
6028
6028
6028
6032
6032
6034
6034
6034
6040
6042
6044
6048
6050
6050
6050
6052
6054
6056
6056
6058
6058
6058
6060
6064
6068
6068
6068
6070
6070
6072
6072
6076
6076
6076
6078
6080
6084
6090
6090
6092
6092
6094
6100
6106
6106
6108
6108
6110
6112
6112
6114
6114
6116
6116
6118
6120
6124
6124
6128
6128
6130
6132
6134
6136
6140
6142
6142
6144
6146
6146
6150
6152
6156
6156
6158
6160
6164
6164
6168
6168
6170
6170
6176
6176
6176
6184
6184
6184
6184
6186
6188
6188
6190
6190
6192
6198
6198
6202
6202
6204
6206
6212
6212
6214
6216
6218
6218
6218
6220
6222
6226
6226
6230
6232
6234
6234
6236
6240
6240
6240
6244
6246
6248
6252
6256
6258
6262
6266
6268
6268
6268
6270
6270
6272
6276
6280
6282
6284
6284
6286
6286
6290
6292
6294
6298
6300
6300
6304
6308
6316
6324
6326
6330
6332
6332
6334
6336
6338
6346
6348
6356
6366
6368
6372
6372
6382
6384
6386
6396
6404
6406
6410
6414
6422
6422
6424
6424
6426
6426
6428
6434
6438
6440
6442
6444
6444
6458
6490
6492
6512
6514
6518
6536
6562
6586
6592
6604
6606
6608
6620
6626
6634
6656
6658
6662
6674
6700
6728
6744
6812
6816
6834
6836
6856
6876
6886
6978
7004
7124
7168
7182
7184
7206
7226
7356
7586
7622
7632
7964
8048
8192
9230
10126
10228
10236
11036
13952
14018
14154
14420
15812
16042
16910
18000
18398
19270
20114
21660
22132
22650
24286
26024
26034
26358
26656
26852
27812
29274
30132
31568
33808
34518
38368
38628
41366
41538
44234
