Latencies
5002
5012
5014
5016
5028
5030
5032
5034
5040
5042
5050
5056
5064
5064
5066
5066
5068
5070
5070
5076
5078
5078
5078
5078
5080
5082
5096
5096
5098
5100
5102
5104
5104
5106
5108
5114
5116
5116
5120
5120
5120
5122
5122
5124
5124
5126
5126
5126
5128
5128
5128
5134
5134
5134
5136
5136
5138
5138
5140
5142
5142
5144
5146
5146
5146
5146
5148
5150
5152
5154
5154
5156
5156
5158
5158
5158
5158
5160
5160
5160
5160
5162
5164
5164
5164
5166
5168
5168
5168
5170
5170
5172
5172
5172
5172
5174
5174
5174
5174
5174
5176
5176
5176
5176
5178
5178
5178
5178
5180
5180
5180
5180
5182
5182
5182
5182
5184
5184
5184
5186
5186
5188
5188
5188
5188
5190
5192
5192
5192
5192
5194
5196
5196
5196
5196
5196
5198
5198
5198
5198
5198
5200
5200
5200
5202
5202
5202
5202
5202
5204
5204
5204
5206
5208
5208
5208
5208
5210
5210
5210
5212
5212
5212
5214
5214
5214
5214
5214
5214
5214
5214
5216
5216
5216
5216
5216
5218
5218
5218
5218
5218
5218
5220
5220
5220
5220
5220
5222
5222
5222
5222
5224
5224
5224
5224
5226
5226
5226
5226
5226
5228
5228
5230
5230
5230
5230
5230
5230
5232
5232
5232
5232
5232
5234
5234
5234
5234
5234
5234
5234
5236
5236
5238
5238
5238
5238
5238
5240
5240
5240
5240
5242
5242
5242
5242
5244
5244
5246
5246
5246
5246
5246
5246
5246
5246
5248
5248
5248
5248
5248
5250
5250
5250
5250
5252
5252
5252
5252
5252
5252
5254
5254
5256
5256
5256
5258
5258
5258
5262
5262
5262
5262
5262
5262
5264
5264
5264
5264
5264
5266
5266
5268
5268
5268
5272
5272
5272
5274
5274
5274
5274
5274
5274
5276
5276
5278
5280
5280
5280
5280
5282
5282
5282
5282
5282
5282
5282
5284
5284
5284
5284
5284
5286
5286
5286
5288
5288
5288
5290
5290
5290
5290
5292
5292
5294
5294
5294
5296
5296
5296
5298
5300
5300
5300
5300
5308
5308
5308
5308
5308
5308
5308
5310
5310
5310
5310
5312
5312
5312
5316
5318
5318
5318
5320
5320
5322
5322
5322
5324
5324
5324
5326
5328
5328
5328
5330
5330
5330
5332
5334
5334
5334
5334
5334
5334
5336
5336
5336
5338
5338
5340
5340
5340
5340
5342
5342
5344
5344
5344
5346
5346
5348
5350
5350
5350
5350
5352
5352
5354
5354
5354
5354
5356
5358
5360
5360
5362
5362
5362
5362
5362
5364
5364
5366
5366
5366
5370
5370
5372
5372
5374
5374
5374
5374
5376
5376
5376
5378
5378
5378
5378
5380
5380
5382
5384
5386
5386
5386
5388
5388
5388
5388
5388
5390
5390
5390
5392
5392
5392
5394
5394
5394
5396
5396
5398
5398
5398
5400
5400
5400
5402
5402
5404
5404
5404
5406
5406
5410
5410
5410
5412
5412
5412
5414
5416
5416
5418
5420
5420
5420
5420
5420
5422
5422
5422
5424
5428
5430
5430
5430
5430
5432
5432
5432
5434
5434
5440
5442
5444
5444
5446
5446
5446
5446
5448
5448
5450
5450
5452
5452
5454
5454
5454
5456
5456
5456
5458
5458
5460
5460
5460
5460
5462
5464
5466
5466
5470
5472
5474
5474
5474
5474
5478
5480
5480
5480
5482
5482
5484
5484
5484
5486
5490
5492
5492
5494
5494
5496
5496
5500
5504
5504
5504
5504
5506
5508
5510
5510
5512
5512
5516
5518
5520
5522
5522
5524
5526
5526
5528
5528
5528
5530
5532
5536
5540
5540
5544
5544
5544
5550
5550
5552
5552
5554
5554
5556
5560
5560
5560
5562
5564
5564
5566
5566
5566
5570
5574
5578
5580
5588
5588
5590
5590
5590
5592
5592
5598
5600
5600
5602
5602
5602
5602
5604
5604
5604
5604
5606
5606
5608
5608
5608
5616
5622
5622
5624
5626
5626
5628
5628
5634
5634
5634
5634
5642
5650
5650
5650
5652
5652
5654
5656
5658
5664
5668
5672
5672
5676
5676
5678
5678
5682
5682
5686
5688
5688
5694
5700
5704
5708
5710
5710
5710
5712
5730
5734
5736
5738
5742
5742
5742
5742
5742
5746
5748
5750
5750
5752
5752
5752
5758
5760
5762
5770
5774
5776
5778
5784
5786
5788
5788
5790
5790
5792
5800
5802
5802
5808
5808
5814
5814
5816
5816
5820
5824
5824
5828
5828
5830
5836
5838
5838
5840
5842
5844
5846
5848
5850
5852
5852
5858
5862
5866
5868
5868
5868
5872
5872
5872
5874
5882
5882
5882
5884
5884
5886
5890
5892
5898
5900
5902
5904
5908
5908
5910
5912
5920
5922
5924
5924
5926
5926
5928
5928
5928
5930
5932
5936
5938
5946
5946
5946
5952
5952
5956
5958
5960
5962
5962
5964
5964
5966
5968
5970
5972
5976
5976
5978
5984
5988
5990
5992
5996
5996
5998
6002
6004
6010
6018
6024
6032
6032
6034
6040
6042
6048
6050
6052
6054
6054
6066
6068
6070
6072
6076
6076
6078
6080
6082
6084
6084
6086
6102
6106
6110
6112
6118
6122
6122
6126
6128
6134
6138
6140
6156
6162
6170
6170
6178
6184
6224
6242
6244
6252
6266
6266
6272
6272
6274
6274
6288
6318
6322
6328
6354
6356
6396
6422
6438
6452
6454
6466
6468
6480
6496
6540
6570
6590
6634
6670
6674
6682
6698
6746
6770
6860
6882
6904
6968
7020
7042
7208
7226
7254
7326
7410
7740
8340
8538
8780
8820
8904
9032
9100
9216
9514
9566
9734
9880
10066
10506
10732
10922
11058
11120
11134
11422
11572
11754
11984
12116
12250
12536
13164
13592
13674
13936
14016
14058
14166
14174
14750
14764
15066
15104
15272
15364
15374
17126
17364
17478
17484
17772
17980
18160
18628
19118
19144
19278
19698
19862
19908
20356
20446
20532
20640
20680
20874
20934
20972
21068
21600
22006
22366
22518
23712
24226
24320
24614
24988
25206
25388
25396
25982
26236
26716
27652
27980
28800
28958
28988
29252
29618
29980
30336
31296
31764
32302
32356
35138
35532
36188
51704
53220
