Latencies
5082
5158
5162
5168
5168
5168
5178
5180
5182
5184
5184
5186
5188
5196
5196
5198
5198
5202
5204
5206
5210
5220
5226
5228
5232
5232
5232
5234
5234
5234
5234
5234
5236
5238
5238
5238
5240
5240
5240
5244
5246
5248
5250
5250
5254
5254
5254
5256
5258
5258
5258
5258
5260
5264
5264
5264
5264
5264
5264
5266
5266
5266
5266
5268
5268
5268
5270
5270
5270
5272
5272
5274
5274
5274
5274
5280
5280
5280
5282
5284
5286
5286
5286
5288
5288
5290
5292
5292
5292
5294
5294
5294
5296
5296
5300
5300
5300
5300
5300
5302
5304
5306
5308
5308
5310
5310
5310
5310
5310
5312
5314
5316
5316
5316
5316
5316
5316
5318
5318
5318
5320
5320
5322
5324
5324
5324
5324
5324
5324
5326
5326
5326
5326
5326
5326
5328
5328
5328
5328
5330
5330
5332
5334
5334
5334
5334
5336
5336
5336
5336
5338
5338
5338
5338
5340
5340
5340
5340
5340
5342
5342
5342
5342
5342
5342
5344
5344
5344
5344
5344
5344
5346
5346
5346
5346
5346
5346
5348
5348
5348
5350
5350
5352
5352
5352
5352
5352
5352
5352
5354
5354
5354
5354
5354
5354
5354
5354
5356
5356
5356
5356
5356
5356
5356
5356
5356
5358
5358
5358
5358
5360
5362
5362
5362
5362
5362
5362
5364
5364
5364
5366
5366
5366
5366
5368
5368
5368
5368
5368
5368
5370
5370
5372
5372
5374
5374
5374
5376
5376
5378
5378
5380
5380
5380
5380
5382
5382
5382
5382
5382
5384
5384
5386
5386
5386
5388
5388
5388
5390
5390
5390
5392
5392
5392
5392
5392
5392
5392
5392
5394
5394
5396
5396
5398
5398
5400
5402
5402
5402
5402
5404
5404
5404
5404
5404
5404
5406
5406
5406
5408
5408
5408
5408
5410
5410
5410
5410
5412
5412
5414
5414
5414
5414
5414
5416
5416
5418
5418
5418
5418
5418
5418
5420
5420
5420
5420
5420
5420
5420
5422
5422
5424
5424
5424
5424
5424
5424
5426
5426
5426
5428
5428
5428
5430
5430
5430
5432
5432
5432
5432
5432
5432
5432
5432
5432
5434
5434
5434
5436
5436
5436
5438
5438
5438
5440
5440
5440
5442
5442
5442
5444
5444
5444
5444
5444
5444
5444
5444
5446
5446
5446
5446
5448
5448
5450
5450
5450
5450
5450
5450
5450
5450
5452
5452
5452
5452
5452
5452
5454
5454
5454
5456
5456
5458
5458
5458
5460
5460
5462
5462
5462
5464
5466
5468
5468
5468
5472
5472
5472
5476
5478
5478
5480
5480
5480
5482
5482
5482
5484
5484
5484
5486
5486
5486
5488
5488
5490
5490
5492
5492
5494
5494
5494
5496
5498
5498
5500
5500
5500
5502
5502
5502
5502
5504
5504
5504
5504
5504
5506
5508
5508
5508
5510
5510
5514
5516
5516
5516
5518
5518
5518
5520
5520
5520
5520
5522
5522
5522
5524
5526
5528
5528
5530
5530
5532
5532
5532
5534
5534
5536
5538
5540
5542
5546
5546
5548
5548
5548
5548
5550
5552
5552
5554
5554
5556
5556
5558
5558
5558
5560
5560
5562
5562
5564
5564
5564
5564
5564
5566
5566
5568
5572
5572
5574
5574
5574
5574
5576
5580
5580
5584
5586
5590
5590
5590
5594
5596
5596
5596
5598
5598
5600
5602
5602
5604
5604
5606
5608
5610
5610
5612
5612
5612
5614
5614
5614
5618
5620
5622
5624
5624
5626
5628
5632
5634
5642
5644
5644
5646
5646
5646
5650
5652
5654
5654
5654
5654
5656
5658
5660
5660
5660
5660
5662
5668
5668
5670
5676
5678
5680
5680
5680
5680
5682
5684
5686
5686
5686
5686
5686
5688
5688
5688
5690
5692
5694
5694
5694
5694
5696
5696
5702
5704
5710
5710
5718
5720
5720
5732
5732
5734
5738
5740
5740
5742
5746
5746
5750
5752
5752
5756
5760
5762
5766
5766
5768
5768
5770
5772
5772
5774
5780
5782
5782
5784
5784
5788
5790
5792
5796
5798
5800
5800
5804
5808
5810
5810
5812
5814
5816
5820
5830
5832
5832
5834
5836
5840
5844
5846
5846
5852
5854
5856
5858
5858
5860
5862
5868
5870
5872
5872
5874
5874
5878
5878
5890
5890
5892
5892
5896
5902
5906
5906
5908
5908
5908
5912
5912
5916
5916
5916
5918
5920
5922
5926
5928
5930
5932
5936
5940
5940
5942
5944
5944
5946
5948
5950
5954
5954
5954
5966
5968
5970
5974
5974
5974
5974
5980
5980
5982
5984
5988
5988
5990
5998
5998
6008
6010
6010
6012
6014
6016
6018
6020
6020
6026
6028
6030
6032
6032
6032
6036
6038
6042
6048
6050
6050
6054
6054
6056
6058
6060
6060
6064
6066
6070
6072
6072
6072
6080
6082
6082
6084
6084
6090
6092
6094
6096
6096
6096
6102
6104
6106
6118
6120
6120
6122
6124
6134
6136
6138
6142
6152
6156
6162
6172
6176
6184
6192
6194
6194
6198
6200
6208
6220
6220
6222
6222
6230
6244
6254
6262
6266
6270
6272
6272
6282
6288
6290
6292
6296
6300
6300
6306
6318
6320
6328
6350
6360
6372
6376
6378
6384
6400
6408
6420
6422
6440
6480
6492
6500
6510
6512
6514
6518
6538
6570
6592
6598
6604
6622
6632
6640
6668
6680
6682
6714
6716
6718
6748
6786
6834
6894
7010
7018
7260
7730
7734
7950
8208
8220
8458
8634
8710
8796
9682
9770
9802
9858
9898
10058
10062
10166
10318
10428
10468
10540
10686
10956
11440
11538
11592
12056
12800
13150
13232
14330
16100
16318
16584
17316
17832
18472
18850
19040
19802
19996
20570
20848
21320
21586
21616
21978
22484
22980
23636
23662
23750
23806
24032
24080
24412
24426
25264
25316
25696
26138
26158
26514
27030
28190
29126
29280
31494
31506
32768
32954
34712
35408
35856
35902
35974
36030
39070
51424
