Latencies
5440
5512
5644
5730
5750
5750
5870
5916
5926
5928
5946
5966
5984
6016
6046
6082
6092
6108
6160
6178
6230
6240
6262
6292
6296
6300
6314
6338
6364
6406
6436
6440
6448
6488
6510
6528
6552
6632
6728
6744
6766
6778
6784
6816
6870
6930
6962
6992
6994
6998
7006
7066
7106
7152
7156
7186
7188
7196
7240
7260
7262
7268
7310
7316
7338
7410
7418
7436
7464
7472
7488
7532
7554
7592
7598
7612
7638
7646
7692
7728
7740
7750
7760
7780
7826
7868
7888
7902
7924
8020
8092
8136
8174
8176
8198
8198
8286
8306
8316
8318
8350
8394
8408
8446
8454
8488
8526
8554
8608
8616
8632
8638
8644
8646
8648
8686
8700
8716
8730
8746
8804
8810
8832
8844
8844
8894
8910
8912
8928
8946
8966
8996
9000
9000
9022
9072
9078
9114
9150
9156
9166
9180
9198
9200
9224
9236
9274
9286
9318
9384
9388
9396
9444
9444
9454
9462
9496
9508
9514
9522
9524
9550
9564
9564
9596
9630
9640
9644
9656
9664
9666
9680
9684
9720
9736
9744
9750
9754
9762
9764
9796
9796
9802
9840
9858
9860
9864
9892
9928
9978
9984
9998
10010
10048
10050
10050
10052
10082
10094
10118
10164
10212
10220
10236
10240
10270
10276
10278
10282
10302
10342
10374
10394
10406
10410
10428
10484
10488
10556
10586
10588
10610
10640
10644
10666
10688
10700
10706
10710
10740
10750
10768
10790
10830
10832
10842
10862
10872
10882
10924
10932
10934
11046
11064
11078
11118
11168
11204
11238
11240
11258
11298
11512
11536
11606
11608
11626
11632
11658
11668
11686
11688
11698
11708
11738
11752
11764
11800
11812
11854
11896
11918
11932
11936
11940
11942
12002
12008
12032
12034
12130
12154
12198
12216
12224
12240
12292
12316
12320
12326
12348
12366
12370
12382
12432
12436
12450
12504
12534
12616
12618
12632
12634
12646
12690
12720
12774
12784
12788
12804
12924
12930
12980
12984
13000
13002
13048
13048
13052
13054
13108
13110
13130
13164
13176
13180
13268
13292
13300
13352
13366
13370
13372
13382
13410
13426
13430
13438
13458
13464
13494
13544
13550
13558
13580
13592
13606
13656
13688
13700
13704
13714
13742
13758
13762
13772
13822
13826
13844
13846
13880
13910
13938
13952
13990
14010
14032
14082
14130
14150
14156
14170
14248
14284
14286
14300
14318
14336
14338
14340
14346
14354
14358
14362
14364
14386
14434
14442
14446
14452
14472
14500
14530
14542
14556
14602
14610
14610
14616
14628
14630
14632
14632
14660
14678
14680
14734
14748
14752
14780
14782
14788
14800
14812
14814
14832
14870
14874
14886
14904
14912
14916
14924
14932
14944
14950
14956
14974
14976
14982
14982
14996
15000
15028
15044
15054
15068
15074
15076
15084
15098
15098
15102
15106
15128
15146
15148
15194
15206
15228
15236
15262
15266
15268
15276
15284
15294
15300
15306
15316
15330
15340
15342
15356
15358
15360
15378
15380
15384
15406
15406
15410
15440
15440
15466
15502
15516
15524
15536
15548
15558
15568
15570
15608
15610
15630
15810
15826
15866
15884
15892
15924
15938
15956
15992
16040
16040
16058
16070
16170
16234
16246
16296
16324
16346
16354
16360
16374
16522
16552
16590
16612
16636
16638
16656
16732
16780
16834
16838
16956
16974
17014
17028
17068
17074
17096
17112
17152
17156
17174
17186
17194
17240
17242
17264
17284
17314
17332
17344
17358
17396
17400
17422
17450
17462
17556
17570
17648
17648
17686
17732
17736
17760
17762
17768
17778
17778
17852
17898
17900
17942
17986
18004
18038
18068
18092
18134
18150
18184
18212
18216
18272
18276
18304
18362
18378
18392
18404
18462
18508
18536
18644
18664
18692
18780
18846
18892
18900
19006
19010
19068
19100
19106
19162
19180
19184
19186
19202
19224
19250
19268
19272
19288
19326
19372
19546
19648
19772
19786
19788
19796
19810
19830
19886
19908
19946
19968
20060
20188
20294
20306
20328
20406
20416
20468
20474
20524
20558
20566
20676
20716
20812
20912
20950
20960
20984
21006
21060
21066
21078
21098
21144
21190
21202
21280
21288
21310
21364
21382
21410
21488
21558
21572
21632
21656
21676
21682
21686
21694
21816
21900
21906
21940
21978
22026
22056
22072
22200
22208
22214
22222
22288
22298
22446
22566
22656
22658
22668
22736
22744
22826
22858
22960
23046
23086
23108
23132
23166
23236
23286
23312
23330
23336
23350
23414
23448
23448
23492
23494
23510
23540
23570
23636
23668
23700
23704
23722
23724
23730
23818
23852
23860
23884
23900
23918
23922
23926
23934
23946
23986
24058
24086
24106
24108
24110
24116
24140
24162
24198
24214
24222
24224
24276
24298
24310
24322
24326
24328
24358
24390
24396
24404
24414
24426
24452
24476
24492
24506
24514
24514
24532
24540
24544
24552
24574
24584
24598
24640
24690
24692
24694
24706
24708
24712
24736
24744
24744
24748
24764
24766
24792
24796
24798
24812
24834
24842
24856
24858
24878
24882
24908
24920
24984
24984
24992
24994
25004
25040
25052
25056
25058
25070
25072
25082
25082
25108
25152
25192
25192
25208
25226
25234
25258
25276
25278
25294
25294
25334
25356
25400
25420
25442
25458
25710
25830
25838
25876
25934
25968
26024
26416
26492
26544
26922
26942
27182
27866
27948
28114
28246
28342
28704
28744
28802
29024
29144
29354
29370
29888
30410
30428
30806
30886
30942
31016
31056
31152
31514
31592
31628
31724
31918
32084
32114
32420
32508
32534
32748
32748
32768
33034
33218
33662
33710
33742
33768
34110
34126
34264
34578
34672
35082
35130
35308
35478
35518
36466
36928
36970
37000
37394
37736
37778
37982
38078
38214
38282
38494
38624
39188
39726
40194
40874
40970
41102
41662
42422
42442
42690
43038
43062
43130
43410
43666
43694
43704
43868
44012
44156
44164
44280
44332
44488
44684
45470
45662
45674
45694
45928
46438
46630
46892
47038
47608
48076
48764
49134
49796
50016
50736
50830
50954
52460
52954
53110
53602
54026
54168
54910
55218
55846
56092
56594
59354
60010
61340
62504
64184
65826
67710
72236
76000
78154
79330
89140
119908
