Latencies
5300
5304
5306
5310
5318
5328
5334
5338
5354
5372
5374
5394
5400
5404
5404
5410
5410
5416
5418
5420
5424
5434
5440
5444
5460
5466
5468
5470
5490
5492
5494
5500
5512
5516
5524
5532
5546
5548
5548
5552
5554
5560
5572
5580
5584
5590
5596
5598
5600
5620
5622
5626
5630
5634
5634
5636
5648
5664
5668
5670
5672
5674
5674
5676
5678
5684
5692
5698
5700
5712
5714
5726
5726
5732
5740
5742
5754
5762
5768
5770
5770
5770
5778
5786
5786
5828
5830
5838
5846
5854
5870
5872
5874
5884
5894
5900
5900
5902
5908
5908
5916
5916
5918
5932
5934
5934
5934
5944
5952
5962
5966
5972
5976
5978
5998
5998
6000
6006
6020
6024
6026
6034
6040
6042
6050
6062
6070
6076
6080
6082
6086
6100
6118
6120
6136
6136
6144
6174
6186
6186
6188
6192
6192
6200
6202
6202
6210
6218
6222
6246
6246
6258
6264
6310
6310
6320
6338
6340
6346
6356
6358
6378
6402
6412
6426
6426
6430
6442
6442
6476
6492
6494
6504
6504
6506
6524
6544
6568
6576
6576
6578
6582
6610
6610
6622
6656
6682
6684
6698
6708
6726
6766
6770
6778
6786
6794
6800
6802
6822
6830
6840
6870
6906
6910
6922
6936
6984
6994
7004
7032
7038
7088
7094
7122
7158
7160
7160
7164
7172
7174
7174
7176
7216
7218
7228
7232
7276
7280
7288
7290
7290
7296
7324
7324
7352
7376
7388
7398
7442
7458
7470
7480
7492
7516
7540
7558
7566
7598
7658
7660
7676
7716
7790
7838
7852
7862
7868
7874
7878
7892
7904
7918
7948
7962
7974
7982
8004
8022
8044
8050
8066
8084
8108
8126
8142
8160
8176
8204
8226
8240
8256
8320
8368
8378
8384
8408
8412
8426
8426
8430
8444
8456
8498
8500
8502
8534
8540
8542
8590
8616
8646
8668
8670
8702
8718
8718
8740
8742
8746
8758
8772
8800
8806
8814
8814
8820
8890
8906
8918
8920
8926
8938
8938
8942
8944
8962
8984
8990
9000
9036
9036
9060
9064
9074
9108
9120
9138
9148
9156
9186
9190
9190
9192
9258
9262
9274
9278
9282
9304
9304
9318
9340
9370
9386
9394
9398
9406
9416
9422
9422
9426
9438
9482
9486
9488
9546
9568
9582
9584
9648
9660
9702
9730
9748
9758
9760
9766
9772
9780
9804
9820
9858
9874
9880
9886
9904
9968
10036
10042
10046
10084
10092
10110
10110
10118
10176
10222
10222
10240
10246
10258
10278
10288
10314
10320
10336
10342
10358
10406
10410
10424
10436
10446
10482
10482
10482
10488
10514
10516
10516
10528
10536
10546
10566
10584
10624
10654
10664
10668
10680
10682
10684
10698
10728
10764
10798
10824
10830
10842
10846
10848
10856
10876
10890
10920
10934
10934
10960
10976
11012
11020
11020
11022
11024
11040
11042
11052
11112
11118
11122
11172
11186
11188
11194
11206
11244
11244
11244
11260
11382
11386
11390
11394
11396
11402
11416
11442
11470
11504
11520
11532
11570
11592
11596
11652
11658
11722
11734
11736
11742
11772
11782
11808
11810
11832
11836
11840
11850
11856
11858
11864
11872
11886
11912
11944
11976
12014
12022
12032
12036
12050
12054
12056
12060
12064
12092
12096
12134
12140
12174
12176
12180
12184
12190
12208
12286
12366
12376
12460
12472
12500
12530
12568
12572
12582
12592
12616
12624
12648
12648
12670
12706
12716
12718
12728
12792
12802
12808
12818
12822
12844
12846
12898
12906
12910
12916
12930
12950
12966
12986
13008
13016
13028
13038
13136
13148
13190
13200
13218
13244
13244
13250
13264
13282
13288
13292
13294
13306
13318
13336
13340
13348
13352
13366
13366
13372
13374
13408
13410
13424
13460
13506
13510
13540
13540
13576
13586
13588
13588
13590
13592
13594
13632
13636
13638
13642
13658
13688
13718
13730
13742
13746
13766
13766
13774
13796
13802
13832
13836
13896
13974
13988
13990
13992
14004
14006
14046
14060
14080
14090
14090
14108
14118
14120
14142
14168
14176
14192
14196
14200
14220
14228
14232
14242
14244
14246
14248
14254
14254
14264
14274
14298
14298
14302
14322
14322
14328
14332
14344
14346
14358
14360
14366
14372
14374
14380
14382
14384
14384
14402
14404
14408
14428
14438
14440
14462
14462
14472
14482
14484
14484
14488
14488
14496
14516
14528
14530
14532
14532
14534
14536
14556
14556
14558
14566
14570
14580
14580
14580
14584
14588
14592
14594
14602
14602
14606
14608
14616
14620
14620
14630
14638
14640
14644
14650
14660
14662
14664
14666
14670
14672
14676
14676
14682
14688
14694
14698
14698
14700
14702
14718
14722
14722
14724
14728
14738
14744
14754
14758
14772
14798
14812
14822
14822
14830
14832
14846
14850
14850
14852
14854
14860
14862
14870
14870
14870
14876
14876
14880
14880
14886
14892
14910
14914
14918
14924
14928
14936
14964
14968
14976
14982
14986
14992
14998
15000
15002
15006
15014
15024
15028
15028
15030
15032
15036
15038
15038
15044
15050
15052
15054
15068
15070
15072
15076
15086
15092
15102
15110
15110
15112
15136
15138
15140
15140
15144
15146
15148
15150
15154
15156
15158
15160
15170
15172
15184
15186
15188
15192
15202
15208
15210
15218
15222
15224
15236
15248
15250
15252
15258
15260
15262
15264
15264
15280
15288
15290
15292
15294
15298
15306
15316
15324
15330
15366
15366
15384
15386
15390
15392
15396
15408
15420
15420
15422
15424
15428
15448
15456
15472
15480
15498
15504
15506
15508
15518
15550
15560
15560
15572
15574
15596
15600
15608
15608
15634
15636
15640
15644
15654
15702
15752
15758
15772
15800
15802
15814
15824
15824
15838
15846
15882
15888
16084
16158
16228
16256
16412
17230
17802
17876
17884
18048
18560
18932
19316
19784
20268
20656
20966
21202
21208
22662
23898
23920
23990
24008
24046
24100
24334
24440
24474
24506
24554
24556
24616
24900
25218
25226
25330
25794
25928
26044
28048
28914
29216
30450
30606
31168
31904
32342
32446
32536
34798
34842
34908
35520
36746
38334
39476
39662
40448
41178
41396
42414
42578
42842
44470
44656
44760
45220
45480
49968
117144
211826
