Latencies
5188
5198
5200
5202
5202
5204
5212
5220
5222
5222
5228
5236
5238
5238
5244
5254
5258
5258
5270
5270
5270
5270
5272
5272
5272
5274
5278
5280
5282
5292
5296
5296
5298
5298
5298
5298
5300
5300
5300
5302
5308
5310
5312
5314
5318
5318
5320
5324
5324
5324
5326
5332
5332
5332
5332
5332
5332
5334
5334
5334
5336
5338
5338
5338
5340
5340
5342
5344
5344
5346
5346
5346
5346
5348
5350
5350
5352
5352
5354
5354
5354
5356
5356
5358
5358
5360
5360
5362
5362
5364
5364
5364
5364
5366
5366
5366
5368
5368
5368
5368
5370
5372
5372
5374
5374
5374
5374
5376
5376
5378
5378
5378
5378
5378
5378
5380
5380
5380
5380
5380
5382
5382
5384
5384
5384
5384
5384
5384
5386
5386
5386
5386
5386
5386
5388
5388
5388
5388
5388
5390
5390
5392
5392
5394
5394
5394
5394
5396
5396
5396
5398
5400
5400
5400
5400
5402
5402
5402
5404
5404
5406
5406
5406
5406
5406
5408
5408
5408
5408
5408
5410
5410
5410
5412
5412
5412
5412
5414
5414
5416
5416
5416
5416
5416
5418
5418
5420
5420
5422
5422
5422
5422
5422
5424
5424
5424
5426
5426
5426
5426
5428
5428
5428
5428
5428
5428
5428
5428
5430
5432
5434
5434
5434
5436
5436
5436
5438
5438
5438
5438
5438
5438
5440
5440
5440
5440
5440
5442
5442
5442
5444
5444
5444
5444
5444
5448
5448
5448
5448
5448
5450
5450
5452
5452
5452
5454
5454
5454
5454
5456
5456
5458
5458
5458
5458
5460
5462
5462
5462
5462
5464
5464
5464
5464
5464
5466
5466
5466
5468
5468
5468
5470
5470
5470
5470
5470
5470
5472
5474
5474
5476
5476
5476
5476
5476
5478
5478
5480
5480
5480
5480
5480
5482
5482
5482
5484
5484
5484
5484
5484
5486
5486
5486
5486
5488
5488
5488
5488
5488
5490
5490
5490
5490
5492
5494
5494
5494
5496
5496
5496
5498
5498
5498
5498
5498
5498
5500
5500
5500
5500
5502
5504
5504
5506
5506
5506
5506
5508
5508
5508
5508
5508
5508
5510
5512
5512
5512
5512
5514
5514
5516
5516
5518
5520
5522
5522
5522
5522
5522
5522
5524
5524
5524
5526
5526
5526
5526
5526
5526
5526
5530
5530
5530
5532
5532
5532
5532
5534
5534
5534
5534
5536
5536
5536
5536
5536
5536
5536
5540
5540
5540
5542
5542
5542
5542
5542
5544
5544
5544
5544
5546
5546
5546
5548
5548
5548
5548
5548
5550
5550
5550
5550
5552
5552
5552
5552
5552
5554
5554
5554
5556
5556
5556
5558
5558
5558
5558
5558
5558
5560
5562
5564
5564
5564
5564
5564
5564
5566
5568
5568
5568
5570
5570
5570
5570
5572
5572
5572
5572
5572
5574
5574
5576
5576
5578
5578
5578
5578
5578
5580
5580
5580
5582
5582
5582
5582
5582
5584
5586
5586
5586
5588
5588
5588
5590
5590
5592
5592
5592
5592
5594
5594
5594
5596
5596
5598
5600
5602
5602
5604
5604
5606
5606
5606
5606
5610
5610
5610
5610
5610
5612
5612
5612
5612
5614
5614
5616
5616
5618
5620
5620
5622
5622
5624
5624
5624
5624
5624
5624
5624
5626
5626
5628
5630
5632
5634
5634
5634
5638
5638
5640
5642
5642
5644
5646
5646
5648
5648
5648
5648
5648
5648
5648
5650
5650
5652
5656
5656
5656
5658
5658
5660
5666
5666
5666
5668
5668
5672
5672
5674
5674
5676
5678
5680
5680
5682
5682
5684
5684
5684
5688
5688
5690
5692
5692
5692
5694
5694
5698
5698
5698
5700
5702
5704
5706
5708
5708
5710
5710
5712
5714
5714
5714
5722
5722
5722
5724
5734
5734
5734
5734
5736
5738
5740
5740
5750
5750
5752
5752
5752
5752
5754
5756
5756
5758
5758
5758
5758
5758
5760
5762
5766
5766
5774
5780
5782
5786
5786
5788
5790
5794
5794
5798
5798
5800
5802
5802
5806
5808
5808
5808
5808
5808
5814
5814
5814
5818
5820
5820
5822
5822
5824
5826
5826
5828
5830
5830
5834
5836
5836
5838
5838
5842
5844
5846
5848
5850
5852
5854
5858
5858
5864
5864
5866
5866
5866
5868
5868
5870
5870
5872
5874
5876
5878
5882
5884
5886
5886
5888
5892
5896
5898
5898
5900
5902
5908
5910
5910
5914
5916
5916
5918
5918
5918
5922
5922
5922
5928
5932
5932
5936
5936
5940
5940
5942
5950
5952
5952
5956
5956
5956
5960
5962
5968
5970
5970
5970
5974
5974
5974
5976
5978
5980
5982
5982
5982
5982
5984
5984
5984
5986
5988
5992
5992
5992
5996
6002
6004
6008
6008
6010
6014
6014
6016
6018
6028
6030
6032
6032
6034
6034
6034
6038
6038
6040
6042
6044
6046
6048
6050
6058
6058
6068
6070
6070
6074
6078
6080
6080
6082
6086
6088
6090
6092
6094
6098
6098
6100
6104
6104
6106
6106
6110
6110
6110
6110
6110
6112
6112
6116
6128
6130
6132
6142
6144
6146
6146
6146
6146
6150
6152
6154
6158
6158
6162
6162
6164
6170
6176
6176
6180
6182
6182
6190
6194
6196
6200
6200
6204
6204
6208
6212
6216
6218
6220
6224
6226
6228
6230
6232
6234
6236
6236
6238
6240
6240
6248
6250
6250
6264
6264
6264
6266
6268
6276
6276
6280
6286
6292
6312
6314
6316
6322
6322
6328
6334
6336
6338
6352
6370
6372
6374
6378
6382
6414
6414
6442
6442
6450
6452
6462
6466
6468
6480
6484
6540
6568
6584
6586
6592
6596
6602
6606
6608
6672
6674
6692
6702
6706
6710
6714
6732
6732
6750
6766
6786
6790
6820
6860
6864
6866
6884
6892
6944
7086
7120
7362
7366
7392
7680
7748
7782
7840
8102
8422
8480
8650
8804
8828
9214
9514
9772
9996
11130
11978
12356
12730
12974
15420
15492
15622
15814
16230
16632
16722
17010
17420
17752
17796
17986
18046
18276
19650
19918
20676
20840
20898
21324
21728
22104
22254
22832
23138
23516
23774
24426
24686
25136
25204
25374
25450
25614
25670
25870
25956
26570
27270
27828
27932
30616
30880
31064
31092
31160
31486
31538
31766
31948
32654
33122
33682
35196
35204
35830
37836
40802
41820
44504
52334
76754
