Latencies
5088
5116
5128
5148
5160
5170
5172
5176
5180
5184
5188
5192
5198
5200
5202
5206
5208
5208
5212
5212
5214
5218
5218
5218
5224
5228
5230
5230
5232
5236
5236
5240
5240
5242
5244
5244
5246
5250
5250
5254
5254
5256
5256
5258
5260
5260
5262
5262
5262
5262
5264
5264
5266
5268
5268
5268
5268
5270
5270
5270
5272
5272
5272
5274
5274
5276
5276
5278
5280
5284
5284
5284
5286
5286
5288
5288
5292
5292
5292
5292
5292
5294
5294
5296
5296
5296
5296
5296
5296
5298
5298
5298
5298
5300
5300
5302
5302
5302
5304
5304
5306
5306
5306
5308
5310
5310
5310
5312
5314
5314
5314
5316
5316
5316
5318
5318
5320
5320
5320
5322
5322
5322
5324
5324
5326
5328
5328
5328
5328
5330
5330
5332
5332
5332
5332
5332
5334
5334
5336
5336
5336
5336
5336
5338
5338
5338
5338
5340
5340
5340
5340
5340
5340
5340
5342
5342
5342
5342
5342
5342
5344
5344
5344
5344
5344
5344
5346
5346
5346
5346
5348
5348
5348
5348
5348
5348
5350
5350
5350
5350
5350
5352
5352
5354
5354
5354
5354
5354
5354
5354
5354
5354
5358
5358
5358
5358
5360
5360
5360
5360
5360
5360
5360
5360
5360
5362
5362
5362
5362
5364
5364
5364
5364
5364
5366
5366
5366
5368
5368
5370
5370
5372
5372
5372
5374
5374
5374
5376
5378
5378
5378
5378
5378
5380
5380
5380
5380
5382
5382
5382
5384
5384
5384
5384
5384
5384
5386
5386
5386
5386
5386
5386
5388
5388
5388
5388
5388
5388
5390
5390
5392
5392
5392
5392
5392
5392
5392
5392
5392
5394
5394
5394
5394
5394
5394
5394
5394
5394
5396
5396
5396
5396
5398
5398
5398
5398
5400
5400
5400
5400
5400
5400
5400
5400
5402
5402
5402
5402
5402
5402
5404
5404
5404
5406
5406
5406
5408
5408
5408
5408
5410
5410
5410
5410
5410
5410
5412
5412
5412
5414
5414
5414
5416
5416
5416
5416
5418
5418
5418
5418
5418
5420
5420
5422
5422
5422
5422
5424
5426
5426
5426
5428
5428
5428
5430
5430
5430
5430
5432
5432
5434
5438
5440
5440
5440
5442
5444
5444
5446
5446
5446
5448
5448
5450
5452
5454
5454
5456
5456
5456
5456
5456
5458
5458
5460
5460
5462
5462
5464
5464
5464
5466
5466
5466
5470
5470
5472
5472
5472
5474
5474
5474
5476
5476
5478
5478
5478
5478
5478
5480
5480
5480
5482
5482
5482
5484
5484
5484
5484
5486
5486
5488
5488
5490
5492
5492
5494
5494
5494
5494
5498
5498
5498
5498
5500
5500
5500
5500
5500
5500
5502
5502
5502
5504
5506
5508
5508
5508
5508
5508
5510
5510
5512
5512
5512
5512
5512
5514
5514
5514
5516
5516
5518
5520
5528
5530
5532
5534
5534
5536
5536
5536
5538
5538
5540
5540
5542
5542
5544
5546
5546
5548
5548
5548
5550
5550
5554
5556
5556
5558
5560
5560
5560
5560
5562
5562
5564
5566
5568
5570
5570
5572
5574
5574
5574
5574
5580
5580
5584
5584
5586
5588
5588
5588
5588
5590
5590
5590
5590
5592
5596
5600
5604
5604
5606
5606
5608
5608
5608
5608
5610
5610
5610
5610
5610
5616
5616
5616
5616
5618
5620
5622
5624
5626
5626
5626
5626
5628
5630
5634
5636
5640
5640
5642
5644
5646
5648
5652
5654
5654
5658
5660
5662
5666
5668
5670
5674
5674
5674
5674
5676
5676
5678
5680
5680
5682
5684
5686
5686
5686
5692
5692
5696
5696
5702
5704
5706
5706
5706
5708
5708
5710
5712
5714
5716
5716
5718
5720
5724
5724
5724
5726
5728
5732
5734
5734
5738
5740
5742
5744
5746
5746
5748
5748
5756
5756
5758
5758
5758
5762
5762
5764
5766
5766
5768
5772
5774
5774
5780
5780
5782
5782
5784
5784
5786
5788
5790
5800
5802
5804
5806
5806
5808
5810
5814
5814
5818
5820
5820
5822
5824
5824
5824
5826
5828
5828
5830
5832
5832
5838
5840
5842
5842
5844
5844
5846
5846
5846
5850
5850
5856
5856
5860
5862
5866
5868
5868
5868
5870
5872
5874
5874
5876
5876
5876
5878
5878
5884
5884
5884
5884
5884
5886
5886
5888
5888
5888
5890
5890
5892
5892
5892
5894
5896
5898
5900
5900
5906
5908
5908
5910
5910
5912
5914
5914
5920
5924
5924
5924
5926
5926
5930
5934
5936
5940
5940
5942
5942
5946
5948
5948
5950
5950
5950
5952
5956
5956
5956
5960
5970
5972
5972
5974
5976
5976
5976
5980
5986
5988
5990
5992
5994
5994
5996
5996
5998
6000
6004
6006
6008
6008
6012
6014
6016
6018
6020
6032
6034
6036
6036
6038
6038
6040
6040
6040
6042
6044
6046
6048
6050
6052
6058
6062
6064
6068
6068
6068
6070
6072
6072
6074
6080
6082
6082
6084
6088
6090
6092
6092
6092
6096
6098
6106
6106
6114
6116
6118
6118
6124
6126
6126
6126
6130
6132
6132
6134
6146
6146
6150
6152
6152
6154
6154
6156
6160
6164
6164
6166
6174
6174
6182
6188
6190
6196
6198
6202
6206
6208
6214
6220
6220
6226
6234
6236
6240
6246
6248
6250
6254
6254
6262
6264
6270
6284
6294
6318
6320
6322
6326
6328
6332
6338
6342
6344
6352
6370
6374
6392
6396
6404
6430
6430
6448
6450
6452
6456
6462
6476
6484
6490
6504
6506
6508
6528
6530
6534
6538
6552
6574
6584
6586
6624
6626
6642
6650
6674
6684
6686
6694
6858
6938
6942
7024
7026
7026
7058
7074
7086
7148
7162
7288
7288
7294
7346
7462
7616
7696
7864
7868
7878
8232
8266
8292
8560
8624
8792
8840
8906
9164
9392
9492
9558
9568
10294
10634
10838
10952
11198
11208
11700
11730
12576
12674
12994
13278
13434
14526
14582
14766
14962
15236
15550
15636
15832
16106
16608
16742
17900
17912
18168
18234
18394
18474
18524
19286
20430
20576
20736
21164
21208
21932
22324
22496
23708
24768
24826
24992
25096
25106
25230
25234
25260
25386
25780
25996
26212
26666
26986
29278
30410
30750
31722
32490
32842
33108
33832
34726
36596
38638
40478
53130
10312396
