Latencies
5248
5264
5268
5278
5294
5296
5302
5308
5310
5318
5338
5340
5352
5356
5362
5364
5368
5368
5380
5392
5392
5396
5402
5406
5416
5422
5428
5428
5442
5442
5450
5456
5462
5462
5482
5490
5490
5502
5504
5506
5506
5512
5516
5530
5538
5548
5552
5558
5564
5568
5580
5590
5592
5604
5606
5624
5626
5632
5634
5642
5646
5646
5658
5662
5664
5664
5674
5676
5682
5692
5692
5702
5702
5716
5724
5728
5742
5748
5754
5754
5764
5776
5788
5790
5808
5820
5830
5836
5842
5850
5868
5870
5880
5886
5898
5916
5920
5920
5922
5922
5928
5962
5962
5972
5972
5976
5986
5996
6008
6018
6032
6034
6040
6040
6042
6044
6054
6070
6084
6088
6090
6100
6100
6104
6112
6150
6168
6174
6186
6274
6286
6286
6306
6332
6334
6348
6378
6384
6390
6394
6404
6406
6414
6418
6442
6444
6446
6446
6458
6474
6490
6506
6536
6546
6598
6612
6618
6618
6642
6674
6674
6688
6704
6722
6746
6758
6764
6796
6798
6800
6806
6836
6882
6884
6886
6890
6892
6904
6918
6984
7054
7058
7082
7086
7116
7126
7130
7134
7206
7214
7240
7258
7258
7280
7290
7320
7364
7380
7382
7394
7404
7406
7442
7458
7460
7470
7480
7492
7498
7502
7510
7520
7524
7566
7570
7588
7614
7626
7626
7640
7652
7666
7676
7682
7686
7702
7770
7776
7792
7794
7814
7826
7830
7842
7850
7888
7898
7904
7910
7928
7978
8016
8024
8024
8032
8032
8090
8090
8094
8136
8192
8206
8226
8310
8328
8340
8350
8354
8354
8358
8366
8372
8382
8392
8444
8460
8484
8520
8530
8544
8586
8608
8626
8632
8676
8686
8694
8734
8804
8818
8870
8918
8932
8958
8982
9014
9032
9038
9110
9132
9158
9194
9198
9198
9278
9300
9374
9434
9442
9464
9474
9532
9554
9584
9634
9640
9648
9652
9698
9770
9788
9810
9810
9844
9872
9882
9896
9898
9898
9924
9944
10004
10004
10036
10052
10076
10076
10106
10160
10162
10200
10216
10238
10260
10264
10322
10358
10382
10428
10456
10472
10490
10494
10514
10586
10586
10654
10766
10774
10812
10834
10838
10848
10860
10882
11012
11092
11092
11114
11126
11132
11152
11188
11202
11264
11270
11348
11350
11432
11442
11450
11490
11492
11598
11628
11656
11708
11710
11718
11726
11760
11784
11796
11808
11826
11832
11844
11900
11906
11918
11942
11956
12006
12110
12112
12122
12126
12130
12134
12168
12188
12208
12286
12310
12326
12380
12402
12418
12422
12424
12450
12484
12498
12522
12542
12560
12614
12658
12664
12676
12696
12696
12700
12752
12752
12762
12786
12794
12802
12818
12840
12846
12864
12866
12906
12954
12958
12964
12980
12992
13040
13078
13092
13132
13164
13188
13206
13212
13246
13272
13296
13328
13332
13344
13358
13380
13410
13430
13456
13464
13510
13518
13526
13542
13560
13584
13612
13616
13618
13666
13684
13710
13744
13766
13806
13830
13836
13838
13890
13976
13986
13998
14010
14012
14024
14060
14060
14076
14088
14124
14126
14140
14152
14206
14230
14238
14272
14274
14278
14278
14282
14312
14318
14326
14346
14348
14350
14370
14384
14386
14402
14412
14412
14412
14412
14426
14446
14466
14472
14492
14514
14516
14516
14530
14530
14546
14548
14556
14566
14570
14572
14578
14594
14602
14602
14602
14618
14638
14642
14644
14644
14644
14644
14646
14650
14652
14652
14652
14662
14678
14678
14678
14684
14692
14698
14700
14704
14710
14714
14732
14742
14756
14758
14758
14764
14768
14772
14778
14788
14792
14796
14802
14804
14808
14808
14816
14816
14818
14820
14824
14830
14832
14834
14834
14850
14856
14868
14868
14872
14880
14882
14896
14904
14904
14914
14920
14924
14924
14926
14926
14930
14934
14948
14958
14972
14994
14996
15002
15016
15022
15026
15030
15032
15032
15034
15036
15036
15036
15042
15044
15044
15050
15056
15062
15074
15076
15114
15116
15118
15120
15120
15126
15134
15134
15134
15138
15146
15152
15156
15160
15162
15164
15164
15166
15168
15170
15174
15178
15178
15178
15178
15180
15182
15182
15184
15190
15192
15194
15204
15204
15208
15210
15212
15216
15220
15234
15242
15244
15258
15264
15274
15274
15276
15280
15280
15282
15284
15286
15290
15292
15302
15328
15336
15340
15348
15354
15362
15370
15380
15396
15396
15396
15400
15402
15406
15432
15434
15440
15460
15470
15470
15488
15502
15506
15510
15512
15526
15532
15552
15556
15568
15570
15614
15648
15650
15652
15664
15668
15674
15682
15708
15724
15724
15754
15758
15766
15770
15794
15814
15876
15880
15886
15986
16062
16074
16122
16398
16408
16434
16590
16594
16650
16960
16976
17226
17282
17300
17414
17838
17974
18080
18106
18182
18218
18492
18500
18774
18916
18998
19046
19086
19120
19132
19180
19182
19208
19208
19226
19256
19374
19390
19450
19452
19492
19584
19618
19636
19722
19824
19950
19972
20104
20108
20372
20382
20436
20794
20840
21020
21122
21148
21210
21230
21232
21262
21274
21384
21422
21510
21510
21532
21548
21576
21584
21838
21864
21888
21992
21994
22192
22290
22324
22358
22390
22450
22602
22654
22694
22714
22810
22828
22844
22884
22918
22936
22936
23140
23210
23294
23342
23430
23566
23570
23596
23622
23638
23752
23802
23816
23834
23834
23874
23906
23966
23980
24006
24026
24100
24138
24138
24150
24160
24182
24184
24196
24208
24224
24236
24268
24272
24288
24326
24334
24342
24344
24350
24358
24358
24364
24370
24422
24426
24442
24448
24450
24462
24462
24480
24482
24490
24492
24492
24500
24506
24536
24560
24564
24568
24572
24580
24598
24624
24626
24628
24632
24654
24662
24668
24676
24694
24702
24706
24710
24714
24718
24724
24726
24730
24744
24744
24750
24752
24752
24760
24776
24786
24800
24806
24820
24822
24836
24850
24906
24918
24920
24926
24942
24942
24946
24960
24968
24994
25020
25046
25054
25058
25062
25068
25086
25092
25108
25120
25128
25130
25156
25212
25222
25234
25280
25284
25302
25308
25336
25346
25370
25380
25438
25440
25502
25512
25516
25522
25536
25546
25554
25630
25656
25744
25800
25824
25848
25858
25894
25966
26040
26156
28276
29786
30642
31426
31940
32746
32924
33938
34000
34068
34076
34292
34380
34480
34600
34622
34826
35052
43744
45474
55662
58462
732446
1469456
