Latencies
5386
5386
5412
5422
5472
5488
5514
5580
5628
5672
5688
5698
5714
5728
5778
5796
5796
5800
5812
5828
5830
5830
5836
5842
5858
5858
5858
5914
5932
5948
5948
5952
5962
5976
5986
6016
6024
6032
6036
6086
6110
6128
6128
6128
6134
6146
6146
6150
6158
6182
6194
6198
6216
6218
6228
6248
6254
6274
6280
6284
6312
6344
6366
6392
6406
6418
6434
6436
6444
6480
6484
6492
6524
6536
6566
6576
6596
6612
6628
6630
6632
6674
6696
6720
6728
6740
6740
6756
6758
6772
6778
6796
6814
6842
6860
6862
6884
6946
6960
6972
7002
7018
7018
7084
7086
7118
7126
7126
7130
7130
7134
7148
7176
7212
7332
7334
7370
7374
7380
7398
7448
7460
7498
7528
7534
7564
7616
7640
7718
7730
7744
7748
7804
7810
7826
7844
7848
7880
7900
7904
7912
7920
7970
8008
8076
8098
8100
8120
8142
8144
8190
8218
8234
8324
8328
8334
8334
8354
8356
8472
8512
8530
8536
8568
8618
8622
8634
8664
8714
8734
8746
8752
8760
8766
8768
8806
8814
8818
8824
8846
8846
8954
8958
8966
8972
8978
8998
9036
9036
9050
9078
9116
9126
9132
9260
9266
9338
9342
9406
9406
9428
9446
9450
9534
9628
9672
9680
9728
9746
9766
9772
9818
9820
9832
9852
9866
9870
9934
9948
9948
9952
9958
9968
9990
10042
10116
10122
10144
10152
10170
10172
10176
10230
10236
10268
10284
10334
10410
10412
10446
10522
10528
10534
10550
10550
10624
10632
10638
10640
10652
10670
10678
10742
10800
10814
10816
10886
10928
10958
10960
10984
10994
11028
11060
11138
11214
11216
11238
11246
11252
11258
11280
11306
11310
11314
11340
11360
11406
11426
11438
11442
11456
11458
11458
11474
11490
11500
11528
11540
11550
11574
11586
11594
11622
11708
11726
11764
11790
11796
11826
11898
11900
11900
11936
11966
11968
12050
12058
12072
12094
12110
12128
12168
12212
12232
12260
12274
12298
12320
12322
12322
12354
12388
12540
12540
12564
12570
12576
12608
12664
12680
12684
12726
12764
12776
12780
12800
12802
12816
12834
12876
12882
12898
12944
12946
13042
13056
13064
13136
13148
13156
13216
13228
13232
13240
13246
13248
13284
13294
13294
13320
13360
13416
13424
13494
13508
13520
13524
13530
13552
13552
13632
13634
13636
13656
13674
13680
13698
13746
13758
13762
13786
13816
13824
13832
13832
13838
13892
13900
13942
13966
13976
13978
13984
13996
14030
14046
14074
14092
14108
14148
14190
14250
14264
14288
14340
14340
14396
14396
14398
14426
14432
14436
14452
14474
14476
14502
14504
14508
14554
14620
14624
14630
14630
14644
14646
14674
14676
14694
14694
14700
14706
14718
14722
14730
14754
14756
14764
14766
14770
14774
14776
14778
14782
14786
14802
14810
14818
14822
14826
14838
14848
14850
14858
14880
14882
14884
14888
14894
14908
14914
14916
14954
14954
14974
14978
14980
14986
14990
15004
15004
15008
15008
15026
15028
15028
15030
15032
15038
15048
15054
15068
15074
15074
15084
15088
15090
15098
15104
15106
15112
15128
15128
15158
15160
15176
15178
15192
15200
15202
15210
15216
15222
15226
15240
15244
15250
15258
15266
15270
15270
15282
15286
15288
15288
15290
15298
15300
15304
15312
15312
15316
15316
15324
15328
15328
15338
15354
15356
15358
15362
15364
15368
15378
15394
15416
15416
15448
15454
15456
15468
15474
15492
15502
15502
15514
15514
15526
15528
15528
15546
15594
15600
15620
15620
15626
15632
15640
15650
15654
15654
15684
15684
15686
15688
15692
15708
15724
15748
15748
15748
15750
15752
15758
15770
15770
15784
15784
15808
15814
15828
15830
15830
15832
15858
15862
15864
15876
15884
15894
15908
15910
15964
15998
16010
16038
16042
16058
16080
16088
16096
16126
16140
16142
16142
16184
16190
16216
16234
16268
16302
16310
16328
16348
16370
16374
16430
16434
16450
16462
16536
16574
16612
16666
16734
16816
16844
16848
16850
16856
16956
17010
17032
17140
17156
17166
17220
17258
17268
17282
17290
17310
17422
17466
17538
17590
17610
17622
17650
17682
17684
17698
17762
17798
17938
17992
18056
18102
18118
18246
18402
18566
18586
18596
18608
18664
18716
18722
18764
19154
19174
19216
19502
19504
19562
19574
19630
19630
19634
19694
19790
19798
19816
19836
19856
20006
20008
20016
20020
20066
20158
20270
20334
20426
20536
20546
20546
20586
20606
20608
20610
20680
20694
20706
20716
20782
20804
20820
20832
20836
20840
20842
20864
20876
20880
20884
20896
20932
20954
21036
21050
21142
21154
21190
21240
21274
21296
21314
21338
21408
21430
21430
21518
21572
21624
21634
21662
21692
21698
21706
21742
21750
21846
21866
21870
22140
22200
22226
22350
22352
22366
22374
22380
22392
22398
22542
22590
22590
22590
22604
22688
22748
22752
22776
22782
22798
22982
23004
23010
23036
23076
23198
23216
23216
23240
23242
23280
23298
23310
23310
23324
23398
23404
23498
23558
23566
23590
23652
23668
23670
23672
23740
23742
23822
23828
23874
23900
24076
24078
24090
24092
24092
24104
24126
24166
24186
24210
24210
24258
24282
24308
24358
24374
24426
24434
24444
24448
24454
24496
24508
24572
24580
24588
24600
24610
24612
24624
24638
24640
24666
24718
24722
24722
24730
24774
24778
24802
24816
24818
24836
24874
24886
24902
24936
24948
24948
24964
24976
24992
25000
25016
25030
25092
25124
25126
25136
25138
25156
25162
25164
25172
25178
25194
25276
25280
25286
25304
25304
25308
25320
25324
25326
25374
25382
25452
25524
25546
25554
25626
25642
25670
25688
25696
25710
25732
25746
25784
25806
25884
25916
25956
26112
26128
26144
26222
26346
26360
26602
26700
26814
26868
27110
27118
27416
27592
28146
28206
28750
29224
29586
29808
29818
29852
29922
30146
30346
30612
31274
31438
31518
31848
32528
33340
33354
33394
33630
33644
33904
33932
34144
34178
34458
34464
34528
34584
34752
35300
35484
35594
35760
35898
36236
41566
42980
44948
45216
45366
47076
55834
61146
156834
1961442
2667324
5275338
