Latencies
5374
5452
5458
5572
5632
5646
5698
5708
5762
5822
5824
5882
5898
5926
5928
5930
5984
6004
6072
6074
6078
6098
6132
6140
6160
6160
6180
6224
6226
6260
6288
6288
6302
6356
6382
6504
6568
6610
6616
6620
6630
6666
6762
6866
6888
6952
7054
7054
7080
7144
7198
7288
7298
7356
7462
7476
7546
7562
7592
7646
7678
7744
7810
7876
7926
8092
8100
8114
8118
8138
8204
8220
8284
8346
8444
8468
8540
8566
8618
8670
8694
8790
8806
8990
9016
9094
9134
9168
9228
9238
9298
9542
9576
9616
9658
9682
9686
9706
9728
9728
9802
9884
9890
9948
9962
10006
10034
10034
10062
10156
10192
10248
10276
10318
10318
10318
10370
10378
10380
10392
10422
10530
10554
10668
10698
10710
10804
10830
10856
10960
11016
11028
11034
11036
11050
11162
11208
11218
11290
11326
11402
11486
11502
11580
11620
11640
11654
11662
11676
11772
11808
11970
11974
11984
12060
12288
12356
12380
12410
12460
12518
12550
12580
12600
12602
12604
12624
12664
12700
12746
12806
12824
12894
12946
13146
13218
13328
13386
13400
13400
13408
13458
13502
13540
13552
13568
13592
13638
13642
13704
13714
13772
13808
13816
13952
13988
14018
14092
14100
14132
14152
14162
14184
14200
14202
14248
14278
14292
14334
14338
14362
14394
14414
14500
14502
14518
14520
14550
14560
14578
14590
14602
14620
14624
14670
14674
14678
14684
14710
14724
14726
14728
14746
14772
14780
14784
14804
14812
14818
14822
14826
14832
14832
14836
14842
14848
14854
14876
14900
14906
14920
14924
14932
14938
14944
14944
14944
14950
14978
15014
15022
15040
15042
15062
15062
15074
15092
15094
15100
15112
15116
15140
15150
15178
15180
15184
15212
15230
15230
15232
15254
15258
15282
15284
15288
15298
15302
15304
15306
15308
15308
15324
15336
15346
15352
15362
15382
15386
15404
15412
15418
15426
15428
15440
15446
15456
15460
15462
15528
15536
15546
15546
15550
15562
15576
15588
15630
15632
15636
15644
15648
15654
15674
15682
15708
15710
15716
15718
15746
15764
15782
15822
15828
15828
15834
15854
15870
15874
15894
15902
15928
15934
15942
16046
16052
16168
16200
16214
16222
16234
16254
16326
16326
16370
16416
16422
16426
16530
16540
16622
16630
16630
16674
16692
16708
16760
16864
16886
16900
17060
17074
17118
17132
17162
17294
17326
17402
17446
17534
17628
17630
17748
17880
17906
17938
17974
18016
18018
18034
18050
18062
18100
18208
18438
18458
18488
18510
18604
18662
18694
18814
18820
18868
18920
18944
18956
18962
18994
19000
19214
19416
19444
19460
19604
19612
19662
19702
19746
19780
19816
19856
19934
19946
20032
20066
20170
20218
20232
20254
20256
20256
20402
20424
20488
20498
20530
20620
20684
20712
20722
20802
20860
20886
20918
21016
21050
21100
21166
21182
21250
21254
21262
21328
21342
21440
21446
21508
21670
21672
21860
21900
21976
22024
22044
22046
22060
22106
22170
22200
22242
22320
22320
22402
22402
22434
22520
22530
22568
22568
22634
22650
22720
22780
22824
22872
22916
22940
22958
22986
22996
23000
23006
23022
23024
23048
23106
23118
23144
23152
23154
23180
23218
23246
23256
23394
23420
23490
23538
23558
23578
23610
23616
23742
23850
23888
23900
23920
23980
24000
24010
24070
24114
24128
24232
24248
24252
24268
24278
24294
24300
24306
24338
24384
24412
24452
24476
24516
24528
24578
24584
24588
24588
24590
24594
24598
24628
24634
24648
24662
24666
24724
24730
24750
24754
24756
24778
24800
24802
24810
24840
24846
24860
24872
24884
24892
24992
25000
25016
25060
25078
25090
25102
25110
25120
25160
25162
25242
25252
25302
25320
25320
25396
25428
25536
25542
25564
25580
25580
25586
25586
25590
25602
25604
25618
25728
25750
25790
25828
25886
26020
26276
26324
26406
26478
26480
26486
26494
26576
26620
26628
26702
26738
26842
26886
26936
26938
26966
26968
27038
27140
27188
27264
27292
27296
27474
27498
27514
27540
27564
27712
27768
27786
27788
27800
27822
27902
27940
27948
27950
27956
27960
28066
28110
28168
28200
28224
28282
28302
28304
28340
28358
28416
28418
28424
28474
28544
28552
28606
28634
28706
28708
28718
28796
28848
28852
28894
28950
28954
28988
28994
29050
29064
29066
29146
29182
29228
29266
29304
29324
29372
29376
29388
29444
29446
29476
29502
29510
29562
29592
29616
29652
29714
29726
29748
29918
29950
29970
29994
30000
30084
30184
30246
30248
30332
30332
30334
30452
30462
30470
30512
30662
30716
30784
30796
30830
30858
30938
31002
31040
31058
31208
31210
31244
31320
31326
31356
31364
31364
31366
31398
31408
31438
31442
31502
31544
31578
31664
31678
31694
31710
31736
31934
32086
32152
32182
32296
32410
32506
32516
32526
32530
32544
32572
32584
32654
32806
32962
33046
33146
33210
33214
33258
33304
33394
33448
33498
33500
33528
33566
33614
33624
33624
33638
33656
33694
33702
33734
33768
33816
33854
33870
33876
33888
33892
33898
33910
33924
33924
33926
33938
33946
33976
33980
33988
34030
34032
34040
34056
34062
34062
34080
34082
34096
34098
34104
34118
34118
34120
34124
34130
34136
34138
34146
34172
34174
34182
34196
34206
34206
34210
34214
34228
34234
34236
34250
34254
34256
34274
34276
34280
34282
34286
34296
34300
34304
34320
34344
34352
34356
34368
34374
34378
34384
34386
34392
34394
34396
34396
34406
34408
34412
34412
34412
34414
34416
34424
34426
34432
34436
34448
34450
34482
34482
34520
34526
34530
34532
34542
34544
34546
34552
34558
34566
34592
34602
34614
34618
34622
34632
34644
34660
34674
34674
34678
34682
34694
34696
34700
34706
34706
34718
34728
34730
34730
34736
34738
34738
34748
34762
34776
34780
34780
34782
34784
34802
34818
34820
34848
34850
34852
34870
34882
34888
34894
34920
34934
34940
34950
34972
34990
35012
35022
35022
35044
35046
35062
35064
35070
35100
35104
35118
35128
35152
35158
35204
35218
35276
35290
35314
35382
35388
35390
35426
35438
35440
35634
35670
35688
35710
35824
35832
35866
35980
36446
36790
37248
37802
39068
43142
43394
44012
44024
44076
44764
52630
53396
53724
55694
59058
59910
63436
67322
77752
100664
288550
527566
549010
1006776
1821462
3274596
7597312
