Latencies
5106
5116
5118
5132
5138
5142
5144
5152
5154
5156
5158
5158
5162
5170
5174
5180
5180
5182
5182
5188
5188
5188
5192
5196
5200
5202
5206
5208
5208
5210
5212
5212
5214
5214
5214
5216
5218
5220
5220
5224
5224
5228
5230
5230
5232
5232
5234
5234
5236
5236
5236
5236
5236
5238
5238
5240
5240
5240
5246
5248
5248
5248
5248
5250
5252
5252
5252
5254
5254
5254
5256
5256
5258
5258
5258
5260
5260
5260
5260
5260
5262
5262
5262
5264
5268
5268
5268
5268
5270
5270
5272
5272
5274
5274
5276
5276
5276
5276
5276
5278
5278
5280
5280
5280
5280
5280
5280
5282
5282
5282
5284
5286
5286
5286
5286
5286
5290
5290
5290
5290
5294
5296
5296
5296
5298
5298
5298
5300
5300
5300
5300
5300
5300
5300
5302
5302
5302
5304
5304
5304
5304
5304
5306
5306
5306
5308
5308
5308
5308
5308
5310
5312
5312
5314
5314
5314
5314
5314
5316
5318
5318
5318
5318
5322
5322
5322
5322
5324
5324
5326
5328
5328
5328
5328
5330
5330
5330
5332
5332
5332
5334
5334
5336
5338
5338
5340
5340
5340
5342
5342
5344
5344
5344
5346
5346
5346
5346
5348
5348
5348
5348
5350
5350
5350
5352
5356
5358
5358
5358
5358
5358
5360
5360
5362
5362
5362
5364
5364
5364
5364
5368
5368
5370
5370
5370
5372
5372
5372
5374
5374
5374
5374
5376
5376
5376
5376
5376
5376
5376
5376
5378
5378
5378
5380
5380
5382
5382
5382
5382
5382
5382
5384
5384
5384
5384
5386
5388
5388
5388
5388
5390
5392
5392
5392
5394
5394
5396
5398
5400
5400
5400
5400
5400
5400
5402
5402
5402
5404
5404
5406
5406
5408
5410
5410
5410
5410
5412
5412
5414
5416
5416
5416
5416
5418
5418
5418
5420
5420
5420
5420
5422
5422
5422
5422
5422
5422
5422
5422
5422
5424
5426
5428
5428
5428
5430
5432
5432
5432
5432
5434
5434
5436
5436
5438
5438
5440
5440
5442
5442
5442
5444
5446
5446
5448
5450
5452
5456
5458
5458
5458
5460
5460
5460
5460
5460
5462
5462
5464
5464
5464
5466
5466
5466
5466
5468
5470
5470
5470
5470
5472
5472
5472
5472
5474
5474
5476
5476
5478
5480
5480
5480
5480
5482
5482
5482
5484
5486
5488
5488
5490
5490
5490
5492
5492
5494
5494
5496
5500
5500
5502
5502
5506
5506
5506
5508
5508
5508
5510
5512
5512
5514
5514
5514
5514
5514
5516
5516
5516
5518
5518
5518
5518
5520
5520
5524
5526
5526
5526
5528
5528
5532
5532
5534
5536
5536
5536
5538
5542
5542
5542
5542
5544
5544
5544
5546
5546
5546
5548
5550
5550
5550
5552
5552
5554
5554
5556
5558
5558
5560
5566
5566
5568
5570
5570
5574
5576
5578
5578
5578
5580
5580
5580
5582
5584
5586
5586
5590
5592
5592
5594
5594
5598
5600
5600
5602
5602
5604
5604
5606
5606
5608
5610
5610
5612
5612
5614
5616
5618
5618
5620
5620
5620
5622
5622
5622
5622
5622
5622
5624
5624
5628
5630
5630
5632
5632
5634
5636
5638
5638
5640
5640
5640
5642
5642
5646
5648
5650
5652
5652
5654
5656
5658
5660
5660
5662
5662
5662
5664
5666
5668
5668
5668
5670
5672
5672
5672
5672
5672
5674
5676
5678
5680
5682
5684
5686
5686
5688
5688
5688
5688
5688
5690
5692
5692
5698
5698
5700
5700
5700
5704
5704
5704
5712
5712
5714
5714
5714
5714
5718
5720
5720
5722
5724
5726
5728
5728
5730
5732
5736
5736
5736
5742
5744
5744
5746
5748
5752
5752
5754
5758
5760
5760
5762
5762
5764
5766
5766
5768
5768
5768
5768
5770
5770
5770
5778
5778
5786
5786
5788
5788
5788
5788
5790
5790
5794
5794
5796
5796
5798
5802
5802
5804
5804
5806
5806
5808
5810
5810
5812
5812
5812
5812
5816
5816
5818
5820
5822
5824
5824
5824
5828
5828
5832
5832
5834
5834
5834
5836
5838
5838
5840
5840
5840
5840
5840
5840
5842
5842
5842
5844
5846
5850
5852
5854
5854
5856
5856
5862
5862
5864
5864
5870
5874
5876
5876
5878
5880
5884
5886
5886
5886
5886
5888
5890
5890
5890
5892
5894
5894
5896
5896
5896
5896
5900
5902
5902
5902
5904
5908
5908
5908
5908
5910
5910
5912
5912
5914
5914
5916
5918
5918
5918
5918
5924
5924
5924
5926
5926
5928
5928
5932
5932
5932
5932
5934
5934
5944
5944
5944
5946
5948
5952
5960
5960
5962
5964
5964
5966
5968
5968
5968
5970
5974
5974
5974
5976
5976
5976
5976
5980
5982
5982
5986
5988
5992
5992
5992
5992
6002
6002
6004
6004
6012
6016
6018
6028
6032
6038
6040
6042
6042
6042
6044
6044
6046
6048
6050
6054
6056
6056
6058
6062
6064
6070
6076
6076
6076
6078
6078
6082
6096
6098
6098
6098
6104
6106
6108
6110
6110
6114
6114
6116
6124
6126
6130
6130
6130
6132
6134
6136
6138
6138
6140
6142
6144
6144
6146
6150
6150
6152
6154
6156
6160
6168
6174
6174
6178
6180
6180
6184
6190
6196
6200
6202
6208
6208
6216
6230
6234
6236
6240
6242
6252
6252
6254
6254
6258
6260
6260
6270
6272
6274
6274
6274
6278
6278
6286
6290
6292
6298
6310
6316
6318
6320
6328
6340
6342
6348
6352
6366
6376
6398
6404
6408
6416
6464
6476
6484
6518
6522
6538
6558
6628
6632
6632
6638
6640
6646
6662
6672
6688
6700
6728
6764
6810
6810
6838
6852
6872
6924
6950
6974
7010
7040
7044
7058
7064
7066
7072
7088
7090
7136
7148
7162
7208
7214
7216
7278
7290
7294
7524
7568
7588
7688
7696
8062
8158
8356
8490
8942
9378
11024
12346
12628
12960
13192
13268
13742
13896
14576
14894
14930
17138
18322
18996
20004
22906
23690
25454
29232
29518
30016
33076
33958
163236
10100236
