Latencies
5234
5258
5294
5296
5298
5308
5314
5320
5320
5328
5336
5340
5342
5342
5344
5344
5346
5346
5354
5356
5356
5358
5358
5360
5362
5362
5364
5364
5368
5368
5368
5370
5372
5372
5374
5376
5376
5378
5380
5382
5382
5382
5384
5384
5384
5384
5386
5386
5388
5388
5388
5390
5390
5392
5392
5394
5394
5394
5396
5396
5398
5398
5398
5400
5400
5400
5400
5402
5402
5402
5404
5406
5406
5406
5408
5408
5408
5408
5408
5408
5408
5410
5412
5412
5412
5414
5414
5414
5418
5418
5420
5422
5422
5422
5422
5424
5424
5424
5426
5426
5426
5426
5426
5428
5428
5428
5428
5428
5428
5430
5430
5430
5432
5432
5432
5434
5434
5436
5436
5436
5436
5438
5438
5440
5442
5442
5442
5442
5442
5442
5444
5446
5446
5448
5448
5448
5448
5450
5450
5450
5452
5454
5454
5454
5454
5456
5458
5458
5458
5458
5458
5460
5460
5460
5460
5460
5460
5462
5462
5462
5464
5468
5468
5470
5472
5474
5474
5476
5476
5478
5478
5478
5478
5478
5480
5480
5482
5484
5486
5486
5488
5488
5490
5492
5492
5492
5494
5494
5494
5494
5494
5496
5496
5496
5498
5498
5498
5500
5502
5504
5504
5504
5504
5504
5506
5506
5506
5506
5508
5508
5508
5508
5508
5510
5512
5514
5514
5514
5514
5514
5516
5516
5516
5516
5516
5518
5518
5518
5518
5520
5520
5520
5520
5524
5526
5526
5526
5526
5526
5528
5528
5528
5530
5530
5530
5530
5530
5532
5532
5534
5538
5540
5542
5542
5544
5544
5546
5546
5550
5552
5552
5556
5556
5558
5558
5558
5560
5560
5560
5562
5562
5564
5564
5564
5564
5566
5566
5566
5566
5566
5568
5568
5568
5568
5568
5572
5572
5572
5574
5574
5574
5576
5576
5578
5578
5578
5580
5580
5582
5582
5582
5584
5584
5586
5586
5588
5588
5588
5588
5588
5588
5590
5590
5590
5590
5592
5594
5594
5594
5596
5598
5598
5600
5600
5602
5602
5602
5602
5604
5604
5606
5606
5606
5608
5608
5608
5610
5610
5610
5612
5614
5614
5616
5616
5620
5620
5622
5622
5624
5626
5626
5626
5626
5628
5636
5638
5638
5640
5640
5644
5644
5646
5648
5648
5648
5650
5650
5650
5650
5650
5650
5650
5652
5652
5652
5654
5654
5654
5654
5656
5656
5656
5658
5658
5658
5660
5662
5662
5664
5664
5666
5666
5666
5668
5670
5670
5670
5672
5672
5672
5674
5678
5680
5686
5688
5690
5692
5692
5694
5694
5696
5696
5696
5696
5698
5700
5700
5700
5702
5702
5704
5706
5706
5706
5706
5706
5708
5708
5710
5710
5712
5712
5712
5712
5712
5712
5714
5714
5718
5718
5720
5720
5720
5722
5726
5728
5730
5732
5732
5732
5732
5734
5734
5734
5736
5736
5738
5738
5740
5740
5740
5742
5742
5742
5744
5744
5744
5744
5746
5746
5746
5748
5750
5750
5758
5760
5760
5760
5760
5760
5760
5762
5766
5768
5770
5772
5772
5772
5772
5774
5774
5774
5774
5776
5776
5776
5778
5778
5780
5780
5780
5780
5782
5782
5784
5784
5784
5786
5788
5788
5788
5790
5792
5798
5800
5800
5802
5806
5806
5808
5810
5810
5810
5812
5812
5814
5816
5816
5816
5818
5818
5818
5820
5820
5822
5824
5824
5826
5828
5828
5828
5830
5832
5832
5834
5834
5836
5838
5838
5838
5838
5838
5840
5842
5842
5842
5844
5844
5848
5848
5852
5852
5854
5856
5858
5860
5860
5862
5862
5864
5864
5864
5866
5866
5866
5866
5868
5868
5874
5874
5874
5876
5876
5876
5878
5880
5880
5882
5886
5886
5886
5888
5888
5888
5890
5890
5892
5898
5898
5900
5900
5902
5902
5902
5904
5904
5904
5906
5906
5906
5906
5908
5908
5908
5908
5908
5908
5910
5912
5914
5914
5916
5916
5916
5916
5918
5918
5922
5922
5924
5926
5926
5926
5926
5928
5930
5932
5934
5934
5936
5936
5936
5938
5938
5940
5940
5942
5942
5946
5948
5950
5952
5954
5956
5958
5960
5960
5960
5960
5962
5964
5964
5964
5966
5966
5966
5968
5968
5974
5976
5980
5980
5982
5984
5992
5992
5992
5994
5996
6000
6000
6002
6002
6004
6004
6006
6006
6008
6008
6008
6010
6012
6012
6012
6016
6018
6020
6020
6022
6024
6024
6026
6026
6026
6028
6030
6032
6034
6036
6038
6038
6044
6046
6046
6046
6048
6052
6052
6052
6056
6056
6056
6058
6062
6062
6064
6064
6066
6068
6068
6070
6072
6074
6074
6074
6074
6074
6076
6078
6078
6078
6078
6078
6080
6082
6082
6084
6084
6086
6088
6088
6092
6092
6094
6094
6096
6098
6098
6098
6100
6102
6104
6108
6108
6112
6112
6112
6114
6114
6118
6120
6120
6124
6124
6126
6126
6128
6130
6136
6136
6138
6138
6140
6140
6140
6140
6146
6148
6150
6152
6156
6156
6158
6158
6158
6158
6164
6166
6184
6184
6184
6184
6186
6186
6186
6188
6194
6196
6196
6204
6206
6206
6206
6208
6208
6208
6210
6212
6212
6214
6220
6224
6224
6224
6226
6228
6232
6236
6236
6242
6244
6244
6244
6244
6246
6250
6250
6250
6252
6254
6254
6254
6256
6260
6262
6268
6268
6270
6272
6276
6276
6278
6280
6280
6280
6282
6282
6286
6290
6292
6302
6304
6306
6314
6316
6320
6322
6324
6324
6326
6328
6330
6338
6342
6348
6356
6360
6364
6372
6376
6378
6382
6384
6384
6386
6392
6394
6400
6402
6404
6416
6418
6420
6420
6426
6428
6456
6458
6466
6468
6470
6474
6492
6496
6516
6520
6528
6534
6548
6560
6564
6578
6580
6582
6588
6590
6592
6598
6602
6604
6614
6616
6638
6640
6642
6644
6648
6656
6658
6662
6682
6684
6730
6754
6758
6766
6766
6776
6796
6842
6864
6886
6888
6912
6912
6914
6916
6946
6948
6956
6956
6956
6966
6996
7014
7064
7112
7128
7148
7282
7292
7416
7450
7496
7560
7564
7650
7882
7922
8174
8406
8584
9048
9074
9192
9418
9566
9592
11820
12864
13120
14876
15184
15580
15670
16246
17666
20344
20990
36244
63820
