Latencies
5334
5354
5366
5370
5384
5396
5398
5400
5400
5400
5420
5422
5428
5434
5434
5438
5440
5442
5442
5444
5450
5450
5452
5456
5456
5460
5460
5462
5462
5462
5464
5468
5472
5474
5480
5482
5486
5486
5488
5488
5496
5500
5502
5502
5504
5504
5506
5508
5508
5510
5512
5514
5514
5516
5516
5516
5518
5518
5520
5520
5524
5528
5534
5538
5542
5542
5544
5544
5546
5546
5548
5550
5552
5554
5556
5570
5572
5578
5582
5582
5584
5588
5590
5592
5598
5598
5602
5602
5606
5608
5608
5612
5622
5626
5630
5634
5636
5640
5646
5648
5652
5652
5656
5656
5658
5660
5664
5666
5666
5668
5668
5676
5678
5686
5686
5686
5688
5690
5692
5694
5696
5696
5700
5702
5704
5704
5708
5708
5728
5734
5738
5742
5742
5756
5760
5760
5762
5764
5766
5770
5770
5772
5774
5778
5780
5782
5790
5790
5790
5796
5800
5802
5802
5806
5810
5812
5822
5826
5826
5828
5830
5834
5838
5840
5844
5852
5852
5854
5858
5866
5866
5870
5878
5878
5882
5882
5888
5892
5894
5894
5896
5900
5902
5904
5906
5912
5916
5920
5922
5928
5930
5930
5940
5940
5940
5950
5952
5954
5968
5970
5972
5980
5984
5984
5984
5992
5998
6002
6004
6006
6006
6008
6014
6018
6022
6024
6024
6028
6028
6044
6048
6056
6066
6066
6070
6070
6078
6080
6080
6080
6080
6088
6088
6090
6092
6092
6096
6100
6104
6104
6108
6110
6112
6114
6118
6120
6124
6130
6142
6144
6146
6146
6150
6150
6154
6158
6162
6166
6172
6172
6174
6180
6184
6188
6188
6196
6206
6218
6218
6226
6230
6232
6242
6250
6252
6264
6264
6266
6274
6274
6280
6284
6292
6296
6298
6300
6308
6310
6312
6316
6316
6332
6342
6348
6352
6380
6384
6388
6390
6394
6408
6422
6426
6428
6436
6476
6476
6496
6502
6512
6516
6532
6532
6536
6540
6540
6550
6562
6566
6572
6586
6590
6598
6598
6618
6620
6630
6634
6642
6646
6684
6708
6718
6722
6724
6724
6738
6762
6774
6778
6782
6806
6808
6824
6834
6860
6872
6874
6890
6894
6902
6948
6954
6972
6982
7000
7008
7010
7026
7032
7042
7046
7052
7064
7088
7094
7118
7126
7138
7144
7194
7206
7214
7234
7262
7290
7290
7304
7410
7410
7426
7428
7454
7480
7498
7516
7524
7532
7550
7552
7564
7586
7588
7596
7602
7612
7614
7624
7624
7658
7662
7670
7676
7690
7700
7708
7728
7736
7738
7772
7772
7802
7812
7812
7818
7826
7848
7868
7890
7890
7906
7920
7928
7948
7954
7968
7986
7990
7996
8018
8020
8034
8036
8042
8062
8066
8068
8088
8118
8120
8202
8250
8288
8320
8362
8388
8404
8438
8444
8462
8468
8542
8576
8592
8630
8644
8674
8692
8700
8732
8740
8776
8806
8832
8840
8892
8898
8912
8944
8970
9014
9080
9094
9128
9136
9136
9204
9222
9320
9322
9386
9398
9400
9404
9414
9418
9420
9426
9434
9436
9452
9474
9494
9510
9612
9622
9682
9692
9694
9694
9698
9706
9728
9732
9740
9746
9816
9882
9884
9920
9928
9940
10020
10030
10122
10128
10132
10174
10176
10180
10228
10236
10252
10274
10288
10298
10302
10312
10332
10358
10360
10362
10394
10404
10418
10448
10458
10470
10536
10610
10622
10646
10668
10690
10700
10700
10702
10734
10734
10752
10790
10794
10800
10820
10826
10862
10896
10898
10942
10946
10950
10970
11002
11006
11014
11038
11044
11048
11058
11062
11106
11122
11174
11220
11248
11266
11294
11330
11338
11352
11354
11372
11382
11400
11408
11422
11474
11520
11538
11570
11618
11690
11700
11718
11748
11782
11784
11804
11840
11882
11896
11912
11974
12008
12026
12030
12046
12058
12072
12096
12110
12112
12118
12122
12138
12156
12156
12158
12180
12196
12202
12202
12204
12264
12274
12278
12286
12326
12370
12372
12396
12404
12420
12452
12514
12514
12518
12532
12538
12572
12578
12590
12608
12622
12656
12722
12730
12740
12780
12794
12814
12828
12850
12856
12862
12880
12948
12956
12958
12966
13030
13032
13074
13084
13104
13104
13124
13152
13162
13170
13206
13230
13244
13260
13270
13306
13310
13316
13340
13350
13364
13422
13428
13436
13452
13482
13482
13562
13582
13608
13618
13622
13622
13628
13644
13718
13726
13732
13734
13742
13772
13796
13816
13870
13876
13908
13916
13940
13944
13948
13954
13956
13998
14048
14064
14080
14092
14114
14120
14128
14142
14150
14158
14198
14198
14220
14248
14266
14268
14274
14278
14286
14288
14294
14302
14302
14336
14368
14370
14372
14372
14392
14394
14408
14414
14420
14424
14426
14426
14434
14438
14442
14454
14460
14474
14476
14500
14506
14508
14508
14514
14516
14530
14532
14534
14552
14554
14556
14556
14558
14560
14564
14578
14580
14586
14586
14592
14594
14594
14602
14604
14606
14606
14610
14622
14630
14630
14630
14632
14658
14658
14658
14666
14670
14676
14676
14676
14678
14682
14682
14684
14688
14692
14696
14700
14700
14708
14716
14722
14722
14730
14732
14732
14740
14746
14750
14752
14754
14762
14768
14768
14770
14776
14782
14790
14790
14796
14798
14802
14808
14808
14810
14814
14818
14822
14824
14830
14834
14836
14840
14840
14842
14846
14854
14854
14856
14858
14862
14870
14872
14876
14882
14882
14884
14884
14894
14896
14898
14898
14900
14908
14910
14918
14926
14932
14934
14936
14944
14950
14950
14952
14958
14958
14966
14970
14978
14988
14992
14998
15006
15012
15012
15026
15030
15038
15042
15052
15052
15052
15060
15062
15064
15066
15068
15074
15076
15082
15082
15084
15088
15098
15112
15114
15116
15122
15126
15138
15142
15144
15152
15162
15162
15164
15176
15178
15182
15188
15190
15204
15208
15208
15210
15220
15226
15228
15232
15232
15248
15258
15260
15266
15268
15274
15282
15282
15286
15302
15308
15310
15318
15318
15322
15338
15352
15380
15384
15394
15394
15404
15410
15416
15480
15494
15496
15496
15540
15574
15594
15604
15642
15656
15656
15704
15728
15732
15736
15768
15776
15920
15992
16062
16092
16142
16234
16244
16324
16458
17166
18628
19126
19490
19582
20672
20924
22256
22978
24012
24108
24332
24498
25898
33334
33606
33946
34256
45674
78138
216338
769760
886214
