Latencies
5318
5334
5334
5354
5362
5362
5370
5372
5374
5378
5380
5380
5380
5388
5390
5390
5400
5402
5404
5406
5406
5406
5406
5406
5410
5410
5412
5414
5414
5418
5418
5424
5424
5426
5428
5432
5432
5432
5434
5436
5438
5438
5440
5440
5440
5442
5442
5444
5444
5444
5446
5448
5448
5450
5452
5454
5454
5460
5460
5462
5464
5472
5472
5478
5480
5484
5484
5486
5486
5490
5496
5498
5500
5500
5500
5500
5502
5504
5504
5504
5508
5508
5508
5508
5512
5514
5514
5516
5516
5522
5522
5524
5530
5530
5530
5532
5534
5536
5536
5538
5542
5542
5542
5546
5546
5546
5548
5550
5552
5558
5562
5564
5566
5568
5568
5570
5570
5574
5574
5574
5574
5578
5580
5580
5582
5586
5590
5590
5592
5596
5598
5600
5602
5602
5604
5606
5606
5608
5608
5610
5612
5624
5624
5626
5630
5632
5634
5638
5640
5642
5646
5646
5650
5660
5664
5668
5668
5670
5672
5678
5680
5686
5686
5688
5688
5688
5694
5700
5700
5700
5704
5710
5710
5710
5712
5716
5720
5720
5720
5726
5728
5730
5732
5734
5736
5736
5738
5738
5738
5740
5740
5742
5742
5744
5748
5750
5750
5750
5752
5760
5764
5776
5780
5782
5786
5790
5794
5796
5796
5796
5800
5806
5810
5816
5822
5822
5826
5832
5832
5832
5840
5842
5846
5854
5856
5858
5858
5860
5860
5862
5866
5866
5868
5872
5878
5894
5894
5902
5904
5910
5912
5914
5914
5926
5930
5936
5936
5936
5938
5942
5944
5946
5946
5946
5952
5954
5958
5960
5964
5966
5968
5974
5976
5976
5976
5982
5992
5994
6000
6000
6000
6008
6008
6008
6010
6016
6028
6032
6032
6034
6040
6040
6046
6046
6048
6052
6056
6064
6068
6072
6076
6076
6078
6078
6082
6088
6090
6090
6094
6094
6096
6096
6100
6100
6102
6106
6108
6126
6128
6132
6132
6132
6134
6140
6144
6146
6150
6152
6168
6172
6178
6186
6190
6190
6192
6202
6216
6218
6226
6226
6228
6228
6232
6234
6242
6250
6252
6256
6256
6258
6258
6266
6282
6284
6286
6286
6292
6292
6300
6304
6324
6346
6350
6358
6366
6372
6376
6380
6382
6388
6396
6402
6418
6420
6420
6422
6430
6432
6440
6442
6446
6450
6458
6482
6492
6524
6524
6532
6532
6536
6550
6554
6568
6576
6578
6592
6600
6624
6636
6638
6652
6664
6666
6666
6668
6670
6704
6708
6724
6726
6764
6782
6784
6786
6828
6828
6862
6864
6882
6892
6908
6926
6960
6976
6984
7002
7008
7010
7048
7048
7052
7066
7082
7100
7132
7166
7208
7224
7238
7242
7264
7294
7298
7306
7334
7378
7390
7422
7434
7446
7450
7454
7464
7466
7470
7474
7510
7510
7526
7556
7602
7612
7616
7640
7646
7722
7812
7840
7878
7890
7894
7900
7952
7976
8012
8114
8128
8272
8312
8314
8342
8400
8592
8606
8638
8692
8696
8712
8750
8782
8788
8822
8834
8844
8864
8912
9030
9112
9140
9148
9164
9200
9206
9210
9210
9238
9286
9288
9396
9406
9434
9536
9630
9696
9714
9772
9778
9780
9824
9824
9842
9850
9860
9874
9932
9940
9960
9988
9992
10104
10168
10188
10218
10296
10318
10332
10338
10358
10392
10404
10436
10474
10522
10534
10558
10580
10582
10624
10628
10634
10636
10640
10648
10684
10732
10734
10736
10832
10860
10860
10900
10904
10912
10934
10938
10950
10970
10996
11002
11016
11024
11056
11068
11082
11094
11096
11120
11124
11192
11192
11252
11290
11350
11390
11440
11450
11470
11472
11482
11500
11502
11504
11634
11636
11660
11674
11696
11696
11726
11742
11764
11766
11806
11846
11850
11898
11940
11940
11954
12028
12036
12044
12052
12124
12138
12152
12164
12264
12278
12280
12304
12340
12346
12414
12434
12436
12484
12506
12518
12572
12648
12656
12698
12748
12810
12832
12836
12840
12874
12996
13004
13006
13012
13020
13052
13058
13092
13108
13174
13178
13204
13234
13242
13252
13254
13266
13274
13328
13358
13498
13530
13554
13554
13556
13590
13610
13624
13686
13752
13784
13802
13802
13806
13864
13870
13874
13892
13894
13906
13918
14002
14002
14044
14054
14074
14076
14092
14110
14128
14148
14160
14188
14192
14224
14226
14246
14248
14254
14256
14268
14268
14284
14288
14288
14302
14320
14328
14330
14344
14356
14358
14368
14384
14396
14398
14408
14416
14418
14434
14448
14450
14460
14468
14474
14478
14490
14494
14498
14498
14502
14504
14518
14538
14540
14542
14544
14546
14548
14554
14556
14558
14570
14584
14586
14612
14626
14626
14630
14642
14648
14650
14658
14682
14684
14716
14718
14718
14726
14738
14740
14742
14742
14752
14760
14766
14768
14786
14790
14794
14802
14806
14808
14808
14812
14820
14822
14822
14826
14834
14836
14844
14850
14852
14868
14870
14882
14890
14896
14904
14904
14908
14910
14916
14922
14932
14936
14938
14940
14954
14956
14956
14956
14962
14970
14978
14982
14988
14990
14992
14998
15016
15024
15026
15034
15034
15036
15040
15050
15072
15080
15088
15102
15106
15108
15116
15118
15118
15122
15124
15136
15138
15150
15154
15160
15160
15174
15178
15186
15196
15200
15202
15204
15222
15222
15228
15234
15236
15254
15256
15264
15264
15306
15310
15316
15324
15332
15336
15336
15338
15342
15350
15362
15370
15374
15376
15382
15394
15396
15402
15404
15414
15430
15434
15494
15506
15522
15526
15526
15534
15542
15566
15570
15614
15622
15644
15656
15696
15704
15736
15740
15760
15802
15802
15824
15852
15910
15916
15922
15932
15934
15972
16244
16492
16532
16800
16928
17232
17394
21704
22500
23766
23774
23810
23866
24030
24456
24696
24882
25000
25012
25054
25256
25300
26126
27510
34896
35826
52940
65354
73900
96558
118416
3256790
