Latencies
6026
7488
5562
5402
5532
5244
5334
5468
5382
5370
5330
5534
5486
5270
5266
5414
5258
5888
5470
6050
5420
5480
5284
16066
5544
5616
5358
7224
5698
5360
5510
5312
5274
5424
5332
5384
5228
5506
5794
5222
5308
5370
5314
5228
5432
5504
5352
5326
5788
5424
5414
5372
5532
5230
5204
5352
5782
5438
7212
5558
5654
5222
5168
5320
5576
5366
6176
5308
5502
5412
5376
5264
5382
5604
5306
5428
5376
5364
5286
5218
5358
5368
5378
5266
5300
5340
5658
5368
6146
5324
5304
5464
7708
5400
5318
5414
5920
5350
5286
5390
6008
5370
5288
5406
5370
5394
5496
5402
5456
5248
5324
5234
7244
5494
5726
5418
6056
5312
5560
5566
5566
6078
5980
5478
5394
5394
5390
5524
5452
5472
5438
12068
5412
5766
5470
5414
5464
11178
5226
5960
5400
5322
5344
5286
5494
6064
5464
5482
6166
5352
5434
35856
5704
5506
9650
21788
5648
7342
5204
5592
5316
5980
5424
5420
5296
5236
5402
5260
5382
5634
5264
5316
5254
5300
5444
5378
5302
5424
5268
5332
5344
5362
5468
5554
5218
6472
6406
7038
6148
5278
5428
6016
5378
5900
5388
5584
5380
5360
5330
5374
5350
5318
5378
5242
5314
7202
5490
5504
5342
5274
5382
6150
5302
5672
5606
5268
5572
5430
5272
5376
5434
5432
5434
6148
5314
5390
5390
5712
8326
7288
5542
5228
5426
6120
5534
5344
5386
5492
5376
5900
5372
5186
5210
6042
5774
5418
6244
5320
5710
6112
5408
5298
5350
5502
15552
5256
5386
5370
5516
7190
31394
5286
5276
34698
5942
24172
5568
5326
5248
5364
5450
6050
5350
5254
5408
5420
5286
5470
5184
5540
6992
5370
7226
5384
6242
5968
6202
5482
6038
5596
6328
5688
5978
5518
6038
5440
6100
5538
5944
5836
5886
5814
5946
5560
5688
5454
6018
6000
5668
5314
5528
6402
5706
5602
5526
5490
7630
5554
5412
5726
5606
5464
5522
5388
5480
5520
5484
5480
5528
5400
5336
5296
5406
5778
5304
5418
5290
5312
5354
35574
5538
5880
5380
5702
5520
6426
7084
5836
5426
5736
5326
5342
5292
5322
5388
5376
5512
5450
5514
5356
5334
5352
5388
6210
5320
5934
5250
5326
18900
22494
5634
5540
6050
5372
5324
5352
5412
5462
5394
5352
5292
5390
5560
5528
5354
5436
5356
5322
5356
5522
5346
5424
5504
5384
5344
5310
5388
5408
5304
5684
13564
5200
5320
5414
5456
5420
5392
5398
5340
5358
5862
5480
5308
5304
5824
5592
5376
5396
5288
5990
5940
5184
5582
5382
5394
5304
5402
5418
5498
5254
5402
5406
9906
140091222
7224
5984
5392
5458
5352
5348
5182
5414
5398
5368
5242
5240
11530
5526
5734
6024
5524
5316
5384
6162
10916
5638
5328
5580
5288
5530
5652
8180
5854
5302
5346
5550
5616
5476
6016
5418
5578
5574
5494
5350
5384
5476
5536
5412
6022
5496
5512
5384
5328
5352
5502
5700
