Latencies
7022
7742
5376
5654
5392
6186
5682
5758
5538
5196
5520
5858
5612
6046
5742
5978
5506
5944
5692
5350
6138
5304
5972
5328
5418
24370
5304
5542
5438
5420
5208
5718
5322
15288
5546
6532
6018
5650
5298
5660
6318
5360
6022
5322
5814
5294
5292
6754
5344
5994
5274
5140
5884
6196
5588
5278
5888
5322
6690
5518
6086
5422
5362
5374
5268
5444
5910
6086
5228
5364
5348
5378
5274
5354
5326
5432
5628
5346
5502
5866
5466
5964
6796
5432
5276
5734
5314
6420
5592
5232
5620
5480
5392
5506
5378
6182
5336
6164
5524
6672
5746
5950
5954
5392
24850
35330
5564
5380
5936
5420
5622
5526
5752
5348
5376
5392
5488
25404
5330
6056
6220
5410
5500
5632
5392
5932
5442
5362
21350
5530
5434
5484
5914
5662
5788
5348
5316
5914
5690
5318
5652
7378
5750
6476
5730
5482
5708
5940
6468
6202
6392
6698
8040
6680
6036
6148
5240
6436
5360
7270
5442
5292
5374
5324
5342
5346
5864
5306
5286
5494
6016
5344
31922
5696
5372
5514
5386
5516
5722
5278
8362
6384
5542
5976
5836
5294
6082
6042
5354
5466
11840
5596
5522
5588
5442
5450
5698
5518
5532
5366
5368
5498
5464
5478
5316
5350
5376
5506
5370
6036
5330
5782
5356
5322
6536
5310
5170
5594
6092
5188
5514
5176
5456
5990
5926
5450
5422
5568
5500
30524
5256
5212
5470
5478
5224
6022
8524
5318
5972
5294
5190
5218
5498
5280
5344
5334
5344
5202
5672
5360
5378
5294
5700
6276
5632
5262
5536
5274
5342
5338
5818
5462
5326
5378
5640
6202
5326
5516
5520
5362
5958
6136
5870
8874
5406
6560
5376
5482
5594
6042
23546
5604
5318
5442
5694
5468
5400
5782
5412
5376
5258
5458
6040
5350
6590
5392
5298
5302
5394
5814
5330
5872
5814
5972
5542
5440
5160
5360
5302
5242
5264
11178
5910
6072
5866
5498
5500
5422
5522
6828
5690
5606
5878
6084
5314
5296
5332
5848
5802
5404
5372
5410
5280
7214
15572
5692
5238
5190
5644
5844
5394
5630
5288
7314
5360
5452
5758
5394
23180
5662
5342
6400
6114
5372
6278
6028
5624
5308
5374
6640
5570
5924
5368
5472
5674
5286
5738
5338
5282
16990
5310
9668
5272
5734
5288
5306
24754
30378
5916
5338
5338
5366
5534
5414
6538
5342
5680
5892
5378
5730
23100
5386
5892
5942
5674
6486
6012
6122
5312
6238
5670
5600
6600
5710
5264
5344
5298
5358
5544
5504
5410
5720
5668
5274
5394
5958
6144
6514
22526
5994
5264
5366
5334
5694
16218
5334
5308
5324
5274
5786
5196
5268
5312
5270
5448
5602
5424
5552
5310
52980
25654
5916
5698
5344
5514
34324
5418
5778
5258
5460
5868
5488
5396
5390
5290
5878
5616
5374
5198
5336
5752
5854
5276
11234
5842
5246
5374
5392
5596
5688
5418
6222
5310
6350
5394
5620
5350
6048
6206
5392
5470
5600
5390
5626
6068
5736
24798
5536
5404
7580
5494
5232
5358
9644
5598
26352
5406
5816
5838
6226
5348
5348
5766
5284
6174
5458
5314
6092
5796
6044
5408
5600
5386
5892
12794
5266
5414
5420
5370
5274
5964
5492
6174
5488
5426
7028
5362
5244
5808
5296
5470
5586
5904
5522
5352
5974
5470
5440
5364
5964
14564
5810
5800
5540
5986
5782
5212
5514
5192
5650
5310
5486
5644
5338
5520
5624
5374
5444
5552
5624
5564
5402
5594
6746
5394
5306
5390
5346
5516
5300
5638
5428
5868
5280
6140
5422
5474
5334
5348
5616
5998
5308
5920
5320
7350
5286
5890
5550
5464
5938
5280
5700
5738
5342
5524
29350
6090
5610
6038
5528
5564
5510
5424
5896
5420
5880
5778
5772
5234
5252
25166
5930
5334
5234
5994
5958
5356
5256
5244
13994
5260
5494
5324
5394
38188
6006
5878
5618
5444
5414
5644
5214
5336
5264
5316
9054
5500
5650
5322
5228
5484
5662
5466
38888
26972
5708
27554
6584
5350
5490
5482
5912
5792
5620
5356
5830
5442
6516
5360
5996
5714
5480
5742
5360
5750
10119948
6754
5376
5764
5340
5684
5306
5516
5244
5540
16248
5250
5968
19920
5998
5420
5262
5286
5518
5780
5780
5632
6032
7650
5452
5652
5572
5506
5652
5352
5116
5448
6132
5886
5406
5272
5284
5450
9292
6372
6194
5258
23094
5388
5396
5516
5360
5890
5696
5156
5320
5614
6198
5502
10311496
6618
5638
5916
5338
5332
5364
5766
5660
5420
5322
5320
5554
5232
5486
5186
6026
5348
5830
5834
5564
5516
5244
10594
5808
6266
6916
5908
5982
5354
5254
5350
5396
5392
14124
5282
5454
22874
5984
5346
5340
5758
13792
5426
29768
7982
6376
5556
5986
5482
5720
5426
5774
6518
5644
5582
5364
5672
6094
5714
5944
18882
5248
5290
5310
5538
7538
5390
6188
5324
5990
11834
5378
5294
5704
5924
5676
5702
5690
5608
5384
5700
5890
25832
5858
5442
5696
6074
24628
5500
5458
5276
5344
5564
5960
17944
5348
5182
5934
10180
5270
5332
5922
5256
5616
5310
5308
5298
5330
6084
5770
6016
5280
5360
5364
5320
5180
5434
6350
5316
6106
5488
5944
5502
5734
5964
5682
5384
5898
6132
5942
6138
5442
5326
5386
5230
6134
5818
5632
6604
5660
5414
30740
5588
5466
6040
5600
6696
5398
5756
5334
5876
5214
5296
6012
5362
5596
5286
5560
5866
5264
5536
5570
5228
5444
5476
5436
6510
6000
5300
5492
5480
5310
5452
5472
5208
5340
6012
5574
5926
5950
5686
6066
5770
7474
5728
5374
5410
5554
5442
5366
5836
5416
5724
5548
5652
5442
5396
5354
5582
5816
5386
5460
5898
5550
6004
21038
5378
6056
5322
5420
17652
5630
5254
5350
5402
5376
27520
5496
5432
5340
5852
5824
5776
5730
6002
5352
5416
26006
5292
5312
5650
5328
5262
5360
5400
5412
5356
5360
5716
5776
5412
5436
5296
5474
5518
5522
5676
5530
7508
5472
6110
5278
5740
5906
6466
5562
5430
5458
6132
5370
5588
5866
5882
5524
7432
5850
5374
5350
6076
5552
6070
5342
5254
5284
25880
5242
5812
5430
5280
5370
