Latencies
5030
5032
5040
5042
5042
5046
5046
5046
5048
5050
5050
5056
5056
5058
5060
5060
5064
5066
5068
5068
5074
5078
5080
5080
5090
5094
5094
5094
5096
5096
5100
5102
5102
5102
5104
5106
5110
5110
5116
5116
5118
5120
5120
5120
5122
5124
5126
5126
5128
5128
5128
5132
5132
5138
5138
5138
5140
5142
5146
5148
5148
5152
5152
5154
5158
5160
5162
5162
5162
5164
5166
5166
5166
5168
5170
5170
5172
5172
5176
5176
5176
5178
5178
5180
5180
5180
5186
5190
5190
5190
5190
5192
5192
5192
5194
5194
5196
5198
5198
5198
5200
5200
5200
5202
5202
5206
5206
5206
5206
5206
5206
5208
5208
5212
5214
5214
5214
5214
5214
5216
5216
5216
5216
5218
5218
5220
5220
5224
5224
5226
5226
5228
5228
5230
5230
5230
5230
5230
5230
5230
5230
5232
5232
5232
5234
5234
5236
5236
5238
5238
5238
5238
5240
5240
5240
5242
5242
5242
5242
5244
5244
5244
5244
5244
5244
5246
5246
5248
5248
5248
5248
5248
5250
5250
5250
5250
5250
5252
5252
5254
5254
5254
5254
5254
5256
5256
5258
5258
5258
5258
5258
5260
5260
5262
5262
5262
5264
5264
5264
5264
5264
5266
5266
5266
5266
5266
5266
5268
5268
5270
5270
5272
5272
5272
5274
5276
5278
5278
5278
5280
5280
5280
5280
5282
5282
5282
5284
5284
5284
5284
5284
5284
5284
5286
5286
5286
5286
5286
5286
5286
5288
5288
5290
5290
5290
5292
5292
5292
5294
5296
5296
5296
5298
5298
5298
5298
5300
5300
5300
5300
5300
5302
5302
5302
5302
5304
5304
5306
5306
5306
5306
5308
5308
5308
5310
5310
5312
5314
5314
5314
5316
5316
5316
5318
5318
5320
5320
5322
5322
5324
5324
5326
5326
5326
5326
5326
5326
5326
5326
5326
5326
5328
5328
5330
5330
5330
5330
5330
5330
5332
5332
5332
5334
5336
5336
5338
5338
5338
5338
5340
5340
5342
5342
5342
5342
5344
5346
5348
5348
5348
5348
5348
5348
5350
5350
5350
5350
5350
5352
5354
5354
5356
5356
5356
5356
5360
5360
5360
5360
5360
5362
5362
5362
5364
5368
5368
5370
5370
5372
5372
5372
5374
5374
5376
5378
5378
5380
5382
5382
5382
5382
5382
5382
5384
5384
5386
5386
5386
5386
5386
5386
5388
5390
5390
5390
5390
5390
5390
5390
5390
5392
5392
5392
5392
5394
5394
5396
5400
5400
5402
5402
5404
5406
5406
5406
5406
5408
5410
5412
5412
5412
5414
5418
5420
5420
5420
5420
5422
5422
5424
5426
5426
5426
5426
5428
5428
5428
5428
5430
5430
5430
5430
5432
5432
5434
5434
5436
5438
5438
5440
5440
5444
5444
5444
5444
5446
5448
5450
5450
5450
5450
5452
5452
5452
5454
5454
5456
5456
5456
5458
5458
5458
5462
5462
5462
5462
5464
5464
5466
5466
5466
5468
5468
5468
5468
5470
5470
5470
5474
5474
5476
5476
5480
5482
5482
5482
5484
5486
5490
5492
5492
5494
5494
5496
5496
5496
5498
5500
5502
5502
5502
5502
5504
5504
5504
5506
5508
5508
5508
5510
5514
5516
5518
5518
5520
5520
5520
5522
5522
5524
5524
5524
5526
5528
5528
5528
5528
5530
5532
5534
5536
5538
5538
5538
5540
5540
5540
5542
5542
5542
5544
5546
5546
5550
5550
5554
5554
5556
5560
5560
5560
5564
5566
5570
5570
5576
5580
5580
5580
5582
5584
5590
5590
5592
5592
5592
5594
5594
5598
5600
5600
5600
5602
5604
5606
5606
5608
5610
5612
5612
5612
5612
5612
5614
5614
5616
5618
5618
5620
5620
5624
5624
5626
5628
5628
5630
5632
5632
5638
5640
5640
5642
5646
5646
5648
5650
5650
5650
5650
5654
5656
5658
5662
5666
5668
5674
5674
5676
5676
5676
5678
5678
5680
5684
5684
5684
5688
5690
5692
5694
5696
5696
5696
5698
5698
5700
5702
5704
5704
5706
5708
5708
5708
5708
5710
5712
5712
5712
5712
5716
5718
5720
5722
5726
5726
5728
5730
5732
5734
5734
5734
5736
5736
5738
5738
5740
5742
5744
5746
5750
5750
5752
5752
5752
5756
5756
5760
5760
5762
5762
5766
5768
5768
5772
5776
5778
5778
5778
5778
5780
5780
5784
5786
5792
5792
5794
5796
5800
5800
5802
5804
5806
5808
5808
5812
5812
5816
5816
5820
5822
5824
5824
5826
5826
5826
5830
5834
5838
5840
5842
5844
5846
5846
5858
5860
5860
5862
5862
5862
5866
5870
5872
5876
5888
5888
5890
5890
5896
5898
5902
5904
5904
5904
5906
5908
5916
5922
5924
5924
5926
5926
5926
5930
5932
5932
5932
5938
5940
5942
5944
5946
5946
5952
5958
5960
5964
5966
5968
5968
5970
5984
5990
5994
5998
6000
6004
6008
6016
6020
6024
6032
6036
6036
6038
6040
6050
6056
6056
6056
6056
6058
6062
6072
6074
6076
6076
6078
6078
6080
6082
6084
6088
6090
6094
6108
6108
6110
6126
6148
6152
6156
6156
6160
6168
6172
6172
6180
6180
6192
6194
6214
6220
6254
6280
6290
6308
6310
6318
6326
6334
6344
6372
6378
6388
6402
6440
6472
6480
6486
6504
6522
6576
6626
6674
6692
6692
6740
6746
6784
6812
6816
6850
6858
6878
6884
6886
6892
6904
6912
6968
6978
6984
6990
7016
7064
7086
7106
7118
7222
7280
7284
7434
7546
7730
7788
7880
7932
7948
7958
8142
8248
8346
8364
8890
8898
9086
9112
9124
9332
9388
9404
9724
9760
9842
10314
10452
10818
10872
10904
10916
11198
11360
11398
11658
12628
12636
12812
12832
13064
13250
13936
14760
14764
14882
15162
15272
15526
15550
15706
16148
16240
16456
16786
16892
16950
16978
17052
17086
17214
17266
17502
17506
17958
18178
18944
19160
19410
19618
19678
19940
20252
20476
20734
21122
21410
21764
21822
22088
22094
22114
22476
22556
22866
22872
22914
23044
23082
23200
23204
23458
23766
24026
24102
24168
24426
24780
25076
25520
25972
26002
26176
26270
26762
27014
27938
27970
29338
29610
30024
31168
32160
32692
32694
32856
32972
33022
33242
33870
35110
35254
35290
35388
36088
36212
36310
36654
36900
38128
50680
76160
