Latencies
5088
5114
5120
5122
5124
5124
5128
5128
5130
5130
5134
5136
5136
5136
5138
5138
5140
5140
5144
5146
5150
5150
5152
5152
5152
5154
5154
5154
5156
5160
5160
5162
5164
5164
5164
5164
5164
5166
5166
5166
5166
5168
5170
5170
5172
5172
5172
5172
5172
5172
5174
5174
5176
5176
5176
5178
5178
5178
5180
5180
5182
5182
5182
5182
5182
5182
5182
5184
5184
5184
5184
5186
5186
5186
5186
5186
5186
5188
5188
5190
5190
5190
5190
5190
5190
5192
5192
5192
5192
5192
5194
5194
5194
5194
5194
5194
5194
5196
5196
5196
5196
5196
5198
5198
5198
5198
5198
5200
5200
5200
5200
5200
5200
5202
5202
5202
5202
5204
5204
5204
5204
5204
5204
5206
5206
5206
5206
5206
5206
5206
5206
5208
5208
5210
5210
5210
5212
5212
5212
5212
5214
5214
5214
5216
5216
5216
5216
5220
5220
5220
5222
5222
5222
5222
5222
5224
5224
5226
5226
5226
5226
5226
5228
5228
5228
5228
5230
5232
5232
5232
5232
5232
5234
5234
5236
5236
5238
5238
5238
5238
5240
5242
5242
5242
5242
5242
5244
5244
5244
5244
5244
5246
5248
5248
5248
5248
5250
5250
5252
5252
5252
5254
5254
5254
5254
5254
5256
5256
5256
5256
5258
5260
5260
5262
5262
5262
5262
5264
5264
5264
5266
5268
5268
5268
5268
5270
5270
5270
5270
5270
5272
5272
5272
5274
5276
5278
5278
5278
5280
5280
5280
5282
5282
5282
5284
5284
5286
5286
5286
5286
5286
5288
5288
5288
5290
5290
5292
5294
5294
5296
5296
5296
5298
5298
5298
5298
5298
5298
5298
5300
5300
5300
5300
5302
5304
5304
5304
5304
5304
5306
5306
5308
5308
5308
5308
5310
5310
5310
5312
5312
5312
5312
5312
5312
5312
5314
5314
5314
5314
5314
5314
5314
5316
5316
5318
5318
5318
5318
5320
5320
5320
5320
5322
5322
5324
5324
5324
5324
5326
5326
5326
5328
5328
5328
5328
5330
5332
5332
5334
5336
5336
5336
5340
5342
5342
5342
5342
5342
5342
5342
5342
5344
5346
5346
5346
5348
5348
5348
5350
5350
5350
5350
5350
5352
5352
5352
5352
5352
5354
5354
5354
5354
5356
5356
5358
5358
5358
5358
5358
5358
5358
5360
5360
5360
5362
5362
5362
5362
5362
5362
5364
5366
5366
5366
5366
5366
5366
5366
5368
5368
5370
5370
5370
5370
5372
5372
5372
5372
5374
5376
5376
5378
5378
5378
5378
5378
5380
5380
5380
5380
5380
5380
5382
5382
5382
5382
5382
5384
5384
5384
5386
5386
5386
5386
5388
5388
5388
5388
5388
5390
5390
5390
5390
5390
5390
5390
5390
5390
5392
5392
5392
5392
5394
5394
5394
5394
5394
5394
5396
5396
5396
5396
5396
5398
5400
5400
5400
5402
5402
5402
5402
5404
5406
5406
5406
5408
5408
5410
5412
5414
5414
5414
5416
5416
5416
5418
5418
5418
5418
5418
5418
5420
5420
5422
5422
5422
5422
5422
5424
5424
5424
5426
5426
5426
5428
5428
5428
5430
5430
5430
5432
5432
5434
5434
5434
5434
5434
5436
5436
5436
5438
5438
5438
5440
5442
5442
5442
5444
5446
5448
5450
5450
5452
5454
5454
5456
5456
5456
5458
5460
5460
5460
5462
5464
5464
5470
5472
5474
5474
5474
5476
5476
5478
5482
5482
5484
5484
5484
5486
5486
5486
5490
5490
5492
5494
5494
5498
5500
5500
5506
5506
5508
5510
5510
5512
5512
5514
5514
5514
5518
5518
5518
5520
5522
5526
5528
5532
5532
5536
5536
5538
5540
5542
5544
5544
5546
5550
5552
5552
5554
5556
5556
5566
5568
5570
5572
5576
5580
5582
5584
5586
5586
5586
5588
5588
5590
5592
5596
5598
5600
5602
5602
5602
5604
5606
5606
5608
5608
5608
5610
5610
5614
5616
5618
5620
5624
5624
5634
5638
5644
5648
5650
5654
5654
5658
5660
5662
5662
5662
5664
5666
5666
5668
5670
5676
5678
5682
5684
5698
5698
5702
5704
5708
5710
5712
5712
5718
5720
5722
5722
5722
5724
5728
5730
5730
5732
5736
5738
5740
5742
5746
5748
5750
5760
5760
5762
5766
5778
5780
5782
5786
5786
5786
5790
5790
5798
5808
5816
5816
5822
5830
5830
5850
5850
5852
5856
5862
5862
5864
5866
5866
5868
5872
5874
5884
5890
5894
5896
5898
5902
5904
5922
5924
5934
5938
5938
5940
5948
5952
5964
5966
5978
5980
5984
5990
5990
5994
5994
5998
6002
6004
6008
6016
6022
6038
6044
6046
6046
6052
6058
6058
6062
6068
6080
6082
6084
6086
6092
6100
6102
6104
6104
6116
6118
6122
6136
6138
6150
6154
6164
6170
6172
6174
6182
6182
6190
6192
6194
6210
6214
6218
6224
6244
6246
6254
6256
6258
6258
6260
6266
6270
6282
6336
6338
6348
6360
6360
6376
6396
6488
6488
6514
6544
6570
6572
6584
6600
6612
6836
6848
6862
7006
7008
7096
7110
7306
7400
7510
7640
7684
7804
8026
8050
8422
8482
8646
8754
8950
8954
9032
9268
9544
9634
9852
9864
10120
10270
10578
10596
10644
11074
11458
11916
12476
12496
12922
13026
13044
13114
13848
13898
13920
13940
14168
14604
14796
14874
15016
15342
15562
15672
15732
16072
16074
16308
16320
16866
16998
17006
17022
17382
17480
17520
17532
17686
17718
17784
17904
17940
18052
18102
18162
18350
18448
18468
18500
18598
18836
18946
19296
19492
20538
20806
21192
21370
21422
22008
22110
22168
22458
22574
23142
23328
23916
24424
25018
25310
25352
25742
25760
26194
26288
26890
26926
27398
27454
27858
27894
28634
29306
29478
29746
29982
30320
30974
33204
33288
33516
34058
34398
34546
34554
34800
34944
35056
35666
35716
35916
35942
36480
36910
37452
38122
38364
39564
41604
42866
43672
46028
76196
