Latencies
5214
5712
5290
5216
5380
5352
5474
5338
7708
5224
5350
5332
5966
5318
5476
5300
5198
5762
5174
5302
5126
5402
5194
5260
5496
5358
5388
5736
5318
5202
6060
6088
6128
5790
5354
5328
5452
5300
5402
5272
5308
6398
6320
5824
5136
5574
5270
5426
5142
5116
5198
5156
5188
5300
5254
5402
5420
5796
5302
10002
5222
5762
5184
5276
5078
5758
5542
34504
6492
5364
15594
5826
5372
5374
5422
5336
5256
18172
5814
5230
5208
6212
6286
5682
5584
5358
5200
5510
5486
5350
5356
6526
5488
5352
5188
5526
15904
5730
5358
5332
5396
5742
7312
5308
5228
5294
5366
5630
5232
19272
5766
5684
5634
5754
5318
6104
6300
5278
5878
5222
5788
5202
5266
5282
5196
5506
5304
5354
5534
29702
5260
5166
5198
5378
5480
5488
5448
5196
5154
5282
5612
5288
5102
5272
5270
5164
5288
5164
5702
5374
5332
5436
5298
5312
5342
5382
5412
5638
5724
5200
5330
5754
6250
5902
32102
5268
13618
5328
5568
5334
5414
5212
5172
5332
5428
5302
5130
5076
5254
5434
5266
5212
5300
5982
5134
5228
5214
5374
5238
5814
5266
5458
5918
5110
6136
5306
5214
5276
5262
5668
5208
5308
5112
5284
5314
5312
5210
5946
24082
5252
5304
5832
5322
5314
5214
5042
5868
5276
5124
5274
5456
25844
5340
5190
5306
5458
5528
5826
5400
5242
5444
5200
19316
5244
5162
5148
5134
10420
5158
6696
5328
5272
5096
35784
5136
5374
32404
5112
5350
5292
11806
5362
5126
5272
5478
14930
5514
5312
5220
5748
5216
5782
5538
5248
5206
5196
5284
6018
5142
5174
5344
5332
5380
5090
5144
5198
5222
5208
5178
5358
22502
5330
5984
5634
5306
5146
5272
5362
5274
10652
5134
6354
17242
5128
5218
5142
5130
5222
5364
6894
5168
5132
5342
5088
5234
5992
5232
5910
5764
5596
5328
5484
5706
5164
5108
33852
5244
5326
6066
5216
6992
7024
5510
5064
7352
7192
5318
7250
5320
7218
9080
8284
5700
5250
5308
5196
5072
5448
5488
20828
5386
5198
5368
5346
5108
16206
7366
5204
7774
5222
5714
29676
5194
6430
5388
7126
6262
5188
8030
5378
5194
5344
5450
16254
5152
30576
5500
5856
5228
5154
5822
5416
5226
5200
5276
5220
5276
5426
5566
5250
5114
14384
5272
6002
5186
6152
5676
6272
16740
5604
5440
5328
5144
5266
5194
5596
5454
5828
5626
6656
5636
5330
5472
5190
5354
5308
5274
5722
5724
5256
5380
5304
6614
5396
5330
5638
33070
5222
5270
5420
5850
10394
11482
5376
5288
29380
5806
5230
32364
5582
6096
5346
8092
5920
5418
5252
5328
22462
5316
5572
5450
5274
5516
22902
5440
5222
5340
5384
7270
5252
35442
14574
6122
25828
5226
5262
5352
5840
5700
5166
5254
5204
13610
34178
7468
13136
32608
11350
5682
5894
10636
5372
5600
39514
19986
5106
5128
5356
5350
5484
5440
6124
5188
5228
5870
5290
5248
5240
5480
5150
5774
5128
33538
5440
6380
5688
5262
6022
5342
32082
