Latencies
5172
5220
5222
5226
5228
5234
5236
5238
5240
5244
5252
5256
5260
5260
5262
5268
5270
5274
5276
5276
5282
5282
5284
5288
5288
5288
5290
5290
5294
5298
5300
5312
5312
5312
5312
5316
5324
5324
5326
5326
5328
5330
5330
5332
5334
5334
5334
5334
5336
5336
5336
5338
5338
5338
5338
5340
5340
5342
5342
5342
5344
5344
5346
5346
5348
5348
5350
5350
5350
5352
5352
5354
5356
5356
5356
5356
5356
5358
5358
5358
5360
5360
5362
5362
5362
5362
5362
5362
5362
5362
5364
5364
5364
5364
5364
5364
5366
5366
5366
5366
5368
5368
5368
5368
5370
5374
5374
5376
5376
5376
5376
5376
5378
5378
5378
5378
5378
5378
5380
5380
5380
5382
5382
5382
5382
5382
5382
5382
5382
5382
5384
5384
5384
5384
5386
5386
5386
5390
5390
5390
5390
5392
5394
5394
5394
5394
5396
5396
5398
5398
5400
5400
5400
5400
5400
5400
5402
5402
5402
5402
5404
5406
5406
5408
5408
5408
5408
5408
5410
5410
5410
5412
5412
5412
5412
5412
5414
5414
5414
5416
5416
5416
5416
5416
5418
5418
5418
5420
5420
5420
5422
5422
5422
5422
5422
5424
5426
5426
5428
5428
5428
5428
5430
5430
5430
5430
5430
5432
5434
5434
5436
5436
5436
5436
5436
5436
5438
5438
5438
5438
5440
5440
5440
5440
5442
5442
5442
5442
5444
5444
5446
5448
5448
5448
5448
5448
5448
5450
5450
5450
5450
5450
5452
5452
5454
5456
5456
5456
5458
5458
5458
5458
5458
5458
5458
5460
5460
5462
5464
5464
5464
5466
5466
5466
5468
5470
5470
5470
5470
5474
5476
5476
5476
5478
5478
5478
5478
5478
5478
5480
5482
5486
5486
5488
5490
5490
5490
5492
5494
5494
5494
5496
5496
5498
5500
5500
5500
5500
5502
5502
5504
5504
5506
5506
5506
5506
5506
5508
5508
5510
5510
5512
5514
5514
5516
5516
5516
5518
5518
5518
5518
5520
5520
5520
5520
5522
5522
5522
5522
5522
5524
5524
5524
5524
5526
5526
5526
5528
5528
5530
5530
5530
5532
5532
5532
5534
5534
5536
5538
5538
5540
5540
5542
5542
5542
5542
5542
5544
5544
5544
5544
5546
5548
5550
5550
5550
5550
5552
5554
5554
5556
5556
5556
5558
5560
5562
5564
5566
5566
5568
5568
5568
5568
5570
5570
5572
5572
5572
5574
5574
5574
5576
5576
5578
5578
5578
5580
5582
5582
5582
5584
5584
5586
5588
5588
5590
5590
5590
5592
5592
5594
5596
5598
5598
5600
5600
5600
5600
5602
5604
5604
5606
5606
5608
5608
5608
5608
5610
5610
5612
5614
5616
5616
5618
5618
5618
5620
5620
5622
5622
5622
5624
5624
5624
5624
5626
5626
5626
5626
5632
5634
5634
5636
5638
5640
5642
5644
5646
5648
5648
5648
5650
5650
5650
5654
5656
5656
5656
5658
5658
5660
5662
5662
5664
5664
5664
5664
5666
5666
5666
5668
5672
5672
5674
5674
5674
5674
5676
5678
5680
5682
5682
5684
5684
5684
5684
5686
5686
5686
5686
5694
5694
5694
5698
5700
5700
5702
5702
5704
5706
5710
5710
5710
5710
5714
5714
5716
5716
5718
5720
5722
5722
5722
5722
5724
5726
5726
5728
5730
5730
5732
5736
5736
5738
5738
5738
5738
5740
5740
5742
5742
5746
5746
5750
5750
5752
5752
5754
5754
5754
5756
5758
5758
5760
5760
5762
5762
5764
5766
5768
5768
5770
5770
5772
5772
5774
5776
5778
5778
5782
5782
5782
5784
5784
5784
5786
5790
5790
5792
5794
5794
5796
5796
5798
5798
5800
5800
5800
5800
5802
5802
5802
5804
5808
5810
5810
5810
5810
5812
5814
5814
5816
5818
5818
5822
5822
5824
5826
5826
5826
5828
5830
5830
5830
5830
5830
5832
5832
5836
5836
5838
5842
5844
5850
5852
5856
5856
5858
5858
5860
5860
5860
5860
5862
5862
5866
5872
5876
5878
5880
5880
5880
5880
5884
5886
5886
5886
5888
5888
5890
5890
5890
5890
5890
5890
5892
5894
5894
5896
5898
5900
5900
5902
5904
5908
5910
5914
5916
5916
5916
5918
5920
5924
5928
5928
5930
5930
5934
5934
5934
5934
5934
5940
5942
5944
5946
5946
5946
5948
5950
5950
5954
5954
5954
5954
5954
5956
5960
5966
5968
5970
5970
5976
5978
5980
5986
5986
5988
5992
5994
5994
5996
5996
6000
6000
6000
6000
6000
6002
6004
6006
6008
6008
6008
6008
6010
6012
6014
6022
6024
6024
6024
6026
6026
6030
6034
6036
6036
6042
6042
6042
6044
6046
6048
6052
6052
6056
6058
6060
6062
6066
6070
6070
6072
6074
6074
6074
6076
6078
6078
6078
6092
6094
6096
6096
6098
6100
6100
6100
6104
6104
6106
6106
6108
6112
6116
6116
6116
6116
6120
6124
6124
6132
6138
6140
6144
6144
6146
6148
6148
6148
6150
6152
6154
6156
6162
6162
6164
6164
6166
6172
6172
6172
6174
6176
6176
6178
6188
6190
6190
6194
6194
6194
6196
6196
6196
6204
6204
6206
6206
6206
6210
6212
6212
6216
6218
6220
6230
6232
6240
6246
6246
6250
6258
6258
6258
6260
6262
6268
6268
6274
6276
6278
6282
6288
6290
6302
6302
6304
6314
6320
6332
6336
6338
6352
6352
6352
6364
6390
6390
6392
6396
6398
6398
6400
6404
6416
6418
6422
6424
6428
6432
6442
6444
6458
6464
6472
6476
6478
6500
6514
6516
6518
6518
6518
6520
6522
6522
6526
6528
6532
6538
6540
6556
6572
6586
6586
6602
6606
6610
6614
6654
6674
6716
6718
6718
6720
6722
6732
6742
6754
6756
6766
6772
6806
6828
6832
6842
6860
6944
6950
6974
7002
7048
7048
7050
7070
7088
7096
7122
7140
7162
7170
7172
7198
7214
7234
7242
7254
7284
7286
7296
7302
7314
7358
7364
7374
7378
7386
7412
7412
7448
7462
7538
7542
7542
7544
7564
7570
7594
7608
7626
7690
7710
7746
7772
7792
7842
7846
7856
7936
7938
7946
8454
8622
8780
8854
10272
10474
10594
11672
13206
13718
13730
13974
13994
14382
14426
14508
14710
14820
14968
16106
16152
18234
18816
22464
31886
32136
33784
