Latencies
5190
5228
5228
5230
5234
5234
5236
5244
5246
5246
5250
5250
5268
5274
5276
5278
5284
5284
5288
5292
5292
5302
5302
5308
5308
5308
5314
5316
5316
5316
5318
5318
5320
5320
5320
5320
5322
5326
5328
5330
5334
5338
5340
5340
5344
5344
5346
5348
5350
5350
5350
5352
5352
5354
5354
5356
5356
5356
5358
5360
5360
5368
5370
5370
5374
5374
5376
5376
5376
5380
5380
5382
5382
5386
5386
5388
5388
5390
5394
5396
5396
5398
5398
5398
5402
5402
5402
5406
5408
5410
5414
5414
5414
5418
5420
5420
5422
5422
5424
5426
5428
5428
5428
5430
5432
5432
5434
5436
5436
5438
5438
5438
5444
5444
5448
5450
5452
5452
5454
5454
5458
5458
5460
5460
5462
5462
5462
5464
5464
5466
5466
5468
5468
5470
5470
5478
5478
5480
5484
5486
5486
5486
5488
5490
5494
5498
5500
5504
5504
5504
5510
5512
5512
5512
5514
5514
5516
5520
5520
5522
5526
5530
5534
5538
5540
5544
5546
5546
5550
5564
5570
5570
5570
5572
5574
5580
5584
5586
5588
5588
5588
5592
5594
5596
5604
5606
5614
5614
5624
5624
5628
5632
5634
5638
5646
5648
5656
5656
5658
5662
5670
5670
5672
5678
5682
5690
5702
5708
5712
5718
5718
5728
5728
5738
5738
5740
5740
5750
5750
5754
5756
5762
5764
5764
5764
5764
5774
5774
5778
5780
5784
5786
5788
5792
5796
5802
5804
5820
5826
5826
5826
5828
5832
5842
5842
5844
5850
5854
5856
5856
5862
5866
5866
5866
5870
5872
5874
5874
5878
5884
5888
5888
5890
5902
5904
5912
5916
5920
5922
5924
5928
5928
5928
5928
5928
5930
5932
5934
5944
5948
5958
5958
5966
5972
5984
5986
5998
5998
6006
6008
6028
6028
6034
6036
6044
6048
6050
6058
6058
6058
6058
6062
6066
6074
6086
6092
6100
6106
6110
6122
6126
6132
6136
6144
6160
6166
6172
6176
6182
6188
6190
6192
6204
6218
6222
6228
6246
6254
6264
6268
6274
6286
6292
6306
6322
6334
6370
6376
6386
6424
6426
6442
6450
6456
6486
6546
6558
6572
6574
6582
6594
6604
6612
6632
6644
6656
6670
6690
6694
6708
6710
6718
6726
6726
6750
6782
6798
6810
6822
6828
6852
6862
6864
6922
6934
6934
6964
6970
6972
6972
6978
6988
6998
7008
7018
7052
7086
7098
7104
7120
7142
7148
7160
7168
7196
7214
7220
7242
7252
7254
7256
7256
7258
7262
7286
7304
7330
7338
7338
7358
7364
7374
7392
7392
7412
7460
7470
7494
7562
7582
7606
7624
7638
7770
7790
7818
7866
7866
7874
7882
7894
7904
7904
7908
7930
7990
7994
8036
8084
8088
8098
8108
8124
8124
8130
8156
8160
8186
8188
8188
8200
8214
8224
8254
8262
8314
8346
8362
8518
8562
8632
8638
8640
8656
8678
8706
8730
8786
8804
8822
8932
8942
8968
9012
9022
9078
9098
9146
9222
9278
9322
9328
9378
9402
9466
9478
9552
9576
9612
9634
9682
9684
9702
9716
9746
9760
9888
9912
9956
9998
10058
10106
10114
10186
10280
10310
10380
10464
10468
10512
10550
10570
10624
10626
10642
10800
10842
10854
10890
10904
10938
10986
10994
11000
11004
11026
11050
11088
11102
11122
11132
11240
11254
11288
11358
11364
11406
11432
11438
11484
11520
11566
11638
11672
11758
11768
11802
11812
11868
11868
11886
11916
11942
11962
11966
11990
12058
12086
12100
12104
12108
12170
12172
12272
12308
12310
12352
12498
12554
12580
12602
12604
12708
12768
12792
12798
12804
12810
12840
12918
12920
12928
12972
12998
13000
13008
13026
13074
13088
13088
13098
13148
13170
13178
13224
13336
13344
13404
13500
13538
13542
13580
13590
13616
13700
13704
13762
13864
13872
13924
13978
14010
14028
14056
14060
14068
14074
14098
14126
14150
14164
14170
14188
14204
14226
14260
14264
14304
14310
14314
14334
14392
14400
14402
14422
14454
14462
14476
14482
14494
14494
14498
14502
14516
14522
14528
14536
14550
14566
14584
14598
14602
14604
14604
14610
14614
14618
14618
14624
14632
14644
14644
14646
14656
14660
14662
14664
14668
14670
14676
14676
14676
14682
14684
14698
14706
14710
14712
14728
14728
14730
14730
14736
14738
14746
14760
14766
14768
14768
14770
14774
14792
14808
14808
14810
14814
14838
14840
14852
14854
14854
14866
14870
14882
14894
14896
14898
14902
14906
14926
14940
14942
14956
14958
14958
14964
14966
14966
14968
14970
14974
14976
14980
14982
14988
14994
15000
15000
15000
15002
15002
15004
15004
15006
15006
15008
15010
15018
15022
15024
15024
15026
15032
15034
15036
15052
15070
15074
15076
15084
15088
15092
15094
15094
15104
15108
15112
15112
15114
15114
15116
15118
15124
15126
15126
15130
15130
15132
15150
15154
15154
15154
15164
15166
15168
15172
15178
15180
15186
15186
15186
15186
15190
15192
15192
15196
15198
15198
15198
15198
15198
15202
15206
15210
15212
15214
15222
15226
15226
15232
15236
15236
15244
15246
15260
15264
15266
15266
15270
15270
15284
15288
15288
15292
15302
15304
15312
15324
15326
15326
15328
15332
15338
15346
15350
15358
15372
15374
15396
15400
15406
15406
15408
15414
15420
15428
15432
15434
15440
15446
15452
15466
15486
15496
15498
15504
15508
15510
15512
15520
15532
15536
15550
15564
15578
15590
15600
15604
15606
15612
15618
15640
15650
15666
15690
15692
15694
15698
15700
15714
15720
15748
15758
15760
15762
15764
15770
15778
15886
15892
15898
15906
15914
15936
15950
15956
15974
16012
16026
16030
16076
16122
16308
17256
17536
19944
20158
20370
21544
22000
23470
23684
23878
23908
23958
24064
24100
24316
24358
24384
24394
24468
24492
24612
24616
24644
24704
24742
24750
24826
25124
25216
25260
25698
25882
26534
33890
33912
33964
34142
34444
34542
38726
43624
54880
55722
75090692
