Latencies
5184
5192
5208
5210
5224
5224
5236
5238
5240
5244
5248
5250
5250
5250
5254
5264
5274
5278
5284
5290
5296
5304
5308
5308
5310
5310
5314
5316
5318
5318
5322
5322
5328
5328
5338
5348
5354
5354
5354
5356
5370
5374
5382
5384
5384
5390
5392
5394
5396
5396
5402
5402
5406
5408
5410
5414
5418
5428
5428
5430
5434
5434
5434
5434
5436
5438
5450
5456
5460
5472
5474
5476
5476
5476
5480
5488
5496
5498
5520
5534
5536
5552
5556
5562
5576
5588
5590
5590
5594
5600
5616
5618
5618
5630
5634
5652
5654
5654
5688
5694
5698
5702
5706
5712
5718
5724
5728
5730
5734
5734
5740
5740
5744
5752
5756
5758
5762
5770
5778
5784
5788
5788
5790
5792
5792
5796
5796
5800
5804
5804
5808
5822
5834
5836
5850
5880
5882
5890
5890
5892
5894
5898
5906
5908
5912
5920
5922
5922
5924
5940
5942
5944
5952
5952
5966
5966
5968
5990
5990
5992
5994
6004
6006
6026
6030
6034
6038
6048
6050
6060
6066
6070
6076
6080
6082
6090
6094
6102
6116
6152
6158
6174
6224
6226
6236
6258
6266
6284
6318
6336
6338
6344
6390
6430
6456
6478
6586
6636
6650
6678
6706
6716
6844
6846
6848
6862
6878
6882
6920
6924
6956
6964
6968
6970
6976
6986
7048
7098
7100
7112
7164
7196
7210
7214
7222
7230
7258
7300
7306
7308
7312
7330
7350
7392
7400
7440
7482
7496
7502
7510
7536
7580
7736
7750
7752
7760
7778
7812
7822
7850
7866
7886
7894
7978
7998
8006
8024
8032
8110
8116
8174
8250
8356
8436
8442
8460
8468
8506
8548
8618
8626
8666
8712
8742
8760
8802
8814
8868
8902
9042
9058
9102
9146
9176
9192
9234
9268
9298
9308
9316
9342
9414
9416
9544
9556
9578
9598
9610
9610
9614
9640
9644
9716
9726
9764
9806
9812
9924
9940
9944
10008
10016
10042
10062
10068
10168
10256
10274
10324
10336
10356
10380
10416
10484
10540
10574
10642
10660
10664
10702
10718
10742
10750
10842
10892
10912
10920
10928
10940
10982
11086
11090
11124
11138
11138
11164
11188
11264
11284
11286
11302
11318
11338
11340
11344
11366
11382
11492
11538
11550
11558
11602
11640
11686
11690
11702
11780
11800
11804
11866
11890
11932
11950
11950
11952
11964
12072
12138
12140
12142
12218
12226
12282
12294
12336
12352
12408
12460
12486
12532
12532
12584
12660
12692
12698
12702
12720
12754
12762
12778
12866
12910
12972
12984
12996
13014
13092
13156
13172
13280
13330
13350
13382
13388
13406
13452
13460
13496
13524
13536
13558
13646
13734
13792
13810
13868
13872
13926
14048
14060
14114
14160
14168
14190
14218
14294
14324
14346
14346
14348
14358
14368
14388
14392
14412
14430
14432
14432
14446
14456
14482
14482
14490
14494
14514
14528
14542
14544
14556
14566
14578
14602
14614
14630
14648
14652
14664
14668
14674
14678
14678
14690
14710
14714
14722
14738
14742
14748
14752
14754
14756
14758
14760
14762
14766
14768
14772
14776
14782
14784
14794
14816
14822
14828
14840
14840
14842
14844
14848
14848
14858
14864
14870
14870
14874
14876
14880
14882
14884
14888
14888
14892
14896
14904
14904
14908
14910
14916
14916
14920
14926
14926
14928
14934
14934
14936
14938
14938
14942
14942
14944
14944
14946
14946
14950
14950
14960
14964
14964
14964
14964
14966
14974
14984
14986
14986
14988
14988
14990
14994
14996
15010
15016
15020
15024
15026
15030
15032
15034
15036
15038
15042
15054
15056
15058
15060
15060
15062
15064
15064
15066
15068
15070
15076
15080
15084
15090
15096
15098
15100
15102
15102
15102
15108
15108
15108
15110
15110
15112
15114
15120
15126
15126
15128
15128
15132
15134
15134
15140
15140
15142
15144
15152
15156
15156
15160
15166
15172
15176
15178
15178
15186
15186
15188
15190
15190
15190
15192
15196
15198
15204
15206
15206
15206
15210
15212
15212
15222
15222
15224
15224
15234
15236
15236
15240
15240
15242
15244
15244
15246
15250
15254
15256
15258
15260
15266
15268
15268
15272
15274
15276
15280
15280
15282
15290
15292
15300
15302
15302
15304
15304
15306
15306
15308
15310
15312
15314
15320
15326
15332
15332
15334
15336
15338
15340
15340
15342
15342
15342
15346
15348
15348
15348
15348
15350
15350
15352
15354
15358
15362
15368
15368
15370
15372
15378
15380
15386
15392
15394
15396
15400
15400
15400
15400
15406
15410
15416
15418
15424
15426
15428
15428
15428
15432
15434
15440
15440
15442
15444
15444
15448
15450
15450
15456
15456
15456
15456
15456
15462
15462
15466
15466
15468
15474
15478
15486
15496
15500
15502
15506
15512
15518
15518
15520
15528
15538
15540
15542
15542
15544
15546
15548
15552
15558
15564
15568
15568
15572
15584
15586
15590
15626
15626
15632
15660
15662
15676
15702
15706
15710
15718
15728
15728
15732
15762
15774
15780
15784
15790
15816
15822
15822
15832
15832
15834
15836
15866
15880
15884
15916
15926
15936
15944
15964
15976
16004
16004
16024
16058
16094
16154
16192
16230
16232
16298
16310
16348
16496
16500
16540
16542
16654
16744
16986
17182
17220
17310
17470
17498
17654
17990
18318
18332
18356
18774
18998
19262
19278
19408
19552
19666
19750
19934
20100
20112
20116
20352
21128
21408
21526
21748
22074
22336
22454
22792
22834
23020
23266
23604
23676
24134
24138
24302
24394
24420
24448
24508
24660
24668
24678
24730
24856
24990
25150
25152
25198
25386
25408
25418
25440
25452
25504
25518
25592
25658
25708
25822
25898
26096
26462
26650
26684
26686
27090
27206
27308
27620
27746
28116
28416
28814
28884
29104
29624
30030
30546
30710
30838
31708
31726
32368
32656
32766
33442
33764
34024
34062
34062
34096
34118
34130
34138
34196
34228
34304
34326
34348
34442
34452
34460
34470
34472
34494
34524
34532
34546
34572
34616
34668
34700
34708
34710
34724
34724
34732
34736
34748
34760
34764
34784
34806
34810
34828
34874
34890
34900
34934
34954
35012
35020
35036
35090
35108
35108
35116
35118
35124
35154
35158
35216
35232
35392
35410
35418
35486
35512
35568
35674
35804
38644
41614
41790
43848
44264
44576
44588
44712
45932
56032
99504
