Latencies
4982
4994
4998
5016
5032
5034
5034
5048
5050
5058
5072
5072
5076
5076
5080
5086
5090
5094
5094
5100
5100
5100
5106
5108
5112
5114
5116
5118
5120
5120
5122
5122
5122
5124
5124
5124
5124
5126
5130
5130
5136
5136
5138
5138
5140
5142
5142
5142
5144
5144
5146
5146
5148
5152
5152
5152
5152
5152
5154
5154
5156
5156
5156
5158
5158
5158
5158
5160
5160
5160
5162
5162
5164
5164
5164
5166
5168
5168
5168
5168
5170
5170
5172
5172
5174
5174
5176
5176
5176
5176
5178
5178
5178
5180
5180
5180
5180
5182
5182
5182
5186
5186
5186
5188
5188
5188
5188
5190
5192
5192
5192
5192
5192
5192
5194
5196
5196
5196
5196
5198
5198
5198
5198
5198
5198
5198
5200
5200
5200
5200
5200
5200
5202
5202
5202
5202
5202
5202
5202
5204
5204
5204
5204
5204
5204
5206
5206
5206
5206
5208
5208
5208
5208
5208
5210
5210
5210
5210
5210
5210
5210
5210
5210
5210
5210
5210
5212
5212
5212
5212
5212
5214
5214
5214
5214
5214
5214
5216
5216
5216
5216
5216
5218
5218
5218
5218
5220
5220
5220
5220
5222
5222
5222
5222
5222
5224
5224
5224
5224
5224
5226
5226
5226
5226
5226
5228
5228
5228
5230
5230
5230
5230
5230
5232
5232
5232
5232
5232
5232
5234
5234
5234
5234
5234
5236
5236
5236
5236
5236
5236
5236
5236
5238
5238
5238
5238
5238
5238
5238
5238
5240
5240
5240
5240
5240
5240
5240
5240
5242
5242
5242
5242
5242
5242
5242
5242
5244
5244
5244
5244
5244
5244
5244
5244
5244
5246
5246
5246
5246
5246
5246
5248
5248
5248
5248
5250
5250
5250
5252
5252
5252
5252
5252
5252
5252
5254
5254
5254
5256
5256
5256
5256
5256
5256
5256
5256
5258
5258
5258
5260
5260
5260
5262
5262
5262
5262
5262
5264
5264
5264
5264
5264
5264
5266
5266
5266
5266
5266
5268
5268
5268
5270
5270
5270
5270
5272
5272
5272
5272
5272
5272
5274
5276
5276
5276
5276
5276
5278
5278
5278
5280
5280
5280
5280
5280
5282
5282
5282
5282
5282
5284
5284
5284
5286
5286
5288
5288
5290
5290
5290
5292
5292
5292
5292
5292
5292
5294
5294
5296
5296
5298
5298
5298
5298
5298
5298
5300
5300
5300
5300
5300
5300
5302
5302
5302
5304
5304
5306
5306
5306
5308
5308
5308
5308
5310
5310
5310
5310
5312
5314
5314
5314
5314
5314
5314
5316
5318
5318
5320
5322
5324
5324
5324
5324
5324
5326
5328
5328
5328
5330
5330
5330
5332
5332
5332
5332
5332
5332
5332
5334
5336
5338
5338
5338
5338
5338
5338
5340
5340
5346
5346
5346
5348
5348
5348
5350
5350
5350
5350
5350
5354
5354
5354
5354
5356
5356
5358
5358
5360
5360
5360
5360
5362
5364
5364
5366
5366
5368
5368
5370
5370
5374
5374
5374
5374
5374
5376
5378
5378
5378
5378
5378
5380
5384
5386
5386
5386
5386
5388
5388
5390
5390
5390
5390
5390
5390
5392
5392
5392
5392
5392
5392
5394
5394
5394
5394
5396
5396
5396
5396
5396
5398
5400
5400
5400
5400
5402
5402
5402
5402
5402
5404
5404
5404
5404
5406
5408
5408
5408
5410
5410
5410
5410
5410
5410
5412
5412
5414
5414
5414
5414
5418
5420
5420
5424
5424
5426
5426
5428
5428
5430
5430
5432
5432
5432
5432
5434
5434
5434
5436
5436
5440
5440
5440
5442
5442
5442
5444
5444
5444
5446
5446
5448
5448
5448
5450
5450
5452
5454
5454
5454
5456
5456
5456
5458
5460
5460
5460
5464
5466
5472
5474
5474
5474
5478
5480
5480
5486
5488
5488
5488
5488
5492
5494
5494
5496
5496
5496
5498
5500
5500
5502
5502
5504
5510
5512
5512
5516
5516
5516
5518
5532
5532
5532
5532
5532
5532
5534
5536
5540
5540
5540
5544
5550
5550
5552
5556
5556
5560
5566
5568
5568
5572
5572
5580
5582
5586
5588
5596
5598
5598
5600
5600
5600
5604
5608
5610
5612
5612
5614
5616
5618
5622
5624
5630
5634
5636
5640
5640
5640
5642
5644
5644
5644
5646
5646
5648
5650
5652
5652
5652
5656
5656
5656
5664
5666
5668
5668
5670
5672
5676
5676
5680
5682
5684
5686
5688
5690
5690
5690
5692
5692
5696
5698
5698
5700
5700
5706
5708
5708
5710
5712
5712
5722
5724
5724
5728
5728
5728
5730
5734
5734
5742
5742
5746
5748
5756
5758
5758
5760
5764
5766
5768
5772
5772
5772
5774
5774
5776
5776
5778
5778
5786
5786
5794
5802
5802
5804
5808
5808
5812
5816
5820
5822
5826
5826
5832
5832
5834
5836
5846
5850
5850
5850
5852
5852
5860
5862
5866
5868
5872
5876
5880
5880
5884
5886
5886
5888
5894
5896
5900
5906
5910
5912
5916
5918
5928
5932
5938
5940
5942
5944
5946
5946
5952
5954
5956
5958
5960
5962
5970
5970
5974
5978
5982
5982
5984
5988
5990
5992
5998
6002
6006
6032
6044
6074
6078
6078
6086
6090
6124
6124
6130
6132
6174
6186
6192
6206
6438
6638
6662
6668
6668
6674
6740
6916
6918
7056
7136
7144
7176
7272
7364
7618
7786
7786
7842
7990
8374
8480
8550
8724
9008
10106
10228
10530
10540
10558
10580
10604
10634
10642
10644
10666
10678
10698
10718
10722
10738
10758
10760
10762
10766
10778
10784
10798
10814
10846
10860
10862
10874
10876
10880
10908
10950
10956
10988
11024
11128
11130
11162
11198
11208
11320
11412
11424
13128
14416
14424
18362
22178
22500
24872
25278
25470
25518
27168
29782
32568
35504
35944
36134
36140
37918
38024
38360
40838
41070
41244
41338
41596
43900
69398
70550
