Latencies
4992
4998
5010
5022
5022
5024
5026
5034
5036
5040
5040
5042
5042
5044
5044
5044
5044
5046
5046
5046
5046
5048
5050
5050
5050
5052
5054
5056
5056
5056
5058
5060
5066
5068
5070
5072
5072
5080
5080
5084
5086
5086
5086
5092
5092
5094
5094
5094
5096
5096
5100
5100
5102
5102
5102
5104
5104
5106
5106
5108
5108
5110
5110
5110
5110
5112
5112
5112
5114
5114
5114
5114
5116
5118
5118
5122
5122
5124
5124
5124
5124
5126
5126
5126
5126
5128
5128
5130
5130
5130
5134
5136
5136
5136
5136
5136
5138
5138
5140
5142
5142
5144
5144
5144
5146
5146
5146
5148
5148
5148
5148
5150
5150
5152
5152
5152
5152
5154
5154
5156
5156
5156
5158
5160
5162
5162
5162
5164
5164
5164
5168
5168
5168
5170
5170
5170
5170
5170
5172
5174
5174
5174
5176
5176
5176
5176
5178
5178
5178
5178
5178
5180
5180
5180
5180
5180
5180
5180
5180
5182
5182
5182
5184
5184
5184
5184
5186
5186
5186
5186
5188
5188
5190
5190
5190
5190
5190
5192
5192
5192
5194
5194
5194
5194
5194
5194
5194
5196
5196
5196
5196
5198
5198
5198
5198
5198
5198
5200
5200
5202
5202
5202
5202
5204
5204
5204
5204
5204
5204
5204
5206
5206
5206
5206
5208
5208
5208
5208
5208
5208
5208
5208
5208
5208
5208
5210
5210
5210
5212
5212
5212
5212
5214
5214
5214
5216
5216
5216
5216
5218
5218
5220
5220
5220
5222
5222
5222
5222
5222
5224
5224
5224
5224
5224
5224
5226
5226
5226
5226
5226
5228
5228
5230
5230
5230
5230
5230
5230
5232
5232
5232
5234
5234
5234
5234
5234
5236
5236
5236
5236
5236
5236
5236
5238
5238
5238
5238
5238
5238
5240
5240
5240
5240
5240
5240
5240
5240
5244
5246
5246
5246
5248
5248
5248
5248
5248
5248
5248
5248
5248
5248
5248
5250
5250
5250
5250
5250
5252
5252
5252
5252
5254
5254
5254
5254
5254
5254
5254
5256
5256
5256
5256
5258
5258
5258
5258
5260
5260
5260
5260
5262
5262
5262
5262
5264
5266
5266
5266
5266
5268
5268
5268
5268
5270
5270
5270
5270
5272
5272
5272
5272
5272
5272
5274
5274
5274
5274
5274
5276
5276
5276
5278
5278
5278
5278
5278
5280
5280
5280
5280
5280
5282
5282
5284
5284
5284
5284
5284
5286
5286
5286
5288
5288
5288
5288
5288
5288
5290
5290
5290
5292
5292
5292
5294
5294
5294
5294
5296
5296
5296
5296
5296
5296
5296
5298
5298
5298
5300
5300
5300
5300
5300
5300
5300
5302
5304
5304
5304
5306
5306
5308
5308
5310
5310
5312
5312
5314
5314
5314
5314
5314
5316
5316
5318
5318
5318
5320
5320
5320
5322
5324
5324
5326
5326
5326
5326
5328
5328
5328
5328
5330
5330
5330
5330
5332
5332
5332
5332
5334
5334
5336
5336
5336
5336
5338
5340
5342
5344
5344
5344
5346
5346
5346
5346
5346
5348
5348
5348
5348
5350
5350
5350
5350
5352
5354
5354
5354
5356
5356
5356
5358
5360
5362
5368
5368
5370
5370
5372
5374
5374
5374
5376
5376
5378
5378
5380
5380
5380
5382
5382
5388
5388
5390
5392
5392
5392
5392
5394
5394
5398
5400
5402
5404
5404
5404
5406
5408
5410
5410
5410
5410
5412
5414
5416
5418
5418
5422
5424
5428
5428
5428
5428
5432
5432
5432
5432
5434
5436
5436
5436
5442
5444
5444
5444
5446
5446
5446
5448
5450
5450
5450
5450
5452
5452
5452
5454
5456
5456
5456
5458
5458
5460
5460
5462
5462
5462
5464
5466
5470
5470
5474
5474
5474
5476
5476
5482
5484
5490
5490
5490
5492
5494
5494
5494
5496
5496
5498
5500
5500
5504
5504
5508
5508
5510
5510
5512
5516
5516
5522
5526
5528
5530
5532
5532
5536
5538
5540
5540
5542
5544
5550
5552
5554
5556
5558
5560
5562
5566
5570
5572
5572
5572
5572
5576
5578
5578
5580
5584
5584
5586
5586
5586
5586
5590
5590
5592
5592
5594
5596
5596
5598
5598
5600
5600
5608
5608
5608
5612
5612
5614
5618
5618
5620
5624
5628
5628
5628
5630
5634
5634
5634
5634
5636
5638
5640
5640
5646
5646
5650
5650
5650
5656
5656
5664
5670
5670
5672
5674
5676
5678
5682
5682
5682
5686
5686
5688
5690
5690
5690
5692
5692
5692
5692
5692
5694
5694
5694
5696
5700
5702
5702
5702
5704
5706
5706
5710
5712
5714
5714
5718
5720
5722
5726
5728
5728
5730
5734
5738
5738
5742
5742
5748
5750
5752
5752
5752
5756
5758
5758
5766
5766
5768
5772
5772
5772
5774
5778
5778
5782
5784
5790
5790
5796
5796
5798
5800
5802
5804
5808
5810
5810
5816
5816
5816
5818
5820
5820
5828
5830
5832
5834
5834
5836
5838
5840
5844
5846
5850
5850
5852
5856
5858
5864
5870
5878
5880
5880
5884
5886
5890
5894
5902
5904
5916
5918
5920
5922
5926
5926
5928
5932
5938
5942
5944
5946
5948
5954
5974
5976
5980
5986
5990
5996
5998
6000
6006
6008
6010
6054
6064
6116
6180
6222
6244
6328
6336
6342
6390
6418
6444
6502
6512
6516
6538
6540
6590
6608
6624
6638
6642
6648
6650
6710
6826
6834
6844
6878
7014
7016
7098
7194
7276
7306
7802
8356
8844
8902
10376
10410
10648
10696
10706
10752
10758
10790
10834
10838
10874
10914
10922
10950
10980
11334
11552
11732
12242
13238
13382
13978
14498
14652
14748
14964
15028
15038
15146
15256
17466
24460
24466
24472
24894
25128
25140
25558
26058
26320
27534
27740
28378
29342
30112
31550
33368
35044
35068
35126
35130
35234
35372
35560
35562
35664
35770
35828
35972
36204
40462
40514
40602
40708
40866
321262
