Latencies
4966
5002
5016
5028
5036
5042
5046
5048
5050
5054
5058
5062
5062
5068
5068
5074
5076
5076
5080
5080
5086
5086
5088
5088
5092
5100
5100
5100
5104
5106
5108
5108
5110
5112
5112
5114
5120
5124
5124
5124
5128
5128
5128
5130
5130
5132
5134
5134
5138
5140
5148
5150
5152
5154
5154
5154
5156
5162
5162
5162
5162
5164
5168
5168
5168
5170
5170
5170
5172
5174
5174
5176
5176
5178
5178
5178
5182
5184
5184
5186
5186
5188
5188
5188
5188
5188
5188
5190
5190
5190
5192
5192
5194
5194
5194
5194
5196
5196
5196
5198
5200
5202
5202
5202
5204
5204
5204
5206
5208
5208
5208
5208
5208
5210
5210
5212
5212
5212
5212
5212
5214
5214
5214
5214
5216
5216
5216
5218
5220
5222
5222
5222
5222
5222
5222
5224
5224
5224
5224
5224
5224
5226
5226
5228
5228
5230
5230
5232
5234
5234
5234
5236
5236
5236
5236
5236
5236
5240
5240
5240
5242
5242
5244
5244
5244
5244
5244
5246
5246
5246
5246
5248
5248
5250
5250
5250
5252
5254
5256
5256
5256
5256
5258
5258
5258
5260
5260
5262
5262
5264
5264
5264
5264
5264
5264
5266
5268
5270
5270
5274
5274
5274
5276
5276
5276
5278
5278
5280
5280
5282
5284
5286
5286
5286
5288
5290
5290
5290
5290
5290
5292
5292
5294
5294
5294
5294
5294
5294
5296
5296
5296
5298
5300
5302
5304
5304
5304
5304
5306
5306
5306
5306
5308
5310
5312
5312
5312
5314
5314
5316
5316
5316
5316
5318
5318
5318
5318
5318
5320
5320
5320
5320
5322
5322
5322
5322
5324
5324
5324
5326
5326
5326
5326
5326
5328
5328
5328
5328
5330
5330
5330
5332
5332
5332
5334
5336
5338
5344
5344
5346
5350
5354
5354
5354
5356
5358
5358
5358
5360
5362
5362
5364
5364
5364
5366
5368
5368
5370
5372
5372
5372
5372
5374
5374
5376
5378
5378
5378
5378
5380
5382
5382
5384
5384
5384
5386
5386
5386
5388
5388
5390
5390
5390
5390
5390
5390
5392
5394
5396
5396
5398
5398
5398
5400
5402
5404
5404
5404
5404
5404
5408
5408
5408
5410
5410
5414
5416
5416
5416
5418
5418
5420
5420
5422
5422
5426
5426
5426
5426
5428
5428
5428
5428
5430
5430
5432
5434
5434
5436
5440
5440
5442
5442
5446
5448
5450
5450
5450
5450
5454
5454
5456
5456
5462
5464
5464
5466
5466
5468
5468
5468
5470
5470
5470
5472
5474
5474
5476
5478
5480
5482
5484
5484
5484
5484
5486
5486
5488
5492
5492
5498
5498
5498
5500
5500
5500
5504
5504
5504
5504
5504
5506
5506
5508
5512
5514
5514
5514
5516
5518
5520
5522
5522
5526
5526
5530
5532
5532
5536
5536
5536
5538
5540
5542
5542
5544
5544
5546
5546
5548
5548
5550
5552
5552
5554
5554
5560
5560
5560
5562
5562
5562
5564
5566
5566
5566
5570
5570
5574
5574
5578
5578
5580
5580
5582
5582
5586
5590
5592
5592
5594
5594
5594
5596
5596
5598
5598
5600
5600
5600
5602
5612
5614
5618
5620
5620
5620
5620
5624
5624
5628
5630
5632
5632
5632
5636
5638
5640
5640
5644
5650
5654
5662
5664
5670
5670
5676
5678
5678
5684
5690
5690
5692
5696
5700
5704
5706
5708
5708
5708
5708
5710
5710
5718
5720
5726
5726
5728
5734
5736
5742
5744
5750
5758
5758
5760
5764
5770
5778
5782
5784
5784
5786
5788
5800
5802
5806
5806
5812
5816
5818
5824
5832
5838
5850
5852
5854
5854
5854
5860
5860
5862
5864
5868
5878
5884
5888
5892
5894
5898
5900
5908
5920
5922
5922
5938
5978
5982
5986
5990
5996
5998
6006
6008
6018
6020
6044
6060
6068
6074
6088
6092
6092
6102
6104
6120
6122
6136
6150
6152
6164
6172
6202
6208
6228
6232
6306
6342
6368
6408
6474
6554
6592
6614
6646
6752
6772
6804
6826
6848
6896
6898
6918
6976
7236
7372
7664
7746
7842
8084
8652
8704
9142
10342
10518
10560
10622
10892
10932
11156
11390
11982
13628
14172
14180
14182
14228
14252
14288
14322
14356
14358
14384
14390
14410
14436
14436
14452
14454
14456
14456
14470
14498
14502
14520
14524
14532
14532
14534
14538
14554
14560
14572
14574
14590
14592
14594
14640
14650
14658
14668
14672
14692
14692
14694
14698
14704
14704
14710
14714
14720
14734
14744
14770
14774
14782
14788
14806
14810
14822
14826
14836
14840
14850
14852
14854
14858
14876
14876
14880
14882
14890
14894
14900
14906
14910
14916
14930
14942
14942
14946
14950
14954
14954
14958
14966
14970
14970
14970
14976
14978
14978
14980
14990
14992
14998
15006
15010
15012
15014
15014
15020
15034
15036
15042
15044
15044
15044
15050
15054
15072
15072
15074
15076
15078
15082
15084
15090
15092
15098
15100
15110
15128
15134
15142
15146
15148
15152
15152
15166
15172
15174
15178
15178
15178
15178
15186
15190
15192
15200
15200
15202
15202
15202
15208
15210
15210
15212
15216
15218
15218
15222
15236
15242
15244
15248
15248
15270
15272
15276
15276
15296
15302
15302
15320
15320
15322
15322
15324
15330
15332
15334
15336
15348
15358
15364
15366
15382
15384
15402
15404
15406
15416
15424
15432
15432
15434
15434
15440
15456
15458
15476
15478
15486
15500
15506
15512
15514
15516
15520
15526
15532
15546
15550
15556
15586
15702
15708
15718
15720
15748
15756
15816
15842
15856
15992
16040
16106
16150
16238
16274
16424
20134
20754
20964
21006
21126
21468
22228
23094
24546
24622
24640
24682
24688
24740
24852
24910
25146
25270
25470
26034
26100
26712
28274
28730
32150
33986
33994
34192
34216
34290
34444
34548
34554
34588
34622
34678
34678
34842
34980
35014
35252
35264
35288
35448
35454
35522
35548
35592
35834
35916
35962
36150
36452
37586
39050
40136
40664
40672
40794
40798
40966
41008
41136
41716
41772
43634
44626
44948
44960
44992
45092
45134
45422
45524
45650
45764
46080
46248
46290
46758
50446
51218
52138
52184
