Latencies
5110
5114
5124
5140
5144
5146
5148
5152
5154
5154
5160
5166
5168
5168
5172
5172
5178
5178
5178
5180
5184
5186
5186
5190
5190
5190
5192
5194
5196
5198
5200
5200
5202
5202
5204
5208
5210
5210
5212
5214
5214
5218
5218
5218
5220
5222
5224
5224
5226
5228
5228
5230
5232
5234
5236
5236
5238
5238
5240
5240
5240
5240
5242
5242
5242
5244
5244
5244
5246
5246
5248
5250
5252
5256
5256
5258
5258
5260
5260
5262
5262
5262
5262
5264
5264
5266
5266
5266
5266
5268
5268
5268
5268
5268
5270
5270
5270
5274
5274
5276
5276
5278
5280
5282
5282
5282
5282
5284
5284
5286
5286
5288
5288
5290
5290
5290
5290
5292
5292
5292
5292
5292
5292
5292
5294
5296
5296
5296
5300
5300
5300
5300
5300
5302
5302
5306
5306
5306
5306
5306
5306
5308
5308
5310
5310
5310
5310
5310
5310
5310
5310
5310
5312
5312
5312
5312
5312
5312
5312
5312
5312
5314
5314
5314
5314
5314
5314
5316
5316
5316
5316
5316
5316
5318
5318
5318
5320
5320
5320
5320
5320
5320
5320
5322
5322
5324
5324
5324
5324
5324
5324
5324
5326
5328
5328
5328
5330
5330
5330
5330
5330
5332
5332
5334
5334
5334
5336
5336
5336
5336
5336
5336
5338
5338
5340
5340
5340
5340
5342
5342
5342
5342
5342
5342
5344
5344
5344
5344
5344
5344
5344
5344
5346
5346
5346
5346
5346
5346
5348
5348
5350
5350
5350
5352
5352
5352
5352
5352
5352
5354
5354
5354
5354
5354
5356
5356
5356
5356
5358
5358
5358
5358
5358
5358
5358
5360
5360
5360
5360
5362
5362
5362
5362
5362
5362
5362
5362
5362
5362
5362
5364
5364
5364
5364
5364
5366
5366
5366
5366
5366
5368
5368
5368
5368
5368
5368
5368
5368
5368
5370
5370
5372
5372
5372
5372
5372
5372
5372
5374
5374
5374
5376
5376
5376
5376
5376
5378
5378
5378
5378
5380
5380
5380
5380
5380
5380
5382
5382
5382
5382
5384
5384
5384
5384
5384
5384
5386
5386
5386
5386
5386
5386
5386
5388
5388
5388
5388
5390
5390
5390
5390
5390
5390
5392
5392
5392
5394
5394
5394
5398
5398
5398
5398
5398
5400
5400
5402
5402
5402
5402
5404
5404
5404
5404
5404
5406
5406
5406
5406
5408
5410
5410
5410
5412
5412
5412
5412
5412
5412
5412
5414
5414
5414
5414
5416
5416
5416
5418
5420
5420
5420
5420
5422
5422
5422
5426
5426
5426
5428
5428
5430
5430
5432
5432
5432
5434
5434
5434
5434
5436
5436
5436
5438
5438
5440
5440
5440
5442
5442
5442
5444
5444
5444
5444
5444
5444
5446
5446
5446
5448
5448
5448
5450
5450
5452
5452
5454
5456
5456
5456
5458
5458
5458
5460
5460
5460
5462
5462
5462
5462
5462
5464
5464
5464
5466
5466
5466
5466
5468
5468
5468
5468
5468
5470
5472
5472
5474
5474
5478
5478
5478
5478
5480
5480
5482
5482
5484
5488
5488
5492
5492
5494
5494
5494
5494
5494
5496
5498
5498
5500
5500
5502
5502
5504
5504
5504
5504
5504
5504
5506
5506
5508
5508
5510
5510
5512
5514
5514
5514
5514
5516
5516
5516
5516
5516
5516
5518
5518
5520
5520
5526
5526
5526
5528
5528
5528
5530
5532
5532
5536
5536
5538
5538
5540
5540
5540
5542
5544
5544
5544
5544
5546
5546
5546
5546
5548
5548
5550
5550
5550
5552
5556
5558
5562
5562
5564
5566
5568
5570
5570
5572
5572
5572
5574
5578
5578
5578
5578
5580
5582
5582
5584
5586
5586
5586
5588
5590
5590
5592
5592
5592
5594
5594
5598
5602
5602
5604
5606
5608
5608
5610
5610
5612
5612
5618
5620
5622
5622
5624
5628
5628
5630
5634
5636
5636
5638
5638
5638
5640
5640
5642
5644
5646
5652
5656
5664
5664
5668
5670
5674
5674
5674
5676
5680
5686
5688
5704
5704
5708
5710
5712
5712
5714
5718
5720
5722
5730
5732
5734
5736
5740
5740
5748
5750
5750
5754
5754
5756
5756
5758
5758
5758
5760
5760
5764
5770
5770
5772
5776
5778
5780
5782
5784
5788
5788
5790
5794
5796
5800
5802
5804
5806
5806
5810
5812
5816
5820
5820
5824
5824
5826
5828
5832
5836
5840
5842
5848
5852
5852
5852
5856
5856
5856
5856
5858
5858
5860
5864
5866
5868
5868
5868
5868
5874
5876
5878
5882
5882
5886
5896
5898
5898
5900
5906
5910
5910
5918
5922
5922
5926
5930
5934
5934
5936
5940
5940
5940
5942
5942
5942
5942
5948
5948
5948
5950
5950
5952
5956
5956
5956
5972
5976
5976
5978
5978
5978
5982
5982
5984
5984
5990
5990
5992
5996
5996
5998
6004
6006
6006
6008
6014
6014
6016
6020
6022
6024
6028
6034
6036
6038
6042
6046
6046
6050
6054
6056
6058
6058
6058
6064
6066
6066
6068
6080
6080
6082
6084
6086
6092
6094
6100
6104
6106
6108
6108
6116
6126
6136
6150
6152
6154
6162
6174
6174
6174
6182
6184
6190
6190
6200
6208
6210
6210
6218
6220
6222
6224
6230
6230
6234
6250
6254
6264
6272
6296
6302
6342
6344
6356
6366
6366
6396
6414
6458
6476
6508
6534
6702
6734
6770
6812
6824
6860
6902
6934
6956
7066
7178
7198
7322
7354
7528
7624
7656
7798
8254
8832
9034
9244
9394
9490
9524
10422
10450
10544
10582
10720
10738
10894
10968
11006
11122
11526
11580
12392
12992
14194
14346
14366
14380
14432
14528
14642
14652
14696
14708
14710
14724
14744
14746
14766
14778
14796
14828
14858
14892
15028
15032
15044
15376
15526
17056
17700
19222
20288
23080
23924
24308
24324
24394
24398
24424
24496
24524
24560
24572
24580
24614
24620
24628
24658
24700
24708
24716
24774
24816
24838
24858
24944
24964
25038
25152
25166
25200
25568
29016
34044
34314
34652
35230
35318
35320
35354
35418
35428
35456
35484
35570
35576
35614
35614
35630
35658
35690
35694
35744
35782
35782
35800
35868
35886
35930
35988
36056
36478
36520
40474
40964
41426
41670
43742
45788
51370
51848
61808
62098
330882
