Latencies
5116
5130
5140
5150
5150
5152
5158
5160
5164
5174
5178
5186
5188
5190
5194
5196
5198
5206
5208
5210
5212
5216
5216
5224
5224
5226
5228
5228
5230
5230
5234
5234
5236
5236
5236
5236
5238
5238
5240
5240
5240
5240
5244
5244
5244
5246
5246
5248
5248
5248
5250
5252
5252
5252
5254
5256
5258
5260
5260
5262
5262
5262
5264
5264
5264
5264
5266
5266
5266
5268
5268
5274
5274
5274
5274
5274
5276
5278
5278
5278
5280
5280
5282
5282
5282
5284
5284
5284
5286
5286
5286
5286
5286
5286
5288
5288
5288
5292
5292
5294
5294
5294
5296
5296
5296
5296
5298
5300
5302
5302
5302
5302
5302
5304
5304
5306
5306
5306
5306
5308
5308
5310
5310
5310
5310
5310
5310
5312
5312
5312
5312
5314
5314
5314
5314
5316
5316
5316
5316
5316
5316
5318
5320
5320
5320
5320
5322
5322
5322
5324
5324
5324
5326
5326
5328
5328
5328
5328
5330
5330
5330
5330
5330
5330
5330
5334
5334
5334
5334
5334
5336
5336
5336
5336
5336
5338
5338
5338
5338
5340
5340
5340
5340
5340
5340
5342
5342
5342
5342
5342
5344
5344
5344
5344
5346
5346
5346
5346
5346
5348
5348
5348
5348
5350
5350
5350
5350
5354
5354
5354
5354
5354
5356
5356
5356
5356
5356
5356
5358
5358
5358
5358
5360
5360
5360
5360
5362
5364
5364
5364
5364
5366
5366
5366
5368
5370
5370
5370
5372
5372
5372
5372
5374
5374
5374
5374
5374
5374
5374
5374
5374
5376
5376
5376
5376
5376
5376
5376
5378
5378
5378
5380
5380
5380
5380
5380
5380
5382
5382
5382
5384
5384
5384
5386
5386
5388
5388
5388
5390
5390
5390
5390
5392
5392
5392
5392
5394
5394
5394
5394
5394
5394
5394
5394
5396
5396
5398
5398
5398
5398
5398
5398
5398
5398
5400
5400
5400
5402
5402
5402
5402
5402
5402
5402
5404
5404
5404
5404
5406
5408
5408
5408
5408
5410
5410
5410
5410
5412
5412
5412
5414
5414
5414
5414
5416
5416
5418
5418
5420
5420
5420
5422
5424
5424
5424
5428
5430
5430
5430
5430
5432
5432
5434
5434
5434
5434
5436
5438
5438
5438
5440
5440
5442
5444
5444
5446
5446
5448
5448
5450
5450
5452
5452
5454
5454
5456
5456
5456
5458
5458
5458
5460
5462
5462
5462
5464
5464
5464
5464
5466
5468
5468
5470
5470
5470
5470
5470
5470
5472
5472
5478
5478
5480
5484
5484
5484
5486
5488
5490
5490
5492
5494
5496
5498
5502
5502
5506
5506
5506
5506
5506
5506
5508
5508
5508
5510
5510
5512
5512
5514
5514
5514
5514
5516
5518
5520
5522
5524
5524
5524
5526
5526
5526
5528
5528
5530
5532
5540
5540
5542
5542
5542
5544
5544
5548
5548
5550
5550
5552
5554
5554
5554
5554
5558
5562
5562
5562
5564
5566
5570
5572
5572
5572
5572
5574
5574
5574
5574
5576
5576
5578
5578
5578
5580
5580
5582
5586
5586
5586
5590
5596
5596
5598
5600
5600
5602
5602
5606
5606
5608
5610
5614
5622
5624
5626
5626
5626
5630
5632
5634
5634
5634
5634
5640
5642
5642
5646
5646
5648
5650
5652
5652
5656
5658
5660
5660
5660
5662
5664
5664
5666
5666
5666
5668
5670
5674
5676
5678
5678
5678
5682
5682
5684
5686
5688
5690
5690
5692
5692
5694
5696
5696
5696
5698
5700
5704
5704
5708
5718
5720
5720
5734
5736
5742
5744
5746
5748
5750
5750
5754
5754
5756
5756
5760
5762
5764
5764
5770
5772
5774
5774
5776
5776
5776
5778
5780
5780
5782
5782
5782
5786
5792
5798
5800
5800
5800
5802
5804
5808
5812
5812
5814
5816
5818
5818
5822
5824
5826
5826
5828
5832
5834
5838
5850
5850
5850
5850
5852
5858
5860
5860
5860
5860
5862
5868
5874
5876
5878
5880
5882
5892
5892
5900
5908
5910
5910
5912
5912
5914
5918
5918
5924
5924
5926
5926
5928
5932
5932
5934
5936
5938
5938
5946
5950
5950
5954
5958
5960
5966
5968
5968
5972
5974
5982
5982
5984
5984
5992
5998
5998
6000
6002
6002
6004
6008
6010
6026
6030
6032
6036
6036
6038
6038
6052
6056
6062
6068
6074
6076
6082
6082
6084
6086
6086
6092
6092
6092
6094
6100
6102
6110
6118
6126
6126
6126
6128
6128
6132
6144
6148
6168
6180
6200
6218
6226
6226
6228
6228
6234
6236
6236
6236
6246
6256
6260
6274
6276
6302
6370
6380
6384
6398
6402
6468
6522
6574
6582
6612
6620
6668
6674
6696
6742
6778
6804
6834
7030
7058
7112
7148
7194
7336
7364
7390
7930
9646
9646
10004
10294
10442
10768
10788
10836
11050
11216
11650
13598
14096
14308
14388
14446
14540
14670
14688
14752
14764
14784
14786
14796
14824
14880
14890
14894
14898
14934
14966
14996
15050
15094
15100
15110
15124
15124
15124
15128
15152
15170
15316
15338
15350
15480
15544
15698
15712
18824
20490
21686
24150
24200
24406
24560
24622
24708
24940
25242
25258
25270
25286
25344
25350
25494
25578
25800
25986
28786
31386
33962
33970
34020
34124
34148
34188
34200
34226
34304
34374
34392
34398
34402
34414
34430
34484
34560
34582
34604
34608
34710
34714
34718
34730
34732
34754
34760
34780
34828
34968
34992
35036
35078
35118
35208
35348
35440
35474
35480
35498
35508
35520
35522
35556
35558
35626
35660
35736
35738
35966
36296
36396
38844
38992
39620
41252
41406
41468
43760
43824
45046
45086
52316
53422
53648
53782
53788
54082
54086
54100
54108
54112
54336
54684
54768
59320
63484
64536
72820
72892
73884
83362
83644
84708
85484
89286
97914
100144
108786
233724
