Latencies
5158
5186
5186
5192
5200
5202
5204
5214
5216
5228
5232
5242
5248
5248
5248
5254
5254
5256
5258
5260
5262
5262
5266
5266
5270
5272
5274
5276
5278
5280
5280
5282
5282
5284
5286
5286
5286
5290
5294
5294
5294
5296
5298
5300
5302
5302
5304
5304
5308
5312
5312
5314
5314
5314
5314
5314
5316
5316
5316
5318
5318
5320
5320
5320
5322
5322
5322
5322
5324
5324
5324
5326
5328
5328
5328
5328
5330
5330
5330
5332
5332
5332
5334
5334
5334
5334
5334
5334
5334
5334
5336
5336
5336
5338
5338
5340
5340
5340
5342
5342
5342
5342
5342
5344
5344
5344
5344
5346
5346
5346
5348
5348
5348
5350
5350
5350
5350
5350
5350
5352
5352
5354
5354
5354
5354
5356
5356
5356
5356
5356
5356
5356
5358
5358
5358
5358
5360
5360
5360
5362
5362
5362
5364
5364
5364
5364
5364
5366
5366
5366
5366
5366
5366
5366
5368
5368
5368
5368
5370
5370
5370
5370
5370
5372
5372
5372
5372
5372
5372
5372
5372
5374
5374
5374
5376
5376
5376
5376
5376
5378
5378
5378
5380
5380
5380
5380
5380
5380
5380
5380
5380
5382
5382
5382
5382
5382
5382
5384
5384
5384
5384
5384
5384
5384
5386
5386
5386
5386
5386
5386
5386
5388
5388
5388
5388
5388
5390
5390
5390
5392
5392
5392
5394
5394
5394
5396
5396
5396
5396
5398
5398
5398
5398
5400
5400
5400
5400
5400
5400
5400
5402
5404
5404
5404
5406
5406
5406
5406
5406
5406
5408
5408
5408
5408
5408
5408
5408
5408
5410
5410
5410
5410
5410
5410
5410
5412
5412
5412
5412
5412
5412
5414
5414
5414
5414
5416
5416
5416
5416
5416
5416
5418
5418
5418
5418
5418
5420
5420
5420
5420
5420
5420
5422
5422
5422
5424
5424
5424
5424
5424
5424
5424
5424
5424
5424
5424
5426
5426
5426
5426
5428
5428
5428
5428
5430
5430
5430
5430
5432
5432
5432
5432
5434
5434
5434
5434
5436
5436
5436
5436
5436
5436
5438
5438
5438
5438
5440
5440
5440
5440
5440
5440
5442
5442
5442
5442
5442
5444
5444
5444
5444
5444
5446
5446
5446
5448
5448
5448
5448
5448
5450
5450
5450
5450
5450
5452
5452
5452
5454
5454
5454
5454
5454
5454
5456
5456
5458
5458
5458
5458
5458
5458
5460
5460
5460
5460
5460
5464
5464
5464
5464
5466
5466
5466
5466
5466
5468
5468
5468
5470
5470
5470
5470
5470
5472
5472
5472
5472
5472
5472
5474
5474
5474
5476
5476
5478
5478
5478
5478
5480
5480
5480
5480
5482
5482
5482
5482
5482
5482
5484
5484
5486
5486
5486
5486
5486
5486
5488
5488
5492
5492
5492
5492
5492
5494
5496
5498
5498
5500
5500
5502
5502
5502
5502
5502
5502
5504
5504
5504
5504
5506
5506
5506
5506
5506
5508
5508
5508
5510
5510
5510
5510
5510
5512
5512
5512
5512
5514
5514
5514
5514
5514
5516
5516
5516
5518
5518
5520
5520
5520
5520
5522
5522
5522
5524
5524
5526
5528
5530
5530
5532
5534
5534
5534
5534
5536
5536
5536
5536
5538
5538
5538
5540
5540
5542
5544
5544
5546
5546
5546
5546
5546
5546
5548
5548
5548
5548
5550
5552
5556
5558
5558
5558
5558
5558
5560
5560
5560
5566
5566
5568
5568
5568
5570
5570
5570
5570
5572
5572
5574
5574
5578
5580
5582
5584
5584
5586
5586
5586
5592
5594
5594
5596
5596
5598
5600
5602
5602
5604
5606
5606
5606
5606
5610
5610
5610
5612
5612
5612
5612
5616
5616
5616
5616
5620
5620
5628
5634
5634
5634
5638
5640
5646
5646
5646
5650
5654
5660
5672
5672
5674
5674
5676
5678
5680
5682
5684
5686
5686
5686
5686
5686
5686
5688
5688
5690
5690
5692
5692
5694
5698
5700
5702
5706
5708
5712
5714
5714
5716
5718
5718
5720
5726
5728
5728
5728
5730
5730
5732
5734
5736
5740
5742
5746
5750
5754
5756
5760
5764
5766
5766
5766
5768
5770
5772
5772
5776
5778
5780
5782
5782
5784
5784
5786
5786
5792
5792
5794
5794
5794
5798
5804
5806
5808
5808
5812
5816
5820
5820
5824
5834
5834
5834
5836
5838
5842
5844
5844
5844
5848
5848
5850
5850
5854
5854
5858
5858
5862
5862
5864
5864
5870
5870
5872
5876
5876
5878
5884
5888
5890
5892
5894
5898
5898
5900
5906
5916
5916
5922
5926
5928
5928
5930
5930
5932
5934
5934
5936
5936
5936
5938
5938
5942
5944
5954
5954
5958
5962
5966
5972
5972
5974
5976
5976
5982
5984
5984
5988
5990
5994
5998
6000
6004
6006
6008
6010
6012
6014
6014
6016
6016
6016
6020
6020
6022
6030
6030
6032
6032
6038
6040
6044
6044
6046
6046
6046
6052
6056
6058
6058
6062
6072
6072
6074
6074
6078
6084
6086
6086
6086
6086
6088
6088
6088
6092
6096
6098
6098
6100
6102
6106
6108
6110
6110
6110
6112
6114
6114
6114
6116
6120
6124
6124
6126
6130
6134
6136
6140
6140
6154
6156
6166
6166
6170
6172
6180
6180
6182
6182
6186
6190
6194
6200
6200
6208
6212
6212
6214
6214
6216
6216
6218
6218
6220
6226
6228
6232
6246
6248
6250
6254
6256
6258
6260
6260
6260
6262
6270
6274
6276
6278
6286
6290
6294
6296
6310
6316
6316
6326
6332
6350
6358
6360
6410
6436
6444
6458
6506
6520
6528
6544
6544
6548
6674
6686
6766
6766
6828
6868
6904
6910
6910
6980
7010
7030
7046
7050
7188
7260
7282
7388
7442
7606
7634
7674
7692
7722
7806
7876
8114
8356
8464
8852
9898
10006
10278
10512
10572
10616
10638
10640
10640
10672
10704
10738
10758
10780
10878
10914
10958
11210
11604
11708
12612
13166
13264
13384
13706
13904
14552
14740
14840
14914
15210
15652
15736
16856
18120
19140
24394
24594
24634
24658
24668
24738
24862
24888
24940
24970
24970
25238
25734
25762
25852
26830
27234
28614
31570
35006
35198
35290
35360
35452
35486
35486
35506
35526
35610
35700
36242
40258
40522
41342
45912
54464
78856
