Latencies
5106
5126
5130
5136
5138
5138
5142
5144
5144
5150
5152
5156
5158
5164
5166
5170
5174
5176
5178
5178
5180
5180
5182
5184
5188
5194
5196
5198
5202
5204
5206
5210
5210
5210
5212
5214
5218
5218
5220
5220
5222
5222
5224
5224
5224
5226
5226
5226
5226
5228
5228
5230
5230
5232
5232
5236
5236
5238
5240
5242
5244
5252
5252
5254
5254
5254
5258
5260
5260
5260
5260
5262
5262
5264
5266
5268
5268
5268
5270
5270
5272
5272
5272
5274
5274
5274
5276
5276
5276
5278
5278
5278
5280
5284
5284
5288
5288
5290
5290
5290
5294
5294
5294
5294
5296
5296
5296
5298
5298
5300
5300
5300
5300
5302
5302
5302
5304
5304
5306
5306
5306
5306
5306
5306
5306
5308
5308
5310
5310
5312
5312
5314
5314
5314
5314
5316
5316
5316
5320
5320
5320
5320
5320
5324
5326
5326
5326
5326
5326
5328
5328
5328
5328
5334
5334
5334
5334
5336
5336
5338
5338
5338
5338
5340
5342
5342
5342
5342
5342
5346
5346
5346
5346
5346
5348
5348
5348
5348
5348
5348
5348
5350
5350
5350
5352
5352
5354
5354
5356
5358
5358
5362
5362
5362
5362
5362
5364
5364
5364
5364
5366
5366
5368
5368
5368
5370
5370
5370
5372
5372
5372
5376
5376
5376
5376
5376
5376
5378
5378
5378
5380
5380
5380
5380
5380
5382
5382
5382
5384
5384
5384
5384
5384
5384
5386
5386
5386
5388
5388
5388
5388
5390
5390
5390
5390
5390
5392
5392
5392
5394
5394
5394
5396
5396
5398
5400
5400
5400
5402
5408
5408
5410
5412
5414
5414
5414
5418
5418
5422
5422
5422
5422
5422
5422
5424
5424
5426
5426
5426
5428
5428
5430
5430
5430
5434
5438
5440
5442
5442
5442
5444
5446
5446
5448
5448
5452
5454
5454
5454
5454
5458
5458
5462
5466
5468
5468
5468
5468
5470
5470
5470
5470
5472
5474
5474
5474
5474
5474
5474
5476
5476
5476
5476
5476
5476
5478
5478
5480
5482
5482
5482
5484
5484
5484
5484
5486
5486
5488
5490
5492
5494
5494
5494
5494
5496
5496
5496
5500
5500
5500
5500
5502
5502
5502
5502
5504
5504
5504
5506
5506
5506
5506
5506
5506
5508
5508
5508
5508
5510
5510
5510
5512
5512
5514
5514
5516
5516
5516
5518
5520
5520
5522
5524
5524
5526
5528
5530
5530
5530
5534
5536
5536
5536
5538
5538
5538
5540
5540
5542
5544
5544
5544
5546
5546
5546
5550
5552
5556
5558
5560
5560
5562
5564
5568
5570
5572
5574
5576
5578
5578
5582
5582
5584
5584
5584
5584
5586
5588
5590
5590
5592
5594
5594
5594
5596
5598
5600
5602
5606
5608
5610
5622
5622
5630
5648
5654
5656
5658
5660
5660
5662
5664
5664
5668
5672
5674
5676
5676
5678
5678
5684
5690
5692
5692
5694
5696
5698
5698
5700
5704
5704
5706
5708
5708
5710
5712
5716
5720
5724
5726
5728
5732
5736
5738
5738
5740
5740
5742
5742
5742
5750
5752
5752
5754
5754
5758
5758
5758
5760
5760
5764
5766
5768
5776
5778
5778
5780
5784
5784
5786
5786
5788
5800
5808
5816
5820
5834
5838
5844
5844
5846
5854
5868
5870
5876
5880
5880
5880
5888
5892
5898
5908
5908
5908
5912
5918
5922
5926
5930
5936
5938
5942
5944
5954
5956
5958
5960
5962
5972
5974
5982
5986
5986
5988
5992
6006
6006
6010
6014
6022
6022
6024
6034
6034
6034
6038
6040
6046
6048
6056
6058
6060
6062
6062
6066
6068
6072
6078
6088
6096
6104
6114
6118
6120
6126
6142
6154
6158
6158
6164
6166
6176
6178
6188
6188
6200
6202
6206
6212
6216
6230
6234
6236
6250
6258
6276
6280
6292
6296
6318
6320
6340
6344
6348
6358
6364
6378
6392
6416
6580
6582
6664
6914
6936
6942
7136
7162
7164
7222
7336
7550
7578
7590
8026
8588
8692
8732
8880
9788
9882
9904
9994
10028
10032
10502
10536
10704
10778
10974
11010
11012
11036
11042
11124
11438
11498
11580
11684
11864
11980
12548
12790
13236
14162
14184
14338
14338
14424
14450
14474
14478
14492
14516
14520
14524
14528
14544
14546
14554
14570
14586
14590
14596
14600
14608
14614
14634
14634
14650
14666
14678
14682
14690
14698
14734
14770
14772
14776
14792
14794
14800
14802
14808
14808
14824
14828
14832
14852
14860
14868
14876
14882
14886
14894
14914
14918
14922
14926
14946
14958
14960
14972
14982
14990
14992
14996
15006
15006
15008
15016
15016
15018
15020
15030
15036
15040
15054
15056
15056
15062
15064
15066
15070
15072
15072
15078
15080
15080
15082
15082
15088
15098
15102
15106
15106
15108
15108
15110
15126
15128
15138
15140
15148
15148
15150
15162
15180
15182
15188
15194
15196
15212
15222
15226
15234
15246
15264
15268
15282
15290
15296
15296
15324
15334
15336
15344
15344
15350
15356
15358
15360
15362
15366
15372
15382
15384
15388
15392
15408
15422
15422
15424
15430
15438
15442
15446
15460
15500
15504
15516
15538
15544
15570
15582
15622
15642
15648
15654
15654
15658
15660
15662
15676
15696
15700
15708
15710
15714
15716
15720
15738
15756
15770
15810
15834
15878
15898
15928
15932
15996
15998
16030
16036
16042
16056
16062
16062
16086
16096
16142
16142
16146
16278
16302
16318
16370
16370
16384
17600
18978
19190
20470
20788
23152
23346
24182
24320
24340
24430
24498
24524
24614
24632
24796
24830
24860
24862
24930
25044
25150
25320
25600
25654
26396
27700
28048
28694
31732
34146
34292
34386
34432
34570
34604
34606
34910
35010
35054
35148
35164
35288
35368
35438
35458
35482
35516
35592
35664
35798
36032
36064
37308
38078
40350
40454
40904
41060
41066
42166
43012
43202
44140
45306
45402
45696
45768
45884
45888
50116
50708
53590
54402
54734
54870
65466
68630
70170
85026
