Latencies
4978
5030
5048
5056
5082
5088
5092
5104
5108
5124
5126
5128
5132
5134
5138
5142
5142
5148
5150
5150
5152
5154
5156
5158
5160
5160
5160
5164
5168
5174
5176
5176
5176
5178
5178
5178
5180
5182
5182
5182
5182
5184
5184
5186
5188
5188
5188
5192
5192
5194
5196
5198
5200
5200
5202
5202
5202
5202
5206
5206
5206
5206
5206
5208
5208
5210
5212
5212
5214
5214
5214
5216
5216
5216
5216
5218
5218
5218
5218
5218
5218
5218
5220
5220
5220
5220
5222
5224
5224
5226
5226
5226
5226
5226
5226
5228
5230
5230
5230
5230
5232
5232
5232
5232
5232
5234
5234
5234
5236
5236
5236
5238
5238
5238
5240
5240
5240
5242
5242
5242
5242
5244
5244
5244
5244
5244
5244
5246
5246
5246
5248
5248
5248
5248
5248
5248
5248
5250
5250
5250
5250
5250
5250
5250
5250
5252
5252
5252
5254
5254
5254
5254
5254
5256
5256
5256
5258
5258
5258
5260
5260
5260
5260
5262
5262
5264
5264
5264
5264
5264
5266
5266
5266
5268
5268
5268
5268
5268
5268
5270
5270
5270
5270
5270
5270
5270
5272
5272
5272
5272
5274
5274
5274
5274
5274
5274
5276
5278
5278
5278
5280
5280
5280
5280
5282
5282
5282
5282
5282
5282
5284
5284
5284
5286
5286
5286
5288
5288
5290
5290
5292
5292
5294
5296
5296
5296
5296
5296
5298
5298
5298
5300
5300
5300
5300
5302
5302
5304
5304
5304
5308
5308
5308
5308
5310
5310
5310
5310
5310
5312
5312
5314
5314
5314
5316
5316
5316
5318
5318
5318
5318
5318
5320
5320
5320
5322
5324
5324
5324
5326
5326
5326
5326
5328
5328
5330
5330
5330
5332
5332
5332
5332
5332
5334
5334
5336
5336
5338
5342
5342
5344
5344
5344
5344
5346
5348
5348
5348
5348
5348
5352
5352
5354
5354
5356
5356
5356
5356
5358
5358
5358
5360
5362
5362
5362
5366
5366
5366
5366
5368
5370
5370
5370
5370
5370
5370
5372
5372
5374
5374
5376
5376
5376
5376
5376
5376
5380
5380
5380
5380
5382
5384
5384
5384
5384
5386
5386
5386
5386
5388
5388
5390
5390
5392
5392
5392
5392
5394
5394
5394
5394
5394
5396
5396
5398
5398
5398
5398
5402
5402
5402
5402
5402
5402
5402
5404
5404
5404
5404
5406
5406
5406
5408
5408
5408
5410
5410
5410
5410
5414
5414
5414
5414
5416
5416
5418
5418
5418
5418
5420
5420
5422
5422
5422
5422
5422
5426
5426
5426
5426
5428
5428
5428
5428
5430
5430
5430
5432
5432
5432
5432
5432
5434
5436
5436
5438
5440
5440
5440
5442
5442
5442
5444
5446
5446
5446
5448
5448
5448
5448
5450
5452
5452
5452
5454
5454
5456
5456
5456
5460
5464
5464
5464
5464
5466
5468
5468
5472
5474
5474
5474
5476
5478
5478
5480
5480
5480
5482
5486
5488
5488
5490
5492
5494
5494
5494
5494
5498
5498
5498
5498
5498
5500
5500
5502
5502
5502
5502
5502
5502
5504
5504
5508
5508
5510
5512
5518
5518
5518
5520
5520
5520
5520
5524
5524
5526
5526
5528
5528
5530
5530
5530
5530
5530
5532
5532
5532
5534
5536
5536
5538
5538
5540
5542
5544
5544
5546
5546
5548
5548
5548
5552
5554
5554
5556
5556
5558
5558
5560
5562
5564
5564
5564
5568
5568
5570
5570
5574
5574
5574
5576
5578
5578
5580
5582
5582
5582
5586
5588
5590
5590
5590
5596
5596
5598
5600
5600
5602
5602
5602
5604
5604
5604
5604
5606
5612
5612
5614
5616
5616
5616
5616
5618
5626
5626
5626
5630
5630
5630
5630
5632
5636
5636
5638
5644
5646
5648
5648
5648
5648
5648
5650
5652
5658
5660
5662
5664
5666
5666
5666
5666
5668
5672
5672
5676
5676
5678
5678
5680
5682
5682
5686
5690
5690
5692
5692
5692
5694
5696
5696
5700
5706
5706
5710
5710
5720
5722
5722
5724
5726
5726
5726
5734
5734
5734
5736
5740
5740
5742
5742
5742
5746
5748
5748
5748
5750
5754
5758
5758
5762
5764
5766
5766
5768
5770
5774
5774
5774
5778
5782
5784
5784
5786
5786
5788
5790
5792
5792
5794
5798
5798
5800
5804
5806
5806
5806
5806
5806
5806
5808
5808
5810
5810
5812
5812
5814
5816
5816
5818
5820
5820
5824
5832
5834
5836
5836
5838
5846
5848
5848
5850
5850
5850
5852
5854
5854
5854
5854
5862
5866
5872
5872
5872
5872
5876
5876
5878
5880
5880
5882
5884
5884
5888
5892
5896
5908
5908
5910
5912
5914
5918
5924
5928
5930
5932
5932
5932
5934
5934
5936
5938
5938
5940
5946
5946
5950
5952
5952
5952
5958
5960
5962
5962
5968
5970
5970
5972
5974
5976
5976
5980
5982
5982
5984
5986
5986
5990
5996
6000
6000
6002
6006
6008
6008
6010
6014
6018
6018
6032
6038
6040
6040
6042
6050
6050
6054
6056
6064
6068
6074
6074
6076
6084
6086
6096
6098
6100
6108
6112
6112
6114
6116
6120
6120
6122
6122
6128
6130
6146
6148
6150
6152
6160
6162
6162
6166
6182
6184
6186
6190
6202
6202
6204
6216
6226
6228
6230
6238
6240
6240
6242
6246
6248
6266
6280
6290
6292
6298
6302
6308
6318
6332
6338
6340
6360
6372
6392
6402
6408
6410
6414
6432
6440
6446
6450
6454
6458
6466
6492
6504
6516
6532
6542
6568
6602
6696
6738
6782
6874
6908
6968
7100
7110
7186
7194
7194
7252
7298
7386
7410
7490
7692
7812
8510
8602
8818
8820
9038
9728
9746
9892
10044
10558
11308
11454
11584
11820
13464
13722
13922
14674
14896
15182
15576
15654
15702
16718
17208
17314
17924
18130
19584
19590
21616
21706
22158
22698
23658
24424
24686
25038
25256
26414
27252
27448
27838
29488
29924
30406
30698
31838
32650
32994
33540
34078
35426
35936
36388
38858
49040
10092036
