Latencies
5006
5010
5016
5018
5020
5024
5032
5056
5060
5064
5068
5074
5078
5084
5088
5090
5096
5100
5106
5106
5108
5110
5114
5114
5122
5126
5126
5128
5132
5132
5132
5132
5132
5134
5138
5142
5142
5144
5146
5146
5148
5148
5150
5150
5150
5150
5152
5152
5152
5152
5158
5158
5158
5160
5162
5164
5164
5164
5166
5166
5166
5168
5168
5168
5170
5172
5174
5174
5174
5174
5174
5178
5178
5178
5180
5180
5180
5180
5182
5182
5184
5184
5186
5186
5186
5188
5188
5190
5192
5194
5194
5196
5196
5200
5200
5200
5200
5200
5200
5200
5202
5202
5204
5204
5204
5206
5206
5206
5206
5208
5208
5208
5208
5210
5210
5210
5210
5210
5210
5210
5210
5212
5212
5212
5212
5212
5214
5214
5214
5216
5216
5216
5216
5216
5216
5218
5218
5218
5218
5220
5220
5220
5222
5222
5222
5222
5222
5224
5224
5226
5226
5226
5226
5226
5228
5228
5228
5228
5230
5230
5230
5230
5230
5230
5230
5230
5230
5232
5234
5234
5234
5236
5236
5236
5236
5236
5238
5238
5238
5238
5240
5240
5242
5242
5242
5242
5244
5246
5246
5248
5248
5248
5250
5250
5250
5252
5252
5252
5252
5252
5252
5252
5252
5254
5254
5254
5254
5254
5256
5256
5256
5256
5256
5258
5258
5258
5258
5258
5260
5260
5260
5260
5262
5262
5262
5264
5264
5264
5264
5266
5266
5266
5268
5268
5268
5268
5268
5270
5270
5270
5270
5272
5274
5274
5274
5276
5278
5278
5278
5278
5280
5280
5280
5280
5282
5282
5284
5284
5284
5284
5286
5286
5286
5286
5288
5288
5288
5288
5288
5290
5290
5290
5290
5290
5290
5290
5292
5292
5292
5294
5294
5296
5296
5296
5296
5298
5298
5302
5302
5302
5302
5304
5304
5306
5306
5306
5306
5308
5308
5310
5310
5312
5312
5312
5314
5314
5314
5314
5316
5316
5316
5318
5318
5318
5318
5318
5320
5320
5320
5320
5320
5320
5320
5322
5322
5322
5322
5322
5324
5324
5326
5326
5326
5328
5330
5330
5330
5332
5332
5334
5334
5334
5336
5336
5338
5338
5340
5340
5340
5342
5342
5342
5342
5342
5344
5348
5348
5350
5350
5352
5352
5354
5354
5354
5356
5358
5358
5358
5358
5358
5360
5360
5360
5364
5364
5364
5364
5364
5366
5366
5366
5366
5368
5368
5368
5370
5370
5370
5372
5372
5372
5374
5374
5374
5374
5376
5376
5376
5376
5376
5378
5378
5378
5378
5378
5380
5380
5382
5382
5382
5382
5384
5384
5384
5388
5390
5392
5394
5396
5396
5396
5396
5398
5398
5400
5400
5400
5400
5400
5402
5402
5406
5408
5408
5408
5410
5410
5412
5412
5414
5414
5414
5416
5418
5420
5422
5422
5424
5424
5424
5428
5428
5428
5430
5432
5434
5434
5434
5434
5436
5436
5438
5446
5446
5448
5448
5448
5448
5448
5448
5450
5458
5458
5458
5460
5460
5466
5466
5468
5470
5470
5470
5472
5474
5474
5474
5474
5474
5478
5478
5478
5480
5480
5480
5482
5482
5484
5484
5484
5484
5486
5488
5490
5490
5492
5494
5496
5500
5500
5500
5502
5502
5502
5502
5504
5504
5504
5504
5506
5508
5512
5512
5516
5516
5516
5516
5518
5518
5520
5520
5520
5522
5524
5526
5526
5528
5528
5530
5530
5532
5532
5532
5532
5534
5534
5534
5534
5538
5538
5540
5542
5542
5542
5542
5542
5542
5544
5544
5544
5546
5548
5550
5550
5550
5552
5552
5552
5554
5554
5558
5560
5564
5566
5566
5566
5566
5566
5568
5568
5570
5570
5570
5570
5570
5572
5576
5576
5578
5580
5580
5582
5582
5586
5586
5588
5588
5590
5592
5596
5598
5598
5598
5598
5600
5602
5604
5604
5606
5606
5608
5610
5610
5610
5612
5614
5620
5622
5622
5622
5622
5622
5624
5626
5628
5628
5630
5638
5638
5638
5640
5642
5644
5646
5648
5650
5650
5654
5654
5654
5658
5660
5666
5666
5668
5668
5670
5672
5672
5676
5676
5678
5680
5680
5682
5682
5682
5688
5694
5696
5696
5700
5702
5702
5704
5704
5706
5706
5706
5708
5712
5716
5716
5718
5718
5720
5724
5724
5724
5728
5728
5730
5732
5732
5734
5734
5736
5736
5738
5740
5744
5746
5748
5748
5750
5750
5750
5752
5752
5754
5754
5754
5758
5758
5762
5764
5766
5766
5766
5766
5766
5768
5768
5770
5772
5772
5774
5776
5776
5776
5778
5780
5780
5780
5782
5782
5784
5788
5788
5790
5792
5794
5796
5796
5804
5806
5806
5808
5808
5808
5814
5816
5816
5818
5820
5820
5822
5824
5826
5826
5826
5826
5828
5828
5828
5832
5834
5834
5836
5842
5846
5848
5850
5856
5862
5874
5876
5878
5878
5880
5882
5886
5890
5892
5894
5894
5898
5902
5902
5906
5906
5908
5910
5914
5914
5916
5918
5922
5922
5924
5932
5932
5932
5936
5938
5942
5942
5942
5950
5954
5958
5960
5966
5966
5974
5976
5976
5978
5978
5980
5982
5984
5990
5990
5992
5996
6000
6000
6002
6002
6006
6010
6012
6014
6016
6024
6026
6028
6042
6048
6050
6060
6062
6066
6068
6068
6076
6080
6082
6084
6088
6092
6098
6098
6108
6116
6118
6124
6126
6128
6128
6130
6132
6136
6136
6140
6146
6148
6162
6178
6178
6192
6196
6200
6204
6204
6212
6218
6220
6224
6232
6242
6254
6264
6280
6292
6300
6302
6304
6312
6322
6360
6376
6384
6386
6400
6400
6402
6408
6410
6414
6418
6426
6470
6484
6488
6494
6496
6506
6534
6556
6572
6602
6638
6640
6660
6676
6696
6760
6858
6884
7288
7396
7542
7544
7570
7570
7678
7758
9132
9426
9538
9550
10216
10568
10988
11162
12032
12980
13098
13464
14410
14722
14868
14876
15228
16096
17370
18962
19128
20100
20110
21092
21758
22092
23360
23698
23938
24060
24360
25212
25506
26458
26476
26990
27092
27186
28330
28490
29094
29526
29796
30916
31392
32082
32480
32680
35376
35458
35646
35946
36022
36232
42634
43038
51648
64594
