Latencies
5162
5166
5208
5216
5220
5236
5254
5256
5258
5258
5258
5260
5284
5284
5310
5316
5320
5332
5336
5336
5336
5340
5342
5344
5350
5352
5358
5360
5366
5380
5382
5382
5386
5390
5396
5404
5404
5412
5418
5426
5428
5432
5434
5440
5440
5446
5448
5450
5458
5466
5474
5476
5478
5484
5490
5492
5504
5512
5514
5518
5522
5524
5524
5528
5538
5540
5546
5550
5552
5556
5558
5562
5566
5566
5572
5572
5580
5582
5584
5592
5594
5594
5604
5614
5616
5622
5624
5624
5630
5630
5646
5646
5650
5654
5666
5672
5678
5678
5682
5682
5684
5688
5692
5694
5698
5700
5704
5714
5714
5720
5726
5730
5730
5738
5752
5756
5760
5764
5764
5770
5774
5778
5780
5782
5790
5794
5794
5794
5796
5798
5820
5824
5826
5826
5844
5848
5852
5860
5862
5864
5866
5868
5868
5872
5874
5886
5888
5894
5894
5894
5896
5910
5916
5934
5936
5946
5958
5960
5964
5968
5976
5978
5986
5996
6008
6010
6012
6020
6022
6024
6028
6032
6032
6036
6046
6048
6060
6070
6078
6082
6084
6092
6096
6102
6130
6132
6134
6150
6158
6176
6178
6186
6210
6210
6256
6266
6286
6310
6324
6328
6332
6336
6344
6348
6350
6376
6404
6404
6418
6422
6458
6462
6472
6476
6480
6482
6498
6502
6514
6516
6518
6522
6528
6538
6540
6540
6582
6606
6622
6672
6690
6704
6712
6720
6738
6744
6756
6760
6802
6808
6808
6828
6852
6870
6874
6906
6948
6970
6974
6980
6982
6990
6998
7044
7058
7058
7102
7110
7124
7138
7148
7154
7162
7166
7168
7196
7224
7224
7226
7230
7290
7296
7296
7306
7320
7340
7360
7374
7378
7384
7432
7498
7498
7502
7516
7518
7538
7542
7586
7632
7662
7668
7680
7716
7742
7754
7772
7818
7820
7836
7840
7856
7890
7912
7976
7982
7986
7990
8016
8036
8042
8052
8104
8132
8140
8160
8166
8172
8184
8204
8208
8232
8242
8266
8360
8362
8372
8394
8396
8416
8450
8496
8504
8510
8514
8518
8524
8532
8536
8546
8566
8582
8612
8650
8672
8714
8760
8768
8822
8828
8858
8864
8870
8876
8928
8964
8992
9008
9040
9050
9076
9078
9084
9108
9110
9110
9130
9150
9212
9222
9226
9234
9246
9250
9296
9314
9336
9384
9430
9432
9448
9450
9524
9534
9540
9568
9570
9574
9582
9600
9650
9662
9662
9664
9686
9718
9722
9726
9742
9776
9802
9814
9828
9844
9858
9860
9874
9884
9898
9904
9954
9988
10060
10098
10128
10194
10212
10214
10252
10296
10304
10308
10332
10350
10384
10430
10464
10554
10564
10584
10594
10596
10598
10606
10620
10672
10682
10684
10736
10756
10770
10836
10840
10852
10880
10888
10902
10916
10916
10932
10964
10968
10976
11000
11002
11012
11030
11066
11130
11140
11146
11170
11210
11250
11266
11296
11302
11304
11318
11318
11340
11346
11360
11376
11378
11392
11424
11432
11462
11464
11494
11544
11546
11578
11580
11644
11648
11682
11684
11686
11718
11758
11844
11888
11916
11936
11986
12028
12038
12044
12048
12052
12100
12170
12172
12188
12200
12200
12206
12212
12212
12232
12234
12280
12358
12382
12382
12412
12420
12426
12434
12442
12446
12446
12464
12520
12562
12604
12608
12614
12644
12654
12684
12786
12788
12820
12824
12826
12846
12876
12884
12902
12926
12938
12950
12968
12978
13014
13022
13022
13070
13120
13142
13144
13152
13164
13174
13184
13208
13238
13328
13336
13348
13370
13380
13528
13538
13552
13578
13590
13632
13634
13674
13690
13752
13762
13762
13788
13802
13804
13822
13826
13836
13902
13916
13918
13948
13964
13978
13980
14026
14030
14038
14082
14096
14116
14130
14132
14136
14160
14162
14162
14174
14182
14194
14224
14232
14252
14252
14272
14280
14314
14334
14346
14356
14356
14358
14364
14370
14370
14376
14382
14392
14410
14414
14414
14418
14424
14430
14432
14434
14442
14448
14450
14472
14476
14484
14488
14498
14500
14508
14520
14524
14532
14544
14544
14550
14552
14554
14554
14556
14560
14564
14566
14574
14578
14580
14582
14598
14598
14606
14610
14614
14626
14630
14648
14660
14664
14676
14680
14680
14684
14700
14702
14710
14716
14726
14728
14730
14732
14734
14742
14744
14748
14754
14758
14762
14764
14770
14774
14778
14780
14784
14796
14798
14798
14800
14802
14802
14806
14812
14812
14816
14822
14828
14828
14834
14836
14842
14844
14850
14850
14850
14856
14858
14862
14862
14862
14870
14872
14874
14874
14876
14882
14886
14890
14890
14892
14892
14894
14894
14894
14894
14896
14896
14900
14900
14904
14906
14908
14912
14914
14918
14922
14922
14924
14926
14926
14926
14928
14932
14938
14940
14944
14948
14952
14952
14952
14954
14960
14962
14962
14964
14972
14974
14976
14978
14978
14980
14980
14990
14994
15000
15002
15002
15004
15008
15012
15016
15018
15020
15028
15032
15034
15034
15034
15044
15050
15058
15060
15064
15068
15068
15074
15080
15080
15084
15084
15092
15100
15102
15106
15112
15118
15124
15124
15126
15140
15150
15158
15160
15160
15162
15168
15168
15174
15176
15176
15192
15198
15198
15200
15202
15208
15210
15210
15216
15216
15218
15220
15226
15230
15236
15240
15242
15246
15246
15248
15250
15262
15268
15270
15286
15286
15292
15296
15298
15312
15318
15320
15330
15334
15346
15354
15366
15370
15374
15380
15386
15390
15392
15416
15420
15420
15424
15428
15436
15438
15444
15444
15450
15450
15450
15466
15474
15480
15498
15502
15526
15534
15550
15550
15556
15560
15566
15586
15586
15592
15604
15612
15612
15624
15626
15628
15632
15634
15656
15658
15662
15664
15668
15678
15678
15746
15800
15814
15816
15822
15848
15848
15896
15990
16038
16068
16270
16428
16504
16658
16782
17798
18098
18774
21134
21790
22702
24152
24198
24250
24464
24518
24536
24556
24638
24662
24682
24748
25156
25328
25470
25694
27884
33714
34270
34392
34496
34816
35154
57418
158908
225632
429526
454956
