Latencies
5382
5392
5408
5436
5446
5446
5458
5460
5468
5470
5484
5486
5490
5500
5516
5520
5522
5522
5538
5562
5590
5600
5616
5628
5630
5672
5676
5682
5700
5702
5704
5708
5712
5720
5764
5788
5792
5792
5794
5816
5816
5818
5818
5830
5832
5844
5850
5874
5890
5892
5902
5918
5918
5928
5928
5934
5940
5950
5972
5978
6014
6022
6024
6040
6060
6062
6084
6090
6098
6098
6106
6108
6120
6122
6162
6172
6220
6238
6268
6270
6286
6288
6298
6300
6302
6304
6330
6350
6356
6358
6360
6388
6412
6428
6458
6474
6488
6520
6524
6574
6584
6596
6618
6634
6638
6674
6720
6742
6758
6760
6770
6772
6788
6820
6852
6852
6904
6908
6916
6924
6978
6978
6998
7002
7026
7076
7076
7104
7138
7160
7162
7162
7164
7194
7200
7200
7242
7268
7330
7342
7430
7444
7448
7454
7462
7474
7502
7514
7526
7542
7552
7552
7558
7604
7606
7650
7692
7702
7718
7748
7774
7786
7788
7810
7860
7860
7870
7888
7892
7912
7922
7928
7958
7960
7966
7994
8056
8064
8068
8080
8082
8174
8206
8216
8264
8298
8304
8316
8322
8332
8338
8354
8366
8376
8386
8392
8412
8452
8488
8492
8508
8530
8538
8554
8590
8590
8594
8598
8706
8708
8752
8904
8932
8974
8978
9000
9022
9040
9054
9100
9106
9134
9152
9198
9214
9226
9244
9282
9288
9354
9414
9444
9462
9470
9484
9496
9514
9550
9574
9586
9648
9656
9676
9688
9694
9730
9734
9740
9774
9778
9786
9794
9812
9850
9860
9866
9872
9942
9946
9958
9986
10022
10040
10042
10058
10072
10092
10102
10108
10156
10158
10178
10230
10234
10254
10312
10338
10354
10420
10438
10470
10476
10500
10506
10516
10542
10548
10564
10574
10580
10648
10688
10688
10730
10782
10788
10828
10848
10862
10908
10910
10996
11014
11028
11048
11058
11080
11116
11134
11134
11162
11194
11206
11234
11236
11288
11304
11318
11350
11352
11390
11396
11408
11420
11488
11494
11504
11508
11584
11614
11652
11722
11766
11800
11816
11844
11892
11894
11940
11954
11960
11960
11986
11992
11996
11996
11998
12044
12068
12076
12094
12118
12120
12182
12260
12266
12290
12308
12346
12386
12392
12394
12426
12428
12460
12474
12480
12520
12528
12534
12572
12578
12586
12590
12600
12638
12638
12686
12696
12722
12724
12732
12742
12792
12800
12806
12826
12854
12892
12900
12904
12940
12946
12964
12970
13014
13018
13024
13042
13046
13056
13062
13082
13116
13164
13214
13266
13280
13286
13288
13326
13330
13370
13376
13410
13442
13662
13686
13690
13692
13724
13780
13808
13812
13826
13846
13902
13906
13910
13934
13942
13948
13948
13956
14012
14018
14040
14042
14052
14060
14112
14114
14134
14178
14210
14214
14238
14250
14250
14270
14272
14282
14282
14290
14294
14338
14340
14354
14370
14370
14380
14418
14430
14448
14450
14454
14524
14554
14572
14586
14588
14590
14616
14636
14652
14674
14674
14674
14674
14698
14724
14730
14738
14740
14740
14750
14758
14758
14762
14774
14776
14776
14798
14808
14810
14814
14834
14844
14852
14862
14878
14888
14900
14908
14910
14918
14926
14934
14944
14948
14952
14974
14974
14992
15000
15006
15010
15020
15020
15026
15032
15032
15034
15034
15042
15046
15064
15070
15086
15086
15086
15088
15090
15092
15092
15100
15100
15112
15154
15162
15164
15170
15176
15180
15188
15196
15198
15200
15200
15206
15234
15244
15250
15258
15268
15270
15272
15278
15318
15334
15350
15352
15376
15378
15380
15386
15390
15408
15410
15416
15416
15422
15430
15438
15440
15440
15444
15450
15462
15478
15518
15538
15544
15562
15566
15570
15586
15604
15624
15628
15640
15642
15652
15676
15676
15678
15688
15708
15710
15722
15756
15766
15794
15798
15810
15826
15832
15880
15880
15928
15964
16016
16024
16054
16094
16352
16368
16444
16452
16494
16574
16606
16606
16626
16904
16912
16916
17004
17036
17150
17178
17414
17584
17598
17656
17710
17738
17786
17826
17860
17864
17876
17968
18002
18102
18148
18226
18232
18248
18362
18530
18544
18600
18632
18654
18852
18866
18902
18956
18960
19000
19078
19080
19120
19352
19370
19458
19510
19512
19676
19682
19702
19818
20012
20054
20074
20142
20310
20450
20450
20470
20494
20554
20728
20910
20954
20956
21116
21124
21318
21358
21368
21460
21538
21608
21678
21736
21786
21828
21922
21948
22098
22124
22142
22224
22288
22346
22548
22550
22746
22752
22774
22776
22832
22840
22914
22984
22986
23002
23060
23102
23146
23226
23246
23252
23296
23350
23366
23406
23500
23714
23728
23748
23810
23840
23864
23962
24058
24270
24288
24384
24432
24472
24508
24540
24562
24616
24660
24674
24678
24746
24748
24776
24788
24804
24916
24958
24980
24988
25004
25006
25038
25046
25078
25082
25106
25108
25134
25142
25148
25170
25178
25204
25256
25276
25328
25358
25406
25480
25794
25834
25844
25864
25954
25970
26010
26094
26166
26258
26276
26408
26430
26448
26526
26826
26994
27010
27230
27326
27348
27358
27386
27450
27520
27562
27652
27826
27878
27886
27902
27928
27968
28066
28208
28258
28272
28426
28440
28516
28552
28594
28638
28656
28874
28954
29000
29022
29104
29118
29242
29258
29356
29510
29514
29646
29804
29888
29914
29952
29960
29978
30124
30136
30182
30230
30262
30264
30506
30512
30598
30818
30982
30992
31038
31044
31066
31074
31082
31436
31510
31724
31736
31930
32062
32246
32312
32350
32504
32514
32998
33076
33178
33296
33308
33322
33354
33418
33462
33478
33500
33558
33598
33620
33668
33710
33722
33738
33780
33792
33796
33806
33822
33898
33910
33920
33928
33940
33948
33954
33984
34008
34022
34054
34060
34082
34086
34168
34168
34176
34178
34192
34200
34226
34240
34256
34258
34266
34270
34280
34294
34296
34298
34300
34302
34318
34346
34346
34352
34360
34376
34412
34414
34422
34422
34424
34478
34488
34488
34504
34524
34528
34532
34566
34588
34594
34618
34644
34648
34662
34730
34734
34744
34750
34766
34772
34774
34816
34818
34832
34870
34882
34884
34884
34886
34894
34922
34962
34970
35104
35112
35134
35184
35190
35240
35286
35372
35556
35686
35836
35876
35924
36006
36200
37700
38044
39536
41112
43070
43182
44468
45612
46282
53282
55740
136946
181098
414144
649004
