Latencies
5116
5122
5132
5140
5142
5144
5150
5152
5154
5156
5156
5156
5166
5168
5168
5168
5172
5172
5174
5180
5180
5180
5184
5188
5190
5192
5192
5192
5192
5194
5202
5206
5210
5212
5214
5216
5216
5222
5222
5222
5228
5234
5236
5238
5240
5242
5244
5246
5246
5248
5250
5250
5250
5252
5252
5254
5254
5256
5256
5256
5258
5258
5258
5258
5258
5260
5260
5260
5260
5262
5262
5264
5266
5266
5268
5270
5272
5274
5276
5276
5276
5278
5278
5278
5278
5280
5284
5284
5284
5286
5286
5288
5288
5290
5292
5292
5292
5294
5296
5296
5298
5300
5302
5302
5302
5304
5304
5304
5304
5306
5306
5308
5308
5308
5310
5310
5310
5312
5314
5314
5318
5318
5320
5322
5322
5322
5322
5324
5324
5324
5326
5326
5326
5326
5326
5326
5328
5328
5328
5330
5330
5330
5330
5332
5332
5332
5334
5334
5334
5334
5334
5334
5334
5334
5334
5334
5336
5336
5338
5340
5340
5340
5342
5342
5342
5342
5342
5342
5344
5344
5346
5346
5346
5346
5346
5346
5346
5346
5348
5348
5350
5350
5350
5350
5352
5352
5352
5352
5354
5354
5354
5354
5356
5356
5356
5356
5358
5358
5358
5358
5358
5360
5360
5360
5360
5360
5360
5362
5362
5362
5362
5364
5366
5366
5366
5366
5366
5368
5368
5368
5368
5368
5368
5370
5370
5372
5372
5372
5374
5374
5374
5374
5374
5376
5376
5376
5376
5378
5378
5378
5378
5378
5378
5378
5380
5382
5382
5382
5382
5382
5382
5382
5382
5384
5384
5386
5386
5388
5388
5388
5388
5388
5390
5390
5392
5392
5392
5392
5392
5392
5394
5394
5394
5394
5394
5396
5396
5396
5396
5398
5400
5400
5400
5400
5400
5400
5400
5400
5402
5402
5402
5402
5402
5402
5402
5402
5404
5404
5404
5404
5406
5406
5406
5406
5408
5408
5408
5408
5410
5410
5410
5410
5410
5410
5410
5410
5412
5412
5414
5414
5414
5414
5416
5418
5418
5418
5418
5418
5420
5420
5422
5424
5424
5424
5424
5426
5428
5430
5430
5430
5430
5430
5432
5432
5432
5432
5432
5434
5434
5436
5438
5438
5438
5438
5438
5440
5442
5442
5444
5444
5446
5446
5446
5446
5446
5446
5446
5446
5446
5448
5448
5448
5450
5450
5450
5450
5450
5450
5450
5452
5452
5452
5452
5454
5454
5454
5456
5456
5458
5458
5458
5458
5458
5458
5458
5458
5460
5462
5462
5462
5462
5464
5464
5464
5466
5466
5468
5470
5470
5470
5470
5470
5472
5472
5472
5474
5474
5476
5478
5478
5478
5478
5478
5478
5480
5480
5480
5480
5480
5480
5482
5482
5484
5484
5484
5484
5484
5486
5486
5488
5488
5488
5488
5490
5490
5490
5492
5492
5494
5496
5496
5496
5498
5498
5498
5498
5500
5500
5500
5500
5504
5504
5504
5504
5506
5506
5506
5508
5508
5508
5508
5510
5510
5510
5510
5512
5512
5512
5514
5514
5514
5516
5516
5518
5520
5520
5520
5522
5522
5524
5526
5526
5526
5526
5528
5530
5530
5532
5532
5532
5534
5534
5534
5534
5536
5536
5538
5540
5542
5542
5542
5544
5544
5544
5546
5548
5548
5550
5550
5550
5550
5554
5554
5556
5558
5560
5560
5562
5562
5564
5566
5566
5568
5570
5574
5576
5578
5578
5580
5580
5582
5582
5582
5582
5584
5584
5584
5586
5586
5586
5588
5590
5592
5592
5594
5596
5598
5598
5600
5600
5602
5602
5606
5606
5608
5608
5608
5610
5610
5612
5614
5616
5618
5622
5622
5624
5628
5630
5630
5632
5634
5634
5634
5636
5636
5638
5640
5640
5640
5640
5642
5642
5642
5642
5644
5646
5648
5648
5648
5652
5654
5656
5656
5656
5656
5656
5658
5660
5664
5668
5670
5676
5676
5684
5684
5686
5688
5688
5688
5690
5692
5692
5694
5694
5696
5698
5698
5698
5700
5700
5704
5708
5710
5714
5716
5716
5716
5718
5720
5720
5722
5722
5722
5722
5724
5730
5732
5734
5736
5736
5736
5738
5738
5742
5742
5742
5742
5744
5744
5750
5752
5752
5756
5762
5772
5776
5776
5778
5778
5780
5780
5786
5786
5788
5788
5788
5788
5790
5792
5796
5798
5806
5812
5814
5820
5820
5824
5830
5830
5832
5840
5842
5844
5844
5850
5852
5854
5854
5856
5856
5864
5868
5868
5868
5874
5878
5884
5886
5886
5888
5890
5890
5896
5896
5898
5902
5902
5904
5906
5912
5916
5916
5920
5920
5924
5926
5928
5928
5930
5930
5942
5942
5942
5944
5946
5950
5954
5956
5958
5964
5966
5972
5974
5974
5976
5986
5988
5990
5992
5992
5992
5994
5996
6004
6004
6010
6012
6014
6014
6014
6018
6020
6020
6024
6028
6028
6032
6032
6036
6042
6044
6048
6052
6058
6068
6072
6074
6074
6078
6078
6080
6082
6084
6088
6088
6090
6090
6090
6096
6100
6108
6110
6122
6122
6124
6126
6128
6128
6146
6146
6148
6152
6156
6158
6164
6166
6186
6190
6192
6196
6198
6200
6200
6202
6238
6244
6256
6274
6278
6280
6286
6300
6310
6326
6334
6340
6346
6350
6358
6386
6398
6406
6412
6434
6434
6466
6466
6496
6508
6514
6514
6520
6542
6552
6552
6576
6600
6628
6632
6686
6752
6760
6814
6834
6866
6870
6932
6974
7084
7100
7170
7188
7226
7230
7318
7354
7378
7488
7504
7510
7542
7656
7674
7796
7820
7896
8050
8096
8308
8420
8492
8546
8640
8718
8748
8936
9002
9028
9072
9206
9212
9260
9408
9592
9600
9734
9804
10082
10148
10212
10340
10396
10444
10500
10764
10794
10916
10996
11074
11110
11212
11228
11388
11436
11766
11834
11872
11962
12012
12200
12568
12600
12716
12772
12784
12794
12978
13224
13986
14134
14142
14196
14226
14260
14388
14578
14790
14940
14950
15006
15006
15064
15066
15122
15168
15232
15466
15694
16046
16228
16904
17100
17650
17694
17752
18916
19006
19052
19602
19946
20194
20426
20562
20866
21394
21568
22156
22592
23860
24142
25374
25496
25950
26328
26900
27154
27158
28084
31322
32670
33562
33794
33810
33902
33974
34066
35290
35770
37206
37364
37434
37972
38296
39176
39954
40156
40186
42118
42918
52356
