Latencies
5048
5082
5098
5116
5116
5124
5124
5132
5132
5134
5134
5134
5138
5142
5144
5144
5146
5148
5148
5148
5150
5152
5152
5154
5154
5158
5158
5160
5160
5164
5166
5166
5166
5166
5166
5168
5174
5174
5176
5178
5178
5178
5182
5184
5188
5190
5190
5190
5192
5192
5194
5194
5196
5196
5198
5198
5198
5198
5198
5200
5200
5200
5202
5202
5204
5204
5204
5206
5206
5208
5208
5210
5210
5212
5214
5218
5220
5220
5222
5228
5230
5230
5230
5234
5234
5234
5236
5238
5238
5240
5240
5240
5240
5240
5240
5242
5242
5242
5242
5242
5244
5244
5244
5246
5248
5248
5248
5250
5252
5252
5252
5252
5252
5252
5252
5254
5254
5254
5254
5254
5256
5256
5256
5256
5256
5256
5258
5260
5262
5262
5264
5264
5264
5264
5266
5266
5268
5270
5270
5270
5272
5272
5274
5274
5274
5276
5276
5276
5276
5276
5278
5278
5278
5280
5280
5282
5284
5284
5284
5286
5286
5288
5288
5290
5290
5290
5290
5292
5294
5294
5294
5296
5296
5296
5296
5298
5300
5300
5300
5300
5300
5300
5300
5302
5302
5302
5304
5304
5306
5308
5310
5310
5310
5310
5310
5312
5312
5312
5312
5312
5312
5312
5314
5314
5314
5314
5314
5316
5316
5318
5318
5318
5318
5320
5320
5322
5322
5322
5322
5324
5324
5324
5324
5326
5326
5328
5328
5328
5330
5330
5330
5330
5332
5332
5332
5332
5332
5332
5332
5334
5334
5334
5334
5336
5336
5336
5336
5336
5338
5340
5340
5340
5342
5342
5342
5342
5342
5342
5344
5344
5344
5346
5348
5348
5348
5348
5350
5350
5350
5350
5352
5352
5352
5352
5352
5352
5352
5354
5354
5354
5356
5356
5356
5356
5358
5358
5358
5358
5358
5360
5360
5360
5360
5362
5362
5364
5364
5366
5366
5366
5366
5368
5370
5370
5370
5370
5370
5370
5370
5372
5372
5374
5374
5374
5374
5374
5376
5376
5378
5378
5378
5378
5380
5380
5380
5380
5380
5380
5380
5380
5380
5380
5382
5382
5382
5382
5384
5384
5384
5386
5386
5386
5388
5388
5388
5388
5388
5390
5390
5390
5394
5394
5396
5396
5396
5396
5398
5398
5400
5400
5400
5400
5402
5402
5402
5404
5404
5404
5404
5406
5406
5406
5406
5408
5408
5410
5410
5412
5412
5414
5416
5416
5416
5416
5416
5418
5418
5418
5418
5420
5420
5420
5420
5420
5422
5422
5422
5426
5426
5426
5426
5426
5428
5428
5428
5428
5428
5430
5434
5436
5442
5442
5442
5442
5442
5444
5446
5446
5448
5448
5448
5448
5450
5450
5450
5452
5452
5454
5454
5454
5454
5456
5456
5456
5458
5458
5460
5460
5460
5462
5462
5464
5466
5466
5466
5466
5468
5468
5468
5470
5470
5470
5470
5476
5476
5478
5480
5480
5480
5482
5484
5484
5486
5488
5488
5488
5492
5494
5494
5494
5496
5496
5496
5498
5498
5500
5500
5502
5504
5504
5506
5506
5506
5508
5508
5508
5508
5508
5508
5512
5512
5514
5518
5518
5520
5520
5524
5526
5528
5530
5532
5534
5534
5534
5534
5536
5538
5542
5544
5546
5548
5548
5550
5550
5550
5552
5552
5554
5556
5558
5558
5560
5562
5564
5566
5568
5570
5578
5578
5580
5582
5582
5582
5586
5588
5588
5588
5590
5590
5590
5590
5590
5592
5594
5594
5594
5594
5598
5600
5600
5600
5602
5602
5602
5602
5604
5604
5604
5606
5606
5608
5608
5612
5612
5614
5614
5616
5618
5618
5620
5620
5622
5624
5626
5630
5632
5632
5632
5632
5634
5638
5638
5642
5644
5644
5646
5650
5652
5658
5658
5662
5664
5666
5666
5670
5672
5672
5674
5676
5678
5678
5680
5682
5682
5684
5686
5688
5694
5694
5696
5698
5702
5710
5712
5712
5714
5714
5714
5716
5720
5722
5724
5728
5732
5734
5738
5740
5748
5750
5750
5752
5756
5758
5758
5762
5764
5766
5774
5774
5776
5784
5786
5788
5788
5790
5792
5802
5804
5804
5808
5810
5812
5822
5824
5824
5836
5838
5842
5844
5850
5854
5862
5862
5864
5870
5872
5876
5876
5878
5880
5882
5882
5884
5884
5884
5886
5888
5890
5906
5908
5912
5914
5914
5918
5920
5920
5924
5924
5928
5928
5932
5938
5938
5940
5942
5942
5944
5944
5946
5948
5950
5950
5954
5962
5964
5964
5966
5968
5970
5972
5976
5976
5976
5978
5988
5990
5992
5994
5996
6002
6002
6010
6012
6014
6014
6016
6016
6018
6018
6018
6024
6026
6030
6034
6036
6036
6038
6038
6038
6046
6052
6054
6058
6060
6064
6066
6070
6070
6070
6072
6080
6090
6098
6098
6104
6104
6124
6128
6140
6146
6152
6152
6156
6162
6170
6172
6172
6172
6188
6190
6192
6202
6204
6206
6208
6216
6222
6222
6224
6226
6230
6244
6248
6254
6258
6260
6266
6270
6294
6296
6298
6300
6312
6324
6330
6334
6340
6346
6356
6380
6390
6400
6418
6418
6422
6430
6446
6456
6478
6486
6524
6530
6530
6566
6568
6578
6580
6594
6598
6608
6640
6678
6692
6752
6796
6806
6814
6822
6828
6886
6916
6922
6928
7036
7092
7174
7178
7220
7254
7314
7408
7452
7474
7488
7492
7550
7626
7742
7762
7764
7922
8232
8410
8510
8516
8962
8972
9094
9158
9172
9234
9366
9536
9646
9670
9692
9810
9968
10106
10144
10214
10252
10294
10294
10344
10490
10618
10710
10744
10824
10930
11158
11226
11276
11430
11828
12068
12144
12186
12476
12646
12868
12946
13108
13708
13848
14166
14344
15152
15206
15442
15880
16444
16726
16824
16902
17606
17824
18340
18808
19330
19366
19516
19880
20584
20718
21030
21072
21976
22064
22332
22338
22428
22486
23076
23162
23248
23506
23658
23826
23902
24090
24690
24910
25682
25990
26498
26608
27072
27574
28940
29366
29772
30084
30558
30652
30850
31096
31294
31868
31904
33552
34216
34394
35256
35354
35490
35822
35928
36340
36724
36856
38014
38756
39300
41320
74904
172880
10083824
