Latencies
5454
5484
5552
5574
5576
5642
5656
5690
5782
5850
5860
5900
5910
5912
5966
6002
6042
6078
6098
6168
6260
6406
6446
6528
6540
6684
6702
6712
6898
6966
6972
7024
7060
7116
7156
7156
7158
7194
7198
7216
7252
7276
7354
7360
7512
7520
7538
7540
7554
7582
7706
7788
7788
7818
7860
7892
7926
7994
8012
8038
8060
8178
8178
8206
8262
8326
8346
8562
8814
8844
8966
9004
9038
9072
9098
9192
9194
9196
9260
9312
9332
9336
9366
9470
9490
9522
9522
9546
9614
9694
9712
9864
9960
10038
10108
10110
10194
10236
10236
10252
10254
10298
10298
10328
10332
10332
10470
10498
10542
10618
10658
10666
10676
10686
10722
10750
10772
10806
10824
10886
10926
10932
10970
10992
10994
11070
11092
11228
11296
11320
11322
11340
11346
11426
11516
11530
11540
11548
11566
11592
11640
11644
11656
11676
11676
11734
11786
11788
11846
11990
12104
12168
12190
12226
12248
12260
12262
12288
12318
12332
12338
12340
12428
12430
12490
12496
12546
12626
12778
12848
12906
12950
13088
13224
13276
13284
13376
13430
13604
13610
13634
13766
13840
13852
13900
14012
14042
14108
14134
14178
14188
14262
14282
14290
14312
14334
14360
14380
14392
14398
14404
14442
14458
14522
14526
14538
14552
14570
14574
14622
14638
14642
14654
14656
14658
14696
14700
14712
14736
14742
14776
14790
14796
14816
14842
14856
14864
14872
14874
14876
14878
14882
14884
14888
14904
14920
14932
14938
14942
14954
14974
14986
14994
15028
15066
15076
15084
15088
15096
15112
15112
15116
15122
15142
15160
15166
15188
15198
15228
15286
15350
15366
15372
15380
15408
15436
15442
15446
15498
15508
15516
15540
15552
15568
15592
15646
15692
15700
15802
15842
15900
15908
15940
16080
16178
16200
16242
16300
16376
16394
16412
16496
16596
16620
16662
16734
16748
16762
16774
16936
16954
16966
17024
17040
17062
17152
17164
17210
17250
17288
17330
17330
17368
17402
17424
17434
17508
17562
17566
17620
17620
17628
17652
17786
17894
17972
17984
18110
18124
18224
18270
18342
18432
18472
18514
18542
18602
18622
18628
18640
18708
18754
18856
18868
18906
18944
19012
19026
19028
19030
19044
19058
19058
19106
19110
19114
19206
19240
19272
19348
19416
19426
19622
19636
19666
19692
19692
19692
19700
19700
19714
19746
19772
19780
19794
19902
19904
19912
19940
19966
19998
20030
20058
20082
20090
20116
20126
20138
20142
20236
20290
20352
20360
20464
20468
20498
20520
20562
20646
20670
20698
20724
20764
20862
20888
20922
20938
21016
21026
21034
21038
21048
21068
21136
21174
21188
21264
21290
21382
21394
21398
21474
21510
21606
21646
21700
21830
21832
21884
21888
21910
21960
21964
21992
22086
22098
22136
22150
22300
22322
22344
22358
22528
22564
22576
22664
22774
22800
22808
22812
22884
22942
23034
23100
23122
23144
23170
23178
23178
23196
23238
23260
23260
23266
23402
23458
23474
23476
23492
23544
23564
23650
23702
23710
23720
23724
23926
23942
23968
23972
23986
23988
24012
24038
24180
24190
24238
24256
24258
24290
24302
24410
24412
24434
24436
24472
24476
24518
24548
24554
24554
24582
24608
24616
24650
24678
24724
24730
24742
24770
24800
24826
24830
24834
24838
24842
24868
24870
24870
24886
24888
24906
24988
25034
25064
25074
25082
25170
25180
25184
25216
25218
25220
25256
25266
25278
25278
25330
25358
25394
25410
25416
25426
25530
25532
25546
25592
25608
25808
25828
25882
25898
25950
26040
26146
26156
26160
26166
26178
26234
26258
26324
26334
26376
26384
26452
26544
26586
26738
26766
26778
26778
26838
26854
26886
26908
27044
27058
27160
27210
27230
27230
27266
27362
27454
27476
27478
27568
27634
27688
27822
27836
27862
27922
28008
28096
28128
28162
28196
28290
28308
28378
28390
28406
28412
28582
28708
28714
28760
28798
28826
28838
28860
28882
29054
29104
29120
29186
29198
29228
29268
29290
29316
29394
29442
29532
29568
29586
29604
29610
29626
29628
29664
29672
29702
29804
29892
29916
29918
29990
30010
30192
30206
30212
30218
30250
30294
30336
30352
30374
30418
30480
30494
30530
30570
30576
30636
30652
30744
30840
30844
30876
30904
30906
30924
30950
31038
31050
31104
31104
31132
31136
31188
31210
31310
31310
31336
31392
31404
31432
31444
31600
31620
31726
31858
31888
31892
31910
31950
31968
32038
32042
32048
32106
32120
32192
32194
32248
32302
32352
32404
32420
32546
32574
32776
32824
32826
32846
33008
33054
33064
33092
33192
33236
33264
33276
33312
33314
33314
33370
33378
33386
33398
33436
33466
33486
33486
33514
33526
33544
33572
33592
33622
33652
33660
33668
33682
33686
33688
33690
33754
33778
33786
33798
33812
33814
33844
33876
33880
33890
33922
33936
33954
34018
34040
34052
34076
34092
34112
34140
34146
34156
34168
34184
34210
34216
34218
34222
34230
34234
34238
34240
34264
34266
34282
34282
34286
34288
34292
34294
34294
34300
34300
34302
34308
34316
34318
34322
34334
34334
34342
34350
34354
34358
34360
34360
34364
34382
34390
34392
34402
34412
34412
34414
34422
34428
34434
34444
34448
34456
34462
34470
34472
34474
34478
34486
34490
34500
34502
34504
34508
34516
34516
34516
34526
34528
34534
34540
34544
34554
34554
34566
34576
34580
34586
34588
34598
34608
34612
34616
34622
34624
34626
34630
34630
34636
34638
34646
34658
34680
34688
34692
34698
34706
34710
34716
34754
34758
34762
34774
34778
34782
34816
34818
34852
34872
34880
34902
34904
34918
34934
34938
34944
34948
34952
34954
35002
35022
35036
35068
35078
35116
35134
35192
35222
35342
35434
35494
35510
35550
35652
35702
36016
36326
37034
37718
37954
38312
38904
40172
40322
41414
41786
42692
42800
43202
43504
43720
43968
44172
44376
44512
44876
44916
46504
49384
51094
53260
53756
54684
55302
56676
57920
62220
70534
74574
79460
81684
255214
11194892
