Latencies
5190
5204
5248
5264
5272
5280
5284
5292
5292
5302
5302
5304
5306
5316
5320
5322
5328
5330
5338
5342
5344
5346
5348
5354
5356
5360
5370
5376
5378
5382
5384
5386
5396
5402
5410
5410
5412
5416
5418
5418
5422
5428
5432
5432
5438
5442
5446
5462
5462
5470
5478
5480
5486
5486
5488
5490
5498
5524
5524
5526
5530
5540
5542
5542
5544
5548
5550
5552
5558
5562
5564
5566
5578
5580
5588
5596
5600
5604
5606
5612
5612
5614
5618
5622
5626
5634
5634
5636
5636
5644
5656
5658
5668
5670
5674
5674
5676
5696
5696
5702
5704
5704
5708
5716
5720
5724
5724
5728
5732
5748
5748
5752
5754
5758
5760
5764
5772
5774
5780
5782
5788
5794
5796
5798
5806
5810
5816
5816
5818
5818
5842
5848
5866
5870
5870
5872
5874
5878
5886
5888
5888
5900
5902
5906
5908
5910
5916
5916
5916
5920
5920
5928
5934
5946
5948
5950
5952
5952
5952
5962
5966
5976
5976
5990
5992
5992
5996
5996
6000
6006
6008
6008
6010
6016
6016
6018
6024
6026
6030
6040
6042
6048
6066
6102
6108
6108
6110
6110
6112
6114
6124
6126
6178
6178
6182
6182
6204
6206
6208
6210
6212
6226
6226
6230
6282
6288
6294
6322
6324
6344
6350
6358
6372
6384
6390
6398
6408
6408
6410
6434
6440
6452
6454
6460
6484
6512
6524
6562
6570
6576
6614
6622
6630
6632
6640
6654
6674
6700
6702
6710
6712
6722
6732
6740
6762
6784
6786
6792
6794
6804
6838
6882
6884
6900
6904
6962
6968
6970
6982
6996
7014
7034
7074
7102
7158
7160
7174
7206
7208
7208
7222
7254
7302
7322
7376
7384
7388
7396
7408
7408
7414
7434
7456
7456
7458
7462
7470
7480
7498
7500
7504
7510
7520
7560
7562
7590
7608
7628
7634
7650
7660
7670
7678
7698
7716
7722
7728
7756
7784
7786
7794
7820
7824
7830
7852
7872
7888
7912
7914
7914
7946
7950
7962
7968
8010
8012
8014
8024
8028
8050
8088
8102
8102
8116
8132
8178
8178
8182
8188
8236
8244
8266
8272
8274
8276
8296
8300
8308
8346
8368
8372
8390
8398
8412
8416
8432
8432
8446
8472
8474
8482
8488
8492
8504
8532
8534
8546
8546
8552
8568
8568
8570
8600
8632
8638
8640
8650
8652
8668
8672
8694
8714
8742
8748
8750
8764
8774
8804
8830
8868
8876
8876
8890
8894
8894
8910
8934
8944
8958
8958
8972
8974
8978
9056
9062
9072
9088
9092
9102
9116
9126
9140
9156
9166
9178
9184
9188
9206
9228
9238
9290
9356
9368
9368
9404
9408
9464
9472
9500
9508
9514
9530
9538
9584
9590
9612
9662
9690
9726
9766
9766
9804
9840
9860
9878
9920
9956
9956
9978
9984
9998
10020
10022
10030
10038
10040
10044
10090
10094
10138
10182
10204
10222
10232
10254
10258
10272
10282
10310
10320
10334
10350
10372
10406
10408
10452
10456
10470
10504
10508
10540
10578
10602
10666
10670
10676
10698
10726
10738
10750
10758
10788
10792
10798
10840
10840
10846
10852
10876
10892
10896
10910
10948
10950
11010
11030
11040
11046
11058
11074
11084
11110
11154
11164
11180
11198
11204
11212
11214
11216
11218
11220
11220
11236
11258
11286
11290
11298
11306
11338
11346
11350
11358
11366
11376
11412
11432
11450
11458
11482
11490
11498
11510
11566
11566
11580
11586
11586
11608
11622
11670
11672
11680
11696
11722
11724
11738
11788
11804
11856
11892
11906
11906
11928
11942
11942
11974
11980
11990
11996
12008
12010
12034
12036
12048
12050
12072
12082
12090
12102
12108
12114
12128
12130
12158
12160
12188
12216
12248
12248
12252
12260
12274
12278
12288
12334
12338
12350
12358
12362
12386
12388
12396
12408
12444
12452
12540
12560
12570
12608
12616
12632
12640
12680
12684
12742
12766
12770
12778
12788
12800
12810
12820
12852
12894
12924
12930
12934
12954
12956
12958
12978
12980
13004
13008
13020
13044
13054
13062
13072
13088
13092
13092
13126
13128
13132
13156
13182
13202
13214
13220
13228
13240
13240
13268
13288
13308
13320
13332
13370
13376
13380
13384
13444
13458
13470
13498
13498
13518
13594
13600
13612
13640
13680
13690
13706
13708
13740
13744
13750
13762
13766
13772
13782
13816
13820
13836
13844
13848
13862
13888
13890
13910
13916
13918
13934
13938
13944
13980
13988
14032
14050
14062
14076
14080
14082
14086
14100
14104
14106
14110
14140
14142
14156
14160
14166
14174
14184
14192
14194
14196
14204
14250
14260
14278
14294
14300
14326
14330
14334
14356
14394
14404
14408
14426
14434
14436
14442
14442
14456
14468
14488
14504
14504
14510
14512
14520
14544
14548
14552
14554
14564
14568
14576
14586
14596
14610
14638
14658
14662
14674
14674
14674
14676
14684
14688
14690
14696
14718
14722
14736
14736
14744
14758
14760
14768
14776
14776
14796
14800
14802
14820
14836
14836
14846
14864
14866
14872
14872
14884
14894
14894
14894
14900
14910
14916
14918
14924
14932
14938
14940
14944
14956
14956
14960
14970
14970
14972
14976
14982
14984
14988
15002
15002
15004
15006
15008
15022
15026
15032
15038
15040
15052
15054
15054
15060
15062
15062
15064
15066
15070
15086
15090
15102
15102
15102
15108
15118
15124
15132
15132
15134
15140
15140
15142
15148
15154
15154
15158
15162
15166
15170
15172
15172
15186
15186
15204
15212
15216
15216
15218
15218
15222
15226
15228
15234
15236
15240
15250
15252
15254
15262
15268
15270
15270
15290
15300
15304
15304
15304
15308
15310
15322
15324
15330
15338
15344
15362
15364
15370
15386
15386
15388
15390
15394
15402
15402
15410
15412
15424
15444
15454
15470
15496
15516
15530
15532
15548
15550
15564
15570
15574
15582
15592
15592
15592
15608
15628
15650
15680
15682
15688
15688
15690
15842
15872
15962
15992
16012
16040
16476
16476
16508
16540
16662
16980
17034
18162
18362
19566
19916
21048
21756
22022
22316
22332
22804
23522
23998
24060
24092
24206
24348
24410
24554
24672
24694
24884
24924
25000
25028
25212
25230
25386
30324
30908
34234
34820
74898
155848
