Latencies
5506
7050
15658
15680
15700
15722
15832
15934
15958
16112
16210
16234
16452
16526
16624
16642
16708
16804
16816
16882
16934
16960
16972
17086
17094
17178
17198
17232
17456
17462
17718
17750
17752
17836
18010
18160
18216
18308
18404
18428
18440
18450
18468
18470
18560
18600
18642
18642
18654
18734
18780
18862
18872
19004
19032
19162
19186
19206
19306
19340
19430
19458
19498
19560
19596
19936
20000
20008
20248
20294
20360
20548
20550
20622
20628
20654
20720
20810
20812
20926
21140
21200
21244
21298
21338
21484
21504
21526
21808
21916
22282
22522
22528
22558
22626
22850
22974
23106
23206
23232
23268
23386
23398
23430
23432
23484
23618
23688
23728
23732
23782
23854
23854
23934
23978
24006
24122
24304
24414
24568
24578
24596
24598
24670
24724
24826
24828
24862
24890
24900
24932
25022
25064
25068
25112
25126
25184
25190
25246
25266
25272
25298
25300
25320
25320
25326
25354
25380
25488
25530
25558
25608
25734
25774
25934
25972
26072
26142
26186
26274
26300
26312
26342
26382
26398
26426
26444
26512
26544
26596
26760
26764
26902
26924
26978
27382
27408
27412
27524
27622
27778
27844
27846
27852
27900
27914
27926
27928
27934
28048
28070
28186
28294
28400
28414
28650
28722
28742
29026
29152
29298
29394
29462
29566
29620
29720
29748
29870
29876
29896
29974
30036
30044
30176
30190
30280
30326
30388
30398
30398
30538
30930
31242
31320
31358
31362
31480
31534
31636
31754
31808
31832
31906
31988
32054
32284
32300
32480
32552
32564
32576
32618
32872
32878
33132
33160
33360
33450
33512
33558
33562
33760
33814
33868
33886
33964
33986
34000
34006
34036
34078
34162
34246
34266
34312
34394
34402
34404
34424
34472
34532
34554
34576
34580
34606
34610
34614
34630
34650
34720
34724
34822
34838
35014
35016
35062
35074
35104
35174
35206
35256
35296
35298
35408
35458
35474
35524
35606
35648
35666
35892
35936
35940
35946
36010
36026
36056
36062
36160
36172
36366
36406
36456
36464
36516
36682
36702
36864
36904
36946
37042
37080
37188
37262
37376
37400
37616
37624
37654
37734
37890
37946
37954
37976
37988
37996
38016
38030
38182
38228
38350
38374
38468
38506
38512
38688
39044
39064
39220
39310
39436
39498
39532
39610
39630
39704
39708
39766
39782
39816
40084
40138
40248
40330
40684
40884
40938
40984
40988
41016
41218
41322
41322
41326
41422
41438
41442
41518
41584
41672
41686
41764
41914
42036
42148
42156
42156
42170
42210
42226
42304
42486
42650
42686
42718
42744
42898
43006
43058
43060
43128
43162
43220
43318
43450
43458
43472
43488
43492
43496
43528
43668
43722
43726
43768
43924
43972
43998
44014
44054
44082
44088
44180
44182
44218
44222
44268
44348
44400
44404
44426
44438
44446
44462
44604
44616
44660
44692
44714
44728
44772
44858
44860
44880
44890
44910
44944
44982
45018
45112
45114
45142
45318
45376
45426
45434
45668
45708
45770
45800
45842
45894
46006
46142
46174
46316
46354
46596
46908
46986
47034
47060
47170
47180
47184
47198
47246
47276
47628
47656
47692
47730
47926
48042
48070
48160
48338
48412
48442
48574
48640
48686
48828
48910
49014
49036
49082
49134
49264
49274
49318
49320
49420
49490
49626
49716
49812
49826
49948
49974
50014
50816
50900
51058
51218
51282
51380
51536
51538
51540
51566
51624
51630
51692
51766
51886
52006
52052
52228
52372
52396
52532
52574
52640
52662
52678
52774
52778
52850
52920
53034
53308
53392
53392
53406
53418
53420
53490
53528
53558
53566
53678
53686
53708
53720
53746
53758
53770
53772
53812
53838
53866
53868
53888
53896
53954
53986
54024
54024
54036
54080
54080
54094
54102
54148
54170
54220
54234
54234
54260
54302
54342
54368
54430
54438
54476
54486
54522
54566
54566
54650
54680
54732
54740
54744
54776
54884
54938
54956
54966
55134
55148
55216
55238
55320
55324
55700
55752
55798
55854
55888
55898
55946
55994
56032
56082
56340
56390
56398
56406
56496
56668
56694
56866
56988
57596
57636
57838
57932
58106
58190
58290
58314
58752
58846
59364
59504
59624
59734
59758
59880
60016
60062
60074
60326
60598
60830
61134
61220
61374
61378
61494
61770
61844
62362
62394
62460
62696
62750
62836
62838
62988
62990
63052
63132
63152
63160
63162
63168
63292
63392
63552
63570
63588
63608
63632
63694
63832
63890
63916
63922
63990
63992
64062
64208
64274
64290
64380
64554
64626
64728
64756
64864
64896
65200
65408
65412
65976
66010
66100
66368
66388
66504
66658
66976
67008
67310
67528
67602
67740
67750
67760
68018
68166
68182
68406
68516
68688
68692
69244
69852
70292
70402
70414
70420
70534
70538
70640
71268
71286
71482
71512
71638
71684
71850
71884
71904
72126
72178
72250
72260
72484
72572
72592
72650
72686
72700
72848
72916
72968
73056
73062
73106
73124
73160
73194
73206
73208
73250
73270
73298
73314
73318
73348
73360
73362
73370
73392
73392
73394
73410
73416
73428
73438
73438
73450
73458
73460
73462
73488
73528
73538
73588
73592
73592
73612
73614
73626
73646
73654
73668
73674
73688
73694
73704
73718
73720
73728
73734
73782
73782
73802
73804
73808
73812
73812
73820
73850
73858
73922
73938
73946
73958
73984
74008
74012
74016
74026
74032
74044
74048
74072
74096
74120
74172
74176
74232
74240
74442
74560
74590
74648
74728
75302
75550
75770
76042
76202
76842
77254
77416
77484
78058
78304
78312
78364
78948
79324
79758
79950
81730
82130
82144
82538
82600
82606
82620
82760
82842
82896
83182
83182
83262
83424
83672
83844
83848
84064
84394
84408
84808
85970
86940
87288
87490
88464
88490
88582
88662
88886
88936
89078
89174
89296
89470
90166
90174
90678
91268
91474
91496
91582
91604
91944
92048
92106
92534
92572
92606
92676
92714
92756
92772
92786
92822
92874
92878
92918
92940
92942
92946
92974
92986
93008
93074
93128
93156
93160
93160
93160
93164
93166
93200
93202
93206
93218
93224
93228
93234
93238
93248
93266
93360
93364
93430
93444
93448
93454
93456
93514
93530
93532
93552
93574
93606
93806
93856
94184
94214
95396
95492
96034
98368
98936
102218
103098
103364
110178
113556
119082
119874
121832
126278
127544
127664
128268
129402
135694
147306
155076
177446
185982
281336
304756
322318
363404
615630
650824
1129092
1415696
1541322
1976550
