Latencies
5310
5342
5352
5374
5376
5406
5440
5478
5480
5488
5550
5560
5622
5624
5630
5632
5650
5662
5666
5674
5678
5690
5706
5740
5754
5774
5842
5856
5904
5906
5938
5954
5956
5972
6006
6018
6026
6054
6078
6084
6132
6166
6172
6182
6190
6238
6256
6268
6276
6306
6312
6324
6336
6368
6384
6392
6430
6454
6474
6508
6524
6536
6544
6546
6558
6562
6568
6568
6584
6606
6664
6668
6724
6730
6750
6918
6970
7014
7104
7146
7186
7202
7208
7216
7318
7376
7442
7506
7522
7524
7540
7544
7572
7634
7674
7692
7692
7704
7710
7718
7744
7756
7786
7824
7884
7906
7910
7948
7990
7992
8008
8010
8032
8044
8062
8104
8128
8152
8160
8196
8268
8338
8342
8348
8366
8384
8398
8412
8424
8438
8448
8498
8518
8554
8562
8576
8592
8642
8646
8668
8704
8720
8750
8764
8790
8830
8840
8892
8898
8978
9020
9054
9096
9100
9100
9102
9122
9130
9158
9168
9198
9218
9242
9248
9280
9424
9438
9440
9520
9580
9596
9636
9648
9660
9670
9696
9772
9802
9872
9890
9914
9950
9960
9976
10014
10026
10092
10130
10134
10138
10146
10150
10158
10206
10218
10236
10242
10246
10252
10268
10322
10388
10390
10398
10428
10584
10588
10608
10628
10634
10716
10750
10772
10800
10860
10918
10926
10926
10934
10964
11024
11058
11076
11110
11138
11158
11230
11246
11396
11448
11456
11584
11600
11674
11750
11784
11786
11792
11806
11862
11872
11960
11992
12046
12102
12204
12212
12274
12294
12300
12314
12320
12336
12336
12338
12386
12426
12476
12488
12536
12562
12574
12646
12658
12668
12706
12708
12714
12772
12792
12804
12886
12888
12912
12968
13002
13008
13010
13012
13026
13048
13066
13070
13082
13092
13096
13128
13150
13192
13216
13248
13356
13514
13520
13550
13578
13594
13640
13646
13660
13682
13812
13860
13920
13938
13960
13980
13990
14014
14034
14038
14092
14164
14168
14196
14258
14310
14334
14336
14358
14378
14418
14432
14464
14466
14472
14528
14532
14536
14562
14610
14630
14632
14654
14658
14658
14712
14738
14752
14752
14774
14778
14778
14792
14816
14828
14832
14834
14844
14864
14866
14878
14882
14894
14906
14908
14930
14932
14940
14946
14950
14968
14974
14980
15000
15000
15014
15020
15022
15040
15048
15048
15064
15082
15110
15120
15172
15192
15214
15216
15234
15242
15248
15252
15274
15282
15284
15290
15298
15324
15324
15362
15378
15380
15380
15380
15386
15410
15412
15414
15420
15460
15474
15474
15478
15510
15520
15530
15540
15624
15632
15660
15674
15676
15686
15694
15700
15704
15708
15734
15790
15828
15858
15876
15902
15994
16006
16022
16046
16166
16190
16194
16216
16258
16308
16328
16366
16394
16414
16420
16482
16488
16506
16606
16748
16756
16966
17000
17046
17170
17248
17270
17278
17332
17406
17424
17490
17494
17508
17514
17544
17660
17662
17678
17684
17728
17760
17768
17786
17858
17916
17952
17956
17966
18010
18038
18102
18106
18142
18166
18172
18184
18208
18214
18300
18342
18380
18394
18412
18450
18464
18476
18490
18510
18542
18596
18612
18614
18618
18640
18642
18726
18740
18784
18808
18808
18814
18836
18888
18910
18960
19056
19088
19150
19310
19392
19426
19462
19540
19568
19640
19686
19728
19728
19740
19764
19784
19958
19984
20012
20158
20332
20368
20374
20420
20626
20704
20714
20728
20738
20750
20782
20800
20800
20862
20906
21018
21032
21052
21060
21102
21162
21204
21262
21272
21274
21286
21286
21288
21466
21470
21486
21490
21530
21556
21596
21616
21714
21880
21896
21976
22212
22230
22234
22304
22486
22570
22584
22730
22782
22796
22872
22874
23102
23114
23124
23134
23142
23262
23348
23362
23416
23456
23476
23492
23576
23628
23712
23762
23800
23890
23998
24022
24038
24126
24128
24132
24156
24168
24174
24252
24264
24268
24284
24300
24346
24358
24366
24382
24496
24522
24588
24620
24650
24666
24696
24738
24814
24816
24832
24840
24846
24854
24862
24896
24900
24918
24968
24984
25002
25026
25030
25056
25066
25096
25098
25134
25136
25152
25174
25186
25210
25242
25252
25262
25264
25280
25342
25418
25556
25636
25638
25650
25690
25770
25778
25798
25840
25842
25868
25874
25880
25892
25896
25900
25922
26108
26116
26152
26156
26178
26192
26214
26348
26388
26440
26446
26476
26554
26606
26636
26654
26680
26712
26814
26904
26964
26998
27014
27022
27080
27174
27178
27200
27238
27244
27300
27306
27308
27340
27422
27454
27492
27612
27696
27708
27742
27774
27778
27926
27962
27990
27996
27996
28006
28042
28272
28450
28522
28524
28550
28606
28664
28774
28810
28828
28972
29038
29060
29088
29158
29246
29264
29266
29270
29422
29542
29584
29766
29804
29824
29852
29898
29984
30046
30076
30076
30092
30146
30154
30166
30280
30314
30350
30362
30412
30466
30534
30546
30634
30678
30690
30702
30740
30744
30794
30854
30928
30942
30990
31006
31032
31046
31134
31150
31166
31280
31286
31316
31392
31422
31490
31494
31552
31670
31670
31672
31800
31894
31910
31918
32056
32196
32268
32318
32348
32438
32482
32572
32626
32634
32778
32862
32890
32954
32974
33062
33082
33134
33182
33202
33218
33230
33310
33336
33340
33346
33362
33418
33428
33440
33442
33452
33474
33564
33640
33662
33782
33876
33892
33896
33910
33910
33926
33930
33938
34008
34014
34034
34044
34062
34094
34134
34134
34142
34164
34192
34200
34208
34244
34254
34256
34268
34288
34310
34312
34312
34312
34316
34318
34328
34344
34378
34386
34430
34450
34460
34462
34484
34496
34514
34524
34532
34552
34560
34566
34574
34592
34606
34608
34618
34620
34628
34634
34642
34668
34672
34684
34698
34716
34722
34724
34728
34750
34764
34784
34794
34796
34808
34814
34846
34872
34876
34884
34888
34896
34918
34920
34934
34944
34962
34986
34996
35004
35070
35076
35132
35138
35174
35186
35206
35210
35210
35232
35262
35262
35268
35286
35306
35308
35314
35326
35370
35490
35542
35546
35556
35572
35596
35604
35612
35620
35662
35738
35772
35780
35850
35902
35972
36114
36544
36848
37284
37636
39610
40796
40910
41384
42250
42336
42362
42438
42562
42684
43366
43674
43738
43766
43786
44030
44068
44112
44140
44164
44406
45600
49386
50766
52850
53288
53572
54330
54376
55028
60874
62526
68244
73152
1813044
1907946
