Latencies
6664
8042
6060
5514
5250
5682
5252
5640
5356
5360
7214
5468
5866
6104
5266
6034
6038
5292
5266
5158
5528
5690
5892
5984
5182
6360
19656
5306
5620
5372
5324
5384
5386
5872
5492
5806
5418
5308
5220
6432
6340
5444
5268
5466
5274
18802
5624
5908
5484
5670
6088
5304
5850
5836
6064
5208
5652
5874
5158
5838
5956
5586
5966
6642
5234
5850
5188
5584
5144
5250
5676
5280
5572
24946
5966
5230
5868
5416
5868
5240
5852
29340
17626
5902
5834
17856
5258
5112
5882
5844
5830
5338
5306
6088
5530
5334
5704
5678
5584
5826
5490
5206
5868
5660
5638
5638
6604
5478
5914
5396
30950
5292
5296
5312
6226
6096
5224
5402
5772
5854
5224
5394
5794
5198
5460
5772
7192
5836
5430
5488
5242
5268
5322
24230
6776
5272
5472
6110
5276
5768
5586
5262
5264
6328
5168
5834
5428
5314
5296
5316
5498
5292
5330
5628
5374
6354
5372
5434
6588
5798
5888
6726
5992
5450
5546
7084
14022
5364
5862
5368
5510
5326
5510
5578
5354
5322
5636
5128
5630
5662
5636
6750
5996
5544
36562
5292
5824
6702
5276
5370
5522
5682
6036
6008
5606
5526
5306
5842
5216
5958
5432
5748
5354
5278
6116
6756
5534
5796
5778
5716
5616
5456
6002
5432
6000
6000
6254
5920
5458
6128
6010
6128
5682
6566
5884
6044
5722
6168
6090
16318
6666
5888
6224
5288
5814
5670
5684
6334
5966
5242
5414
5638
5860
5244
5322
5774
5206
5238
5424
5738
5350
5704
5210
5252
5348
5762
5642
11662
5236
5244
5514
5870
5564
5348
5248
6026
6448
5476
5080
5694
5324
5972
5594
5636
5400
5162
5948
5186
5370
5168
5584
5498
5170
5924
5910
5118
5744
5748
5918
6424
5530
5768
5820
5612
5400
5772
5222
5284
5818
5764
5122
5258
5240
5226
5618
5572
5760
5234
15316
5894
5194
5180
5650
5140
5808
5194
8316
5268
5224
5256
5532
5918
5202
5226
5572
5202
5258
5172
5230
5240
5268
5440
5128
7088
6270
5680
5692
6396
5800
5106
5084
6406
5974
5692
5170
5444
5618
6242
5306
6084
5180
5412
5308
5928
5442
5914
5246
5730
5138
6010
5694
6042
6186
5214
24498
22196
5184
5404
5426
7750
5718
5314
5396
5626
5470
5800
5212
5472
5780
5762
5350
5796
5374
5792
18390
5458
5318
5950
6310
5618
5556
5226
5384
5488
5284
5458
10388
5280
5704
6002
5378
5274
5422
5320
5390
5846
6348
5388
5250
10408
6030
5698
5208
6446
5212
6064
6262
5920
5296
5966
5688
6248
5642
5688
5476
5370
5200
5934
5520
6224
5670
5232
6018
6072
6172
5774
5182
5818
5548
5166
13206
5980
5250
5274
5310
6426
5116
5232
5260
5180
5302
5876
6540
5850
9262
5604
5170
5712
5156
6396
6310
5876
5266
5430
5212
6728
5212
5694
5306
5590
5416
7034
5918
5866
5968
5214
5534
5580
5374
5398
5148
5300
5340
5254
5502
5364
5652
5688
5238
5262
6544
5300
5264
5894
6220
5836
5368
5742
5542
5928
5076
5426
5462
5590
5368
5334
5724
5704
5702
5226
5520
5850
5918
5478
5842
5380
5532
17400
10740
5462
5588
5504
5720
5860
5874
6094
5234
6198
5522
6076
5554
5844
5898
5760
5816
5270
6020
5210
6060
5376
5098
5134
5270
6418
5270
5142
5232
5124
5278
5524
6824
5446
5326
6304
5528
5920
5194
5444
5350
5346
5332
5796
5702
5328
6426
11564
5792
5232
5644
5388
5186
5196
5342
5382
5800
5400
5468
5596
5216
5914
5562
5326
5168
5110
5224
5400
5198
5296
5842
5440
5658
5866
5088
5568
5250
5180
5360
5914
5870
5448
5278
5304
5798
5530
6162
5222
16702
5490
6212
5166
6094
6632
5370
5110
5252
5582
5400
5976
5354
5520
18606
5388
5494
5268
5238
6218
5392
5558
5440
5384
11702
5256
5510
14288
5554
5864
5266
5494
5950
5204
6408
5314
5684
5258
6166
5970
5492
5052
5140
5278
5108
5580
5038
4978
5220
5588
5228
5116
5870
5358
5622
5504
5406
5388
10304
5362
5298
5220
5416
5174
5248
5982
5422
5300
11076
5448
5862
5542
5850
5352
5228
5556
5788
5236
5688
5220
5902
5576
5484
5122
5286
5288
5190
5488
5156
5198
5548
5214
5418
5810
5682
5436
5116
6566
5434
5358
5300
5300
5230
5328
5192
5240
5252
25630
5108
5592
6074
32316
5400
25442
5208
5328
5202
17508
5462
5684
5154
5056
5334
5558
5188
5192
5616
5820
6390
5588
5392
5174
5386
9404
5270
5318
5972
5970
5292
5464
5416
5836
5236
5808
6434
5576
5272
5162
5744
33632
5244
5408
5580
5260
5250
5724
5888
5778
5436
5228
6010
5438
5414
6146
6678
5240
5648
5156
5892
5748
5382
5322
5896
5344
5390
5442
5886
5368
6016
5200
5174
5726
16106
5256
5390
5194
5294
5510
5400
5128
5280
5372
5342
5422
5474
5418
5176
5532
5250
5524
6112
5182
5570
6120
5436
5718
5602
5824
6218
5550
5710
5252
5320
5566
5224
6194
6084
5682
5748
5408
5710
5990
5192
5346
5756
5224
5298
5734
12268
8966
5882
5482
6044
6766
5510
5466
5234
6042
5436
6364
6288
5920
11350
6250
5240
5414
5568
6178
5634
5258
5310
5624
5904
5362
5184
5458
5626
5254
5236
17704
5608
5392
5564
6088
5622
5274
5544
5280
5342
5800
5492
5292
5958
5588
5490
5850
5842
6116
5372
6074
5852
5642
5984
5356
5592
5304
5218
5516
5324
5250
5336
5392
6100
5214
19798
11204
5258
5728
5156
13010
5156
5550
5646
5424
30562
5766
5322
5256
33142
5492
5688
5168
5350
5986
6200
6050
5582
5460
5314
5968
5988
5266
5314
5326
5942
5412
6266
5300
5206
5766
5194
6158
5782
5348
5418
5298
5284
5234
5236
5844
5352
5872
5354
5310
5142
5330
5894
6622
5328
5608
5684
5208
5976
5338
5334
5280
5198
9088
5500
5550
5292
5812
5960
5192
5596
5854
5366
5372
5776
6124
5506
5416
5524
5202
5538
8754
5780
5942
5298
5798
5428
5390
5588
5582
5310
5736
5922
5228
5158
5386
6086
5322
5784
5442
5328
5396
5268
5450
5206
5962
5466
6044
6200
5372
5388
5262
5632
5368
5186
5292
6592
5676
5698
5306
5330
5448
5436
5528
5728
11562
5416
6048
6536
5668
5504
5700
6020
5272
5908
5908
6314
5576
6036
5422
5254
5920
5108
5680
5464
6378
5400
5218
5738
5388
5284
6170
5340
5730
5988
24786
6880
5900
5616
5218
6140
5374
5874
5906
5590
14656
5384
5472
5266
5648
6050
5278
5848
6104
5426
5418
5284
5350
5826
5844
5488
5434
5874
5146
5474
5862
5940
5298
5672
5386
5320
5518
6010
5508
25290
5330
30098
5288
5396
5934
5270
5292
6494
5282
5282
5318
5830
5330
5734
5750
5912
5466
5678
5368
5474
5558
5786
12610
5614
6054
5556
5596
5582
5240
5464
5774
52920
17124
5772
5332
5286
6024
5674
5618
5780
5342
5278
5380
5624
5484
6082
5936
5746
5436
5190
6200
5452
6108
5176
5618
5774
33494
5214
5084
5306
13306
5296
5762
5210
5122
5774
5572
5516
5572
5768
5360
14016
5396
5438
5134
5450
5256
5490
5972
5390
5250
5230
5368
5478
5210
5446
5338
5302
5264
5492
5160
5258
6624
22358
5674
5226
6514
5710
6716
5284
6514
5752
5474
5950
5748
5646
5360
5812
5540
6146
5378
5460
6038
5740
5732
5340
5304
5522
5700
5428
5546
5474
5810
5440
7016
5494
5482
6160
5978
5230
5410
5456
5526
5886
5450
38312
11618
5672
6412
5590
5706
5310
5962
5800
5898
6026
5910
5408
5324
5400
5740
5844
5630
5524
5896
5796
5964
5294
5410
6032
6156
5314
5374
5426
5698
5936
6014
6014
5896
5222
5214
5332
5712
5668
5436
5842
5900
5268
5520
5414
5580
5942
5370
5858
5476
6694
5340
5652
5268
5416
5726
5332
5212
35266
5378
5408
6292
22394
5282
5376
5302
5220
26894
6008
5942
5100
5486
5228
5178
5404
5186
5078
5430
5406
5260
5306
6232
5232
5668
5308
5370
5408
5452
5604
6212
5706
6174
5658
5524
5832
5926
6096
6138
5614
5558
5576
5480
44618
8032
5352
5604
5618
5970
5758
5910
5942
5360
5790
5976
6000
16094
52708
6110
5922
6194
5456
5848
5276
5568
5524
6124
5422
5438
5318
5672
5786
5774
7004
6538
5564
6156
5910
5484
5562
6640
5992
5528
5442
5242
5714
5454
5436
5594
5374
5658
5412
5262
5394
5824
6620
5432
5500
5656
5680
5482
5940
5670
5836
5492
5486
5890
5446
5470
5660
7902
5894
5978
5226
5954
5466
5930
5298
5324
6316
6000
5418
5840
5396
5356
5338
5214
5374
5460
5286
5500
5470
5434
5466
5266
5956
5348
5836
5354
5484
5856
5404
7222
5344
5326
5456
5614
5654
5188
5474
5650
5760
5382
5334
5418
6244
5174
5438
5640
6416
5450
6138
5826
5898
5306
5942
19194
5514
5694
5764
6040
6768
6044
5302
5342
5992
5802
6948
5890
5990
5312
5808
5266
5860
5418
5542
5346
5408
5862
5446
5342
5880
5754
5414
5526
5526
5584
5408
5334
5422
5238
5278
9066
5282
6412
15018
5616
5258
5480
5384
25390
6938
5406
5466
5244
6068
14466
5658
5818
6270
5872
14656
17726
5654
6322
28934
5226
5464
5246
5430
21154
5508
5536
5768
5240
5396
6398
5116
5210
5830
6066
5454
5208
5268
6060
5116
5392
5332
5190
5196
5174
5250
5134
6050
5790
5430
5752
5956
6278
5332
5970
5540
5736
5892
5284
5954
5542
5354
5286
5480
5558
29092
5730
6038
5740
5342
16426
34226
5356
5122
5706
5560
5382
5614
5266
5276
5534
5202
5390
20950
5288
5240
5246
5850
5348
5432
5606
16218
5512
5442
6128
5390
5464
5444
5178
5132
5966
5200
5316
5516
5418
5312
5460
5834
5754
6456
5236
5718
5410
6252
5404
5194
5104
5432
5226
5394
5400
5590
5762
12226
5358
5884
5280
5802
5260
5780
5494
5592
6254
5270
5774
8920
5422
5888
5394
5466
22890
5562
5610
5402
5940
22042
6030
5304
6470
5268
5276
5492
6940
5612
5284
5720
5586
5358
5698
5694
5298
6332
5740
5290
5312
5324
5470
6256
6792
6892
5280
5872
5350
5820
24248
5342
6046
5518
5616
5938
5256
5280
5484
5304
5626
5966
14930
5328
5972
6720
5920
5446
5598
5766
5284
5220
32512
5188
6420
5366
5536
9972
5950
6118
5924
5150
5528
5480
5622
5342
5878
25126
5358
5260
5358
5216
5278
5748
38028
5118
5304
5374
13600
5894
6752
5780
6002
5992
5590
5352
5288
5332
5854
5326
5246
5308
5442
5910
5560
5492
5246
8932
5472
5996
5310
5412
5860
21248
5392
5318
5406
7316
5244
5254
5306
5358
5410
5914
5942
6114
5300
5932
5814
5300
5282
6230
5528
5214
6126
17642
6074
22634
35414
5466
5318
6132
5604
5592
20930
5584
5282
5450
5764
7042
5780
5514
6150
5472
5612
5516
5820
6002
14612
5316
6166
5130
5470
6116
5438
5202
5410
5758
5190
5684
5272
5070
5812
5244
25258
5520
5240
15376
5322
5278
6182
5982
5178
5992
5132
5102
8128
5268
5504
5424
5326
5286
5214
5196
5580
6006
5526
5226
5966
5194
5212
5552
5070
5168
5262
5594
5578
5240
5982
5302
5104
5842
5246
25134
5666
5302
5290
5640
5222
5346
5266
5382
5080
5208
5836
5322
38254
5166
5978
5242
5478
5668
5954
13408
6250
5952
5192
5938
5820
5148
5586
5450
5518
6062
16174
5234
5320
6088
6036
5636
5496
5138
6412
5458
5788
6454
5924
5158
16116
5354
15752
5430
5810
9634
5168
5442
5422
6610
5214
5542
5440
5406
5188
6396
5598
5230
5408
5374
5540
5456
5294
5290
5696
17766
5890
5258
5970
7468
5302
5608
6130
5718
5246
5942
5784
5424
32328
5484
5412
5726
5454
5532
5642
6166
5958
5324
5436
5700
5478
5806
5558
5590
5272
5838
5482
5366
5510
9628
5866
5446
5482
25840
5480
15200
6000
5706
7000
5726
5556
27916
5662
5574
5864
5198
5340
24710
20542
5824
5894
5316
5324
5246
5398
5284
6076
5318
5354
5324
5788
6726
11426
5198
5414
6264
5278
6484
5626
5614
5844
5780
5456
5234
5466
5302
5726
5310
5246
5422
5256
6156
5816
