Latencies
15468
5480
5298
5140
6044
5940
5120
5252
5132
5514
6900
5280
22682
6188
5592
5266
5262
5480
5342
5350
19166
5678
5400
5624
5168
6038
5156
5136
5806
5132
86112
5268
5140
5934
40494
5560
5660
6226
6068
6032
6544
5222
5222
32228
5444
5176
5470
6052
5160
5734
7598
18484
5246
5370
5274
5678
5236
6014
5426
5280
5486
5376
5262
5400
5304
5230
5396
31424
5476
5742
5834
5524
5526
17962
5616
5226
34304
5394
6132
5648
5358
5272
5360
5678
5100
5852
5316
5594
5548
5998
5552
5366
5268
5328
5312
5268
33786
6358
5180
5084
5244
5700
6028
5874
5258
5658
5832
5642
6250
5088
5346
5264
5162
5894
5316
5214
5824
5810
5224
5446
5096
6972
5188
5102
5498
5534
5650
5422
5924
6094
5290
5292
5388
5468
5464
6384
5444
5536
5392
5300
5670
5164
5388
5568
5358
16000
5716
6718
5194
5518
5700
6350
5760
5338
5420
5766
5196
5594
5420
5352
5222
40626
5482
6646
5350
6066
5928
6060
6150
6424
5414
5486
5848
5342
5116
5262
5306
14994
5320
5246
5370
5388
5406
5296
5398
5844
5338
5374
5862
5282
5368
5314
6178
5494
5258
5684
5174
30306
5576
5420
6002
5482
5418
5328
5272
5822
5350
5116
35838
5916
5578
6624
5888
14546
5856
5366
5938
5634
65664
5774
5680
5348
5774
5178
5240
5188
5684
5402
5504
5476
5672
5990
5624
5328
5592
5364
20572
5448
5584
5436
5474
5414
5596
5988
5948
6422
5932
6452
5406
6306
5464
15414
5382
9150
6116
6308
5318
5420
7090
5890
5434
6102
5760
6052
6058
5638
5958
5536
5508
5332
5256
10680
5392
5942
46336
5202
5550
5402
6358
5812
5636
5960
5582
5108
5416
5360
5376
5276
5378
6202
26676
5366
6536
5380
5472
15258
5318
35598
5412
5540
6090
5212
5626
5444
5522
5450
5450
5930
5294
5434
5686
5608
5418
6400
5998
5292
6116
5272
5276
5636
5904
5540
5266
5536
5284
5560
5986
5788
5612
5706
5824
5222
6094
5412
5292
5278
5610
5452
5340
6292
5322
5650
5340
5854
5662
5398
6602
15100
5450
5356
5438
5476
5418
5302
5270
5948
9676
5348
5324
5976
5956
6212
5608
5354
5596
5358
5332
5472
6130
5380
5658
5100
5780
6028
5660
5342
5658
5184
5612
5260
5344
5368
6142
5926
5340
5644
5266
5192
5244
5942
5820
5446
5526
5790
5632
5730
6036
5950
5684
5450
5550
6126
5516
5566
6074
6862
5758
5374
5288
6488
5538
5168
5504
5456
5440
5216
5218
5896
5690
5218
5292
5130
6376
5904
5224
5644
5202
5410
5248
6256
5260
5708
5198
5254
5234
5310
5824
5430
7236
5480
5170
5356
5410
5688
5374
6142
5602
6204
5432
5308
5304
5224
20958
6052
5640
5274
6594
5662
5866
5520
5608
14910
5110
5290
6012
8052
5894
5910
5804
5232
5262
5266
5384
5470
5358
6790
5920
5344
5894
5770
6398
5350
5496
6244
5306
5394
5212
5750
6066
6080
5314
5258
6006
6552
5380
9018
5374
5954
5854
5270
11816
5584
5732
5806
5408
5150
5604
5612
5866
5210
5384
5526
5310
5272
5752
5318
5318
6262
5590
5266
6090
21214
5830
5414
5624
5564
5382
5350
6010
5978
5500
5152
5196
5846
5270
5206
5146
5168
5266
5288
7596
5222
5072
5998
5940
5392
6310
5272
5360
5508
32450
5300
5288
5332
21266
5408
5262
7880
5608
5296
6294
5176
5582
5164
5382
39164
5208
5930
5884
5230
5662
5452
5390
5642
5876
6594
5870
6026
5126
6894
5326
5688
5318
5302
5246
5486
5422
6366
5274
14386
5924
5802
5616
5220
5250
5112
5742
5786
7150
5328
5838
5240
5702
5316
5962
5228
5634
5374
5526
5350
5282
5142
5188
5442
5284
5902
5514
5860
5822
6048
5388
5370
5700
5968
5290
5868
5914
5724
23134
5984
8008
5344
6336
5270
5330
5434
6008
5354
5436
17954
6302
5432
5306
5208
19132
6682
5364
5228
5392
5380
5308
6006
5642
5378
5320
6428
5714
5872
5120
20206
5176
5728
5780
6360
5144
5216
5530
5508
6274
17956
5184
5742
6034
5266
5200
6002
5114
5970
5424
5802
5802
5674
5686
5812
5388
6276
5216
5368
5644
5340
5338
5694
6676
6050
5556
5190
5792
5394
5518
5346
5414
5464
5300
22874
6092
5180
5514
6078
5860
5862
6054
5910
5966
6058
5824
17212
5402
21334
5630
6300
5594
5384
5156
5468
5852
5200
6248
5742
6718
6104
5248
5416
5204
28426
5832
5570
6176
5274
9980
5230
5334
5132
5754
39568
5502
5180
5308
5390
5238
5740
5734
5760
5286
37860
5490
5340
6116
5358
6368
5328
35702
5760
5422
5378
5520
5370
5192
6220
5360
25372
5590
6642
5092
5214
5394
5366
5204
5998
5796
5406
5912
5202
5964
5828
5370
5300
5616
5190
5706
5496
5654
5490
5302
5236
5142
5680
5474
6402
5412
5468
5534
5280
5380
5792
5830
5504
5480
5840
5576
5592
5350
6016
5416
14122
5362
5546
5434
6008
5746
6078
5180
5784
5538
6044
5278
6222
5322
5228
5604
25410
5160
5844
28148
6560
5792
6024
5966
5734
5546
5570
5672
5744
5978
5406
5488
5870
24544
5638
6022
5306
5592
5626
7606
5546
5244
5196
5664
6296
16432
7262
5974
6118
5360
6014
5316
18008
41238
5276
5554
6446
5310
5378
5272
6182
5826
5982
5466
6018
5820
7386
5334
20558
5546
5584
5694
5402
5182
5218
6538
5974
5372
6536
5410
5446
5886
5572
6002
6060
5774
5216
5946
5950
5356
5428
5786
6880
6424
15280
5474
5212
5394
5918
5258
5304
5926
5628
5750
5422
5320
5422
5372
6204
5124
5314
5550
5972
6592
11554
6056
5728
5264
18426
5338
5306
5456
5542
14338
5118
6408
5316
30230
5388
5188
5828
5420
5212
6214
5628
5230
5560
5446
5158
5200
5400
5274
5270
5778
5358
5850
5654
6672
5580
5244
5490
5408
5654
6158
5426
6056
5218
7798
6012
5892
15210
5410
5806
5414
5142
5276
6236
5728
5866
5228
5652
5312
6088
5362
5418
6000
5468
5360
5882
5326
5530
5256
5378
5946
5324
5364
6636
6172
5598
5410
19488
5246
6368
6074
21986
21318
5634
5768
5146
5888
5724
5642
6558
5194
5250
5214
5584
5354
5248
5172
5748
5268
5500
6218
5206
5368
5960
5656
5128
5916
5392
5436
5270
5708
5632
5332
5400
5802
6150
6054
5622
5816
6212
5324
5410
5510
5930
5284
5224
5346
5336
5490
6342
5364
5518
5642
5178
16718
5452
5312
5216
5844
5332
5324
5386
5696
6402
5658
5324
5232
6776
5992
42978
5112
5434
5514
5926
5738
5544
6648
5214
5312
23936
5240
6024
17644
5600
5386
5280
5474
5234
5138
5796
5600
5732
5486
5390
5192
5914
5848
5394
5312
5396
5972
6210
17030
5294
5610
5770
5268
6406
5540
6024
5168
5538
6134
5564
5456
5908
5998
5382
7386
5632
5294
7214
32932
5892
5592
5510
23224
5748
5740
5506
5802
5270
5368
5750
5766
5256
5344
6096
5682
5482
5832
26376
5464
5346
5440
5208
5294
5118
5688
6574
5768
5356
5192
5436
5308
5210
5614
5516
7132
6100
5224
5354
5622
36314
5316
5194
5198
5834
5368
5684
5726
5318
5272
5858
5760
5378
5258
5160
5392
5476
5974
5430
6790
5932
5162
5586
5114
5896
17022
14526
24422
5922
5434
34480
5296
5536
5414
5224
6004
6030
5968
5332
5324
5262
5114
5252
5174
5320
6932
5280
5588
5834
5610
5828
7708
6062
5552
5476
5186
5238
5144
5216
5308
5236
5562
5394
6178
5632
5612
5166
6010
5292
5428
5306
5660
5942
11192
5160
6010
5878
5360
5240
5186
5636
5324
6246
6698
6548
5760
5326
6044
6188
5290
5586
5352
5110
5690
5208
5224
6748
6026
5966
5840
5296
5670
6290
5620
5276
6046
6146
10768
8348
5262
5820
5178
5434
5450
5866
35354
5486
5650
6420
5684
5340
5826
5422
5680
6684
5330
5366
6006
5324
5278
6042
5678
5230
5386
5420
5322
17630
6142
5750
5188
5602
5730
6192
6308
5988
5618
5264
6146
5228
5256
6508
5520
5640
5254
5294
5302
41786
5434
5186
5468
5464
5782
5320
5336
5734
5244
5414
5722
5282
6484
6292
5300
5390
5150
5130
6128
5206
6256
5394
5264
12688
5280
5758
5778
20124
41628
5362
5320
5836
5916
6166
6602
6092
5630
6636
5282
5274
5214
5738
5708
5186
5842
5490
5270
6070
5284
5726
5254
8376
5156
5470
5420
5834
5226
5292
6378
5840
5656
5500
6380
5908
5814
6108
5618
5414
5346
5962
5562
5976
5386
5640
5432
6002
5364
5322
5210
5262
5948
5336
5396
5926
5136
5908
5438
6000
6402
5474
5304
5444
6326
6380
5272
6072
5132
6168
5980
5696
5224
5336
5392
5746
5394
5306
6408
6072
5264
6972
6248
7068
5312
7850
7450
5274
5530
5474
5234
7036
5358
5508
5474
5514
6274
8324
7418
7048
7344
7002
7416
7200
7916
8210
5660
6792
6134
5502
5920
5468
5334
10636
6676
5890
5234
5232
5770
5718
5262
5366
6816
5486
5512
5294
5302
5198
5928
5258
5968
5314
5470
13674
5380
6182
5164
5926
5142
5212
13910
5808
32210
5328
5852
5660
5384
5496
5254
5720
7724
5496
5356
5228
5272
5684
5532
5776
5212
5826
5192
6094
5590
5660
5506
6078
6632
5276
5368
5336
5298
6020
6642
6558
5144
5692
6108
5230
6204
14894
5776
5834
5708
5650
5308
6034
5340
6424
5204
5908
7742
5892
5156
5160
5488
5342
24910
5328
5966
6262
5192
6016
5918
5876
5348
5440
5270
5294
5356
5244
5420
5384
5878
5456
5234
5820
6782
7624
5598
5850
5160
5528
5578
5400
5904
5734
5356
5322
6278
5272
5248
5804
5816
5270
5842
5696
5266
5422
5658
5346
5448
5232
5570
5328
5556
5394
5936
5220
35194
5446
5402
5748
5572
7024
5336
23282
5870
5390
5272
5444
5724
6592
5554
5310
6124
5268
5222
5498
5532
5944
5382
5776
16390
24324
5142
5266
5518
5282
13134
5340
5336
5212
5226
5492
5456
7086
5374
5264
5706
5730
5660
5448
5302
5220
5284
5308
5214
5500
5226
5238
5104
5416
31652
5510
5192
5496
15308
5848
5304
5344
6298
5368
5712
5590
6196
5764
5400
5332
5700
5166
5446
6018
5600
5090
5502
5364
5660
5430
5368
5242
5422
5232
5228
5882
5220
5794
5264
5846
5432
6584
15114
5202
5550
5566
5280
5266
5934
5784
5762
5310
43534
9704
6512
5234
5488
5716
5880
5256
5372
5190
5356
6322
5440
5550
5248
5178
5602
6304
5174
5162
5746
12230
5340
5594
5238
5352
5222
5716
34232
5784
5616
6054
5400
6052
5418
5274
5624
14528
5766
6354
40156
7196
5778
5674
5608
5152
5696
5324
5476
5450
5232
5686
5984
5294
5458
5274
5338
5128
6778
5340
5876
5524
24332
5460
5396
5300
5316
6294
5942
5604
5958
5536
5882
5738
6126
5226
5770
5220
5292
5176
5336
5752
5206
5570
5322
5264
5422
5510
5928
5336
5222
6506
5268
6506
5194
32230
5180
6212
5890
5422
5204
5368
5348
5256
5590
5976
5210
5192
5420
9418
5538
5186
5094
5668
6116
5802
5318
5366
5764
5492
5190
7024
5814
5416
5818
5352
5240
5196
5476
5938
5950
5502
7962
5760
6198
5810
7422
5944
7166
5892
8256
7236
16932
6402
5396
5382
5582
15644
5414
5532
6136
5248
5496
5906
5546
5318
5876
5162
5204
6026
5286
5160
5440
5824
5320
5312
5722
5284
5452
5866
5252
5408
5994
33580
5766
6282
6236
5282
5368
5944
5758
5148
5128
5334
9384
5662
23364
5312
5246
5204
5348
6506
5528
5886
5362
6342
5342
5366
5402
5552
5274
5696
5324
5224
5632
17454
5888
5490
5334
18528
5614
5198
5402
5528
5182
6056
6326
6000
5368
5404
23464
5994
5182
5610
5946
5220
7462
5450
5600
6294
5270
5654
5126
5610
5756
5612
5410
5672
5726
5796
14060
5302
5616
5978
5246
6222
5180
5782
5168
6172
6670
6056
5246
5502
5292
5448
5590
5986
5208
5980
5622
5930
5170
5750
5238
5308
5458
5242
5192
