Latencies
25148
8324
12602
11242
6994
15426
13468
8952
5826
6756
5598
6448
6960
5314
5816
5352
5450
6220
5614
5458
5312
5446
5638
6346
5926
5840
6126
5668
5366
14650
15452
13226
12148
5358
6694
5934
5362
5840
14552
5524
6300
7090
16058
11330
7116
13676
14152
8378
6792
5292
5992
5406
5622
5176
5800
5600
5400
5424
5536
6032
15144
10122
13288
14698
9520
6498
24586
14594
15010
15608
20118
24388
6838
20528
6118
5328
5900
5476
14542
6800
8106
12674
17954
15102
5764
14050
6524
7882
8158
9132
5734
21910
13100
8154
12534
5594
13284
13286
24328
15380
15180
14772
15294
14592
13554
6250
13034
13606
8748
7410
13186
14250
7524
9128
12466
9722
11732
6422
5666
5646
6142
5466
5574
6092
5512
5772
14342
22222
8764
14622
7446
15450
15726
16432
8566
14568
6588
8438
10534
18114
6920
5916
5276
5512
5734
5392
13412
9930
9588
9984
12592
12644
11206
6894
16010
7868
15066
15252
15388
15424
15368
14084
16592
24790
11714
6372
6572
7622
12826
11906
13146
14494
12628
7510
10046
7954
5332
5236
6052
5178
14280
10662
10606
8200
7384
7426
8692
12362
13028
29224
20676
9276
6378
5252
5406
5312
5874
9666
6858
9962
6420
12126
15128
14766
10636
12682
8182
15784
13820
15140
15242
15142
15258
14592
14676
14940
14934
8358
22204
12436
7606
11358
13530
20930
12312
12018
7428
6222
20738
10880
9788
22040
5910
19780
11442
15436
9504
10976
7588
26678
15340
14788
15316
12862
5588
6124
5766
6374
5616
5608
5968
15978
7178
12796
10544
8566
18386
14936
12594
7408
6680
14768
24556
14290
15086
14724
14984
14792
15322
15342
15378
10860
14520
23168
15628
15514
14294
14736
7250
13968
12842
9124
11712
9548
30936
7512
6638
10540
11270
6928
14148
9554
11668
12200
5320
5728
6048
5334
5632
13354
7568
12606
7150
15176
6644
5902
7168
13916
14786
14244
9402
24322
14144
15122
15040
15192
10692
7764
8168
14818
13942
14516
8934
9228
10234
22002
13610
11784
8366
13860
6404
6610
12922
5678
13508
6170
10638
12480
10566
8272
13162
5748
5270
5476
5232
33160
5942
13852
10406
12954
14146
11462
15068
8594
7502
8232
12156
25324
15368
15402
15144
14390
14998
9536
8402
5380
5288
5218
7178
6116
15546
9918
8230
6084
12476
11616
11762
11314
13350
15440
15574
14668
14736
15040
15076
6250
13232
11988
11988
8076
7544
11318
12464
6996
9614
10018
13388
5760
15316
13648
14442
8642
13394
5998
5490
5700
5206
13372
6290
14382
8196
6866
7280
20844
9700
13572
9672
13620
24522
14874
14708
15170
8380
5380
5674
5774
9126
11992
13216
11568
15768
19634
8376
7990
11386
13716
6954
13138
14094
5410
9256
15012
13966
11210
7352
10136
22488
7958
11886
10790
7228
5894
14634
14602
12592
9164
24894
15354
5536
5372
5886
5350
5386
5364
5370
5572
5464
5666
12140
8570
9882
12890
14996
7576
14246
23756
15084
14090
78880
20604
6516
5674
5378
5522
5590
5698
6922
13564
21772
13540
15184
14970
11118
12972
9860
15866
7334
9090
7726
7754
7494
13412
10270
9166
6458
15968
8154
7466
11630
12088
14134
13248
11544
10032
15502
14994
15410
5426
5560
5720
8994
9750
6382
11824
6890
6204
14700
6470
8108
14784
6112
7136
5532
5344
5972
5338
13938
8764
12166
12882
15708
6038
9540
13716
13826
12948
15230
7068
9840
5736
5458
8824
8164
14390
9476
10874
11854
14652
8804
7542
12230
14992
8222
19412
18582
19566
16362
16240
6454
6506
7840
6656
12856
10930
17232
12112
11542
10612
9294
11980
14192
13758
13680
6916
30208
15002
7288
8054
5974
6352
5346
7938
11162
15262
20808
7362
13592
8596
6008
15026
9272
18956
7592
7530
7400
18364
19496
9906
13546
16826
9884
8264
8846
5972
12410
10366
8858
19256
10212
8488
12852
7380
5670
6098
5934
5710
6308
13904
12440
14742
14984
15302
12158
15706
8604
13390
19916
20056
20158
19746
5592
6394
7536
5410
5634
6112
8114
11082
9450
6816
12224
11080
5816
12562
11810
8758
11442
8236
10690
18378
7900
5560
6396
5876
6796
6266
15174
13768
14304
10924
7754
9774
12176
14770
13026
8168
6602
13062
14254
13136
5458
5690
17016
5540
5824
5352
5850
14750
14722
14102
13756
13622
15824
9102
15012
15784
11940
6792
5392
11660
9200
9798
6646
6402
12130
7932
7026
14520
10372
5778
6128
5538
5388
6072
14638
10044
13068
24908
14738
15024
15198
14736
15214
15464
14836
14940
15228
15376
15314
15732
14800
6138
7152
5622
5844
6226
14444
6552
7366
8470
10178
22158
23104
14566
15374
6842
12802
15098
13644
8996
12530
21090
14628
11472
25540
14098
15802
13697804
7232
6048
5542
5272
6166
5500
14966
5254
5348
5828
65938
25122
15110
12298
6174
15120
11926
7408
38816
10394
12926
13228
12540
7088
5258
5766
13782
8376
36256
13270
10500
9978
10342
7256
14038
14494
13638
14600
9400
6630
7772
14818
11810
11302
13614
79710
14334
15000
15098
14908
5550
5874
82652
7932
14214
6576
5374
11646
14162
10154
10768
15198
12262
14160
12872
10798
13930
6812
25130
15110
14384
14712
14888
13620
11470
6318
15430
13782
12304
8480
13540
13300
11906
19546
11786
17698
6224
6058
12434
11944
10362
9612
14008
15206
7090
11848
7400
24070
14298
14870
14530
5530
6054
5374
6054
11016
14860
14860
8568
14930
15606
21106
8222
14316
13838
9256
8940
14850
25138
14540
15628
15300
16772
10086
8180
13152
8050
10906
7308
11102
13810
15386
15642
15596
14454
5920
22092
5610
5750
5726
5546
15876
5340
11020
6640
14386
5422
5342
15886
14408
11592
12138
11910
6232
6046
25086
5642
5324
5558
10278
5366
7660
5394
15198
8912
8970
8454
13034
7250
14478
11510
8342
12866
22812
12024
15226
9468
13824
11898
6982
5924
6074
5330
5300
5532
5642
5320
6242
6110
11286
14598
11370
13962
13998
9296
8948
11232
10808
55370
15080
35300
15542
15640
15844
5820
12390
22368
5960
9446
15150
15964
13218
9458
6684
8196
11788
10068
8518
11200
8956
13686
13674
15288
13098
7692
13944
13994
8050
8188
25312
15540
14716
6074
6192
6634
6240
9530
14236
6438
9030
11118
10788
10932
5986
7658
14814
6902
5248
6708
10222
7512
7172
7622
7516
7604
8478
7818
14972
6644
12512
15990
14494
14560
14970
15416
15024
15446
14310
15442
15200
15178
24932
15240
14956
17684
12342
6646
14834
6984
11802
7412
14196
15166
15768
13580
12860
14672
13892
23302
15076
15334
15118
7828
15626
6750
15688
98858
5568
6964
5460
6080
12782
14278
10510
13148
8870
13436
14374
10730
13246
7436
9856
8440
11606
13894
8846
27926
12578
14352
7842
5924
9894
8630
12942
13238
7300
11354
11178
16346
13434
10622
5406
11330
24624
14348
14636
14794
15602
13058
10152
5406
7174
15130
13190
15798
15722
15154
14384
10056
5710
5530
33970
6734
5590
11638
13910
15886
23802
14236
7640
14588
15204
23542
11562
6002
1673532
7378
13034
5956
75894
15604
6640
5238
16816
15518
5332
5420
13762
5288
13604
9142
13056
6742
26156
5360
5826
5868
6018
5570
5550
5304
5834
10730
15624
12162
9894
13906
11670
23220
14818
7540
6304
6916
5658
6006
5866
5466
6040
19074
6598
11364
14188
16478
15194
14512
11272
10594
7298
7696
8182
12820
10332
12550
14734
12750
5452
5606
12118
6310
5264
38314
8388
15186
15648
7474
11700
13520
11482
7812
6878
13590
24932
14876
15228
14900
15282
15212
15404
15224
15398
6610
7174
6072
5272
5360
16268
12054
13804
12928
11816
9392
88826
11666
13324
77950
27424
15034
7678
11002
7478
9382
11598
6350
15432
15618
12826
12860
24366
15042
15200
15834
5284
5772
5368
5574
12086
6682
13070
7040
9064
11888
14718
14074
13244
7712
8750
24866
6592
5558
5670
9912
13642
10806
10860
23520
9510
8474
15466
8858
12896
13782
13440
14820
13396
7176
12460
13478
25278
15048
14378
10334
15320
5642
14666
7434
10448
6626
13158
13320
14534
13314
11762
15142
9178
8218
11642
6724
10808
9930
14910
5466
16200
11036
10830
10734
7432
14910
10064
24502
14966
24738
14850
15134
5432
14258
5402
5568
5618
25026
11368
9740
22462
8600
24388
8886
8062
12270
8422
14532
10054
8080
9550
12308
13328
13784
9044
6168
14790
10668
41594
6300
10574
8516
11144
10898
11682
10350
24564
12008
6250
6116
5680
5454
5330
5266
5408
6196
16538
10190
11658
13306
13110
6582
10052
13928
8494
9316
6722
7412
5846
6038
5642
5846
5862
6186
5754
6184
7886
10712
7758
10950
12818
9088
14886
5964
9836
14018
11978
12004
15046
15218
9826
14982
9564
13376
12596
7180
11508
9158
5814
14526
24150
14878
14952
15170
14792
15008
14696
14450
5570
5640
5626
6238
6752
14722
6470
6102
12436
14556
7056
7772
12770
7456
11794
24360
14892
15808
14892
5562
5702
6154
6166
14270
11116
8774
15684
15926
23236
14052
10192
15440
11990
8848
15448
6270
11472
6068
14556
13574
6880
13750
15108
5836
9552
13578
7540
12560
13666
11108
13424
14146
15208
11088
8228
14616
10890
15660
6842
14022
12626
16222
156068
5684
15138
15748
15122
15000
5364
15118
5562
6160
8068
13438
15178
6474
8094
7730
12420
5408
14684
5858
15682
7988
10634
9676
39174
14178
127720
8536
28170
5650
9910
5964
6744
5442
5276
6086
20496
7256
14904
8252
7346
8494
7030
10108
13134
24814
14542
15424
15058
15212
15384
12614
14154
9536
10388
7564
13562
11088
11204
23916
12150
11968
5390
5326
5516
6468
5738
8684
13988
10540
8650
10656
14228
6654
6198
7164
7334
195386
15234
6232
14856
5262
5428
5916
5598
6034
5380
11386
15698
12098
13898
14502
14470
14066
15384
14110
15632
23544
14594
10408
13372
7472
9838
14176
12556
14672
10942
10754
12204
14562
10766
8768
14910
10776
10204
7034
11900
11102
10346
11774
10770
7674
8258
15482
6542
5328
6048
6038
5290
5746
5270
5212
5446
6256
17410
11126
14842
7680
6418
7906
8416
11134
14604
11662
14716
12012
13346
10728
10094
9728
15348
11478
5856
5420
7258
7862
7452
7062
17784
8460
14272
14298
6286
13452
12720
10176
7762
14746
7044
24820
14960
15216
23702
14516
7320
24604
14790
7168
12452
7262
11744
8460
14038
7824
6732
15280
12618
12098
12384
12252
12654
15050
23636
13654
13392
11564
13424
18250
12896
23626
14156
12566
14530
9612
10896
15156
14944
15430
14764
14728
15122
15230
5548
5316
5848
15118
13564
11720
16418
17176
13278
6796
9786
14980
14324
8878
11206
24574
16080
14706
15558
7146
15520
10838
12680
9938
16202
7168
7062
13698
13380
10956
9430
11232
11446
12744
15032
11058
14098
11740
14866
14284
13044
5460
5576
5548
6958
6308
6224
8234
7670
8768
9342
6688
5818
7542
15716
10360
7396
10050
9396
13206
12466
9890
16098
14722
14342
14916
15770
10518
7630
14820
7530
15218
14836
8514
12312
7370
13402
12058
15170
14464
14734
14474
12044
10148
8526
12306
14868
5334
6094
5496
5364
25178
13048
14536
20292
8330
5716
9608
13122
6204
15420
6658
10322
15652
24554
13750
14836
5962
5650
5494
12294
8122
10026
15172
15472
15684
10092
14948
12760
15350
6390
1556778
15466
7948
10320
9054
11264
14098
10418
13130
11494
14206
11748
14272
10970
13018
12302
6720
6216
15204
14926
14894
15622
8074
6278
5412
5256
5952
11836
12832
12528
11982
14186
14582
15132
14008
15256
7098
15218
9314
8536
14546
15174
6800
11902
12544
6504
9076
5772
5216
5706
5630
5876
5288
11236
6294
10044
11604
14302
10118
13762
11846
10734
13522
14474
6864
13938
7946
5796
12558
7184
15394
15578
14966
15384
14800
15272
5886
9370
11576
11304
8312
8486
6180
8442
6268
6590
13718
11086
7692
7248
12504
8520
15660
14952
14936
14792
15602
6042
6156
5570
5940
6634
14634
14174
8128
10606
8192
12572
29628
6546
8974
8826
15262
21606
9176
9574
15290
13446
12766
13040
10486
6592
5928
5260
5274
5846
5620
11642
6960
11900
7672
14004
8148
9920
8960
10940
8084
15566
14332
15276
14764
14780
15316
15188
15800
15378
15184
14752
15096
11000
7784
15082
14256
13448
9028
10132
15424
23490
10042
8980
10272
15702
14596
15564
6470
5244
5876
6558
5770
5572
5828
5432
5598
13980
12496
14588
11592
7006
15550
9900
6670
11582
15580
10524
8738
22894
6458
5372
6052
5730
5776
5210
8090
8254
6186
11614
11506
15360
