Latencies
6524
5606
5308
5676
5294
5710
5360
5520
5548
5700
5400
5642
6234
25020
21524
16130
25370
25336
26996
14968
15344
14700
14622
10718
13810
14588
10506
9634
22822
27154
34160
16168
8462
16160
33072
25994
8100
29060
16434
20808
15616
39872
14940
30620
13396
15540
34074
30112
36250
33420
26924
25602
15382
12780
7410
9034
12156
11816
6774
12940
36596
6502
5520
5694
5596
9822
8708
6586
16232
7492
5642
14454
19706
13492
15316
10436
6230
10140
6528
15072
17048
10926
9668
27410
24676
22414
24148
15090
18884
16268
25920
56894
26858
18796
32976
15962
15026
10064
8886
13940
12250
12150
6152
15136
6972
5880
6048
7088
35462
25436
27100
10054
25564
32986
19946
25640
27838
35246
25500
14576
13610
15862
5408
7390
13562
14852
9870
10432
11148
28332
29606
27528
34194
27494
19774
32014
17818
34052
32212
338680
34578
32928
8210
11532
10606
32358
32224
35914
35466
40140
15694
21508
24980
16252
15284
15074
15280
15816
5816
15196
14844
14448
18576
19736
16060
17000
19098
34148
25030
23616
36342
36122
20590
15790
6308
5812
10560
11036
11368
32476
7204
34590
21362
30574
20192
22104
32700
21382
36704
25150
15794
15134
8914
14142
15280
7046
14238
13444
9002
18986
31366
24870
8844
9354
24526
15778
15238
15110
15436
14714
14864
14806
6066
9680
791976
27840
34536
26562
25214
9966
8104
15872
9248
8408
6258
13598
8942
22090
25504
11338
15528
25262
14908
14940
35110
34078
40724
20712
17318
21284
34666
34668
18098
20560
14924
12196
28732
6602
12504
12508
10662
9492
8252
10320
20452
28420
29674
24876
15670
7004
14978
14482
25350
8832
10330
13804
9474
9988
6226
7590
24458
33604
34362
33516
24678
6006
6700
7892
14322
13926
31008
29348
21380
13446
15412
8494
6024
12378
6368
22030
29614
7940
7758
28842
26298
15742
10688
30452
13270
28990
14316
44320
64886
34964
54012
34810
21024
22992
14842
15822
14464
5318
5520
9958
12210
8204
14792
25732
16850
31786
32842
24268
15162
43142
6054
10500
7062
7264
26648
29658
10058
11058
9044
25048
16692
22190
8986
8074
8968
8660
12596
12204
14758
33658
21588
28504
30536
14612
9682
11698
27798
22344
16050
17190
17804
32906
34672
34662
34944
28980
19486
16872
28804
28684
33358
34044
34038
33982
34062
33312
34406
35552
34582
34554
34606
34710
34830
34248
34274
34592
34554
34704
18146
26698
24370
16670
10410
6856
11868
6042
7150
7158
5726
7566
9026
12914
7934
31534
22768
16878
16862
33378
23372
15488
12372
13544
15148
15452
13464
34392
25548
35320
34546
34372
34578
33576
35338
33978
35216
35256
34676
34188
34794
34114
18232
8212
11600
14886
11290
14410
41482
5692
24744
15710
14838
15334
14546
15812
7340
8342
14014
12278
13152
6518
14872
19946
24376
6354
12116
8956
43984
35196
35428
35242
21734
17556
9524
8436
6300
5492
6020
11008
6054
13710
34050
34952
34400
34506
35588
34574
34702
145082
32412
19994
32894
30808
27148
19846
40292
22258
35250
15990
29336
30840
14156
11582
44070
25196
14878
15102
14996
15132
14890
15432
14378
15138
15124
14378
14794
15572
14922
10080
5632
11906
9898
18040
17824
31430
11084
10274
24696
5516
15026
27402
22308
31090
13212
24802
31804
21172
27900
32062
25938
15480
13540
14110
10888
25436
25808
15728
14652
14998
14700
15654
15604
15354
14698
23422
30106
26310
21924
30670
10284
11210
15500
15610
13412
23592
9438
13658
15176
31610
10742
35522
25286
14322
16130
15558
14886
15326
14848
14532
15792
14372
34770
22994
16116
14008
5560
8040
7944
23394
21564
25648
32002
33008
16140
9174
14136
32012
8648
13026
20976
7128
5468
15062
14878
23982
31882
23388
15808
27700
23652
24356
12500
6282
80600
29670
33384
22404
7736
7980
9672
11688
8478
19498
30816
27214
32020
26388
31510
27312
26152
9940
12432
8648
12858
22442
19886
34854
34640
34054
34116
21438
29164
24884
25218
34288
32172
31700
33032
294860
14074
24052
7478
8724
5726
11622
17966
27792
29174
15594
13846
11576
10014
6982
14292
7114
27788
7854
11046
10214
29154
26998
19184
20344
22472
16414
45360
34788
34330
35430
34564
35126
35138
34586
34088
35030
34022
26198
8702
13222
14326
24676
15802
10408
15166
9348
24998
15196
15190
13332
8272
16966
12480
5850
5548
24836
15038
15864
20914
27792
26538
25314
17448
16938
12240
7968
10520
17730
13114
11960
6226
6046
5576
6028
13900
14482
15418
15104
14580
15340
15868
5764
8064
15782
7512
10210
31266
13354
6336
32886
35430
7270
39628
24590
22872
20786
28690
15784
14256
14306
15142
32098
27980
25620
33160
20800
8772
13704
13668
10974
13206
12926
15196
15696
22906
34400
25276
15634
45588
34448
16318
12260
22142
38158
26816
135000
22682
42680
42034
19626
6234
23738
10162
13118
6894
11812
11706
12200
8456
5978
14814
34192
30502
32618
6782
13668
15942
10468
9482
8226
9100
10154
11704
5860
24868
15166
16008
15118
14836
15130
14926
16250
34910
28144
34582
35740
25066
31920
28996
9422
11226
9216
8756
12572
11634
15322
5770
15376
15290
25988
24718
34648
35208
21100
26674
28944
22044
16306
17838
32488
25430
29260
18326
33032
13822
6112
15604
29030
13938
12058
13482
13334
8628
15012
10810
19220
29580
29230
34164
33492
34312
35018
36724
35782
35400
25516
5984
15158
23990
21810
28590
33198
6396
23628
33464
34108
6488
7456
12548
20108
12068
34658
27310
15218
15092
14690
14974
15770
14794
15090
6322
10920
10400
6246
13000
7216
12572
7066
24946
26896
34612
34194
14580
7930
8812
6842
5960
7768
12894
35192
282444
33740
34096
35824
35042
34276
34174
34784
35214
35008
33886
45074
32958
25408
33564
27528
34158
35074
34574
35380
34556
23956
25692
17474
29618
9884
35142
33104
22438
23978
5646
13152
7330
14090
10280
6288
12834
29784
23450
29462
17804
20014
13600
15272
17336
19820
17992
8080
8260
9858
6990
10206
25168
24510
35026
35004
35294
53186
24432
22580
31840
22188
17526
35520
10924
16046
7410
8098
10662
15274
9694
34774
16480
14944
14752
9886
6948
33922
30250
34988
7390
25884
24280
34950
34438
34296
34822
34734
34422
34864
34392
74768
28090
10666
8460
18838
17970
34124
29896
17514
32372
11324
7530
12384
8408
7148
13750
30152
24666
18898
35570
21040
15182
14634
14840
15226
15346
14924
14946
14756
15388
15324
15420
14788
15020
6442
14462
6066
14872
14842
7574
6514
9050
8810
5964
6010
8102
12772
11418
9916
10756
6496
9310
8856
9958
12538
6962
33438
21674
19808
26802
24560
34884
25386
24328
33966
34642
6954
13824
12288
9118
7284
14396
14976
11694
31230
23836
20962
18032
19394
24776
44048
25348
35622
20298
28372
30818
21790
243406
36152
29164
13234
5946
7946
9616
25424
14974
34076
18688
33906
32830
12816
7054
11910
12462
18524
31100
16656
10182
35016
33408
35068
8522
29468
16600
6562
10684
15992
15146
14808
14710
15268
15654
15294
14966
15902
15272
16134
15092
15160
15550
15016
15316
9510
12294
7020
10142
7460
9948
14492
12516
12956
7950
30934
22374
35614
34820
34002
34550
34822
33524
34016
33870
35048
35102
34104
35104
34562
34198
34158
108802
14110
14356
8668
24418
28334
22398
19944
16694
28242
32140
21908
7650
7840
10198
10588
12320
14954
15140
9952
19242
6672
5570
5910
5608
10338
6422
13116
9686
24048
26676
30418
12380
22500
34272
34140
19688
13926
20898
17400
25502
26858
20668
22358
32464
9442
34618
5530
9250
14538
11150
8016
6686
6070
12972
12544
27526
15064
14614
14786
14780
15026
23630
12972
127006
44060
24298
16996
24774
21766
7928
32568
15080
15666
14306
15202
15030
10854
12138
14578
14982
15298
16052
11368
5732
13300
14076
15064
14842
14806
14852
14818
15198
15336
15286
14738
15194
15298
14644
9324
10816
6996
14432
9374
8970
12794
31914
25230
51818
34334
34200
34486
34954
34506
34384
33970
34508
34012
36022
35348
34380
34826
34616
35804
34898
11268
18522
28290
24684
14250
6514
5926
5730
12818
7666
11790
20106
9466
13846
23446
13638
14004
14732
7904
12824
14978
6390
6220
13818
8176
28952
31988
33584
24432
25684
34476
35468
34834
34340
35582
34658
34390
34672
18738
36216
12756
14714
21630
22574
23880
22370
21372
12436
9392
15294
12220
34324
37788
7060
796022
20158
11856
13614
7446
9440
25350
30828
25978
248598
30088
16434
24650
13042
33176
31862
26760
22376
8830
5682
26454
26072
17848
32722
34374
35018
10854
7026
12450
27716
34212
35040
16170
27788
24940
48016020
25224
34292
35054
34682
34158
34448
34486
34308
34586
35120
35670
35546
34592
34390
34394
35046
35468
34844
35548
34666
34470
14894
6868
15046
9030
33134
15722
11578
8494
12414
14612
8704
11484
10442
6462
5704
17754
13962
8468
15002
13210
13278
14148
17960
5770
14930
15452
15688
6276
6988
11874
5952
13048
20018
26442
28304
10766
10060
11722
9876
26998
17836
18386
34072
7900
6130
35768
33452
8602
12496
18500
6442
5612
35450
30602
25138
6382
28266
30492
44156
38070
9724
23790
11526
15414
6270
15408
15314
15110
14828
8274
14728
10766
9072
9478
12874
9874
8874
5672
11094
10886
6642
14646
6326
27922
25968
24284
15326
14686
15012
12214
12128
13150
14526
23018
28388
26718
19164
15692
24326
16560
13582
6014
9550
14146
11242
8434
50082
27840
16930
25754
29936
16906
24212
22664
15958
9774
9130
14514
6642
12158
6646
6972
14958
14818
10656
6030
15382
15864
14860
15556
15700
43410
34900
34928
34174
23334
20958
22862
17646
20074
23844
34554
6074
5532
6086
5686
8814
15498
16266
32208
16012
28426
7442
24944
23822
16148
6906
34284
19524
31096
29780
29020
24246
32782
25294
29830
28880
5986
30504
34070
18802
15058
15174
14960
15770
11074
27956
25082
15542
14874
15074
15082
10172
9528
13830
33764
24916
25312
24144
23884
25224
35682
19480
19860
21168
29126
34730
9328
12540
14966
27584
16758
18474
11346
12354
10342
10028
31600
23500
24794
14916
13806
13258
18168
6880
10952
22904
30720
17008
25744
298564
34526
721864
14750
15296
15350
13092
12468
6112
5614
5478
6684
5554
6078
6132
5468
5518
6250
14438
15006
9914
7376
17144
29832
22660
32132
27332
15994
23182
16788
11484
15238
15290
7480
15118
14896
14766
15228
15744
9750
6320
14728
13890
9248
24398
29468
14498
5956
33832
34318
34020
18882
21258
30490
16534
8018
12216
12082
10694
17690
5620
7126
9346
7904
8954
15902
22034
25344
12274
6772
24754
6426
8012
15126
14666
10998
8178
15782
15072
15774
15314
14136
14150
14428
8658
8092
13130
8384
10402
8692
98448
15070
7726
10288
10134
8100
19544
22160
32340
36818
32380
31712
33058
14854
14686
7820
6762
14752
11850
12406
26872
29142
22252
11956
14968
10056
15408
13454
16076
14604
14688
14752
15076
24266
15454
15292
14842
10204
11902
9002
34730
34820
33738
35588
34606
34616
35456
35254
35284
36600
34608
18654
9820
7156
15242
14664
11936
11436
24022
14194
14976
15110
14974
15250
15592
14952
14794
14792
15286
14794
15398
14752
14998
5990
11244
14160
12150
6234
12612
12234
9102
14702
10568
8284
11174
15232
8140
7666
9680
8170
12152
24934
21416
20532
14096
20908
16344
31162
29096
31364
34200
33706
34638
34928
33894
36246
34662
15968
16596
30910
24506
33178
25024
28730
27386
18652
24936
34692
22170
11884
22770
25934
12916
14966
11468
24206
14224
10844
9120
10000
19228
31230
20414
22734
34584
24788
33962
27148
27274
32656
28674
10548
7926
14558
34308
35286
24716
8222
28766
26062
18314
19664
23850
16626
108170
26056
10544
17558
18726
18350
30172
19944
22576
19250
16020
34622
15230
6406
9318
43774
34718
34802
34734
35134
35226
34674
34502
34232
34610
24984
29038
15400
8480
13698
14898
12696
5736
5456
5680
5890
27090
21596
28916
11638
11234
14026
14162
6802
10620
26580
12964
36420
31882
16870
19960
16860
10522
15132
12276
10412
9254
10904
13486
9940
12800
5662
6860
13354
11676
14672
9688
12356
7192
24116
15168
14506
15024
7106
22258
25052
15624
9862
14528
14940
28304
22944
27480
44536
34126
35386
24914
37286
7976
9316
14498
12780
12610
