Latencies
4940
4970
4974
5000
5006
5008
5018
5022
5022
5026
5026
5028
5034
5042
5042
5048
5050
5052
5052
5056
5058
5058
5062
5064
5066
5072
5076
5076
5078
5082
5084
5084
5086
5086
5086
5090
5090
5094
5100
5100
5100
5100
5102
5104
5104
5104
5104
5104
5106
5108
5108
5108
5110
5110
5112
5114
5116
5116
5116
5116
5118
5118
5120
5122
5122
5126
5128
5132
5134
5134
5134
5136
5136
5136
5136
5136
5136
5138
5138
5140
5140
5142
5142
5144
5148
5148
5148
5150
5150
5150
5150
5150
5152
5154
5156
5158
5158
5160
5160
5162
5162
5162
5166
5166
5166
5166
5166
5168
5170
5170
5170
5172
5174
5174
5174
5176
5176
5176
5176
5176
5176
5178
5180
5180
5180
5182
5182
5182
5184
5184
5184
5184
5184
5186
5188
5188
5188
5188
5188
5188
5190
5190
5190
5190
5190
5192
5192
5192
5192
5192
5192
5192
5196
5196
5196
5196
5196
5198
5198
5198
5198
5200
5200
5200
5200
5200
5200
5202
5202
5204
5204
5206
5206
5206
5208
5208
5208
5208
5210
5210
5212
5212
5212
5212
5216
5216
5216
5218
5218
5218
5218
5218
5220
5220
5220
5220
5220
5220
5220
5220
5220
5222
5222
5222
5222
5222
5224
5224
5226
5226
5226
5226
5228
5228
5228
5228
5228
5230
5230
5230
5230
5232
5232
5232
5232
5234
5234
5234
5234
5234
5236
5236
5236
5236
5236
5238
5238
5238
5238
5238
5238
5238
5238
5240
5240
5240
5240
5242
5242
5242
5244
5244
5244
5246
5246
5246
5248
5248
5250
5250
5250
5252
5252
5252
5252
5252
5254
5254
5254
5254
5254
5254
5254
5254
5254
5256
5256
5256
5258
5258
5258
5258
5258
5260
5262
5264
5264
5264
5264
5266
5266
5268
5268
5268
5270
5272
5272
5272
5272
5274
5274
5274
5274
5274
5274
5276
5276
5276
5276
5276
5278
5278
5278
5278
5278
5280
5280
5280
5282
5282
5282
5282
5284
5284
5284
5286
5286
5288
5290
5292
5292
5292
5294
5294
5294
5294
5296
5296
5296
5296
5298
5298
5300
5300
5300
5300
5300
5300
5300
5300
5302
5302
5304
5304
5306
5308
5308
5310
5312
5314
5314
5314
5314
5316
5316
5316
5316
5318
5320
5320
5322
5322
5324
5324
5324
5326
5326
5326
5326
5326
5326
5328
5328
5328
5330
5332
5332
5332
5332
5334
5334
5334
5336
5338
5338
5338
5338
5340
5340
5342
5342
5346
5348
5348
5350
5352
5354
5354
5356
5356
5356
5356
5358
5358
5358
5360
5364
5368
5368
5368
5370
5372
5372
5374
5374
5376
5378
5380
5380
5380
5380
5382
5384
5384
5384
5386
5388
5390
5392
5392
5392
5394
5394
5396
5396
5396
5396
5396
5398
5398
5398
5398
5398
5400
5402
5402
5402
5404
5404
5404
5406
5406
5408
5408
5408
5408
5410
5410
5410
5412
5414
5414
5416
5416
5416
5418
5418
5420
5420
5420
5422
5422
5422
5424
5424
5424
5426
5426
5428
5428
5430
5432
5434
5436
5438
5438
5442
5442
5442
5444
5444
5446
5446
5446
5448
5450
5454
5456
5460
5462
5462
5462
5464
5466
5468
5470
5470
5472
5474
5476
5476
5476
5478
5482
5482
5484
5484
5486
5488
5492
5494
5494
5494
5496
5502
5502
5502
5502
5506
5508
5510
5510
5512
5512
5516
5520
5520
5524
5526
5530
5532
5532
5534
5536
5536
5536
5538
5538
5542
5542
5542
5544
5544
5544
5546
5546
5546
5546
5548
5548
5550
5550
5554
5556
5556
5556
5556
5560
5560
5560
5562
5564
5564
5566
5566
5568
5572
5572
5574
5576
5576
5576
5578
5578
5580
5580
5584
5584
5584
5584
5586
5586
5590
5590
5594
5596
5598
5598
5600
5600
5602
5602
5604
5604
5606
5606
5606
5608
5608
5608
5610
5612
5616
5616
5616
5620
5622
5628
5628
5630
5630
5632
5634
5636
5638
5640
5642
5642
5644
5644
5646
5646
5648
5648
5650
5652
5654
5654
5656
5658
5660
5660
5660
5660
5664
5664
5664
5666
5666
5666
5666
5668
5670
5672
5678
5678
5678
5678
5680
5682
5684
5684
5684
5686
5688
5690
5690
5690
5692
5692
5692
5694
5696
5698
5700
5702
5708
5708
5708
5708
5710
5714
5714
5716
5718
5720
5720
5722
5722
5726
5726
5728
5732
5736
5736
5736
5738
5740
5742
5744
5748
5748
5750
5750
5750
5750
5758
5758
5760
5760
5760
5760
5760
5762
5764
5768
5772
5772
5772
5774
5774
5774
5776
5778
5780
5780
5780
5782
5782
5784
5786
5790
5792
5792
5792
5794
5794
5796
5798
5798
5800
5800
5804
5804
5806
5810
5810
5812
5816
5818
5822
5824
5826
5826
5826
5828
5828
5830
5834
5834
5838
5840
5840
5842
5844
5848
5854
5854
5856
5858
5858
5860
5866
5870
5870
5874
5874
5874
5876
5878
5880
5882
5888
5892
5892
5892
5892
5894
5896
5898
5898
5900
5900
5902
5906
5906
5908
5908
5908
5910
5912
5912
5912
5914
5918
5918
5922
5928
5932
5932
5932
5934
5936
5938
5942
5944
5944
5946
5946
5948
5950
5950
5950
5952
5954
5954
5956
5956
5966
5966
5966
5966
5968
5970
5972
5972
5976
5984
5986
5988
5992
5994
5994
5998
5998
5998
6002
6014
6014
6014
6016
6018
6020
6022
6024
6026
6030
6030
6034
6034
6036
6038
6042
6046
6048
6052
6054
6056
6060
6062
6066
6068
6074
6074
6076
6078
6080
6084
6092
6096
6098
6100
6102
6102
6106
6108
6112
6114
6116
6116
6120
6124
6132
6138
6140
6142
6160
6182
6190
6200
6202
6202
6212
6218
6218
6226
6234
6234
6238
6290
6298
6316
6324
6330
6334
6338
6340
6366
6368
6378
6392
6404
6428
6474
6514
6562
6568
6584
6596
6596
6600
6600
6646
6664
6670
6676
6682
6698
6718
6722
6744
6746
6818
6876
6910
6984
7372
7386
7584
8064
8132
8596
8632
8662
9298
10082
10610
12454
12758
13194
13768
13794
13876
14664
15100
15334
17906
18780
19320
19596
20156
20478
20498
21334
21550
21874
22038
22242
22652
22890
22954
24406
24920
25150
26896
28892
28944
36030
36316
37032
