Latencies
5128
5140
5152
5154
5158
5166
5166
5166
5168
5168
5174
5174
5174
5176
5176
5176
5176
5176
5178
5184
5184
5186
5188
5192
5194
5196
5196
5198
5198
5200
5202
5202
5202
5204
5206
5206
5208
5210
5212
5212
5214
5218
5220
5220
5220
5220
5222
5222
5222
5222
5222
5224
5226
5226
5228
5228
5228
5228
5230
5232
5234
5234
5236
5236
5238
5238
5240
5240
5242
5242
5244
5244
5244
5244
5246
5246
5248
5248
5250
5252
5252
5252
5254
5256
5256
5256
5258
5262
5262
5264
5266
5266
5266
5268
5268
5270
5272
5272
5272
5274
5274
5274
5276
5276
5276
5278
5278
5280
5280
5280
5280
5282
5284
5284
5284
5284
5286
5288
5290
5294
5294
5296
5296
5298
5298
5302
5302
5302
5302
5304
5304
5304
5306
5308
5308
5308
5308
5310
5310
5310
5312
5312
5312
5312
5314
5314
5314
5314
5314
5316
5316
5316
5318
5318
5320
5320
5320
5322
5322
5322
5324
5324
5324
5326
5326
5328
5328
5328
5330
5330
5330
5330
5332
5332
5334
5334
5334
5334
5334
5336
5336
5338
5338
5338
5338
5340
5340
5342
5342
5344
5344
5344
5344
5344
5344
5346
5346
5346
5348
5348
5348
5348
5350
5350
5350
5350
5350
5350
5350
5352
5352
5352
5354
5354
5354
5354
5354
5356
5356
5356
5356
5358
5358
5358
5358
5358
5358
5358
5360
5360
5360
5360
5360
5360
5362
5362
5362
5362
5366
5366
5366
5368
5368
5368
5368
5368
5368
5368
5370
5370
5370
5372
5372
5372
5372
5372
5374
5376
5376
5378
5378
5380
5380
5380
5382
5382
5382
5382
5382
5384
5384
5384
5386
5386
5386
5386
5386
5388
5388
5390
5390
5390
5394
5394
5394
5394
5394
5396
5396
5396
5398
5398
5398
5398
5400
5400
5400
5402
5402
5402
5402
5402
5404
5404
5404
5406
5406
5406
5406
5408
5410
5410
5410
5410
5412
5412
5414
5414
5416
5416
5416
5418
5418
5420
5420
5420
5422
5422
5424
5424
5424
5424
5424
5426
5426
5426
5426
5428
5428
5428
5430
5430
5430
5430
5430
5430
5432
5432
5434
5434
5436
5438
5438
5438
5440
5440
5440
5442
5442
5444
5444
5444
5446
5448
5448
5448
5450
5450
5450
5450
5450
5452
5452
5452
5452
5452
5454
5456
5456
5456
5456
5458
5458
5460
5462
5462
5462
5464
5464
5464
5464
5466
5466
5466
5466
5466
5466
5468
5468
5468
5470
5472
5472
5472
5472
5474
5474
5474
5476
5476
5476
5476
5476
5476
5476
5476
5476
5478
5480
5480
5480
5482
5482
5482
5484
5484
5484
5484
5484
5484
5488
5488
5490
5490
5490
5490
5490
5490
5490
5490
5492
5496
5498
5498
5498
5498
5498
5500
5500
5500
5500
5500
5500
5504
5506
5506
5506
5508
5508
5508
5510
5510
5510
5512
5514
5514
5514
5514
5514
5516
5520
5520
5522
5522
5524
5530
5530
5532
5532
5532
5532
5534
5534
5534
5534
5540
5540
5542
5544
5546
5546
5548
5550
5552
5552
5552
5552
5552
5554
5558
5560
5560
5560
5562
5562
5562
5562
5566
5566
5566
5566
5568
5568
5570
5572
5574
5574
5574
5576
5576
5576
5578
5578
5578
5584
5588
5588
5588
5592
5596
5596
5598
5598
5602
5602
5602
5604
5604
5604
5606
5608
5610
5610
5612
5612
5614
5616
5616
5616
5620
5622
5622
5622
5624
5626
5628
5634
5634
5636
5636
5636
5636
5636
5640
5646
5648
5648
5650
5650
5652
5652
5654
5654
5658
5658
5658
5660
5666
5668
5668
5670
5670
5672
5672
5672
5674
5674
5678
5680
5682
5684
5684
5686
5686
5688
5690
5692
5694
5702
5702
5704
5704
5706
5706
5708
5708
5710
5712
5714
5714
5716
5718
5720
5728
5728
5732
5732
5734
5736
5736
5738
5740
5740
5740
5742
5742
5746
5746
5746
5748
5752
5756
5756
5758
5758
5760
5762
5768
5770
5774
5778
5786
5788
5788
5790
5790
5790
5790
5792
5794
5794
5796
5798
5800
5802
5802
5804
5806
5808
5808
5818
5820
5822
5822
5828
5838
5842
5844
5844
5844
5846
5848
5852
5854
5856
5858
5862
5862
5864
5866
5868
5868
5870
5870
5872
5874
5876
5882
5884
5886
5886
5886
5890
5896
5902
5902
5902
5904
5904
5908
5910
5918
5920
5920
5922
5922
5922
5922
5922
5928
5930
5934
5936
5942
5942
5946
5946
5948
5948
5950
5952
5952
5954
5956
5960
5962
5968
5970
5974
5978
5982
5982
5984
5984
5986
5986
5990
5990
5996
5998
5998
6002
6002
6004
6006
6010
6016
6020
6026
6026
6026
6028
6028
6030
6032
6036
6038
6040
6042
6046
6046
6046
6046
6048
6050
6052
6066
6072
6076
6086
6088
6094
6098
6102
6108
6108
6108
6110
6110
6114
6114
6116
6120
6120
6128
6128
6136
6138
6138
6142
6142
6144
6148
6152
6154
6156
6160
6162
6164
6168
6170
6174
6188
6192
6196
6196
6200
6202
6204
6208
6218
6230
6232
6232
6236
6238
6254
6258
6262
6272
6274
6278
6286
6288
6292
6294
6294
6298
6298
6302
6310
6310
6322
6374
6380
6396
6400
6402
6434
6464
6464
6466
6480
6484
6514
6556
6558
6578
6578
6582
6594
6600
6622
6624
6628
6652
6678
6718
6724
6794
6802
6886
6956
7024
7100
7116
7174
7338
7382
7476
7542
7552
7582
7608
7724
7734
7810
9144
9230
9424
9468
9518
9524
9782
9824
10178
10200
10218
10336
10444
10538
10852
10960
11028
11126
11438
11490
11502
12126
12846
13082
13184
13358
13898
13972
14198
14202
14324
14344
14408
14486
14658
14800
14816
14838
15466
15604
15684
16442
16912
17434
17864
17956
18146
18174
18726
18728
19016
19154
19264
20080
20358
20984
21812
22416
22426
22788
22880
24114
24284
25066
25342
25440
25616
25896
26470
27834
27922
28722
29118
29522
32198
32832
33196
33410
34364
34966
35304
36182
36892
43216
43628
45200
10139836
