Latencies
5004
5102
5102
5104
5108
5108
5126
5138
5140
5148
5150
5152
5160
5162
5164
5166
5166
5170
5172
5178
5180
5182
5190
5192
5194
5196
5202
5204
5204
5206
5206
5206
5208
5210
5210
5212
5212
5214
5214
5214
5216
5218
5220
5220
5220
5222
5222
5222
5224
5224
5226
5226
5228
5228
5228
5230
5230
5230
5230
5236
5236
5236
5236
5238
5238
5240
5242
5242
5242
5242
5244
5244
5244
5244
5244
5244
5244
5246
5248
5248
5248
5248
5248
5250
5250
5252
5252
5254
5254
5256
5256
5258
5258
5258
5260
5260
5260
5262
5262
5264
5264
5264
5264
5264
5266
5266
5266
5268
5268
5268
5268
5270
5270
5270
5272
5272
5274
5276
5276
5278
5278
5278
5278
5278
5280
5280
5282
5282
5282
5284
5284
5284
5284
5284
5284
5286
5286
5286
5288
5290
5290
5290
5292
5292
5292
5294
5294
5294
5296
5296
5296
5296
5296
5298
5298
5298
5298
5300
5300
5302
5302
5306
5308
5310
5310
5310
5310
5310
5312
5312
5312
5312
5314
5314
5314
5314
5314
5314
5316
5316
5318
5318
5318
5318
5318
5320
5320
5320
5320
5322
5322
5324
5324
5326
5326
5326
5326
5326
5326
5326
5326
5326
5328
5328
5328
5330
5330
5332
5332
5334
5334
5334
5334
5336
5336
5336
5336
5338
5342
5342
5344
5344
5344
5344
5344
5344
5346
5346
5346
5346
5348
5348
5348
5348
5350
5350
5350
5352
5352
5352
5352
5352
5354
5354
5354
5354
5356
5358
5358
5358
5360
5360
5360
5360
5364
5364
5364
5364
5366
5366
5366
5368
5368
5368
5368
5368
5368
5370
5370
5370
5370
5370
5370
5370
5370
5370
5370
5370
5370
5370
5372
5372
5372
5372
5374
5374
5374
5374
5374
5374
5376
5376
5376
5376
5378
5378
5378
5380
5380
5380
5380
5380
5380
5382
5382
5382
5382
5382
5384
5384
5384
5384
5386
5386
5386
5386
5388
5388
5388
5390
5390
5390
5392
5392
5392
5394
5394
5396
5396
5396
5396
5396
5396
5398
5398
5400
5400
5400
5400
5400
5400
5400
5402
5402
5402
5404
5404
5404
5404
5404
5406
5406
5406
5408
5412
5412
5414
5414
5414
5416
5416
5418
5418
5418
5420
5420
5420
5420
5420
5424
5424
5424
5424
5426
5426
5426
5428
5428
5428
5428
5428
5430
5430
5430
5430
5430
5430
5432
5434
5434
5434
5436
5436
5436
5436
5436
5438
5440
5440
5440
5440
5442
5444
5444
5444
5446
5446
5446
5446
5448
5448
5450
5450
5450
5452
5454
5454
5454
5456
5456
5458
5460
5460
5462
5462
5464
5464
5466
5468
5472
5472
5474
5476
5476
5476
5478
5478
5480
5480
5480
5482
5482
5482
5482
5482
5482
5484
5486
5486
5486
5488
5490
5490
5490
5492
5494
5496
5496
5498
5500
5500
5502
5502
5504
5504
5506
5506
5506
5508
5508
5510
5510
5512
5514
5514
5514
5516
5516
5520
5520
5522
5522
5524
5524
5524
5524
5526
5528
5528
5532
5536
5536
5536
5536
5540
5540
5540
5544
5544
5546
5546
5546
5548
5550
5550
5550
5554
5554
5556
5556
5558
5560
5562
5562
5562
5562
5564
5564
5566
5568
5568
5570
5570
5570
5572
5574
5576
5576
5576
5578
5580
5580
5580
5582
5582
5582
5582
5588
5588
5588
5590
5590
5594
5594
5594
5594
5596
5598
5598
5598
5600
5600
5602
5602
5604
5606
5606
5608
5608
5608
5612
5614
5614
5614
5616
5618
5624
5626
5626
5626
5630
5632
5634
5636
5636
5642
5642
5642
5642
5642
5650
5652
5652
5654
5654
5654
5656
5656
5658
5658
5664
5664
5668
5668
5668
5670
5674
5676
5676
5678
5678
5678
5680
5682
5684
5684
5684
5684
5684
5686
5688
5696
5702
5702
5704
5704
5704
5704
5706
5706
5706
5706
5708
5710
5710
5710
5712
5712
5714
5714
5714
5722
5722
5722
5724
5724
5726
5726
5730
5730
5734
5736
5738
5738
5738
5742
5746
5748
5752
5752
5756
5756
5756
5760
5760
5760
5762
5762
5764
5764
5764
5766
5766
5766
5768
5772
5772
5772
5774
5774
5774
5774
5776
5776
5778
5778
5778
5784
5784
5784
5786
5786
5794
5794
5798
5802
5804
5806
5806
5808
5808
5808
5810
5812
5812
5814
5814
5816
5820
5822
5822
5822
5824
5824
5830
5830
5832
5834
5834
5834
5836
5836
5838
5838
5840
5842
5842
5844
5846
5846
5852
5858
5862
5862
5862
5864
5866
5866
5868
5868
5868
5870
5872
5874
5874
5874
5878
5878
5880
5882
5884
5886
5888
5892
5892
5894
5894
5896
5896
5896
5898
5900
5902
5902
5902
5904
5910
5910
5910
5916
5916
5916
5916
5918
5922
5922
5922
5924
5924
5928
5928
5930
5932
5936
5938
5942
5942
5944
5946
5950
5950
5954
5954
5958
5960
5964
5966
5968
5978
5980
5982
5982
5984
5984
5986
5988
5990
5990
5992
5996
5996
5998
5998
6000
6004
6006
6006
6006
6008
6012
6012
6016
6016
6020
6020
6024
6024
6026
6026
6028
6030
6032
6034
6034
6044
6050
6050
6054
6054
6056
6058
6060
6062
6066
6066
6068
6070
6072
6076
6078
6078
6080
6088
6090
6092
6092
6096
6104
6104
6104
6108
6108
6110
6112
6116
6120
6126
6132
6134
6134
6142
6148
6150
6150
6154
6156
6156
6160
6160
6160
6162
6166
6172
6174
6174
6174
6176
6184
6186
6190
6196
6204
6208
6208
6210
6220
6222
6226
6226
6232
6232
6232
6242
6252
6264
6268
6278
6284
6292
6296
6298
6302
6306
6308
6308
6316
6318
6318
6324
6326
6328
6334
6336
6340
6340
6348
6348
6376
6378
6378
6378
6384
6386
6388
6390
6392
6410
6412
6420
6464
6468
6488
6492
6498
6546
6552
6558
6560
6568
6600
6626
6736
6736
6748
6770
6850
6870
7012
7196
8064
8198
8754
9122
9402
9848
9986
10348
10404
11676
12566
13630
14494
15882
15968
16332
16590
16880
17944
18192
18256
18790
18938
19090
21200
21550
22452
22644
22660
23262
24108
24458
24470
24638
24796
25228
25322
25520
26238
26410
26838
28190
28234
31326
34164
35976
40760
41834
42312
43472
79762
