Latencies
5102
5102
5110
5110
5118
5126
5134
5134
5138
5140
5144
5146
5148
5148
5156
5158
5162
5162
5164
5164
5164
5166
5166
5170
5170
5172
5172
5174
5174
5176
5176
5178
5180
5182
5184
5186
5186
5186
5188
5190
5190
5192
5192
5200
5200
5202
5202
5202
5204
5204
5204
5204
5206
5206
5206
5208
5208
5210
5210
5210
5212
5214
5214
5214
5214
5214
5216
5218
5222
5222
5226
5226
5226
5228
5228
5230
5232
5234
5234
5234
5236
5236
5238
5238
5238
5240
5240
5242
5242
5242
5242
5242
5242
5242
5242
5244
5244
5244
5246
5246
5246
5246
5248
5248
5250
5250
5250
5252
5252
5252
5252
5252
5252
5252
5254
5254
5254
5254
5254
5256
5256
5256
5258
5258
5258
5258
5258
5258
5260
5260
5260
5260
5260
5260
5262
5262
5264
5264
5266
5266
5266
5268
5268
5270
5270
5272
5272
5272
5272
5272
5272
5272
5274
5274
5274
5276
5276
5276
5276
5278
5278
5278
5278
5278
5280
5280
5282
5282
5282
5284
5284
5284
5284
5284
5286
5286
5286
5286
5286
5286
5286
5286
5288
5288
5288
5292
5292
5292
5294
5294
5294
5294
5296
5296
5296
5296
5296
5298
5298
5298
5298
5298
5298
5300
5300
5300
5302
5302
5304
5304
5304
5304
5306
5306
5308
5308
5308
5308
5308
5308
5310
5310
5310
5310
5310
5310
5310
5310
5312
5312
5312
5312
5314
5314
5314
5314
5314
5314
5314
5314
5316
5316
5318
5318
5318
5320
5320
5320
5320
5322
5322
5322
5322
5322
5322
5322
5322
5324
5324
5324
5324
5324
5326
5326
5326
5328
5328
5328
5328
5328
5330
5330
5330
5334
5334
5334
5336
5338
5338
5340
5340
5342
5342
5342
5342
5344
5344
5344
5346
5348
5348
5348
5350
5350
5350
5350
5352
5352
5352
5352
5352
5354
5354
5354
5354
5356
5356
5356
5356
5356
5358
5358
5360
5360
5362
5362
5362
5364
5364
5364
5364
5366
5366
5368
5368
5370
5370
5370
5370
5370
5372
5372
5372
5374
5374
5374
5374
5374
5374
5374
5376
5376
5376
5376
5378
5378
5380
5380
5380
5380
5382
5382
5384
5384
5386
5386
5386
5386
5386
5388
5390
5390
5390
5390
5390
5394
5394
5394
5394
5396
5396
5396
5396
5398
5398
5400
5400
5400
5402
5402
5402
5402
5404
5404
5404
5406
5408
5408
5408
5410
5410
5410
5410
5410
5412
5412
5414
5416
5416
5416
5418
5418
5420
5420
5420
5422
5422
5422
5424
5424
5426
5426
5426
5426
5428
5428
5430
5432
5432
5432
5434
5436
5436
5436
5436
5440
5442
5442
5446
5446
5446
5446
5448
5450
5450
5450
5450
5450
5450
5450
5452
5452
5456
5458
5458
5458
5460
5462
5466
5466
5466
5468
5468
5470
5470
5470
5470
5472
5472
5472
5474
5474
5474
5476
5478
5482
5484
5486
5486
5486
5488
5488
5488
5488
5490
5490
5492
5492
5494
5494
5500
5500
5500
5500
5502
5502
5502
5502
5504
5504
5506
5508
5508
5510
5510
5510
5510
5510
5512
5514
5514
5516
5516
5518
5518
5518
5518
5520
5520
5528
5528
5530
5532
5532
5534
5534
5536
5538
5538
5540
5542
5542
5544
5544
5544
5546
5548
5548
5552
5554
5556
5558
5562
5562
5566
5566
5572
5576
5576
5576
5576
5576
5578
5578
5580
5580
5580
5582
5582
5588
5588
5592
5592
5594
5596
5596
5596
5598
5598
5598
5600
5602
5604
5604
5606
5606
5606
5606
5608
5610
5610
5610
5610
5610
5610
5612
5616
5616
5618
5618
5618
5620
5620
5622
5622
5624
5624
5626
5626
5628
5630
5632
5634
5636
5636
5638
5642
5642
5646
5650
5654
5656
5658
5660
5660
5660
5664
5664
5666
5670
5670
5672
5672
5672
5674
5676
5676
5678
5678
5678
5682
5682
5682
5684
5686
5690
5694
5696
5698
5698
5700
5702
5702
5704
5704
5706
5706
5706
5706
5708
5708
5710
5710
5712
5712
5714
5716
5722
5724
5726
5728
5730
5732
5732
5732
5734
5738
5740
5740
5740
5744
5744
5748
5750
5750
5752
5752
5760
5760
5762
5762
5764
5764
5764
5766
5768
5770
5772
5774
5774
5776
5778
5778
5778
5780
5782
5784
5786
5786
5788
5790
5790
5794
5796
5798
5798
5800
5800
5804
5806
5808
5810
5810
5812
5814
5816
5820
5822
5822
5826
5828
5830
5832
5832
5832
5836
5840
5840
5840
5842
5844
5844
5846
5848
5850
5852
5852
5856
5856
5858
5858
5858
5858
5860
5862
5866
5870
5870
5870
5878
5878
5878
5880
5888
5892
5892
5894
5896
5896
5900
5900
5902
5904
5906
5906
5908
5912
5914
5922
5922
5926
5926
5928
5930
5934
5934
5940
5942
5944
5944
5946
5946
5948
5950
5954
5954
5956
5956
5958
5968
5968
5972
5972
5972
5974
5974
5974
5978
5980
5980
5986
5986
5988
5992
5992
5994
5994
5998
5998
6000
6002
6002
6006
6012
6012
6016
6018
6020
6024
6024
6028
6032
6036
6044
6048
6050
6052
6056
6060
6066
6068
6090
6090
6094
6102
6112
6114
6126
6128
6136
6138
6142
6144
6146
6150
6152
6156
6160
6162
6170
6172
6174
6178
6188
6196
6196
6198
6208
6220
6224
6232
6232
6234
6246
6252
6260
6264
6276
6286
6286
6296
6300
6302
6306
6312
6316
6326
6340
6344
6346
6348
6350
6354
6364
6366
6380
6398
6400
6402
6404
6416
6430
6430
6434
6434
6438
6450
6456
6488
6512
6514
6540
6542
6578
6658
6666
6680
6686
6718
6754
6758
6778
6792
6810
6812
6908
6926
6956
6964
6964
7030
7074
7160
7166
7184
7216
7248
7254
7302
7306
7348
7374
7378
7416
7420
7478
7480
7480
7482
7584
7608
7642
7718
7736
7798
7818
7866
7914
8018
8194
8316
8384
8540
9152
9174
9256
9700
9748
9776
9800
10076
10912
11580
12748
14648
16068
16216
16526
18520
19524
19582
20378
21196
21234
21286
21678
23294
25018
25282
26876
28130
31344
