Latencies
5182
5204
5232
5234
5242
5260
5262
5274
5276
5276
5276
5278
5280
5284
5284
5290
5294
5296
5298
5300
5300
5300
5300
5302
5304
5310
5310
5312
5316
5316
5318
5322
5322
5322
5322
5324
5326
5326
5328
5328
5330
5330
5330
5330
5332
5332
5332
5336
5338
5342
5344
5344
5344
5344
5344
5346
5348
5348
5348
5348
5350
5350
5350
5350
5352
5352
5352
5352
5354
5354
5356
5356
5356
5356
5356
5358
5358
5358
5360
5360
5362
5362
5362
5362
5364
5366
5366
5366
5366
5366
5368
5368
5368
5368
5368
5368
5370
5370
5372
5374
5374
5374
5376
5376
5376
5376
5376
5376
5378
5378
5378
5380
5380
5380
5380
5382
5382
5382
5384
5384
5386
5386
5386
5386
5388
5388
5390
5390
5390
5390
5392
5392
5394
5394
5394
5394
5396
5396
5396
5396
5398
5398
5398
5398
5398
5398
5400
5400
5400
5402
5402
5402
5404
5404
5404
5404
5406
5406
5406
5406
5406
5408
5408
5408
5410
5410
5410
5410
5412
5412
5414
5414
5414
5416
5416
5416
5416
5416
5416
5416
5416
5418
5418
5420
5420
5420
5420
5422
5422
5422
5422
5424
5424
5424
5424
5424
5424
5426
5426
5428
5428
5428
5428
5430
5430
5432
5432
5432
5434
5436
5436
5436
5436
5436
5436
5436
5438
5438
5438
5438
5438
5438
5440
5440
5442
5442
5444
5446
5446
5446
5446
5448
5448
5448
5450
5450
5450
5450
5452
5452
5452
5454
5454
5454
5456
5458
5458
5458
5458
5460
5462
5462
5464
5464
5466
5466
5466
5468
5468
5470
5470
5472
5474
5474
5474
5474
5476
5476
5476
5476
5476
5478
5478
5484
5484
5484
5486
5486
5486
5488
5490
5490
5492
5492
5492
5494
5494
5496
5498
5498
5500
5500
5500
5500
5502
5502
5502
5502
5502
5504
5504
5504
5504
5506
5506
5506
5506
5508
5508
5508
5508
5508
5512
5514
5514
5514
5516
5516
5516
5518
5518
5520
5520
5520
5520
5522
5524
5528
5528
5528
5528
5528
5528
5530
5532
5532
5532
5534
5534
5534
5534
5536
5536
5538
5538
5540
5540
5542
5542
5542
5542
5544
5546
5548
5550
5550
5554
5554
5558
5560
5562
5562
5562
5566
5566
5566
5568
5568
5568
5570
5570
5572
5574
5574
5574
5576
5576
5576
5578
5578
5580
5582
5582
5582
5588
5588
5590
5590
5592
5592
5594
5594
5596
5596
5596
5596
5598
5600
5600
5600
5602
5604
5606
5608
5610
5610
5612
5612
5612
5612
5614
5614
5614
5616
5616
5618
5618
5620
5620
5620
5622
5626
5626
5626
5628
5628
5634
5636
5636
5638
5638
5640
5640
5642
5642
5644
5646
5646
5646
5650
5650
5650
5652
5652
5654
5656
5656
5660
5660
5660
5660
5664
5668
5668
5668
5668
5670
5670
5672
5672
5672
5676
5676
5678
5680
5680
5680
5682
5684
5686
5690
5690
5690
5690
5690
5692
5694
5696
5698
5700
5702
5702
5702
5704
5706
5708
5708
5708
5710
5714
5716
5716
5718
5720
5720
5722
5724
5726
5726
5726
5736
5738
5740
5742
5744
5748
5748
5750
5752
5752
5754
5758
5758
5760
5760
5764
5764
5764
5766
5766
5766
5768
5770
5770
5772
5774
5774
5774
5776
5778
5778
5780
5782
5782
5784
5784
5786
5786
5788
5788
5794
5796
5800
5802
5804
5804
5804
5808
5808
5808
5810
5810
5812
5812
5814
5814
5818
5818
5820
5820
5820
5822
5822
5824
5824
5826
5826
5828
5828
5828
5830
5834
5834
5834
5836
5838
5838
5838
5840
5840
5842
5842
5842
5842
5844
5844
5844
5846
5848
5848
5850
5850
5852
5852
5854
5858
5858
5862
5864
5864
5864
5864
5866
5868
5868
5870
5870
5872
5872
5872
5872
5872
5874
5874
5874
5874
5876
5876
5878
5878
5880
5882
5882
5884
5886
5886
5886
5888
5890
5892
5892
5892
5894
5894
5894
5900
5900
5900
5900
5900
5902
5906
5906
5906
5908
5912
5912
5912
5916
5918
5918
5918
5918
5920
5920
5924
5924
5926
5926
5928
5930
5930
5934
5934
5936
5938
5938
5938
5938
5938
5940
5942
5942
5946
5946
5948
5948
5950
5950
5950
5950
5950
5952
5954
5954
5958
5958
5958
5960
5962
5968
5970
5972
5974
5974
5974
5976
5978
5978
5982
5984
5988
5990
5994
6000
6002
6002
6002
6006
6006
6012
6014
6016
6024
6026
6026
6030
6030
6030
6032
6032
6040
6040
6040
6044
6044
6044
6046
6046
6048
6050
6050
6052
6052
6052
6058
6060
6060
6060
6060
6066
6068
6068
6068
6070
6072
6072
6072
6074
6078
6084
6086
6086
6086
6088
6094
6094
6098
6098
6108
6114
6114
6114
6114
6118
6120
6122
6122
6122
6124
6126
6126
6132
6136
6142
6146
6146
6146
6146
6150
6150
6152
6158
6162
6162
6166
6170
6170
6174
6180
6182
6184
6192
6194
6194
6198
6200
6202
6206
6210
6212
6222
6238
6240
6242
6244
6248
6250
6252
6264
6268
6268
6274
6274
6280
6280
6286
6286
6288
6290
6294
6302
6302
6322
6324
6326
6326
6326
6344
6346
6372
6376
6388
6400
6400
6402
6408
6418
6426
6432
6458
6460
6460
6464
6466
6466
6466
6474
6508
6526
6528
6538
6554
6570
6574
6582
6584
6608
6636
6648
6716
6736
6748
6772
6802
6818
6874
6894
6906
6954
6998
7044
7058
7106
7164
7186
7230
7450
7580
7658
7662
7666
7740
7748
7868
7892
8302
8550
8738
9256
9988
10012
10352
10638
14704
14888
15262
15424
15712
17550
17678
18080
18892
20232
20614
21210
22284
23102
23284
24250
24704
25584
26476
26518
26746
27116
28890
33220
35392
36766
37352
53750
