Latencies
5156
5204
5212
5238
5240
5246
5246
5248
5248
5250
5252
5258
5260
5264
5266
5266
5266
5268
5268
5272
5272
5278
5278
5280
5280
5282
5284
5288
5288
5288
5288
5288
5290
5290
5296
5296
5296
5298
5298
5300
5300
5302
5304
5304
5304
5306
5306
5308
5310
5312
5314
5314
5316
5316
5316
5320
5320
5320
5322
5322
5324
5326
5326
5326
5328
5328
5328
5328
5328
5330
5330
5330
5330
5330
5330
5332
5332
5332
5332
5334
5334
5334
5334
5334
5338
5340
5340
5342
5342
5342
5342
5342
5344
5344
5344
5344
5346
5348
5348
5348
5348
5348
5350
5350
5354
5354
5354
5354
5356
5356
5356
5356
5358
5358
5358
5358
5358
5358
5360
5360
5360
5360
5362
5362
5362
5362
5362
5362
5364
5364
5366
5366
5366
5368
5368
5368
5368
5368
5370
5370
5370
5372
5372
5372
5372
5374
5374
5374
5374
5376
5376
5376
5378
5378
5378
5378
5380
5382
5382
5382
5382
5382
5384
5384
5384
5384
5384
5384
5384
5386
5386
5386
5386
5386
5386
5386
5388
5388
5388
5388
5388
5390
5392
5392
5392
5394
5394
5394
5394
5394
5396
5396
5396
5396
5396
5396
5396
5396
5396
5398
5398
5398
5398
5398
5400
5400
5400
5400
5402
5402
5402
5404
5404
5404
5404
5408
5408
5408
5408
5408
5408
5408
5408
5408
5408
5408
5410
5412
5412
5412
5414
5414
5416
5416
5416
5416
5418
5418
5418
5418
5418
5418
5418
5418
5420
5420
5420
5420
5420
5420
5420
5422
5422
5422
5422
5424
5424
5424
5424
5424
5424
5424
5424
5426
5426
5426
5426
5426
5426
5426
5428
5428
5428
5428
5428
5430
5430
5432
5432
5432
5432
5434
5434
5434
5436
5436
5436
5436
5436
5436
5438
5438
5438
5438
5438
5440
5440
5442
5442
5442
5442
5444
5444
5444
5446
5446
5446
5446
5446
5446
5448
5448
5448
5450
5450
5450
5452
5452
5452
5452
5454
5454
5454
5456
5456
5458
5458
5458
5458
5458
5458
5458
5460
5460
5460
5460
5460
5462
5462
5462
5462
5462
5462
5462
5462
5464
5464
5464
5464
5466
5468
5468
5468
5468
5468
5470
5470
5470
5470
5472
5472
5472
5472
5474
5474
5474
5476
5478
5480
5482
5482
5484
5484
5486
5488
5488
5490
5490
5492
5492
5492
5492
5494
5494
5494
5498
5498
5500
5500
5500
5500
5502
5502
5502
5502
5502
5502
5504
5504
5504
5504
5506
5508
5508
5508
5508
5508
5510
5510
5510
5512
5512
5516
5516
5518
5518
5518
5520
5520
5520
5520
5522
5522
5524
5524
5526
5526
5526
5526
5532
5532
5532
5532
5532
5534
5534
5536
5536
5536
5536
5538
5538
5538
5538
5538
5538
5538
5538
5542
5542
5544
5544
5546
5548
5548
5550
5550
5552
5552
5552
5552
5554
5554
5554
5554
5554
5554
5556
5556
5558
5558
5560
5562
5564
5564
5566
5568
5568
5570
5570
5572
5572
5574
5574
5576
5576
5576
5576
5576
5578
5578
5580
5582
5582
5584
5586
5586
5588
5588
5590
5590
5594
5594
5594
5594
5594
5596
5596
5596
5596
5598
5598
5598
5598
5600
5600
5600
5602
5602
5602
5604
5606
5608
5610
5610
5610
5614
5614
5614
5614
5616
5616
5620
5622
5624
5624
5624
5626
5626
5626
5626
5628
5628
5628
5630
5632
5632
5632
5634
5636
5640
5640
5640
5644
5644
5646
5646
5648
5648
5650
5650
5650
5652
5654
5654
5654
5662
5662
5662
5662
5662
5664
5664
5670
5670
5672
5674
5674
5676
5680
5682
5682
5684
5684
5684
5686
5690
5692
5692
5692
5692
5696
5696
5696
5698
5700
5700
5700
5700
5702
5704
5704
5704
5706
5706
5708
5708
5710
5712
5716
5716
5718
5718
5722
5724
5726
5726
5726
5728
5728
5730
5732
5732
5738
5738
5740
5742
5744
5744
5754
5754
5756
5756
5758
5762
5764
5766
5766
5768
5774
5774
5778
5782
5782
5786
5786
5788
5788
5788
5792
5794
5796
5796
5796
5796
5796
5798
5798
5798
5798
5798
5806
5808
5808
5810
5810
5816
5816
5826
5826
5826
5828
5828
5828
5828
5832
5834
5836
5836
5838
5838
5840
5840
5840
5840
5842
5844
5844
5858
5858
5858
5858
5862
5862
5866
5870
5874
5874
5876
5876
5878
5880
5882
5882
5884
5886
5886
5886
5890
5890
5892
5892
5896
5900
5900
5900
5904
5904
5908
5908
5912
5916
5916
5922
5924
5926
5928
5928
5928
5930
5932
5934
5936
5936
5938
5938
5940
5942
5944
5948
5948
5950
5950
5952
5958
5960
5962
5968
5968
5972
5976
5978
5982
5982
5982
5990
5992
5994
5994
5994
5994
6006
6010
6010
6010
6012
6012
6014
6018
6020
6030
6034
6036
6036
6038
6042
6042
6042
6044
6046
6058
6066
6076
6078
6082
6084
6084
6086
6090
6092
6094
6094
6096
6096
6100
6100
6100
6104
6110
6114
6116
6116
6116
6118
6118
6120
6120
6120
6124
6126
6126
6132
6138
6142
6142
6146
6146
6146
6148
6148
6158
6160
6168
6174
6176
6176
6186
6188
6188
6192
6194
6198
6200
6220
6220
6220
6226
6234
6238
6242
6244
6246
6250
6266
6268
6268
6276
6276
6288
6310
6312
6316
6316
6316
6326
6330
6330
6340
6350
6352
6356
6358
6366
6376
6386
6386
6388
6404
6412
6420
6424
6428
6442
6452
6472
6482
6492
6494
6516
6518
6518
6522
6528
6540
6554
6560
6566
6576
6586
6586
6598
6600
6608
6620
6628
6628
6630
6632
6640
6654
6660
6662
6668
6682
6682
6684
6686
6686
6694
6708
6714
6758
6764
6768
6770
6772
6790
6802
6866
6890
6908
6948
6956
6992
7008
7056
7086
7110
7172
7178
7188
7202
7208
7234
7242
7304
7350
7350
7356
7370
7372
7410
7438
7444
7462
7488
7552
7556
7574
7602
7678
7832
7888
7910
8084
8106
8164
8174
8782
9046
9186
9342
9658
10380
10646
11130
11178
11688
12376
14286
14708
15772
16480
16730
18288
18418
18944
20520
21600
22836
24490
24630
24648
24772
25392
25700
26788
29340
31622
31830
32780
34408
35500
35754
36018
36240
37962
40462
43614
90870
