Latencies
5274
5300
5324
5324
5328
5338
5350
5358
5358
5368
5402
5406
5410
5414
5424
5436
5436
5442
5468
5476
5482
5508
5508
5518
5542
5542
5542
5580
5586
5610
5628
5674
5684
5694
5708
5738
5744
5776
5784
5810
5828
5854
5894
5932
5948
5950
5956
6010
6016
6032
6040
6092
6096
6110
6138
6142
6144
6150
6154
6160
6176
6180
6192
6228
6260
6278
6284
6338
6368
6394
6396
6402
6406
6412
6438
6476
6478
6526
6556
6576
6588
6602
6604
6670
6678
6690
6708
6766
6798
6814
6884
6922
6928
6966
6996
7012
7088
7112
7338
7360
7434
7440
7482
7488
7506
7594
7640
7706
7812
7824
7864
7876
7882
7896
7914
7918
7932
7940
7940
7964
8026
8106
8132
8132
8182
8248
8284
8316
8318
8338
8370
8418
8458
8514
8534
8562
8594
8612
8670
8744
8762
8774
8806
8814
8820
8852
8958
8962
8978
8998
9012
9014
9074
9108
9138
9192
9262
9296
9310
9342
9350
9366
9376
9430
9434
9494
9514
9536
9564
9602
9612
9618
9618
9624
9642
9742
9770
9818
9840
9888
9918
9940
9948
9964
9992
10002
10022
10062
10080
10206
10372
10386
10400
10422
10438
10444
10446
10540
10564
10572
10576
10610
10618
10626
10672
10678
10796
10798
10802
10820
10842
10854
10866
10876
10918
10952
10954
10994
11008
11032
11096
11102
11102
11108
11126
11158
11272
11304
11356
11402
11406
11444
11474
11510
11536
11560
11624
11654
11702
11784
11808
11944
11986
12028
12032
12046
12064
12148
12196
12222
12226
12238
12324
12328
12374
12388
12394
12406
12450
12566
12600
12678
12692
12718
12824
12870
12876
12904
12938
12938
12980
13034
13034
13044
13052
13058
13114
13126
13148
13172
13202
13206
13212
13268
13320
13332
13348
13414
13462
13476
13492
13522
13526
13556
13568
13578
13610
13732
13786
13788
13816
13854
13892
13892
13900
13904
13930
13930
13958
13964
13968
13978
14030
14046
14054
14096
14096
14178
14188
14280
14292
14322
14330
14330
14348
14374
14394
14396
14406
14422
14438
14452
14500
14502
14504
14510
14530
14546
14550
14560
14576
14580
14606
14612
14620
14620
14634
14634
14656
14668
14684
14694
14700
14706
14708
14720
14724
14730
14748
14750
14760
14772
14774
14774
14780
14784
14798
14804
14804
14808
14808
14808
14814
14842
14842
14848
14854
14872
14878
14882
14884
14886
14904
14906
14914
14918
14918
14930
14932
14934
14936
14940
14954
14966
14968
14972
14974
14974
14976
14982
14990
14994
15010
15014
15020
15022
15030
15032
15036
15048
15064
15066
15070
15076
15092
15092
15094
15096
15096
15124
15132
15132
15136
15138
15140
15150
15152
15160
15168
15174
15176
15180
15182
15182
15182
15188
15190
15192
15196
15198
15202
15202
15206
15208
15208
15208
15220
15224
15236
15236
15236
15238
15240
15240
15244
15246
15284
15284
15290
15300
15302
15314
15314
15314
15322
15324
15346
15350
15358
15362
15362
15362
15366
15372
15372
15386
15398
15410
15412
15444
15454
15460
15476
15488
15512
15570
15586
15588
15610
15624
15644
15654
15658
15676
15680
15692
15696
15724
15752
15776
15784
15808
15866
15884
15924
15940
15946
15958
16124
16134
16140
16186
16218
16284
16298
16426
16526
16696
16712
16736
16758
16804
16904
16938
16984
17206
17330
17376
17378
17448
17654
17682
17878
18136
18272
18308
18344
18494
18570
18642
18722
18784
18820
18934
18964
19004
19070
19200
19236
19270
19396
19524
19532
19598
19726
19750
19886
19894
20024
20078
20136
20188
20296
20590
20690
20746
20810
20844
20934
20982
21064
21110
21120
21224
21312
21350
21404
21406
21444
21540
21648
21672
21806
21940
22008
22048
22088
22158
22216
22230
22242
22248
22420
22492
22500
22508
22540
22720
22764
22802
22806
22890
22974
22986
23004
23116
23148
23162
23188
23210
23290
23334
23420
23452
23510
23528
23608
23632
23864
23930
23930
23968
24066
24158
24170
24172
24254
24288
24294
24326
24330
24330
24344
24444
24446
24454
24472
24500
24522
24536
24602
24618
24624
24650
24668
24696
24698
24746
24768
24808
24828
24846
24848
24856
24910
24920
24936
24998
24998
25020
25028
25044
25052
25054
25078
25080
25112
25136
25154
25168
25174
25176
25190
25222
25234
25288
25324
25384
25400
25410
25412
25426
25428
25488
25502
25538
25568
25720
25772
25832
25938
26002
26096
26154
26158
26166
26240
26284
26302
26380
26400
26448
26458
26464
26576
26586
26602
26662
26756
26786
26786
26826
26908
27012
27022
27028
27032
27086
27138
27148
27148
27258
27330
27334
27384
27468
27494
27548
27646
27818
27836
27836
27854
27918
27936
27940
27942
28024
28190
28196
28198
28202
28260
28272
28316
28330
28354
28358
28488
28722
28726
28734
28888
28944
28962
29000
29106
29290
29298
29392
29458
29558
29578
29744
29772
29782
29840
29894
29964
29972
30028
30148
30240
30466
30554
30668
30678
30750
30836
30840
30856
31026
31036
31096
31110
31126
31128
31144
31200
31352
31362
31544
31688
31710
31896
32018
32050
32088
32124
32284
32294
32296
32316
32390
32494
32498
32698
32708
32868
32910
33076
33138
33218
33232
33240
33320
33332
33402
33474
33506
33512
33564
33582
33608
33660
33668
33702
33712
33742
33788
33796
33800
33874
33914
33924
33948
34016
34086
34088
34100
34102
34156
34158
34182
34250
34252
34258
34264
34268
34354
34362
34366
34376
34384
34398
34420
34422
34424
34426
34436
34438
34442
34466
34472
34496
34516
34516
34522
34528
34528
34534
34544
34566
34566
34572
34586
34586
34590
34596
34604
34606
34608
34620
34628
34630
34632
34638
34646
34646
34652
34688
34698
34698
34706
34736
34746
34756
34758
34764
34764
34808
34812
34822
34844
34856
34858
34860
34862
34864
34870
34896
34930
34940
34952
34958
34972
34984
34994
35044
35078
35084
35224
35248
35280
35302
35318
35334
35368
35558
35692
36862
37630
39276
40880
42788
42876
43958
44272
44472
44606
44760
44832
46064
50214
52476
53242
53684
57438
59818
61110
69118
69408
116922
127116
208596
311564
429356
468634
956306
8200180
