Latencies
5270
5286
5294
5298
5314
5328
5344
5362
5366
5368
5384
5410
5466
5472
5478
5482
5514
5608
5646
5712
5714
5728
5736
5768
5776
5790
5802
5866
5900
5906
5940
5940
5944
5960
5966
6064
6156
6286
6306
6334
6346
6424
6456
6472
6484
6528
6536
6664
6680
6694
6780
6838
7000
7036
7042
7078
7150
7152
7186
7276
7390
7428
7460
7504
7514
7624
7634
7704
7758
7764
7776
7876
7910
7966
8044
8118
8236
8364
8390
8406
8470
8702
8716
8780
8822
8946
8980
9022
9026
9036
9078
9138
9250
9270
9458
9614
9696
9774
9796
9886
9896
9954
9972
10024
10224
10248
10274
10344
10350
10372
10374
10384
10452
10512
10700
10766
10780
10792
10818
10826
10834
10852
10872
10906
10920
10946
10948
11186
11212
11274
11306
11344
11374
11408
11458
11476
11610
11640
11656
11738
11738
11748
11768
11792
11908
11970
12164
12256
12268
12282
12494
12692
12694
12756
12792
12794
12842
12864
12866
13002
13044
13150
13160
13170
13212
13262
13276
13286
13296
13302
13356
13366
13524
13570
13612
13714
13732
13838
13848
13854
13866
13890
13916
14062
14068
14104
14132
14148
14164
14188
14200
14212
14212
14294
14332
14342
14376
14396
14398
14414
14434
14452
14462
14516
14536
14552
14568
14582
14584
14592
14610
14630
14662
14670
14678
14684
14688
14708
14726
14728
14732
14740
14746
14748
14754
14758
14770
14786
14792
14798
14800
14810
14818
14826
14828
14834
14846
14854
14896
14908
14908
14916
14918
14920
14926
14932
14948
14956
14958
14972
14982
14990
15000
15010
15012
15022
15028
15044
15048
15050
15050
15054
15072
15086
15086
15092
15114
15114
15122
15124
15134
15158
15160
15162
15164
15168
15174
15182
15188
15216
15220
15232
15252
15252
15262
15276
15284
15286
15292
15296
15306
15314
15328
15330
15332
15344
15348
15354
15356
15366
15372
15378
15394
15400
15402
15408
15412
15422
15452
15456
15474
15482
15494
15508
15532
15564
15572
15612
15642
15660
15698
15720
15770
15782
15822
15908
15914
15970
15978
15980
16074
16074
16098
16138
16146
16152
16210
16244
16274
16282
16282
16302
16410
16484
16534
16546
16588
16720
16758
16764
16804
16994
17012
17172
17242
17286
17470
17510
17668
17718
17798
17894
17924
17964
18000
18012
18158
18160
18168
18338
18352
18396
18428
18526
18568
18598
18674
18734
18794
18798
18802
18818
18976
18990
18992
19094
19120
19124
19126
19390
19418
19450
19560
19650
19660
19678
19772
19848
19938
19950
20180
20232
20244
20332
20558
20574
20604
20614
20746
20942
20964
20970
21150
21160
21262
21280
21346
21450
21498
21502
21510
21608
21720
21878
22004
22134
22158
22228
22250
22310
22364
22452
22596
22680
22798
22866
22978
23036
23082
23096
23124
23126
23198
23222
23244
23358
23414
23418
23516
23554
23610
23686
23692
23696
23764
23782
23864
23882
23884
23908
23940
23944
23960
23994
24100
24126
24192
24204
24208
24216
24250
24288
24294
24334
24344
24434
24462
24470
24476
24500
24520
24524
24530
24534
24548
24560
24580
24580
24584
24600
24628
24650
24668
24694
24698
24714
24720
24754
24770
24796
24802
24858
24874
24948
24964
24984
25050
25068
25072
25090
25110
25136
25206
25222
25232
25234
25286
25290
25308
25312
25350
25364
25368
25376
25404
25404
25478
25526
25536
25550
25564
25566
25580
25584
25604
25604
25614
25706
25870
26170
26174
26218
26268
26284
26352
26530
26542
26704
26822
26962
27100
27144
27180
27342
27456
27566
27574
27766
27862
28100
28206
28262
28326
28334
28418
28470
28484
28566
28808
29160
29176
29268
29324
29570
29808
29960
30028
30096
30100
30292
30350
30372
30430
30468
30550
30706
30708
30712
30804
30888
30992
31004
31072
31514
31528
31560
31642
31802
31840
31988
32004
32040
32126
32234
32280
32326
32330
32442
32654
32926
33012
33192
33198
33374
33374
33488
33496
33520
33642
33660
33664
33800
33860
33906
33920
33956
33960
33992
34004
34050
34110
34110
34124
34144
34146
34160
34162
34176
34196
34220
34232
34240
34246
34296
34310
34336
34358
34378
34380
34388
34392
34406
34416
34428
34446
34484
34492
34502
34538
34598
34600
34612
34626
34640
34644
34646
34682
34688
34704
34710
34740
34782
34804
34806
34812
34900
34920
34998
35032
35082
35118
35150
35150
35150
35160
35174
35214
35234
35252
35276
35280
35292
35332
35414
35476
35498
35506
35518
35538
35584
35590
35884
35908
35946
35978
35984
36016
36086
36112
36120
36134
36272
36404
36788
36850
36894
36962
37150
37476
37826
37840
38028
38288
38408
38686
38824
38898
38914
38952
38996
39070
39148
39242
39370
39480
39994
39994
40078
40594
40672
40886
40966
41482
41700
41772
41840
41940
42070
42726
42984
43026
43488
43634
43660
43686
43780
43796
44086
44110
44116
44118
44242
44298
44300
44354
44416
44422
44454
44534
44552
44612
44670
44716
44732
44750
44780
44924
44966
44994
45206
45272
45774
45816
45928
46152
46418
46436
46852
47074
48006
48914
48966
49242
49258
49772
49926
50242
50350
51152
51552
52026
52084
52134
52270
52302
52368
52492
52616
52696
52834
52996
53008
53016
53380
53402
53562
53586
53588
53598
53634
53642
53660
53678
53752
53760
53804
53806
53810
53822
53844
53846
53982
54032
54044
54106
54110
54132
54136
54176
54228
54232
54286
54310
54338
54384
54392
54414
54442
54452
54458
54502
54524
54610
54632
54710
54724
54804
54876
55042
55196
55260
55346
55840
55970
56142
56474
57044
57618
58018
58262
58480
58676
59074
59776
60202
60466
60580
61168
62390
63110
63202
63730
63770
63964
64180
64504
64566
64658
65926
66398
66498
66732
67734
70614
71136
72544
72834
72910
72932
72946
72994
73014
73116
73158
73226
73228
73238
73308
73342
73352
73384
73416
73488
73490
73494
73508
73572
73574
73588
73682
73690
73748
73766
73780
73790
73834
73916
73982
73998
74036
74050
74054
74084
74086
74224
74344
74370
74602
74722
74738
75278
82752
83642
83780
84794
85418
93080
93244
102808
163266
206268
212158
223374
302504
567918
617820
915844
1657602
2425808
