Latencies
5396
5400
5426
5430
5434
5442
5454
5482
5488
5492
5496
5498
5508
5510
5520
5524
5548
5552
5562
5574
5596
5606
5618
5618
5626
5630
5640
5642
5642
5650
5668
5736
5744
5756
5756
5798
5814
5814
5822
5844
5850
5852
5856
5870
5870
5874
5876
5886
5894
5904
5914
5918
5920
5942
5944
5970
5990
6010
6016
6020
6024
6026
6030
6032
6034
6038
6044
6048
6052
6054
6082
6088
6122
6158
6170
6190
6204
6214
6238
6244
6258
6264
6278
6282
6318
6350
6376
6480
6510
6520
6524
6528
6564
6604
6672
6676
6728
6770
6844
6868
6872
6882
7020
7044
7078
7110
7194
7200
7208
7282
7344
7370
7380
7438
7468
7484
7526
7550
7594
7620
7624
7634
7656
7682
7756
7822
7904
7958
7990
7994
8002
8014
8086
8100
8150
8156
8170
8316
8350
8352
8368
8378
8502
8510
8512
8610
8698
8710
8714
8774
8844
8848
8912
8976
9002
9032
9064
9072
9206
9228
9270
9358
9510
9576
9608
9786
9794
9804
9844
9874
9896
10008
10012
10030
10136
10158
10194
10216
10268
10274
10280
10334
10346
10362
10374
10440
10494
10602
10606
10744
10752
10848
10882
10928
11048
11118
11124
11132
11202
11220
11260
11538
11608
11660
11824
11826
11900
11906
11950
11996
12044
12138
12242
12264
12352
12400
12418
12510
12538
12546
12552
12556
12594
12602
12614
12648
12674
12688
12712
12738
12748
12816
12860
12962
13022
13032
13080
13138
13160
13164
13242
13350
13364
13488
13518
13550
13562
13612
13630
13630
13640
13678
13826
13850
13880
13888
13944
13956
13966
13966
13980
14048
14074
14112
14118
14170
14194
14206
14210
14220
14258
14268
14270
14272
14284
14310
14338
14340
14356
14374
14390
14400
14414
14424
14432
14442
14452
14460
14462
14466
14476
14476
14490
14496
14500
14500
14514
14518
14520
14522
14530
14540
14554
14568
14576
14576
14578
14580
14588
14590
14594
14602
14616
14630
14634
14640
14652
14652
14652
14656
14660
14662
14666
14666
14674
14676
14676
14676
14680
14680
14682
14688
14690
14690
14690
14694
14696
14698
14700
14702
14706
14708
14710
14716
14718
14718
14720
14720
14722
14724
14726
14726
14730
14734
14736
14740
14742
14744
14746
14748
14750
14750
14756
14760
14762
14766
14766
14768
14774
14776
14780
14790
14796
14798
14798
14800
14800
14804
14806
14806
14808
14820
14820
14822
14824
14824
14828
14828
14834
14836
14836
14838
14840
14842
14842
14842
14842
14844
14846
14848
14848
14850
14850
14854
14866
14866
14870
14872
14872
14874
14876
14876
14876
14880
14880
14880
14882
14886
14894
14896
14896
14900
14900
14900
14900
14902
14906
14916
14916
14918
14918
14920
14922
14922
14926
14930
14934
14934
14934
14936
14936
14938
14948
14950
14954
14956
14956
14960
14962
14962
14964
14966
14966
14968
14972
14972
14976
14980
14980
14982
14982
14984
14986
14986
14986
14988
14988
14992
14996
14996
14998
14998
14998
14998
15000
15000
15000
15004
15004
15006
15006
15006
15010
15010
15010
15014
15016
15022
15022
15026
15028
15028
15034
15036
15038
15038
15040
15040
15040
15044
15044
15048
15052
15058
15060
15062
15068
15070
15074
15078
15080
15084
15086
15086
15088
15088
15088
15092
15096
15098
15098
15100
15106
15106
15108
15110
15118
15126
15128
15128
15128
15132
15136
15138
15140
15142
15146
15150
15150
15152
15158
15162
15164
15166
15168
15172
15176
15178
15180
15182
15182
15188
15190
15192
15192
15196
15196
15196
15198
15200
15200
15206
15208
15216
15216
15216
15224
15228
15232
15234
15236
15240
15242
15244
15246
15248
15248
15258
15260
15260
15268
15270
15272
15272
15274
15274
15278
15278
15282
15288
15292
15298
15298
15304
15306
15306
15312
15314
15314
15318
15318
15334
15340
15346
15348
15350
15350
15354
15358
15372
15382
15388
15390
15396
15402
15410
15410
15412
15412
15420
15422
15424
15426
15434
15436
15440
15444
15450
15458
15464
15466
15480
15480
15484
15486
15500
15504
15518
15520
15522
15558
15562
15582
15592
15608
15636
15636
15646
15650
15656
15666
15676
15676
15678
15680
15692
15786
15794
15796
15800
15806
15814
15816
15836
15842
15858
15918
15940
15974
16012
16012
16052
16058
16100
16126
16216
16260
16362
16472
16536
16538
16816
16858
17032
17042
17088
17242
17332
17354
17404
17522
17624
17834
18052
18054
18242
18626
18710
18738
18804
19200
19244
19422
19542
19582
19700
19822
19868
20048
20128
20166
20178
20268
20270
20330
20490
20500
20500
20532
20720
20788
20846
20926
21022
21032
21104
21362
21396
21438
21614
21614
21746
21846
21996
22176
22370
22382
22402
22572
22572
22684
22808
23010
23146
23168
23210
23246
23552
23564
23650
23698
23832
23898
23908
23910
23956
23974
23980
23990
24020
24128
24188
24346
24350
24480
24520
24538
24540
24582
24664
24712
24754
24810
24814
24838
24874
24918
24986
25036
25070
25092
25140
25160
25226
25228
25234
25278
25296
25394
25398
25398
25424
25482
25532
25600
25624
25624
25638
25674
25798
25840
25864
25900
25908
26078
26190
26208
26414
26440
26512
26546
26670
26868
27148
27152
27208
27240
27258
27284
27286
27312
27398
27650
27776
27892
28216
28338
28398
28682
28756
28796
28892
28984
29208
29406
29506
29544
29738
29994
30134
30142
30236
30570
30646
30672
30742
30824
30934
30998
31052
31170
31368
31434
31542
31608
31710
31826
31920
32134
32156
32226
32318
32368
32370
32416
32502
32550
32710
32772
32850
32906
32958
32992
32998
33040
33126
33144
33174
33230
33258
33300
33308
33384
33398
33646
33668
33720
33758
33768
33774
33838
33888
33892
33906
33910
33926
33988
33988
34014
34014
34024
34070
34112
34154
34158
34162
34190
34192
34228
34234
34248
34250
34258
34266
34268
34274
34292
34324
34326
34328
34332
34336
34344
34356
34366
34376
34384
34426
34466
34466
34468
34476
34480
34484
34502
34522
34566
34582
34590
34608
34610
34616
34642
34650
34660
34684
34712
34722
34742
34758
34778
34808
34820
34820
34828
34916
34922
34924
34934
34940
34946
34960
34972
35006
35074
35108
35166
35168
35232
35370
35390
35396
35472
35578
35588
35728
35810
35866
35940
36754
37122
37572
40234
43446
43880
43964
44038
44080
44162
44462
45544
47816
53486
58570
67206
74542
171238
233802
319598
4678010
