Latencies
5364
5402
5436
5444
5466
5472
5474
5496
5510
5514
5534
5546
5548
5566
5628
5628
5644
5650
5654
5656
5662
5688
5706
5730
5734
5766
5788
5794
5808
5808
5858
5864
5886
5890
5890
5912
5914
5930
5958
5998
6004
6012
6090
6130
6144
6152
6168
6180
6208
6228
6244
6264
6284
6334
6372
6386
6422
6496
6498
6514
6520
6610
6610
6632
6638
6656
6730
6750
6774
6800
6808
6828
6832
6864
6894
6906
6928
6940
7024
7094
7126
7180
7296
7314
7398
7442
7460
7488
7496
7524
7548
7616
7636
7652
7688
7722
7750
7824
7840
7842
7894
7898
7940
7954
7958
8018
8046
8056
8084
8150
8172
8204
8294
8320
8390
8404
8478
8516
8532
8550
8628
8748
8754
8776
8784
8918
9006
9108
9126
9158
9162
9176
9202
9280
9314
9380
9392
9402
9450
9454
9462
9470
9484
9486
9514
9550
9586
9602
9666
9676
9698
9754
9902
9916
9916
9964
10004
10030
10058
10094
10114
10206
10226
10298
10332
10342
10388
10410
10438
10476
10492
10512
10584
10588
10686
10744
10814
10818
10842
10866
10882
10886
10910
11026
11026
11142
11150
11246
11250
11328
11356
11450
11518
11586
11652
11684
11688
11808
11882
11882
11962
12056
12058
12070
12144
12184
12280
12314
12332
12348
12506
12506
12510
12558
12634
12708
12734
12748
12770
12810
12870
12894
12936
13002
13054
13076
13180
13186
13200
13222
13242
13304
13388
13412
13462
13464
13574
13682
13690
13840
13860
14022
14064
14082
14118
14164
14168
14178
14212
14226
14236
14254
14260
14266
14270
14276
14382
14386
14414
14414
14416
14418
14448
14468
14494
14518
14532
14542
14552
14562
14570
14578
14598
14598
14606
14610
14614
14616
14618
14620
14630
14632
14640
14640
14650
14650
14654
14672
14674
14682
14684
14704
14704
14734
14734
14738
14740
14748
14754
14758
14766
14772
14772
14818
14836
14842
14848
14852
14860
14862
14864
14866
14888
14892
14894
14896
14900
14906
14910
14920
14920
14936
14936
14936
14948
14958
14964
14964
14978
14984
14988
14994
15000
15000
15004
15008
15016
15020
15026
15034
15042
15044
15048
15050
15052
15056
15074
15084
15088
15090
15094
15096
15098
15098
15100
15118
15130
15136
15140
15144
15148
15154
15172
15180
15180
15184
15194
15198
15204
15208
15212
15212
15216
15220
15224
15228
15232
15238
15246
15254
15256
15272
15272
15292
15304
15312
15316
15316
15332
15336
15344
15356
15414
15414
15420
15444
15444
15452
15460
15460
15468
15494
15496
15500
15502
15502
15508
15514
15514
15516
15550
15562
15562
15580
15580
15608
15622
15630
15632
15644
15666
15670
15676
15686
15688
15716
15720
15756
15764
15798
15800
15848
15860
15866
15870
15870
15908
15914
16014
16034
16048
16108
16116
16146
16212
16248
16272
16284
16364
16566
16570
16640
16732
16760
16844
16908
16908
16924
16972
16990
17062
17068
17090
17126
17178
17314
17348
17484
17666
17800
17810
17976
18010
18086
18120
18152
18168
18316
18374
18640
18644
18712
18786
18796
18910
18946
18986
19042
19068
19106
19128
19246
19310
19400
19446
19540
19678
19774
19834
19844
19858
19982
19986
19992
20034
20094
20106
20148
20318
20594
20628
20658
20776
20798
20832
20838
20866
20870
20900
20902
21028
21084
21246
21326
21432
21444
21444
21506
21512
21588
21622
21672
21760
21834
21856
21924
21944
21946
22000
22000
22050
22128
22208
22258
22344
22400
22430
22520
22524
22556
22606
22616
22694
22722
22800
22874
22974
23052
23090
23206
23236
23262
23308
23332
23384
23464
23502
23540
23730
23834
23874
23882
23888
23908
23938
23952
24108
24144
24162
24172
24222
24362
24368
24388
24430
24432
24470
24486
24504
24526
24548
24550
24614
24624
24632
24638
24650
24660
24678
24682
24692
24698
24726
24734
24734
24758
24774
24832
24866
24866
24872
24878
24880
24900
24900
24920
24966
24986
24988
25040
25056
25062
25124
25126
25132
25138
25188
25218
25240
25242
25242
25254
25258
25284
25290
25312
25326
25330
25330
25402
25422
25428
25436
25522
25532
25546
25558
25560
25634
25674
25728
25762
25772
25840
25846
25848
25864
25928
26070
26140
26350
26396
26484
26570
26614
26616
26668
26676
26816
26864
26894
26910
27062
27084
27150
27212
27316
27438
27444
27518
27618
27730
27788
27808
28012
28076
28086
28124
28132
28234
28240
28276
28302
28340
28390
28596
28620
29008
29008
29044
29090
29188
29194
29214
29220
29270
29296
29604
29638
29712
29768
29830
29842
29846
29852
29864
29988
30050
30066
30148
30182
30222
30342
30404
30470
30508
30568
30622
30718
30772
30982
30982
31066
31096
31104
31106
31142
31328
31370
31532
31668
31680
31730
31734
31822
31842
31858
31944
31996
32112
32114
32132
32160
32170
32304
32316
32462
32516
32646
32658
32758
32758
32810
32854
32884
32932
32992
33002
33088
33132
33300
33396
33452
33502
33506
33556
33592
33594
33598
33604
33648
33662
33702
33716
33758
33768
33776
33784
33794
33814
33846
33856
33858
33864
33866
33884
33918
33948
33958
33968
33994
33994
33998
34012
34030
34030
34042
34054
34076
34086
34088
34116
34134
34140
34172
34182
34190
34192
34194
34198
34202
34202
34210
34214
34214
34222
34226
34228
34230
34244
34258
34264
34278
34280
34284
34308
34312
34318
34320
34330
34330
34342
34372
34376
34382
34384
34392
34398
34424
34430
34444
34450
34458
34472
34472
34506
34514
34516
34520
34550
34578
34590
34592
34600
34602
34606
34608
34612
34636
34654
34670
34728
34734
34738
34742
34748
34748
34760
34764
34764
34766
34768
34768
34778
34788
34818
34832
34836
34848
34858
34866
34870
34876
34880
34884
34906
34908
34908
34908
34910
34910
34910
34912
34928
34934
34936
34938
34964
34984
34994
34994
34996
35014
35016
35020
35028
35028
35032
35048
35064
35066
35072
35072
35082
35088
35092
35094
35116
35118
35128
35152
35162
35166
35190
35204
35214
35230
35248
35272
35348
35432
35444
35486
35546
35576
35588
35658
35662
35688
35714
35740
35814
35822
35866
35906
36016
36064
36116
36160
36354
36394
36448
36526
36782
37210
37898
39634
40390
40754
42042
42738
42756
43352
43464
43574
43714
43880
44148
44330
44650
45294
53014
53210
54996
69354
147454
176316
264648
424474
544848
884468
1274580
2529204
7299230
