Latencies
5102
5110
5112
5120
5134
5146
5146
5150
5156
5156
5160
5160
5164
5164
5164
5164
5164
5164
5164
5166
5176
5176
5178
5184
5184
5186
5188
5188
5192
5192
5194
5194
5196
5198
5200
5200
5206
5206
5208
5210
5212
5212
5214
5214
5216
5216
5220
5222
5222
5222
5224
5224
5226
5226
5226
5226
5228
5228
5228
5228
5232
5232
5232
5234
5234
5234
5238
5240
5240
5240
5240
5240
5242
5242
5242
5244
5244
5244
5246
5246
5246
5248
5248
5248
5248
5250
5250
5254
5254
5254
5256
5256
5256
5256
5256
5258
5258
5258
5258
5258
5260
5260
5262
5264
5264
5264
5266
5266
5268
5268
5270
5274
5274
5276
5278
5278
5278
5278
5280
5280
5280
5280
5282
5282
5284
5286
5286
5286
5286
5288
5288
5288
5290
5292
5292
5294
5296
5296
5298
5298
5300
5300
5300
5300
5300
5300
5302
5302
5302
5304
5304
5304
5304
5304
5306
5306
5306
5306
5306
5306
5308
5310
5312
5314
5314
5314
5316
5316
5316
5318
5318
5318
5318
5318
5318
5320
5320
5320
5320
5322
5322
5322
5322
5322
5322
5322
5324
5324
5324
5324
5324
5326
5326
5328
5328
5330
5330
5332
5334
5334
5334
5334
5334
5334
5336
5336
5336
5336
5336
5338
5338
5338
5338
5338
5338
5338
5340
5340
5340
5340
5342
5342
5342
5342
5342
5344
5344
5344
5346
5346
5346
5346
5346
5346
5348
5348
5348
5348
5348
5348
5350
5350
5350
5350
5350
5350
5350
5350
5352
5352
5352
5354
5354
5354
5354
5354
5354
5356
5356
5356
5356
5356
5358
5360
5360
5360
5360
5360
5360
5362
5362
5362
5362
5364
5364
5364
5366
5366
5366
5366
5366
5366
5368
5368
5368
5368
5368
5368
5368
5368
5370
5370
5370
5370
5370
5372
5372
5372
5372
5372
5372
5374
5376
5376
5376
5376
5376
5376
5378
5378
5378
5380
5380
5380
5382
5382
5382
5384
5384
5384
5384
5384
5384
5386
5386
5386
5386
5386
5386
5388
5388
5390
5390
5390
5392
5392
5392
5392
5392
5394
5394
5394
5394
5396
5396
5396
5398
5398
5398
5400
5402
5402
5402
5402
5402
5404
5404
5404
5404
5406
5406
5406
5406
5408
5412
5412
5412
5412
5412
5414
5414
5414
5414
5416
5416
5418
5418
5420
5420
5420
5422
5422
5422
5422
5422
5422
5422
5422
5424
5424
5424
5424
5424
5426
5426
5426
5426
5426
5428
5428
5428
5428
5430
5430
5430
5430
5430
5430
5432
5434
5438
5438
5438
5440
5442
5442
5444
5444
5444
5446
5446
5446
5450
5450
5450
5450
5452
5452
5452
5452
5454
5454
5456
5456
5456
5456
5458
5458
5460
5462
5464
5464
5464
5464
5466
5466
5466
5466
5468
5468
5470
5472
5472
5472
5474
5474
5476
5476
5476
5478
5478
5478
5478
5478
5478
5480
5482
5482
5482
5482
5484
5484
5486
5486
5486
5488
5488
5488
5490
5490
5490
5492
5492
5492
5494
5494
5496
5496
5498
5498
5498
5500
5500
5500
5500
5502
5504
5504
5504
5504
5504
5506
5508
5508
5508
5510
5510
5512
5512
5512
5514
5514
5516
5518
5520
5522
5522
5522
5524
5524
5524
5526
5526
5526
5526
5528
5528
5530
5530
5532
5532
5532
5534
5534
5534
5536
5536
5536
5536
5536
5536
5538
5538
5538
5538
5538
5540
5540
5542
5542
5544
5544
5544
5546
5546
5546
5546
5546
5550
5550
5550
5552
5552
5552
5552
5554
5556
5556
5558
5560
5560
5560
5562
5562
5564
5564
5566
5568
5568
5570
5570
5572
5572
5574
5580
5584
5584
5586
5586
5588
5590
5590
5590
5590
5592
5592
5592
5594
5598
5598
5600
5600
5600
5602
5604
5604
5604
5606
5608
5610
5610
5612
5614
5614
5614
5614
5616
5616
5616
5616
5618
5622
5622
5622
5624
5626
5626
5626
5630
5630
5632
5634
5636
5638
5640
5642
5642
5646
5650
5650
5652
5652
5654
5662
5662
5664
5666
5668
5668
5668
5670
5674
5678
5678
5678
5680
5682
5682
5682
5684
5684
5684
5686
5686
5688
5688
5688
5692
5696
5696
5698
5698
5698
5700
5702
5702
5702
5702
5702
5706
5706
5708
5712
5716
5718
5720
5722
5722
5722
5724
5726
5726
5728
5728
5730
5736
5740
5740
5742
5742
5742
5744
5746
5746
5750
5750
5752
5756
5756
5758
5760
5760
5764
5766
5766
5768
5772
5776
5778
5782
5786
5786
5790
5792
5794
5796
5800
5804
5806
5810
5814
5816
5816
5820
5824
5826
5826
5826
5828
5834
5836
5846
5852
5860
5870
5874
5874
5876
5880
5882
5884
5888
5888
5890
5892
5894
5898
5898
5900
5904
5906
5906
5910
5910
5912
5912
5918
5922
5922
5928
5930
5932
5934
5936
5936
5940
5942
5948
5948
5956
5956
5960
5962
5962
5962
5964
5966
5968
5968
5970
5970
5970
5970
5972
5974
5980
5980
5984
5984
5986
5986
5990
5992
5996
5996
6004
6008
6008
6016
6016
6018
6020
6020
6024
6032
6034
6034
6034
6036
6038
6040
6040
6040
6042
6042
6050
6052
6072
6072
6074
6078
6080
6082
6084
6092
6092
6098
6098
6102
6106
6110
6122
6122
6132
6132
6134
6142
6144
6148
6164
6166
6172
6176
6178
6182
6190
6192
6192
6202
6210
6222
6226
6230
6232
6232
6236
6236
6242
6248
6252
6296
6304
6340
6350
6358
6382
6384
6386
6394
6420
6430
6430
6452
6452
6460
6468
6498
6500
6506
6508
6526
6542
6544
6554
6558
6572
6592
6610
6612
6614
6630
6636
6638
6646
6660
6674
6682
6690
6724
6734
6738
6870
6874
6876
7098
7262
7400
7484
7742
7754
7764
7816
7990
8070
8202
8214
8550
8562
8816
9004
9562
9802
9898
10304
10348
10550
10560
10716
11186
11302
11610
11650
11724
12750
12756
13024
13202
13236
15022
15078
15220
15606
18404
18736
19220
19798
19930
20378
20584
21020
21390
21556
21572
21724
22192
22858
23152
23744
24188
24806
24824
24898
25126
25414
25432
25590
25644
25646
25764
25872
26098
26262
26754
26842
27852
28292
28310
28940
29038
31224
31590
33758
35132
35300
35364
35450
37354
39562
39672
63788
