Latencies
5134
5158
5198
5202
5204
5206
5214
5222
5234
5244
5252
5252
5254
5264
5268
5268
5268
5268
5274
5276
5278
5280
5280
5282
5284
5284
5284
5284
5288
5288
5290
5294
5296
5298
5298
5300
5308
5312
5312
5314
5314
5316
5316
5318
5324
5324
5324
5326
5326
5328
5328
5328
5328
5328
5328
5330
5330
5330
5332
5332
5332
5334
5334
5334
5336
5336
5336
5336
5336
5336
5336
5338
5342
5342
5342
5342
5344
5344
5344
5346
5348
5350
5350
5350
5350
5352
5354
5354
5354
5356
5356
5356
5356
5358
5358
5358
5358
5360
5360
5360
5362
5362
5362
5362
5362
5364
5364
5364
5364
5366
5366
5366
5366
5368
5368
5370
5370
5370
5372
5372
5372
5374
5374
5374
5376
5376
5378
5378
5378
5378
5380
5380
5380
5380
5380
5380
5382
5382
5384
5384
5384
5384
5384
5384
5384
5384
5384
5384
5384
5384
5386
5386
5386
5388
5390
5390
5390
5390
5392
5392
5394
5394
5394
5394
5394
5396
5396
5396
5396
5396
5396
5398
5398
5398
5398
5400
5400
5400
5400
5400
5402
5402
5404
5404
5404
5408
5408
5408
5408
5408
5410
5410
5410
5412
5414
5416
5416
5416
5416
5416
5418
5418
5418
5418
5418
5418
5418
5418
5420
5420
5420
5422
5422
5422
5422
5422
5424
5424
5424
5424
5424
5424
5426
5426
5426
5428
5430
5430
5430
5430
5430
5430
5430
5432
5432
5434
5434
5434
5434
5434
5434
5436
5438
5440
5440
5440
5440
5440
5440
5442
5442
5442
5442
5442
5444
5444
5446
5448
5448
5450
5450
5450
5452
5452
5454
5454
5454
5454
5454
5454
5456
5456
5456
5458
5458
5458
5460
5460
5462
5464
5464
5464
5466
5466
5466
5466
5466
5466
5468
5468
5468
5468
5470
5472
5472
5472
5472
5474
5474
5474
5476
5476
5476
5476
5476
5480
5480
5480
5480
5480
5482
5482
5484
5484
5484
5486
5486
5486
5488
5488
5492
5492
5492
5494
5494
5496
5496
5496
5496
5496
5498
5498
5498
5498
5500
5500
5500
5500
5500
5500
5502
5502
5502
5504
5504
5506
5506
5506
5506
5506
5506
5508
5508
5510
5510
5510
5512
5512
5512
5514
5514
5514
5516
5516
5516
5516
5518
5518
5520
5520
5522
5522
5522
5522
5524
5524
5524
5524
5526
5526
5526
5528
5530
5530
5530
5530
5530
5532
5532
5534
5534
5536
5538
5538
5538
5538
5538
5538
5540
5540
5540
5540
5542
5542
5544
5544
5544
5544
5546
5546
5546
5548
5548
5550
5550
5550
5552
5552
5554
5556
5556
5556
5556
5556
5558
5558
5558
5558
5560
5560
5562
5562
5566
5568
5568
5568
5568
5570
5570
5570
5572
5574
5574
5574
5576
5578
5578
5578
5578
5578
5578
5578
5578
5578
5580
5580
5580
5582
5582
5582
5582
5582
5584
5584
5584
5584
5588
5588
5588
5590
5594
5594
5594
5596
5596
5596
5598
5598
5600
5600
5602
5604
5604
5606
5606
5606
5606
5610
5610
5612
5616
5618
5618
5620
5620
5622
5624
5624
5626
5628
5632
5634
5634
5634
5636
5638
5638
5640
5640
5640
5640
5642
5642
5646
5648
5648
5652
5652
5652
5654
5654
5654
5656
5656
5656
5656
5656
5658
5658
5660
5662
5662
5662
5664
5664
5666
5666
5666
5668
5670
5674
5674
5674
5676
5676
5676
5680
5684
5686
5686
5688
5690
5690
5692
5692
5694
5694
5694
5696
5698
5700
5700
5700
5702
5704
5706
5706
5708
5708
5708
5710
5710
5710
5714
5716
5716
5718
5718
5722
5724
5726
5726
5728
5732
5732
5732
5734
5734
5734
5734
5736
5736
5738
5738
5738
5738
5738
5738
5740
5740
5742
5742
5748
5748
5750
5750
5752
5754
5758
5760
5762
5764
5768
5768
5768
5768
5768
5774
5774
5774
5776
5776
5776
5778
5778
5778
5778
5780
5782
5782
5784
5790
5794
5796
5796
5798
5802
5804
5804
5806
5810
5810
5812
5814
5816
5816
5816
5818
5820
5820
5822
5822
5822
5824
5828
5828
5838
5838
5838
5840
5840
5840
5840
5840
5842
5842
5846
5846
5846
5848
5848
5848
5850
5850
5854
5856
5856
5858
5858
5860
5860
5864
5864
5866
5866
5868
5870
5872
5872
5874
5874
5874
5876
5880
5882
5882
5884
5884
5886
5888
5894
5896
5896
5896
5896
5898
5898
5900
5902
5904
5906
5908
5908
5910
5912
5914
5914
5914
5916
5918
5920
5920
5922
5924
5926
5926
5926
5926
5928
5928
5928
5930
5930
5930
5932
5932
5936
5938
5940
5944
5944
5944
5946
5948
5948
5948
5952
5954
5956
5958
5958
5958
5962
5964
5964
5964
5966
5970
5972
5974
5974
5974
5976
5978
5978
5978
5978
5980
5986
5988
5988
5988
5990
5990
5992
5996
5998
6000
6004
6006
6008
6008
6010
6012
6016
6018
6018
6020
6020
6020
6022
6022
6022
6022
6024
6026
6028
6028
6028
6030
6032
6034
6036
6036
6036
6040
6042
6048
6052
6052
6058
6058
6060
6068
6068
6070
6070
6072
6072
6074
6074
6076
6080
6082
6082
6082
6086
6090
6090
6094
6098
6100
6100
6104
6106
6108
6112
6114
6120
6120
6122
6124
6126
6126
6126
6126
6128
6130
6132
6134
6134
6142
6142
6142
6142
6146
6148
6150
6152
6154
6156
6156
6162
6168
6178
6180
6182
6186
6188
6200
6202
6204
6210
6210
6212
6222
6224
6224
6226
6228
6232
6232
6234
6236
6238
6238
6240
6242
6248
6260
6260
6262
6266
6272
6276
6280
6288
6290
6290
6294
6296
6296
6300
6302
6308
6312
6312
6332
6336
6336
6340
6344
6350
6362
6370
6378
6382
6384
6392
6392
6394
6400
6400
6402
6408
6422
6424
6430
6432
6436
6446
6462
6476
6478
6482
6496
6502
6510
6530
6550
6552
6604
6658
6684
6688
6704
6710
6750
6758
6760
6788
6806
6806
6846
6886
6900
6942
6976
7028
7040
7088
7092
7112
7142
7190
7220
7256
7276
7428
7446
7448
7486
7684
7946
8050
8064
8428
8478
9130
9942
10468
10602
11188
11238
12026
12896
13238
14238
14566
16512
17588
18090
18560
23662
25750
26382
27328
27842
31280
53010
