Latencies
5032
5036
5060
5066
5074
5100
5104
5106
5110
5114
5116
5118
5118
5118
5124
5126
5130
5130
5130
5130
5132
5132
5134
5138
5138
5140
5140
5140
5140
5142
5144
5144
5144
5146
5146
5148
5148
5150
5152
5154
5156
5156
5158
5158
5160
5160
5164
5164
5164
5164
5166
5166
5166
5170
5172
5172
5174
5174
5174
5174
5174
5176
5176
5178
5182
5182
5184
5184
5186
5186
5186
5188
5188
5188
5188
5188
5190
5192
5192
5192
5194
5196
5196
5198
5198
5198
5200
5200
5200
5200
5202
5202
5204
5204
5204
5204
5206
5206
5208
5208
5208
5208
5210
5210
5210
5210
5210
5210
5212
5214
5214
5214
5214
5214
5216
5218
5218
5218
5220
5220
5220
5220
5220
5222
5222
5222
5224
5224
5224
5224
5224
5224
5226
5226
5226
5226
5228
5228
5228
5230
5230
5232
5232
5232
5232
5232
5234
5234
5234
5234
5234
5234
5234
5236
5236
5236
5238
5238
5238
5238
5238
5240
5240
5240
5242
5242
5242
5242
5242
5242
5244
5244
5244
5246
5246
5248
5248
5248
5248
5250
5250
5250
5252
5254
5254
5254
5254
5256
5256
5256
5258
5260
5260
5260
5260
5262
5262
5262
5264
5264
5264
5264
5266
5266
5266
5266
5266
5268
5268
5268
5270
5270
5270
5272
5274
5276
5276
5276
5276
5280
5280
5280
5280
5280
5282
5282
5282
5282
5282
5284
5284
5284
5286
5288
5290
5290
5290
5290
5292
5292
5292
5296
5298
5298
5300
5300
5300
5302
5302
5302
5302
5302
5304
5304
5306
5306
5308
5308
5308
5308
5308
5310
5310
5310
5310
5312
5312
5312
5314
5314
5316
5316
5316
5316
5316
5318
5318
5320
5320
5322
5324
5324
5326
5326
5326
5328
5328
5330
5330
5330
5332
5332
5332
5334
5334
5336
5336
5338
5338
5338
5340
5340
5342
5342
5342
5342
5344
5344
5346
5348
5348
5348
5350
5350
5350
5352
5352
5352
5352
5352
5352
5352
5352
5352
5354
5354
5356
5356
5356
5358
5358
5358
5358
5360
5360
5360
5362
5362
5364
5366
5368
5368
5368
5368
5368
5368
5370
5370
5370
5372
5374
5374
5378
5378
5378
5380
5380
5380
5382
5382
5382
5384
5384
5384
5386
5386
5386
5386
5386
5386
5390
5390
5390
5390
5390
5392
5392
5392
5392
5392
5392
5392
5392
5394
5394
5396
5396
5396
5398
5398
5400
5402
5402
5402
5404
5404
5404
5404
5404
5404
5406
5408
5408
5410
5410
5410
5410
5412
5416
5416
5416
5416
5416
5416
5416
5418
5418
5420
5420
5420
5422
5422
5422
5426
5428
5432
5432
5434
5436
5438
5440
5440
5442
5442
5442
5442
5444
5444
5444
5446
5446
5448
5448
5450
5450
5452
5452
5452
5452
5454
5454
5456
5458
5458
5462
5462
5464
5464
5464
5468
5470
5470
5476
5476
5476
5478
5478
5480
5484
5484
5488
5488
5488
5490
5494
5496
5496
5498
5498
5498
5500
5502
5502
5504
5508
5508
5510
5510
5512
5512
5514
5518
5520
5522
5524
5524
5524
5524
5528
5530
5532
5532
5532
5532
5534
5534
5534
5536
5540
5548
5548
5550
5552
5552
5554
5554
5556
5556
5558
5560
5562
5564
5566
5566
5570
5570
5570
5572
5574
5574
5574
5578
5582
5582
5582
5582
5584
5584
5584
5588
5588
5588
5588
5592
5592
5592
5596
5600
5600
5600
5602
5602
5602
5608
5608
5608
5610
5612
5612
5614
5616
5622
5626
5628
5632
5632
5632
5636
5636
5636
5638
5638
5638
5640
5642
5642
5644
5644
5650
5650
5654
5658
5664
5664
5666
5666
5668
5670
5672
5674
5676
5676
5676
5678
5682
5686
5686
5686
5690
5692
5692
5692
5694
5694
5696
5700
5700
5702
5702
5702
5704
5708
5710
5712
5712
5712
5712
5712
5718
5718
5722
5724
5726
5726
5728
5730
5730
5736
5738
5738
5742
5742
5742
5744
5744
5746
5746
5748
5748
5750
5750
5750
5752
5752
5754
5754
5756
5758
5760
5760
5762
5764
5766
5770
5770
5770
5774
5776
5776
5778
5782
5782
5784
5786
5786
5788
5790
5794
5794
5798
5800
5802
5802
5804
5804
5806
5808
5810
5810
5816
5818
5820
5824
5824
5826
5828
5828
5828
5832
5834
5836
5838
5838
5840
5840
5840
5842
5842
5846
5846
5848
5848
5848
5848
5848
5852
5854
5860
5862
5862
5862
5864
5870
5874
5874
5876
5878
5878
5878
5878
5880
5880
5882
5882
5884
5884
5884
5886
5886
5888
5894
5894
5894
5898
5900
5902
5902
5902
5902
5902
5904
5906
5906
5914
5920
5922
5922
5924
5926
5926
5928
5930
5932
5934
5934
5936
5936
5940
5940
5940
5940
5942
5944
5944
5950
5950
5952
5954
5954
5954
5956
5956
5962
5966
5966
5972
5974
5976
5978
5980
5982
5982
5982
5984
5990
5990
5990
5996
5996
5998
5998
6000
6002
6006
6008
6008
6008
6010
6014
6016
6018
6020
6026
6026
6028
6030
6034
6034
6038
6038
6040
6040
6042
6048
6050
6050
6052
6054
6054
6056
6058
6064
6066
6068
6074
6076
6076
6076
6078
6080
6082
6084
6088
6090
6090
6092
6092
6092
6094
6094
6094
6098
6102
6108
6112
6112
6116
6116
6122
6122
6128
6130
6134
6138
6140
6142
6148
6150
6154
6162
6164
6166
6166
6166
6178
6182
6184
6196
6198
6200
6208
6226
6234
6244
6258
6258
6264
6274
6276
6298
6314
6320
6336
6344
6344
6376
6390
6404
6408
6410
6416
6426
6432
6444
6444
6458
6462
6476
6540
6546
6570
6580
6600
6604
6622
6660
6690
6692
6708
6718
6726
6730
6730
6750
6754
6756
6784
6804
6806
6808
6874
6888
6890
6892
6892
6896
6910
6920
6974
6998
7004
7032
7142
7194
7232
7252
7318
7390
7392
7538
7544
7860
8042
8126
8320
8596
8800
9116
9194
9334
9908
9922
10066
10190
10374
10390
10410
10426
10518
10686
10914
10952
11260
12570
12658
12740
13156
13236
13656
13856
14402
14492
15086
15456
16672
16840
19950
40626
43236
43568
46362
123992
592896
