Latencies
5184
5224
5228
5230
5242
5244
5248
5250
5250
5252
5252
5262
5264
5264
5264
5266
5266
5268
5268
5270
5272
5274
5274
5276
5282
5284
5286
5288
5292
5294
5294
5296
5298
5300
5300
5300
5304
5306
5306
5306
5306
5308
5308
5308
5312
5312
5312
5312
5314
5314
5316
5318
5318
5320
5322
5324
5324
5324
5326
5326
5326
5328
5332
5332
5334
5334
5334
5334
5334
5336
5336
5336
5336
5338
5340
5340
5340
5342
5344
5346
5348
5348
5348
5350
5350
5350
5350
5352
5352
5354
5354
5356
5356
5356
5356
5356
5358
5358
5358
5358
5360
5362
5362
5362
5362
5364
5366
5366
5368
5368
5370
5370
5370
5370
5372
5372
5372
5372
5372
5374
5374
5374
5374
5374
5374
5374
5376
5376
5376
5378
5378
5378
5378
5380
5380
5380
5380
5380
5380
5380
5380
5380
5382
5382
5382
5384
5384
5384
5386
5386
5386
5386
5388
5388
5388
5388
5390
5390
5392
5392
5392
5394
5394
5394
5396
5396
5396
5396
5400
5400
5400
5400
5400
5400
5402
5402
5402
5404
5404
5404
5404
5404
5406
5406
5406
5406
5406
5408
5408
5408
5408
5408
5410
5410
5410
5410
5412
5412
5414
5414
5416
5418
5418
5418
5418
5418
5420
5420
5422
5422
5424
5424
5424
5424
5424
5426
5426
5426
5428
5428
5428
5428
5430
5430
5432
5432
5432
5432
5432
5432
5432
5434
5434
5434
5434
5436
5436
5436
5436
5438
5438
5438
5438
5438
5438
5438
5442
5442
5442
5444
5444
5444
5446
5446
5448
5448
5450
5450
5450
5452
5452
5454
5456
5456
5458
5458
5458
5460
5460
5460
5460
5462
5462
5462
5462
5462
5462
5464
5464
5464
5464
5466
5466
5466
5466
5470
5470
5472
5472
5472
5476
5476
5476
5476
5476
5478
5478
5478
5480
5480
5480
5480
5480
5480
5480
5482
5482
5482
5482
5482
5484
5484
5484
5484
5484
5486
5486
5486
5486
5488
5492
5492
5492
5492
5492
5494
5494
5494
5494
5494
5496
5496
5496
5496
5498
5498
5498
5500
5502
5504
5504
5504
5504
5506
5510
5512
5512
5512
5512
5512
5514
5514
5514
5514
5514
5516
5516
5516
5516
5516
5516
5516
5520
5520
5520
5520
5520
5522
5522
5522
5522
5522
5526
5526
5526
5526
5526
5528
5530
5530
5530
5532
5532
5532
5532
5532
5536
5538
5538
5538
5538
5538
5540
5540
5544
5544
5544
5544
5544
5546
5548
5548
5548
5550
5550
5550
5556
5558
5558
5558
5558
5562
5562
5562
5562
5566
5566
5566
5566
5566
5566
5568
5570
5570
5572
5572
5572
5572
5572
5572
5574
5578
5578
5578
5578
5580
5580
5582
5582
5582
5582
5582
5586
5586
5586
5588
5588
5588
5590
5592
5592
5594
5596
5596
5596
5598
5602
5604
5604
5606
5608
5610
5614
5614
5614
5614
5616
5616
5618
5618
5622
5622
5622
5624
5624
5626
5626
5628
5630
5632
5632
5632
5634
5636
5636
5638
5638
5638
5640
5640
5640
5644
5644
5648
5648
5650
5650
5652
5654
5654
5656
5656
5656
5658
5658
5662
5664
5666
5666
5666
5666
5668
5670
5670
5672
5672
5674
5674
5674
5676
5676
5682
5682
5684
5686
5686
5686
5688
5690
5692
5692
5694
5702
5704
5704
5704
5712
5714
5714
5716
5716
5718
5718
5720
5720
5722
5722
5724
5724
5726
5726
5726
5730
5732
5734
5734
5734
5738
5744
5746
5746
5748
5750
5750
5752
5752
5754
5754
5754
5754
5758
5762
5762
5764
5764
5774
5774
5774
5776
5778
5778
5782
5784
5784
5784
5784
5784
5788
5792
5792
5794
5794
5796
5798
5798
5800
5800
5802
5804
5806
5806
5808
5810
5812
5812
5814
5814
5814
5814
5816
5818
5818
5820
5820
5826
5826
5826
5826
5826
5828
5828
5830
5834
5834
5838
5840
5844
5846
5848
5848
5850
5852
5854
5856
5856
5856
5856
5858
5860
5862
5864
5864
5864
5866
5868
5868
5874
5874
5874
5876
5876
5876
5876
5882
5886
5888
5888
5894
5894
5894
5900
5900
5902
5902
5906
5908
5908
5908
5910
5910
5912
5914
5916
5916
5918
5920
5924
5926
5926
5926
5928
5930
5930
5932
5932
5936
5936
5938
5942
5944
5946
5946
5948
5948
5950
5950
5950
5960
5960
5960
5962
5962
5962
5968
5968
5970
5970
5970
5970
5972
5972
5976
5976
5980
5982
5984
5988
5988
5990
5992
5992
5994
5996
6000
6000
6000
6002
6004
6004
6010
6010
6010
6014
6016
6016
6016
6016
6020
6026
6026
6030
6030
6032
6034
6034
6034
6036
6036
6050
6052
6052
6060
6064
6064
6068
6068
6070
6070
6072
6072
6074
6074
6076
6076
6076
6082
6082
6082
6084
6090
6092
6094
6094
6100
6104
6108
6108
6108
6108
6110
6110
6112
6112
6116
6116
6116
6118
6120
6124
6128
6132
6134
6134
6134
6136
6138
6140
6140
6144
6146
6150
6150
6152
6152
6154
6154
6158
6158
6158
6160
6164
6164
6166
6168
6168
6170
6170
6172
6172
6174
6174
6176
6176
6176
6178
6180
6180
6186
6188
6188
6194
6200
6200
6204
6204
6206
6206
6208
6216
6218
6222
6226
6230
6232
6234
6236
6236
6238
6240
6250
6250
6254
6256
6258
6260
6264
6264
6268
6268
6280
6304
6306
6306
6308
6324
6324
6324
6326
6328
6340
6354
6356
6380
6384
6394
6398
6412
6416
6452
6452
6468
6488
6494
6532
6538
6562
6570
6592
6602
6618
6658
6668
6684
6698
6704
6706
6724
6732
6754
6776
6802
6834
6860
6862
6886
6950
7096
7098
7126
7148
7186
7246
7262
7274
7302
7328
7528
7538
7688
7796
7852
7966
8148
8328
8422
8822
9112
9252
9520
9682
9704
9792
10380
10582
10614
11256
14024
15032
15418
16472
16852
18864
20294
24636
26926
27262
27536
29510
31548
42036
76622
479832
