Latencies
5044
5076
5090
5098
5104
5140
5162
5164
5168
5168
5168
5170
5170
5172
5172
5176
5176
5180
5180
5182
5184
5186
5186
5188
5188
5190
5190
5190
5192
5196
5200
5202
5204
5206
5206
5206
5206
5206
5208
5210
5210
5210
5212
5212
5214
5214
5216
5216
5216
5218
5220
5220
5224
5224
5226
5226
5228
5230
5230
5230
5230
5232
5232
5232
5234
5234
5236
5236
5236
5236
5236
5240
5240
5242
5242
5242
5242
5242
5242
5246
5246
5246
5246
5248
5248
5250
5250
5250
5250
5250
5250
5250
5250
5252
5252
5254
5254
5254
5254
5254
5254
5256
5256
5256
5258
5258
5258
5258
5260
5260
5260
5260
5262
5262
5262
5262
5262
5262
5262
5262
5262
5264
5264
5264
5264
5264
5264
5266
5268
5268
5268
5268
5270
5270
5272
5272
5272
5272
5272
5274
5274
5274
5276
5276
5276
5276
5276
5278
5278
5278
5280
5280
5280
5280
5282
5282
5282
5282
5282
5282
5284
5284
5284
5284
5284
5286
5286
5286
5286
5286
5286
5288
5288
5288
5288
5290
5290
5292
5292
5292
5292
5294
5294
5294
5294
5294
5296
5296
5296
5296
5296
5296
5298
5300
5300
5300
5300
5302
5302
5302
5302
5302
5304
5304
5304
5304
5304
5306
5308
5308
5308
5308
5308
5310
5312
5312
5314
5314
5314
5314
5314
5314
5316
5318
5320
5320
5320
5320
5322
5322
5322
5322
5324
5324
5324
5324
5326
5326
5328
5328
5328
5328
5328
5330
5330
5332
5332
5332
5334
5334
5334
5334
5334
5336
5336
5336
5336
5338
5338
5338
5338
5340
5340
5340
5340
5340
5342
5342
5342
5344
5344
5346
5346
5346
5346
5346
5348
5348
5350
5350
5350
5352
5352
5352
5356
5358
5358
5362
5362
5364
5364
5366
5366
5366
5368
5368
5368
5368
5370
5370
5370
5372
5372
5372
5372
5374
5376
5376
5376
5376
5378
5380
5382
5382
5384
5386
5386
5386
5386
5388
5390
5392
5392
5392
5394
5394
5394
5394
5394
5398
5398
5400
5402
5402
5402
5404
5404
5404
5406
5406
5408
5408
5408
5408
5410
5410
5410
5410
5410
5412
5412
5412
5412
5412
5414
5414
5416
5416
5416
5418
5418
5418
5418
5420
5422
5422
5422
5422
5422
5422
5424
5424
5424
5426
5426
5426
5428
5428
5430
5430
5432
5432
5432
5434
5434
5434
5438
5438
5438
5438
5440
5440
5444
5444
5448
5448
5448
5450
5450
5450
5452
5454
5456
5458
5460
5460
5460
5460
5460
5462
5462
5462
5464
5464
5464
5466
5466
5466
5468
5468
5468
5470
5472
5472
5472
5472
5474
5478
5478
5480
5480
5480
5480
5482
5486
5486
5488
5488
5488
5488
5494
5502
5504
5504
5504
5506
5508
5508
5510
5510
5510
5510
5510
5512
5512
5514
5514
5514
5516
5516
5516
5518
5518
5518
5520
5520
5520
5522
5524
5524
5526
5528
5528
5530
5532
5534
5534
5536
5538
5540
5540
5546
5546
5548
5548
5550
5552
5552
5554
5556
5556
5560
5562
5562
5562
5562
5566
5566
5568
5570
5572
5574
5580
5582
5584
5586
5586
5588
5588
5594
5594
5594
5596
5598
5600
5600
5602
5606
5608
5610
5610
5612
5614
5616
5616
5616
5616
5618
5620
5620
5620
5622
5624
5624
5624
5624
5626
5626
5628
5632
5634
5636
5636
5638
5638
5640
5642
5644
5646
5646
5648
5650
5654
5654
5658
5660
5660
5662
5662
5662
5664
5664
5666
5666
5672
5672
5674
5674
5674
5676
5678
5680
5680
5682
5682
5682
5682
5684
5686
5688
5690
5690
5690
5692
5692
5692
5694
5694
5694
5696
5696
5700
5700
5700
5704
5706
5708
5710
5710
5712
5714
5716
5718
5718
5720
5722
5722
5722
5724
5730
5734
5734
5736
5738
5740
5740
5744
5746
5746
5748
5748
5752
5754
5754
5754
5756
5760
5760
5764
5764
5766
5768
5768
5768
5770
5772
5776
5778
5778
5778
5780
5780
5782
5782
5788
5788
5790
5790
5792
5794
5794
5796
5798
5800
5802
5802
5804
5804
5806
5808
5812
5814
5820
5820
5820
5820
5824
5826
5826
5828
5830
5830
5832
5836
5844
5844
5844
5844
5846
5846
5846
5848
5850
5850
5852
5854
5854
5854
5856
5858
5860
5860
5862
5864
5864
5864
5866
5866
5882
5886
5888
5890
5892
5896
5898
5898
5900
5900
5902
5904
5906
5908
5908
5914
5916
5916
5920
5920
5920
5922
5926
5932
5932
5932
5936
5936
5938
5942
5942
5946
5946
5946
5946
5952
5954
5954
5958
5960
5960
5962
5962
5962
5966
5966
5966
5970
5972
5972
5974
5974
5976
5980
5982
5984
5984
5984
5988
5990
5990
5994
5996
5996
5998
5998
5998
6000
6000
6000
6004
6008
6008
6010
6010
6012
6012
6016
6016
6018
6024
6024
6028
6030
6030
6030
6034
6034
6034
6036
6038
6038
6038
6040
6042
6042
6046
6048
6050
6050
6056
6058
6058
6060
6060
6066
6068
6068
6068
6070
6072
6076
6076
6076
6078
6080
6080
6080
6086
6086
6090
6090
6092
6092
6092
6094
6098
6098
6098
6106
6108
6108
6116
6126
6128
6134
6140
6140
6144
6144
6160
6162
6162
6164
6170
6182
6186
6188
6188
6200
6202
6214
6218
6220
6222
6232
6242
6242
6242
6250
6256
6262
6264
6276
6282
6294
6300
6308
6308
6314
6318
6350
6350
6352
6354
6362
6370
6376
6390
6400
6420
6426
6430
6444
6444
6446
6458
6470
6498
6504
6524
6568
6580
6584
6592
6614
6664
6668
6736
6740
6770
6814
6852
6862
6900
6906
6912
6918
6940
6956
6958
6968
6976
6982
6996
6996
7016
7018
7018
7032
7036
7056
7058
7072
7092
7144
7168
7174
7180
7194
7210
7212
7214
7218
7218
7262
7270
7270
7276
7280
7284
7300
7330
7338
7358
7400
7444
7444
7462
7470
7518
7528
7572
7596
7622
7638
7660
7682
7702
7712
7750
7770
7896
7898
7940
8126
8174
8190
8200
8360
8406
8778
8858
8990
9146
9210
9456
9608
9988
11358
11786
13182
15034
15040
15516
17572
17772
18410
21092
