Latencies
5214
5262
5274
5318
5340
5340
5340
5340
5344
5350
5358
5358
5366
5366
5368
5370
5372
5378
5378
5378
5378
5378
5380
5388
5388
5396
5396
5400
5400
5400
5402
5406
5406
5416
5416
5424
5424
5426
5430
5440
5442
5444
5444
5448
5450
5460
5464
5466
5468
5468
5476
5478
5480
5484
5490
5494
5496
5502
5506
5506
5508
5518
5520
5526
5526
5526
5534
5550
5554
5562
5562
5572
5574
5580
5584
5594
5602
5614
5616
5618
5618
5624
5626
5642
5644
5644
5654
5658
5660
5660
5666
5678
5694
5710
5712
5712
5714
5716
5722
5722
5742
5748
5748
5748
5752
5752
5754
5768
5802
5814
5824
5826
5834
5838
5844
5850
5856
5868
5874
5882
5886
5890
5892
5902
5916
5938
5954
5962
5964
5976
6014
6032
6038
6040
6062
6074
6090
6094
6096
6102
6122
6156
6160
6170
6196
6202
6204
6230
6244
6256
6256
6258
6286
6296
6378
6410
6436
6452
6456
6468
6504
6510
6572
6578
6584
6592
6608
6658
6678
6778
6826
6830
6858
6872
6900
6944
6980
7004
7042
7058
7110
7170
7176
7346
7372
7400
7420
7434
7448
7452
7512
7512
7590
7640
7676
7734
7776
7778
7888
7892
7996
8000
8066
8102
8194
8224
8228
8268
8274
8304
8304
8366
8374
8418
8614
8620
8640
8678
8682
8708
8734
8764
8822
8890
8924
8980
8986
9036
9166
9230
9232
9296
9322
9356
9416
9456
9488
9522
9522
9646
9658
9710
9722
9778
9778
9786
9864
9878
9878
9926
9974
9984
10032
10040
10078
10092
10184
10244
10250
10384
10422
10434
10436
10514
10522
10550
10556
10572
10574
10578
10598
10680
10684
10788
10852
10904
10950
10954
11064
11110
11130
11226
11252
11274
11322
11334
11348
11350
11366
11430
11442
11458
11462
11506
11548
11610
11612
11634
11662
11690
11692
11740
11826
11922
11930
11948
11968
11968
12006
12024
12036
12060
12060
12060
12158
12190
12226
12278
12360
12366
12388
12404
12464
12484
12494
12506
12510
12598
12606
12630
12638
12710
12760
12800
12818
12858
12898
12926
12954
12992
13024
13024
13038
13050
13112
13292
13294
13294
13322
13324
13342
13346
13392
13440
13496
13524
13572
13576
13594
13678
13700
13724
13808
13812
13816
13820
13862
13866
13990
13996
14010
14014
14020
14022
14026
14026
14042
14098
14100
14184
14228
14242
14244
14262
14268
14270
14272
14274
14304
14306
14320
14320
14326
14340
14352
14372
14392
14406
14454
14456
14456
14458
14472
14482
14484
14486
14496
14496
14508
14538
14538
14542
14582
14588
14592
14594
14606
14612
14614
14620
14632
14632
14636
14636
14644
14662
14664
14676
14678
14678
14682
14684
14684
14702
14724
14744
14744
14746
14752
14756
14758
14766
14776
14794
14798
14804
14812
14824
14824
14824
14830
14830
14832
14834
14840
14848
14850
14852
14856
14858
14862
14862
14866
14870
14878
14880
14880
14886
14890
14890
14898
14908
14908
14908
14910
14912
14912
14920
14922
14922
14930
14930
14932
14934
14936
14938
14940
14942
14948
14948
14950
14954
14954
14962
14964
14964
14964
14964
14972
14974
14974
14976
14976
14978
14986
14992
14992
15000
15000
15002
15002
15006
15012
15014
15022
15026
15026
15026
15030
15030
15030
15032
15032
15036
15042
15044
15066
15072
15074
15078
15086
15090
15094
15096
15096
15124
15124
15124
15126
15130
15134
15134
15134
15136
15146
15150
15152
15156
15156
15160
15164
15168
15168
15168
15170
15170
15170
15172
15172
15174
15176
15176
15178
15178
15182
15184
15188
15188
15192
15194
15196
15202
15204
15204
15212
15214
15218
15220
15224
15234
15238
15240
15240
15246
15262
15266
15268
15270
15272
15288
15292
15294
15294
15296
15310
15310
15316
15318
15324
15334
15336
15338
15350
15362
15362
15368
15370
15372
15372
15374
15378
15378
15380
15380
15386
15390
15404
15420
15434
15450
15454
15464
15468
15472
15484
15486
15486
15486
15494
15500
15502
15506
15514
15524
15530
15540
15546
15548
15548
15548
15566
15574
15580
15584
15586
15614
15682
15718
15724
15754
15780
15786
15812
15888
15896
15936
16002
16020
16070
16098
16114
16170
16230
16336
16358
16374
16386
16422
16560
16684
16854
17168
17258
17362
17720
17728
17752
17774
17924
18348
18518
18652
18708
19004
19324
19380
19684
19800
19896
20128
20180
20412
20510
20688
20758
20774
20822
20870
21090
21104
21230
21500
21532
21622
21720
21736
21840
22214
22222
22232
22248
22256
22546
22700
22716
22978
22988
23402
23442
23500
23592
23688
23692
23754
23790
23836
23864
23918
23922
23986
23986
24100
24110
24186
24236
24238
24260
24268
24278
24282
24356
24358
24376
24388
24388
24388
24396
24408
24422
24444
24558
24596
24650
24678
24678
24702
24730
24802
24802
24874
24914
24930
24966
24974
25008
25024
25040
25076
25144
25160
25190
25200
25250
25254
25372
25492
25510
25518
25518
25526
25644
25656
25672
25722
25754
25756
25838
26130
26228
26558
27054
27184
27238
27614
27642
27754
28408
28424
28512
28556
29054
29236
29272
29572
29608
29690
29924
29942
30114
30868
30912
30918
30926
30942
31080
31534
31538
31764
31958
31968
32028
32040
32148
32152
32252
32416
32616
32820
33028
33284
33370
33382
33594
33726
33750
33768
33806
33838
33848
33858
33868
33870
33944
34018
34022
34028
34044
34064
34078
34084
34096
34120
34216
34250
34280
34308
34314
34316
34374
34386
34396
34404
34428
34436
34440
34444
34448
34452
34452
34458
34466
34504
34516
34518
34550
34584
34588
34600
34610
34614
34628
34634
34634
34638
34648
34658
34664
34668
34668
34670
34670
34692
34692
34694
34698
34702
34702
34702
34704
34706
34720
34722
34730
34742
34746
34748
34752
34758
34764
34778
34784
34794
34798
34810
34822
34826
34830
34832
34836
34846
34860
34860
34902
34944
34992
34992
34996
35022
35046
35070
35146
35152
35154
35160
35168
35172
35178
35238
35242
35244
35260
35282
35292
35310
35390
35458
35468
35544
35552
35558
35620
35630
35682
35896
36006
38606
40060
40530
43598
43760
43802
43924
44014
44066
44682
44890
53908
54624
68336
98938
258626
3042336
