Latencies
5328
5332
5336
5336
5344
5358
5360
5388
5392
5398
5400
5402
5402
5402
5404
5404
5404
5406
5408
5408
5412
5414
5416
5418
5418
5420
5424
5426
5426
5426
5432
5436
5436
5436
5436
5438
5440
5442
5446
5446
5448
5450
5452
5452
5454
5458
5462
5462
5462
5464
5464
5466
5468
5468
5470
5472
5472
5472
5480
5482
5482
5484
5484
5486
5494
5496
5498
5498
5498
5500
5502
5502
5504
5504
5506
5506
5508
5510
5510
5516
5516
5518
5518
5518
5520
5520
5526
5532
5534
5538
5540
5540
5540
5542
5542
5544
5548
5550
5556
5558
5564
5570
5570
5572
5572
5576
5578
5580
5580
5584
5584
5592
5602
5602
5606
5608
5608
5614
5614
5616
5618
5622
5622
5624
5626
5628
5638
5640
5646
5650
5654
5658
5660
5660
5662
5662
5666
5668
5668
5668
5682
5692
5694
5702
5704
5704
5706
5706
5718
5720
5720
5730
5732
5734
5740
5742
5750
5754
5758
5758
5760
5760
5766
5770
5770
5770
5778
5780
5784
5788
5790
5794
5794
5796
5796
5796
5802
5808
5812
5814
5814
5816
5824
5824
5846
5846
5848
5852
5854
5858
5864
5870
5874
5878
5890
5896
5896
5898
5910
5912
5924
5924
5924
5924
5932
5936
5944
5956
5958
5958
5960
5962
5966
5966
5966
5968
5968
5990
5990
5990
5992
5996
5996
5996
5998
6000
6004
6004
6006
6006
6010
6010
6010
6014
6016
6018
6024
6026
6056
6056
6058
6062
6064
6070
6076
6076
6076
6080
6096
6096
6100
6100
6108
6110
6112
6120
6120
6126
6128
6128
6130
6132
6136
6136
6136
6150
6150
6150
6152
6164
6168
6168
6172
6174
6178
6182
6184
6200
6200
6204
6208
6210
6210
6218
6222
6238
6246
6254
6258
6260
6262
6264
6276
6280
6280
6280
6284
6296
6298
6308
6320
6320
6340
6344
6350
6354
6390
6390
6406
6420
6420
6426
6434
6446
6456
6468
6472
6474
6496
6506
6508
6510
6522
6538
6538
6554
6558
6570
6612
6620
6622
6636
6644
6656
6660
6732
6746
6766
6846
6854
6878
6880
6886
6928
6952
6972
6976
6982
6986
6990
6994
7004
7036
7048
7048
7056
7080
7086
7094
7114
7134
7154
7190
7250
7250
7286
7310
7314
7334
7396
7448
7448
7448
7454
7470
7500
7510
7526
7560
7562
7598
7616
7628
7634
7638
7640
7654
7674
7690
7738
7742
7750
7780
7928
7932
7954
7994
8000
8000
8030
8036
8052
8068
8070
8080
8084
8084
8086
8100
8108
8152
8230
8250
8324
8430
8434
8446
8462
8474
8500
8500
8526
8538
8552
8562
8600
8616
8648
8708
8710
8718
8724
8758
8782
8788
8796
8858
8862
8868
8872
8932
8938
8970
9000
9010
9010
9018
9120
9134
9184
9186
9200
9284
9308
9324
9330
9342
9352
9372
9384
9438
9452
9462
9462
9480
9480
9504
9510
9514
9520
9634
9646
9730
9770
9774
9790
9822
9822
9842
9874
9876
9952
9970
10006
10012
10022
10046
10054
10076
10098
10136
10192
10226
10234
10234
10286
10442
10468
10516
10522
10554
10568
10572
10600
10604
10612
10682
10698
10710
10758
10772
10842
10860
10866
10870
10888
10912
10982
11008
11028
11032
11066
11072
11100
11136
11136
11190
11256
11314
11438
11450
11464
11486
11490
11534
11538
11542
11556
11580
11582
11630
11684
11696
11698
11718
11736
11746
11772
11814
11826
11848
11892
11934
11952
11956
12002
12014
12030
12034
12044
12120
12124
12130
12204
12270
12284
12290
12332
12336
12350
12354
12374
12458
12478
12492
12502
12536
12538
12550
12556
12556
12580
12596
12606
12634
12636
12658
12662
12688
12708
12726
12752
12754
12826
12826
12848
12870
12878
12886
12912
12914
12938
12942
12950
12952
12976
13008
13024
13026
13038
13078
13118
13138
13150
13168
13170
13286
13292
13320
13344
13364
13428
13470
13480
13480
13508
13510
13544
13564
13642
13646
13660
13680
13692
13694
13716
13728
13732
13734
13774
13832
13836
13874
13892
13904
13922
13928
13944
13966
13982
13986
14046
14058
14060
14088
14088
14104
14116
14144
14146
14188
14198
14204
14208
14210
14246
14258
14258
14262
14302
14346
14354
14380
14402
14408
14416
14442
14444
14460
14462
14468
14470
14474
14488
14518
14530
14544
14546
14556
14562
14566
14570
14586
14592
14594
14598
14602
14606
14610
14628
14634
14640
14642
14644
14648
14664
14674
14676
14676
14686
14688
14690
14692
14700
14702
14706
14706
14716
14716
14718
14720
14730
14730
14730
14738
14740
14742
14752
14754
14754
14758
14762
14764
14768
14776
14776
14776
14784
14790
14792
14794
14794
14794
14796
14796
14804
14804
14808
14808
14808
14812
14814
14816
14816
14818
14818
14820
14822
14824
14834
14842
14842
14846
14846
14846
14852
14858
14860
14864
14866
14870
14872
14874
14876
14876
14880
14880
14882
14886
14888
14892
14892
14896
14902
14906
14906
14908
14916
14922
14926
14938
14940
14940
14946
14948
14950
14952
14962
14964
14970
14976
14986
14988
14994
14998
14998
15018
15018
15018
15024
15032
15038
15040
15040
15044
15046
15048
15050
15054
15062
15062
15062
15064
15064
15070
15082
15084
15084
15086
15086
15090
15096
15098
15102
15104
15112
15114
15114
15118
15120
15132
15134
15138
15164
15166
15166
15166
15168
15170
15170
15172
15174
15184
15192
15194
15200
15202
15206
15210
15210
15216
15220
15220
15220
15222
15248
15260
15268
15274
15274
15282
15282
15284
15290
15300
15306
15308
15314
15324
15328
15352
15352
15354
15362
15364
15372
15388
15388
15396
15404
15408
15410
15412
15424
15428
15432
15434
15434
15442
15442
15444
15448
15450
15452
15488
15492
15498
15520
15538
15548
15552
15552
15556
15582
15588
15594
15600
15602
15628
15636
15640
15666
15730
15730
15734
15736
15776
15778
15828
15874
15978
16052
16092
16136
16150
16348
16492
16766
17744
17840
18012
18190
18638
18930
19206
19222
19230
19466
19600
20134
20342
20618
20858
21378
21674
22020
22560
23100
23548
23572
23632
23794
23868
23940
23994
24076
24088
24090
24240
24282
24290
24468
24502
24534
24542
24548
24560
24590
24610
24718
24888
24912
24968
24992
25204
25438
25448
25800
33354
33694
34510
34838
36074
40648
43134
44494
79060
123322
151644
399982
