Latencies
5464
5474
5492
5496
5530
5532
5542
5550
5554
5556
5572
5572
5582
5582
5594
5608
5618
5682
5752
5760
5766
5784
5816
5822
5848
5848
5852
5886
5886
5894
5896
5910
5910
5912
5920
5944
5952
5956
5958
5990
5994
6002
6016
6018
6028
6050
6058
6062
6068
6070
6098
6098
6098
6114
6148
6160
6166
6196
6212
6218
6242
6254
6262
6272
6306
6318
6328
6344
6362
6376
6376
6380
6390
6396
6398
6398
6410
6412
6420
6452
6486
6490
6534
6538
6542
6552
6554
6562
6584
6584
6592
6608
6614
6642
6654
6658
6692
6718
6740
6768
6836
6860
6902
6924
6926
6950
6968
6970
6984
7024
7034
7036
7042
7042
7048
7060
7078
7094
7102
7106
7108
7120
7150
7182
7184
7186
7206
7218
7222
7230
7244
7270
7304
7398
7404
7408
7428
7438
7444
7450
7456
7498
7502
7502
7522
7652
7660
7674
7676
7698
7704
7712
7732
7740
7786
7786
7788
7826
7872
7880
7884
7972
7974
8008
8016
8038
8090
8122
8152
8184
8202
8208
8240
8266
8274
8300
8326
8344
8362
8364
8378
8420
8428
8428
8446
8462
8470
8480
8484
8522
8540
8542
8544
8558
8604
8662
8662
8662
8676
8678
8722
8730
8750
8776
8798
8816
8834
8858
8870
8886
8888
8904
8942
8972
8988
9002
9050
9066
9066
9100
9124
9134
9170
9182
9186
9200
9226
9234
9240
9360
9370
9376
9386
9410
9466
9506
9508
9514
9536
9544
9576
9614
9642
9650
9662
9664
9674
9682
9718
9748
9784
9860
9900
9900
9906
9914
10026
10066
10074
10098
10108
10112
10156
10158
10166
10186
10208
10276
10292
10380
10382
10446
10492
10502
10518
10518
10518
10532
10590
10594
10614
10622
10628
10636
10654
10660
10704
10828
10872
10892
10966
10992
11034
11048
11134
11154
11164
11212
11272
11290
11294
11322
11330
11356
11376
11380
11390
11396
11402
11438
11452
11476
11512
11512
11516
11520
11538
11600
11606
11658
11694
11696
11706
11730
11752
11770
11780
11788
11806
11828
11866
11882
11924
12016
12040
12042
12094
12142
12150
12178
12258
12316
12340
12356
12362
12384
12392
12440
12476
12582
12710
12730
12742
12750
12802
12812
12814
12858
12868
12870
12870
12876
12890
12898
12988
13036
13052
13090
13108
13112
13134
13172
13202
13208
13248
13268
13272
13274
13282
13308
13394
13424
13450
13474
13500
13532
13540
13542
13554
13560
13562
13568
13588
13634
13642
13664
13700
13712
13744
13754
13798
13800
13800
13806
13824
13836
13840
13878
13912
13912
13928
13946
13960
14012
14030
14084
14096
14134
14134
14150
14172
14196
14210
14214
14236
14242
14280
14286
14288
14296
14310
14330
14342
14408
14412
14426
14434
14446
14450
14476
14508
14566
14568
14578
14580
14582
14598
14600
14602
14604
14610
14610
14618
14628
14642
14652
14656
14664
14666
14670
14686
14692
14706
14724
14746
14750
14760
14766
14766
14780
14798
14802
14804
14810
14816
14820
14820
14822
14858
14868
14876
14896
14900
14900
14912
14924
14962
14968
14970
14972
14974
15006
15028
15028
15042
15044
15046
15054
15066
15074
15090
15096
15102
15138
15138
15176
15192
15196
15198
15198
15220
15226
15230
15232
15242
15256
15258
15264
15270
15284
15290
15292
15294
15298
15302
15302
15308
15314
15346
15372
15376
15392
15396
15404
15432
15440
15454
15460
15484
15484
15486
15494
15504
15508
15548
15568
15574
15582
15584
15586
15588
15594
15614
15620
15622
15628
15630
15636
15636
15654
15684
15696
15736
15738
15744
15746
15762
15764
15782
15830
15834
15890
15890
15892
15894
15966
15998
16002
16058
16070
16072
16072
16096
16132
16236
16238
16256
16270
16304
16350
16480
16504
16514
16520
16592
16608
16616
16648
16702
16812
16814
16866
16914
16920
17030
17110
17150
17156
17160
17176
17200
17220
17282
17354
17358
17416
17520
17526
17636
17638
17674
17858
17884
17918
17996
18036
18102
18146
18174
18214
18234
18308
18328
18366
18374
18382
18460
18468
18478
18480
18518
18520
18536
18604
18654
18680
18684
18692
18706
18814
18924
19004
19026
19096
19142
19228
19354
19400
19428
19498
19524
19534
19682
19686
19718
19776
19896
19926
19932
19934
19948
20038
20094
20160
20264
20314
20400
20516
20522
20716
20738
20744
20832
20900
20926
20994
21004
21006
21014
21222
21316
21332
21334
21352
21364
21380
21476
21514
21614
21616
21644
21712
21718
22002
22002
22078
22132
22276
22306
22316
22386
22398
22432
22460
22480
22564
22598
22660
22704
22736
22824
22878
22894
22942
23006
23042
23084
23100
23174
23204
23218
23218
23234
23258
23282
23284
23340
23342
23362
23364
23526
23530
23600
23640
23660
23694
23702
23706
23744
23760
23788
23790
23840
23844
23908
23990
23996
24012
24020
24022
24026
24046
24082
24088
24104
24146
24250
24262
24284
24292
24292
24306
24310
24378
24388
24430
24442
24502
24522
24532
24532
24538
24586
24602
24608
24622
24626
24656
24684
24696
24700
24700
24700
24706
24740
24740
24752
24756
24792
24792
24810
24828
24844
24864
24884
24892
24896
24898
24908
24912
24946
24948
24948
24952
24962
24974
24998
25000
25004
25050
25076
25096
25112
25118
25126
25154
25162
25170
25208
25210
25232
25236
25246
25246
25254
25268
25278
25280
25310
25322
25336
25340
25344
25348
25356
25366
25402
25424
25432
25456
25466
25482
25508
25508
25512
25516
25526
25526
25534
25534
25536
25542
25546
25562
25574
25578
25606
25624
25632
25640
25650
25700
25732
25736
25750
25778
25778
25820
25892
25894
25968
25986
25996
26004
26018
26078
26102
26154
26308
26346
26432
26504
26506
26510
26548
26720
26784
26858
27094
27224
27292
27662
27758
27896
28296
28318
28404
28554
29006
30176
30302
30680
30730
30842
31130
31296
31348
31680
31700
31740
31752
32334
32348
33054
33162
33404
33660
33922
34740
34848
35348
35750
35898
36002
37366
39514
41408
44048
54358
55942
58584
98910
361470
666058
1508918
2929462
3009704
4527278
11454028
