Latencies
5154
5158
5222
5230
5240
5250
5250
5250
5256
5256
5260
5262
5266
5268
5268
5270
5274
5274
5280
5280
5282
5290
5296
5298
5300
5302
5302
5304
5308
5308
5310
5312
5314
5318
5320
5320
5320
5320
5322
5324
5324
5324
5332
5334
5334
5338
5342
5344
5348
5348
5352
5354
5354
5358
5362
5362
5366
5368
5368
5378
5378
5382
5382
5386
5386
5390
5390
5392
5392
5394
5394
5394
5396
5396
5398
5398
5400
5400
5404
5404
5410
5414
5414
5420
5420
5422
5430
5430
5430
5432
5434
5434
5434
5438
5442
5450
5450
5452
5454
5456
5456
5460
5468
5474
5476
5480
5480
5484
5484
5484
5486
5490
5492
5494
5496
5496
5502
5504
5510
5510
5514
5514
5518
5520
5522
5526
5528
5528
5530
5532
5536
5536
5536
5538
5540
5540
5540
5550
5558
5558
5562
5584
5586
5588
5590
5590
5592
5600
5604
5604
5608
5610
5614
5616
5620
5624
5628
5630
5638
5640
5640
5650
5652
5654
5658
5666
5668
5676
5678
5684
5686
5690
5692
5698
5700
5704
5706
5708
5708
5708
5710
5710
5712
5714
5714
5716
5716
5716
5720
5720
5722
5730
5734
5736
5762
5764
5770
5770
5770
5778
5778
5784
5786
5790
5790
5792
5794
5800
5800
5800
5810
5822
5826
5828
5830
5830
5830
5832
5834
5836
5838
5842
5846
5848
5858
5866
5868
5870
5872
5874
5876
5880
5884
5886
5894
5896
5904
5916
5920
5924
5928
5930
5936
5938
5942
5950
5956
5956
5958
5958
5964
5964
5968
5970
5980
5982
5986
5992
5992
5994
5996
5998
6000
6004
6006
6010
6014
6024
6024
6042
6042
6048
6054
6062
6066
6066
6066
6078
6100
6102
6112
6118
6126
6150
6168
6170
6186
6188
6196
6198
6208
6216
6216
6218
6220
6234
6234
6246
6280
6288
6304
6306
6306
6314
6314
6316
6316
6336
6340
6340
6362
6372
6376
6398
6450
6470
6470
6474
6530
6538
6568
6592
6618
6668
6702
6704
6716
6764
6778
6808
6816
6826
6830
6838
6846
6862
6900
6950
6954
6960
6974
6988
6990
6996
7006
7008
7010
7046
7046
7052
7080
7104
7104
7140
7148
7154
7178
7178
7216
7222
7222
7244
7272
7282
7298
7298
7308
7322
7324
7348
7388
7422
7470
7478
7492
7496
7538
7566
7594
7596
7604
7616
7618
7622
7656
7656
7660
7708
7722
7742
7828
7856
7858
7922
7922
7932
7966
8016
8046
8072
8072
8072
8074
8082
8102
8120
8152
8160
8176
8176
8202
8238
8250
8252
8270
8274
8294
8358
8404
8414
8420
8422
8434
8440
8460
8478
8480
8492
8502
8520
8528
8536
8544
8552
8584
8616
8648
8650
8654
8678
8734
8742
8800
8838
8840
8858
8882
8888
8904
8934
8938
8968
8972
8982
9002
9046
9046
9050
9078
9104
9158
9178
9256
9262
9264
9268
9280
9282
9292
9292
9378
9412
9414
9468
9508
9514
9526
9540
9592
9626
9646
9654
9664
9688
9796
9832
9842
9854
9866
9868
9878
9890
9914
9934
9948
9948
9980
10004
10006
10006
10022
10056
10108
10150
10154
10156
10220
10222
10258
10304
10344
10376
10522
10576
10616
10686
10708
10752
10800
10834
10874
10916
10938
10952
11000
11008
11058
11066
11106
11132
11198
11206
11208
11224
11232
11274
11292
11298
11306
11314
11334
11338
11364
11382
11388
11392
11412
11412
11504
11514
11616
11644
11646
11650
11674
11690
11694
11694
11708
11740
11762
11830
11846
11852
11866
11866
11898
11906
11932
11940
12016
12018
12050
12082
12084
12136
12168
12172
12200
12202
12248
12252
12256
12278
12294
12304
12308
12324
12372
12380
12380
12404
12434
12470
12474
12476
12502
12542
12546
12606
12638
12692
12718
12720
12722
12788
12796
12804
12814
12860
12892
12892
12894
12902
12904
12922
12962
12964
13014
13062
13064
13072
13090
13118
13132
13142
13168
13172
13194
13222
13262
13308
13308
13340
13406
13428
13460
13460
13478
13486
13572
13606
13648
13658
13660
13662
13682
13718
13774
13818
13824
13830
13846
13850
13856
13858
13866
13894
13908
13924
13948
13960
14034
14056
14074
14074
14082
14096
14140
14164
14198
14288
14308
14310
14314
14316
14322
14338
14340
14360
14370
14378
14380
14382
14384
14400
14400
14404
14404
14408
14408
14412
14430
14436
14446
14448
14474
14482
14484
14490
14504
14506
14508
14526
14528
14528
14528
14536
14542
14556
14564
14574
14580
14590
14590
14594
14604
14608
14608
14618
14642
14658
14658
14668
14674
14678
14688
14692
14696
14702
14702
14704
14704
14728
14730
14732
14734
14736
14738
14750
14760
14762
14776
14778
14784
14788
14796
14796
14808
14814
14816
14824
14828
14836
14836
14842
14842
14846
14866
14870
14880
14884
14884
14890
14892
14892
14894
14896
14898
14900
14900
14910
14912
14914
14924
14926
14926
14926
14930
14932
14934
14938
14942
14944
14944
14952
14958
14966
14990
14998
15010
15020
15022
15026
15034
15038
15040
15040
15042
15042
15044
15046
15048
15050
15058
15062
15066
15070
15072
15074
15076
15078
15084
15088
15088
15094
15096
15100
15102
15120
15122
15122
15126
15132
15146
15146
15158
15162
15172
15174
15184
15188
15200
15210
15210
15212
15224
15230
15234
15234
15236
15248
15250
15260
15260
15262
15266
15270
15272
15274
15280
15292
15296
15300
15302
15308
15310
15312
15320
15322
15338
15340
15350
15350
15352
15362
15378
15386
15390
15406
15408
15434
15448
15470
15478
15480
15482
15502
15502
15530
15532
15558
15558
15566
15580
15582
15586
15586
15586
15604
15624
15630
15636
15650
15716
15722
15724
15734
15740
15768
15768
15784
15790
15796
15800
15820
15842
15854
15856
15864
15886
15926
15946
15980
16066
16114
16116
16150
16244
16272
16386
16458
16648
16830
16904
17268
17302
18308
18670
19012
20706
21400
22702
22832
23176
24106
24206
24214
24244
24382
24500
24510
24524
24710
24766
24776
24804
24876
24944
25100
25234
25242
25308
25498
26174
26200
27310
34198
34250
34406
34450
38702
39994
46324
58920
761528
