Latencies
5270
5322
5356
5386
5398
5408
5432
5450
5482
5488
5490
5510
5518
5564
5810
5840
5948
6028
6102
6338
6354
6378
6390
6426
6436
6490
6498
6512
6540
6666
6668
6700
6808
6882
6908
7168
7234
7312
7352
7406
7416
7446
7550
7556
7578
7578
7584
7664
7758
7908
8072
8090
8248
8272
8288
8290
8352
8520
8524
8682
8742
8866
8992
9030
9038
9046
9068
9140
9148
9170
9218
9262
9294
9416
9438
9450
9494
9524
9568
9604
9652
9736
9778
9916
10076
10080
10100
10238
10348
10394
10434
10534
10542
10542
10550
10568
10568
10598
10640
10646
10656
10664
10754
10758
10764
10804
10834
10856
10880
10932
11060
11226
11228
11238
11250
11348
11484
11524
11528
11550
11660
11660
11686
11744
11796
11856
11982
12066
12124
12136
12222
12428
12514
12536
12572
12606
12710
12766
12838
12994
13054
13098
13098
13126
13226
13230
13242
13282
13300
13392
13416
13424
13450
13470
13484
13514
13576
13622
13636
13650
13784
13936
14008
14162
14168
14188
14194
14276
14294
14296
14314
14356
14426
14440
14480
14482
14510
14524
14570
14574
14582
14616
14638
14648
14660
14664
14680
14686
14728
14736
14756
14758
14760
14796
14798
14810
14826
14830
14832
14874
14888
14892
14896
14906
14928
14946
14948
14950
14950
14968
14970
14982
14988
15012
15012
15016
15016
15020
15032
15032
15052
15052
15062
15090
15118
15148
15148
15178
15188
15190
15192
15214
15216
15218
15226
15230
15286
15296
15308
15312
15320
15326
15334
15346
15350
15352
15356
15358
15378
15386
15386
15390
15394
15410
15424
15430
15442
15442
15450
15462
15464
15464
15470
15492
15510
15514
15530
15532
15544
15548
15566
15616
15678
15710
15738
15756
15778
15792
15814
15824
15836
15850
15882
15934
15970
15990
16006
16016
16108
16108
16150
16180
16210
16254
16278
16306
16318
16346
16374
16374
16376
16454
16464
16604
16626
16628
16636
16640
16642
16674
16676
16692
16708
16714
16740
16772
16776
16796
16800
16806
16858
16860
16862
16864
16962
16972
16980
17014
17104
17112
17154
17168
17170
17182
17218
17222
17256
17258
17306
17322
17346
17354
17416
17452
17470
17602
17646
17708
17782
17804
17806
17828
17844
17844
17848
17906
17928
17928
17994
18178
18294
18382
18412
18446
18492
18548
18582
18672
18686
18710
18766
18996
19008
19088
19090
19194
19208
19274
19284
19324
19334
19476
19564
19570
19576
19732
19844
20038
20074
20126
20148
20180
20188
20210
20226
20234
20242
20398
20616
20620
20832
20886
21084
21108
21310
21426
21438
21502
21582
21708
21762
21816
21818
21818
21912
21968
22010
22082
22234
22854
22858
22914
23022
23094
23124
23224
23274
23396
23472
23568
23588
23640
23646
23690
23786
23834
23870
23966
23974
24028
24050
24138
24160
24170
24300
24320
24370
24434
24436
24466
24476
24540
24570
24576
24584
24664
24742
24774
24790
24816
24836
24844
24892
24916
24930
24938
24942
24952
24982
24996
25064
25066
25122
25146
25180
25210
25234
25340
25360
25374
25376
25460
25518
25584
25718
25838
25840
25856
25914
25924
25932
25950
26062
26066
26094
26096
26246
26270
26282
26670
26712
26732
26792
26834
26956
27118
27134
27166
27376
27460
27508
27658
27660
27784
27792
27804
27816
27998
28010
28020
28074
28124
28132
28154
28210
28320
28444
28500
28592
28886
28988
29236
29384
29624
29640
29854
29944
30048
30054
30070
30092
30168
30250
30496
30522
30564
30594
30630
30666
30686
30710
30820
30850
31114
31144
31146
31220
31228
31318
31356
31356
31370
31426
31496
31628
31662
31808
31842
31856
31886
31994
32020
32064
32078
32174
32378
32628
32692
32714
32908
33166
33270
33296
33306
33434
33434
33530
33532
33598
33604
33682
33682
33706
33784
33814
33878
33886
33890
33894
33900
33954
33974
33984
33984
34024
34030
34040
34056
34060
34062
34068
34078
34078
34096
34098
34104
34122
34128
34138
34146
34164
34172
34174
34182
34194
34200
34206
34208
34210
34214
34218
34246
34256
34262
34270
34272
34284
34284
34292
34292
34300
34300
34304
34304
34308
34314
34320
34324
34324
34330
34332
34334
34348
34362
34376
34384
34390
34392
34396
34402
34406
34408
34416
34418
34420
34428
34436
34444
34448
34450
34450
34452
34456
34458
34472
34494
34514
34530
34534
34538
34540
34544
34546
34546
34552
34558
34560
34566
34578
34586
34588
34590
34594
34598
34604
34614
34616
34616
34622
34640
34642
34646
34648
34650
34652
34654
34672
34674
34684
34690
34690
34690
34690
34692
34694
34694
34694
34698
34702
34704
34704
34704
34706
34710
34712
34716
34718
34718
34718
34720
34728
34730
34732
34734
34736
34738
34738
34742
34748
34754
34758
34760
34762
34764
34764
34772
34774
34774
34776
34780
34784
34788
34800
34800
34802
34804
34812
34812
34814
34816
34818
34820
34822
34830
34836
34838
34842
34848
34856
34860
34862
34866
34868
34876
34882
34882
34884
34884
34892
34894
34896
34896
34906
34928
34932
34938
34962
34966
34968
34968
34970
34972
34982
34992
35002
35008
35012
35014
35020
35034
35036
35044
35046
35048
35048
35048
35052
35060
35062
35070
35078
35084
35084
35088
35092
35100
35100
35108
35108
35122
35122
35126
35128
35130
35138
35142
35160
35164
35166
35168
35186
35188
35198
35200
35204
35220
35222
35232
35232
35246
35248
35256
35288
35290
35292
35332
35334
35336
35342
35344
35368
35408
35414
35416
35430
35434
35436
35478
35546
35588
35626
35764
35846
36170
36262
36294
36510
36618
37244
37774
38302
38576
39134
39980
40636
41252
41252
42158
42284
42706
42948
43312
43842
44010
44114
44130
44258
44426
44590
44746
46302
46902
47192
49480
50242
50722
50942
51684
52356
53270
53360
53386
53402
53476
53512
53538
53544
53576
53612
53686
53688
53690
53716
53746
53784
53808
53826
53866
53908
53918
53950
53972
53990
53994
54066
54078
54094
54110
54126
54144
54148
54230
54230
54230
54266
54268
54268
54272
54276
54350
54350
54370
54412
54426
54438
54496
54550
54552
54590
54642
54716
54834
54902
54930
55224
55330
56978
59196
60422
60760
61156
61256
61292
61780
62552
62778
64918
67202
67682
67996
69190
76762
77222
91520
97704
116738
126270
146188
515416
775116
2276360
2539640
23678264
