Latencies
5186
5196
5224
5228
5228
5232
5242
5242
5244
5246
5248
5248
5248
5250
5258
5258
5262
5270
5274
5276
5286
5296
5300
5302
5306
5308
5308
5308
5310
5314
5316
5320
5334
5336
5338
5340
5340
5342
5342
5342
5342
5344
5344
5346
5348
5350
5356
5358
5358
5362
5366
5368
5372
5378
5384
5386
5388
5394
5398
5400
5408
5410
5412
5412
5412
5422
5424
5434
5440
5444
5444
5444
5448
5452
5456
5466
5472
5478
5500
5500
5504
5508
5510
5510
5514
5514
5514
5526
5536
5546
5548
5564
5566
5570
5590
5592
5594
5600
5600
5604
5614
5644
5646
5666
5668
5670
5684
5688
5698
5714
5726
5728
5730
5734
5744
5750
5756
5762
5770
5780
5790
5790
5796
5798
5808
5820
5824
5838
5840
5844
5846
5854
5858
5858
5864
5870
5874
5874
5874
5880
5880
5886
5896
5900
5900
5902
5908
5910
5922
5940
5942
5942
5948
5952
5956
5960
5968
5970
5976
5978
5994
5996
5998
6046
6054
6084
6088
6090
6092
6122
6124
6128
6130
6150
6156
6158
6174
6176
6184
6228
6240
6246
6254
6256
6268
6278
6284
6290
6292
6302
6308
6356
6364
6368
6376
6402
6408
6414
6414
6422
6422
6428
6430
6450
6456
6456
6472
6472
6474
6482
6508
6514
6522
6530
6542
6544
6566
6570
6578
6584
6594
6604
6626
6630
6632
6636
6642
6656
6692
6692
6698
6712
6714
6720
6728
6732
6754
6756
6782
6790
6808
6834
6850
6902
6904
6912
7014
7018
7018
7034
7056
7062
7068
7080
7114
7124
7132
7134
7186
7192
7194
7196
7214
7236
7248
7254
7260
7268
7272
7284
7288
7304
7318
7342
7350
7378
7390
7400
7402
7460
7470
7482
7488
7492
7508
7524
7548
7572
7588
7620
7678
7678
7702
7712
7726
7766
7770
7776
7790
7802
7828
7850
7858
7910
7916
7944
7956
7974
7996
8010
8012
8022
8036
8040
8044
8052
8062
8068
8144
8176
8180
8182
8196
8216
8224
8226
8232
8250
8282
8292
8298
8316
8316
8320
8326
8358
8358
8376
8384
8390
8400
8460
8484
8524
8528
8548
8548
8552
8562
8640
8670
8672
8674
8692
8714
8718
8720
8738
8740
8748
8752
8756
8770
8778
8786
8788
8822
8906
8912
8912
8918
8926
8982
8990
9010
9012
9022
9026
9032
9036
9036
9056
9072
9084
9108
9128
9156
9164
9176
9182
9214
9224
9236
9262
9280
9292
9320
9352
9356
9360
9378
9382
9426
9454
9496
9504
9504
9516
9520
9534
9542
9564
9586
9592
9622
9626
9626
9668
9682
9690
9700
9708
9716
9734
9736
9738
9762
9792
9796
9808
9810
9816
9828
9852
9858
9868
9874
9884
9900
9914
9928
9978
9990
10016
10024
10038
10096
10104
10106
10114
10114
10118
10118
10122
10168
10174
10176
10182
10220
10232
10252
10264
10274
10308
10308
10314
10326
10334
10336
10340
10358
10374
10396
10404
10410
10420
10438
10448
10456
10464
10464
10480
10494
10500
10520
10532
10534
10552
10556
10570
10724
10740
10760
10768
10824
10840
10842
10914
10950
10950
10954
10980
11012
11044
11050
11060
11062
11132
11186
11192
11194
11224
11240
11260
11260
11280
11288
11302
11314
11322
11354
11362
11390
11400
11416
11418
11432
11438
11448
11486
11490
11534
11542
11598
11608
11608
11622
11630
11640
11642
11660
11664
11674
11680
11682
11710
11794
11798
11814
11838
11842
11860
11860
11862
11866
11868
11904
11912
11926
11930
11934
11942
11944
11954
11962
11964
11974
12050
12074
12076
12084
12096
12116
12120
12150
12168
12172
12190
12192
12208
12210
12216
12256
12286
12330
12356
12374
12400
12418
12460
12490
12500
12504
12532
12544
12556
12580
12632
12668
12704
12748
12750
12764
12776
12776
12808
12812
12832
12864
12952
12966
12966
13010
13070
13078
13110
13158
13160
13164
13174
13186
13196
13196
13202
13216
13218
13224
13238
13256
13262
13272
13284
13298
13302
13308
13312
13312
13324
13354
13386
13390
13392
13406
13408
13424
13426
13436
13474
13474
13496
13502
13506
13544
13548
13600
13604
13610
13612
13618
13640
13670
13696
13712
13754
13766
13772
13782
13788
13792
13796
13824
13864
13894
13906
13912
13938
13954
13956
13966
14000
14006
14008
14012
14024
14026
14042
14060
14068
14076
14080
14102
14136
14190
14192
14200
14206
14218
14250
14270
14288
14292
14302
14306
14328
14336
14342
14344
14354
14368
14380
14398
14420
14426
14434
14440
14450
14460
14464
14464
14480
14498
14502
14504
14506
14512
14538
14544
14546
14552
14562
14568
14578
14590
14600
14612
14612
14614
14622
14632
14636
14636
14646
14660
14664
14688
14702
14706
14708
14716
14728
14728
14728
14734
14738
14742
14752
14752
14756
14760
14762
14766
14768
14774
14778
14778
14784
14790
14792
14794
14806
14806
14808
14818
14826
14828
14840
14844
14846
14848
14856
14866
14878
14882
14888
14900
14900
14904
14906
14908
14920
14924
14930
14934
14934
14938
14942
14946
14952
14972
14982
14988
14990
14994
14996
15000
15006
15006
15010
15012
15014
15018
15022
15024
15030
15030
15032
15034
15036
15054
15056
15058
15058
15068
15068
15070
15080
15082
15082
15082
15086
15088
15096
15098
15104
15108
15110
15112
15120
15126
15128
15130
15132
15134
15134
15136
15144
15146
15164
15168
15172
15178
15194
15196
15198
15202
15202
15212
15214
15216
15234
15238
15246
15250
15258
15260
15262
15262
15262
15264
15274
15280
15284
15300
15300
15300
15300
15304
15304
15304
15312
15314
15324
15334
15344
15348
15352
15384
15398
15408
15418
15422
15430
15436
15444
15448
15466
15468
15470
15486
15486
15488
15496
15526
15526
15540
15578
15584
15592
15592
15602
15622
15622
15632
15672
15680
15684
15686
15704
15704
15748
15750
15792
15792
15800
15802
15812
15832
15866
15876
15888
15892
15918
15918
15926
15936
15952
15970
15986
16000
16072
16102
16122
16162
16170
16220
16608
16960
17090
17288
17558
17630
17640
18090
18588
18588
19212
19430
20416
20782
20970
21338
21414
22282
22510
22598
23062
23124
23256
23438
23452
23462
23750
23964
23992
24174
24200
24238
24250
24356
24362
24362
24480
24570
24680
24702
24832
24948
25078
25264
25336
26274
33166
34270
34820
35102
35232
141398
203956
358732
431724
