Latencies
5150
5164
5170
5170
5176
5178
5182
5190
5192
5192
5192
5194
5194
5196
5200
5200
5202
5210
5210
5212
5212
5212
5218
5218
5234
5236
5236
5238
5238
5238
5242
5248
5252
5256
5258
5258
5260
5260
5260
5262
5264
5264
5266
5266
5268
5270
5270
5274
5278
5278
5280
5282
5282
5284
5286
5288
5290
5290
5292
5296
5296
5296
5298
5300
5300
5300
5302
5302
5302
5302
5302
5304
5306
5306
5306
5308
5308
5308
5310
5310
5312
5314
5316
5316
5316
5316
5316
5318
5318
5318
5318
5320
5320
5320
5320
5320
5320
5322
5322
5322
5324
5326
5326
5328
5328
5330
5330
5332
5332
5332
5334
5336
5336
5336
5338
5338
5338
5338
5340
5340
5340
5340
5342
5344
5344
5344
5346
5346
5346
5346
5346
5346
5348
5348
5348
5350
5350
5350
5350
5352
5352
5352
5352
5352
5354
5354
5354
5354
5354
5354
5358
5358
5358
5358
5358
5358
5358
5360
5360
5360
5360
5360
5362
5362
5362
5362
5362
5362
5364
5366
5366
5366
5366
5368
5368
5368
5370
5370
5372
5372
5372
5372
5372
5372
5372
5374
5374
5374
5374
5376
5376
5376
5378
5378
5380
5380
5380
5380
5380
5380
5380
5380
5380
5382
5382
5382
5384
5384
5384
5384
5384
5384
5386
5386
5386
5386
5386
5388
5388
5390
5390
5392
5392
5392
5392
5392
5394
5394
5396
5396
5396
5396
5396
5398
5398
5398
5398
5400
5400
5400
5402
5402
5402
5402
5404
5404
5404
5404
5404
5404
5404
5406
5406
5406
5406
5406
5406
5408
5408
5408
5408
5408
5410
5410
5410
5410
5412
5412
5414
5414
5414
5414
5416
5416
5416
5416
5418
5418
5418
5418
5418
5418
5420
5420
5420
5420
5420
5422
5422
5424
5424
5424
5426
5426
5426
5426
5428
5428
5428
5428
5428
5430
5430
5430
5430
5430
5430
5432
5432
5436
5436
5436
5438
5438
5438
5438
5440
5442
5442
5442
5442
5442
5442
5444
5444
5444
5444
5444
5446
5446
5448
5448
5448
5448
5450
5450
5450
5450
5452
5454
5454
5456
5456
5456
5460
5460
5462
5462
5462
5464
5464
5464
5466
5466
5466
5468
5468
5468
5470
5470
5470
5476
5476
5478
5480
5480
5480
5484
5486
5486
5486
5486
5488
5488
5488
5490
5490
5492
5492
5492
5492
5494
5494
5494
5494
5496
5496
5496
5498
5498
5498
5500
5500
5500
5500
5500
5502
5502
5502
5502
5504
5504
5504
5504
5504
5506
5508
5510
5510
5510
5512
5514
5514
5514
5514
5514
5516
5516
5516
5518
5518
5518
5518
5520
5520
5520
5520
5520
5522
5522
5522
5522
5522
5524
5524
5526
5526
5526
5528
5528
5528
5528
5530
5530
5532
5532
5532
5532
5534
5534
5534
5534
5536
5538
5538
5540
5540
5540
5544
5546
5546
5548
5548
5548
5550
5552
5554
5554
5556
5558
5560
5560
5562
5566
5566
5568
5568
5570
5572
5572
5572
5572
5574
5576
5578
5578
5578
5578
5580
5580
5582
5582
5586
5586
5590
5592
5592
5592
5594
5596
5598
5598
5600
5600
5600
5602
5602
5604
5606
5608
5608
5610
5610
5612
5616
5618
5620
5624
5624
5624
5626
5626
5628
5634
5634
5636
5638
5638
5640
5642
5642
5642
5644
5644
5644
5646
5650
5650
5652
5658
5660
5660
5660
5660
5662
5662
5662
5662
5662
5664
5664
5668
5668
5672
5674
5674
5674
5674
5674
5674
5676
5676
5676
5680
5680
5682
5682
5686
5690
5692
5692
5694
5694
5696
5696
5700
5702
5718
5720
5724
5724
5726
5730
5730
5732
5732
5734
5736
5738
5738
5738
5740
5744
5746
5746
5748
5748
5748
5750
5750
5754
5754
5756
5758
5758
5760
5760
5762
5762
5762
5764
5766
5768
5770
5772
5776
5776
5776
5780
5782
5782
5790
5792
5794
5794
5796
5798
5802
5802
5804
5808
5808
5812
5812
5816
5818
5818
5818
5822
5822
5824
5824
5828
5830
5832
5836
5838
5840
5840
5842
5842
5844
5846
5852
5854
5854
5856
5858
5860
5860
5862
5864
5864
5868
5868
5870
5870
5872
5872
5874
5874
5874
5874
5876
5878
5878
5880
5882
5884
5890
5894
5896
5900
5900
5908
5908
5908
5910
5912
5914
5918
5918
5922
5924
5924
5924
5926
5926
5926
5928
5930
5938
5940
5942
5946
5948
5948
5950
5950
5952
5954
5954
5956
5956
5956
5958
5958
5960
5962
5968
5970
5976
5978
5978
5980
5980
5986
5990
5990
5990
5990
5996
5996
5998
6000
6006
6010
6010
6012
6016
6016
6016
6016
6018
6020
6024
6026
6030
6032
6034
6036
6038
6042
6042
6046
6046
6050
6052
6052
6062
6064
6066
6066
6070
6076
6076
6078
6082
6088
6088
6090
6094
6094
6094
6096
6096
6102
6108
6116
6118
6118
6120
6124
6134
6134
6140
6142
6144
6150
6150
6150
6154
6154
6156
6168
6168
6170
6180
6182
6188
6192
6194
6194
6200
6202
6204
6206
6206
6208
6208
6214
6222
6222
6226
6236
6238
6248
6254
6262
6280
6282
6286
6290
6290
6296
6298
6304
6304
6304
6312
6314
6326
6328
6344
6360
6362
6364
6420
6426
6428
6430
6432
6462
6462
6464
6464
6486
6510
6522
6540
6588
6594
6596
6602
6614
6678
6706
6712
6714
6722
6730
6730
6734
6748
6774
6780
6806
6816
6832
6852
6878
6878
6888
6918
6986
7080
7084
7096
7142
7184
7214
7250
7254
7302
7314
7316
7340
7350
7368
7428
7462
7480
7616
7774
7890
7936
7988
8036
8052
8058
8202
8264
8348
8442
8496
8568
8764
8952
9246
9508
9792
9900
9988
10010
10144
10362
10620
10626
11100
11298
11816
12134
13600
13754
13870
13984
14386
14748
15682
16510
16530
17334
17854
18058
18248
18496
18634
18798
20048
20498
20866
21020
21022
21418
21456
22130
23138
24578
24720
25044
25446
25778
27330
27880
27972
28136
28932
29890
30322
30640
30824
31762
33618
34110
34290
35076
36104
36196
36640
37434
44572
53254
