Latencies
5250
5280
5284
5292
5308
5310
5312
5316
5316
5318
5324
5326
5328
5330
5332
5332
5334
5336
5336
5338
5340
5342
5344
5346
5346
5348
5348
5348
5350
5354
5354
5356
5358
5360
5360
5362
5364
5364
5366
5366
5366
5366
5368
5368
5368
5372
5372
5372
5372
5372
5372
5374
5376
5376
5376
5378
5378
5380
5382
5382
5384
5384
5384
5384
5384
5386
5386
5386
5388
5388
5388
5390
5390
5392
5394
5394
5394
5396
5398
5398
5400
5400
5400
5400
5402
5402
5402
5402
5404
5404
5404
5404
5404
5406
5406
5406
5406
5408
5410
5412
5412
5412
5414
5414
5416
5416
5418
5418
5418
5418
5418
5420
5420
5420
5420
5420
5420
5422
5422
5422
5422
5422
5422
5424
5424
5424
5426
5426
5426
5426
5426
5426
5428
5428
5428
5428
5428
5430
5430
5430
5430
5432
5432
5432
5434
5434
5434
5434
5436
5438
5438
5438
5440
5440
5440
5442
5444
5444
5444
5446
5448
5448
5450
5452
5452
5452
5452
5454
5454
5456
5456
5458
5458
5458
5458
5458
5458
5460
5460
5460
5460
5460
5462
5464
5464
5464
5464
5464
5466
5466
5468
5468
5468
5468
5470
5470
5470
5470
5470
5470
5472
5472
5472
5472
5472
5474
5476
5476
5476
5478
5478
5478
5478
5478
5478
5478
5482
5484
5484
5484
5484
5484
5486
5486
5486
5488
5490
5490
5490
5492
5492
5492
5492
5494
5494
5494
5496
5496
5496
5496
5496
5496
5498
5498
5498
5498
5500
5500
5500
5500
5500
5502
5504
5504
5504
5506
5506
5506
5508
5508
5510
5512
5512
5514
5514
5516
5516
5516
5518
5518
5518
5520
5520
5520
5520
5522
5522
5522
5522
5522
5524
5524
5524
5528
5530
5530
5530
5532
5532
5532
5532
5534
5534
5536
5536
5536
5538
5538
5538
5540
5542
5542
5542
5544
5544
5546
5546
5546
5548
5548
5548
5550
5550
5550
5552
5552
5552
5552
5552
5552
5554
5554
5554
5556
5556
5556
5556
5558
5558
5566
5566
5568
5568
5568
5568
5570
5570
5570
5574
5576
5576
5576
5578
5578
5578
5578
5580
5580
5580
5580
5582
5582
5582
5584
5584
5584
5584
5586
5586
5588
5588
5588
5590
5590
5592
5592
5594
5594
5594
5598
5598
5598
5598
5600
5602
5602
5604
5604
5604
5604
5606
5606
5608
5608
5608
5610
5610
5610
5610
5610
5612
5612
5614
5614
5616
5616
5616
5616
5616
5620
5622
5624
5624
5624
5624
5626
5626
5626
5628
5632
5634
5634
5634
5636
5636
5640
5640
5640
5642
5644
5644
5644
5646
5646
5648
5648
5650
5650
5650
5652
5652
5654
5656
5658
5658
5660
5660
5662
5662
5662
5664
5666
5666
5666
5666
5666
5670
5670
5672
5672
5672
5674
5674
5676
5676
5680
5680
5684
5686
5686
5686
5686
5688
5688
5690
5692
5694
5694
5700
5700
5702
5702
5702
5704
5706
5708
5710
5712
5712
5712
5716
5716
5718
5720
5720
5720
5724
5724
5724
5726
5728
5730
5730
5730
5732
5732
5734
5736
5736
5738
5740
5740
5742
5744
5744
5748
5748
5752
5752
5752
5752
5752
5752
5754
5754
5754
5756
5758
5760
5762
5764
5764
5764
5766
5766
5766
5768
5768
5770
5772
5774
5774
5774
5774
5776
5776
5776
5778
5778
5780
5780
5780
5784
5784
5784
5784
5786
5786
5788
5790
5792
5792
5792
5794
5794
5798
5800
5800
5802
5804
5804
5806
5806
5806
5808
5808
5808
5808
5810
5810
5810
5812
5812
5814
5814
5814
5814
5816
5816
5816
5816
5818
5820
5820
5822
5822
5828
5828
5828
5830
5830
5830
5832
5832
5832
5832
5834
5834
5836
5836
5836
5836
5838
5838
5840
5840
5844
5846
5850
5852
5854
5856
5860
5862
5862
5862
5864
5866
5866
5866
5872
5874
5874
5874
5878
5878
5880
5882
5882
5882
5882
5882
5884
5884
5890
5892
5894
5896
5898
5898
5898
5900
5900
5900
5902
5902
5904
5908
5910
5910
5912
5914
5914
5916
5918
5918
5920
5920
5920
5922
5922
5926
5928
5928
5930
5936
5936
5942
5942
5942
5942
5944
5944
5946
5946
5948
5948
5952
5952
5952
5952
5958
5958
5960
5960
5962
5962
5964
5964
5968
5970
5970
5974
5974
5982
5984
5986
5986
5986
5988
5990
5990
5990
5990
5992
5994
5994
5994
5996
5996
5998
6000
6000
6002
6004
6004
6006
6006
6008
6008
6010
6010
6010
6012
6016
6020
6022
6022
6022
6022
6024
6028
6030
6032
6032
6034
6034
6034
6036
6036
6036
6038
6040
6040
6040
6044
6048
6048
6050
6052
6052
6056
6056
6060
6060
6060
6062
6064
6064
6066
6066
6068
6070
6070
6072
6072
6076
6078
6080
6084
6086
6086
6088
6088
6092
6092
6094
6096
6098
6100
6102
6104
6108
6110
6112
6118
6118
6118
6120
6122
6124
6126
6130
6132
6132
6134
6136
6136
6140
6146
6148
6148
6150
6150
6152
6152
6152
6156
6156
6158
6158
6160
6160
6162
6164
6164
6172
6172
6172
6176
6180
6182
6188
6192
6194
6194
6194
6194
6198
6202
6208
6210
6222
6224
6226
6226
6230
6232
6232
6242
6250
6250
6256
6260
6264
6274
6280
6282
6282
6284
6292
6294
6298
6300
6306
6308
6310
6312
6312
6320
6322
6324
6330
6330
6334
6334
6356
6362
6364
6366
6366
6370
6372
6374
6374
6374
6380
6392
6392
6398
6400
6408
6418
6426
6428
6440
6440
6442
6450
6450
6456
6460
6462
6462
6462
6470
6472
6482
6494
6500
6506
6508
6510
6524
6526
6536
6542
6552
6564
6582
6602
6620
6622
6648
6654
6672
6686
6696
6710
6740
6744
6778
6782
6796
6842
6856
6856
6864
6880
6886
6892
6936
6976
7014
7044
7094
7108
7140
7168
7202
7202
7206
7232
7244
7250
7296
7336
7356
7372
7390
7408
7432
7468
7498
7520
7596
7620
7644
7708
7724
7750
7758
7772
7836
7850
7852
7914
7918
7990
8064
8108
8292
8386
8480
8562
8846
9300
10814
10924
11208
12046
12752
12914
13416
13734
13958
14362
14750
15152
15798
16324
18340
18774
21736
23978
25296
27730
33686
39456
43656
