Latencies
5152
5166
5172
5174
5178
5184
5188
5188
5196
5198
5198
5200
5206
5206
5212
5214
5216
5222
5224
5226
5226
5228
5228
5230
5232
5232
5236
5236
5238
5238
5238
5238
5238
5240
5242
5244
5244
5244
5244
5246
5246
5250
5256
5258
5258
5258
5260
5260
5262
5262
5262
5264
5264
5266
5266
5266
5266
5266
5270
5270
5272
5272
5272
5276
5276
5278
5278
5278
5278
5280
5280
5282
5282
5282
5282
5284
5286
5286
5286
5286
5288
5288
5288
5288
5288
5290
5290
5292
5294
5294
5296
5296
5296
5296
5298
5298
5298
5300
5300
5300
5304
5304
5306
5306
5306
5310
5310
5312
5314
5314
5316
5316
5316
5316
5316
5318
5318
5320
5322
5322
5322
5324
5324
5326
5328
5328
5330
5330
5332
5332
5332
5332
5334
5334
5334
5336
5336
5338
5338
5338
5338
5338
5340
5340
5342
5342
5342
5342
5342
5342
5342
5344
5344
5344
5346
5346
5346
5346
5348
5348
5350
5350
5350
5350
5350
5350
5350
5350
5350
5352
5352
5352
5352
5354
5354
5354
5354
5356
5356
5356
5358
5358
5360
5360
5362
5362
5364
5364
5364
5366
5366
5366
5366
5368
5368
5368
5370
5370
5372
5372
5374
5376
5378
5378
5378
5378
5378
5378
5378
5380
5382
5382
5382
5382
5384
5384
5384
5384
5384
5386
5386
5388
5388
5388
5388
5390
5390
5390
5390
5390
5390
5390
5392
5392
5392
5394
5394
5394
5396
5398
5398
5398
5398
5400
5400
5400
5400
5402
5402
5402
5402
5404
5404
5404
5404
5404
5404
5404
5406
5406
5406
5406
5406
5408
5408
5408
5410
5410
5410
5414
5414
5414
5414
5416
5416
5416
5418
5418
5418
5420
5420
5420
5420
5424
5424
5424
5426
5426
5428
5428
5428
5430
5430
5430
5430
5432
5432
5432
5432
5434
5434
5434
5434
5434
5436
5436
5436
5436
5436
5436
5436
5436
5438
5438
5440
5440
5442
5444
5444
5444
5444
5444
5446
5446
5446
5446
5448
5448
5450
5450
5450
5450
5452
5452
5454
5454
5456
5456
5456
5456
5456
5456
5456
5458
5458
5458
5460
5460
5460
5460
5462
5462
5464
5464
5466
5468
5468
5468
5468
5470
5470
5470
5472
5472
5474
5474
5476
5476
5478
5478
5478
5480
5480
5480
5482
5484
5484
5484
5484
5488
5490
5490
5490
5492
5494
5494
5494
5496
5496
5498
5498
5498
5498
5500
5500
5500
5502
5502
5502
5502
5502
5504
5504
5504
5504
5504
5504
5504
5504
5506
5506
5506
5506
5508
5508
5510
5512
5512
5512
5512
5514
5514
5516
5518
5520
5520
5520
5520
5520
5522
5522
5524
5524
5524
5524
5524
5524
5526
5528
5528
5528
5528
5532
5532
5532
5534
5534
5534
5536
5536
5538
5538
5538
5538
5540
5540
5540
5542
5542
5542
5542
5542
5544
5544
5544
5544
5544
5546
5546
5546
5546
5548
5548
5550
5550
5550
5550
5550
5552
5552
5554
5554
5560
5562
5562
5562
5562
5564
5564
5564
5564
5564
5564
5564
5566
5566
5568
5568
5568
5568
5568
5570
5570
5572
5572
5574
5574
5574
5574
5574
5576
5576
5576
5576
5578
5578
5578
5580
5580
5580
5582
5582
5584
5584
5584
5584
5586
5586
5588
5588
5592
5592
5592
5594
5594
5596
5596
5598
5598
5600
5602
5604
5604
5606
5606
5606
5606
5608
5608
5608
5608
5608
5608
5610
5610
5610
5612
5612
5612
5616
5618
5622
5622
5622
5624
5632
5634
5636
5638
5640
5640
5640
5642
5642
5642
5644
5644
5644
5646
5648
5648
5648
5650
5650
5650
5650
5650
5652
5652
5656
5656
5658
5658
5660
5662
5662
5664
5664
5668
5670
5670
5672
5672
5674
5674
5674
5676
5676
5678
5678
5678
5686
5688
5688
5690
5694
5698
5698
5702
5704
5704
5708
5708
5708
5714
5714
5714
5714
5716
5716
5716
5716
5718
5718
5720
5720
5722
5724
5726
5728
5730
5730
5732
5736
5736
5736
5736
5736
5738
5740
5740
5742
5744
5746
5746
5746
5754
5756
5756
5758
5760
5760
5764
5764
5766
5768
5768
5768
5770
5772
5774
5776
5776
5780
5780
5782
5788
5788
5792
5798
5798
5802
5804
5806
5806
5808
5810
5812
5812
5818
5818
5822
5824
5826
5826
5830
5832
5834
5836
5838
5840
5840
5842
5844
5844
5846
5848
5852
5852
5864
5866
5868
5868
5868
5870
5870
5872
5874
5876
5876
5878
5878
5886
5890
5890
5894
5896
5900
5906
5908
5910
5914
5914
5916
5916
5916
5916
5918
5918
5918
5918
5920
5920
5922
5924
5930
5932
5934
5934
5936
5948
5952
5954
5956
5956
5958
5960
5962
5962
5962
5966
5970
5970
5972
5972
5974
5974
5976
5978
5982
5984
5986
5988
5990
5992
5992
5994
5994
5994
6002
6002
6002
6006
6008
6008
6008
6012
6012
6014
6014
6020
6022
6022
6024
6024
6030
6034
6034
6034
6036
6036
6036
6040
6040
6042
6044
6048
6050
6052
6054
6058
6060
6060
6064
6066
6066
6068
6070
6070
6072
6072
6072
6072
6074
6074
6076
6076
6078
6080
6080
6080
6082
6088
6088
6090
6102
6104
6104
6106
6112
6112
6114
6122
6124
6132
6132
6132
6134
6136
6138
6142
6142
6144
6150
6152
6156
6158
6158
6160
6160
6162
6174
6178
6180
6186
6188
6194
6196
6202
6216
6218
6224
6236
6236
6236
6240
6246
6248
6258
6260
6264
6266
6268
6270
6270
6288
6290
6290
6294
6302
6308
6318
6324
6324
6336
6338
6344
6350
6352
6354
6356
6392
6412
6416
6418
6426
6426
6436
6454
6478
6482
6490
6498
6514
6538
6552
6560
6562
6580
6610
6624
6684
6710
6710
6710
6738
6740
6806
6818
6984
7014
7216
7360
7382
7452
8012
8260
8368
8838
9150
9816
9850
9896
10376
10620
10764
10990
11214
11552
12010
12186
12366
12400
13036
13240
13508
13700
13736
13898
14064
14234
14866
15112
16094
16258
16448
16540
18958
19440
19872
20260
21300
21612
21794
23380
23396
23730
24086
24108
24160
24596
24834
25150
25278
25444
26152
26452
27530
28268
29420
29678
30896
32852
35792
36210
38426
38744
49968
52854
81496
