Latencies
5130
5158
5164
5168
5170
5174
5176
5184
5184
5188
5194
5196
5198
5200
5200
5200
5200
5200
5202
5204
5206
5208
5210
5210
5210
5214
5218
5218
5220
5224
5224
5226
5228
5228
5230
5236
5238
5238
5238
5240
5240
5242
5242
5244
5246
5246
5248
5248
5248
5250
5252
5254
5254
5256
5256
5258
5258
5258
5258
5260
5260
5262
5262
5264
5264
5264
5266
5266
5266
5270
5272
5274
5276
5276
5278
5278
5278
5278
5278
5280
5280
5280
5280
5282
5284
5284
5286
5286
5286
5286
5288
5288
5288
5288
5288
5290
5290
5292
5292
5294
5294
5294
5296
5300
5300
5300
5300
5300
5302
5302
5304
5304
5304
5304
5304
5306
5306
5306
5308
5308
5308
5308
5308
5308
5310
5310
5310
5310
5310
5310
5310
5310
5310
5310
5312
5312
5312
5314
5314
5314
5316
5316
5316
5316
5316
5318
5318
5318
5320
5320
5320
5320
5320
5322
5322
5322
5324
5324
5324
5326
5326
5326
5326
5328
5328
5328
5328
5328
5328
5330
5332
5334
5334
5334
5336
5336
5336
5336
5336
5336
5338
5340
5340
5340
5340
5340
5340
5342
5342
5342
5344
5344
5344
5344
5346
5346
5346
5348
5348
5348
5348
5350
5350
5350
5350
5350
5352
5352
5352
5352
5352
5352
5352
5354
5354
5354
5356
5356
5356
5358
5358
5358
5358
5358
5360
5362
5364
5366
5366
5366
5366
5366
5366
5366
5368
5370
5370
5370
5370
5370
5372
5372
5372
5374
5374
5374
5374
5374
5374
5374
5376
5376
5376
5378
5378
5380
5380
5380
5382
5382
5382
5382
5382
5382
5382
5384
5384
5384
5386
5386
5386
5386
5386
5386
5388
5388
5388
5390
5390
5390
5392
5392
5392
5392
5394
5394
5394
5394
5394
5394
5398
5398
5398
5400
5400
5400
5400
5400
5402
5404
5404
5404
5404
5406
5406
5406
5406
5408
5408
5408
5408
5410
5410
5410
5412
5412
5412
5414
5414
5414
5416
5416
5416
5416
5416
5416
5418
5418
5418
5420
5420
5420
5420
5422
5424
5424
5424
5424
5424
5424
5424
5424
5424
5426
5426
5426
5426
5426
5428
5428
5430
5430
5430
5432
5432
5434
5434
5434
5434
5436
5436
5436
5436
5436
5438
5438
5438
5438
5440
5440
5440
5442
5442
5442
5442
5444
5444
5446
5448
5448
5448
5448
5450
5450
5450
5450
5452
5454
5454
5456
5456
5460
5462
5466
5466
5466
5466
5468
5468
5468
5472
5472
5474
5474
5476
5476
5476
5478
5478
5480
5480
5482
5482
5482
5482
5482
5482
5482
5484
5484
5484
5484
5486
5486
5486
5486
5488
5490
5492
5492
5494
5494
5496
5498
5498
5500
5500
5502
5506
5508
5508
5508
5510
5512
5514
5514
5514
5514
5514
5518
5518
5520
5522
5522
5522
5522
5524
5524
5524
5526
5528
5528
5528
5528
5528
5530
5532
5532
5532
5534
5534
5534
5534
5534
5536
5538
5540
5540
5542
5542
5542
5544
5550
5550
5552
5554
5556
5556
5558
5560
5560
5562
5562
5562
5564
5566
5568
5568
5568
5570
5570
5572
5572
5576
5576
5576
5578
5578
5580
5582
5582
5582
5582
5584
5584
5584
5584
5584
5584
5584
5586
5586
5586
5588
5590
5590
5590
5590
5592
5592
5594
5594
5596
5596
5596
5596
5596
5600
5600
5602
5604
5604
5606
5606
5606
5606
5610
5612
5612
5612
5612
5612
5614
5616
5618
5620
5620
5620
5624
5624
5626
5626
5628
5628
5632
5632
5634
5636
5636
5636
5638
5638
5638
5640
5642
5642
5642
5642
5642
5644
5650
5652
5654
5654
5656
5656
5656
5660
5662
5662
5664
5664
5666
5668
5668
5672
5672
5678
5680
5680
5680
5682
5682
5682
5684
5684
5686
5686
5690
5696
5698
5700
5706
5710
5710
5710
5712
5712
5714
5718
5720
5724
5726
5728
5730
5732
5738
5744
5746
5746
5748
5754
5758
5760
5762
5762
5764
5764
5766
5768
5770
5770
5772
5772
5776
5778
5780
5780
5784
5784
5784
5784
5784
5786
5788
5790
5792
5792
5794
5796
5798
5802
5804
5804
5804
5810
5810
5810
5812
5812
5812
5812
5816
5816
5818
5818
5820
5820
5820
5822
5826
5826
5832
5836
5836
5838
5842
5842
5844
5846
5848
5852
5854
5854
5856
5858
5860
5862
5864
5864
5866
5870
5872
5874
5876
5882
5884
5886
5890
5890
5890
5892
5894
5894
5896
5896
5900
5900
5904
5906
5908
5910
5912
5912
5914
5916
5922
5924
5928
5932
5932
5934
5936
5938
5938
5942
5944
5944
5946
5948
5950
5952
5954
5954
5956
5962
5964
5966
5966
5968
5968
5970
5970
5972
5974
5974
5974
5974
5974
5976
5976
5980
5984
5986
5988
5992
5992
5992
5992
5996
5998
5998
6000
6000
6002
6006
6010
6010
6012
6014
6014
6016
6016
6016
6018
6018
6020
6022
6022
6024
6026
6028
6028
6034
6036
6038
6040
6042
6042
6042
6044
6048
6048
6048
6050
6050
6052
6052
6052
6054
6054
6056
6060
6060
6064
6066
6070
6072
6074
6074
6076
6082
6082
6094
6094
6098
6100
6110
6110
6114
6120
6120
6124
6126
6130
6136
6140
6146
6148
6150
6150
6156
6162
6164
6176
6180
6184
6190
6192
6192
6194
6194
6196
6202
6204
6208
6210
6212
6214
6216
6230
6242
6242
6244
6244
6248
6248
6254
6256
6260
6264
6270
6270
6292
6294
6294
6304
6306
6308
6310
6312
6320
6322
6328
6336
6338
6348
6350
6388
6412
6430
6444
6460
6462
6466
6470
6478
6492
6502
6504
6516
6558
6578
6584
6644
6672
6686
6732
6772
6796
6884
6904
7008
7084
7086
7088
7122
7170
7194
7216
7228
7458
7508
7630
7768
7816
8160
8268
8282
8534
8550
8720
8842
8922
9218
9336
10370
10724
10814
10930
10938
11102
11144
11178
11208
11254
11296
12400
12434
12862
13070
13210
13384
13524
13568
14108
14604
14724
14800
15126
15288
15436
15464
17972
18508
19396
19676
22036
23952
24222
24426
24856
27110
28114
28368
28786
28928
29234
30804
35054
38100
40022
41046
42726
