Latencies
5204
5218
5222
5222
5224
5272
5278
5278
5278
5280
5292
5304
5308
5308
5314
5314
5314
5314
5320
5322
5322
5324
5324
5326
5326
5328
5330
5332
5332
5332
5334
5334
5336
5336
5336
5346
5348
5348
5350
5352
5352
5354
5354
5354
5356
5356
5358
5358
5358
5358
5358
5360
5360
5360
5362
5362
5362
5364
5364
5364
5364
5366
5366
5368
5368
5368
5370
5370
5370
5370
5370
5370
5370
5370
5372
5372
5372
5372
5372
5374
5374
5374
5376
5376
5376
5376
5378
5378
5378
5378
5378
5378
5378
5380
5380
5382
5382
5384
5384
5384
5384
5386
5386
5386
5386
5386
5386
5388
5388
5390
5390
5390
5390
5392
5394
5394
5394
5396
5398
5398
5398
5400
5400
5400
5400
5402
5402
5402
5402
5402
5404
5406
5406
5406
5406
5406
5406
5406
5406
5406
5406
5406
5406
5410
5412
5412
5412
5412
5412
5412
5414
5414
5414
5414
5416
5416
5416
5416
5418
5418
5418
5420
5420
5420
5422
5422
5424
5424
5426
5426
5426
5426
5426
5426
5428
5428
5428
5428
5430
5430
5432
5432
5434
5434
5434
5436
5436
5436
5438
5438
5438
5438
5438
5438
5440
5440
5442
5442
5444
5446
5446
5448
5448
5448
5448
5450
5450
5450
5450
5450
5450
5450
5452
5454
5454
5456
5456
5458
5458
5460
5460
5460
5462
5462
5464
5466
5466
5466
5468
5468
5468
5470
5470
5470
5470
5474
5474
5474
5476
5476
5476
5476
5478
5478
5478
5480
5480
5482
5482
5482
5482
5482
5486
5486
5488
5488
5488
5488
5488
5488
5490
5490
5490
5492
5492
5492
5492
5494
5496
5496
5496
5498
5498
5498
5500
5500
5500
5500
5504
5504
5504
5504
5504
5504
5504
5504
5504
5506
5506
5508
5508
5508
5508
5510
5510
5510
5512
5512
5512
5512
5514
5514
5514
5516
5518
5518
5520
5520
5520
5520
5522
5522
5522
5524
5526
5526
5528
5528
5528
5530
5530
5532
5534
5534
5534
5534
5536
5536
5538
5540
5540
5540
5542
5544
5544
5546
5546
5548
5548
5550
5550
5550
5550
5550
5550
5550
5552
5552
5552
5554
5554
5556
5556
5558
5560
5560
5560
5562
5562
5562
5564
5564
5566
5566
5566
5568
5568
5568
5568
5570
5570
5570
5572
5572
5574
5574
5576
5576
5578
5578
5578
5578
5580
5580
5582
5584
5584
5586
5586
5586
5588
5588
5590
5590
5590
5592
5594
5594
5594
5596
5596
5598
5600
5600
5600
5600
5600
5602
5602
5602
5604
5604
5604
5606
5608
5608
5608
5608
5608
5610
5610
5612
5614
5616
5616
5616
5618
5620
5622
5622
5624
5624
5626
5628
5630
5630
5632
5632
5632
5634
5636
5640
5642
5642
5644
5646
5646
5648
5648
5648
5650
5650
5650
5652
5656
5658
5660
5662
5662
5664
5664
5668
5670
5672
5672
5674
5676
5678
5678
5680
5682
5682
5682
5684
5692
5692
5694
5694
5694
5694
5694
5698
5698
5700
5702
5702
5702
5704
5704
5706
5706
5706
5710
5710
5712
5714
5714
5718
5720
5722
5724
5724
5724
5724
5726
5726
5728
5728
5732
5732
5732
5732
5732
5736
5738
5738
5738
5740
5740
5742
5742
5742
5744
5746
5746
5748
5748
5748
5748
5750
5750
5752
5752
5752
5752
5754
5754
5754
5754
5754
5756
5756
5756
5756
5760
5760
5760
5762
5762
5766
5770
5770
5772
5774
5776
5778
5778
5778
5778
5780
5782
5782
5782
5786
5788
5788
5788
5790
5792
5794
5794
5794
5794
5796
5798
5800
5800
5802
5804
5804
5804
5804
5806
5806
5806
5806
5810
5810
5816
5816
5818
5818
5820
5822
5824
5824
5826
5834
5834
5836
5836
5836
5838
5838
5838
5846
5846
5848
5852
5852
5854
5856
5860
5860
5860
5862
5866
5866
5866
5868
5868
5870
5874
5876
5876
5880
5880
5884
5884
5884
5886
5886
5888
5888
5892
5894
5894
5894
5896
5896
5896
5898
5900
5900
5900
5902
5904
5906
5906
5910
5910
5912
5914
5918
5928
5930
5930
5934
5936
5938
5940
5940
5940
5940
5942
5944
5946
5948
5948
5948
5950
5954
5956
5956
5960
5960
5960
5962
5962
5962
5964
5966
5974
5976
5976
5982
5984
5984
5984
5988
5990
5992
5992
5992
5996
5996
6002
6004
6004
6004
6004
6006
6006
6008
6008
6016
6016
6018
6022
6022
6024
6028
6032
6034
6036
6036
6036
6038
6038
6042
6044
6048
6048
6048
6050
6052
6052
6054
6058
6058
6060
6060
6062
6062
6066
6066
6066
6066
6070
6072
6072
6074
6076
6076
6078
6080
6082
6082
6082
6082
6088
6088
6088
6088
6088
6090
6090
6090
6092
6094
6096
6098
6098
6098
6102
6104
6104
6110
6110
6112
6112
6112
6114
6116
6120
6120
6120
6124
6126
6126
6126
6126
6128
6130
6132
6132
6136
6136
6138
6138
6138
6142
6142
6144
6144
6146
6148
6152
6152
6154
6156
6156
6158
6158
6160
6160
6160
6168
6176
6180
6180
6180
6182
6182
6186
6186
6188
6190
6196
6200
6202
6202
6204
6204
6206
6212
6212
6218
6220
6222
6222
6224
6230
6230
6234
6234
6234
6234
6240
6240
6242
6244
6246
6250
6254
6256
6258
6266
6266
6270
6270
6276
6280
6280
6282
6284
6284
6284
6288
6288
6292
6296
6300
6306
6308
6308
6310
6312
6314
6318
6318
6320
6340
6358
6372
6378
6390
6394
6396
6398
6398
6398
6408
6422
6430
6434
6446
6448
6468
6502
6510
6526
6540
6562
6580
6596
6610
6612
6614
6624
6628
6630
6650
6656
6658
6684
6688
6712
6738
6738
6750
6756
6770
6830
6836
6844
6866
6882
6900
6926
6982
7032
7056
7060
7066
7072
7154
7176
7290
7342
7462
7582
7600
7814
9816
10186
10506
10826
10984
11428
11458
11598
11614
11654
11808
12178
12608
12614
13506
14466
14512
14542
14744
14822
14942
15094
15176
15356
15678
16350
19812
31428
34922
35310
