Latencies
5410
5454
5502
5548
5554
5572
5584
5606
5614
5632
5648
5716
5736
5744
5760
5766
5784
5794
5834
5840
5868
5872
5874
5884
5906
5936
5938
5940
6016
6038
6074
6118
6124
6128
6160
6208
6216
6244
6290
6304
6316
6332
6338
6348
6362
6382
6390
6416
6442
6480
6482
6500
6514
6526
6538
6552
6554
6582
6598
6620
6630
6666
6688
6820
6842
6874
6952
6968
6978
6984
7014
7022
7042
7052
7072
7078
7082
7096
7100
7104
7116
7124
7134
7188
7220
7240
7300
7344
7350
7366
7370
7394
7426
7434
7440
7458
7520
7560
7582
7588
7596
7632
7658
7692
7698
7700
7700
7714
7732
7770
7824
7858
7876
7898
7936
7976
8000
8000
8010
8016
8026
8052
8074
8074
8112
8122
8140
8166
8166
8190
8220
8262
8284
8306
8308
8338
8356
8374
8392
8458
8472
8488
8494
8512
8526
8532
8540
8588
8666
8674
8684
8758
8796
8796
8798
8808
8818
8846
8890
8898
8924
8972
8976
8986
8990
9036
9078
9084
9098
9186
9214
9222
9230
9238
9252
9268
9312
9322
9326
9326
9340
9344
9388
9420
9424
9464
9464
9474
9496
9502
9512
9576
9582
9602
9606
9616
9638
9650
9684
9696
9722
9738
9784
9866
9888
9908
9950
9968
9990
10010
10032
10042
10054
10078
10092
10092
10110
10124
10134
10174
10190
10200
10208
10220
10292
10292
10296
10410
10416
10444
10494
10528
10550
10560
10578
10582
10584
10610
10668
10680
10736
10738
10782
10794
10816
10836
10864
10880
10918
10930
10942
10946
10952
10984
11042
11046
11130
11188
11216
11228
11260
11268
11298
11300
11308
11318
11326
11432
11456
11458
11462
11502
11514
11526
11538
11572
11580
11582
11588
11592
11602
11620
11630
11646
11658
11662
11670
11728
11738
11794
11794
11804
11840
11904
11908
11918
11944
11948
11952
11956
11964
11976
11980
12042
12072
12102
12104
12138
12158
12178
12328
12366
12396
12406
12430
12474
12534
12546
12554
12568
12604
12624
12626
12632
12644
12662
12662
12676
12680
12682
12724
12734
12742
12762
12764
12788
12804
12820
12840
12850
12870
12872
12896
12936
12938
12984
13006
13026
13032
13050
13088
13096
13142
13198
13206
13214
13264
13336
13346
13388
13392
13404
13452
13476
13482
13486
13494
13510
13524
13564
13594
13654
13654
13660
13676
13700
13728
13750
13820
13842
13844
13906
13908
13908
13958
13990
13998
14000
14088
14100
14114
14136
14146
14318
14372
14376
14386
14410
14420
14422
14456
14462
14466
14492
14496
14502
14508
14512
14524
14530
14564
14574
14576
14580
14582
14620
14634
14636
14638
14640
14648
14650
14650
14682
14684
14688
14702
14706
14716
14718
14724
14728
14746
14750
14752
14752
14762
14766
14776
14784
14794
14796
14812
14822
14824
14840
14848
14860
14860
14890
14902
14904
14914
14916
14922
14926
14932
14932
14934
14934
14934
14936
14940
14948
14958
14962
14978
15014
15018
15058
15060
15060
15062
15068
15092
15098
15098
15108
15120
15130
15134
15138
15164
15166
15168
15170
15178
15180
15180
15182
15186
15190
15194
15208
15216
15250
15254
15256
15268
15284
15284
15292
15292
15300
15302
15326
15328
15334
15340
15348
15360
15364
15372
15372
15374
15376
15384
15396
15404
15404
15418
15432
15442
15462
15478
15514
15532
15534
15538
15544
15554
15556
15558
15562
15566
15604
15612
15612
15624
15626
15640
15704
15712
15718
15724
15732
15756
15792
15796
15798
15814
15816
15820
15822
15826
15836
15838
15848
15852
15854
15870
15888
15940
15972
15986
15994
16008
16034
16036
16050
16064
16086
16092
16106
16220
16230
16254
16258
16290
16340
16384
16420
16434
16442
16474
16582
16602
16642
16644
16644
16650
16682
16686
16718
16720
16732
16820
16828
16858
16888
17024
17050
17064
17120
17150
17178
17206
17210
17216
17256
17280
17526
17534
17580
17586
17600
17662
17740
17756
17766
17854
17964
17966
17984
18010
18016
18050
18292
18418
18438
18480
18498
18516
18584
18596
18630
18630
18630
18694
18698
18772
18808
18816
18828
18834
18944
19192
19268
19298
19346
19360
19410
19428
19430
19598
19600
19614
19622
19646
19650
19698
19700
19722
19728
19806
19818
19900
20030
20032
20058
20090
20150
20204
20204
20206
20208
20238
20368
20446
20450
20584
20616
20658
20676
20726
20782
20860
20866
20920
20930
20948
20962
21000
21052
21080
21090
21114
21118
21146
21200
21256
21336
21376
21376
21416
21432
21446
21460
21624
21632
21634
21644
21720
21812
21934
22044
22116
22200
22240
22252
22266
22282
22284
22298
22300
22342
22428
22468
22540
22546
22648
22692
22712
22786
22818
22880
22926
22992
23038
23052
23072
23092
23116
23136
23386
23418
23418
23420
23434
23436
23456
23490
23540
23572
23580
23630
23630
23708
23712
23772
23778
23818
23866
23868
23880
23902
23906
23910
23936
23958
23986
23998
24014
24046
24090
24102
24128
24132
24166
24178
24188
24212
24218
24218
24264
24266
24316
24330
24346
24362
24386
24386
24388
24408
24424
24438
24464
24466
24476
24488
24488
24488
24500
24504
24504
24510
24522
24540
24544
24544
24558
24560
24574
24592
24620
24624
24624
24626
24644
24646
24686
24736
24740
24756
24760
24762
24766
24774
24776
24830
24832
24832
24870
24874
24892
24892
24900
24910
24920
24932
24940
24942
24944
24958
24968
24986
25000
25000
25002
25012
25012
25024
25030
25058
25064
25072
25072
25078
25082
25086
25086
25104
25118
25124
25152
25154
25176
25176
25190
25196
25210
25216
25230
25234
25254
25266
25268
25276
25284
25300
25300
25324
25336
25340
25340
25342
25342
25356
25360
25372
25416
25424
25426
25466
25468
25496
25506
25538
25550
25616
25654
25666
25732
25742
25772
25772
25778
25782
25788
25800
25806
25872
25992
26090
26136
26258
26272
26628
26666
26838
26904
27486
27770
27904
27918
28012
28016
28078
28154
28246
28518
28670
28720
28834
28928
28982
29058
29502
29844
29982
30110
30136
30150
30202
30312
30450
30504
30576
30634
30640
30944
31314
31544
31782
31822
32014
32094
32148
32196
32390
32394
32526
32658
33046
33202
33242
33314
33682
33736
33738
33810
33882
33892
33936
34180
34194
34266
34426
34456
34602
34606
34978
35150
35196
35308
36290
38392
39378
39616
41550
43370
44936
45380
47742
58396
90506
97504
351166
352056
586542
