Latencies
5334
5352
5380
5382
5382
5394
5398
5406
5408
5414
5418
5420
5428
5428
5432
5434
5434
5442
5444
5462
5462
5466
5470
5470
5472
5474
5478
5484
5484
5484
5486
5488
5488
5488
5492
5492
5500
5500
5504
5508
5512
5516
5522
5526
5528
5528
5530
5532
5532
5552
5556
5564
5566
5566
5570
5580
5582
5584
5586
5586
5586
5586
5588
5594
5602
5606
5608
5608
5610
5612
5612
5616
5616
5620
5622
5626
5630
5638
5640
5648
5652
5662
5670
5670
5674
5674
5682
5686
5692
5692
5696
5698
5704
5706
5714
5714
5714
5718
5718
5720
5724
5728
5728
5734
5738
5744
5752
5758
5760
5764
5766
5766
5768
5768
5770
5772
5774
5786
5786
5786
5788
5788
5794
5800
5812
5822
5822
5826
5826
5828
5830
5830
5832
5832
5842
5846
5850
5872
5888
5900
5902
5906
5906
5912
5928
5928
5938
5938
5948
5952
5958
5974
5986
5986
5992
5994
6002
6006
6008
6022
6026
6032
6032
6034
6036
6038
6042
6048
6052
6060
6076
6080
6096
6102
6102
6104
6106
6116
6120
6124
6124
6130
6136
6138
6140
6154
6162
6170
6182
6196
6198
6202
6208
6210
6218
6242
6242
6246
6250
6276
6284
6288
6290
6294
6300
6320
6322
6342
6344
6348
6364
6366
6374
6388
6452
6452
6482
6494
6494
6502
6504
6536
6556
6574
6584
6598
6602
6624
6624
6638
6670
6676
6700
6718
6750
6752
6766
6772
6778
6796
6810
6814
6824
6840
6858
6880
6884
6910
6914
6920
6922
6942
6964
6988
6996
7002
7048
7072
7112
7152
7172
7210
7212
7218
7248
7264
7286
7292
7304
7306
7320
7368
7406
7422
7434
7440
7444
7478
7500
7518
7564
7568
7578
7604
7620
7624
7668
7702
7706
7708
7760
7760
7774
7842
7850
7894
8012
8058
8062
8062
8100
8132
8150
8178
8236
8302
8304
8342
8356
8368
8426
8440
8456
8490
8506
8580
8602
8656
8672
8688
8708
8774
8802
8890
8924
9014
9030
9036
9048
9054
9084
9118
9120
9186
9202
9258
9260
9274
9294
9330
9402
9456
9462
9486
9500
9504
9520
9526
9560
9640
9734
9758
9760
9762
9772
9794
9828
9858
9864
9866
9884
9886
9956
9966
9976
10018
10092
10124
10132
10136
10150
10160
10162
10174
10174
10184
10264
10286
10292
10318
10318
10328
10342
10344
10386
10406
10428
10436
10462
10494
10500
10544
10578
10590
10612
10668
10686
10690
10692
10710
10738
10792
10798
10806
10808
10816
10846
10890
10898
10910
10918
10994
11042
11048
11062
11062
11114
11128
11154
11284
11294
11300
11302
11316
11386
11386
11400
11408
11424
11442
11502
11506
11626
11642
11652
11656
11666
11678
11764
11766
11808
11828
11858
11868
11870
11908
11938
11974
11980
12030
12070
12100
12136
12164
12176
12234
12258
12288
12294
12326
12326
12330
12332
12364
12380
12386
12394
12400
12404
12416
12424
12428
12434
12448
12456
12462
12490
12538
12562
12604
12626
12642
12654
12676
12682
12700
12768
12772
12784
12800
12858
12864
12878
12906
12914
12952
12962
12962
13004
13024
13038
13048
13070
13080
13116
13168
13180
13184
13186
13200
13240
13292
13304
13330
13332
13358
13364
13482
13484
13512
13518
13544
13562
13614
13644
13656
13690
13712
13728
13744
13770
13784
13794
13832
13854
13878
13886
13894
13920
13938
13938
13950
13956
13966
13968
13970
13972
13988
14040
14042
14048
14056
14058
14078
14104
14108
14118
14126
14136
14140
14144
14154
14170
14196
14208
14222
14234
14238
14248
14258
14260
14264
14278
14282
14290
14298
14322
14324
14326
14330
14338
14344
14346
14348
14358
14358
14398
14400
14404
14408
14442
14442
14446
14450
14452
14462
14464
14466
14466
14474
14476
14480
14496
14496
14502
14506
14506
14510
14526
14530
14530
14532
14540
14574
14574
14576
14576
14582
14582
14582
14584
14584
14588
14604
14624
14624
14632
14632
14638
14642
14650
14654
14658
14660
14662
14672
14680
14684
14684
14686
14692
14702
14702
14702
14706
14718
14720
14722
14722
14732
14732
14734
14734
14746
14750
14752
14756
14758
14760
14762
14762
14764
14768
14776
14780
14782
14782
14788
14788
14800
14800
14804
14812
14818
14824
14826
14828
14828
14830
14830
14836
14836
14838
14840
14840
14842
14848
14850
14854
14854
14856
14860
14866
14866
14872
14886
14888
14890
14894
14896
14898
14900
14900
14900
14904
14908
14910
14910
14926
14926
14926
14926
14928
14928
14930
14930
14936
14938
14938
14938
14944
14950
14950
14958
14960
14960
14962
14966
14970
14972
14972
14976
14978
14980
14980
14982
14982
14984
14984
14986
14996
15002
15004
15008
15008
15014
15016
15020
15024
15024
15028
15030
15036
15040
15040
15044
15056
15056
15060
15066
15068
15068
15080
15082
15086
15088
15088
15096
15100
15104
15108
15110
15112
15116
15118
15124
15126
15128
15136
15136
15136
15140
15140
15142
15144
15144
15146
15150
15150
15154
15156
15158
15158
15162
15166
15166
15168
15170
15174
15176
15186
15186
15186
15186
15186
15190
15190
15190
15192
15194
15198
15204
15212
15222
15222
15224
15228
15230
15230
15246
15250
15260
15260
15262
15262
15264
15266
15268
15268
15272
15272
15278
15298
15306
15310
15310
15312
15318
15318
15330
15332
15334
15334
15338
15350
15350
15364
15370
15376
15386
15388
15398
15398
15406
15412
15412
15418
15418
15424
15426
15428
15430
15442
15452
15476
15484
15486
15488
15494
15502
15512
15526
15544
15546
15554
15576
15592
15596
15612
15634
15662
15664
15684
15704
15732
15750
15760
15762
15784
15788
15788
15816
15832
15838
15844
15864
15882
15884
15922
15974
16038
16042
16052
16056
16068
16098
16116
16156
16156
16180
16196
16354
16370
16428
16470
16500
16542
16552
16596
16778
16818
16928
16982
17816
17998
18042
18256
18630
18700
20112
20580
20674
20974
21456
22824
23800
23912
24224
24334
24458
24508
24520
24750
24840
24926
24986
25122
25460
27212
27340
29604
33208
33870
34062
34186
34298
34354
34410
34486
34602
34676
34896
35408
38464
40332
44148
58054
59092
4657284
