Latencies
5336
5338
5366
5368
5370
5388
5394
5400
5400
5402
5404
5408
5416
5420
5422
5434
5436
5440
5444
5448
5452
5458
5462
5462
5464
5468
5468
5474
5476
5480
5484
5484
5490
5500
5500
5504
5508
5508
5516
5520
5522
5524
5526
5536
5550
5552
5552
5558
5558
5558
5560
5562
5564
5568
5570
5572
5572
5572
5576
5580
5584
5586
5588
5590
5592
5594
5594
5596
5596
5600
5606
5606
5610
5612
5618
5618
5628
5630
5638
5652
5656
5658
5662
5668
5668
5674
5676
5680
5682
5682
5682
5688
5692
5698
5702
5706
5708
5710
5714
5716
5720
5722
5722
5728
5736
5740
5742
5744
5750
5754
5756
5764
5768
5794
5796
5798
5802
5806
5808
5810
5820
5832
5838
5842
5844
5846
5846
5846
5850
5852
5854
5854
5858
5862
5864
5866
5868
5874
5880
5880
5888
5892
5892
5896
5900
5902
5902
5904
5906
5912
5914
5928
5928
5930
5930
5934
5938
5938
5944
5946
5952
5956
5964
5970
5972
5982
5982
5986
5986
5990
5996
5998
6000
6004
6006
6020
6028
6034
6040
6042
6044
6046
6046
6052
6052
6052
6054
6054
6062
6066
6076
6078
6078
6078
6080
6082
6098
6098
6120
6132
6138
6144
6146
6152
6152
6154
6156
6158
6164
6164
6164
6174
6174
6174
6182
6182
6186
6190
6194
6194
6198
6202
6204
6208
6222
6222
6224
6224
6234
6234
6234
6238
6238
6240
6242
6242
6248
6262
6274
6276
6300
6308
6312
6320
6326
6330
6334
6344
6346
6362
6370
6370
6384
6386
6402
6410
6412
6416
6418
6422
6424
6440
6456
6472
6480
6484
6518
6524
6536
6538
6542
6548
6560
6580
6596
6604
6606
6612
6648
6654
6672
6684
6692
6698
6706
6738
6746
6746
6748
6780
6782
6812
6828
6834
6858
6860
6862
6874
6882
6904
6916
6934
6980
6982
7008
7012
7020
7034
7096
7100
7116
7118
7118
7132
7168
7172
7178
7196
7214
7222
7252
7258
7262
7302
7320
7340
7344
7348
7372
7386
7418
7424
7426
7472
7484
7512
7516
7544
7548
7552
7558
7564
7566
7568
7582
7594
7600
7636
7646
7646
7662
7662
7662
7690
7690
7708
7714
7716
7716
7716
7718
7764
7768
7774
7800
7838
7854
7866
7882
7886
7894
7924
7932
7946
7960
7996
8002
8012
8048
8054
8064
8090
8098
8108
8148
8154
8174
8184
8226
8252
8258
8276
8280
8290
8310
8320
8336
8360
8406
8410
8412
8422
8440
8456
8464
8478
8492
8496
8518
8522
8548
8562
8576
8608
8626
8636
8644
8654
8672
8708
8728
8728
8734
8746
8750
8770
8788
8844
8866
8900
8946
8966
8980
9048
9050
9070
9074
9094
9106
9108
9130
9132
9134
9166
9184
9202
9254
9272
9278
9296
9328
9346
9358
9376
9386
9392
9396
9406
9406
9410
9412
9426
9430
9508
9516
9520
9570
9580
9582
9688
9722
9750
9750
9768
9796
9800
9808
9816
9854
9856
9874
9888
9938
9940
9942
10018
10074
10102
10110
10220
10248
10278
10288
10292
10306
10324
10332
10346
10354
10370
10378
10398
10404
10418
10476
10504
10536
10548
10616
10622
10626
10630
10640
10646
10668
10692
10694
10698
10734
10736
10750
10758
10762
10772
10778
10798
10804
10828
10830
10842
10856
10884
10930
10938
10942
10970
10994
11002
11030
11050
11060
11096
11120
11144
11156
11164
11180
11180
11186
11190
11202
11264
11300
11308
11310
11312
11334
11360
11370
11396
11398
11420
11428
11486
11486
11530
11548
11634
11660
11664
11698
11710
11722
11732
11744
11754
11766
11774
11784
11802
11802
11806
11826
11838
11840
11848
11860
11864
11990
11994
12000
12006
12010
12012
12042
12044
12046
12062
12064
12096
12234
12264
12272
12280
12294
12336
12370
12398
12428
12476
12486
12518
12522
12552
12656
12692
12702
12710
12734
12750
12760
12828
12856
12866
12940
12946
12964
12972
12976
13002
13002
13018
13038
13038
13084
13084
13114
13150
13170
13182
13190
13200
13202
13226
13246
13248
13250
13266
13276
13278
13308
13324
13404
13426
13430
13434
13442
13474
13476
13486
13518
13552
13586
13606
13682
13688
13724
13750
13752
13768
13770
13816
13842
13862
13884
13892
13898
13932
13952
13958
13984
13986
13990
14012
14022
14046
14072
14082
14086
14096
14108
14110
14116
14122
14130
14132
14142
14152
14156
14170
14186
14192
14194
14228
14234
14238
14242
14254
14276
14308
14320
14348
14352
14388
14394
14400
14404
14406
14446
14452
14468
14470
14486
14494
14494
14494
14496
14500
14504
14512
14514
14520
14526
14540
14550
14576
14578
14582
14588
14588
14616
14630
14632
14636
14650
14656
14658
14658
14658
14662
14678
14680
14684
14700
14700
14700
14700
14724
14738
14738
14740
14742
14742
14744
14746
14748
14752
14752
14752
14774
14786
14792
14802
14804
14810
14810
14812
14814
14830
14830
14834
14840
14842
14842
14846
14848
14850
14852
14854
14856
14862
14864
14866
14886
14898
14900
14904
14908
14912
14914
14918
14918
14920
14924
14928
14928
14934
14934
14938
14952
14954
14960
14962
14964
14970
14972
14972
14974
14976
14988
14988
14992
14994
14996
14996
15002
15004
15004
15016
15018
15034
15034
15044
15050
15052
15064
15064
15066
15066
15068
15092
15106
15106
15110
15114
15114
15118
15130
15142
15142
15146
15146
15148
15154
15156
15158
15166
15172
15190
15200
15202
15204
15208
15222
15226
15226
15230
15234
15238
15240
15244
15258
15258
15270
15272
15276
15278
15280
15294
15296
15302
15308
15310
15316
15328
15332
15342
15348
15370
15376
15380
15384
15394
15396
15400
15402
15402
15404
15410
15412
15422
15432
15444
15450
15454
15462
15462
15464
15464
15468
15476
15478
15512
15514
15534
15546
15566
15572
15576
15580
15584
15590
15608
15616
15658
15658
15672
15688
15706
15706
15714
15728
15750
15752
15808
15810
15880
15952
15964
15986
16042
16074
16324
16338
16400
16696
17298
17338
19384
20050
20232
20508
23294
23610
24014
24252
24316
24350
24576
24906
24970
25270
25330
25440
25494
27678
32190
35746
35842
46992
79318
84218
117736
173930
181554
191482
399104
1176070
3167874
