Latencies
5332
5350
5368
5374
5390
5398
5398
5398
5404
5410
5412
5414
5436
5442
5442
5448
5450
5452
5456
5456
5462
5466
5466
5468
5478
5484
5492
5494
5500
5504
5510
5510
5512
5518
5520
5522
5526
5528
5530
5538
5540
5542
5544
5552
5560
5562
5562
5568
5578
5580
5582
5584
5584
5590
5602
5602
5604
5610
5610
5616
5622
5632
5654
5654
5666
5668
5674
5678
5678
5690
5692
5694
5708
5710
5716
5720
5730
5730
5732
5740
5752
5766
5766
5778
5778
5780
5788
5788
5790
5802
5802
5804
5816
5830
5832
5838
5842
5852
5856
5858
5860
5864
5866
5868
5872
5876
5882
5898
5900
5900
5916
5924
5934
5936
5944
5946
5958
5968
5978
5984
5990
6002
6010
6014
6022
6030
6034
6044
6044
6056
6056
6056
6062
6074
6078
6098
6106
6110
6120
6126
6162
6164
6164
6170
6184
6198
6210
6218
6238
6258
6276
6284
6284
6290
6292
6292
6304
6306
6324
6386
6388
6412
6460
6494
6512
6514
6518
6540
6568
6572
6578
6640
6658
6658
6662
6680
6688
6690
6698
6700
6712
6714
6752
6780
6840
6900
6926
6928
6988
6994
7018
7062
7146
7160
7174
7216
7236
7354
7382
7390
7406
7408
7422
7430
7432
7444
7450
7480
7508
7508
7520
7528
7534
7606
7610
7658
7692
7698
7804
7812
7828
7838
7854
7908
7910
7916
8000
8006
8010
8016
8028
8036
8044
8084
8218
8244
8260
8300
8304
8308
8312
8326
8334
8378
8470
8478
8540
8572
8632
8750
8758
8768
8768
8794
8808
8816
8816
8866
8888
8914
8968
9022
9060
9104
9112
9116
9156
9192
9240
9348
9398
9430
9432
9458
9466
9488
9506
9514
9526
9530
9536
9540
9570
9604
9608
9636
9646
9670
9672
9688
9722
9752
9752
9778
9808
9816
9822
9822
9874
9936
9986
10006
10016
10046
10050
10106
10106
10112
10138
10148
10166
10194
10202
10248
10294
10296
10330
10342
10348
10356
10370
10378
10410
10454
10510
10510
10520
10554
10574
10608
10608
10612
10616
10642
10746
10766
10776
10782
10796
10814
10916
10944
10950
10956
10972
10984
10994
11000
11048
11050
11070
11140
11140
11152
11168
11194
11202
11204
11224
11232
11252
11270
11292
11326
11358
11374
11416
11426
11462
11488
11502
11506
11548
11552
11586
11604
11658
11672
11686
11704
11716
11756
11788
11802
11834
11972
12006
12040
12076
12104
12132
12150
12154
12180
12192
12210
12240
12256
12256
12266
12266
12312
12338
12338
12368
12370
12420
12442
12458
12546
12548
12634
12668
12702
12752
12784
12846
12848
12850
12864
12878
12880
12880
12900
12902
12964
12966
13020
13034
13076
13150
13150
13192
13200
13236
13266
13340
13346
13348
13350
13370
13392
13434
13436
13452
13466
13468
13470
13536
13562
13566
13578
13578
13600
13654
13800
13822
13856
13892
13900
13930
13950
13956
13956
13968
13970
14018
14028
14116
14122
14150
14164
14174
14210
14210
14220
14242
14248
14262
14268
14274
14298
14298
14298
14318
14342
14348
14350
14350
14360
14362
14364
14432
14444
14456
14468
14492
14494
14500
14506
14508
14524
14526
14528
14572
14572
14594
14604
14624
14626
14628
14634
14636
14636
14650
14650
14656
14662
14664
14668
14674
14690
14692
14704
14704
14710
14712
14714
14720
14722
14726
14728
14736
14738
14738
14738
14750
14752
14762
14770
14774
14788
14790
14792
14792
14794
14798
14802
14802
14804
14808
14814
14816
14820
14820
14832
14834
14836
14838
14840
14854
14854
14856
14858
14864
14868
14872
14876
14886
14886
14894
14900
14908
14908
14910
14914
14914
14920
14926
14932
14934
14938
14948
14950
14952
14952
14954
14956
14972
14974
14982
14984
14992
14996
14998
15004
15006
15014
15016
15016
15024
15050
15052
15066
15074
15076
15076
15094
15094
15108
15124
15124
15132
15146
15148
15150
15156
15158
15168
15184
15188
15192
15194
15196
15196
15198
15198
15204
15208
15210
15222
15226
15240
15246
15252
15252
15262
15264
15266
15268
15274
15280
15290
15296
15298
15302
15312
15312
15316
15318
15334
15340
15350
15352
15356
15358
15364
15366
15366
15374
15382
15392
15392
15400
15414
15416
15422
15424
15424
15432
15434
15436
15438
15450
15454
15460
15464
15472
15502
15504
15508
15512
15512
15516
15522
15528
15530
15538
15538
15548
15550
15552
15552
15556
15566
15566
15570
15570
15584
15590
15610
15622
15656
15658
15674
15674
15682
15684
15690
15704
15716
15732
15734
15742
15758
15766
15768
15782
15822
15824
15828
15840
15846
15850
15860
15870
15926
15934
15940
15958
15964
15966
15972
15998
16000
16026
16026
16062
16074
16144
16156
16162
16174
16188
16204
16206
16222
16228
16232
16234
16290
16312
16328
16358
16406
16460
16468
16476
16636
16656
16710
16800
17184
17316
17340
17414
17416
17422
17528
17736
17860
18032
18100
18154
18298
18354
18398
18450
18480
18480
18500
18898
18996
19276
19482
19502
19782
19866
20030
20236
20282
20508
20538
20596
20646
20774
20854
20858
20862
20956
21078
21178
21182
21352
21814
21874
22080
22088
22124
22184
22316
22524
22546
22938
23092
23488
23590
23594
23634
23732
23874
23948
23968
24168
24262
24290
24294
24316
24422
24452
24474
24474
24504
24550
24616
24638
24706
24720
24730
24844
24866
24882
24948
24988
25040
25088
25110
25130
25138
25326
25334
25338
25338
25356
25374
25376
25444
25768
25778
25826
25832
25852
25914
25952
26182
26236
26250
26744
26758
27010
27112
27320
28048
28266
28282
28336
28432
28514
28690
28806
28970
28982
29050
29354
29588
29762
30210
30234
30796
31084
31280
31346
31678
32208
32422
32454
32484
32594
32706
32796
32818
32838
32916
32990
33044
33414
33466
33468
33566
33598
33636
33730
33766
33772
33790
33874
33964
34010
34106
34126
34136
34154
34156
34170
34210
34224
34248
34258
34290
34292
34292
34328
34354
34354
34376
34378
34384
34388
34438
34444
34452
34458
34480
34504
34504
34528
34530
34532
34570
34584
34612
34614
34616
34618
34648
34652
34676
34718
34728
34764
34780
34800
34804
34830
34860
34870
34884
34942
34944
34958
34972
35038
35060
35122
35164
35248
35250
35468
35634
35730
38156
41076
42532
43200
43776
43922
44352
44470
44484
53990
54558
55038
156232
166058
179066
194206
462660
2579508
3079792
25411468
