Latencies
5252
5310
5348
5360
5364
5366
5380
5380
5386
5394
5396
5412
5420
5422
5424
5430
5440
5456
5456
5458
5460
5460
5462
5466
5478
5480
5482
5490
5496
5502
5504
5504
5506
5514
5516
5522
5540
5558
5560
5570
5584
5606
5608
5608
5622
5630
5638
5648
5660
5660
5668
5674
5674
5684
5690
5702
5702
5712
5714
5716
5730
5752
5766
5768
5770
5776
5780
5784
5790
5794
5804
5826
5830
5850
5880
5882
5888
5888
5902
5904
5910
5914
5918
5938
5956
5962
5964
5970
5980
5986
5998
5998
6004
6016
6034
6036
6064
6096
6098
6102
6106
6114
6118
6126
6130
6134
6136
6142
6152
6156
6170
6170
6174
6176
6184
6188
6216
6226
6234
6236
6248
6254
6262
6264
6266
6278
6300
6320
6328
6330
6336
6384
6418
6422
6422
6426
6438
6446
6464
6466
6470
6486
6502
6504
6550
6566
6572
6590
6596
6600
6608
6654
6656
6672
6692
6720
6736
6786
6788
6800
6838
6840
6854
6918
6978
6982
6998
7024
7088
7094
7110
7142
7152
7156
7158
7168
7176
7190
7210
7212
7250
7254
7280
7280
7280
7318
7332
7340
7344
7356
7376
7386
7396
7406
7428
7442
7446
7472
7490
7528
7534
7534
7554
7570
7592
7612
7624
7626
7628
7684
7694
7736
7758
7760
7766
7774
7780
7794
7794
7886
7910
7910
7964
7968
7974
7976
7978
7982
8020
8022
8036
8040
8060
8060
8062
8084
8090
8100
8102
8126
8202
8214
8218
8236
8268
8276
8288
8300
8328
8338
8342
8382
8398
8398
8410
8438
8454
8564
8574
8586
8598
8614
8644
8646
8664
8694
8714
8716
8728
8734
8756
8762
8788
8790
8800
8814
8820
8836
8860
8890
8902
8954
8984
9014
9038
9058
9084
9116
9116
9134
9142
9144
9150
9152
9184
9192
9244
9252
9256
9266
9266
9288
9290
9298
9300
9392
9394
9450
9450
9454
9454
9464
9470
9470
9480
9482
9484
9510
9518
9580
9588
9596
9598
9608
9626
9650
9652
9718
9722
9732
9740
9830
9854
9860
9896
9924
9938
9952
9964
10010
10018
10018
10036
10038
10050
10064
10074
10090
10114
10122
10128
10154
10176
10186
10190
10206
10210
10218
10250
10270
10312
10324
10350
10366
10370
10412
10414
10424
10436
10444
10450
10450
10460
10462
10476
10496
10498
10506
10520
10526
10530
10598
10632
10652
10680
10710
10758
10788
10804
10826
10914
10926
10964
10994
11002
11008
11050
11054
11068
11070
11078
11084
11130
11134
11202
11216
11244
11286
11374
11390
11400
11402
11434
11492
11506
11506
11508
11508
11508
11520
11524
11638
11656
11656
11656
11664
11674
11678
11678
11714
11716
11734
11744
11766
11772
11772
11784
11796
11804
11812
11818
11826
11842
11862
11880
11914
11972
12020
12020
12022
12082
12100
12100
12118
12140
12142
12148
12148
12152
12186
12186
12194
12230
12272
12302
12308
12310
12340
12360
12362
12444
12478
12496
12526
12526
12534
12544
12584
12600
12608
12608
12670
12694
12716
12720
12726
12738
12758
12784
12786
12788
12802
12806
12832
12842
12852
12882
12912
12946
12950
12950
12974
12984
12998
12998
13016
13036
13058
13078
13088
13098
13102
13110
13112
13140
13144
13148
13150
13158
13184
13214
13224
13268
13284
13290
13294
13294
13320
13320
13334
13352
13384
13396
13420
13444
13462
13468
13474
13476
13514
13532
13550
13566
13600
13604
13624
13624
13628
13650
13656
13662
13688
13700
13714
13744
13750
13760
13764
13776
13794
13800
13804
13810
13818
13846
13846
13860
13878
13892
13896
13926
13948
13956
13956
13978
14008
14036
14040
14066
14094
14096
14108
14134
14136
14152
14154
14176
14200
14216
14216
14218
14220
14226
14226
14240
14258
14266
14282
14292
14296
14330
14336
14340
14358
14370
14376
14382
14386
14392
14398
14398
14408
14412
14422
14424
14432
14432
14436
14438
14452
14454
14472
14486
14494
14502
14516
14528
14542
14546
14558
14576
14582
14584
14584
14588
14590
14590
14592
14598
14602
14604
14604
14610
14616
14622
14624
14640
14642
14646
14652
14652
14654
14660
14666
14672
14676
14702
14702
14704
14704
14708
14708
14710
14714
14716
14718
14718
14720
14724
14732
14738
14744
14746
14748
14752
14756
14758
14766
14768
14786
14788
14790
14792
14800
14800
14802
14810
14812
14816
14816
14828
14828
14830
14832
14836
14838
14838
14838
14844
14848
14850
14850
14852
14856
14864
14868
14876
14878
14880
14884
14890
14890
14894
14902
14904
14904
14906
14908
14910
14914
14914
14916
14918
14922
14922
14926
14928
14930
14932
14934
14940
14940
14940
14946
14948
14950
14962
14964
14968
14970
14970
14970
14974
14976
14982
14984
14984
14992
15002
15002
15004
15004
15008
15016
15016
15016
15016
15028
15032
15032
15034
15038
15044
15044
15046
15046
15066
15068
15068
15070
15076
15076
15078
15092
15104
15104
15106
15116
15122
15122
15122
15122
15128
15130
15134
15138
15142
15142
15144
15146
15148
15148
15156
15158
15158
15160
15170
15178
15180
15186
15188
15192
15204
15214
15216
15220
15222
15230
15236
15246
15250
15258
15270
15270
15280
15294
15304
15308
15316
15326
15330
15332
15346
15348
15354
15360
15374
15374
15380
15380
15382
15396
15402
15402
15404
15410
15414
15420
15430
15434
15436
15438
15448
15454
15460
15470
15476
15476
15478
15482
15554
15558
15560
15568
15570
15572
15580
15606
15606
15608
15616
15622
15644
15650
15660
15670
15690
15702
15704
15716
15752
15766
15778
15798
15808
15834
15842
15864
15888
15910
15966
15978
15994
16016
16026
16048
16066
16092
16126
16264
16358
16360
16414
16820
17964
18450
18672
18802
20094
20224
20624
21056
22024
22654
22824
22834
23480
23918
24066
24202
24402
24650
24690
24750
24844
24870
25066
25130
25386
31300
33696
33942
34084
34160
34196
34662
35012
35376
81718
197822
605794
626664
