Latencies
5412
5426
5434
5450
5486
5492
5492
5504
5524
5532
5534
5542
5576
5592
5596
5642
5646
5664
5682
5692
5696
5702
5708
5726
5726
5728
5734
5734
5754
5766
5778
5784
5788
5792
5796
5814
5820
5826
5832
5836
5852
5856
5874
5884
5926
5934
5936
5936
5942
5960
5962
5976
6000
6030
6032
6052
6108
6116
6136
6140
6146
6160
6168
6170
6178
6180
6182
6206
6208
6212
6212
6226
6264
6276
6278
6282
6286
6300
6304
6318
6356
6360
6378
6380
6382
6386
6424
6440
6484
6500
6502
6606
6662
6668
6682
6692
6768
6782
6794
6874
6876
6876
6904
6908
6918
6936
6944
6950
6960
6974
6978
6982
6988
7002
7008
7014
7036
7054
7056
7058
7090
7118
7118
7138
7146
7152
7194
7202
7228
7304
7328
7354
7364
7364
7384
7396
7408
7412
7414
7424
7460
7468
7480
7506
7534
7582
7594
7600
7616
7618
7620
7626
7644
7652
7656
7658
7702
7762
7778
7782
7794
7810
7812
7816
7816
7840
7888
7914
7930
7934
7950
7982
8008
8022
8080
8086
8126
8150
8152
8154
8182
8194
8246
8270
8274
8320
8326
8326
8342
8344
8356
8374
8392
8408
8428
8428
8452
8462
8472
8476
8524
8536
8562
8566
8660
8676
8780
8782
8796
8798
8822
8858
8858
8908
8920
8982
8982
8990
9100
9104
9116
9136
9150
9184
9210
9264
9266
9300
9334
9336
9344
9344
9416
9478
9546
9624
9664
9692
9710
9756
9766
9832
9836
9838
9846
9848
9872
9902
9922
9988
10012
10014
10018
10032
10056
10060
10084
10098
10118
10142
10142
10162
10200
10202
10236
10246
10254
10270
10288
10294
10294
10324
10354
10430
10466
10506
10540
10596
10614
10626
10658
10688
10708
10728
10728
10736
10768
10776
10794
10848
10868
10884
10884
10886
10916
10918
10922
11024
11040
11050
11058
11104
11110
11134
11148
11182
11186
11198
11218
11220
11226
11232
11252
11300
11318
11372
11434
11438
11492
11500
11516
11584
11638
11638
11676
11684
11688
11708
11726
11754
11792
11812
11832
11834
11834
11836
11838
11850
11894
11904
11940
11956
11982
12030
12062
12068
12124
12134
12140
12142
12158
12222
12234
12286
12288
12308
12328
12340
12342
12370
12370
12382
12386
12394
12440
12480
12482
12502
12544
12546
12562
12578
12594
12622
12682
12714
12722
12722
12736
12778
12794
12810
12830
12850
12908
12960
12980
12998
13024
13068
13070
13090
13120
13132
13138
13194
13206
13220
13272
13280
13304
13336
13410
13412
13448
13452
13464
13542
13558
13616
13672
13732
13734
13778
13818
13834
13872
13888
13898
13972
13984
14050
14076
14082
14104
14122
14140
14150
14194
14206
14214
14218
14226
14232
14232
14240
14242
14258
14260
14270
14352
14362
14362
14394
14410
14446
14466
14492
14506
14510
14514
14516
14528
14544
14554
14558
14560
14560
14566
14578
14588
14590
14594
14596
14598
14602
14604
14612
14614
14616
14624
14652
14660
14662
14662
14700
14702
14704
14706
14716
14720
14726
14730
14736
14742
14744
14756
14756
14764
14764
14766
14770
14786
14800
14804
14812
14812
14812
14814
14828
14830
14832
14856
14856
14856
14858
14858
14858
14868
14870
14874
14880
14884
14900
14904
14908
14912
14912
14926
14934
14942
14958
14964
14966
14966
14970
14976
14984
14986
14992
15018
15030
15036
15044
15046
15046
15054
15060
15064
15084
15086
15088
15088
15108
15108
15108
15116
15120
15124
15126
15128
15132
15134
15136
15140
15142
15142
15144
15150
15150
15152
15170
15172
15174
15194
15194
15194
15198
15202
15206
15208
15208
15216
15218
15228
15236
15246
15250
15264
15268
15274
15282
15288
15292
15296
15308
15308
15314
15320
15332
15336
15338
15344
15354
15362
15370
15380
15386
15408
15412
15416
15420
15432
15438
15446
15460
15464
15466
15470
15478
15482
15492
15514
15516
15522
15526
15534
15534
15560
15570
15572
15572
15622
15638
15650
15660
15668
15682
15716
15724
15730
15820
15822
15852
15894
15924
15936
15946
15962
16070
16112
16116
16238
16344
16378
16384
16390
16400
16426
16450
16542
16600
16698
16770
16980
17092
17112
17272
17318
17546
17578
17624
17996
18032
18138
18292
18550
18812
19074
19114
19408
19420
19436
19584
19632
19710
19734
19992
20008
20058
20060
20100
20102
20392
20474
20676
20686
20764
20766
20774
20798
20956
21022
21152
21308
21590
21604
21880
22032
22044
22096
22098
22108
22182
22428
22458
22490
22530
22618
22828
22872
23022
23118
23364
23370
23390
23644
23734
23744
23768
23792
23926
24002
24032
24048
24050
24086
24116
24150
24166
24210
24232
24272
24322
24344
24402
24436
24510
24530
24572
24582
24670
24718
24794
24814
24954
24958
25016
25050
25078
25086
25114
25154
25250
25300
25322
25356
25434
25462
25482
25488
25522
25562
25564
25566
25608
25696
25706
25738
25790
25828
26140
26178
26222
26262
26300
26416
26440
26454
26660
26726
26782
26816
26818
26886
26992
27028
27132
27214
27386
27526
27628
27994
28012
28070
28238
28252
28372
28492
28618
28676
28942
28964
28966
29078
29088
29116
29152
29168
29274
29296
29382
29472
29516
29516
29520
29534
29558
29636
29708
29786
29924
29954
30056
30066
30076
30160
30160
30188
30306
30326
30454
30492
30496
30636
30708
30806
30842
30880
30952
31082
31182
31278
31386
31522
31534
31546
31614
31622
31674
31682
31724
31858
31906
31958
32176
32202
32440
32552
32556
32564
32698
32742
32820
33100
33230
33304
33352
33364
33388
33408
33524
33580
33592
33628
33638
33658
33670
33718
33762
33768
33772
33776
33780
33800
33804
33832
33860
33878
33984
33984
33986
34026
34034
34076
34084
34122
34134
34152
34158
34160
34194
34208
34210
34212
34240
34268
34270
34272
34276
34294
34298
34306
34322
34330
34338
34376
34394
34410
34414
34430
34442
34458
34460
34466
34496
34504
34506
34512
34516
34540
34550
34556
34558
34560
34594
34616
34636
34694
34708
34716
34724
34724
34734
34788
34790
34844
34844
34850
34850
34894
34922
34944
34954
35004
35032
35084
35090
35126
35128
35168
35202
35224
35280
35350
35434
35460
35594
35654
36230
38162
38402
39236
40112
40990
42520
42638
42688
42792
43550
43682
43884
43892
43952
44428
46340
49122
49996
53654
53798
54064
73450
76994
79116
84868
412106
480046
2140366
