Latencies
4962
4994
4998
5006
5006
5010
5012
5014
5020
5020
5024
5026
5026
5026
5028
5028
5030
5034
5036
5036
5038
5040
5042
5042
5046
5048
5048
5048
5050
5050
5052
5054
5056
5056
5056
5058
5058
5060
5060
5062
5062
5068
5068
5070
5070
5070
5072
5074
5074
5074
5074
5074
5076
5076
5076
5080
5080
5084
5084
5084
5086
5088
5088
5090
5090
5090
5092
5094
5094
5096
5096
5098
5098
5098
5098
5098
5100
5100
5100
5100
5100
5102
5102
5104
5104
5106
5106
5108
5108
5108
5110
5110
5112
5114
5114
5114
5114
5114
5116
5116
5118
5118
5118
5120
5120
5120
5122
5122
5124
5124
5126
5126
5128
5130
5130
5130
5132
5132
5132
5134
5134
5134
5134
5134
5136
5136
5136
5136
5138
5138
5140
5140
5140
5140
5140
5144
5144
5146
5146
5148
5148
5148
5148
5148
5150
5150
5150
5150
5150
5152
5154
5154
5156
5156
5156
5156
5156
5156
5158
5158
5158
5158
5158
5158
5158
5160
5160
5162
5162
5164
5164
5164
5166
5166
5166
5166
5170
5170
5170
5172
5174
5174
5176
5178
5178
5178
5178
5178
5178
5178
5180
5180
5180
5182
5182
5182
5184
5184
5184
5184
5184
5186
5186
5186
5186
5188
5188
5188
5190
5190
5190
5192
5194
5194
5194
5194
5194
5196
5196
5196
5196
5196
5196
5198
5198
5198
5198
5198
5200
5200
5200
5200
5200
5200
5200
5200
5200
5202
5202
5202
5202
5202
5202
5206
5206
5206
5206
5206
5208
5208
5208
5210
5210
5210
5210
5210
5212
5212
5212
5212
5214
5214
5214
5214
5214
5216
5216
5218
5218
5218
5220
5222
5222
5222
5222
5222
5224
5224
5226
5226
5230
5230
5232
5232
5232
5232
5232
5234
5236
5236
5238
5238
5238
5238
5240
5240
5240
5240
5240
5240
5242
5244
5244
5246
5246
5246
5248
5248
5250
5250
5250
5250
5250
5250
5252
5252
5252
5252
5252
5252
5254
5254
5254
5256
5258
5258
5258
5258
5258
5258
5260
5260
5260
5262
5264
5264
5264
5266
5266
5266
5266
5266
5268
5268
5270
5272
5272
5272
5274
5274
5276
5276
5276
5276
5278
5278
5280
5280
5280
5280
5280
5280
5282
5282
5284
5284
5284
5286
5286
5286
5286
5288
5288
5288
5288
5292
5292
5292
5292
5294
5294
5294
5294
5294
5296
5300
5300
5302
5302
5304
5304
5306
5306
5308
5310
5310
5312
5312
5314
5316
5316
5318
5320
5324
5326
5326
5326
5328
5328
5328
5328
5330
5330
5332
5334
5334
5334
5336
5340
5340
5342
5342
5342
5342
5342
5344
5344
5346
5346
5346
5346
5348
5350
5350
5350
5356
5356
5356
5356
5356
5358
5358
5360
5362
5362
5364
5364
5364
5364
5370
5370
5372
5372
5372
5374
5374
5374
5376
5376
5376
5376
5378
5378
5378
5380
5382
5382
5384
5384
5384
5388
5388
5388
5390
5392
5392
5394
5394
5394
5394
5394
5396
5398
5398
5398
5398
5400
5400
5400
5400
5402
5402
5404
5404
5404
5406
5406
5406
5406
5406
5408
5408
5408
5410
5412
5414
5420
5420
5420
5422
5424
5424
5424
5424
5426
5426
5428
5428
5428
5430
5432
5432
5434
5436
5436
5436
5438
5440
5440
5442
5444
5444
5446
5448
5448
5450
5450
5452
5456
5458
5458
5464
5464
5468
5470
5472
5472
5476
5478
5486
5486
5488
5488
5488
5492
5492
5494
5494
5496
5496
5498
5500
5500
5500
5502
5502
5508
5514
5520
5522
5522
5522
5526
5530
5534
5536
5536
5538
5540
5548
5548
5554
5558
5564
5564
5566
5570
5570
5574
5576
5576
5578
5580
5586
5586
5590
5590
5594
5596
5596
5596
5600
5602
5604
5604
5606
5612
5612
5614
5614
5614
5614
5618
5618
5620
5622
5624
5624
5634
5634
5636
5636
5638
5640
5648
5650
5650
5652
5660
5666
5670
5672
5672
5674
5674
5678
5678
5680
5682
5684
5686
5692
5694
5698
5698
5702
5702
5708
5712
5714
5714
5714
5716
5722
5724
5726
5726
5728
5730
5730
5736
5736
5740
5742
5742
5754
5756
5756
5760
5766
5768
5774
5774
5776
5778
5780
5782
5790
5796
5800
5800
5808
5808
5812
5814
5816
5820
5822
5832
5834
5844
5844
5846
5852
5862
5866
5874
5876
5880
5892
5898
5898
5902
5904
5906
5906
5910
5924
5930
5932
5934
5934
5944
5944
5944
5954
5956
5958
5958
5960
5968
5968
5968
5970
5972
5976
5990
5994
5994
6000
6000
6004
6004
6008
6010
6014
6014
6016
6022
6024
6024
6032
6042
6046
6046
6052
6062
6070
6076
6078
6088
6090
6092
6094
6112
6114
6118
6120
6138
6138
6138
6140
6148
6150
6160
6164
6168
6170
6206
6206
6212
6222
6226
6230
6236
6242
6256
6260
6278
6310
6314
6320
6360
6374
6376
6380
6396
6400
6402
6406
6412
6422
6470
6470
6472
6480
6488
6492
6548
6556
6600
6602
6604
6648
6670
6688
6690
6714
6738
6784
6820
6824
6836
6886
6904
6932
7034
7094
7126
7220
7284
7292
7298
7340
7548
7692
7872
7894
8426
8496
8520
8602
8776
8942
8966
9102
9494
9722
9780
9782
10214
10610
10648
10776
11046
11482
11518
11660
11874
11964
12194
12364
12652
12734
13482
13654
13680
13730
13864
14592
14728
15040
15132
15572
15586
15762
15850
16160
17016
17026
17150
17158
17524
17782
17934
17934
17944
18078
18324
18528
18986
19050
19140
19370
19400
19778
20258
20450
20806
21010
21066
21130
21196
23248
23250
23924
23998
24012
24038
24440
24838
25132
25408
25698
25716
28138
28704
29032
29508
29532
29772
30388
30434
30850
34038
34798
35094
35156
35222
35422
36252
38378
42272
56634
62648
