Latencies
5038
5038
5040
5042
5054
5056
5060
5062
5064
5064
5064
5064
5066
5068
5070
5070
5072
5074
5076
5076
5076
5076
5076
5076
5078
5080
5082
5082
5082
5084
5084
5084
5088
5088
5088
5092
5092
5092
5094
5094
5094
5094
5096
5096
5096
5096
5098
5100
5100
5102
5102
5104
5106
5106
5106
5108
5108
5110
5110
5110
5110
5110
5110
5112
5114
5114
5114
5114
5116
5116
5116
5118
5118
5118
5122
5126
5126
5126
5126
5128
5128
5128
5128
5130
5132
5132
5132
5134
5134
5134
5136
5136
5136
5136
5136
5138
5138
5138
5138
5140
5140
5140
5140
5142
5142
5142
5144
5144
5146
5146
5146
5146
5148
5148
5150
5150
5150
5150
5150
5150
5152
5152
5152
5152
5154
5154
5154
5156
5156
5156
5158
5162
5162
5162
5162
5164
5164
5164
5166
5166
5166
5166
5166
5166
5166
5166
5166
5170
5170
5170
5170
5172
5174
5174
5174
5174
5174
5174
5176
5176
5178
5178
5180
5180
5180
5180
5180
5182
5182
5182
5184
5184
5184
5184
5184
5186
5186
5186
5186
5186
5186
5188
5188
5188
5188
5188
5188
5190
5190
5192
5192
5192
5192
5192
5192
5194
5194
5194
5194
5194
5196
5196
5198
5198
5198
5198
5198
5200
5200
5200
5200
5200
5202
5202
5202
5204
5204
5206
5206
5206
5208
5208
5210
5210
5210
5210
5212
5212
5212
5212
5212
5214
5214
5214
5214
5214
5216
5216
5216
5216
5216
5216
5216
5216
5216
5218
5218
5218
5220
5220
5222
5222
5222
5224
5224
5224
5224
5224
5226
5226
5226
5226
5226
5226
5226
5226
5228
5228
5228
5228
5228
5230
5230
5232
5232
5232
5232
5232
5232
5232
5234
5234
5234
5234
5234
5234
5236
5236
5236
5236
5238
5238
5240
5240
5242
5242
5242
5242
5244
5244
5244
5246
5246
5246
5246
5246
5246
5246
5248
5248
5248
5248
5248
5250
5250
5250
5250
5250
5250
5250
5250
5250
5252
5252
5252
5252
5252
5252
5252
5254
5254
5254
5254
5256
5256
5258
5258
5258
5258
5258
5258
5260
5260
5260
5260
5260
5262
5262
5262
5262
5264
5264
5264
5266
5266
5266
5266
5266
5268
5268
5268
5268
5270
5270
5270
5270
5270
5270
5272
5272
5274
5274
5274
5274
5274
5276
5276
5276
5276
5276
5276
5278
5278
5278
5278
5280
5280
5280
5280
5282
5282
5282
5282
5282
5282
5284
5284
5284
5284
5284
5284
5286
5286
5286
5286
5288
5288
5288
5288
5290
5292
5294
5294
5294
5296
5296
5296
5298
5298
5298
5298
5298
5300
5300
5300
5300
5300
5304
5304
5306
5306
5306
5306
5308
5308
5308
5310
5310
5312
5312
5314
5314
5314
5314
5314
5314
5314
5314
5316
5316
5316
5316
5318
5318
5320
5320
5320
5324
5324
5326
5328
5330
5330
5334
5334
5336
5336
5338
5340
5340
5342
5342
5344
5346
5346
5348
5348
5348
5350
5352
5352
5352
5354
5356
5356
5356
5358
5358
5358
5360
5360
5364
5364
5366
5366
5366
5368
5370
5370
5370
5370
5372
5372
5374
5376
5376
5376
5376
5378
5384
5384
5384
5384
5386
5386
5386
5388
5388
5390
5390
5390
5392
5394
5396
5398
5398
5400
5400
5400
5400
5400
5400
5402
5406
5406
5408
5410
5410
5410
5412
5416
5416
5418
5418
5422
5422
5424
5424
5426
5426
5426
5428
5428
5428
5428
5436
5438
5438
5438
5438
5440
5440
5440
5442
5444
5444
5444
5446
5450
5452
5452
5454
5456
5456
5456
5456
5458
5458
5460
5460
5462
5462
5464
5466
5472
5472
5478
5478
5480
5486
5488
5490
5492
5492
5492
5494
5494
5498
5498
5502
5502
5506
5508
5508
5508
5508
5508
5508
5508
5508
5510
5522
5522
5524
5526
5530
5532
5542
5542
5544
5548
5550
5556
5558
5560
5562
5572
5574
5576
5576
5578
5580
5580
5582
5584
5584
5586
5588
5590
5590
5592
5594
5594
5596
5596
5598
5598
5598
5600
5604
5606
5606
5610
5610
5610
5610
5614
5618
5618
5618
5620
5622
5624
5624
5624
5626
5628
5630
5630
5632
5636
5638
5638
5644
5648
5650
5656
5656
5664
5666
5666
5668
5670
5670
5674
5678
5686
5690
5698
5702
5706
5710
5712
5714
5714
5716
5718
5720
5722
5726
5740
5742
5744
5746
5746
5746
5748
5750
5752
5756
5758
5760
5762
5762
5770
5774
5778
5780
5782
5786
5794
5794
5802
5802
5806
5812
5816
5822
5824
5826
5830
5832
5834
5834
5834
5834
5834
5836
5838
5844
5844
5846
5852
5856
5864
5868
5870
5870
5874
5880
5880
5880
5882
5884
5884
5884
5888
5888
5890
5898
5898
5898
5900
5902
5906
5906
5908
5914
5914
5914
5914
5916
5916
5916
5920
5926
5926
5940
5944
5944
5946
5946
5950
5950
5962
5966
5968
5972
5972
5974
5974
5974
5980
5986
5988
5988
5996
6002
6004
6006
6024
6026
6032
6034
6034
6044
6044
6046
6052
6058
6068
6072
6076
6084
6090
6090
6094
6094
6098
6106
6112
6112
6118
6120
6148
6150
6156
6166
6178
6182
6192
6222
6230
6248
6256
6274
6274
6278
6294
6296
6308
6310
6334
6338
6340
6368
6382
6388
6394
6436
6450
6464
6464
6470
6480
6506
6510
6532
6546
6556
6586
6610
6642
6644
6684
6706
6716
6722
6730
6736
6754
6782
6816
6818
6946
6972
7004
7480
7510
7600
7636
7804
8366
8746
8946
9088
9174
9186
9464
9786
10032
10134
10518
10634
10726
10740
10890
10994
11234
11328
11362
11414
11560
11682
11778
11984
12356
12594
12940
13126
13388
13648
14080
14342
14610
14642
14808
15224
15640
15970
16174
16220
16458
16496
16540
16638
17042
17082
17188
17898
18264
18322
19146
19218
19672
19838
19896
19906
20264
20450
20828
21034
21064
21496
21842
21870
22092
22360
22376
22404
22658
22744
23386
23578
23888
24120
24418
24590
24784
24908
25252
25294
25488
25974
26006
26362
26478
26812
26892
26948
28260
28436
29076
29464
29854
29978
30530
30956
32368
32864
33004
33174
34060
34162
34750
34774
35376
35518
35552
35670
35716
36314
36402
37222
40488
41330
52978
53790
68038
189084
