Latencies
5000
5006
5006
5008
5016
5022
5022
5022
5024
5026
5026
5028
5028
5030
5030
5034
5040
5040
5042
5042
5046
5046
5048
5050
5050
5052
5052
5052
5052
5054
5056
5056
5058
5058
5060
5060
5062
5064
5064
5066
5066
5066
5070
5070
5072
5074
5076
5076
5078
5078
5078
5080
5080
5080
5080
5082
5084
5084
5088
5088
5088
5090
5092
5092
5092
5092
5094
5096
5098
5098
5098
5098
5100
5102
5104
5106
5106
5106
5106
5106
5108
5110
5110
5114
5114
5116
5116
5116
5118
5118
5118
5118
5120
5120
5120
5120
5122
5122
5122
5122
5124
5124
5124
5124
5126
5126
5126
5128
5128
5130
5130
5130
5130
5132
5132
5132
5134
5136
5138
5138
5138
5138
5138
5138
5140
5140
5140
5140
5142
5148
5150
5150
5150
5150
5150
5152
5152
5152
5152
5154
5154
5154
5154
5154
5154
5156
5156
5156
5156
5158
5158
5160
5160
5160
5160
5160
5162
5162
5164
5164
5164
5164
5166
5166
5166
5166
5168
5168
5168
5170
5170
5170
5174
5174
5176
5176
5176
5176
5176
5176
5178
5178
5178
5178
5180
5180
5180
5180
5182
5182
5182
5182
5182
5184
5184
5184
5186
5186
5186
5188
5188
5190
5190
5190
5190
5190
5190
5192
5192
5192
5194
5194
5194
5194
5196
5196
5200
5200
5200
5200
5202
5202
5202
5202
5202
5202
5202
5204
5204
5204
5206
5206
5206
5206
5206
5206
5208
5208
5208
5208
5208
5208
5208
5208
5210
5210
5210
5210
5210
5212
5212
5214
5214
5214
5216
5216
5216
5216
5216
5216
5218
5218
5218
5220
5220
5220
5222
5222
5222
5222
5224
5224
5224
5224
5226
5226
5226
5226
5228
5228
5228
5228
5228
5228
5228
5230
5230
5230
5230
5230
5232
5232
5232
5234
5234
5234
5234
5234
5234
5236
5236
5236
5238
5238
5238
5238
5238
5240
5240
5240
5240
5240
5242
5242
5242
5242
5242
5244
5244
5244
5244
5244
5246
5246
5246
5246
5246
5246
5246
5246
5248
5248
5248
5248
5250
5250
5250
5250
5250
5250
5250
5252
5252
5252
5252
5252
5254
5254
5254
5256
5256
5256
5256
5256
5258
5258
5260
5260
5260
5262
5262
5262
5262
5262
5264
5266
5266
5268
5268
5268
5268
5268
5270
5270
5270
5270
5272
5272
5272
5274
5274
5274
5274
5274
5276
5276
5276
5276
5276
5278
5278
5278
5280
5280
5282
5282
5282
5284
5284
5284
5286
5286
5288
5290
5290
5290
5290
5292
5292
5292
5296
5296
5298
5298
5298
5300
5302
5302
5302
5302
5302
5304
5306
5306
5308
5310
5312
5312
5314
5314
5314
5316
5318
5318
5318
5318
5320
5320
5322
5322
5324
5324
5324
5324
5326
5326
5326
5328
5328
5328
5328
5330
5332
5334
5336
5336
5336
5338
5340
5340
5340
5340
5342
5344
5346
5346
5348
5348
5350
5350
5350
5350
5352
5354
5354
5356
5358
5358
5360
5360
5362
5362
5362
5362
5366
5368
5368
5368
5370
5370
5370
5370
5372
5374
5374
5376
5376
5376
5376
5378
5378
5378
5378
5378
5378
5378
5378
5380
5380
5382
5382
5382
5382
5382
5384
5384
5384
5384
5384
5384
5390
5390
5390
5390
5390
5390
5390
5390
5392
5392
5394
5394
5394
5398
5398
5398
5398
5398
5398
5398
5398
5400
5400
5400
5404
5406
5408
5410
5412
5414
5414
5414
5414
5414
5416
5416
5418
5418
5422
5424
5424
5424
5426
5428
5428
5432
5434
5434
5436
5436
5438
5440
5440
5440
5440
5440
5442
5442
5444
5446
5446
5448
5448
5450
5450
5452
5454
5456
5456
5458
5460
5460
5460
5462
5466
5468
5472
5476
5480
5484
5484
5488
5488
5490
5492
5492
5492
5492
5492
5498
5498
5508
5510
5510
5510
5512
5514
5514
5518
5528
5528
5528
5532
5534
5534
5534
5534
5538
5540
5540
5542
5542
5542
5544
5544
5546
5546
5550
5554
5556
5556
5560
5560
5560
5560
5566
5566
5572
5574
5576
5578
5580
5580
5582
5584
5586
5586
5586
5588
5590
5592
5592
5594
5594
5606
5610
5612
5614
5618
5622
5622
5624
5624
5626
5626
5628
5630
5632
5632
5634
5634
5638
5638
5646
5646
5650
5652
5652
5656
5660
5662
5664
5670
5672
5676
5678
5680
5680
5686
5688
5696
5698
5700
5704
5706
5710
5718
5718
5718
5722
5722
5722
5724
5728
5730
5730
5732
5734
5736
5738
5738
5740
5742
5742
5744
5746
5754
5756
5758
5760
5760
5760
5760
5762
5764
5766
5770
5772
5772
5776
5776
5778
5778
5782
5792
5794
5798
5798
5798
5804
5808
5816
5820
5822
5822
5824
5826
5828
5836
5836
5836
5838
5838
5844
5854
5854
5854
5856
5858
5866
5870
5872
5876
5878
5878
5886
5888
5890
5896
5900
5900
5900
5900
5900
5902
5904
5912
5916
5920
5922
5926
5926
5928
5928
5928
5932
5934
5940
5942
5944
5948
5950
5954
5958
5960
5960
5968
5976
5976
5976
5978
5988
5992
5992
5998
6000
6002
6002
6004
6008
6010
6020
6024
6028
6030
6030
6036
6036
6040
6046
6054
6054
6060
6066
6072
6074
6080
6082
6100
6106
6112
6118
6122
6130
6134
6142
6144
6148
6154
6154
6160
6170
6170
6174
6182
6218
6236
6236
6246
6274
6318
6326
6392
6396
6402
6404
6410
6410
6462
6474
6488
6496
6558
6558
6658
6736
6758
6758
6790
6848
6882
6886
7024
7046
7146
7216
7318
7334
7334
7392
7770
7902
7938
7974
8812
8862
9014
9486
9564
9616
9952
10534
10974
11356
11492
11564
12010
12278
12286
12460
12578
12910
13142
13176
14042
14098
14448
14734
15036
15558
16370
17706
17790
18090
18318
18462
18510
19054
19240
19652
19926
19942
20110
20114
21200
21440
22154
22966
23102
23716
23734
24208
24276
24386
24446
24610
24774
24828
24836
25154
25242
25482
25608
25758
27876
28104
29616
31044
31738
32056
33092
38502
41578
43632
