Latencies
5070
5120
5126
5134
5140
5154
5168
5170
5186
5198
5202
5202
5204
5220
5220
5222
5226
5228
5234
5242
5248
5252
5256
5256
5262
5270
5270
5278
5284
5286
5300
5300
5300
5304
5308
5310
5310
5312
5316
5322
5326
5330
5336
5342
5350
5352
5354
5360
5362
5366
5366
5368
5368
5368
5370
5370
5376
5376
5376
5380
5382
5382
5394
5400
5402
5410
5412
5418
5428
5442
5446
5448
5448
5450
5474
5474
5490
5490
5510
5512
5522
5538
5542
5544
5576
5576
5586
5588
5606
5618
5628
5634
5650
5674
5674
5676
5680
5694
5704
5704
5708
5708
5710
5710
5712
5736
5738
5742
5748
5756
5766
5766
5772
5776
5782
5784
5786
5788
5788
5792
5794
5802
5818
5826
5840
5844
5848
5852
5876
5896
5924
5926
5966
5986
6022
6030
6044
6044
6054
6070
6072
6076
6080
6116
6150
6166
6170
6220
6228
6244
6258
6260
6260
6302
6310
6318
6326
6332
6334
6336
6346
6358
6372
6376
6376
6380
6386
6402
6410
6412
6450
6468
6472
6476
6478
6492
6504
6512
6544
6582
6636
6658
6662
6666
6680
6684
6702
6708
6716
6720
6722
6726
6734
6752
6758
6760
6784
6788
6808
6818
6828
6862
6870
6884
6902
6904
6906
6934
6934
6942
7006
7074
7084
7160
7180
7222
7236
7250
7254
7272
7318
7344
7366
7402
7404
7442
7444
7446
7448
7464
7464
7482
7484
7502
7510
7546
7610
7640
7642
7674
7690
7692
7722
7722
7730
7734
7758
7784
7784
7790
7800
7806
7808
7862
7892
7954
7974
7976
8002
8004
8062
8096
8124
8184
8186
8202
8214
8216
8234
8276
8298
8312
8342
8368
8380
8392
8400
8406
8408
8428
8432
8432
8440
8454
8470
8472
8472
8498
8512
8522
8522
8556
8592
8600
8618
8628
8670
8674
8678
8682
8696
8704
8734
8750
8762
8768
8778
8782
8784
8792
8828
8856
8876
8902
8918
8950
8952
8960
8964
8974
8986
9018
9022
9064
9066
9074
9090
9098
9106
9124
9126
9130
9132
9136
9158
9182
9200
9208
9208
9242
9262
9266
9276
9286
9296
9360
9390
9428
9430
9446
9466
9518
9564
9626
9660
9736
9762
9782
9846
9872
9874
9876
9902
9914
9944
9954
10068
10082
10124
10130
10138
10162
10170
10192
10240
10240
10250
10278
10338
10424
10426
10458
10486
10486
10496
10504
10510
10514
10554
10572
10574
10588
10588
10610
10610
10618
10622
10632
10640
10644
10656
10664
10708
10718
10744
10748
10776
10780
10780
10782
10794
10794
10794
10814
10814
10820
10834
10842
10852
10884
10916
10936
10938
10948
10950
10978
10996
11022
11030
11094
11102
11132
11146
11158
11172
11176
11222
11226
11250
11266
11276
11282
11292
11292
11312
11312
11334
11358
11378
11390
11436
11442
11448
11474
11476
11478
11488
11490
11494
11502
11528
11530
11582
11606
11616
11618
11658
11756
11758
11758
11758
11760
11778
11780
11824
11832
11848
11866
11880
11900
11904
11908
11932
11960
11980
11986
11990
12024
12024
12040
12046
12054
12060
12070
12102
12168
12216
12264
12276
12318
12320
12326
12332
12342
12344
12352
12352
12360
12360
12368
12374
12374
12378
12388
12394
12402
12402
12424
12458
12468
12470
12490
12516
12522
12524
12524
12526
12534
12546
12588
12602
12636
12644
12644
12666
12670
12682
12692
12714
12800
12806
12830
12834
12836
12852
12876
12930
12938
12970
12974
12982
13014
13044
13088
13114
13122
13136
13200
13234
13262
13282
13284
13286
13292
13304
13322
13324
13326
13330
13332
13354
13360
13364
13382
13384
13406
13414
13416
13428
13464
13476
13478
13480
13502
13506
13522
13536
13546
13550
13570
13604
13612
13630
13636
13640
13640
13650
13668
13668
13670
13696
13702
13706
13730
13752
13768
13788
13806
13808
13810
13812
13820
13832
13838
13838
13838
13864
13882
13892
13898
13898
13928
13974
13982
14002
14018
14032
14032
14036
14054
14060
14088
14092
14104
14116
14118
14122
14142
14148
14148
14176
14180
14192
14220
14226
14228
14276
14288
14288
14290
14340
14340
14344
14350
14350
14382
14388
14388
14394
14396
14396
14408
14412
14414
14414
14426
14430
14474
14490
14518
14526
14534
14542
14544
14548
14548
14548
14554
14558
14570
14572
14574
14578
14578
14606
14610
14620
14626
14630
14634
14636
14638
14644
14654
14658
14664
14666
14690
14694
14700
14700
14714
14720
14734
14750
14754
14756
14762
14764
14766
14768
14776
14780
14784
14790
14822
14822
14832
14842
14844
14846
14850
14860
14860
14868
14870
14878
14882
14890
14898
14898
14904
14904
14904
14916
14930
14934
14938
14938
14942
14944
14952
14954
14954
14956
14958
14958
14968
14970
14972
14972
14974
15002
15002
15008
15026
15026
15028
15032
15036
15056
15058
15060
15066
15066
15076
15082
15088
15092
15108
15114
15118
15120
15124
15130
15132
15136
15138
15138
15140
15140
15144
15152
15156
15186
15190
15192
15196
15204
15206
15206
15208
15208
15216
15218
15222
15224
15224
15228
15244
15250
15252
15254
15256
15266
15270
15272
15272
15280
15288
15290
15294
15312
15316
15320
15320
15330
15332
15346
15352
15352
15368
15400
15410
15414
15414
15418
15424
15438
15444
15448
15456
15460
15468
15474
15476
15490
15510
15522
15532
15544
15572
15574
15580
15584
15598
15602
15628
15628
15634
15636
15638
15648
15664
15670
15674
15698
15702
15712
15720
15720
15732
15756
15782
15790
15790
15812
15868
15880
15888
15906
15926
15938
15958
15974
16008
16028
16034
16276
16282
16634
17092
17348
17500
18384
18424
18642
18744
18772
18840
19248
19310
19566
19730
19782
20046
20058
20094
20408
20576
20796
20922
20922
20932
21002
21032
21204
21664
21686
21708
21742
21966
22110
22240
22240
22306
22344
22576
22856
22922
22960
23096
23156
23192
23658
23678
23678
23762
23940
24084
24122
24164
24172
24190
24324
24326
24334
24376
24394
24458
24492
24526
24566
24598
24668
24670
24752
24766
24824
24824
24842
24854
24900
24912
24980
25142
25324
25428
25450
25518
26988
28176
28328
28628
29352
29886
30128
30332
30878
32222
32284
33382
33450
34462
36248
37450
40034
40452
40500
40732
43688
43716
44520
44660
45556
46728
49090
70008
117452
137792
146514
261906
