Latencies
5034
5118
5122
5178
5192
5192
5202
5208
5212
5224
5236
5242
5244
5252
5254
5258
5260
5264
5264
5270
5278
5278
5282
5284
5288
5290
5292
5292
5296
5304
5306
5322
5324
5324
5326
5338
5348
5348
5352
5356
5360
5360
5366
5368
5368
5376
5380
5384
5388
5392
5392
5392
5392
5406
5406
5408
5410
5412
5418
5420
5420
5422
5430
5432
5434
5438
5438
5448
5448
5448
5452
5452
5456
5458
5458
5462
5474
5476
5484
5486
5490
5494
5496
5500
5504
5512
5520
5524
5526
5534
5546
5548
5558
5564
5564
5574
5576
5598
5600
5600
5604
5606
5616
5620
5622
5642
5642
5658
5658
5660
5664
5670
5676
5682
5692
5694
5702
5702
5712
5716
5720
5722
5732
5732
5740
5744
5768
5768
5784
5794
5794
5798
5800
5810
5818
5820
5824
5824
5828
5836
5838
5840
5840
5844
5856
5858
5872
5886
5890
5894
5894
5896
5896
5898
5900
5906
5908
5918
5924
5936
5942
5948
5952
5964
5968
5970
5980
5994
6008
6008
6010
6068
6076
6082
6084
6088
6098
6114
6118
6128
6134
6150
6154
6156
6182
6182
6186
6190
6192
6194
6200
6220
6226
6228
6238
6262
6270
6278
6280
6302
6304
6308
6332
6348
6350
6356
6362
6414
6416
6432
6434
6440
6468
6480
6514
6524
6526
6544
6548
6550
6562
6566
6584
6598
6598
6606
6606
6612
6628
6658
6662
6666
6668
6672
6726
6738
6752
6754
6760
6766
6774
6790
6794
6822
6830
6830
6870
6874
6884
6910
6910
6914
6916
6936
6948
6966
7030
7030
7046
7068
7070
7072
7072
7074
7094
7096
7112
7126
7128
7130
7138
7160
7164
7182
7190
7190
7204
7230
7256
7270
7302
7330
7330
7330
7354
7368
7422
7424
7428
7448
7464
7470
7488
7518
7528
7548
7548
7552
7570
7578
7586
7588
7588
7590
7602
7602
7614
7660
7664
7690
7708
7714
7736
7738
7740
7740
7750
7776
7778
7782
7808
7832
7848
7850
7856
7860
7890
7898
7906
7934
7936
8004
8012
8046
8056
8060
8064
8092
8092
8094
8098
8104
8114
8120
8132
8150
8152
8196
8202
8236
8244
8256
8278
8296
8304
8332
8392
8394
8396
8402
8408
8420
8464
8466
8496
8502
8504
8532
8532
8544
8546
8546
8580
8580
8586
8586
8596
8602
8606
8622
8630
8676
8684
8710
8716
8716
8720
8746
8758
8768
8774
8780
8786
8798
8810
8812
8848
8860
8862
8866
8868
8870
8880
8898
8906
8908
8944
8958
8966
8972
8984
8994
8994
9022
9042
9050
9056
9134
9140
9152
9166
9166
9170
9174
9198
9206
9230
9250
9264
9356
9368
9388
9400
9436
9436
9438
9442
9494
9534
9542
9550
9556
9560
9588
9608
9608
9670
9684
9742
9760
9766
9796
9798
9798
9808
9824
9868
9880
9890
9902
9920
9934
9938
9950
9960
9964
10000
10008
10026
10030
10048
10102
10104
10104
10118
10120
10124
10132
10158
10190
10206
10246
10256
10256
10278
10282
10286
10290
10294
10296
10314
10322
10338
10370
10376
10376
10376
10382
10386
10402
10428
10468
10474
10482
10506
10524
10528
10532
10554
10576
10576
10576
10584
10584
10586
10588
10592
10614
10626
10636
10694
10698
10716
10718
10722
10724
10728
10738
10798
10814
10860
10888
10898
10904
10924
10934
11020
11032
11040
11098
11118
11130
11184
11186
11204
11216
11222
11256
11264
11280
11296
11316
11326
11334
11342
11368
11368
11398
11416
11422
11456
11488
11490
11530
11544
11566
11580
11586
11598
11606
11662
11692
11696
11716
11730
11732
11734
11760
11768
11830
11894
11918
11948
11960
11976
11996
11996
12000
12018
12044
12050
12070
12076
12130
12132
12136
12142
12152
12168
12170
12212
12226
12272
12286
12302
12322
12326
12350
12362
12362
12386
12386
12466
12476
12498
12502
12506
12534
12610
12638
12644
12644
12646
12662
12664
12686
12726
12796
12808
12814
12824
12826
12840
12870
12876
12878
12914
12916
12928
12932
12972
12998
13002
13004
13008
13010
13014
13042
13046
13086
13088
13096
13110
13118
13142
13146
13158
13180
13198
13200
13202
13204
13220
13228
13260
13262
13272
13274
13278
13292
13292
13348
13350
13354
13356
13376
13390
13402
13468
13480
13480
13484
13502
13510
13514
13520
13550
13552
13558
13566
13610
13634
13652
13672
13684
13688
13702
13716
13726
13742
13768
13778
13786
13792
13800
13804
13812
13826
13858
13868
13876
13876
13904
13908
13924
13938
13942
13954
13958
13962
13964
13966
14022
14054
14064
14072
14090
14112
14114
14132
14134
14148
14164
14204
14218
14222
14224
14226
14230
14234
14242
14262
14264
14270
14284
14288
14320
14352
14360
14364
14366
14370
14384
14422
14424
14424
14426
14440
14442
14456
14468
14476
14484
14486
14496
14498
14498
14524
14528
14536
14542
14544
14564
14582
14584
14588
14600
14604
14608
14608
14622
14632
14640
14650
14660
14666
14688
14708
14716
14722
14732
14738
14740
14746
14750
14752
14764
14764
14766
14780
14786
14792
14792
14796
14804
14816
14818
14818
14824
14832
14836
14836
14838
14838
14846
14854
14854
14860
14862
14870
14870
14874
14876
14880
14886
14888
14892
14894
14918
14934
14960
14966
14972
14980
14986
14992
14996
15002
15020
15028
15030
15034
15036
15044
15044
15048
15050
15066
15074
15076
15082
15092
15092
15096
15114
15114
15122
15136
15152
15166
15168
15184
15192
15200
15202
15212
15214
15216
15222
15228
15230
15240
15250
15254
15262
15264
15274
15280
15282
15286
15288
15298
15304
15306
15330
15334
15348
15386
15398
15402
15406
15414
15430
15436
15436
15458
15468
15468
15504
15536
15544
15560
15568
15576
15580
15604
15614
15656
15670
15686
15686
15700
15748
15796
15804
15886
15924
15924
15952
16000
16148
16226
16242
16352
16996
17022
17294
17400
18030
18256
18730
19002
19322
19376
19530
19590
19700
20452
21462
22766
23452
24036
24362
24374
24524
27552
27690
28330
28436
28508
28554
31932
38638
38648
44216
55222
113530
114128
362944
598354
1163064
