Latencies
5606
5698
5726
5800
5818
5836
5842
5870
5934
6014
6082
6136
6138
6178
6184
6206
6216
6294
6388
6400
6538
6640
6682
6688
6720
6724
6836
6848
6896
6898
6958
6960
7010
7026
7086
7144
7246
7318
7358
7490
7504
7512
7520
7528
7624
7630
7732
7756
7966
8028
8096
8118
8126
8156
8164
8228
8284
8354
8456
8500
8516
8522
8562
8618
8664
8726
8840
8894
8972
9052
9058
9170
9304
9408
9444
9458
9464
9500
9588
9644
9684
9714
9720
9724
9926
9928
9960
10148
10160
10210
10212
10230
10298
10390
10400
10514
10534
10626
10650
10712
10720
10744
10774
10792
10848
10892
10894
10946
10948
10998
11012
11088
11154
11162
11210
11218
11244
11254
11268
11272
11292
11532
11644
11688
11748
11798
11866
11938
12252
12308
12318
12372
12398
12408
12408
12408
12418
12482
12524
12580
12698
12722
12728
12794
12904
12906
12916
12944
12964
13000
13002
13086
13114
13122
13234
13270
13380
13416
13534
13552
13644
13666
13704
13738
13820
13846
13896
14024
14172
14188
14298
14310
14336
14358
14376
14392
14436
14506
14528
14536
14556
14556
14562
14580
14586
14622
14624
14640
14644
14658
14662
14668
14676
14696
14704
14710
14728
14730
14740
14744
14744
14784
14804
14824
14834
14842
14864
14896
14898
14904
14934
14936
14960
14978
14988
14992
15046
15064
15084
15090
15096
15108
15116
15126
15128
15140
15144
15194
15196
15214
15226
15236
15266
15268
15268
15284
15296
15300
15308
15316
15316
15356
15356
15372
15376
15386
15388
15404
15418
15418
15424
15436
15466
15538
15560
15572
15598
15634
15666
15670
15674
15696
15704
15776
15782
15804
15810
15818
15832
15860
15878
15882
15890
15932
15944
16028
16040
16102
16138
16194
16194
16226
16258
16286
16310
16310
16368
16418
16452
16460
16512
16522
16704
16754
16792
16814
16820
16838
16844
16886
16892
16912
16932
16936
16976
16982
17044
17046
17136
17174
17196
17234
17238
17330
17360
17380
17396
17432
17432
17506
17526
17526
17534
17538
17590
17600
17658
17676
17702
17704
17716
17724
17792
17830
18048
18224
18226
18228
18262
18272
18282
18288
18310
18326
18420
18428
18432
18448
18460
18476
18484
18558
18614
18682
18688
18690
18732
18772
18842
18844
18870
18872
19036
19092
19096
19100
19120
19170
19170
19190
19214
19236
19252
19278
19470
19516
19564
19584
19612
19620
19644
19680
19686
19722
19822
19852
19912
19934
19982
19994
20018
20030
20082
20084
20116
20132
20166
20196
20224
20308
20308
20406
20462
20470
20492
20496
20528
20554
20568
20612
20686
20688
20792
20812
20878
20886
20890
20922
20962
20964
20970
20976
20992
21004
21052
21084
21156
21254
21294
21360
21376
21394
21418
21450
21464
21512
21516
21534
21596
21622
21654
21716
21766
21784
21800
21892
21946
21974
21978
21986
22088
22154
22200
22234
22242
22274
22316
22364
22494
22644
22680
22700
22786
22822
22844
22946
22946
22948
22978
22990
22992
23276
23358
23362
23384
23426
23432
23440
23514
23564
23574
23578
23582
23594
23600
23610
23664
23666
23708
23732
23740
23826
23848
23854
23900
23908
23924
23984
24020
24024
24052
24070
24078
24086
24158
24260
24284
24290
24322
24350
24374
24436
24464
24510
24514
24534
24600
24616
24652
24654
24654
24664
24682
24688
24702
24714
24722
24758
24782
24788
24796
24804
24812
24814
24838
24880
24894
24900
24928
24946
24956
24976
24992
25040
25058
25076
25086
25122
25128
25164
25200
25208
25230
25260
25342
25374
25376
25382
25444
25464
25466
25492
25508
25562
25588
25594
25626
25642
25680
25700
25728
25754
25790
25842
25852
25858
25870
25892
25916
25984
25984
26070
26082
26086
26094
26186
26220
26296
26342
26448
26478
26594
26606
26730
26732
26856
26890
26920
26986
27044
27044
27054
27140
27218
27360
27382
27402
27444
27464
27468
27510
27542
27544
27562
27572
27622
27622
27838
27840
27880
27880
27904
27934
27966
27984
28004
28102
28112
28192
28206
28206
28216
28236
28248
28314
28320
28348
28348
28382
28424
28484
28518
28532
28548
28596
28652
28688
28688
28784
28786
28790
28792
28862
28874
28932
28932
28972
29008
29094
29110
29128
29204
29278
29286
29326
29340
29384
29386
29406
29420
29482
29484
29522
29532
29544
29574
29592
29632
29690
29714
29762
29878
29888
29890
29982
29984
30016
30156
30220
30274
30306
30318
30342
30362
30390
30408
30442
30460
30472
30476
30482
30582
30652
30656
30754
30762
30774
30792
30810
30828
30844
30858
30862
30872
30880
30890
30908
31032
31034
31078
31232
31248
31264
31264
31296
31318
31322
31358
31362
31418
31484
31506
31616
31636
31734
31770
31834
31836
31868
31928
31984
32020
32032
32102
32160
32170
32214
32300
32320
32336
32340
32374
32428
32444
32480
32484
32576
32590
32592
32620
32654
32672
32738
32760
32776
32780
32848
33042
33074
33076
33096
33110
33110
33142
33144
33182
33184
33294
33338
33370
33428
33464
33466
33490
33504
33508
33548
33580
33580
33624
33628
33660
33668
33686
33686
33688
33704
33722
33726
33744
33774
33780
33792
33810
33810
33814
33818
33852
33858
33866
33868
33888
33890
33900
33910
33922
33940
33952
33956
33964
33968
33970
33972
33976
33982
33982
34008
34010
34030
34072
34086
34096
34098
34112
34122
34124
34140
34164
34172
34176
34184
34196
34206
34222
34238
34242
34246
34252
34274
34276
34288
34298
34300
34322
34326
34330
34348
34358
34370
34372
34372
34376
34390
34396
34400
34414
34416
34426
34436
34450
34466
34466
34480
34510
34516
34522
34526
34528
34542
34570
34572
34578
34584
34592
34596
34612
34620
34624
34632
34642
34714
34714
34724
34728
34734
34740
34766
34768
34774
34788
34804
34804
34810
34812
34818
34820
34826
34828
34832
34838
34842
34854
34862
34874
34888
34910
34920
34922
34928
34956
34962
34964
34970
34980
34982
35020
35042
35052
35140
35148
35200
35246
35318
35336
35338
35348
35410
35486
35494
35498
35674
35858
36014
36248
36758
36762
36818
37246
37476
38490
38548
38552
38566
39030
39272
39306
39720
39740
39816
40652
40796
41796
42572
43388
43526
43702
43862
44114
44536
44574
44788
44838
45026
47100
49722
49916
51576
52740
53484
54128
54734
54928
61250
62642
62824
63798
63904
64430
65004
68822
70420
76002
84388
103358
643100
11983256
