Latencies
5290
5326
5330
5336
5338
5340
5358
5358
5366
5370
5372
5374
5376
5378
5380
5384
5392
5394
5394
5404
5406
5408
5410
5410
5414
5414
5414
5428
5428
5430
5430
5430
5430
5434
5434
5438
5440
5442
5442
5444
5450
5452
5454
5456
5462
5462
5464
5466
5468
5472
5490
5498
5506
5510
5514
5516
5516
5516
5518
5522
5524
5526
5530
5532
5542
5548
5554
5554
5554
5562
5568
5570
5580
5580
5594
5598
5600
5604
5616
5620
5620
5624
5632
5646
5648
5648
5648
5648
5660
5662
5664
5666
5666
5668
5668
5668
5674
5698
5700
5700
5704
5706
5710
5710
5710
5716
5722
5724
5744
5748
5760
5766
5774
5778
5782
5782
5788
5792
5796
5802
5804
5804
5810
5816
5818
5820
5820
5822
5824
5826
5836
5838
5842
5868
5880
5882
5884
5888
5892
5906
5916
5926
5952
5952
5964
5980
5984
5988
5990
5992
5996
6002
6002
6004
6008
6014
6014
6030
6032
6034
6034
6036
6038
6040
6052
6056
6056
6064
6066
6066
6070
6074
6074
6076
6084
6086
6086
6088
6094
6096
6110
6114
6132
6132
6136
6140
6152
6154
6158
6158
6180
6180
6188
6196
6200
6204
6206
6206
6214
6216
6216
6218
6240
6262
6264
6284
6294
6294
6298
6302
6308
6310
6312
6318
6326
6336
6360
6370
6380
6402
6408
6408
6428
6488
6492
6526
6534
6534
6538
6544
6556
6566
6590
6596
6608
6620
6620
6622
6636
6686
6688
6694
6712
6720
6732
6734
6740
6760
6760
6768
6770
6782
6790
6796
6824
6836
6848
6852
6878
6946
6954
6994
7052
7060
7090
7106
7110
7124
7128
7130
7150
7160
7168
7198
7210
7226
7242
7258
7268
7308
7334
7350
7356
7364
7382
7408
7418
7484
7488
7508
7514
7516
7544
7556
7564
7574
7596
7598
7626
7636
7640
7644
7698
7716
7720
7742
7772
7800
7806
7812
7820
7850
7872
7908
7914
7926
7934
7950
7998
8022
8044
8050
8072
8090
8134
8140
8146
8178
8182
8212
8216
8226
8230
8256
8302
8312
8322
8342
8350
8358
8392
8470
8514
8516
8544
8554
8560
8590
8628
8636
8680
8694
8706
8728
8746
8762
8764
8802
8810
8814
8814
8846
8882
8922
8936
8938
8948
8958
8986
9048
9078
9106
9162
9176
9188
9190
9198
9226
9242
9260
9276
9280
9308
9312
9314
9348
9352
9366
9370
9384
9390
9404
9404
9406
9418
9432
9436
9444
9448
9460
9464
9464
9504
9522
9584
9618
9632
9690
9700
9702
9724
9740
9752
9772
9832
9832
9864
9880
9886
9898
9918
9924
9932
9946
10008
10034
10034
10182
10228
10246
10246
10250
10256
10258
10274
10338
10352
10364
10370
10410
10438
10458
10476
10478
10504
10518
10540
10544
10558
10580
10584
10616
10622
10654
10674
10684
10738
10752
10756
10770
10780
10804
10812
10818
10870
10884
10896
10910
10952
10972
10994
11008
11014
11056
11064
11104
11110
11136
11222
11224
11234
11262
11284
11308
11314
11320
11354
11368
11372
11388
11390
11394
11412
11438
11468
11508
11532
11562
11596
11624
11658
11676
11750
11762
11788
11820
11828
11830
11834
11852
11898
11904
11916
11952
11956
11966
12000
12002
12004
12008
12080
12082
12140
12172
12184
12192
12212
12220
12220
12226
12230
12248
12266
12274
12276
12310
12316
12398
12402
12404
12442
12444
12446
12500
12522
12526
12540
12554
12568
12590
12618
12628
12628
12642
12648
12662
12670
12670
12684
12688
12690
12700
12724
12740
12742
12764
12778
12784
12824
12840
12896
12902
12942
12982
12990
13016
13028
13034
13056
13116
13132
13138
13158
13180
13192
13198
13208
13266
13268
13326
13368
13372
13418
13420
13424
13438
13448
13464
13468
13476
13490
13502
13524
13524
13576
13578
13586
13588
13588
13590
13594
13602
13624
13628
13630
13640
13670
13694
13698
13714
13758
13760
13764
13774
13774
13782
13792
13816
13820
13826
13844
13848
13854
13900
13902
14010
14010
14022
14024
14030
14034
14042
14056
14060
14066
14080
14090
14114
14134
14142
14146
14152
14166
14170
14172
14186
14192
14210
14210
14212
14238
14280
14288
14308
14310
14312
14334
14340
14344
14366
14366
14368
14398
14404
14404
14434
14436
14442
14464
14478
14480
14512
14520
14524
14532
14534
14546
14558
14572
14576
14580
14586
14588
14592
14600
14600
14604
14604
14618
14618
14630
14632
14640
14640
14642
14654
14660
14672
14672
14672
14674
14684
14686
14688
14700
14712
14724
14726
14734
14742
14744
14750
14752
14764
14764
14776
14784
14790
14796
14798
14804
14808
14812
14814
14818
14826
14830
14836
14838
14840
14840
14842
14846
14860
14878
14878
14880
14882
14890
14892
14896
14900
14914
14922
14922
14932
14940
14942
14944
14952
14956
14974
14978
14992
15004
15006
15010
15012
15026
15030
15048
15050
15050
15050
15062
15064
15070
15076
15080
15080
15088
15096
15098
15112
15116
15116
15124
15126
15128
15128
15134
15146
15148
15150
15156
15158
15158
15162
15162
15166
15168
15172
15172
15180
15182
15182
15184
15206
15208
15212
15216
15224
15230
15230
15236
15238
15240
15242
15248
15250
15256
15270
15278
15280
15290
15290
15292
15296
15298
15302
15306
15308
15310
15312
15312
15316
15318
15320
15328
15336
15336
15336
15342
15342
15344
15344
15348
15358
15364
15370
15378
15388
15388
15402
15406
15408
15420
15430
15436
15436
15442
15466
15466
15474
15482
15486
15496
15498
15498
15548
15552
15576
15584
15596
15602
15624
15632
15662
15678
15702
15710
15762
15772
15776
15778
15784
15784
15792
15824
15828
15828
15834
15838
15914
15918
15920
15948
15970
16040
16046
16050
16118
16118
16200
16208
16214
16216
16218
16268
16426
16534
16642
16858
17266
18140
19654
21174
21276
21552
21636
21660
22994
23496
23526
23606
23678
23774
23948
24004
24148
24316
24492
24526
24592
24688
24834
25014
25032
25172
25242
25296
28042
35334
165066
177180
764946
2782304
13862694
