Latencies
5070
5086
5092
5108
5108
5110
5110
5116
5126
5128
5130
5134
5136
5138
5140
5142
5142
5144
5150
5152
5152
5152
5152
5152
5154
5154
5154
5156
5156
5156
5156
5158
5158
5160
5160
5160
5164
5166
5166
5166
5168
5168
5168
5168
5170
5172
5172
5172
5174
5174
5174
5174
5176
5176
5178
5180
5180
5182
5184
5184
5184
5188
5188
5190
5190
5190
5192
5194
5194
5194
5198
5198
5200
5202
5202
5206
5206
5212
5214
5218
5218
5218
5218
5220
5220
5224
5224
5224
5224
5226
5228
5228
5228
5230
5230
5232
5232
5236
5236
5240
5240
5240
5240
5242
5244
5244
5246
5250
5250
5250
5250
5250
5252
5252
5252
5252
5254
5254
5256
5256
5256
5256
5256
5258
5258
5260
5260
5262
5262
5262
5264
5266
5266
5268
5268
5268
5270
5270
5270
5270
5274
5274
5274
5276
5276
5276
5278
5278
5278
5280
5282
5282
5282
5284
5286
5286
5286
5288
5288
5288
5290
5290
5292
5292
5294
5294
5294
5296
5296
5298
5298
5298
5302
5302
5302
5302
5302
5304
5304
5304
5306
5306
5308
5308
5308
5308
5310
5310
5312
5312
5312
5312
5314
5316
5316
5316
5316
5316
5318
5318
5318
5318
5318
5320
5320
5320
5320
5322
5322
5322
5324
5324
5326
5326
5326
5328
5328
5328
5330
5330
5330
5330
5332
5332
5334
5334
5336
5336
5336
5338
5340
5340
5340
5340
5342
5344
5344
5344
5344
5344
5344
5344
5344
5346
5346
5346
5346
5348
5348
5348
5348
5348
5350
5350
5350
5350
5350
5352
5352
5352
5352
5354
5354
5356
5356
5356
5356
5356
5356
5358
5358
5358
5358
5360
5360
5360
5360
5360
5360
5360
5360
5360
5360
5360
5362
5362
5362
5362
5362
5362
5364
5364
5364
5364
5366
5366
5368
5368
5370
5370
5370
5370
5372
5372
5372
5372
5372
5372
5372
5372
5374
5374
5376
5376
5376
5376
5378
5378
5378
5380
5380
5380
5382
5382
5384
5384
5384
5384
5386
5388
5388
5388
5390
5390
5392
5392
5392
5392
5394
5394
5394
5394
5394
5394
5394
5396
5396
5396
5396
5396
5396
5396
5396
5398
5398
5398
5400
5402
5402
5402
5402
5404
5404
5404
5404
5406
5406
5406
5408
5408
5408
5410
5410
5410
5410
5410
5410
5412
5414
5414
5414
5416
5416
5418
5420
5420
5420
5420
5420
5422
5422
5422
5422
5422
5422
5424
5424
5424
5424
5424
5424
5426
5428
5428
5428
5430
5430
5430
5430
5430
5432
5432
5432
5434
5434
5434
5434
5434
5434
5436
5436
5436
5436
5438
5438
5438
5438
5438
5442
5442
5442
5442
5442
5444
5444
5444
5444
5444
5444
5444
5446
5446
5446
5448
5448
5448
5450
5450
5452
5452
5452
5454
5454
5454
5454
5454
5456
5456
5456
5456
5460
5462
5462
5464
5464
5466
5466
5466
5466
5468
5468
5470
5470
5470
5472
5474
5474
5476
5476
5476
5478
5478
5480
5480
5480
5490
5490
5492
5492
5492
5494
5496
5498
5498
5498
5500
5500
5502
5504
5504
5504
5504
5506
5506
5506
5508
5510
5510
5514
5514
5516
5516
5516
5516
5516
5516
5516
5518
5518
5518
5518
5518
5518
5518
5520
5520
5524
5524
5524
5526
5526
5526
5526
5528
5528
5530
5530
5532
5532
5532
5532
5534
5534
5534
5534
5536
5536
5536
5540
5540
5540
5544
5548
5550
5550
5554
5554
5558
5560
5562
5562
5564
5566
5566
5566
5566
5576
5576
5576
5576
5580
5580
5582
5584
5584
5586
5586
5586
5596
5596
5596
5596
5596
5602
5604
5606
5608
5608
5610
5612
5614
5616
5620
5620
5632
5632
5636
5640
5644
5646
5652
5652
5654
5656
5658
5658
5660
5660
5660
5660
5666
5678
5678
5684
5692
5692
5694
5702
5706
5706
5708
5708
5708
5712
5718
5720
5720
5720
5726
5730
5730
5732
5736
5738
5740
5740
5742
5744
5748
5750
5754
5754
5756
5758
5766
5768
5770
5772
5772
5772
5772
5774
5776
5780
5780
5786
5786
5790
5792
5794
5796
5798
5804
5810
5826
5826
5828
5830
5832
5836
5842
5842
5842
5844
5844
5846
5848
5848
5850
5852
5858
5862
5862
5864
5866
5868
5868
5870
5872
5882
5882
5884
5884
5886
5888
5890
5892
5892
5898
5898
5906
5906
5912
5914
5916
5916
5916
5924
5930
5934
5938
5944
5950
5952
5956
5956
5956
5962
5962
5962
5968
5970
5972
5974
5984
5990
5990
6000
6000
6000
6000
6002
6004
6004
6008
6010
6016
6016
6016
6020
6022
6028
6030
6040
6042
6052
6060
6060
6064
6064
6066
6066
6068
6070
6074
6074
6076
6078
6082
6086
6086
6092
6094
6098
6104
6104
6110
6120
6126
6128
6128
6136
6140
6154
6158
6158
6166
6166
6170
6186
6194
6198
6200
6202
6202
6212
6216
6222
6228
6230
6234
6238
6268
6298
6300
6310
6310
6338
6346
6352
6370
6394
6398
6414
6418
6426
6432
6448
6450
6454
6470
6502
6528
6530
6532
6568
6578
6602
6666
6682
6688
6748
6750
6776
6804
6876
6926
6992
6996
7002
7036
7062
7112
7152
7262
7366
7384
7466
7812
8016
8082
8180
8296
8434
8936
8972
8994
9028
9148
9158
9484
9484
9618
10058
10204
10308
10444
10472
10764
10896
10910
11054
11086
11108
11110
11224
11392
11484
11540
11568
11586
11622
11646
11696
11778
11872
11900
12234
12276
12292
12458
13270
13278
13286
13486
13634
13726
13806
13830
14052
14234
14338
14350
14370
14374
14412
14450
14450
14490
14592
14760
14866
14940
15170
15218
15240
15290
15402
15438
15736
15804
16558
16604
17284
17342
17550
17772
18008
19298
19380
24130
24422
24498
24592
24596
24658
24746
24808
24878
24932
25038
25100
25144
25314
25326
25332
25816
26318
26560
26774
26996
27252
27376
27582
27598
27662
28270
30950
31684
31884
31918
32898
33322
34468
35074
35432
35494
35554
35684
36464
37008
38222
40598
40890
41490
42244
20131378
