Latencies
5064
5066
5068
5074
5076
5078
5078
5078
5088
5088
5090
5092
5092
5092
5098
5100
5100
5102
5104
5106
5106
5108
5108
5112
5114
5120
5120
5122
5122
5124
5124
5126
5126
5128
5128
5130
5132
5134
5136
5138
5140
5140
5142
5142
5142
5146
5146
5148
5148
5150
5152
5152
5158
5158
5162
5164
5166
5166
5166
5166
5168
5170
5172
5174
5174
5174
5174
5174
5176
5178
5178
5180
5180
5182
5182
5184
5184
5186
5186
5186
5186
5188
5188
5190
5194
5196
5196
5198
5200
5200
5200
5200
5200
5204
5204
5206
5208
5208
5210
5210
5212
5212
5212
5212
5212
5212
5214
5214
5214
5214
5214
5216
5216
5216
5220
5220
5222
5222
5222
5224
5224
5224
5224
5226
5226
5226
5226
5228
5228
5228
5228
5230
5230
5230
5230
5232
5232
5234
5236
5236
5236
5238
5238
5238
5238
5238
5240
5240
5240
5242
5242
5244
5244
5244
5244
5246
5246
5246
5246
5248
5248
5248
5248
5248
5250
5250
5254
5256
5256
5256
5256
5258
5258
5258
5260
5260
5260
5260
5260
5262
5262
5262
5262
5264
5264
5264
5266
5268
5268
5268
5270
5270
5272
5272
5274
5274
5276
5276
5276
5276
5276
5278
5278
5280
5282
5282
5282
5286
5286
5290
5290
5290
5292
5292
5292
5292
5292
5294
5294
5294
5296
5296
5296
5296
5298
5298
5298
5298
5298
5300
5300
5302
5302
5304
5304
5304
5304
5306
5306
5306
5308
5310
5314
5314
5314
5316
5316
5316
5316
5318
5320
5320
5320
5320
5320
5320
5322
5322
5322
5322
5322
5324
5324
5324
5326
5326
5328
5330
5332
5332
5332
5332
5332
5334
5334
5338
5338
5340
5340
5340
5342
5342
5342
5344
5344
5344
5344
5344
5344
5344
5344
5348
5348
5348
5350
5352
5354
5356
5356
5356
5356
5356
5358
5358
5360
5360
5360
5360
5364
5366
5368
5368
5368
5370
5370
5372
5372
5372
5374
5374
5374
5374
5374
5374
5376
5376
5378
5378
5380
5382
5384
5384
5384
5384
5386
5386
5386
5386
5386
5388
5388
5390
5390
5390
5390
5390
5392
5392
5392
5392
5394
5394
5394
5394
5394
5394
5394
5396
5398
5398
5398
5398
5398
5400
5402
5404
5404
5404
5404
5404
5406
5406
5408
5408
5410
5410
5412
5412
5414
5414
5414
5416
5416
5420
5420
5420
5420
5422
5422
5422
5424
5424
5426
5426
5426
5428
5428
5428
5428
5428
5428
5428
5430
5432
5432
5432
5432
5432
5432
5436
5436
5436
5436
5440
5440
5440
5440
5440
5442
5444
5444
5446
5446
5446
5446
5448
5448
5450
5450
5452
5452
5452
5452
5452
5454
5458
5458
5458
5460
5460
5460
5466
5468
5470
5470
5470
5470
5472
5476
5476
5476
5476
5478
5478
5480
5480
5480
5482
5484
5484
5486
5486
5486
5488
5488
5488
5490
5490
5492
5492
5496
5496
5496
5496
5498
5498
5498
5502
5502
5504
5506
5506
5506
5508
5508
5508
5508
5508
5518
5520
5522
5524
5526
5526
5528
5528
5530
5530
5532
5534
5534
5534
5536
5540
5540
5542
5542
5544
5548
5550
5550
5552
5552
5552
5554
5556
5556
5558
5562
5562
5564
5564
5566
5566
5566
5570
5570
5572
5572
5572
5576
5576
5578
5578
5580
5582
5584
5586
5586
5588
5590
5592
5592
5594
5594
5596
5596
5596
5606
5606
5608
5608
5608
5610
5610
5614
5616
5616
5618
5620
5620
5620
5620
5622
5622
5624
5624
5624
5624
5626
5626
5628
5628
5630
5634
5634
5640
5644
5646
5646
5648
5648
5652
5656
5656
5658
5664
5664
5666
5668
5668
5670
5670
5670
5676
5678
5678
5680
5682
5684
5686
5686
5686
5692
5692
5694
5694
5696
5698
5702
5706
5706
5708
5710
5712
5714
5714
5720
5726
5730
5732
5736
5744
5748
5750
5752
5752
5760
5760
5760
5762
5766
5766
5774
5776
5780
5782
5782
5784
5784
5786
5786
5790
5792
5794
5796
5798
5798
5798
5798
5800
5804
5804
5806
5808
5808
5810
5812
5812
5816
5820
5820
5822
5824
5828
5828
5828
5830
5832
5832
5834
5834
5836
5838
5842
5844
5846
5852
5852
5852
5858
5860
5862
5864
5864
5866
5868
5868
5870
5872
5874
5874
5882
5888
5888
5892
5892
5894
5896
5898
5900
5900
5902
5908
5912
5912
5914
5916
5918
5930
5934
5934
5934
5952
5962
5970
5974
5978
5982
5986
5986
5992
6000
6000
6002
6016
6016
6020
6022
6028
6028
6034
6036
6038
6058
6058
6058
6058
6062
6062
6062
6064
6066
6072
6078
6080
6082
6086
6092
6098
6104
6112
6114
6124
6132
6142
6148
6150
6150
6150
6162
6162
6168
6178
6180
6180
6184
6184
6190
6192
6200
6212
6222
6226
6228
6236
6240
6252
6260
6260
6264
6272
6290
6312
6314
6316
6334
6336
6352
6374
6384
6390
6398
6424
6424
6442
6442
6510
6530
6548
6578
6588
6590
6602
6602
6636
6646
6718
6736
6752
6760
6764
6792
6860
6874
6878
6882
6894
6934
6992
7230
7246
7262
7320
7320
7328
7376
7500
7506
7596
7604
8018
8110
8202
8388
8468
8470
8492
8536
8614
8748
8800
9124
9210
9304
9518
9574
9692
10132
10158
10386
10490
10522
10584
10650
10714
11000
11126
11150
11164
11934
12190
12272
12684
13068
13206
14004
15126
15150
15230
15426
15432
15960
16600
17010
17028
17898
17922
18990
19040
19072
19142
19464
19556
20240
20910
21080
21752
21916
22696
23504
24050
24378
24448
24670
24906
25066
25148
25174
25228
25868
26132
26236
26310
26798
27516
29298
29454
30356
32086
32522
33054
33338
34502
34720
34850
35280
35416
35556
35634
35676
35702
35776
35936
39482
39744
40104
40230
40766
42308
52186
52964
