Latencies
5068
5084
5098
5120
5120
5148
5150
5150
5152
5154
5154
5158
5162
5164
5164
5166
5168
5168
5170
5170
5172
5174
5174
5174
5174
5176
5176
5176
5178
5178
5178
5178
5180
5180
5182
5182
5182
5182
5182
5184
5186
5188
5188
5192
5194
5194
5196
5196
5200
5202
5202
5204
5204
5204
5204
5206
5206
5206
5206
5206
5208
5208
5208
5208
5208
5210
5210
5210
5212
5212
5212
5212
5214
5214
5216
5216
5216
5218
5218
5218
5218
5220
5224
5226
5226
5226
5226
5228
5228
5228
5230
5234
5234
5234
5236
5236
5236
5236
5238
5238
5240
5240
5242
5242
5244
5244
5244
5246
5248
5252
5252
5252
5254
5254
5256
5256
5258
5258
5258
5260
5260
5260
5262
5264
5264
5264
5266
5266
5268
5268
5268
5268
5270
5270
5270
5270
5272
5272
5272
5276
5276
5276
5276
5276
5278
5278
5278
5278
5278
5280
5280
5280
5280
5280
5284
5284
5284
5284
5286
5286
5288
5288
5290
5292
5292
5292
5292
5292
5294
5294
5294
5294
5296
5296
5298
5298
5300
5300
5302
5302
5302
5302
5304
5304
5304
5304
5306
5308
5308
5308
5310
5312
5312
5314
5314
5314
5316
5316
5316
5316
5316
5318
5318
5318
5320
5320
5322
5322
5322
5324
5324
5324
5326
5326
5328
5330
5330
5330
5330
5332
5332
5332
5332
5332
5332
5334
5334
5334
5336
5336
5338
5338
5340
5340
5340
5340
5340
5342
5342
5342
5342
5344
5344
5344
5346
5348
5350
5350
5350
5350
5352
5352
5352
5352
5354
5356
5356
5356
5356
5356
5358
5358
5358
5358
5360
5360
5360
5360
5360
5360
5360
5360
5362
5362
5362
5362
5364
5364
5364
5364
5366
5366
5366
5366
5368
5368
5368
5368
5368
5368
5370
5370
5370
5376
5376
5376
5376
5376
5376
5378
5378
5380
5380
5380
5380
5380
5382
5382
5382
5382
5384
5384
5386
5386
5386
5388
5390
5390
5390
5390
5390
5392
5392
5394
5394
5394
5394
5396
5396
5396
5396
5398
5398
5400
5400
5400
5402
5402
5402
5402
5404
5404
5404
5404
5406
5406
5408
5408
5408
5410
5410
5410
5410
5412
5412
5412
5414
5414
5414
5414
5414
5414
5416
5416
5418
5418
5418
5418
5418
5418
5420
5420
5420
5422
5422
5424
5424
5424
5424
5426
5426
5426
5426
5426
5428
5428
5428
5428
5430
5432
5432
5434
5436
5438
5438
5438
5438
5440
5440
5440
5440
5444
5446
5448
5448
5448
5450
5450
5452
5452
5452
5452
5452
5454
5454
5456
5456
5456
5456
5456
5458
5458
5460
5460
5460
5462
5462
5462
5462
5462
5464
5464
5464
5464
5464
5464
5464
5464
5466
5468
5468
5468
5468
5470
5470
5472
5474
5474
5474
5476
5478
5478
5478
5480
5480
5482
5482
5482
5484
5484
5484
5486
5486
5488
5488
5488
5490
5490
5492
5494
5496
5496
5496
5498
5498
5500
5504
5504
5504
5504
5506
5506
5506
5508
5508
5510
5510
5510
5510
5510
5512
5512
5514
5514
5516
5516
5516
5516
5516
5520
5522
5522
5522
5522
5524
5526
5528
5530
5530
5530
5532
5538
5540
5542
5542
5542
5542
5542
5544
5546
5548
5550
5550
5554
5554
5554
5554
5556
5558
5560
5560
5562
5562
5566
5566
5566
5568
5570
5570
5572
5572
5572
5576
5578
5578
5580
5580
5582
5582
5588
5592
5594
5594
5594
5594
5596
5600
5600
5604
5604
5604
5606
5608
5608
5610
5612
5616
5616
5616
5618
5618
5620
5620
5622
5626
5626
5628
5628
5630
5630
5632
5632
5642
5642
5648
5648
5648
5648
5650
5650
5654
5656
5660
5662
5666
5668
5670
5672
5672
5674
5678
5680
5682
5682
5684
5688
5692
5696
5700
5700
5704
5704
5704
5708
5712
5720
5720
5730
5732
5732
5736
5740
5742
5742
5744
5748
5752
5756
5760
5766
5772
5772
5774
5776
5776
5776
5780
5780
5780
5780
5782
5784
5786
5786
5794
5798
5800
5808
5814
5818
5826
5826
5830
5830
5830
5830
5834
5834
5836
5836
5838
5840
5844
5846
5846
5850
5854
5856
5856
5860
5862
5868
5874
5878
5880
5888
5892
5894
5900
5900
5904
5904
5904
5908
5910
5918
5926
5934
5936
5942
5942
5942
5942
5944
5950
5950
5952
5964
5966
5966
5968
5974
5974
5980
5982
5984
5986
5990
6004
6004
6006
6008
6012
6012
6016
6020
6024
6024
6024
6026
6034
6036
6038
6042
6044
6046
6048
6048
6050
6052
6052
6054
6056
6062
6064
6066
6074
6078
6100
6102
6104
6106
6114
6122
6122
6132
6136
6138
6142
6144
6150
6158
6162
6162
6164
6172
6174
6180
6180
6184
6202
6208
6216
6218
6222
6228
6238
6240
6250
6250
6256
6260
6262
6276
6278
6282
6292
6306
6308
6312
6316
6318
6320
6326
6328
6332
6332
6334
6336
6340
6346
6362
6372
6374
6398
6406
6440
6486
6486
6512
6526
6530
6558
6566
6590
6594
6600
6634
6672
6692
6774
6818
6832
6838
6868
6888
6920
6962
6984
7020
7052
7114
7124
7174
7188
7254
7518
7644
7750
7776
8006
8104
8190
8226
8278
8346
8456
8502
8530
8686
8724
8818
8940
9356
9552
9636
9656
9706
9730
9788
9834
9890
9994
10348
10498
10620
10704
10752
10764
10862
11064
11140
11166
11544
11556
11558
11606
11642
11658
11668
11724
11774
11856
11892
11932
11982
12028
12082
12102
12280
12390
12466
12658
12788
13172
13206
13356
13386
13414
13512
13604
13928
13956
14036
14142
14184
14196
14298
14302
14386
14408
14474
14476
14488
14500
14524
14526
14550
14580
14582
14600
14630
14644
14682
14692
14758
14786
14818
14826
14920
14924
14928
14952
14978
15048
15066
15070
15084
15100
15128
15184
15186
15344
15348
15404
15468
15770
16604
16860
17040
17066
17324
17860
18282
18426
18576
18708
18748
18980
19632
19656
19826
19990
20540
20836
20902
22304
22328
22552
22718
22876
23124
23746
24068
24388
24644
24914
25512
25922
27586
28006
28300
28896
29100
29366
29724
30016
30124
31064
31120
32632
32708
34652
34698
34740
35048
35232
35288
35394
35900
36486
40634
