Latencies
5056
5086
5094
5098
5110
5112
5114
5116
5124
5130
5132
5138
5146
5148
5148
5150
5152
5154
5154
5154
5160
5160
5174
5178
5178
5182
5184
5184
5186
5186
5194
5196
5198
5198
5200
5200
5202
5204
5206
5206
5206
5208
5208
5212
5212
5212
5214
5214
5216
5218
5220
5226
5228
5230
5230
5232
5232
5234
5234
5236
5236
5236
5238
5238
5240
5240
5242
5244
5244
5244
5246
5248
5250
5250
5252
5252
5252
5252
5256
5256
5258
5258
5260
5262
5264
5266
5266
5266
5266
5268
5268
5270
5272
5274
5274
5274
5274
5276
5276
5276
5278
5278
5278
5278
5280
5280
5282
5284
5286
5288
5290
5290
5292
5294
5296
5296
5296
5298
5300
5302
5302
5302
5302
5304
5304
5304
5306
5308
5308
5310
5312
5312
5312
5312
5312
5314
5314
5316
5316
5316
5316
5318
5320
5320
5322
5322
5322
5322
5322
5326
5326
5328
5328
5328
5328
5328
5332
5332
5334
5336
5336
5338
5338
5338
5340
5344
5344
5348
5350
5350
5350
5350
5350
5352
5352
5354
5354
5354
5354
5356
5356
5356
5358
5358
5358
5360
5360
5360
5360
5360
5362
5362
5362
5362
5364
5364
5364
5366
5368
5368
5368
5370
5370
5374
5374
5374
5376
5376
5378
5378
5380
5380
5382
5382
5382
5384
5384
5384
5384
5384
5386
5390
5394
5394
5394
5394
5394
5394
5394
5396
5396
5396
5398
5398
5400
5400
5400
5400
5402
5402
5402
5402
5404
5404
5404
5406
5408
5408
5408
5408
5408
5408
5408
5410
5412
5412
5412
5414
5418
5418
5418
5420
5420
5420
5424
5424
5424
5426
5426
5428
5430
5430
5434
5434
5434
5434
5436
5438
5444
5444
5446
5446
5448
5448
5450
5452
5456
5458
5460
5460
5462
5464
5464
5466
5466
5466
5468
5470
5472
5480
5482
5490
5490
5492
5494
5500
5502
5504
5508
5510
5510
5514
5516
5516
5518
5518
5518
5520
5522
5522
5524
5526
5532
5532
5536
5536
5536
5538
5546
5548
5548
5548
5548
5548
5552
5552
5556
5556
5558
5558
5560
5562
5566
5566
5570
5572
5576
5578
5580
5580
5580
5588
5592
5594
5598
5604
5608
5610
5618
5622
5624
5624
5624
5626
5626
5628
5636
5636
5638
5640
5640
5642
5642
5644
5646
5648
5648
5650
5652
5654
5658
5658
5658
5660
5660
5666
5666
5676
5676
5678
5680
5680
5682
5696
5700
5710
5712
5716
5722
5722
5724
5732
5742
5746
5748
5748
5750
5756
5758
5758
5760
5762
5762
5766
5772
5774
5778
5784
5788
5790
5790
5790
5796
5796
5798
5798
5800
5804
5806
5808
5814
5826
5832
5838
5842
5856
5868
5874
5874
5882
5892
5892
5894
5900
5902
5902
5904
5904
5910
5914
5916
5916
5916
5922
5934
5936
5936
5938
5942
5942
5944
5946
5956
5958
5966
5966
5970
5970
5970
5972
5974
5974
5976
5978
5978
5984
5986
5988
5990
6000
6002
6002
6008
6012
6016
6016
6018
6018
6020
6022
6028
6030
6036
6036
6038
6038
6040
6046
6050
6050
6050
6054
6060
6064
6066
6066
6076
6080
6088
6088
6088
6096
6108
6108
6110
6116
6118
6120
6120
6122
6122
6122
6122
6130
6132
6136
6138
6142
6152
6164
6168
6172
6176
6178
6180
6188
6190
6214
6218
6220
6222
6244
6256
6256
6258
6312
6316
6330
6338
6340
6348
6354
6362
6370
6374
6378
6380
6398
6400
6418
6424
6434
6450
6460
6464
6470
6486
6492
6502
6506
6526
6538
6552
6554
6562
6562
6568
6570
6574
6578
6584
6592
6602
6606
6606
6618
6622
6654
6660
6670
6678
6716
6720
6728
6738
6754
6762
6770
6796
6834
6844
6862
6868
6886
6926
6942
6994
6998
7000
7054
7102
7108
7110
7142
7154
7184
7184
7220
7258
7284
7300
7302
7306
7364
7374
7380
7388
7406
7414
7414
7416
7418
7458
7488
7498
7510
7528
7564
7590
7604
7628
7752
7772
7820
7846
7854
7884
7924
7934
7968
7996
8006
8092
8142
8200
8230
8238
8264
8268
8304
8396
8420
8430
8462
8482
8518
8544
8546
8620
8628
8640
8642
8664
8678
8704
8734
8758
8782
8894
8908
9038
9072
9082
9084
9108
9132
9140
9152
9154
9166
9212
9224
9246
9254
9280
9302
9350
9420
9428
9438
9460
9486
9492
9494
9506
9522
9534
9600
9682
9714
9722
9748
9850
9882
9902
9950
9952
10020
10078
10112
10152
10176
10190
10224
10238
10248
10268
10316
10328
10328
10352
10362
10370
10374
10380
10384
10536
10564
10610
10668
10674
10678
10680
10700
10726
10772
10870
10896
10948
10988
11056
11084
11096
11186
11192
11214
11218
11292
11298
11382
11518
11530
11532
11576
11582
11634
11656
11674
11674
11708
11710
11742
11812
11828
11830
11832
11846
11868
11946
11976
12004
12010
12064
12070
12082
12130
12152
12222
12246
12290
12304
12354
12388
12402
12404
12460
12486
12508
12588
12616
12686
12772
12840
12936
12948
12966
12974
12974
13016
13030
13040
13050
13192
13194
13234
13256
13290
13368
13388
13392
13396
13404
13566
13634
13714
13758
13772
13772
13800
13808
13820
13852
13930
13946
13948
13976
14012
14034
14044
14070
14078
14104
14160
14162
14232
14324
14334
14392
14424
14440
14450
14488
14490
14498
14524
14556
14572
14590
14592
14656
14656
14714
14730
14740
14742
14784
14796
14802
14810
14840
14876
14886
14892
14906
14922
14946
14964
14972
15018
15018
15018
15032
15036
15040
15060
15070
15074
15076
15096
15122
15130
15144
15244
15306
15310
15346
15348
15352
15356
15360
15380
15386
15388
15390
15394
15398
15402
15422
15448
15470
15474
15480
15520
15536
15574
15676
15738
15794
15810
15836
15898
16002
16408
16604
17192
17264
17510
17608
17632
18802
19546
20126
20566
20840
21144
21152
21350
21848
22214
23062
23276
23440
23926
24248
24458
24532
24874
24920
24990
25144
25302
25648
25696
25904
25958
26762
27934
27986
28302
29120
29350
29402
29408
30558
30666
30928
31924
32020
32456
32540
33286
33298
33468
34902
35068
35138
35178
35798
35814
36142
36550
36746
36922
37562
37872
38306
40178
40430
40530
42838
47882
48552
52138
67162
87038
100196
123882
190016
259082
20046324
