Latencies
5626
5730
6146
6174
6218
6272
6570
6810
6870
7000
8772
9090
9244
9782
10104
10308
10374
10398
10524
10840
11534
11572
11650
12250
12450
12816
13010
13652
13724
13972
14194
14236
14316
14486
14612
14638
14750
14750
14758
14796
14804
14870
14872
14874
14906
14934
14982
15070
15082
15142
15204
15204
15206
15226
15232
15250
15288
15318
15320
15334
15384
15394
15408
15454
15470
15722
15850
15956
15958
16006
16022
16046
16272
16354
16440
16486
16572
16610
16634
16720
16754
17028
17184
17282
17548
17636
17984
18346
18374
18706
18768
19508
19594
19648
19676
19864
20080
20312
20316
20364
20422
20494
20690
20728
20740
20892
20924
21106
21254
21362
21402
21748
21794
21840
21926
21940
22112
22352
22522
22526
22580
22782
23068
23218
23380
23446
23744
23828
24054
24078
24096
24344
24364
24382
24414
24470
24488
24536
24552
24560
24578
24588
24592
24650
24688
24800
24810
24818
24872
24898
24912
24918
24966
24982
25022
25038
25094
25100
25108
25174
25218
25230
25308
25404
25448
25450
25454
25462
25478
25552
25696
25744
25766
25806
25898
25914
25916
25926
25930
25954
26086
26102
26142
26316
26534
26590
26628
26672
26720
26874
26966
26968
27036
27042
27484
27596
27648
27772
27902
28082
28134
28148
28238
28426
28476
28526
28574
28762
28792
28862
28888
28908
28950
28966
29044
29078
29214
29250
29280
29314
29456
29598
29716
29796
29828
29850
29994
30018
30026
30140
30162
30214
30542
30602
30636
30646
30792
30838
31020
31074
31314
31326
31540
31712
31844
31866
31964
31968
31972
31994
32006
32096
32106
32126
32140
32334
32396
32570
32618
32678
32706
32942
33010
33272
33276
33286
33392
33408
33444
33688
33696
33738
33740
33812
33846
33858
33882
33898
33906
33926
33954
33960
34014
34084
34098
34108
34112
34122
34142
34194
34222
34250
34256
34268
34330
34342
34348
34352
34364
34378
34408
34436
34438
34442
34476
34480
34482
34484
34498
34508
34530
34556
34594
34602
34634
34646
34658
34668
34694
34716
34718
34744
34752
34764
34806
34824
34830
34830
34834
34838
34840
34844
34860
34862
34874
34894
34896
34920
34954
34958
34960
34960
34970
35016
35022
35024
35044
35048
35060
35062
35088
35090
35092
35112
35124
35238
35242
35298
35328
35372
35376
35396
35544
35578
35680
35738
35748
35820
35848
36364
36406
36426
36494
36606
36648
36820
36902
37022
37036
37044
37074
37244
37594
37862
38060
38090
38126
38140
38806
38874
39114
39190
39440
39672
39966
40180
40284
40468
40512
40574
40648
40656
40712
40712
40848
40904
40998
41172
41180
41190
41416
41444
41512
41532
41698
42014
42168
42176
42198
42280
42382
42412
43032
43034
43036
43102
43124
43272
43326
43480
43520
43598
43634
43690
43702
43704
43748
43980
43982
44036
44036
44184
44220
44266
44296
44336
44376
44434
44482
44574
44612
44616
44634
44694
44838
44944
44970
44984
45028
45080
45136
45144
45244
45274
45280
45324
45326
45354
45368
45370
45440
45722
45732
45808
45828
45844
45918
45962
46018
46060
46124
46144
46212
46464
46608
46740
46860
46898
46900
47036
47314
47498
47594
47594
47706
47990
48058
48070
48122
48316
48796
48956
49174
49188
49516
49624
49634
49742
50006
50110
50458
50800
51018
51064
51098
51158
51212
51256
51328
51352
51460
51528
52000
52020
52128
52192
52360
52838
52854
52868
52878
52924
52958
53008
53152
53228
53232
53334
53336
53346
53348
53408
53412
53416
53424
53432
53452
53468
53484
53490
53496
53498
53516
53544
53546
53566
53570
53584
53600
53600
53668
53674
53702
53722
53760
53788
53824
53834
53834
53846
53848
53852
53868
53882
53896
53938
53958
53966
53972
53972
53978
53992
53992
53996
53998
54012
54016
54020
54030
54030
54052
54062
54064
54068
54072
54072
54078
54096
54102
54104
54106
54122
54126
54156
54158
54158
54182
54216
54280
54308
54314
54334
54350
54350
54364
54366
54368
54408
54412
54420
54450
54478
54482
54506
54514
54520
54534
54536
54558
54652
54654
54664
54680
54692
54706
54710
54736
54786
54828
54850
54884
54894
54928
54994
55018
55398
55462
55464
55614
55640
55650
55792
55848
56068
56148
56778
56878
57108
57296
57406
57674
57714
58408
58720
59416
60230
60308
60810
60868
61170
61574
62044
62408
62494
62644
62762
62850
63114
63192
63298
63420
63686
63700
63858
63888
63986
64042
64748
65466
66160
66294
66960
67234
67390
67496
67628
67808
67996
68418
68622
69256
69498
70374
70636
70788
70804
71130
71178
72172
72402
72410
72460
72486
72590
72602
72744
72762
72770
72860
72918
72980
72982
73010
73010
73016
73022
73092
73112
73154
73184
73192
73192
73194
73194
73274
73286
73288
73288
73358
73376
73378
73386
73394
73398
73400
73446
73450
73466
73488
73514
73522
73530
73540
73560
73570
73578
73586
73628
73640
73642
73648
73662
73676
73688
73688
73696
73696
73742
73768
73774
73782
73784
73808
73822
73826
73846
73874
73896
73904
73912
73938
73960
73970
74032
74100
74134
74134
74188
74190
74214
74286
74318
74340
74342
74352
74370
74452
74474
74598
74620
74624
74706
74714
74726
74976
75038
75106
75174
75210
75308
75312
75498
75642
76136
76188
76376
76510
76954
76958
77536
78094
78516
78904
80162
81216
81796
82492
82626
82770
82810
82884
83058
83710
83756
83770
83876
83980
84036
84216
84602
84640
85146
86308
87256
87862
88540
89810
90040
90152
90464
90912
92108
92134
92150
92182
92206
92304
92316
92336
92352
92374
92410
92424
92488
92518
92600
92628
92630
92652
92676
92702
92704
92722
92732
92774
92882
92920
92928
93000
93042
93058
93060
93066
93072
93118
93150
93152
93190
93196
93224
93238
93238
93242
93284
93290
93326
93350
93384
93458
93572
93606
93638
93726
95044
95190
95312
95942
97730
98534
100206
100398
101602
101882
102370
103092
104384
105264
111650
111886
112334
112922
112986
112990
113036
113784
121234
122696
126710
129334
129590
147286
148902
156312
183462
191406
212446
219086
226302
232614
252692
288852
366702
387170
456188
592424
605036
1221714
1346962
1794328
1794454
2628686
24941226
