Latencies
5108
5112
5118
5134
5142
5146
5148
5150
5156
5156
5158
5160
5160
5162
5162
5164
5164
5166
5166
5168
5168
5168
5170
5172
5174
5176
5176
5178
5178
5180
5180
5180
5182
5186
5186
5188
5190
5190
5192
5192
5194
5196
5200
5200
5202
5204
5206
5206
5208
5210
5212
5214
5214
5214
5214
5216
5222
5222
5222
5222
5222
5224
5226
5230
5230
5230
5232
5232
5232
5232
5232
5232
5234
5234
5238
5238
5238
5240
5240
5240
5240
5240
5240
5244
5244
5244
5246
5246
5246
5248
5248
5248
5248
5248
5250
5250
5252
5254
5254
5254
5254
5256
5262
5264
5266
5266
5266
5266
5266
5266
5268
5268
5270
5270
5272
5276
5276
5280
5280
5280
5280
5280
5282
5284
5284
5284
5284
5286
5288
5288
5290
5290
5290
5292
5292
5294
5294
5294
5296
5298
5298
5300
5302
5302
5304
5304
5306
5306
5308
5308
5310
5310
5310
5310
5310
5310
5312
5314
5314
5316
5316
5316
5318
5318
5320
5320
5320
5320
5320
5322
5322
5324
5324
5324
5324
5326
5326
5326
5328
5328
5330
5330
5330
5332
5332
5332
5334
5334
5334
5334
5334
5334
5334
5336
5336
5336
5338
5338
5340
5340
5340
5340
5340
5340
5340
5342
5342
5344
5344
5344
5346
5348
5348
5348
5348
5348
5350
5350
5350
5350
5350
5350
5352
5352
5352
5354
5354
5354
5354
5354
5354
5356
5356
5356
5356
5358
5358
5358
5358
5360
5360
5360
5360
5360
5362
5362
5362
5362
5362
5362
5362
5362
5364
5366
5366
5366
5366
5366
5366
5366
5366
5368
5368
5368
5368
5370
5370
5370
5370
5370
5372
5372
5372
5372
5372
5372
5374
5374
5374
5374
5374
5376
5376
5376
5376
5378
5378
5378
5378
5378
5378
5380
5380
5380
5380
5382
5382
5382
5382
5382
5382
5382
5382
5384
5384
5384
5384
5384
5384
5386
5386
5386
5386
5386
5388
5388
5388
5388
5388
5390
5390
5390
5390
5390
5390
5390
5390
5392
5392
5392
5392
5392
5392
5394
5394
5394
5394
5394
5396
5396
5396
5396
5396
5398
5398
5398
5398
5400
5402
5402
5404
5404
5404
5404
5404
5404
5404
5404
5406
5406
5406
5406
5406
5406
5406
5408
5410
5410
5410
5412
5412
5412
5412
5414
5414
5414
5414
5414
5416
5416
5416
5418
5418
5418
5418
5418
5420
5420
5420
5420
5422
5422
5424
5424
5424
5424
5424
5426
5426
5426
5428
5428
5428
5430
5430
5430
5430
5432
5432
5432
5434
5434
5434
5434
5436
5436
5436
5438
5438
5438
5442
5442
5442
5442
5444
5444
5446
5446
5448
5448
5450
5450
5450
5450
5450
5450
5456
5456
5458
5458
5460
5460
5462
5462
5462
5462
5462
5462
5462
5464
5464
5464
5466
5466
5466
5466
5466
5468
5468
5468
5468
5472
5472
5472
5472
5474
5474
5474
5474
5474
5474
5474
5478
5478
5478
5478
5480
5480
5480
5482
5482
5482
5482
5484
5484
5484
5484
5486
5486
5488
5488
5490
5490
5492
5492
5494
5494
5494
5494
5494
5494
5494
5496
5498
5498
5500
5500
5508
5508
5512
5512
5514
5514
5516
5516
5516
5518
5518
5520
5520
5522
5524
5524
5526
5526
5526
5526
5528
5530
5530
5532
5534
5534
5534
5534
5536
5540
5540
5540
5542
5544
5544
5544
5546
5548
5548
5548
5550
5550
5550
5554
5554
5558
5560
5562
5564
5564
5564
5566
5566
5568
5570
5570
5572
5574
5574
5576
5576
5576
5576
5576
5576
5578
5580
5580
5584
5584
5586
5588
5590
5594
5598
5602
5602
5606
5606
5610
5610
5618
5618
5620
5624
5626
5626
5626
5626
5626
5626
5628
5628
5628
5628
5634
5634
5636
5638
5638
5642
5642
5644
5644
5644
5646
5648
5648
5650
5652
5652
5658
5660
5662
5664
5668
5668
5668
5668
5674
5676
5676
5682
5682
5686
5690
5692
5694
5694
5694
5700
5702
5702
5704
5708
5712
5712
5712
5714
5714
5718
5718
5720
5720
5722
5726
5726
5728
5728
5732
5732
5732
5734
5734
5736
5740
5740
5744
5744
5748
5750
5750
5750
5752
5754
5756
5756
5756
5756
5760
5760
5762
5768
5770
5774
5776
5778
5784
5786
5790
5792
5792
5794
5794
5794
5794
5798
5800
5800
5804
5806
5808
5814
5816
5818
5820
5820
5820
5822
5824
5824
5824
5824
5830
5834
5836
5838
5846
5848
5852
5856
5856
5858
5860
5864
5866
5868
5872
5874
5876
5876
5878
5882
5882
5882
5884
5886
5888
5894
5900
5904
5904
5908
5908
5908
5918
5920
5930
5938
5938
5938
5940
5942
5944
5946
5946
5948
5948
5950
5952
5952
5954
5954
5958
5966
5970
5972
5974
5982
5982
5984
5986
5988
5990
5994
5998
6000
6000
6002
6002
6004
6004
6010
6014
6016
6022
6026
6030
6030
6034
6034
6034
6038
6040
6044
6046
6048
6048
6054
6054
6058
6058
6064
6066
6068
6070
6072
6074
6084
6088
6088
6090
6092
6096
6098
6104
6104
6108
6110
6110
6112
6120
6120
6136
6146
6148
6154
6156
6160
6164
6172
6188
6192
6194
6198
6212
6218
6222
6224
6234
6236
6236
6240
6252
6252
6254
6276
6276
6282
6284
6286
6300
6306
6308
6314
6320
6330
6342
6344
6350
6352
6352
6354
6360
6376
6380
6382
6388
6410
6436
6440
6456
6492
6498
6506
6508
6536
6540
6574
6590
6598
6650
6656
6694
6708
6784
6814
6858
6864
6890
6934
6968
7230
7250
7344
7492
7572
7822
7994
8264
8292
8302
8534
8566
8570
8598
8674
8744
9102
9384
9504
9522
9904
10008
10114
10182
10592
10688
11020
11220
11224
11234
11476
11714
11868
12078
12184
12236
12282
12778
13568
13672
13938
14306
14408
14648
15168
15236
15552
15726
15796
16680
17578
18346
18364
18394
19102
19306
19392
19438
19976
20006
20132
20214
20292
20336
20418
20472
21178
21368
21436
21484
21590
21634
22234
22290
22770
23174
23196
23272
23322
24544
24798
24958
24968
25010
25294
25500
25578
25688
25792
25888
26724
27114
27232
27382
28324
28656
30226
30716
31878
32798
33128
33630
33898
33930
34938
35600
36338
36866
38980
41360
76426
