Latencies
5162
5174
5174
5182
5186
5196
5200
5200
5202
5208
5212
5216
5224
5224
5226
5226
5228
5232
5234
5238
5238
5240
5240
5242
5246
5250
5252
5252
5258
5260
5262
5266
5266
5270
5270
5270
5272
5276
5276
5276
5278
5278
5282
5284
5284
5288
5288
5290
5290
5292
5292
5292
5294
5296
5296
5300
5300
5302
5302
5304
5306
5306
5306
5306
5308
5308
5308
5308
5310
5310
5310
5310
5312
5314
5316
5316
5316
5316
5318
5320
5320
5320
5320
5322
5322
5324
5324
5326
5326
5328
5328
5328
5328
5330
5330
5330
5330
5330
5330
5332
5332
5332
5332
5332
5334
5336
5336
5338
5338
5338
5338
5340
5340
5340
5342
5342
5344
5344
5344
5346
5346
5346
5346
5346
5348
5348
5348
5350
5350
5350
5350
5350
5352
5352
5354
5354
5356
5358
5358
5358
5358
5360
5360
5362
5362
5362
5362
5364
5366
5368
5368
5368
5368
5368
5370
5370
5370
5372
5372
5372
5372
5372
5374
5374
5374
5376
5376
5376
5376
5376
5376
5376
5378
5378
5380
5380
5380
5382
5382
5382
5382
5382
5382
5384
5384
5386
5386
5386
5386
5388
5388
5388
5388
5390
5390
5390
5390
5390
5392
5392
5392
5392
5392
5392
5392
5392
5394
5394
5394
5396
5396
5396
5396
5396
5398
5398
5398
5398
5400
5400
5400
5402
5402
5402
5402
5402
5402
5402
5404
5406
5406
5406
5406
5406
5406
5408
5408
5408
5408
5408
5410
5410
5410
5410
5410
5412
5412
5412
5414
5414
5414
5414
5414
5416
5416
5416
5416
5416
5416
5416
5416
5418
5418
5418
5420
5420
5420
5420
5420
5422
5422
5422
5422
5424
5424
5424
5424
5424
5424
5426
5426
5428
5428
5428
5430
5430
5430
5430
5430
5432
5432
5432
5434
5434
5434
5434
5436
5436
5436
5436
5436
5436
5440
5440
5442
5442
5444
5444
5444
5446
5446
5448
5448
5448
5450
5450
5452
5452
5452
5452
5452
5452
5452
5454
5454
5454
5454
5456
5456
5456
5456
5458
5458
5458
5458
5458
5458
5460
5462
5462
5462
5464
5464
5464
5464
5468
5468
5468
5468
5468
5470
5470
5470
5470
5470
5470
5472
5472
5472
5474
5474
5474
5476
5476
5476
5476
5478
5478
5478
5478
5480
5480
5480
5480
5482
5482
5482
5482
5482
5484
5484
5484
5484
5486
5486
5488
5488
5488
5490
5490
5492
5492
5492
5494
5494
5496
5496
5496
5496
5496
5496
5498
5498
5500
5502
5504
5504
5506
5508
5508
5510
5510
5514
5514
5514
5516
5516
5516
5516
5516
5518
5520
5520
5520
5520
5522
5522
5522
5522
5524
5524
5524
5524
5526
5526
5528
5528
5528
5528
5528
5530
5530
5532
5532
5532
5534
5534
5536
5536
5536
5538
5540
5540
5542
5542
5542
5544
5544
5544
5546
5548
5548
5548
5554
5554
5556
5556
5558
5560
5562
5562
5564
5564
5566
5566
5566
5568
5570
5570
5572
5572
5574
5574
5574
5580
5580
5580
5580
5584
5586
5586
5586
5586
5588
5588
5588
5590
5590
5590
5592
5594
5594
5598
5600
5600
5600
5600
5602
5604
5604
5604
5606
5606
5608
5612
5612
5614
5616
5616
5618
5622
5624
5624
5624
5624
5626
5628
5628
5630
5630
5632
5632
5638
5640
5640
5640
5642
5642
5644
5646
5646
5650
5650
5650
5658
5660
5664
5670
5670
5670
5672
5672
5676
5676
5678
5678
5680
5684
5684
5686
5686
5686
5688
5690
5692
5692
5694
5694
5696
5698
5698
5698
5698
5700
5700
5702
5702
5706
5706
5706
5710
5710
5712
5714
5714
5714
5716
5716
5718
5718
5718
5720
5720
5720
5722
5724
5726
5728
5728
5730
5732
5732
5732
5734
5736
5738
5738
5738
5740
5740
5740
5742
5742
5744
5748
5750
5752
5754
5758
5758
5760
5762
5762
5764
5764
5766
5766
5766
5780
5780
5782
5784
5784
5784
5786
5786
5788
5788
5788
5790
5790
5792
5794
5798
5798
5798
5800
5800
5802
5806
5806
5806
5808
5808
5814
5816
5818
5818
5824
5824
5828
5830
5834
5834
5838
5838
5840
5844
5844
5848
5852
5860
5860
5862
5864
5864
5866
5868
5868
5870
5870
5876
5878
5880
5880
5880
5886
5888
5892
5894
5898
5904
5906
5912
5912
5912
5918
5920
5922
5924
5924
5924
5930
5930
5940
5940
5940
5940
5940
5940
5942
5944
5944
5944
5946
5952
5956
5962
5964
5964
5964
5964
5966
5968
5968
5968
5968
5970
5970
5974
5976
5976
5978
5982
5984
5984
5988
5990
5992
5994
5996
5996
5998
6000
6000
6014
6014
6016
6016
6016
6018
6018
6020
6020
6022
6028
6032
6034
6034
6034
6036
6036
6048
6048
6048
6052
6054
6054
6058
6058
6062
6068
6068
6070
6072
6072
6072
6076
6082
6084
6084
6088
6090
6092
6094
6094
6094
6102
6104
6108
6112
6122
6126
6126
6128
6128
6132
6132
6134
6136
6140
6142
6142
6142
6144
6156
6162
6162
6166
6166
6172
6172
6174
6176
6186
6188
6192
6196
6204
6208
6208
6208
6214
6220
6220
6222
6224
6224
6224
6228
6232
6234
6244
6250
6258
6258
6264
6266
6266
6266
6270
6274
6282
6288
6292
6300
6310
6312
6322
6330
6352
6354
6358
6368
6388
6396
6400
6436
6452
6456
6470
6478
6496
6514
6518
6528
6546
6580
6600
6618
6628
6640
6650
6656
6660
6672
6706
6744
6746
6756
6904
6916
6940
6958
6984
7002
7090
7128
7470
7600
7702
7706
7712
7822
7874
7882
8528
8688
8700
8830
8974
8998
9358
9510
9530
9778
9812
10010
10018
10052
10176
10244
10348
10496
10578
10704
10992
11194
11214
11504
11796
12002
12126
12138
12598
12662
12676
12986
13258
13538
13542
14158
14204
14548
14624
14732
14790
14984
15084
15100
15176
15324
15586
15622
15798
15970
16034
16036
16334
16550
17230
17820
17860
18598
20614
20712
20802
21162
21328
21396
22438
22518
23274
23450
23974
24450
24488
24752
24974
26254
26452
26662
28628
29342
29734
29884
30370
31154
33232
34308
35382
35452
36980
39008
39456
41066
