Latencies
4930
4968
4970
4974
4974
4984
4994
4994
4996
5000
5002
5004
5006
5008
5010
5010
5012
5014
5016
5016
5016
5016
5016
5018
5020
5022
5022
5022
5022
5024
5028
5028
5030
5030
5030
5030
5032
5032
5034
5036
5036
5038
5038
5040
5040
5044
5044
5044
5044
5044
5044
5050
5052
5054
5054
5056
5058
5058
5060
5060
5066
5068
5068
5072
5072
5072
5074
5074
5076
5082
5082
5084
5088
5092
5092
5094
5094
5094
5096
5096
5098
5098
5098
5100
5100
5102
5104
5106
5108
5108
5110
5112
5112
5118
5118
5118
5118
5120
5122
5124
5124
5124
5126
5126
5126
5126
5128
5128
5128
5130
5130
5132
5134
5134
5136
5138
5138
5138
5138
5140
5140
5140
5142
5142
5142
5142
5144
5144
5146
5146
5146
5146
5148
5148
5148
5150
5150
5150
5152
5152
5152
5152
5152
5152
5152
5152
5156
5156
5156
5158
5158
5158
5160
5160
5160
5160
5160
5162
5162
5162
5164
5164
5164
5166
5168
5168
5170
5172
5172
5174
5174
5174
5174
5174
5176
5176
5176
5176
5176
5178
5178
5178
5180
5180
5182
5184
5184
5186
5186
5186
5188
5190
5190
5190
5192
5192
5194
5194
5194
5196
5196
5196
5196
5196
5196
5198
5198
5198
5198
5198
5198
5198
5200
5202
5202
5202
5202
5204
5204
5204
5204
5206
5206
5206
5206
5206
5208
5208
5210
5210
5210
5210
5210
5210
5212
5212
5212
5212
5212
5214
5214
5214
5214
5214
5214
5216
5216
5216
5216
5216
5218
5218
5218
5218
5218
5218
5220
5220
5220
5220
5220
5220
5220
5222
5224
5224
5224
5224
5224
5226
5226
5226
5226
5226
5226
5228
5228
5228
5228
5228
5228
5230
5230
5230
5230
5230
5230
5230
5232
5232
5232
5232
5234
5234
5234
5236
5236
5238
5238
5238
5238
5238
5238
5238
5240
5240
5240
5242
5242
5242
5244
5244
5244
5246
5246
5246
5246
5248
5248
5248
5250
5254
5254
5256
5256
5256
5256
5256
5256
5256
5256
5258
5258
5260
5260
5260
5260
5260
5260
5262
5262
5262
5262
5264
5266
5266
5268
5268
5268
5270
5270
5270
5272
5272
5274
5276
5278
5278
5278
5280
5280
5280
5282
5282
5284
5284
5284
5286
5286
5286
5286
5288
5288
5288
5290
5290
5290
5292
5292
5294
5294
5294
5296
5296
5296
5296
5298
5298
5298
5300
5300
5300
5300
5302
5302
5302
5304
5304
5304
5308
5308
5308
5310
5310
5312
5314
5314
5314
5316
5316
5316
5316
5316
5318
5318
5318
5318
5320
5320
5320
5322
5322
5322
5324
5326
5326
5326
5326
5328
5328
5330
5330
5332
5332
5334
5334
5336
5338
5338
5338
5340
5344
5346
5348
5348
5348
5350
5350
5350
5352
5354
5354
5356
5356
5356
5358
5358
5358
5358
5360
5360
5360
5362
5362
5364
5366
5366
5366
5368
5368
5370
5370
5374
5374
5376
5378
5378
5380
5384
5386
5388
5390
5392
5392
5392
5392
5394
5394
5396
5398
5400
5400
5404
5408
5408
5412
5412
5414
5416
5418
5418
5422
5428
5428
5428
5428
5430
5430
5432
5434
5434
5434
5436
5436
5436
5438
5440
5440
5442
5444
5444
5444
5448
5448
5448
5448
5450
5452
5456
5458
5458
5462
5468
5468
5470
5470
5472
5472
5472
5472
5474
5474
5474
5478
5486
5490
5490
5490
5492
5494
5496
5496
5496
5498
5500
5504
5504
5504
5504
5506
5508
5510
5510
5512
5512
5512
5516
5516
5518
5518
5520
5520
5522
5524
5528
5528
5528
5530
5532
5534
5534
5536
5536
5538
5538
5540
5542
5544
5550
5550
5550
5552
5554
5554
5558
5560
5562
5562
5564
5564
5566
5566
5568
5568
5568
5570
5572
5572
5574
5582
5584
5584
5586
5588
5590
5590
5590
5592
5594
5594
5596
5596
5598
5598
5598
5598
5600
5600
5600
5600
5604
5606
5610
5614
5614
5614
5616
5616
5622
5624
5624
5624
5626
5628
5634
5634
5634
5636
5640
5642
5644
5652
5652
5658
5664
5664
5666
5680
5680
5682
5682
5684
5686
5688
5690
5692
5692
5694
5696
5700
5702
5704
5706
5708
5708
5710
5710
5712
5716
5722
5726
5730
5730
5730
5734
5734
5738
5752
5756
5758
5760
5768
5770
5772
5772
5772
5774
5776
5776
5778
5784
5786
5786
5788
5794
5800
5802
5802
5802
5804
5804
5806
5808
5808
5810
5812
5812
5812
5812
5814
5814
5820
5820
5820
5822
5822
5824
5826
5826
5826
5830
5836
5838
5842
5844
5846
5852
5854
5856
5858
5862
5862
5864
5864
5866
5866
5868
5876
5876
5882
5884
5890
5892
5892
5896
5898
5898
5898
5900
5900
5902
5902
5906
5906
5910
5912
5920
5928
5928
5932
5946
5950
5950
5952
5956
5958
5960
5960
5966
5966
5968
5968
5968
5976
5978
5978
5982
5990
6034
6036
6036
6044
6050
6052
6052
6054
6054
6056
6058
6060
6070
6072
6082
6086
6092
6102
6108
6110
6110
6120
6126
6128
6134
6138
6160
6166
6166
6170
6208
6226
6228
6236
6246
6264
6274
6278
6290
6306
6322
6330
6336
6338
6344
6368
6382
6390
6402
6412
6422
6430
6430
6436
6464
6468
6480
6516
6524
6526
6530
6542
6552
6584
6610
6610
6610
6684
6696
6734
6980
7014
7056
7332
7408
7538
7540
7600
7602
7640
7680
7848
7952
8150
8398
8544
8588
8660
8758
8934
9108
9116
9152
9326
9448
9734
9776
9800
9894
10004
10004
10286
10348
10616
10618
10650
11012
11302
11472
11746
11778
11874
11946
12118
12278
12308
12332
12352
12486
12912
12914
13152
13664
13960
14054
14166
14232
14642
14870
14888
15154
15208
15298
15330
15492
15954
16726
16730
16782
16938
17078
17198
17352
17918
18388
18428
18518
18712
18848
19254
19300
19428
19506
19628
19956
19964
20020
20222
20524
21424
21926
23018
23134
23654
23878
24622
24824
25184
25442
25536
25606
25700
26384
26466
26482
26658
26810
27238
28436
28470
28634
29214
29574
30234
30382
30472
31260
31882
32514
32914
32958
33124
33338
33376
33392
34578
35198
35886
36686
38120
38686
39028
43298
49156
56718
70366
