Latencies
5180
5182
5208
5212
5216
5222
5228
5228
5238
5240
5242
5246
5246
5252
5262
5262
5262
5270
5270
5272
5278
5286
5288
5290
5292
5294
5294
5296
5296
5298
5300
5304
5306
5306
5312
5312
5312
5312
5314
5316
5316
5316
5320
5320
5322
5322
5322
5324
5324
5324
5324
5324
5326
5326
5328
5328
5328
5328
5330
5330
5330
5330
5332
5332
5334
5336
5338
5338
5338
5338
5340
5340
5342
5344
5346
5348
5348
5348
5348
5350
5352
5352
5354
5354
5354
5356
5356
5356
5356
5358
5358
5358
5358
5360
5360
5360
5362
5362
5362
5362
5362
5362
5362
5364
5366
5366
5366
5366
5366
5366
5366
5366
5368
5368
5368
5368
5368
5368
5370
5372
5372
5374
5374
5374
5374
5374
5374
5376
5376
5376
5378
5378
5378
5378
5380
5380
5380
5380
5382
5382
5382
5382
5384
5384
5384
5384
5384
5384
5386
5386
5386
5386
5386
5386
5388
5388
5390
5392
5392
5392
5394
5394
5394
5394
5394
5396
5396
5396
5396
5396
5396
5396
5396
5398
5398
5398
5398
5398
5398
5398
5398
5400
5400
5400
5402
5402
5402
5404
5406
5406
5406
5406
5406
5406
5408
5408
5408
5408
5410
5410
5410
5410
5410
5410
5412
5412
5412
5412
5414
5414
5416
5416
5416
5416
5416
5418
5418
5418
5418
5418
5420
5420
5420
5420
5422
5422
5422
5422
5422
5422
5424
5424
5424
5424
5424
5424
5424
5424
5424
5424
5424
5426
5426
5426
5426
5426
5426
5426
5428
5428
5428
5430
5430
5430
5430
5430
5432
5432
5432
5434
5434
5434
5436
5436
5438
5440
5440
5440
5440
5440
5442
5442
5442
5444
5444
5444
5444
5446
5446
5446
5446
5448
5448
5448
5448
5448
5448
5448
5448
5448
5448
5450
5450
5450
5450
5450
5452
5452
5452
5452
5454
5454
5454
5454
5456
5458
5458
5458
5458
5458
5460
5460
5462
5462
5462
5462
5462
5462
5464
5466
5466
5466
5466
5470
5470
5470
5470
5470
5472
5472
5472
5472
5474
5474
5474
5476
5476
5476
5476
5478
5478
5478
5478
5480
5480
5480
5480
5480
5480
5482
5482
5482
5484
5484
5488
5488
5490
5490
5490
5490
5492
5492
5492
5492
5494
5494
5494
5494
5496
5498
5498
5498
5498
5500
5500
5500
5500
5500
5500
5500
5500
5502
5502
5502
5502
5504
5506
5506
5506
5508
5508
5508
5510
5510
5512
5512
5514
5514
5516
5516
5518
5520
5520
5520
5520
5520
5524
5526
5526
5528
5528
5528
5528
5528
5528
5530
5530
5532
5532
5534
5534
5534
5536
5536
5536
5538
5538
5538
5540
5540
5540
5542
5542
5544
5544
5548
5550
5550
5554
5554
5554
5556
5556
5558
5558
5560
5562
5562
5562
5568
5568
5568
5568
5568
5568
5570
5570
5570
5570
5574
5576
5576
5578
5578
5578
5580
5582
5582
5582
5584
5584
5588
5588
5588
5590
5592
5592
5594
5594
5594
5596
5596
5598
5600
5600
5600
5602
5604
5604
5606
5606
5610
5610
5610
5612
5614
5616
5616
5618
5618
5624
5624
5624
5624
5626
5626
5626
5626
5628
5628
5634
5634
5636
5636
5636
5638
5640
5640
5642
5642
5644
5644
5648
5648
5652
5652
5652
5652
5654
5654
5660
5664
5664
5664
5664
5666
5668
5672
5672
5674
5674
5674
5676
5676
5676
5676
5680
5682
5682
5686
5688
5688
5688
5690
5690
5696
5696
5696
5700
5700
5706
5706
5706
5710
5712
5714
5714
5714
5714
5716
5716
5718
5720
5722
5722
5724
5726
5726
5728
5730
5732
5734
5736
5738
5738
5740
5740
5742
5742
5744
5746
5748
5748
5750
5752
5752
5756
5758
5760
5764
5764
5766
5766
5766
5766
5768
5770
5770
5778
5778
5780
5782
5782
5782
5784
5784
5784
5784
5786
5786
5790
5790
5792
5792
5792
5794
5796
5796
5796
5798
5798
5798
5800
5804
5804
5804
5806
5808
5810
5810
5812
5812
5822
5822
5824
5824
5828
5828
5830
5830
5830
5832
5834
5834
5836
5836
5840
5840
5842
5846
5850
5854
5854
5858
5858
5860
5862
5864
5868
5868
5868
5868
5870
5872
5872
5874
5876
5878
5880
5882
5882
5888
5890
5894
5896
5898
5898
5900
5904
5904
5904
5906
5908
5910
5910
5912
5914
5916
5918
5918
5920
5922
5924
5924
5926
5928
5928
5936
5936
5938
5944
5946
5948
5950
5954
5958
5958
5958
5962
5964
5966
5968
5968
5968
5970
5972
5974
5974
5976
5980
5982
5984
5984
5988
5990
5996
5998
6008
6010
6010
6010
6010
6010
6014
6016
6016
6016
6020
6022
6030
6032
6034
6040
6042
6042
6044
6046
6056
6066
6066
6066
6068
6068
6084
6084
6088
6090
6092
6100
6106
6108
6108
6112
6112
6114
6116
6116
6116
6124
6124
6124
6132
6132
6134
6134
6134
6136
6136
6138
6138
6142
6144
6146
6148
6154
6162
6166
6168
6170
6172
6176
6176
6180
6186
6188
6188
6192
6192
6198
6200
6206
6206
6232
6236
6238
6240
6256
6256
6268
6292
6296
6304
6318
6320
6324
6342
6344
6348
6350
6376
6390
6404
6406
6410
6414
6438
6442
6448
6452
6460
6480
6484
6500
6508
6526
6544
6568
6580
6604
6608
6612
6634
6680
6716
6736
6750
6764
6774
6780
6782
6804
6814
6818
6874
6924
6932
6976
6986
7066
7120
7214
7276
7284
7294
7306
7380
7394
7406
7426
7486
7524
7588
7610
7638
7708
7850
7856
7920
8020
8050
8120
8136
8186
8208
8224
8316
8326
8570
8670
8826
8956
9040
9096
9112
9334
9370
9404
9600
9650
9684
9694
9800
9860
10032
10134
10162
10182
10264
10374
10518
10576
10596
10600
11060
11204
11326
11528
11770
12102
12330
13126
13186
13194
13264
13278
13300
13754
13984
14388
14462
14476
14754
14874
14924
14998
15008
15476
15634
15874
16284
16382
17008
17118
17248
18682
18802
18916
19588
20162
20202
20644
20936
20960
21512
21756
21908
22202
22298
22748
23114
23392
23704
23986
24352
24672
24714
24944
24946
25256
25374
25486
25954
27994
28814
29434
29478
31774
33914
34568
35308
35612
36258
36646
37898
42046
42360
43396
