Latencies
5020
5022
5028
5034
5038
5040
5044
5048
5050
5052
5054
5058
5062
5064
5066
5066
5068
5068
5070
5072
5076
5076
5076
5078
5080
5082
5082
5082
5084
5084
5086
5086
5086
5086
5086
5092
5094
5096
5096
5096
5098
5098
5098
5098
5100
5100
5100
5100
5100
5100
5102
5102
5104
5104
5106
5106
5106
5108
5108
5110
5112
5114
5114
5116
5118
5118
5118
5120
5120
5120
5120
5120
5122
5122
5122
5124
5126
5128
5128
5128
5130
5130
5132
5134
5134
5136
5138
5138
5140
5142
5142
5142
5142
5146
5146
5146
5146
5148
5148
5148
5150
5150
5150
5150
5152
5152
5152
5154
5154
5154
5154
5156
5156
5156
5156
5156
5156
5160
5160
5164
5166
5166
5166
5168
5168
5168
5170
5170
5172
5174
5174
5176
5178
5180
5180
5180
5182
5182
5184
5184
5188
5190
5190
5190
5192
5192
5192
5192
5192
5192
5194
5194
5194
5196
5196
5196
5196
5198
5198
5200
5200
5200
5200
5200
5200
5202
5202
5204
5204
5204
5206
5206
5206
5206
5210
5214
5214
5214
5216
5216
5216
5216
5218
5218
5218
5218
5218
5218
5220
5220
5220
5220
5220
5222
5222
5222
5224
5224
5224
5224
5224
5224
5226
5226
5226
5226
5226
5228
5228
5228
5228
5230
5230
5230
5230
5230
5232
5232
5232
5232
5234
5234
5234
5236
5236
5236
5238
5238
5238
5238
5238
5240
5240
5240
5240
5240
5240
5242
5242
5242
5242
5242
5244
5244
5246
5246
5246
5246
5246
5246
5248
5248
5248
5248
5248
5250
5250
5252
5252
5252
5252
5252
5254
5254
5254
5254
5256
5256
5256
5256
5258
5258
5258
5258
5258
5260
5260
5260
5260
5262
5262
5262
5262
5262
5264
5266
5266
5266
5268
5268
5268
5268
5270
5270
5270
5270
5272
5274
5274
5274
5274
5274
5276
5276
5276
5276
5276
5276
5278
5278
5278
5278
5278
5278
5278
5278
5280
5280
5280
5282
5284
5284
5284
5284
5286
5286
5286
5286
5288
5288
5290
5292
5292
5292
5292
5294
5294
5296
5296
5298
5298
5298
5298
5298
5298
5298
5300
5300
5300
5300
5302
5302
5302
5302
5302
5304
5306
5306
5306
5306
5308
5308
5310
5312
5312
5312
5312
5312
5312
5314
5316
5316
5316
5316
5318
5318
5318
5320
5322
5322
5324
5324
5324
5324
5324
5324
5324
5326
5328
5330
5330
5330
5332
5332
5332
5332
5334
5334
5334
5334
5336
5336
5338
5338
5340
5342
5342
5342
5344
5344
5346
5346
5348
5350
5350
5350
5350
5350
5350
5350
5350
5352
5352
5352
5352
5354
5354
5354
5354
5356
5356
5356
5356
5356
5356
5358
5358
5358
5360
5360
5360
5360
5360
5362
5364
5364
5364
5364
5366
5366
5366
5368
5368
5368
5370
5372
5374
5376
5380
5380
5382
5384
5386
5392
5392
5392
5392
5394
5394
5394
5394
5394
5396
5398
5398
5400
5400
5402
5404
5404
5404
5404
5408
5408
5410
5414
5416
5418
5420
5420
5422
5422
5422
5424
5426
5428
5432
5432
5432
5434
5434
5434
5434
5434
5434
5436
5436
5436
5438
5440
5442
5444
5446
5448
5448
5450
5452
5454
5454
5456
5456
5456
5458
5458
5464
5464
5464
5464
5464
5466
5466
5468
5468
5470
5472
5472
5472
5474
5476
5476
5480
5480
5482
5482
5486
5488
5488
5490
5496
5498
5498
5498
5498
5500
5502
5502
5502
5504
5504
5506
5508
5510
5510
5510
5510
5512
5514
5514
5514
5516
5516
5516
5518
5520
5520
5522
5522
5522
5524
5526
5526
5528
5528
5530
5530
5530
5532
5532
5538
5538
5540
5540
5542
5546
5546
5546
5548
5548
5552
5552
5554
5556
5556
5558
5558
5558
5558
5560
5560
5562
5564
5566
5566
5568
5570
5570
5572
5574
5574
5578
5582
5582
5586
5590
5596
5596
5596
5596
5598
5600
5600
5600
5600
5602
5602
5602
5604
5604
5606
5606
5608
5610
5614
5616
5618
5622
5622
5626
5626
5630
5632
5632
5634
5640
5640
5642
5642
5642
5642
5648
5652
5654
5656
5658
5658
5660
5664
5666
5666
5672
5674
5676
5684
5684
5686
5686
5688
5688
5690
5696
5698
5706
5710
5714
5714
5714
5716
5720
5720
5724
5726
5732
5732
5736
5738
5738
5738
5740
5740
5742
5746
5750
5756
5758
5760
5762
5762
5764
5768
5770
5770
5774
5776
5776
5776
5778
5778
5778
5782
5784
5788
5788
5790
5790
5792
5792
5794
5796
5796
5800
5800
5808
5812
5812
5814
5816
5820
5824
5824
5826
5828
5836
5842
5844
5846
5852
5852
5858
5860
5862
5862
5866
5868
5868
5870
5870
5878
5880
5882
5884
5884
5884
5888
5890
5892
5900
5900
5900
5904
5910
5914
5914
5918
5920
5920
5924
5924
5924
5924
5928
5938
5940
5946
5950
5952
5958
5958
5960
5962
5964
5964
5966
5970
5972
5976
5976
5980
5984
5986
5990
5994
5994
5994
5994
5994
6000
6004
6006
6010
6012
6018
6020
6026
6042
6046
6046
6054
6060
6060
6064
6068
6070
6072
6078
6080
6080
6090
6092
6092
6096
6104
6108
6110
6112
6114
6118
6120
6124
6136
6144
6146
6162
6162
6168
6174
6178
6184
6194
6198
6218
6220
6238
6240
6242
6260
6280
6308
6320
6348
6358
6372
6376
6378
6390
6394
6406
6406
6440
6462
6476
6498
6498
6504
6506
6544
6552
6554
6610
6626
6652
6704
6796
6796
6808
6836
6870
6880
6904
7078
7110
7174
7248
7348
7364
7510
7594
7644
7668
7708
7902
8094
8276
8516
8546
8556
9350
9390
9698
10354
10714
10900
10904
11614
11814
12026
12110
12306
12588
12688
12736
12846
12852
12890
12900
13528
13846
13920
13940
14032
14180
14214
14418
14670
14764
14780
14884
14904
15088
15180
15230
15306
15458
15856
16310
16390
16392
16446
17222
17284
17768
18174
18402
18552
18576
18644
19080
19376
19634
20318
20678
21676
22540
22802
22934
22974
24022
24052
24106
24172
24522
24786
25258
25290
25306
25328
26316
27564
27772
28918
29872
30308
30314
30844
31482
33332
33782
34196
34946
35008
35022
35830
36452
39090
10082718
