Latencies
5120
5140
5140
5146
5170
5172
5176
5176
5182
5182
5186
5188
5192
5194
5194
5198
5202
5202
5202
5206
5210
5210
5216
5216
5216
5218
5218
5220
5222
5222
5222
5224
5230
5230
5232
5236
5236
5238
5240
5240
5242
5242
5246
5248
5250
5254
5258
5260
5262
5264
5264
5264
5266
5266
5266
5266
5266
5266
5266
5268
5268
5268
5270
5270
5272
5274
5274
5278
5278
5278
5280
5280
5282
5284
5284
5286
5286
5286
5288
5288
5290
5290
5290
5290
5290
5292
5294
5294
5296
5296
5296
5296
5298
5298
5300
5300
5300
5302
5302
5302
5304
5304
5304
5304
5306
5306
5306
5306
5306
5308
5308
5308
5308
5308
5308
5310
5310
5312
5312
5312
5314
5314
5314
5316
5316
5316
5316
5318
5318
5318
5318
5320
5322
5322
5322
5322
5322
5322
5324
5324
5324
5326
5326
5326
5326
5328
5328
5328
5328
5328
5330
5330
5330
5330
5330
5330
5330
5332
5332
5332
5332
5332
5332
5334
5334
5334
5336
5336
5336
5336
5336
5336
5338
5338
5340
5340
5340
5340
5340
5340
5342
5342
5342
5342
5342
5344
5346
5348
5348
5348
5348
5348
5350
5350
5350
5350
5352
5352
5352
5352
5354
5354
5356
5356
5356
5356
5356
5356
5356
5356
5356
5358
5358
5358
5358
5360
5360
5360
5360
5360
5360
5360
5360
5360
5362
5362
5362
5362
5362
5364
5364
5364
5364
5364
5364
5364
5366
5368
5368
5368
5370
5370
5370
5370
5372
5372
5372
5372
5374
5374
5374
5374
5376
5376
5376
5376
5376
5378
5378
5378
5378
5378
5380
5382
5382
5382
5382
5382
5384
5384
5384
5384
5386
5386
5386
5386
5386
5388
5388
5388
5388
5388
5388
5390
5390
5390
5390
5390
5390
5392
5392
5392
5394
5394
5394
5394
5394
5396
5396
5396
5396
5398
5398
5398
5398
5400
5400
5400
5400
5400
5400
5402
5402
5402
5402
5402
5404
5406
5408
5408
5408
5408
5410
5412
5412
5412
5414
5414
5414
5414
5414
5414
5414
5416
5418
5418
5420
5420
5420
5420
5422
5422
5422
5422
5424
5424
5424
5424
5424
5424
5426
5426
5428
5428
5428
5428
5428
5430
5430
5430
5430
5430
5432
5432
5434
5434
5434
5434
5436
5438
5438
5440
5440
5440
5442
5442
5442
5442
5442
5442
5448
5448
5450
5450
5452
5454
5454
5456
5458
5458
5458
5458
5460
5462
5462
5464
5466
5468
5468
5468
5470
5470
5470
5470
5470
5472
5472
5474
5476
5476
5476
5480
5480
5480
5480
5482
5484
5486
5486
5492
5492
5496
5496
5498
5500
5500
5500
5502
5502
5504
5504
5508
5508
5510
5512
5512
5512
5514
5514
5514
5514
5514
5516
5516
5518
5518
5518
5518
5522
5524
5524
5526
5528
5528
5530
5530
5530
5532
5536
5536
5538
5540
5542
5542
5548
5548
5550
5550
5552
5554
5554
5556
5558
5560
5560
5560
5562
5564
5568
5568
5570
5570
5570
5572
5572
5574
5576
5576
5578
5578
5578
5578
5580
5582
5582
5584
5586
5586
5586
5586
5586
5586
5586
5592
5594
5594
5594
5596
5598
5598
5598
5598
5600
5600
5602
5602
5602
5604
5604
5604
5606
5606
5606
5610
5610
5612
5614
5616
5616
5620
5622
5622
5624
5626
5628
5628
5628
5630
5632
5632
5636
5638
5640
5642
5644
5646
5646
5646
5648
5650
5650
5652
5654
5654
5654
5656
5656
5656
5658
5658
5658
5660
5660
5662
5662
5664
5664
5666
5668
5668
5674
5678
5680
5680
5682
5682
5684
5686
5688
5690
5690
5692
5694
5694
5694
5696
5698
5698
5698
5698
5706
5708
5710
5710
5714
5714
5716
5716
5718
5718
5718
5718
5720
5720
5722
5722
5722
5722
5724
5728
5728
5730
5730
5734
5736
5736
5738
5738
5740
5744
5744
5744
5746
5746
5746
5746
5748
5748
5750
5752
5752
5752
5752
5752
5754
5754
5756
5766
5766
5766
5768
5770
5774
5776
5776
5780
5782
5782
5784
5786
5788
5788
5788
5790
5794
5794
5794
5794
5796
5798
5800
5802
5804
5808
5812
5816
5816
5820
5820
5822
5822
5824
5824
5826
5826
5830
5832
5834
5834
5836
5836
5838
5848
5850
5852
5854
5854
5856
5856
5866
5866
5870
5870
5870
5872
5872
5872
5876
5876
5878
5878
5878
5880
5880
5886
5886
5890
5892
5892
5894
5898
5904
5904
5906
5906
5908
5910
5910
5916
5916
5916
5918
5920
5922
5924
5924
5924
5928
5930
5932
5934
5938
5942
5946
5948
5948
5952
5952
5956
5956
5958
5960
5964
5964
5966
5970
5974
5974
5980
5986
5988
5988
5988
5988
5994
5998
5998
5998
6002
6008
6010
6012
6014
6016
6018
6024
6024
6026
6028
6034
6034
6036
6038
6040
6040
6048
6050
6050
6054
6054
6054
6056
6056
6058
6062
6062
6064
6066
6070
6072
6076
6078
6078
6080
6084
6092
6092
6096
6098
6098
6104
6106
6106
6108
6108
6108
6108
6116
6118
6118
6122
6126
6130
6132
6134
6136
6140
6142
6142
6144
6144
6154
6160
6160
6164
6166
6174
6180
6182
6184
6190
6190
6192
6192
6202
6204
6204
6208
6214
6216
6216
6218
6228
6234
6244
6252
6254
6258
6274
6276
6284
6308
6310
6318
6344
6352
6358
6364
6372
6402
6406
6412
6434
6440
6444
6446
6452
6462
6464
6466
6478
6482
6512
6520
6536
6542
6546
6564
6574
6594
6596
6618
6648
6730
6788
6860
6906
6908
6914
7094
7184
7256
7286
7404
7422
7500
7506
7542
7734
7764
7814
7934
7970
8034
8274
8458
8506
9222
9306
9464
10026
10070
10124
10172
10468
10520
10690
10732
10754
10764
10886
10916
11100
11484
11520
12306
12666
12812
13370
13500
13658
13766
13952
13958
13988
14060
14664
14900
15196
15466
15490
15876
16114
16374
16512
17216
17422
17466
17638
17922
19768
19888
19986
20068
20154
20448
20706
20910
22354
23764
24750
24760
24766
24818
24960
24982
25098
25140
25634
27192
27400
27786
30212
31064
31194
31306
31690
31814
32634
32654
32910
32960
33224
33354
33632
33926
34136
34168
34278
34512
35570
35748
36172
36258
36366
37082
41838
52834
79108
352240
