Latencies
5162
5170
5170
5174
5178
5182
5184
5188
5196
5202
5206
5206
5206
5210
5216
5220
5222
5222
5228
5228
5232
5240
5242
5244
5244
5250
5250
5252
5256
5258
5258
5262
5262
5264
5266
5266
5266
5268
5268
5270
5270
5272
5276
5276
5276
5280
5286
5288
5288
5288
5290
5290
5290
5292
5292
5294
5296
5296
5298
5298
5300
5300
5302
5302
5304
5304
5308
5308
5310
5310
5310
5312
5312
5314
5314
5316
5318
5318
5318
5318
5320
5320
5320
5320
5322
5322
5322
5322
5324
5324
5326
5326
5328
5328
5330
5330
5330
5330
5332
5334
5334
5334
5336
5336
5336
5336
5338
5338
5338
5338
5338
5340
5340
5340
5340
5340
5342
5342
5344
5344
5344
5346
5346
5346
5346
5346
5348
5348
5348
5348
5348
5350
5350
5350
5352
5352
5354
5354
5354
5354
5356
5356
5356
5356
5356
5358
5358
5358
5358
5360
5360
5360
5360
5360
5362
5364
5364
5364
5364
5364
5364
5366
5366
5366
5366
5366
5368
5368
5370
5370
5370
5370
5372
5372
5372
5372
5374
5374
5374
5374
5376
5376
5376
5376
5378
5378
5378
5378
5378
5380
5380
5380
5380
5380
5380
5380
5382
5382
5382
5382
5382
5382
5384
5384
5386
5386
5386
5386
5388
5388
5388
5392
5392
5392
5394
5394
5396
5396
5396
5396
5396
5398
5398
5398
5398
5398
5398
5398
5400
5402
5402
5402
5402
5402
5406
5406
5406
5406
5406
5408
5408
5410
5410
5410
5410
5410
5410
5412
5412
5412
5412
5414
5414
5414
5414
5414
5416
5416
5416
5418
5418
5418
5420
5420
5422
5422
5422
5424
5424
5424
5426
5426
5426
5426
5426
5428
5428
5428
5430
5430
5430
5432
5432
5432
5434
5434
5438
5438
5438
5438
5440
5440
5440
5440
5440
5442
5442
5442
5442
5444
5444
5444
5446
5448
5448
5450
5450
5450
5450
5450
5452
5452
5452
5452
5454
5454
5454
5454
5454
5454
5454
5456
5456
5456
5456
5456
5458
5458
5458
5462
5462
5462
5462
5464
5464
5466
5466
5466
5466
5466
5466
5468
5468
5468
5470
5470
5470
5472
5472
5472
5472
5472
5472
5474
5474
5476
5476
5476
5476
5478
5478
5478
5478
5480
5480
5480
5480
5480
5482
5484
5484
5486
5488
5490
5492
5492
5492
5494
5494
5494
5494
5494
5496
5498
5498
5498
5500
5500
5500
5500
5500
5500
5500
5502
5502
5504
5504
5506
5506
5506
5508
5510
5510
5512
5512
5512
5514
5514
5514
5514
5514
5514
5516
5516
5516
5520
5520
5520
5522
5522
5522
5524
5524
5524
5526
5526
5526
5526
5528
5528
5528
5530
5530
5530
5530
5534
5534
5540
5540
5542
5542
5542
5544
5544
5546
5546
5546
5548
5548
5550
5552
5552
5554
5556
5560
5562
5562
5562
5564
5564
5566
5568
5570
5574
5574
5574
5576
5580
5580
5582
5582
5584
5586
5586
5588
5590
5590
5590
5590
5590
5592
5594
5594
5598
5600
5602
5604
5604
5604
5606
5608
5608
5610
5612
5614
5614
5614
5620
5620
5622
5624
5626
5626
5628
5632
5632
5634
5634
5636
5636
5636
5636
5638
5640
5640
5642
5644
5644
5644
5644
5646
5646
5646
5648
5648
5650
5650
5652
5652
5654
5656
5656
5656
5658
5660
5660
5660
5660
5660
5662
5662
5662
5664
5664
5670
5670
5674
5674
5674
5676
5676
5676
5676
5678
5678
5682
5684
5686
5686
5690
5690
5690
5692
5698
5698
5700
5700
5702
5704
5708
5716
5716
5716
5718
5720
5722
5724
5724
5724
5728
5730
5732
5738
5738
5738
5740
5740
5746
5748
5750
5752
5754
5756
5760
5760
5766
5766
5766
5766
5768
5768
5770
5774
5774
5776
5778
5778
5780
5782
5784
5786
5786
5786
5788
5788
5788
5792
5792
5792
5794
5796
5798
5800
5800
5802
5804
5806
5810
5810
5810
5814
5816
5816
5824
5830
5830
5832
5832
5834
5834
5834
5836
5836
5838
5838
5838
5838
5840
5842
5842
5844
5846
5846
5846
5846
5846
5846
5850
5856
5858
5858
5860
5862
5862
5864
5864
5866
5866
5866
5866
5868
5872
5874
5876
5876
5878
5880
5880
5880
5886
5888
5894
5894
5894
5900
5900
5902
5902
5908
5910
5916
5920
5922
5926
5930
5932
5934
5942
5942
5946
5948
5948
5948
5950
5950
5952
5956
5956
5956
5958
5958
5960
5962
5964
5964
5968
5968
5972
5972
5972
5974
5976
5978
5978
5978
5980
5982
5982
5984
5988
5992
5992
5994
5998
6000
6000
6002
6006
6008
6010
6010
6014
6014
6016
6016
6020
6026
6028
6030
6032
6034
6034
6036
6040
6040
6046
6050
6052
6056
6056
6056
6058
6058
6060
6060
6062
6062
6062
6064
6066
6070
6072
6072
6072
6074
6074
6076
6076
6078
6080
6080
6088
6088
6092
6092
6094
6094
6098
6102
6102
6110
6112
6114
6114
6116
6116
6126
6126
6130
6132
6132
6138
6140
6140
6150
6150
6154
6156
6160
6162
6164
6164
6166
6168
6170
6176
6176
6178
6180
6188
6192
6192
6196
6202
6206
6214
6220
6222
6238
6244
6250
6254
6254
6258
6270
6282
6282
6296
6300
6308
6318
6322
6324
6332
6338
6338
6344
6350
6360
6364
6368
6368
6370
6380
6382
6382
6390
6402
6414
6416
6420
6424
6426
6426
6428
6428
6436
6436
6438
6442
6454
6474
6476
6500
6504
6526
6528
6532
6548
6548
6562
6576
6596
6600
6612
6628
6654
6690
6742
6744
6760
6774
6780
6786
6814
6826
6888
6894
6904
6926
6934
6956
7058
7106
7110
7148
7170
7336
7384
7396
7466
7532
7600
7602
7620
7664
7754
7768
7770
7900
8086
8100
8278
9050
9434
9620
9816
9894
9978
10004
10256
10406
10480
12270
12504
12826
12870
13124
13282
13472
13776
14072
14338
14376
14590
14620
14900
14972
14976
15132
15134
15140
15428
15440
15852
16570
16958
17066
17148
17590
17632
17666
18204
18298
18704
19378
19780
20690
20794
21146
21268
21280
21778
22176
22872
22916
22950
23058
23138
23978
24140
24198
24204
24300
24702
25118
25848
26062
26188
26308
26466
27286
27664
28382
29970
33316
34764
35328
35582
39010
