Latencies
5182
5206
5214
5214
5216
5220
5220
5230
5238
5246
5248
5250
5252
5254
5254
5256
5258
5258
5258
5260
5272
5274
5282
5284
5286
5288
5288
5292
5304
5308
5308
5312
5312
5314
5314
5316
5320
5322
5326
5326
5326
5328
5328
5328
5330
5330
5332
5334
5334
5334
5334
5334
5336
5336
5338
5340
5340
5342
5342
5344
5346
5346
5348
5348
5348
5348
5350
5350
5352
5354
5354
5356
5356
5356
5358
5358
5358
5362
5362
5362
5362
5362
5364
5364
5364
5366
5366
5366
5368
5368
5368
5370
5370
5370
5370
5372
5372
5372
5372
5374
5374
5374
5376
5376
5376
5376
5376
5376
5378
5378
5378
5378
5380
5382
5382
5382
5382
5382
5382
5382
5384
5384
5384
5384
5384
5384
5386
5388
5388
5388
5388
5390
5390
5390
5390
5390
5392
5392
5392
5392
5392
5394
5394
5394
5396
5396
5396
5396
5398
5398
5398
5398
5398
5400
5402
5402
5402
5402
5404
5404
5404
5406
5406
5408
5408
5408
5408
5408
5410
5410
5410
5410
5410
5410
5410
5410
5410
5412
5412
5412
5412
5414
5414
5414
5416
5416
5416
5416
5418
5418
5420
5420
5422
5424
5424
5424
5424
5424
5426
5426
5426
5428
5428
5428
5428
5428
5428
5428
5430
5430
5430
5432
5432
5434
5434
5434
5434
5434
5434
5434
5436
5438
5438
5440
5440
5440
5440
5442
5442
5442
5442
5442
5442
5442
5444
5444
5446
5446
5448
5448
5448
5450
5450
5450
5452
5452
5452
5454
5454
5454
5456
5458
5458
5458
5460
5460
5460
5460
5462
5462
5462
5464
5466
5466
5466
5468
5468
5468
5470
5470
5470
5472
5472
5472
5472
5472
5476
5476
5476
5478
5478
5480
5480
5482
5482
5482
5482
5484
5484
5484
5484
5486
5486
5488
5488
5490
5490
5492
5492
5492
5492
5494
5494
5494
5494
5496
5498
5498
5498
5498
5500
5500
5500
5504
5504
5512
5514
5514
5514
5518
5520
5520
5520
5520
5520
5522
5524
5526
5526
5528
5530
5530
5532
5532
5532
5534
5534
5534
5534
5534
5536
5536
5538
5538
5542
5542
5542
5544
5544
5544
5546
5546
5546
5546
5550
5552
5554
5554
5554
5554
5554
5556
5556
5556
5562
5562
5562
5562
5564
5564
5566
5568
5570
5572
5572
5574
5576
5578
5578
5578
5580
5580
5584
5584
5586
5586
5588
5592
5594
5594
5594
5594
5596
5598
5598
5598
5600
5602
5602
5604
5604
5604
5608
5608
5608
5608
5610
5610
5612
5612
5614
5614
5614
5616
5616
5618
5618
5620
5620
5622
5624
5624
5624
5626
5626
5626
5626
5626
5632
5632
5634
5634
5634
5636
5636
5638
5640
5640
5640
5642
5644
5646
5646
5646
5646
5648
5648
5654
5654
5654
5654
5654
5654
5656
5658
5658
5658
5658
5660
5660
5660
5660
5662
5662
5664
5668
5668
5668
5670
5670
5670
5674
5674
5674
5676
5680
5680
5680
5680
5682
5682
5682
5684
5684
5686
5686
5688
5688
5692
5692
5692
5694
5696
5700
5706
5706
5706
5712
5712
5712
5714
5714
5716
5716
5718
5722
5722
5724
5724
5724
5726
5726
5728
5730
5730
5732
5734
5736
5740
5742
5748
5748
5752
5754
5762
5762
5762
5762
5764
5766
5768
5770
5772
5774
5776
5776
5778
5780
5780
5782
5782
5782
5786
5788
5790
5792
5796
5798
5804
5806
5806
5808
5810
5810
5812
5812
5816
5816
5816
5820
5820
5820
5820
5822
5824
5826
5826
5830
5830
5832
5836
5836
5838
5842
5842
5842
5844
5848
5848
5850
5850
5850
5858
5858
5862
5866
5866
5868
5868
5868
5870
5870
5870
5870
5872
5872
5874
5880
5882
5884
5884
5890
5890
5892
5892
5894
5898
5898
5900
5902
5904
5906
5910
5914
5914
5918
5920
5920
5922
5928
5932
5932
5938
5940
5942
5944
5944
5944
5946
5948
5950
5950
5950
5952
5954
5954
5956
5964
5966
5968
5968
5972
5972
5972
5974
5974
5976
5978
5978
5982
5982
5984
5984
5986
5986
5986
5988
5988
5988
5994
5994
5994
5994
5994
5996
5998
5998
5998
6000
6000
6000
6002
6004
6006
6010
6010
6010
6012
6012
6014
6014
6014
6014
6016
6016
6016
6018
6018
6020
6022
6024
6024
6026
6026
6028
6030
6030
6034
6036
6036
6036
6038
6040
6044
6046
6048
6048
6048
6050
6054
6056
6056
6058
6058
6058
6060
6064
6066
6072
6074
6076
6078
6078
6080
6080
6080
6082
6084
6088
6092
6092
6094
6096
6096
6098
6098
6104
6104
6106
6110
6112
6112
6114
6114
6114
6116
6116
6120
6122
6124
6124
6126
6128
6132
6134
6134
6136
6140
6140
6142
6150
6152
6154
6156
6158
6162
6164
6166
6168
6170
6172
6174
6176
6176
6178
6178
6180
6182
6182
6184
6186
6186
6190
6192
6196
6200
6208
6208
6218
6222
6224
6224
6228
6228
6230
6236
6238
6248
6252
6256
6262
6270
6270
6276
6276
6284
6290
6290
6290
6292
6306
6314
6318
6318
6320
6326
6328
6336
6358
6368
6374
6382
6386
6412
6432
6438
6438
6444
6448
6450
6456
6458
6466
6468
6470
6474
6476
6486
6500
6500
6504
6530
6540
6550
6558
6576
6576
6582
6606
6644
6650
6704
6716
6724
6734
6762
6784
6848
6854
6870
6882
7064
7154
7198
7260
7312
7324
7382
7590
7618
7632
7650
7658
7738
7772
7962
8376
8568
8650
8904
9040
9190
9314
9786
10244
10902
11382
11610
11666
11694
11714
11798
12450
12576
12918
13190
13336
13762
14428
14578
14612
14676
14708
14892
14936
15258
15538
15576
16094
16182
16384
16424
16542
17124
17300
17430
17790
18258
18484
19276
19466
19534
19632
20298
21214
21382
21860
22008
22108
22984
23072
23082
23454
23720
24364
24492
24802
24992
25356
25534
25948
25958
26250
26468
27684
28942
29850
30102
31728
31902
31958
33476
33496
33598
34252
35750
35888
36104
36264
37190
