Latencies
5142
5146
5150
5162
5164
5170
5174
5176
5182
5182
5184
5192
5194
5196
5196
5198
5202
5206
5208
5210
5212
5214
5216
5218
5220
5220
5222
5222
5224
5226
5226
5226
5228
5232
5234
5236
5236
5238
5238
5238
5238
5238
5238
5240
5240
5240
5242
5242
5242
5246
5246
5246
5248
5250
5250
5250
5250
5252
5252
5260
5260
5262
5262
5262
5264
5264
5264
5264
5266
5266
5268
5268
5268
5268
5268
5270
5270
5272
5272
5272
5272
5272
5274
5274
5274
5276
5276
5276
5278
5280
5280
5280
5280
5280
5282
5282
5282
5282
5284
5284
5284
5284
5286
5286
5286
5286
5288
5288
5290
5290
5290
5292
5292
5292
5292
5294
5294
5294
5296
5296
5298
5298
5298
5300
5300
5300
5300
5300
5302
5302
5302
5304
5304
5304
5304
5306
5306
5306
5306
5306
5308
5308
5308
5308
5310
5310
5312
5312
5312
5312
5312
5312
5312
5312
5312
5312
5312
5314
5314
5316
5316
5316
5316
5316
5318
5318
5318
5318
5320
5320
5322
5322
5322
5324
5324
5324
5326
5326
5326
5326
5328
5328
5328
5328
5330
5330
5332
5332
5332
5332
5332
5334
5334
5334
5336
5336
5336
5338
5338
5338
5340
5340
5340
5342
5342
5342
5342
5344
5344
5346
5346
5346
5346
5346
5346
5348
5348
5348
5348
5348
5350
5350
5350
5354
5354
5356
5356
5358
5358
5358
5360
5360
5360
5362
5362
5362
5364
5366
5366
5366
5366
5368
5368
5368
5370
5370
5370
5372
5372
5374
5374
5374
5374
5374
5374
5374
5374
5374
5374
5376
5378
5378
5380
5380
5380
5382
5384
5384
5384
5384
5386
5386
5386
5386
5388
5388
5388
5388
5390
5390
5390
5390
5392
5392
5392
5392
5394
5394
5396
5396
5396
5396
5396
5398
5398
5398
5400
5400
5400
5402
5404
5404
5404
5406
5406
5406
5408
5408
5410
5410
5412
5412
5412
5414
5414
5414
5414
5416
5418
5418
5420
5420
5420
5422
5424
5424
5426
5426
5426
5426
5426
5428
5430
5430
5430
5430
5432
5432
5434
5434
5434
5434
5436
5436
5436
5438
5438
5438
5440
5440
5440
5442
5446
5446
5446
5448
5448
5450
5450
5452
5452
5452
5452
5454
5456
5456
5458
5458
5458
5460
5460
5460
5462
5462
5462
5462
5464
5466
5466
5470
5470
5470
5472
5472
5474
5474
5476
5476
5480
5482
5482
5482
5484
5484
5484
5486
5486
5490
5492
5492
5494
5494
5496
5496
5496
5496
5498
5500
5502
5502
5510
5510
5512
5512
5512
5514
5514
5514
5514
5516
5518
5518
5520
5520
5520
5522
5524
5526
5528
5528
5530
5530
5532
5532
5532
5534
5534
5536
5536
5538
5538
5538
5540
5540
5542
5548
5548
5548
5548
5550
5554
5554
5556
5556
5558
5558
5560
5560
5562
5562
5562
5564
5564
5564
5566
5568
5568
5568
5568
5568
5570
5574
5574
5574
5576
5580
5582
5582
5582
5584
5590
5590
5592
5592
5594
5594
5596
5596
5598
5602
5602
5604
5604
5604
5604
5606
5606
5606
5606
5606
5606
5610
5610
5614
5614
5616
5616
5616
5620
5620
5620
5620
5622
5622
5622
5624
5624
5626
5626
5628
5630
5632
5632
5636
5638
5642
5644
5648
5650
5650
5652
5656
5656
5656
5656
5660
5660
5660
5662
5666
5666
5670
5670
5672
5674
5682
5684
5688
5690
5690
5694
5700
5700
5700
5700
5702
5704
5706
5706
5710
5714
5714
5714
5714
5720
5720
5720
5720
5722
5724
5724
5728
5730
5732
5732
5732
5734
5738
5738
5738
5740
5742
5744
5748
5748
5748
5752
5752
5754
5754
5758
5758
5760
5762
5764
5764
5764
5772
5774
5776
5778
5782
5784
5784
5786
5788
5790
5790
5792
5792
5798
5800
5804
5804
5806
5806
5808
5810
5812
5816
5816
5818
5818
5820
5824
5826
5828
5828
5830
5832
5832
5836
5836
5842
5842
5844
5844
5848
5850
5856
5864
5864
5866
5874
5882
5882
5886
5886
5892
5894
5896
5902
5902
5902
5902
5904
5908
5908
5908
5912
5916
5916
5918
5920
5922
5922
5926
5926
5928
5928
5932
5932
5934
5936
5938
5940
5940
5940
5940
5942
5942
5942
5946
5950
5952
5954
5956
5962
5964
5964
5966
5966
5968
5970
5974
5974
5976
5976
5984
5986
5986
5990
5992
5992
5994
6000
6000
6002
6006
6008
6008
6010
6012
6016
6018
6018
6026
6028
6030
6030
6032
6032
6034
6036
6040
6040
6042
6042
6044
6046
6048
6050
6050
6054
6060
6066
6066
6068
6068
6070
6074
6074
6076
6076
6078
6082
6082
6084
6086
6092
6092
6094
6094
6108
6110
6116
6124
6130
6130
6132
6132
6132
6146
6150
6150
6156
6170
6174
6182
6202
6204
6206
6210
6210
6212
6218
6242
6248
6274
6278
6284
6292
6296
6298
6304
6314
6316
6326
6336
6340
6354
6358
6364
6366
6366
6372
6374
6382
6392
6392
6424
6430
6444
6462
6488
6520
6522
6524
6526
6534
6564
6568
6614
6614
6650
6662
6674
6690
6704
6748
6788
6800
6878
6900
6918
6972
7112
7126
7186
7212
7486
7884
7948
8100
8166
8236
8382
8518
8816
9022
9028
9054
9268
9554
9686
9768
9768
9796
10158
10376
10412
10536
10604
10732
10772
10806
11314
11320
11842
12258
12306
12602
12766
12820
12884
12972
13230
13472
13924
14252
14266
14486
14492
14554
14702
14714
14936
15340
15376
15910
16186
16210
16332
16346
16852
17186
17346
17360
17524
17564
18718
18756
18792
19430
19788
19844
20608
20610
21070
21158
21410
21536
22012
22114
22418
22650
22884
22892
23316
23806
23886
24250
24276
24588
24894
24904
25190
25412
25782
26622
26876
27954
28582
28856
28964
29206
29404
30044
30964
31244
31768
32154
33762
34200
34206
34488
35064
35304
35374
35434
35466
35512
35634
35636
36102
36320
36526
37804
39338
67378
