Latencies
5218
5344
5354
5364
5378
5420
5428
5462
5466
5470
5472
5474
5484
5484
5502
5524
5530
5544
5546
5550
5566
5584
5590
5592
5594
5606
5608
5620
5628
5628
5634
5654
5660
5662
5706
5712
5714
5744
5752
5752
5756
5774
5780
5790
5802
5812
5812
5816
5820
5822
5824
5832
5834
5844
5848
5862
5884
5944
5950
5954
5966
5996
5998
6004
6008
6022
6024
6026
6028
6030
6034
6040
6040
6052
6058
6082
6084
6086
6096
6100
6112
6126
6132
6154
6154
6170
6170
6178
6188
6196
6220
6224
6236
6250
6256
6266
6278
6316
6346
6360
6384
6402
6404
6424
6432
6436
6440
6454
6468
6476
6498
6500
6516
6520
6532
6534
6542
6570
6576
6594
6608
6612
6648
6656
6658
6660
6662
6670
6704
6718
6718
6720
6794
6806
6824
6834
6840
6840
6862
6908
6950
6978
6988
7024
7032
7060
7084
7086
7120
7158
7164
7224
7232
7264
7270
7276
7288
7314
7322
7324
7328
7328
7358
7364
7398
7400
7414
7458
7476
7484
7486
7500
7502
7510
7512
7522
7534
7548
7548
7552
7580
7620
7638
7644
7662
7668
7692
7706
7708
7712
7722
7768
7776
7822
7856
7862
7868
7880
7890
7906
7920
7982
7994
7996
8048
8056
8086
8090
8098
8122
8128
8164
8182
8196
8228
8236
8238
8250
8258
8272
8274
8280
8294
8294
8324
8336
8372
8376
8394
8406
8434
8458
8462
8486
8494
8514
8516
8520
8564
8596
8622
8624
8636
8644
8684
8690
8724
8728
8738
8748
8794
8832
8838
8852
8880
8884
8884
8886
8888
8892
8904
8912
8916
8918
8928
8962
8964
8966
9026
9048
9052
9074
9086
9090
9104
9110
9124
9130
9150
9192
9246
9328
9344
9346
9368
9378
9382
9386
9396
9510
9512
9530
9540
9544
9544
9574
9580
9598
9616
9634
9660
9664
9666
9676
9692
9726
9754
9764
9774
9790
9798
9810
9840
9878
9882
9884
9888
9892
9894
9900
9922
9928
9986
10018
10020
10036
10044
10052
10054
10078
10080
10090
10110
10120
10120
10122
10124
10184
10196
10200
10230
10230
10234
10242
10248
10268
10274
10290
10292
10300
10302
10344
10398
10410
10422
10434
10464
10468
10492
10524
10534
10540
10548
10552
10560
10582
10604
10638
10642
10656
10658
10662
10678
10688
10696
10716
10720
10722
10756
10770
10776
10810
10878
10886
10896
10916
10926
10938
10944
10948
10966
10966
10980
11014
11022
11030
11042
11052
11054
11086
11102
11122
11128
11160
11164
11178
11186
11224
11228
11230
11232
11234
11284
11312
11318
11318
11338
11340
11350
11380
11412
11416
11432
11450
11496
11536
11540
11548
11550
11576
11608
11614
11654
11666
11674
11676
11682
11686
11696
11702
11716
11728
11734
11744
11766
11776
11824
11852
11892
11894
11906
11932
11944
11960
11962
12000
12006
12010
12062
12070
12076
12078
12082
12092
12108
12138
12148
12166
12182
12232
12238
12252
12254
12256
12256
12274
12274
12280
12280
12286
12286
12296
12322
12322
12378
12384
12394
12398
12400
12406
12410
12474
12484
12502
12504
12532
12554
12568
12590
12592
12632
12644
12650
12674
12696
12730
12736
12752
12778
12800
12822
12834
12836
12914
12920
12962
12976
12986
12986
12988
13012
13016
13024
13038
13044
13060
13078
13090
13094
13110
13138
13152
13152
13192
13194
13200
13212
13244
13250
13274
13282
13296
13302
13322
13324
13332
13346
13348
13350
13358
13360
13380
13390
13398
13412
13426
13434
13438
13444
13464
13464
13484
13490
13494
13504
13528
13546
13640
13648
13676
13682
13688
13714
13748
13768
13788
13798
13800
13808
13820
13824
13830
13832
13834
13838
13850
13854
13858
13860
13884
13886
13926
13982
13982
13992
14004
14008
14012
14018
14018
14020
14040
14068
14068
14110
14124
14124
14126
14142
14168
14170
14174
14178
14184
14192
14212
14214
14218
14220
14228
14230
14234
14274
14278
14286
14290
14296
14320
14334
14336
14346
14358
14362
14366
14366
14366
14374
14380
14388
14388
14396
14422
14424
14428
14444
14458
14464
14470
14476
14476
14478
14486
14488
14490
14508
14512
14514
14522
14522
14526
14528
14534
14536
14542
14544
14552
14558
14578
14580
14584
14592
14596
14608
14608
14612
14622
14626
14648
14654
14656
14666
14666
14672
14674
14676
14684
14686
14692
14694
14704
14708
14718
14732
14734
14736
14742
14750
14756
14756
14758
14758
14762
14764
14766
14768
14772
14774
14774
14780
14782
14786
14786
14794
14798
14802
14806
14814
14818
14824
14824
14832
14832
14834
14834
14840
14840
14850
14858
14862
14864
14866
14868
14884
14884
14886
14896
14904
14906
14908
14912
14924
14926
14930
14944
14944
14944
14946
14950
14956
14958
14958
14964
14968
14972
14994
14994
14998
15000
15000
15004
15008
15016
15016
15018
15028
15030
15040
15040
15042
15042
15046
15048
15050
15058
15058
15060
15066
15070
15076
15090
15094
15098
15108
15112
15112
15118
15122
15136
15136
15146
15148
15152
15152
15154
15154
15160
15164
15164
15164
15168
15182
15192
15196
15198
15200
15200
15200
15206
15206
15208
15208
15208
15234
15234
15244
15248
15256
15260
15272
15280
15280
15282
15290
15296
15298
15306
15314
15320
15330
15348
15350
15356
15360
15368
15374
15374
15378
15392
15396
15414
15422
15424
15426
15432
15434
15446
15452
15454
15458
15470
15472
15474
15484
15488
15502
15512
15514
15524
15526
15534
15552
15574
15576
15576
15584
15584
15588
15590
15600
15602
15638
15638
15648
15676
15716
15718
15722
15778
15804
15808
15886
15898
15932
15942
15988
15994
15998
16022
16034
16052
16064
16138
16186
16190
16224
16236
16256
16306
16364
16418
16428
16664
16982
17514
17562
18294
18390
18426
19458
20600
21136
21276
21386
21904
21988
22674
23318
23980
24162
24320
24450
24508
24524
24530
24532
24566
24664
24666
25288
26100
27902
28254
29232
30188
31796
32196
34126
34150
34316
34592
34604
41656
66206
80016
119062
