Latencies
4998
5006
5012
5016
5026
5028
5038
5038
5046
5048
5050
5050
5050
5054
5058
5058
5060
5060
5062
5062
5064
5066
5066
5068
5072
5074
5074
5076
5076
5078
5080
5080
5082
5084
5086
5088
5088
5090
5092
5092
5094
5094
5096
5096
5098
5100
5102
5104
5110
5112
5114
5114
5116
5116
5118
5118
5120
5122
5126
5128
5128
5128
5132
5132
5134
5134
5136
5138
5138
5138
5140
5140
5142
5142
5144
5146
5146
5146
5146
5148
5148
5148
5150
5150
5150
5152
5152
5152
5154
5154
5158
5158
5158
5160
5160
5162
5162
5162
5164
5164
5164
5166
5166
5166
5166
5168
5168
5170
5170
5170
5170
5170
5170
5170
5170
5174
5174
5174
5174
5176
5176
5178
5178
5178
5180
5182
5184
5184
5184
5186
5186
5188
5190
5190
5192
5192
5192
5192
5192
5192
5192
5194
5194
5196
5196
5198
5200
5200
5200
5200
5202
5202
5202
5202
5202
5202
5204
5204
5204
5204
5204
5206
5206
5206
5206
5208
5208
5208
5208
5210
5210
5210
5210
5210
5212
5214
5214
5214
5214
5216
5216
5218
5218
5218
5220
5220
5220
5220
5222
5222
5222
5222
5222
5224
5226
5226
5226
5226
5228
5228
5228
5230
5230
5230
5230
5230
5230
5230
5230
5232
5232
5234
5234
5234
5234
5234
5236
5236
5236
5236
5238
5238
5238
5238
5238
5242
5242
5242
5242
5242
5244
5244
5244
5244
5246
5246
5246
5246
5246
5246
5248
5248
5248
5248
5248
5248
5248
5250
5250
5250
5250
5250
5252
5252
5252
5252
5252
5252
5254
5254
5254
5254
5254
5254
5256
5256
5258
5258
5258
5258
5258
5260
5260
5260
5260
5262
5262
5264
5264
5264
5264
5264
5264
5266
5266
5268
5268
5268
5270
5270
5270
5270
5270
5270
5270
5272
5272
5272
5272
5272
5272
5272
5272
5274
5274
5276
5276
5276
5278
5278
5280
5280
5280
5282
5282
5284
5284
5284
5284
5284
5284
5284
5284
5286
5286
5286
5288
5288
5288
5288
5288
5288
5288
5290
5290
5290
5292
5294
5294
5294
5294
5296
5296
5296
5298
5298
5298
5298
5298
5300
5300
5300
5300
5302
5304
5304
5306
5306
5306
5308
5308
5308
5308
5310
5310
5312
5312
5314
5314
5314
5314
5314
5316
5316
5318
5318
5318
5318
5318
5318
5320
5320
5320
5320
5320
5322
5322
5322
5322
5324
5324
5324
5326
5326
5328
5328
5330
5332
5332
5332
5332
5332
5332
5332
5334
5336
5336
5336
5336
5336
5338
5340
5340
5340
5340
5342
5342
5342
5344
5344
5344
5346
5348
5350
5350
5350
5350
5352
5352
5354
5354
5354
5356
5356
5356
5358
5358
5360
5360
5360
5360
5360
5360
5362
5362
5362
5364
5364
5364
5364
5366
5366
5366
5370
5370
5370
5370
5372
5372
5374
5376
5376
5376
5378
5378
5378
5378
5380
5384
5384
5384
5386
5386
5386
5386
5388
5388
5388
5390
5390
5394
5396
5396
5396
5398
5398
5398
5398
5400
5404
5404
5406
5406
5406
5406
5408
5412
5412
5412
5416
5418
5420
5420
5420
5420
5420
5422
5424
5424
5426
5426
5428
5428
5428
5428
5430
5430
5432
5434
5434
5434
5434
5434
5434
5436
5436
5438
5438
5438
5438
5438
5440
5440
5440
5444
5448
5448
5448
5448
5454
5456
5456
5456
5456
5458
5460
5460
5462
5462
5464
5464
5466
5466
5468
5468
5470
5470
5476
5480
5480
5482
5484
5484
5486
5486
5486
5488
5488
5490
5490
5490
5492
5492
5492
5494
5496
5496
5498
5498
5500
5500
5500
5500
5502
5502
5502
5504
5508
5510
5514
5514
5514
5516
5522
5524
5524
5530
5532
5534
5534
5534
5534
5536
5536
5536
5538
5538
5540
5540
5542
5544
5544
5548
5548
5548
5548
5548
5550
5550
5550
5562
5562
5564
5564
5564
5566
5566
5568
5568
5570
5570
5572
5572
5574
5576
5584
5584
5586
5588
5588
5590
5590
5590
5592
5594
5594
5598
5600
5600
5602
5606
5608
5610
5610
5612
5614
5614
5616
5616
5618
5618
5618
5620
5622
5622
5628
5630
5630
5632
5632
5632
5638
5638
5640
5646
5648
5652
5654
5658
5658
5658
5658
5662
5662
5666
5668
5668
5670
5670
5672
5672
5674
5676
5678
5678
5680
5680
5680
5682
5682
5684
5684
5690
5696
5700
5702
5706
5706
5708
5710
5710
5712
5714
5714
5718
5720
5722
5722
5724
5726
5726
5728
5728
5728
5742
5742
5744
5748
5748
5750
5750
5754
5758
5760
5764
5764
5766
5766
5766
5774
5778
5778
5782
5784
5784
5788
5788
5806
5806
5806
5816
5822
5822
5828
5830
5832
5832
5832
5834
5840
5840
5844
5844
5850
5852
5858
5862
5862
5872
5886
5886
5886
5892
5892
5900
5908
5910
5912
5914
5916
5916
5916
5916
5918
5918
5922
5924
5926
5930
5934
5938
5938
5942
5946
5946
5954
5954
5958
5964
5964
5964
5968
5988
5988
5988
5994
6000
6000
6000
6000
6004
6014
6016
6018
6020
6020
6022
6022
6032
6034
6036
6042
6050
6052
6056
6060
6066
6076
6076
6078
6084
6084
6090
6092
6092
6102
6106
6110
6112
6114
6114
6116
6118
6118
6122
6122
6124
6132
6140
6156
6166
6178
6192
6194
6196
6206
6210
6216
6224
6292
6304
6328
6328
6332
6332
6334
6340
6350
6356
6408
6428
6432
6434
6464
6472
6474
6484
6516
6542
6542
6570
6578
6630
6688
6690
6722
6732
6858
6906
6950
6962
6976
6992
7040
7092
7302
7316
7346
7526
7532
7832
7878
8104
8124
8364
8744
8760
8816
9230
9282
9320
9386
9392
9600
9628
9678
9786
10186
10218
10512
10716
10766
10784
10884
10946
11040
11108
11176
11370
11584
11718
11726
11796
11814
12028
12290
12534
12624
13092
13334
13534
13624
13646
13832
13960
13974
14148
14242
14416
14492
14744
14964
15198
15506
15878
16124
16266
16668
17206
17328
17488
17912
17912
18048
18132
18664
18758
18958
18978
19790
19914
20042
20254
20426
20520
20804
21240
22280
22432
23018
23630
23666
24456
24580
25278
25596
25682
26138
26686
26706
27636
28234
28880
31702
33256
33384
35256
35822
37976
39178
