Latencies
5180
5188
5188
5198
5200
5204
5212
5224
5228
5232
5234
5236
5242
5242
5244
5252
5258
5270
5276
5280
5282
5284
5290
5296
5304
5306
5310
5312
5314
5320
5320
5322
5322
5322
5324
5324
5324
5326
5326
5328
5328
5332
5334
5334
5336
5338
5344
5344
5344
5344
5346
5348
5352
5352
5354
5358
5358
5360
5362
5364
5364
5364
5366
5368
5368
5368
5368
5368
5370
5372
5372
5374
5374
5376
5376
5376
5376
5376
5378
5378
5378
5378
5378
5378
5380
5380
5380
5382
5382
5382
5382
5384
5384
5386
5386
5388
5390
5390
5390
5390
5390
5390
5390
5390
5394
5396
5396
5396
5398
5398
5398
5398
5398
5398
5400
5400
5402
5402
5402
5402
5402
5402
5402
5404
5404
5404
5404
5404
5408
5408
5408
5408
5408
5410
5410
5410
5410
5412
5412
5412
5414
5414
5416
5416
5418
5418
5420
5420
5420
5420
5422
5424
5424
5424
5426
5426
5426
5426
5428
5428
5428
5428
5428
5430
5430
5432
5432
5432
5434
5434
5434
5434
5436
5438
5438
5438
5438
5438
5440
5440
5440
5440
5440
5440
5440
5442
5442
5444
5444
5444
5444
5444
5444
5446
5446
5446
5446
5448
5450
5450
5452
5454
5454
5454
5454
5456
5456
5456
5456
5458
5458
5458
5460
5460
5460
5460
5460
5462
5462
5462
5462
5464
5464
5464
5464
5464
5466
5466
5466
5466
5468
5470
5470
5470
5472
5474
5474
5476
5476
5476
5476
5476
5476
5476
5478
5478
5478
5480
5480
5480
5480
5480
5482
5482
5482
5482
5486
5486
5488
5488
5488
5488
5490
5490
5490
5490
5490
5490
5492
5492
5494
5494
5496
5496
5496
5496
5496
5496
5496
5498
5500
5500
5500
5502
5502
5502
5504
5506
5506
5506
5508
5508
5508
5510
5510
5510
5512
5514
5516
5516
5516
5518
5520
5520
5522
5522
5522
5524
5526
5526
5526
5526
5526
5530
5530
5530
5530
5530
5532
5532
5532
5532
5532
5534
5534
5536
5536
5536
5536
5536
5536
5538
5538
5538
5538
5540
5540
5540
5542
5542
5542
5542
5542
5544
5544
5546
5546
5546
5548
5550
5550
5550
5552
5552
5552
5554
5554
5554
5554
5554
5554
5556
5556
5556
5558
5560
5560
5560
5564
5566
5568
5568
5568
5568
5570
5570
5570
5570
5570
5574
5574
5574
5574
5574
5576
5576
5576
5576
5580
5580
5580
5580
5580
5582
5582
5582
5582
5584
5586
5588
5590
5590
5592
5592
5594
5594
5596
5598
5600
5600
5600
5602
5602
5604
5604
5606
5606
5606
5606
5608
5610
5610
5612
5614
5614
5616
5618
5620
5620
5620
5620
5622
5622
5622
5624
5624
5624
5624
5626
5626
5626
5626
5628
5628
5628
5628
5628
5628
5630
5632
5634
5634
5634
5636
5636
5638
5638
5638
5640
5642
5642
5644
5646
5648
5648
5650
5650
5650
5650
5652
5652
5654
5656
5660
5660
5660
5662
5664
5664
5666
5666
5666
5666
5668
5670
5672
5676
5680
5680
5684
5686
5688
5690
5694
5698
5700
5700
5700
5704
5708
5708
5708
5710
5710
5710
5710
5712
5712
5714
5714
5716
5716
5716
5722
5724
5726
5726
5726
5730
5730
5730
5732
5732
5732
5732
5734
5734
5736
5736
5736
5738
5740
5742
5748
5748
5750
5750
5752
5752
5754
5754
5756
5756
5758
5758
5758
5758
5760
5760
5762
5764
5768
5768
5768
5770
5772
5772
5772
5774
5776
5776
5776
5778
5778
5782
5784
5788
5788
5792
5792
5798
5798
5800
5802
5802
5804
5804
5806
5808
5808
5812
5812
5814
5814
5814
5814
5814
5816
5816
5820
5820
5820
5822
5822
5822
5824
5824
5824
5826
5828
5836
5836
5838
5842
5842
5844
5844
5844
5846
5848
5848
5850
5850
5860
5860
5860
5860
5864
5864
5868
5870
5874
5878
5878
5878
5880
5882
5884
5886
5886
5886
5890
5892
5894
5894
5894
5894
5896
5900
5904
5908
5908
5910
5912
5912
5912
5914
5914
5916
5920
5920
5920
5922
5922
5922
5922
5924
5926
5928
5928
5930
5932
5934
5936
5938
5940
5942
5944
5944
5946
5946
5946
5948
5950
5958
5962
5962
5964
5964
5968
5970
5970
5972
5974
5974
5974
5976
5976
5978
5978
5982
5982
5984
5986
5988
5988
5990
5990
5994
6000
6000
6002
6004
6006
6010
6014
6014
6016
6016
6018
6022
6024
6038
6040
6040
6042
6042
6044
6046
6046
6046
6050
6054
6054
6056
6056
6058
6060
6064
6064
6070
6070
6070
6072
6074
6078
6082
6086
6086
6088
6094
6102
6104
6104
6104
6110
6110
6110
6112
6112
6114
6114
6116
6120
6122
6124
6128
6130
6136
6136
6138
6140
6142
6144
6144
6146
6148
6150
6150
6152
6152
6154
6156
6162
6166
6168
6172
6174
6174
6178
6184
6186
6188
6192
6192
6196
6198
6198
6198
6202
6210
6220
6224
6224
6224
6226
6232
6236
6240
6246
6246
6256
6256
6264
6266
6268
6268
6274
6274
6276
6280
6282
6284
6288
6290
6300
6304
6312
6318
6320
6320
6326
6328
6340
6342
6342
6344
6346
6364
6368
6372
6372
6388
6390
6396
6404
6404
6412
6414
6418
6420
6422
6430
6436
6438
6442
6448
6452
6456
6458
6464
6476
6480
6482
6486
6496
6502
6508
6508
6534
6542
6546
6552
6566
6580
6606
6624
6662
6664
6664
6678
6678
6678
6686
6720
6722
6780
6808
6852
6866
6952
7032
7078
7126
7154
7166
7274
7290
7310
7316
7344
7374
7414
7428
7442
7460
7498
7512
7598
7678
7746
7774
7870
7942
8092
8328
8356
8382
8424
8608
8770
8794
8818
8908
8958
9370
9474
9494
9518
9806
9864
9930
10056
10400
10690
10794
10816
10832
11254
11296
11604
11830
12260
12404
12568
12714
12996
13028
13204
13768
13798
14068
14164
14188
14300
14374
14462
14712
14716
14884
14976
15024
15384
15508
15872
16274
16502
17452
17546
17642
17768
18238
20114
20320
22276
23346
23998
24726
24860
25800
25806
26122
26348
26676
26986
27044
27854
28428
33366
33594
34368
35200
36010
37924
43258
