Latencies
5086
5110
5134
5158
5162
5168
5172
5186
5190
5192
5194
5200
5204
5210
5216
5216
5216
5218
5222
5226
5226
5226
5232
5234
5234
5236
5236
5238
5242
5242
5244
5246
5246
5248
5248
5250
5252
5254
5254
5256
5256
5260
5262
5262
5262
5262
5266
5266
5266
5268
5270
5270
5270
5270
5270
5274
5274
5274
5274
5276
5276
5278
5278
5280
5282
5282
5284
5284
5286
5286
5286
5292
5292
5294
5296
5296
5296
5296
5298
5298
5302
5302
5302
5302
5304
5304
5304
5304
5304
5306
5306
5308
5308
5310
5310
5312
5312
5314
5316
5316
5316
5316
5318
5318
5318
5318
5318
5318
5320
5320
5320
5322
5322
5322
5322
5322
5324
5324
5326
5326
5328
5328
5328
5330
5330
5330
5332
5332
5332
5332
5334
5334
5334
5334
5336
5336
5338
5338
5340
5340
5340
5340
5340
5340
5340
5342
5342
5342
5342
5344
5344
5346
5346
5346
5346
5348
5348
5348
5348
5348
5348
5350
5350
5350
5350
5350
5350
5352
5352
5352
5352
5352
5352
5354
5354
5354
5354
5356
5356
5358
5358
5358
5360
5360
5360
5362
5364
5364
5364
5364
5364
5366
5366
5366
5366
5366
5368
5368
5368
5368
5368
5368
5370
5370
5370
5372
5372
5372
5374
5376
5376
5378
5378
5378
5378
5378
5378
5380
5380
5380
5382
5382
5382
5384
5384
5384
5384
5384
5384
5386
5386
5386
5388
5388
5388
5388
5388
5390
5390
5390
5392
5392
5392
5392
5392
5394
5394
5394
5394
5396
5396
5398
5398
5398
5398
5400
5400
5400
5400
5402
5402
5402
5402
5402
5404
5404
5404
5404
5404
5404
5406
5408
5408
5408
5408
5410
5410
5410
5412
5414
5414
5414
5414
5416
5416
5416
5418
5418
5418
5420
5420
5422
5422
5422
5424
5424
5424
5426
5426
5428
5428
5430
5430
5432
5432
5432
5432
5434
5434
5436
5436
5438
5440
5440
5442
5442
5442
5442
5442
5444
5446
5448
5448
5448
5448
5450
5450
5450
5450
5452
5452
5452
5452
5452
5454
5454
5456
5456
5458
5458
5458
5460
5462
5462
5462
5464
5464
5464
5466
5466
5466
5468
5468
5468
5468
5470
5474
5474
5474
5474
5478
5480
5480
5480
5480
5480
5480
5480
5482
5486
5486
5488
5490
5490
5490
5492
5492
5492
5494
5494
5494
5494
5496
5496
5498
5500
5500
5500
5502
5504
5504
5504
5504
5504
5504
5506
5506
5506
5508
5508
5508
5510
5512
5512
5512
5512
5512
5514
5516
5516
5516
5518
5520
5522
5524
5524
5524
5526
5528
5530
5530
5532
5532
5534
5534
5534
5536
5536
5536
5538
5538
5540
5540
5540
5542
5542
5544
5544
5544
5544
5544
5546
5548
5550
5550
5550
5552
5554
5554
5554
5554
5556
5556
5558
5558
5560
5562
5562
5562
5566
5566
5572
5574
5574
5576
5576
5578
5582
5586
5586
5586
5588
5588
5590
5590
5592
5592
5598
5600
5600
5604
5608
5610
5610
5612
5614
5616
5616
5618
5620
5626
5626
5626
5626
5628
5628
5630
5632
5632
5634
5636
5636
5636
5636
5638
5640
5640
5640
5640
5642
5642
5644
5644
5646
5648
5648
5650
5650
5652
5652
5656
5656
5658
5658
5658
5660
5662
5664
5666
5668
5668
5670
5672
5674
5676
5680
5680
5682
5684
5686
5686
5686
5690
5690
5694
5698
5700
5700
5706
5706
5706
5708
5708
5710
5712
5714
5714
5714
5716
5718
5718
5720
5720
5724
5724
5724
5726
5728
5728
5728
5730
5736
5736
5738
5738
5740
5742
5742
5744
5746
5752
5752
5754
5754
5756
5756
5756
5758
5762
5766
5768
5774
5774
5776
5778
5778
5780
5786
5786
5790
5792
5792
5796
5796
5796
5798
5798
5798
5802
5806
5808
5810
5818
5818
5822
5822
5822
5828
5828
5834
5836
5838
5838
5840
5840
5842
5844
5858
5858
5858
5860
5860
5860
5862
5864
5864
5866
5868
5868
5870
5874
5874
5876
5876
5878
5884
5888
5888
5894
5898
5904
5906
5906
5908
5916
5918
5920
5920
5922
5924
5924
5926
5926
5934
5934
5940
5942
5946
5946
5950
5950
5950
5952
5952
5954
5956
5958
5958
5962
5964
5966
5968
5974
5976
5976
5982
5982
5982
5984
5986
5988
5988
5994
5996
5996
5998
6004
6010
6010
6012
6016
6016
6016
6016
6024
6034
6038
6042
6044
6050
6060
6068
6068
6068
6068
6070
6074
6078
6078
6082
6082
6088
6092
6098
6108
6114
6118
6124
6124
6128
6130
6144
6146
6146
6148
6152
6156
6156
6158
6158
6174
6174
6176
6176
6180
6180
6182
6184
6194
6200
6204
6210
6214
6214
6220
6220
6224
6228
6238
6244
6256
6258
6260
6278
6280
6280
6284
6284
6290
6290
6292
6294
6298
6302
6306
6312
6322
6322
6322
6328
6328
6332
6356
6362
6368
6368
6410
6418
6434
6468
6470
6478
6478
6494
6496
6512
6524
6536
6536
6544
6570
6582
6584
6586
6600
6614
6616
6616
6618
6656
6660
6666
6696
6722
6730
6736
6764
6792
6822
6826
6834
6876
6928
6936
6942
6960
7040
7050
7060
7100
7250
7264
7292
7430
7434
7526
7724
7882
7972
8032
8162
8304
8354
8498
8786
8978
9154
9266
9392
9456
9894
10130
10144
10220
10722
11060
11066
11144
11204
11228
11474
11724
11836
11874
12050
12102
12282
12452
12524
12570
12630
12766
12912
12928
13200
13874
14062
14286
14430
14460
14472
14568
15150
15188
15346
15594
15986
16978
17580
18702
18772
18858
19118
19364
20388
21440
22256
22894
23012
24198
24626
24642
24964
25092
25826
28362
29124
29192
29340
30266
31684
32006
32750
33106
33800
34536
35898
36926
37296
45236
79566
