Latencies
4998
5036
5040
5040
5040
5050
5058
5062
5062
5064
5072
5072
5074
5080
5082
5082
5084
5092
5094
5096
5096
5098
5102
5102
5102
5102
5104
5106
5106
5108
5114
5114
5114
5114
5120
5122
5124
5124
5126
5128
5128
5128
5128
5132
5132
5134
5134
5136
5136
5136
5140
5140
5140
5140
5140
5142
5142
5144
5144
5146
5146
5148
5148
5148
5148
5148
5148
5150
5150
5150
5152
5154
5154
5154
5156
5156
5162
5162
5162
5162
5164
5166
5168
5168
5170
5170
5170
5172
5174
5174
5174
5176
5176
5178
5178
5180
5182
5184
5184
5186
5186
5186
5188
5188
5188
5190
5192
5192
5192
5194
5194
5194
5194
5196
5196
5198
5198
5198
5198
5198
5198
5198
5200
5200
5200
5202
5202
5204
5204
5204
5204
5206
5206
5206
5206
5208
5208
5208
5208
5210
5212
5212
5212
5212
5212
5212
5214
5214
5214
5214
5216
5216
5216
5216
5216
5216
5216
5218
5218
5218
5218
5218
5220
5220
5222
5222
5222
5222
5222
5222
5222
5222
5224
5226
5226
5226
5228
5228
5228
5230
5230
5230
5232
5232
5234
5236
5236
5238
5238
5238
5240
5240
5240
5240
5240
5240
5242
5242
5242
5242
5242
5242
5242
5244
5244
5244
5244
5244
5246
5246
5246
5248
5248
5248
5248
5250
5250
5250
5252
5252
5252
5252
5254
5254
5254
5256
5256
5256
5256
5258
5258
5258
5258
5258
5260
5260
5260
5262
5262
5262
5262
5262
5262
5262
5264
5264
5264
5264
5266
5266
5266
5266
5266
5266
5268
5268
5268
5268
5270
5270
5270
5270
5270
5270
5270
5272
5272
5272
5272
5274
5274
5274
5274
5274
5276
5276
5276
5276
5278
5278
5278
5278
5280
5280
5280
5280
5280
5280
5280
5282
5282
5282
5282
5284
5284
5284
5284
5284
5286
5286
5286
5286
5286
5288
5288
5288
5288
5290
5290
5292
5292
5292
5292
5294
5294
5294
5296
5296
5296
5296
5296
5296
5296
5296
5298
5300
5300
5300
5300
5300
5300
5302
5302
5302
5302
5302
5302
5304
5304
5306
5306
5306
5306
5308
5308
5308
5308
5310
5312
5312
5312
5312
5314
5314
5314
5316
5316
5316
5316
5318
5318
5318
5318
5320
5320
5322
5322
5322
5324
5324
5324
5326
5326
5328
5328
5330
5330
5330
5332
5332
5334
5334
5334
5336
5336
5336
5338
5340
5342
5342
5344
5344
5344
5346
5346
5346
5346
5346
5348
5348
5350
5350
5352
5352
5352
5354
5354
5354
5356
5356
5356
5356
5358
5358
5358
5362
5362
5362
5364
5366
5366
5368
5368
5368
5370
5370
5372
5372
5374
5374
5374
5374
5374
5376
5376
5376
5378
5380
5384
5384
5386
5386
5386
5386
5388
5388
5390
5390
5390
5392
5392
5392
5396
5398
5400
5400
5400
5400
5402
5402
5402
5402
5404
5406
5406
5406
5408
5410
5414
5414
5416
5418
5418
5418
5420
5422
5422
5422
5424
5426
5426
5426
5426
5428
5430
5430
5432
5432
5432
5432
5436
5436
5438
5440
5440
5440
5440
5444
5444
5446
5446
5448
5448
5450
5450
5452
5452
5456
5458
5458
5458
5460
5460
5460
5462
5462
5462
5464
5464
5466
5468
5468
5468
5468
5470
5472
5472
5472
5474
5478
5480
5480
5480
5482
5484
5484
5490
5492
5494
5494
5496
5496
5498
5498
5498
5498
5502
5502
5502
5502
5502
5504
5504
5508
5510
5510
5512
5512
5514
5514
5514
5514
5518
5522
5522
5524
5528
5530
5534
5536
5536
5542
5544
5544
5544
5544
5546
5548
5550
5554
5556
5558
5558
5562
5564
5564
5564
5568
5568
5570
5570
5576
5576
5578
5578
5578
5584
5584
5584
5586
5586
5588
5590
5592
5594
5596
5596
5602
5602
5604
5606
5606
5608
5610
5610
5610
5610
5612
5612
5612
5618
5620
5620
5626
5626
5632
5632
5634
5634
5636
5640
5640
5642
5648
5648
5650
5654
5670
5670
5670
5672
5678
5678
5680
5684
5686
5688
5692
5696
5696
5698
5700
5702
5704
5706
5708
5708
5710
5716
5716
5724
5724
5726
5728
5728
5730
5732
5738
5740
5744
5744
5748
5750
5754
5758
5760
5762
5762
5764
5764
5770
5772
5774
5774
5774
5776
5778
5780
5780
5784
5784
5786
5792
5792
5792
5796
5800
5802
5806
5808
5810
5812
5812
5812
5816
5818
5818
5818
5820
5822
5822
5822
5824
5828
5830
5836
5838
5840
5842
5842
5844
5844
5848
5850
5850
5854
5858
5862
5864
5868
5868
5872
5874
5880
5880
5880
5880
5882
5884
5884
5886
5888
5898
5904
5906
5910
5916
5924
5926
5928
5930
5930
5932
5932
5932
5934
5934
5936
5940
5940
5946
5946
5948
5950
5960
5960
5962
5964
5966
5970
5974
5976
5982
5986
5990
5990
5992
5998
6008
6008
6010
6014
6014
6018
6024
6024
6024
6026
6036
6036
6038
6038
6040
6040
6040
6042
6044
6048
6048
6048
6050
6054
6056
6060
6060
6062
6062
6062
6064
6066
6070
6074
6082
6084
6086
6094
6094
6096
6100
6100
6104
6106
6106
6106
6112
6116
6118
6118
6124
6130
6132
6132
6138
6140
6182
6184
6196
6202
6202
6244
6254
6266
6272
6290
6292
6302
6312
6320
6320
6324
6346
6382
6458
6458
6460
6462
6486
6488
6488
6508
6516
6552
6556
6606
6616
6618
6628
6642
6666
6712
6760
6826
6842
6874
6902
6930
6980
7126
7132
7136
7192
7308
7430
7436
7750
7808
7966
8248
8644
8718
8800
9058
9170
9212
9482
9754
9772
9994
10050
10224
10374
10468
10890
10914
11394
11784
11790
11792
11890
12218
12244
12294
12342
12376
12458
12594
13480
13520
13700
13742
13792
13924
13996
14172
14246
14378
14432
14486
14522
14582
14590
14830
14838
15120
15234
15296
15810
16092
16106
16340
16478
17112
17196
19380
20808
21004
21608
21758
21890
22074
22108
22110
22706
23256
23322
23386
23440
24880
25132
25268
25668
25728
25788
25942
27708
28590
28654
29352
30200
32174
32608
36212
36714
37156
37630
50728
52134
138420
