Latencies
5152
5230
5242
5254
5260
5268
5276
5276
5278
5280
5286
5288
5292
5294
5302
5304
5310
5314
5316
5318
5320
5322
5324
5328
5328
5330
5330
5330
5332
5332
5332
5338
5340
5342
5342
5344
5344
5346
5348
5348
5348
5350
5350
5350
5352
5354
5360
5360
5362
5362
5362
5362
5364
5364
5366
5366
5368
5368
5368
5370
5370
5370
5370
5370
5374
5374
5374
5374
5376
5376
5376
5376
5380
5380
5382
5382
5382
5384
5384
5384
5384
5384
5384
5386
5386
5386
5386
5388
5388
5388
5390
5390
5390
5390
5392
5392
5392
5394
5394
5396
5396
5396
5398
5400
5400
5400
5402
5402
5402
5404
5404
5404
5404
5406
5406
5408
5410
5410
5410
5410
5410
5410
5412
5416
5416
5418
5422
5422
5424
5424
5426
5426
5426
5426
5428
5428
5428
5428
5430
5432
5432
5432
5434
5434
5434
5434
5434
5434
5434
5436
5436
5438
5438
5438
5440
5440
5440
5440
5440
5440
5440
5440
5442
5442
5442
5442
5444
5444
5444
5446
5446
5448
5448
5450
5450
5450
5450
5452
5452
5452
5452
5452
5452
5452
5454
5454
5454
5454
5454
5456
5456
5456
5456
5456
5458
5458
5458
5460
5460
5460
5460
5460
5462
5462
5464
5464
5464
5464
5464
5466
5466
5466
5466
5466
5466
5466
5468
5468
5468
5470
5470
5470
5472
5472
5472
5472
5472
5472
5472
5472
5472
5472
5474
5474
5474
5474
5474
5476
5476
5478
5480
5480
5480
5482
5482
5482
5482
5484
5484
5484
5484
5484
5484
5484
5486
5486
5486
5488
5488
5488
5488
5488
5488
5490
5490
5490
5490
5492
5492
5492
5492
5492
5492
5494
5494
5494
5494
5496
5496
5496
5496
5496
5496
5498
5498
5498
5498
5498
5500
5500
5502
5504
5506
5506
5506
5506
5510
5512
5512
5512
5512
5512
5512
5514
5514
5516
5516
5516
5516
5518
5518
5518
5518
5520
5520
5520
5522
5522
5522
5522
5524
5524
5524
5524
5524
5526
5526
5526
5526
5528
5528
5528
5528
5528
5530
5530
5530
5532
5534
5534
5534
5534
5534
5536
5536
5536
5536
5540
5540
5540
5540
5542
5542
5542
5542
5542
5542
5544
5544
5546
5546
5548
5548
5548
5550
5550
5552
5554
5554
5554
5556
5556
5556
5558
5560
5560
5562
5562
5562
5562
5564
5564
5566
5566
5566
5566
5566
5568
5568
5570
5572
5572
5574
5576
5576
5578
5578
5580
5580
5580
5580
5584
5584
5586
5590
5592
5592
5592
5594
5594
5594
5594
5598
5600
5600
5600
5600
5602
5602
5602
5602
5604
5604
5606
5610
5610
5610
5610
5610
5610
5610
5614
5616
5620
5622
5624
5624
5624
5624
5624
5626
5628
5628
5628
5628
5630
5632
5632
5632
5632
5634
5634
5634
5634
5634
5634
5634
5636
5636
5636
5638
5638
5638
5640
5640
5640
5640
5642
5644
5648
5650
5650
5652
5652
5654
5656
5656
5656
5658
5660
5662
5666
5668
5670
5670
5672
5672
5674
5674
5676
5678
5680
5680
5680
5682
5682
5684
5686
5686
5688
5690
5692
5692
5694
5694
5696
5700
5700
5702
5704
5704
5704
5706
5706
5706
5708
5708
5708
5710
5710
5712
5712
5714
5718
5718
5718
5718
5720
5720
5720
5722
5722
5724
5724
5724
5726
5728
5730
5730
5730
5730
5730
5732
5732
5734
5736
5738
5738
5738
5740
5744
5744
5744
5744
5744
5746
5748
5750
5754
5754
5754
5756
5756
5760
5762
5766
5768
5768
5768
5770
5770
5770
5770
5772
5772
5774
5776
5776
5778
5780
5782
5782
5784
5784
5786
5786
5786
5788
5788
5788
5790
5790
5790
5792
5792
5796
5800
5800
5802
5806
5810
5812
5812
5816
5816
5816
5818
5818
5818
5820
5820
5822
5822
5822
5822
5824
5826
5830
5832
5834
5834
5834
5834
5836
5840
5842
5842
5842
5844
5850
5850
5852
5852
5852
5852
5856
5856
5856
5860
5860
5860
5860
5860
5860
5864
5864
5866
5866
5866
5866
5868
5870
5870
5874
5874
5874
5876
5878
5878
5878
5880
5884
5884
5884
5886
5886
5886
5886
5886
5886
5888
5888
5890
5892
5894
5894
5896
5898
5898
5898
5900
5902
5904
5910
5910
5912
5912
5912
5912
5912
5912
5914
5916
5916
5920
5922
5922
5924
5924
5930
5932
5932
5932
5932
5932
5934
5936
5936
5936
5938
5938
5938
5938
5940
5940
5940
5940
5942
5942
5944
5944
5948
5948
5948
5952
5956
5958
5960
5966
5966
5966
5968
5972
5972
5976
5976
5978
5980
5980
5982
5982
5984
5990
5992
5992
5994
5994
5996
5996
5998
5998
5998
6002
6004
6004
6006
6010
6012
6016
6016
6016
6018
6020
6020
6022
6022
6024
6024
6024
6026
6030
6032
6038
6040
6042
6046
6046
6046
6048
6048
6048
6050
6054
6054
6054
6056
6056
6062
6062
6064
6066
6068
6068
6068
6070
6074
6076
6080
6080
6082
6082
6084
6084
6088
6096
6096
6100
6102
6102
6102
6104
6106
6106
6108
6108
6108
6108
6108
6112
6114
6116
6116
6116
6116
6118
6126
6130
6130
6136
6138
6140
6140
6140
6142
6146
6148
6150
6152
6152
6156
6160
6162
6162
6166
6166
6168
6170
6172
6176
6178
6182
6188
6190
6190
6192
6194
6196
6198
6202
6202
6202
6202
6208
6210
6212
6214
6214
6216
6216
6218
6224
6224
6228
6230
6234
6240
6244
6248
6250
6254
6254
6258
6260
6262
6264
6264
6268
6268
6268
6268
6276
6278
6282
6288
6290
6292
6294
6300
6304
6308
6308
6316
6330
6332
6332
6336
6352
6354
6360
6364
6376
6378
6384
6388
6390
6392
6394
6396
6402
6404
6418
6424
6438
6440
6450
6466
6468
6468
6484
6498
6498
6500
6506
6518
6524
6546
6562
6568
6570
6574
6588
6590
6600
6620
6674
6676
6680
6682
6686
6704
6744
6750
6768
6776
6894
6916
6930
6942
6944
6986
7008
7012
7020
7030
7042
7046
7098
7102
7116
7210
7292
7404
7732
7994
8062
8096
8590
9118
9252
9366
10792
11062
12676
12910
13122
13714
14272
14974
15020
17004
17892
18468
18974
19208
25216
25410
25860
27270
29842
31876
