Latencies
5184
5184
5226
5238
5240
5256
5262
5266
5274
5278
5278
5280
5288
5292
5294
5294
5296
5298
5302
5308
5310
5312
5316
5316
5322
5322
5324
5326
5326
5326
5328
5328
5330
5330
5334
5336
5336
5338
5338
5340
5340
5342
5346
5348
5350
5350
5350
5352
5354
5354
5354
5356
5356
5356
5358
5360
5360
5360
5366
5366
5368
5372
5374
5374
5374
5376
5376
5376
5378
5378
5378
5380
5380
5380
5382
5384
5384
5384
5384
5386
5386
5386
5386
5388
5388
5390
5392
5392
5392
5392
5394
5396
5396
5398
5400
5400
5400
5400
5400
5402
5402
5402
5404
5406
5408
5408
5408
5408
5408
5408
5410
5410
5412
5414
5414
5416
5416
5418
5418
5418
5418
5420
5422
5422
5424
5424
5424
5424
5426
5426
5426
5428
5428
5428
5428
5428
5430
5430
5430
5430
5430
5432
5432
5432
5432
5432
5434
5434
5436
5436
5436
5436
5438
5438
5438
5440
5442
5442
5444
5446
5446
5446
5446
5448
5448
5450
5450
5450
5450
5450
5450
5452
5452
5454
5454
5454
5456
5456
5456
5456
5458
5458
5458
5458
5460
5460
5462
5462
5462
5462
5462
5462
5464
5464
5464
5466
5466
5470
5470
5472
5472
5472
5472
5472
5474
5474
5476
5476
5478
5478
5480
5480
5480
5482
5484
5484
5484
5486
5488
5488
5490
5490
5490
5490
5492
5492
5492
5494
5494
5494
5496
5496
5496
5496
5498
5500
5500
5500
5500
5502
5502
5502
5502
5502
5502
5504
5506
5506
5506
5506
5506
5508
5508
5508
5508
5508
5510
5510
5510
5512
5512
5512
5514
5516
5516
5518
5518
5518
5520
5522
5522
5522
5524
5524
5524
5524
5524
5526
5526
5526
5526
5528
5528
5528
5530
5530
5532
5532
5532
5532
5532
5532
5534
5536
5538
5538
5540
5540
5540
5542
5542
5542
5544
5544
5544
5546
5546
5548
5548
5548
5548
5548
5550
5550
5550
5550
5552
5552
5552
5552
5552
5554
5554
5554
5554
5554
5556
5556
5556
5556
5556
5556
5558
5558
5558
5558
5560
5560
5562
5562
5562
5562
5562
5564
5564
5564
5564
5566
5568
5568
5568
5570
5570
5572
5574
5574
5576
5576
5578
5578
5580
5580
5582
5582
5582
5584
5584
5584
5584
5584
5584
5584
5586
5586
5586
5586
5590
5590
5590
5592
5592
5592
5592
5592
5592
5594
5594
5596
5596
5596
5598
5598
5600
5600
5602
5602
5604
5604
5604
5604
5604
5606
5608
5608
5610
5612
5614
5616
5618
5618
5618
5618
5618
5620
5622
5622
5622
5624
5626
5628
5628
5630
5630
5630
5632
5632
5634
5634
5634
5634
5634
5638
5638
5640
5640
5640
5642
5642
5646
5648
5650
5650
5652
5654
5654
5658
5658
5660
5662
5666
5666
5666
5670
5670
5670
5672
5674
5678
5678
5678
5680
5680
5682
5682
5682
5682
5682
5684
5686
5688
5688
5688
5690
5690
5692
5692
5694
5694
5698
5700
5702
5702
5702
5704
5704
5704
5706
5708
5710
5710
5710
5710
5712
5714
5714
5716
5716
5718
5718
5720
5720
5722
5726
5726
5728
5728
5732
5732
5734
5734
5734
5734
5736
5736
5736
5736
5736
5740
5740
5742
5742
5742
5744
5744
5748
5748
5750
5752
5754
5754
5756
5756
5758
5758
5760
5760
5760
5764
5766
5770
5770
5776
5776
5780
5780
5782
5784
5784
5784
5784
5788
5792
5792
5796
5800
5802
5804
5810
5810
5810
5812
5816
5816
5816
5820
5822
5824
5826
5826
5828
5828
5830
5830
5832
5832
5836
5836
5840
5840
5844
5844
5846
5854
5854
5856
5856
5856
5860
5862
5862
5872
5872
5874
5876
5878
5878
5878
5878
5882
5884
5886
5890
5890
5890
5892
5892
5892
5894
5896
5896
5900
5900
5902
5908
5910
5914
5916
5918
5922
5924
5926
5926
5926
5928
5928
5930
5930
5930
5932
5934
5942
5942
5944
5952
5952
5954
5956
5958
5960
5960
5962
5962
5966
5972
5972
5974
5974
5976
5976
5978
5980
5986
5986
5988
5988
5988
5990
5996
5998
5998
5998
6000
6000
6004
6004
6006
6006
6010
6014
6018
6018
6020
6020
6020
6020
6022
6026
6026
6026
6026
6026
6028
6030
6030
6036
6038
6040
6040
6042
6042
6046
6050
6052
6052
6052
6054
6060
6062
6062
6062
6072
6074
6076
6076
6076
6078
6082
6086
6086
6086
6092
6092
6094
6094
6096
6098
6100
6104
6106
6108
6112
6114
6116
6122
6126
6128
6128
6130
6134
6136
6140
6140
6140
6142
6144
6146
6148
6150
6150
6152
6156
6162
6162
6164
6166
6178
6184
6188
6190
6190
6192
6194
6196
6198
6200
6204
6206
6206
6212
6216
6236
6244
6244
6244
6246
6246
6248
6248
6250
6252
6254
6254
6254
6254
6258
6262
6264
6264
6266
6268
6278
6278
6280
6288
6292
6306
6306
6308
6308
6310
6312
6314
6316
6318
6322
6324
6334
6336
6342
6350
6350
6352
6370
6374
6378
6378
6378
6380
6382
6394
6396
6398
6410
6414
6414
6416
6418
6428
6434
6434
6440
6442
6448
6450
6490
6534
6548
6566
6608
6622
6626
6640
6642
6670
6678
6688
6692
6698
6700
6708
6720
6738
6784
6804
6804
6834
6836
6846
6848
6848
6854
6862
6918
6936
6976
6980
7028
7030
7190
7208
7212
7214
7248
7278
7314
7336
7398
7448
7466
7546
7786
7854
7912
8100
8558
8922
8968
9410
9646
9652
9758
9774
10236
10424
10468
10500
10538
10686
11226
11308
11468
11626
11660
11716
11764
11774
12112
12322
12480
12610
12642
13316
14242
14338
14428
14456
14598
14614
14686
14790
14952
14964
15006
15476
16618
16820
17442
18496
20750
24272
24984
25342
25528
25812
25856
27722
29170
30836
31450
33742
35050
35854
