Latencies
5056
5090
5090
5092
5110
5114
5120
5124
5126
5138
5140
5150
5156
5156
5160
5160
5162
5166
5168
5168
5170
5172
5174
5178
5180
5182
5184
5186
5186
5186
5188
5192
5192
5192
5194
5196
5196
5196
5198
5198
5198
5198
5198
5198
5200
5200
5200
5202
5202
5202
5204
5204
5206
5208
5208
5208
5208
5210
5210
5210
5210
5212
5212
5212
5212
5212
5214
5214
5214
5216
5216
5216
5218
5218
5218
5218
5218
5220
5220
5220
5220
5222
5222
5222
5222
5224
5224
5224
5224
5226
5226
5226
5226
5226
5226
5228
5228
5228
5228
5230
5230
5230
5230
5230
5232
5232
5232
5232
5232
5232
5234
5234
5234
5236
5238
5238
5238
5238
5238
5238
5240
5240
5240
5240
5240
5242
5242
5242
5242
5244
5244
5244
5246
5246
5246
5246
5248
5248
5250
5250
5250
5250
5252
5252
5252
5252
5252
5252
5254
5254
5254
5254
5254
5254
5256
5256
5256
5258
5258
5258
5258
5260
5260
5262
5262
5262
5262
5262
5262
5264
5264
5266
5266
5266
5266
5266
5266
5268
5268
5268
5270
5270
5270
5270
5270
5272
5272
5272
5272
5274
5274
5274
5274
5276
5276
5276
5276
5276
5276
5276
5278
5278
5278
5278
5280
5280
5280
5280
5280
5280
5282
5282
5282
5284
5284
5284
5284
5284
5286
5286
5286
5286
5290
5290
5290
5292
5292
5294
5294
5294
5294
5294
5294
5294
5294
5294
5296
5296
5298
5298
5298
5298
5298
5300
5300
5300
5300
5302
5302
5304
5304
5304
5304
5306
5306
5306
5306
5306
5308
5310
5310
5310
5314
5314
5314
5314
5314
5314
5316
5316
5316
5316
5316
5318
5318
5318
5318
5318
5320
5320
5320
5320
5320
5320
5320
5320
5320
5322
5322
5322
5322
5322
5322
5322
5322
5322
5322
5322
5322
5324
5324
5324
5324
5326
5326
5326
5326
5326
5328
5328
5328
5328
5328
5328
5328
5330
5336
5336
5338
5338
5338
5340
5340
5340
5340
5340
5340
5342
5342
5342
5344
5344
5344
5344
5344
5346
5346
5346
5346
5346
5348
5348
5348
5348
5350
5350
5350
5350
5352
5352
5352
5354
5354
5354
5354
5356
5356
5358
5358
5360
5360
5360
5362
5362
5362
5364
5364
5364
5364
5364
5364
5364
5366
5366
5366
5368
5370
5370
5370
5372
5372
5372
5372
5374
5374
5376
5376
5376
5378
5380
5380
5382
5382
5382
5384
5384
5384
5384
5390
5390
5390
5390
5394
5394
5394
5394
5396
5396
5396
5398
5400
5400
5400
5400
5404
5404
5406
5408
5410
5410
5410
5410
5412
5412
5414
5414
5416
5416
5416
5418
5418
5418
5420
5420
5424
5424
5424
5424
5424
5426
5430
5430
5432
5432
5432
5434
5436
5436
5438
5438
5440
5442
5444
5444
5444
5444
5446
5446
5448
5448
5450
5452
5454
5454
5456
5458
5460
5460
5462
5464
5464
5466
5468
5468
5468
5468
5470
5470
5470
5470
5470
5472
5474
5476
5476
5478
5478
5480
5480
5482
5482
5488
5488
5488
5488
5488
5490
5490
5492
5492
5494
5496
5498
5500
5500
5500
5502
5504
5506
5506
5508
5508
5508
5510
5514
5514
5514
5516
5520
5520
5522
5524
5526
5526
5526
5528
5528
5530
5530
5530
5534
5534
5534
5534
5536
5536
5538
5538
5540
5540
5542
5542
5544
5544
5546
5548
5548
5548
5548
5550
5556
5558
5558
5558
5560
5566
5568
5568
5568
5570
5570
5572
5574
5574
5574
5574
5580
5580
5582
5582
5582
5582
5586
5586
5588
5588
5588
5590
5592
5594
5596
5596
5598
5600
5600
5600
5600
5602
5610
5618
5618
5620
5620
5620
5620
5622
5628
5628
5630
5630
5632
5634
5636
5638
5640
5642
5642
5642
5642
5644
5644
5650
5650
5652
5652
5652
5666
5666
5668
5668
5668
5672
5674
5674
5676
5678
5680
5680
5680
5682
5684
5684
5686
5686
5690
5690
5690
5692
5692
5694
5694
5694
5696
5700
5700
5702
5702
5704
5706
5706
5708
5710
5712
5712
5714
5716
5716
5718
5720
5724
5726
5730
5732
5734
5734
5734
5734
5736
5736
5738
5738
5740
5740
5740
5740
5744
5746
5748
5748
5750
5752
5752
5754
5754
5758
5766
5766
5768
5770
5772
5776
5778
5784
5790
5790
5790
5792
5796
5796
5798
5800
5802
5806
5810
5814
5814
5814
5820
5822
5832
5834
5834
5834
5838
5846
5854
5858
5860
5866
5868
5870
5874
5874
5874
5878
5880
5882
5882
5886
5886
5886
5890
5892
5892
5892
5894
5894
5896
5898
5902
5904
5906
5906
5908
5908
5912
5912
5914
5914
5916
5916
5918
5922
5924
5928
5928
5928
5934
5936
5938
5942
5942
5942
5944
5946
5946
5948
5950
5952
5952
5956
5960
5964
5964
5964
5964
5966
5970
5970
5970
5970
5976
5976
5978
5982
5984
5986
5986
5988
5992
5992
5994
5996
5996
5996
5996
6000
6002
6006
6010
6014
6016
6016
6016
6016
6018
6020
6022
6024
6026
6030
6030
6034
6034
6036
6044
6044
6048
6052
6052
6064
6064
6070
6072
6076
6082
6082
6086
6086
6086
6088
6090
6100
6104
6108
6114
6114
6122
6124
6126
6126
6126
6134
6142
6144
6146
6148
6150
6162
6164
6166
6170
6172
6172
6174
6184
6184
6186
6206
6210
6210
6218
6228
6228
6234
6236
6244
6244
6250
6252
6262
6282
6284
6284
6288
6288
6290
6308
6320
6326
6350
6352
6364
6364
6376
6376
6376
6386
6386
6416
6422
6422
6424
6424
6436
6446
6458
6464
6482
6508
6518
6526
6530
6544
6548
6558
6566
6568
6568
6580
6602
6608
6612
6612
6620
6622
6642
6654
6670
6710
6738
6754
6778
6782
6792
6798
6798
6802
6812
6834
6838
6844
6852
6878
6886
6892
6986
6998
7000
7040
7072
7106
7110
7236
7354
7396
7464
7474
7492
7570
7756
7804
8246
8446
8626
9010
9708
9836
9940
9958
10250
10258
10440
10442
11328
11336
11554
12028
12492
13044
13370
13744
14442
14594
14644
16038
18250
18930
18994
20014
20576
20898
20944
21324
22312
23026
27554
27762
27902
28076
29388
29462
30986
31892
32384
34294
36306
37732
57446
113976
