Latencies
5346
5372
5392
5402
5414
5420
5420
5426
5428
5440
5440
5448
5450
5458
5460
5464
5466
5468
5478
5480
5486
5488
5490
5492
5494
5498
5500
5502
5504
5504
5506
5514
5516
5516
5518
5520
5520
5520
5522
5526
5526
5532
5532
5532
5534
5534
5536
5542
5542
5544
5546
5548
5548
5550
5550
5554
5556
5558
5560
5560
5564
5566
5568
5568
5574
5574
5578
5580
5584
5600
5606
5606
5618
5620
5624
5630
5630
5634
5634
5642
5646
5652
5656
5658
5668
5668
5670
5670
5674
5676
5676
5682
5682
5686
5686
5688
5690
5694
5702
5702
5706
5708
5714
5714
5716
5720
5724
5730
5736
5738
5738
5740
5750
5756
5758
5778
5784
5790
5790
5794
5794
5800
5802
5804
5808
5810
5814
5816
5818
5820
5822
5832
5840
5840
5858
5858
5860
5866
5866
5868
5868
5880
5882
5886
5888
5890
5898
5900
5902
5906
5906
5910
5914
5920
5926
5932
5940
5940
5942
5942
5944
5948
5950
5952
5958
5962
5966
5972
5974
5978
5980
5984
6000
6002
6004
6006
6008
6010
6020
6026
6028
6028
6028
6032
6040
6042
6044
6044
6048
6050
6050
6058
6062
6062
6064
6070
6078
6080
6086
6094
6100
6106
6108
6112
6118
6120
6124
6126
6134
6146
6148
6152
6160
6178
6178
6196
6200
6202
6206
6208
6210
6212
6212
6212
6216
6218
6218
6232
6234
6240
6246
6256
6262
6270
6274
6288
6288
6290
6308
6340
6342
6344
6366
6368
6390
6398
6398
6404
6410
6410
6412
6422
6424
6428
6434
6440
6442
6442
6452
6454
6472
6474
6478
6530
6534
6546
6578
6582
6610
6610
6612
6628
6638
6652
6658
6664
6686
6700
6702
6706
6708
6718
6732
6750
6752
6774
6812
6816
6836
6858
6872
6878
6884
6908
6908
6924
6930
6952
6968
7052
7054
7072
7078
7078
7078
7098
7112
7114
7118
7120
7120
7122
7142
7156
7168
7176
7186
7196
7250
7250
7254
7254
7260
7288
7302
7316
7328
7374
7380
7390
7408
7418
7422
7434
7452
7462
7466
7466
7468
7476
7506
7516
7530
7558
7560
7568
7568
7582
7608
7638
7648
7650
7666
7674
7676
7690
7698
7720
7726
7730
7770
7780
7796
7800
7820
7822
7846
7852
7868
7880
7892
7894
7906
7918
7934
7938
7986
8006
8012
8016
8018
8034
8086
8092
8122
8128
8134
8158
8158
8174
8204
8206
8254
8260
8280
8288
8312
8316
8326
8352
8382
8384
8386
8404
8412
8444
8496
8510
8522
8530
8548
8552
8554
8614
8640
8714
8716
8744
8752
8836
8838
8872
8894
8900
8902
8978
8978
8978
8986
9002
9010
9020
9050
9076
9078
9118
9130
9154
9158
9190
9194
9196
9198
9202
9228
9276
9284
9324
9332
9336
9336
9350
9354
9368
9372
9374
9406
9436
9438
9442
9452
9472
9474
9584
9588
9598
9638
9666
9668
9670
9674
9676
9730
9746
9754
9756
9758
9782
9804
9822
9836
9836
9838
9838
9864
9874
9898
9918
9918
9928
9930
9934
9938
9938
9946
9954
9972
9980
9988
9994
10014
10026
10038
10052
10052
10082
10086
10102
10104
10118
10142
10142
10144
10186
10240
10252
10264
10284
10300
10354
10374
10398
10488
10492
10534
10534
10544
10546
10558
10582
10602
10604
10616
10624
10650
10654
10676
10676
10702
10718
10730
10734
10750
10752
10762
10768
10792
10802
10884
10898
10916
10916
10958
10972
10974
10982
10986
11046
11126
11130
11164
11166
11182
11190
11198
11208
11248
11254
11254
11292
11296
11302
11302
11302
11324
11334
11334
11346
11360
11364
11412
11416
11422
11424
11432
11454
11456
11498
11530
11538
11568
11578
11604
11606
11620
11622
11624
11664
11680
11684
11718
11728
11768
11776
11780
11786
11788
11806
11808
11816
11870
11906
11914
11916
11942
11950
11960
11966
11968
11974
11982
12008
12020
12022
12048
12050
12058
12094
12114
12116
12116
12124
12130
12144
12156
12192
12194
12210
12258
12258
12298
12302
12384
12392
12432
12482
12490
12502
12514
12514
12516
12540
12540
12558
12566
12576
12608
12618
12632
12638
12646
12728
12740
12764
12784
12790
12804
12814
12840
12858
12888
12892
12906
12908
12926
12934
13000
13024
13030
13046
13092
13092
13120
13134
13144
13158
13164
13166
13194
13212
13214
13236
13266
13298
13338
13354
13374
13378
13436
13484
13486
13492
13510
13510
13528
13552
13562
13562
13564
13568
13570
13572
13576
13604
13608
13626
13638
13658
13664
13664
13694
13702
13710
13768
13770
13776
13778
13786
13788
13824
13828
13838
13876
13886
13886
13906
13924
13928
13930
13942
13950
13978
14040
14054
14086
14092
14108
14112
14118
14136
14136
14138
14156
14176
14186
14202
14224
14228
14236
14238
14274
14304
14308
14314
14322
14338
14348
14352
14354
14356
14360
14362
14364
14366
14384
14388
14398
14416
14422
14462
14466
14468
14474
14482
14492
14496
14512
14514
14516
14526
14530
14540
14540
14542
14548
14550
14558
14564
14602
14604
14608
14608
14638
14654
14656
14682
14688
14690
14694
14702
14702
14712
14730
14732
14740
14742
14772
14780
14782
14792
14792
14796
14802
14812
14822
14832
14834
14838
14846
14854
14856
14868
14886
14890
14900
14912
14936
14942
14964
14966
14982
14986
14986
14990
14992
14994
15000
15002
15002
15008
15018
15024
15030
15030
15032
15042
15044
15046
15048
15056
15058
15066
15068
15068
15076
15076
15078
15082
15084
15094
15100
15104
15108
15108
15126
15130
15136
15136
15142
15142
15144
15156
15166
15174
15176
15184
15186
15190
15196
15200
15212
15226
15228
15228
15232
15236
15250
15250
15252
15258
15258
15260
15266
15274
15288
15296
15306
15312
15324
15324
15346
15348
15354
15374
15376
15394
15400
15412
15416
15434
15448
15456
15460
15468
15474
15492
15502
15534
15538
15550
15562
15564
15598
15600
15600
15606
15616
15630
15644
15652
15674
15678
15714
15718
15720
15726
15738
15750
15756
15824
15850
15870
15882
15904
15924
15952
15974
15978
16012
16052
16056
16076
16174
16320
16382
19136
19246
21376
21392
23954
23968
24382
24472
24686
24736
24812
24824
24872
25056
25072
25154
25182
25184
25300
25656
25912
26696
28876
34148
34596
39406
96368
643948
10190786
17851702
