Latencies
5314
5414
5414
5590
5644
5646
5662
5682
5708
5746
5776
5808
5878
5942
5962
5988
6144
6196
6200
6212
6250
6292
6424
6468
6556
6580
6606
6734
6746
6778
6786
6792
6808
6864
6886
6918
7200
7504
7520
7692
7862
7966
8022
8078
8360
8454
8592
8598
8664
8942
9032
9096
9122
9136
9316
9344
9382
9396
9404
9436
9832
9858
9932
10184
10588
11534
11620
11670
11676
11800
11806
12054
12290
12424
12488
12612
12686
12754
12908
13030
13448
13498
13766
14060
14326
14376
14420
14508
14548
14550
14648
14720
14780
14848
14998
15066
15072
15076
15078
15202
15244
15258
15276
15308
15372
15424
15610
15810
15858
16060
16074
16082
16130
16174
16304
16314
16338
16362
16376
16466
16586
16670
16690
16740
16752
16798
16814
16880
16912
16996
17272
17274
17572
17650
17706
17710
17730
17734
17748
17764
17798
17842
17842
17844
17898
18032
18044
18084
18120
18292
18310
18334
18358
18598
18602
18646
18700
18846
18948
19012
19030
19066
19192
19216
19370
19472
19488
19506
19578
19708
19752
19836
19878
20074
20090
20100
20266
20374
20390
20432
20562
20606
20658
20668
20692
20772
20774
21180
21210
21280
21306
21322
21364
21420
21438
21516
21612
21634
21710
21798
21846
21946
22120
22290
22328
22476
22550
22590
22636
22834
22882
23000
23120
23140
23226
23336
23450
23486
23540
23568
23608
23816
23932
23938
23974
24044
24122
24184
24236
24294
24392
24418
24426
24524
24528
24538
24590
24632
24664
24686
24712
24732
24744
24750
24760
24760
24776
24820
24846
24848
24872
24892
24892
24902
24910
24916
24920
24930
24944
24946
24968
24970
24992
24996
24996
25000
25008
25020
25044
25084
25106
25106
25110
25122
25144
25150
25168
25202
25204
25208
25228
25230
25234
25238
25242
25254
25272
25272
25290
25314
25316
25318
25318
25364
25368
25370
25370
25398
25446
25562
25578
25698
25712
25770
25784
25788
25808
25830
25848
25988
25990
26010
26158
26266
26350
26392
26450
26460
26532
26566
26588
26684
26710
26778
26808
26818
26908
27192
27224
27388
27650
27728
27730
27852
27948
28034
28080
28240
28258
28374
28438
28454
28488
28492
28598
28612
28626
28648
28758
28812
28862
28956
29060
29280
29314
29572
29608
29714
29740
30690
30740
30846
30854
30938
30940
31162
31164
31198
31318
31340
31460
31508
31628
31638
31696
31706
31858
31902
31920
31950
31994
32142
32152
32298
32314
32326
32334
32422
32650
32692
32784
32810
32886
32988
33034
33070
33130
33136
33142
33170
33176
33202
33292
33412
33432
33462
33466
33586
33600
33656
33672
33772
33780
33808
33846
33940
34008
34020
34024
34132
34152
34168
34194
34238
34250
34260
34294
34312
34346
34354
34366
34378
34382
34408
34436
34478
34478
34494
34498
34502
34508
34512
34514
34514
34548
34550
34558
34580
34592
34600
34612
34640
34674
34676
34676
34680
34694
34698
34708
34720
34726
34742
34748
34756
34764
34784
34786
34814
34818
34820
34860
34862
34878
34882
34918
34956
34960
34982
35104
35124
35126
35140
35168
35194
35230
35232
35274
35284
35298
35456
35462
35518
35546
35662
35720
35816
35832
35928
36000
36022
36184
36328
36328
36332
36364
36486
36486
36686
36786
37066
37086
37458
37462
37514
37618
37810
38112
38350
38366
38456
38558
38720
38812
38836
38982
39022
39440
39440
39754
39998
40132
40148
40256
40272
40332
40352
40710
40812
40866
40918
41176
41288
41682
41746
41912
41944
41982
42154
42204
42244
42408
42472
42786
42856
42886
42916
42926
43146
43234
43302
43342
43384
43508
43660
43662
43938
44032
44040
44126
44184
44192
44254
44274
44374
44392
44458
44502
44620
44652
44734
44746
44828
44924
44952
44970
45158
45214
45236
45236
45312
45772
45816
45858
46218
46280
46298
46386
46494
46668
47166
47416
47630
47654
47830
47936
47942
48180
48184
48616
48698
49016
49168
49180
49604
49726
49884
49972
50228
50894
50946
51016
51202
51290
51674
51718
51790
51874
51982
52124
52238
52334
52408
52560
52686
52716
52882
52948
53018
53134
53224
53226
53226
53298
53332
53446
53518
53524
53556
53610
53654
53768
53780
53792
53804
53810
53816
53822
53834
53848
53854
53888
53890
53920
53926
53954
53958
53960
53970
53972
53984
53992
54016
54110
54132
54156
54276
54292
54306
54334
54340
54376
54434
54492
54514
54530
54580
54692
54724
54786
54886
54890
54902
54928
54980
55002
55142
55156
55176
55260
55298
55756
55890
55898
56198
56248
56256
56276
56390
56908
57076
57456
57766
58230
58336
58356
58534
58690
58728
58824
58938
58952
58982
59026
59176
59562
60198
60308
60512
60518
60814
61316
61442
61560
62078
62380
62406
62526
63092
63168
63218
63258
63308
63512
63582
63592
63658
63804
63808
63826
63934
63946
64070
64112
64134
64136
64202
64258
64342
64380
64452
64474
64512
64666
64726
64948
65040
65048
65108
65490
65494
65674
65748
65816
65896
66250
66252
66308
66508
66814
66984
68006
68382
68556
68632
68986
69090
69092
69198
69522
69788
69950
70196
70432
70436
70816
71114
71160
71266
71378
71728
72214
72504
72510
72608
72662
72760
72800
72840
72886
72974
73042
73062
73082
73100
73166
73208
73258
73258
73302
73312
73344
73350
73378
73388
73408
73442
73500
73504
73518
73524
73528
73590
73594
73606
73618
73628
73644
73648
73652
73674
73690
73692
73702
73716
73718
73734
73772
73800
73826
73856
73900
73900
73922
73942
73958
73970
74092
74112
74120
74122
74182
74216
74268
74318
74366
74368
74400
74492
74498
74566
74712
74742
74886
74938
76022
76056
76232
76542
76896
77020
77182
77576
77580
77724
77876
78256
78468
79030
80722
81108
81188
81562
81628
81772
82336
82666
82742
82772
82854
83088
83188
83288
83356
84142
84904
85154
85318
86148
86318
86786
87630
88138
88656
89100
89230
90220
90460
90544
90858
91210
91336
91534
91790
92322
92344
92354
92498
92500
92508
92552
92610
92664
92762
92766
92822
92882
92908
92916
92928
93016
93032
93106
93128
93168
93200
93218
93230
93264
93274
93330
93350
93350
93362
93470
93502
93514
93560
93598
93644
93708
93850
93858
93954
93986
94322
94324
94356
94462
94818
94920
95224
98360
98380
99522
100258
102800
105666
108044
108974
109042
112438
112592
113324
114028
116794
125498
125786
131224
133596
133764
143108
150500
169666
172658
253772
274104
363234
597904
775624
1481396
