Latencies
5210
5222
5262
5268
5268
5268
5270
5272
5276
5286
5298
5306
5308
5314
5320
5328
5328
5332
5338
5350
5350
5358
5360
5362
5368
5368
5370
5376
5378
5380
5384
5388
5388
5398
5402
5404
5408
5420
5420
5422
5434
5434
5440
5446
5448
5452
5456
5456
5460
5464
5470
5478
5478
5488
5490
5506
5508
5510
5512
5514
5514
5520
5532
5542
5542
5544
5548
5550
5550
5558
5558
5568
5578
5582
5584
5588
5592
5596
5600
5604
5606
5610
5616
5618
5626
5632
5638
5640
5640
5644
5660
5664
5668
5674
5676
5678
5688
5714
5716
5720
5722
5722
5724
5728
5730
5732
5738
5740
5740
5742
5760
5762
5766
5774
5792
5796
5798
5798
5800
5814
5824
5826
5842
5848
5852
5854
5870
5874
5876
5882
5886
5898
5902
5904
5908
5910
5914
5914
5930
5950
5950
5952
5954
5960
5962
5966
5968
5974
5974
5978
5988
5988
5996
6004
6006
6036
6044
6056
6058
6058
6076
6086
6090
6098
6112
6114
6116
6120
6134
6150
6158
6158
6172
6210
6210
6252
6260
6290
6304
6344
6350
6356
6360
6362
6364
6372
6380
6382
6384
6394
6416
6420
6464
6476
6480
6482
6512
6584
6596
6596
6616
6622
6626
6630
6636
6666
6670
6680
6682
6704
6712
6718
6718
6720
6736
6746
6762
6784
6784
6794
6800
6808
6814
6824
6832
6832
6832
6836
6842
6844
6846
6854
6866
6868
6880
6912
6930
6934
6956
6968
6976
6986
7030
7052
7062
7076
7090
7090
7106
7116
7124
7132
7136
7142
7158
7164
7186
7200
7216
7244
7250
7252
7254
7284
7292
7302
7324
7332
7356
7406
7450
7482
7492
7496
7504
7512
7546
7558
7560
7618
7646
7652
7668
7680
7700
7708
7710
7726
7740
7758
7760
7830
7832
7836
7866
7880
7886
7896
7902
7914
7918
7938
7954
7974
7984
7988
7988
7990
8004
8018
8020
8032
8034
8056
8060
8106
8202
8210
8210
8212
8218
8256
8258
8274
8274
8284
8310
8324
8328
8342
8344
8368
8416
8454
8456
8456
8472
8472
8476
8518
8528
8538
8558
8618
8624
8634
8656
8662
8698
8706
8736
8744
8750
8764
8782
8788
8790
8792
8818
8830
8834
8862
8866
8866
8870
8872
8926
8932
8968
8968
9016
9022
9070
9076
9080
9094
9100
9114
9152
9158
9196
9234
9276
9290
9294
9296
9318
9332
9362
9398
9400
9420
9438
9460
9490
9492
9496
9516
9532
9562
9572
9588
9596
9608
9622
9648
9666
9696
9708
9754
9758
9778
9794
9808
9812
9816
9834
9846
9864
9896
9902
9904
9908
9908
9912
9948
9952
9968
9974
10032
10034
10054
10068
10072
10090
10112
10116
10160
10186
10206
10216
10230
10308
10312
10314
10332
10348
10354
10396
10406
10410
10414
10424
10440
10450
10488
10490
10498
10528
10542
10580
10596
10622
10628
10640
10644
10646
10666
10706
10738
10748
10750
10762
10792
10802
10802
10804
10824
10850
10866
10884
10892
10902
10920
10920
10930
10952
10956
10984
10990
10996
11042
11046
11054
11096
11116
11118
11130
11136
11136
11232
11248
11248
11266
11278
11280
11282
11300
11340
11346
11388
11396
11414
11456
11458
11472
11474
11502
11514
11534
11546
11550
11568
11572
11580
11580
11600
11606
11616
11626
11628
11634
11656
11678
11682
11702
11738
11754
11784
11794
11816
11824
11826
11840
11842
11850
11868
11876
11914
11940
11986
11992
11998
12004
12018
12020
12020
12034
12050
12062
12076
12082
12094
12138
12156
12156
12168
12180
12194
12212
12218
12228
12266
12278
12290
12300
12304
12338
12364
12374
12388
12428
12498
12500
12500
12504
12520
12532
12544
12580
12598
12600
12600
12612
12612
12618
12650
12654
12660
12662
12662
12692
12692
12702
12732
12764
12766
12778
12784
12796
12810
12828
12852
12878
12884
12920
12922
12932
12988
12990
12990
12992
12992
12994
13000
13006
13006
13066
13094
13100
13100
13108
13114
13122
13140
13162
13180
13184
13188
13196
13206
13208
13250
13254
13262
13276
13302
13330
13350
13356
13362
13362
13386
13390
13416
13424
13426
13428
13432
13480
13494
13502
13504
13510
13516
13542
13546
13600
13602
13608
13614
13620
13638
13660
13666
13670
13686
13716
13722
13724
13772
13774
13802
13810
13818
13836
13848
13858
13860
13892
13902
13904
13906
13914
13920
13930
13936
13942
13952
13960
13966
13982
13994
14012
14038
14054
14056
14076
14082
14100
14106
14108
14118
14120
14142
14158
14166
14180
14184
14188
14206
14214
14228
14256
14274
14276
14292
14318
14320
14364
14372
14372
14374
14386
14388
14398
14398
14398
14402
14424
14442
14450
14450
14452
14466
14474
14486
14492
14494
14508
14512
14512
14518
14524
14540
14542
14554
14554
14572
14594
14604
14610
14614
14628
14638
14642
14642
14656
14658
14660
14664
14684
14694
14696
14714
14714
14716
14716
14716
14718
14724
14726
14730
14730
14734
14742
14752
14756
14758
14776
14780
14784
14788
14790
14790
14792
14796
14800
14802
14804
14812
14812
14812
14814
14816
14818
14820
14824
14834
14848
14852
14862
14868
14874
14880
14886
14890
14894
14894
14898
14900
14906
14908
14910
14914
14914
14916
14926
14926
14932
14932
14936
14936
14944
14946
14950
14958
14958
14960
14962
14970
14974
14974
14976
14978
14980
14982
14984
14988
14988
14998
14998
15000
15022
15024
15032
15032
15034
15048
15054
15062
15092
15102
15104
15110
15112
15114
15122
15122
15124
15134
15134
15144
15150
15160
15166
15180
15188
15194
15204
15208
15212
15222
15228
15228
15238
15238
15240
15252
15252
15258
15262
15268
15274
15286
15288
15294
15296
15304
15306
15316
15322
15328
15332
15334
15334
15342
15344
15346
15368
15374
15380
15382
15394
15396
15406
15414
15422
15432
15434
15438
15442
15452
15456
15478
15484
15492
15494
15500
15506
15510
15514
15556
15564
15584
15586
15634
15700
15710
15714
15718
15778
15800
15842
15846
15858
15918
15948
16000
16024
16092
16246
16328
16608
17518
17748
18014
18240
18498
18762
19092
20174
20442
20870
21330
21358
22478
23360
23878
23914
23952
24424
24728
24792
24996
25046
25258
25322
25614
26894
28014
28312
28562
29172
31162
31950
33388
34056
34334
34572
36058
40530
42738
43642
44378
44722
56442
57790
97048
110980
