Latencies
5332
5720
6270
6464
6554
6668
6710
7116
7470
7596
7608
8060
8212
8572
8708
8732
8898
9142
9394
9510
9834
10312
10336
10390
10764
10918
11000
11088
11474
12026
12046
12222
13180
13536
13634
13896
14050
14172
14250
14366
14398
14424
14452
14454
14556
14570
14576
14650
14650
14652
14662
14674
14756
14770
14808
14850
14856
14860
14904
14960
15002
15034
15054
15120
15126
15132
15138
15146
15154
15166
15170
15202
15218
15304
15330
15390
15426
15466
15472
15578
15654
15694
15948
16016
16016
16294
16676
16790
16930
16958
17256
17264
17270
17316
17414
17610
17834
17926
17938
18006
18034
18038
18150
18404
18416
18740
18740
18856
19168
19262
19404
19422
19472
19584
19624
19760
19772
19774
19824
19972
20028
20054
20238
20316
20582
20732
20916
20936
20958
21068
21152
21164
21172
21268
21274
21760
21798
21802
21924
22192
22204
22272
22312
22492
22500
22568
22586
22642
22664
22670
22708
22724
22752
22784
22792
22820
22842
22898
23052
23060
23106
23154
23200
23256
23336
23388
23442
23520
23520
23540
23554
23560
23578
23652
23690
23730
23772
23778
23868
23942
23952
23994
24074
24360
24392
24450
24472
24540
24558
24560
24562
24562
24564
24610
24620
24644
24652
24656
24680
24710
24734
24744
24820
24828
24842
24892
24930
24934
24958
24966
24970
25006
25008
25038
25070
25096
25124
25132
25150
25164
25184
25200
25300
25302
25342
25380
25416
25462
25548
25558
25614
25614
25636
25650
25834
25904
25952
26118
26124
26136
26192
26276
26496
26562
26584
26726
26740
26854
26864
26914
26960
27032
27056
27080
27154
27200
27238
27284
27326
27534
27588
27608
27714
27936
27938
27988
28112
28306
28342
29132
29168
29232
29274
29408
29408
29458
29714
29798
29910
29910
29972
30024
30098
30138
30142
30142
30190
30204
30438
30466
30546
30570
30818
30972
31028
31096
31256
31258
31282
31312
31470
31520
31530
31626
31652
31722
31794
31812
32112
32228
32306
32434
32666
32756
32766
32966
33044
33130
33190
33264
33424
33448
33540
33704
33792
33880
33904
34014
34058
34084
34122
34132
34216
34276
34290
34362
34364
34368
34372
34372
34440
34550
34552
34556
34560
34566
34586
34696
34700
34702
34728
34748
34800
34846
34898
34922
34924
34928
34960
34966
34972
34990
35072
35124
35126
35174
35182
35204
35224
35298
35322
35380
35552
35700
35882
35916
36206
36242
36304
36380
36540
36556
36728
36910
37102
37106
37108
37168
37564
37610
37720
37754
37776
38022
38142
38184
38244
38494
38608
38620
38620
38856
38944
39384
39668
39774
40136
40692
40960
40960
41038
41070
41186
41278
41316
41440
41466
41506
41626
41730
42200
42214
42412
42492
42532
42536
42576
42618
42654
42724
42776
42840
42998
43022
43034
43038
43044
43058
43412
43464
43474
43476
43500
43514
43572
43620
43634
43704
43716
43816
43932
43946
44128
44150
44164
44172
44220
44440
44466
44570
44570
44694
44740
44864
44938
44968
44986
45104
45132
45192
45198
45246
45252
45420
46070
46080
46428
46628
46664
47150
47158
47288
47910
48066
48086
48186
48264
48418
48454
48488
48518
48776
48780
48840
48994
49064
49184
49252
49252
49260
49284
49360
49364
49450
49476
49500
49536
49560
49616
49686
49716
49816
49984
50018
50152
50192
50228
50230
50690
50694
50964
51418
51592
51636
51710
51750
51768
51780
51900
51924
51940
52126
52324
52356
52390
52452
52880
53244
53318
53402
53504
53526
53558
53568
53580
53590
53600
53660
53692
53750
53750
53788
53812
53814
53864
53864
53902
53922
53934
53976
53988
53990
53996
54018
54030
54056
54088
54106
54116
54122
54142
54148
54152
54158
54164
54168
54168
54180
54196
54198
54202
54202
54242
54252
54274
54288
54294
54330
54338
54390
54424
54446
54452
54454
54482
54536
54560
54564
54568
54582
54640
54666
54674
54690
54696
54726
54736
54742
54796
54836
54850
54912
54912
55018
55026
55030
55058
55076
55118
55142
55154
55198
55278
55460
55518
55532
55616
55758
55816
55858
55898
56036
56048
56060
56076
56082
56164
56236
56296
56332
56340
56620
57214
57528
58046
58062
58178
58318
58548
58594
58828
58944
59248
59434
59668
59702
59716
59774
59784
60776
60920
60944
60960
61186
61318
61364
62264
62380
62414
62448
62470
62554
62714
62806
62856
62930
63000
63034
63086
63150
63152
63164
63362
63406
63516
63674
63680
63750
63814
63844
63870
63906
63914
63916
63990
64038
64140
64272
64284
64286
64292
64344
64430
64456
64586
64632
64654
64858
65428
65536
66202
66402
66594
66868
67196
67268
67406
67640
69758
69938
70344
70360
70376
70440
70468
70536
70774
71132
71332
71356
71430
71450
71914
72230
72264
72370
72388
72432
72466
72678
72876
72882
72908
72936
72972
72992
72994
73026
73034
73034
73170
73174
73178
73184
73190
73218
73240
73258
73276
73286
73320
73392
73420
73424
73482
73586
73602
73608
73622
73650
73720
73742
73774
73778
73790
73826
73838
73846
73914
73984
73988
73994
74002
74036
74054
74094
74108
74166
74294
74300
74342
74362
74362
74372
74394
74406
74514
74580
74598
74848
75150
75216
75364
76232
76594
76786
76972
77074
77080
77126
77670
77816
78450
79046
79678
80440
80936
80978
81042
81178
81386
81400
81578
81604
81804
81996
82006
82198
82290
82608
82658
82950
83272
83364
83414
83632
83678
84034
84662
84908
85100
85426
87272
87500
87892
88042
88976
89244
90404
90710
90938
91266
91444
91836
92084
92172
92252
92326
92462
92470
92510
92616
92636
92686
92688
92750
92846
92848
92858
92864
92864
92936
93052
93070
93140
93150
93196
93200
93210
93368
93584
93756
93756
93772
93776
93886
94014
94164
94284
94320
94388
94524
94720
100918
102198
102974
103574
113554
118472
125914
134250
173718
178122
199526
208374
267012
366862
639996
653152
653560
828088
1474158
2023472
