Latencies
5206
5212
5220
5224
5244
5244
5252
5256
5270
5270
5296
5302
5306
5314
5318
5318
5320
5326
5326
5330
5330
5332
5334
5338
5338
5342
5346
5348
5352
5354
5360
5360
5372
5372
5372
5374
5376
5380
5384
5384
5388
5398
5400
5400
5402
5404
5404
5406
5408
5410
5410
5410
5410
5410
5410
5414
5416
5416
5416
5418
5420
5422
5424
5424
5426
5426
5428
5434
5440
5446
5448
5450
5456
5462
5464
5466
5470
5470
5472
5472
5478
5480
5482
5484
5484
5486
5488
5490
5500
5502
5502
5504
5508
5518
5520
5522
5522
5524
5530
5534
5536
5542
5544
5550
5552
5554
5554
5558
5558
5560
5566
5566
5566
5568
5572
5574
5578
5580
5582
5588
5590
5590
5594
5594
5594
5594
5600
5604
5606
5608
5610
5610
5612
5614
5628
5628
5630
5632
5632
5632
5646
5646
5650
5652
5656
5656
5656
5658
5660
5660
5664
5666
5668
5668
5672
5674
5682
5688
5688
5690
5692
5696
5704
5708
5714
5728
5736
5736
5744
5754
5758
5760
5772
5780
5784
5784
5786
5790
5790
5790
5790
5794
5808
5810
5810
5812
5816
5828
5830
5830
5834
5838
5840
5850
5860
5870
5870
5888
5890
5892
5894
5896
5896
5902
5908
5922
5922
5928
5938
5948
5956
5958
5962
5964
5966
5970
5974
5978
5980
5982
5982
5984
5988
5994
6000
6016
6022
6032
6040
6040
6048
6056
6060
6068
6072
6074
6086
6086
6094
6098
6102
6104
6106
6106
6114
6116
6118
6118
6118
6128
6134
6138
6140
6150
6156
6158
6174
6176
6192
6196
6196
6200
6214
6224
6224
6224
6240
6240
6248
6250
6264
6266
6286
6286
6292
6294
6296
6300
6302
6358
6388
6398
6402
6422
6430
6438
6454
6458
6464
6468
6480
6492
6494
6498
6516
6530
6536
6546
6562
6576
6600
6618
6632
6642
6648
6648
6650
6654
6656
6662
6662
6664
6666
6688
6690
6732
6738
6740
6806
6820
6838
6846
6850
6862
6882
6884
6888
6892
6972
6974
6976
6984
6986
6990
7000
7002
7024
7044
7060
7064
7070
7092
7102
7108
7112
7120
7126
7132
7164
7166
7200
7218
7234
7246
7254
7260
7282
7284
7314
7324
7326
7328
7352
7358
7370
7374
7380
7408
7524
7530
7542
7580
7580
7586
7588
7600
7604
7608
7618
7652
7692
7694
7706
7740
7762
7782
7810
7844
7890
7910
7912
7930
7940
7950
7958
8006
8010
8022
8060
8066
8066
8084
8108
8126
8152
8206
8256
8294
8300
8304
8326
8340
8352
8356
8364
8372
8384
8394
8442
8452
8460
8480
8486
8492
8504
8510
8520
8524
8528
8532
8540
8580
8596
8602
8626
8630
8632
8652
8678
8704
8704
8726
8744
8768
8770
8774
8808
8814
8822
8836
8890
8902
8914
8918
8926
8936
8980
9002
9004
9010
9034
9036
9068
9096
9100
9110
9154
9158
9162
9166
9172
9196
9198
9208
9232
9246
9256
9268
9270
9286
9306
9312
9340
9360
9368
9406
9432
9436
9442
9456
9466
9482
9510
9512
9542
9544
9596
9602
9634
9664
9714
9726
9738
9742
9764
9766
9774
9782
9786
9798
9832
9886
9906
9910
9914
9922
9924
9964
10000
10026
10044
10058
10072
10084
10108
10122
10136
10136
10152
10162
10178
10178
10180
10218
10242
10246
10252
10254
10266
10272
10280
10290
10300
10336
10378
10384
10446
10470
10508
10508
10510
10530
10536
10540
10570
10576
10586
10592
10598
10654
10682
10694
10706
10746
10760
10784
10798
10798
10808
10810
10848
10882
10916
10932
10940
10942
10942
10994
10996
11024
11028
11064
11072
11092
11116
11142
11158
11174
11178
11182
11202
11212
11248
11248
11250
11266
11286
11304
11308
11332
11336
11390
11400
11414
11428
11438
11470
11480
11496
11536
11542
11546
11550
11552
11574
11598
11604
11626
11680
11706
11726
11730
11736
11756
11786
11786
11794
11796
11802
11816
11838
11848
11872
11908
11914
11930
11936
11936
11940
11948
11962
11972
11976
11980
11984
12016
12036
12038
12050
12064
12064
12068
12074
12120
12136
12138
12154
12166
12234
12270
12276
12288
12308
12320
12372
12420
12420
12430
12448
12458
12468
12498
12508
12510
12540
12552
12564
12564
12576
12586
12616
12644
12698
12706
12706
12734
12736
12752
12756
12768
12774
12780
12788
12834
12858
12874
12886
12922
12946
12960
12962
12970
12974
12986
13014
13020
13040
13044
13070
13072
13084
13120
13134
13146
13150
13174
13192
13194
13218
13248
13260
13282
13282
13298
13302
13312
13312
13314
13318
13340
13364
13366
13370
13372
13400
13410
13424
13440
13450
13476
13488
13490
13492
13498
13508
13516
13520
13524
13526
13550
13550
13552
13562
13566
13576
13606
13630
13636
13638
13694
13704
13706
13718
13726
13752
13782
13800
13844
13868
13882
13886
13912
13928
13934
13942
13952
13974
13976
13988
13992
14014
14016
14018
14036
14040
14042
14072
14080
14108
14124
14124
14128
14168
14212
14226
14232
14232
14232
14238
14244
14264
14272
14280
14322
14334
14346
14366
14390
14402
14404
14406
14422
14426
14444
14448
14472
14484
14510
14512
14524
14534
14534
14544
14544
14560
14572
14578
14588
14588
14592
14592
14610
14614
14618
14636
14642
14650
14652
14654
14686
14694
14694
14706
14712
14730
14742
14782
14794
14804
14804
14808
14810
14810
14816
14844
14848
14862
14862
14870
14876
14878
14882
14884
14898
14898
14902
14906
14918
14920
14926
14928
14946
14948
14952
14978
15006
15024
15034
15036
15046
15056
15064
15084
15098
15110
15114
15120
15122
15132
15144
15160
15176
15184
15184
15194
15210
15212
15232
15244
15254
15272
15276
15282
15298
15304
15306
15306
15310
15312
15356
15364
15384
15388
15404
15470
15476
15492
15498
15506
15522
15536
15546
15638
15718
15780
15838
15962
16018
16098
17192
18274
18540
18864
19138
19360
20008
20362
20614
20782
20838
21270
22538
22800
22946
23198
23258
23288
23590
23876
23894
24450
24688
25120
25184
29214
30334
31776
32362
33498
34326
34964
36514
40300
40438
48476
73190
75348
117266
148090
824728
