Latencies
4976
4980
4986
4990
4992
5000
5012
5020
5022
5024
5026
5028
5032
5038
5040
5042
5044
5044
5046
5046
5048
5048
5048
5052
5054
5056
5058
5060
5062
5062
5062
5064
5064
5064
5064
5064
5068
5070
5074
5076
5076
5078
5080
5080
5082
5082
5082
5082
5082
5084
5088
5090
5092
5092
5092
5092
5094
5094
5094
5094
5096
5096
5096
5098
5098
5098
5100
5100
5102
5102
5104
5104
5106
5106
5106
5106
5108
5110
5112
5112
5112
5114
5120
5120
5122
5122
5124
5124
5124
5128
5128
5130
5130
5132
5132
5132
5132
5132
5134
5134
5134
5134
5134
5134
5134
5136
5138
5138
5138
5138
5140
5142
5142
5142
5144
5144
5146
5146
5148
5150
5150
5150
5150
5152
5152
5152
5152
5154
5154
5154
5156
5156
5156
5158
5158
5160
5164
5168
5168
5168
5168
5168
5170
5170
5174
5174
5174
5174
5176
5176
5176
5176
5178
5180
5182
5184
5184
5184
5186
5188
5188
5188
5188
5188
5190
5190
5190
5192
5192
5192
5194
5194
5194
5196
5196
5196
5196
5198
5198
5198
5198
5200
5200
5200
5202
5202
5204
5204
5204
5204
5206
5206
5208
5208
5208
5212
5212
5212
5212
5214
5214
5214
5214
5214
5216
5216
5216
5216
5216
5216
5216
5218
5218
5218
5218
5220
5220
5220
5220
5222
5222
5222
5224
5224
5226
5226
5226
5226
5226
5226
5228
5228
5228
5228
5228
5230
5230
5230
5230
5232
5232
5232
5232
5232
5232
5232
5232
5236
5238
5238
5240
5242
5242
5242
5242
5242
5244
5244
5244
5244
5244
5244
5246
5246
5248
5248
5248
5248
5248
5248
5250
5252
5252
5254
5254
5254
5254
5254
5256
5256
5256
5256
5256
5256
5258
5258
5258
5260
5260
5260
5260
5260
5260
5262
5262
5262
5264
5264
5264
5266
5266
5266
5268
5268
5268
5268
5268
5272
5272
5272
5274
5274
5274
5274
5274
5274
5276
5276
5276
5276
5276
5276
5276
5278
5278
5278
5280
5280
5280
5282
5282
5284
5284
5284
5284
5284
5286
5286
5286
5286
5290
5290
5290
5292
5294
5294
5294
5294
5294
5294
5296
5298
5298
5300
5300
5300
5300
5300
5300
5302
5302
5304
5308
5308
5308
5308
5310
5312
5312
5314
5314
5316
5318
5318
5320
5322
5322
5322
5322
5322
5322
5324
5324
5324
5326
5326
5326
5328
5328
5328
5328
5330
5330
5330
5332
5334
5334
5334
5336
5336
5338
5338
5338
5340
5340
5342
5342
5344
5344
5346
5346
5346
5348
5350
5350
5350
5352
5354
5354
5354
5354
5356
5356
5356
5358
5360
5360
5362
5362
5364
5364
5364
5364
5366
5366
5366
5368
5370
5370
5370
5370
5372
5376
5376
5376
5378
5378
5380
5382
5382
5384
5384
5384
5386
5386
5386
5386
5386
5386
5388
5390
5390
5390
5392
5392
5394
5394
5394
5394
5396
5396
5396
5398
5398
5400
5402
5402
5404
5404
5404
5406
5408
5408
5410
5410
5410
5410
5410
5412
5412
5414
5414
5414
5416
5416
5418
5420
5422
5426
5428
5428
5428
5428
5428
5430
5432
5432
5434
5434
5436
5436
5438
5438
5440
5442
5444
5446
5446
5448
5450
5450
5450
5450
5450
5452
5456
5460
5460
5462
5462
5466
5468
5468
5472
5474
5476
5478
5478
5478
5482
5482
5484
5486
5488
5488
5492
5492
5492
5494
5498
5498
5502
5504
5506
5506
5506
5506
5506
5506
5510
5510
5510
5518
5518
5520
5522
5526
5526
5530
5534
5534
5534
5536
5536
5536
5538
5538
5538
5538
5540
5540
5546
5548
5552
5552
5552
5554
5556
5556
5560
5560
5560
5560
5560
5562
5562
5562
5562
5564
5564
5566
5568
5568
5570
5572
5572
5576
5580
5580
5582
5584
5584
5588
5590
5590
5594
5594
5594
5596
5596
5596
5596
5600
5600
5600
5604
5606
5608
5608
5610
5612
5612
5612
5614
5614
5616
5616
5616
5630
5632
5634
5638
5638
5638
5638
5644
5646
5648
5654
5654
5658
5662
5666
5668
5674
5676
5676
5682
5686
5690
5700
5700
5702
5704
5706
5708
5708
5708
5716
5716
5718
5720
5722
5724
5724
5728
5730
5742
5746
5746
5748
5756
5758
5758
5766
5770
5770
5770
5774
5784
5788
5792
5800
5800
5800
5806
5808
5814
5816
5818
5820
5828
5832
5838
5838
5840
5842
5842
5852
5854
5854
5854
5860
5870
5880
5884
5888
5888
5888
5890
5898
5900
5902
5904
5904
5906
5914
5926
5926
5928
5932
5932
5934
5934
5940
5940
5946
5950
5952
5952
5962
5962
5962
5964
5974
5974
5974
5980
5982
5986
5988
5988
5988
5990
5992
5998
5998
6002
6008
6008
6014
6016
6022
6024
6026
6028
6030
6032
6032
6040
6044
6046
6048
6050
6050
6052
6054
6058
6060
6074
6076
6084
6088
6094
6110
6116
6118
6122
6128
6130
6132
6142
6142
6186
6192
6192
6240
6244
6246
6254
6268
6270
6274
6278
6278
6286
6292
6298
6318
6320
6330
6356
6374
6376
6376
6420
6482
6576
6588
6594
6600
6624
6634
6634
6654
6656
6686
6788
6798
6798
6850
6898
6900
7022
7030
7038
7102
7244
7520
7598
7650
7712
7898
8046
8076
8166
8210
8344
8588
8684
8784
9088
9252
9376
9672
9818
9830
9838
9910
9940
10078
10166
10256
10494
10934
11268
11612
11960
12076
12086
12122
12640
12668
13076
13208
13310
13374
13992
14132
14150
14548
14630
14634
14706
14726
14902
14956
15048
15064
15260
15332
15546
15666
16402
16750
16936
17990
18078
18154
18650
19462
19498
19752
20488
20534
21294
21500
22602
22720
23644
24050
24146
24210
24276
24440
24736
25026
25054
25178
25192
25302
25416
27002
27304
27620
28358
28398
29948
30316
30506
31176
31716
32054
32110
33164
34174
34722
35574
36068
38910
43834
