Latencies
5174
5194
5196
5212
5224
5226
5230
5230
5232
5238
5242
5252
5254
5258
5260
5264
5264
5276
5276
5280
5282
5284
5290
5290
5292
5292
5294
5294
5296
5298
5302
5302
5304
5306
5306
5308
5308
5308
5308
5310
5310
5316
5316
5316
5318
5318
5318
5322
5322
5322
5326
5326
5328
5328
5328
5328
5330
5330
5330
5330
5330
5332
5332
5334
5334
5336
5336
5336
5336
5344
5344
5344
5344
5346
5346
5346
5346
5346
5348
5348
5350
5350
5350
5352
5352
5356
5356
5356
5360
5360
5360
5360
5362
5362
5364
5364
5366
5366
5366
5366
5368
5368
5370
5370
5372
5372
5372
5372
5374
5374
5374
5374
5376
5378
5380
5380
5380
5382
5382
5382
5382
5382
5384
5384
5384
5386
5386
5386
5388
5388
5388
5388
5388
5388
5390
5390
5390
5390
5392
5392
5392
5392
5392
5392
5392
5394
5394
5394
5394
5394
5396
5396
5396
5396
5396
5396
5396
5398
5398
5398
5400
5400
5400
5400
5400
5402
5402
5402
5402
5402
5402
5404
5404
5406
5406
5406
5406
5406
5406
5408
5408
5408
5410
5410
5410
5412
5412
5412
5414
5414
5414
5416
5416
5416
5416
5416
5416
5418
5418
5418
5420
5420
5420
5420
5420
5422
5422
5422
5422
5422
5422
5424
5424
5424
5424
5424
5424
5424
5426
5426
5428
5428
5428
5428
5428
5428
5430
5430
5430
5430
5430
5430
5430
5430
5432
5432
5432
5432
5432
5432
5434
5434
5434
5438
5438
5438
5440
5440
5440
5440
5440
5442
5442
5442
5442
5444
5444
5446
5446
5448
5448
5448
5448
5448
5448
5448
5448
5450
5452
5452
5454
5454
5456
5456
5456
5458
5458
5458
5460
5460
5460
5460
5462
5462
5462
5462
5464
5464
5464
5464
5464
5464
5466
5466
5466
5466
5466
5466
5466
5466
5466
5466
5466
5468
5468
5468
5468
5468
5468
5468
5468
5470
5472
5472
5472
5474
5476
5476
5478
5478
5478
5480
5480
5480
5482
5482
5484
5486
5486
5486
5488
5488
5490
5490
5490
5490
5492
5492
5492
5492
5494
5494
5494
5494
5496
5500
5500
5502
5504
5506
5506
5506
5506
5508
5508
5508
5510
5512
5514
5514
5516
5516
5516
5518
5518
5518
5518
5520
5520
5522
5522
5522
5524
5524
5524
5524
5526
5526
5528
5530
5530
5532
5534
5534
5534
5534
5534
5536
5536
5536
5538
5540
5540
5540
5540
5540
5540
5540
5542
5544
5544
5546
5546
5548
5548
5548
5550
5550
5552
5552
5552
5554
5554
5556
5556
5558
5558
5558
5558
5560
5560
5560
5560
5562
5562
5562
5564
5566
5568
5568
5568
5570
5570
5572
5572
5572
5572
5574
5576
5578
5584
5584
5584
5586
5586
5586
5590
5590
5592
5592
5594
5596
5598
5598
5598
5600
5600
5600
5602
5602
5602
5608
5612
5616
5616
5618
5618
5620
5620
5620
5624
5626
5626
5630
5630
5632
5632
5634
5636
5636
5636
5636
5638
5638
5638
5640
5640
5640
5642
5642
5642
5644
5646
5648
5648
5648
5652
5652
5654
5660
5664
5664
5664
5666
5668
5670
5670
5672
5674
5674
5678
5680
5680
5680
5682
5682
5684
5684
5686
5688
5690
5692
5694
5696
5696
5700
5700
5702
5702
5706
5706
5708
5714
5714
5714
5714
5716
5718
5720
5720
5722
5722
5728
5728
5728
5728
5732
5734
5734
5734
5734
5736
5738
5740
5740
5742
5744
5744
5746
5746
5746
5748
5748
5750
5750
5752
5752
5752
5752
5756
5762
5762
5764
5766
5766
5766
5768
5768
5768
5768
5770
5770
5770
5772
5774
5774
5778
5780
5782
5784
5784
5784
5786
5786
5788
5788
5790
5790
5790
5790
5790
5792
5792
5796
5798
5800
5802
5804
5806
5806
5810
5810
5810
5814
5814
5814
5816
5818
5820
5822
5822
5824
5826
5826
5826
5828
5828
5834
5834
5836
5838
5838
5838
5840
5840
5840
5844
5846
5846
5848
5848
5852
5854
5854
5856
5860
5862
5864
5870
5872
5878
5878
5878
5880
5880
5880
5882
5882
5884
5884
5884
5886
5888
5888
5890
5894
5900
5900
5902
5906
5908
5912
5914
5916
5922
5928
5928
5928
5930
5932
5934
5934
5934
5936
5936
5938
5942
5942
5942
5942
5942
5944
5944
5946
5946
5948
5956
5956
5958
5960
5960
5960
5962
5962
5964
5970
5970
5970
5974
5974
5974
5976
5976
5978
5978
5978
5978
5978
5980
5986
5988
5988
5990
5990
5992
5994
5996
5998
6000
6000
6002
6002
6006
6008
6010
6022
6022
6024
6026
6028
6034
6034
6036
6042
6044
6044
6046
6046
6050
6054
6058
6062
6062
6066
6066
6068
6070
6074
6074
6074
6082
6082
6082
6084
6086
6086
6086
6086
6090
6096
6098
6098
6098
6100
6104
6108
6108
6110
6114
6114
6116
6118
6118
6118
6122
6122
6124
6128
6128
6130
6134
6138
6140
6140
6140
6142
6144
6144
6146
6148
6148
6150
6152
6154
6158
6158
6162
6162
6164
6164
6170
6178
6184
6186
6194
6200
6200
6200
6204
6204
6214
6216
6216
6220
6220
6220
6222
6224
6226
6226
6226
6228
6242
6242
6246
6248
6260
6260
6264
6266
6270
6270
6278
6278
6278
6280
6284
6288
6288
6292
6296
6298
6310
6314
6316
6326
6326
6328
6328
6330
6334
6340
6348
6352
6356
6356
6364
6366
6390
6400
6400
6408
6412
6416
6420
6446
6448
6450
6450
6472
6484
6490
6494
6496
6498
6514
6524
6552
6556
6582
6584
6592
6612
6624
6624
6664
6668
6670
6704
6726
6732
6752
6756
6796
6820
6824
6884
6886
6888
6950
6956
7034
7060
7122
7318
7410
7488
7610
7816
7946
8334
8336
8570
8646
8686
8828
8962
8970
9190
9216
9548
10324
10612
11008
11042
11116
11202
11484
11550
12112
12144
13456
13768
14070
15112
15174
15174
15750
16024
17930
18078
19154
20610
21000
23384
23524
23530
24106
24456
24606
25406
26886
29280
30466
31170
31620
31962
32328
32946
36126
36274
37464
41566
