Latencies
5444
5456
5532
5538
5592
5598
5606
5618
5630
5640
5644
5646
5658
5660
5670
5682
5704
5710
5716
5718
5728
5732
5758
5770
5776
5784
5792
5794
5796
5798
5820
5824
5850
5862
5874
5880
5880
5884
5886
5896
5898
5924
5926
5932
5938
5956
5956
5958
5970
5970
5984
5990
5992
6056
6068
6082
6100
6106
6110
6110
6120
6124
6138
6150
6158
6160
6164
6168
6172
6180
6226
6266
6278
6280
6292
6308
6310
6320
6326
6330
6392
6400
6414
6416
6418
6440
6480
6486
6492
6510
6514
6518
6532
6534
6538
6580
6582
6618
6634
6656
6656
6664
6678
6704
6708
6726
6730
6772
6778
6800
6808
6814
6822
6828
6828
6834
6850
6910
6922
6930
6934
6938
6976
6988
7000
7010
7026
7050
7084
7094
7102
7112
7134
7150
7156
7158
7166
7168
7184
7186
7218
7248
7274
7274
7280
7284
7304
7372
7384
7396
7408
7434
7440
7474
7492
7508
7516
7532
7550
7562
7582
7598
7614
7660
7660
7672
7696
7696
7708
7718
7722
7730
7734
7742
7744
7746
7770
7772
7772
7792
7816
7824
7826
7840
7840
7858
7864
7914
7928
7936
7948
7948
7950
7966
7972
7974
7980
7988
7998
8000
8000
8006
8012
8012
8016
8020
8022
8022
8060
8060
8066
8106
8108
8112
8126
8130
8134
8136
8158
8160
8192
8200
8206
8222
8222
8224
8300
8306
8306
8320
8326
8336
8346
8356
8364
8364
8374
8384
8398
8440
8442
8444
8452
8456
8464
8468
8480
8510
8524
8548
8566
8572
8580
8592
8608
8612
8620
8638
8646
8648
8660
8684
8690
8706
8714
8724
8728
8736
8736
8738
8744
8762
8772
8778
8796
8824
8828
8844
8846
8866
8882
8896
8906
8962
8976
9004
9014
9036
9068
9124
9128
9134
9138
9148
9174
9176
9182
9190
9194
9206
9218
9234
9236
9238
9252
9300
9302
9324
9326
9326
9334
9338
9342
9346
9362
9368
9374
9390
9408
9420
9424
9440
9458
9508
9522
9526
9634
9644
9650
9680
9682
9734
9750
9758
9770
9796
9828
9838
9844
9860
9862
9872
9872
9900
9904
9918
9930
9930
9930
9942
9966
9992
10012
10022
10030
10040
10046
10048
10074
10078
10088
10108
10114
10114
10126
10136
10142
10142
10174
10192
10212
10216
10220
10256
10260
10260
10274
10276
10282
10286
10294
10296
10302
10324
10324
10342
10370
10376
10382
10388
10400
10414
10416
10446
10466
10468
10494
10510
10514
10516
10526
10530
10550
10554
10560
10592
10606
10608
10618
10624
10638
10644
10654
10688
10704
10708
10712
10720
10726
10730
10738
10748
10752
10776
10776
10796
10832
10846
10874
10888
10894
10902
10916
10928
10932
10942
10950
10968
10986
10986
11026
11036
11050
11058
11072
11072
11090
11122
11146
11156
11170
11174
11192
11216
11232
11234
11254
11260
11278
11294
11304
11310
11336
11336
11344
11372
11374
11374
11380
11386
11398
11404
11408
11416
11420
11446
11446
11450
11470
11470
11502
11504
11520
11548
11562
11570
11616
11622
11640
11640
11642
11644
11666
11670
11684
11690
11696
11708
11714
11730
11732
11816
11816
11828
11828
11842
11852
11856
11874
11900
11922
11934
11938
11946
11972
12006
12022
12028
12050
12064
12068
12094
12104
12106
12108
12146
12156
12180
12182
12204
12210
12218
12218
12220
12236
12264
12274
12276
12280
12294
12312
12318
12326
12376
12422
12428
12432
12440
12462
12468
12478
12484
12516
12524
12532
12544
12576
12576
12588
12602
12604
12610
12652
12674
12678
12682
12688
12696
12700
12728
12730
12732
12732
12754
12816
12820
12840
12858
12866
12868
12868
12926
12974
12988
12996
13020
13034
13062
13064
13068
13100
13108
13114
13124
13130
13142
13144
13144
13154
13156
13158
13174
13202
13204
13206
13214
13222
13230
13242
13242
13252
13286
13288
13308
13312
13316
13338
13350
13358
13358
13360
13390
13402
13426
13436
13438
13456
13458
13464
13474
13476
13478
13480
13482
13488
13496
13506
13536
13540
13572
13574
13582
13586
13608
13610
13642
13666
13682
13682
13696
13720
13722
13728
13740
13752
13752
13760
13772
13794
13818
13826
13882
13894
13896
13898
13900
13900
13904
13916
13920
13922
13924
13930
13930
13946
13950
13960
13980
14004
14004
14024
14032
14044
14044
14054
14060
14080
14080
14108
14140
14164
14182
14184
14200
14210
14210
14216
14258
14268
14282
14286
14292
14320
14324
14360
14364
14382
14390
14394
14406
14412
14416
14426
14440
14446
14460
14476
14490
14494
14498
14508
14510
14514
14524
14526
14528
14534
14540
14546
14546
14556
14582
14584
14584
14586
14592
14596
14598
14606
14616
14632
14652
14664
14664
14672
14678
14678
14684
14712
14712
14714
14716
14718
14720
14728
14728
14732
14736
14740
14742
14744
14748
14750
14752
14756
14760
14762
14764
14768
14786
14790
14792
14794
14794
14798
14800
14812
14816
14824
14826
14832
14834
14838
14842
14844
14844
14846
14846
14850
14854
14858
14860
14862
14866
14874
14880
14882
14884
14894
14904
14904
14908
14916
14922
14926
14926
14928
14930
14932
14946
14946
14948
14950
14972
14974
14976
14982
14982
14986
14992
14992
14992
14994
14994
14996
14998
15010
15016
15034
15034
15040
15046
15046
15046
15048
15052
15058
15068
15072
15076
15078
15078
15084
15086
15088
15090
15090
15098
15106
15108
15116
15126
15134
15142
15142
15142
15148
15158
15158
15160
15168
15172
15176
15180
15182
15188
15190
15192
15192
15196
15208
15210
15216
15216
15222
15222
15234
15234
15236
15250
15260
15268
15280
15282
15288
15294
15298
15298
15300
15300
15308
15316
15322
15326
15338
15344
15344
15346
15354
15364
15368
15372
15376
15378
15380
15380
15390
15396
15396
15400
15404
15416
15428
15430
15450
15468
15472
15472
15482
15486
15490
15498
15500
15500
15502
15508
15522
15534
15534
15552
15560
15564
15568
15590
15606
15620
15634
15640
15658
15674
15692
15700
15704
15716
15716
15716
15718
15730
15754
15800
15816
15822
15828
15830
15846
15864
15970
15978
15982
16008
16008
16074
16130
16146
16232
16272
16292
17050
18036
18196
19350
19768
20058
21548
21894
22890
23894
24176
24268
24508
24684
24990
28632
32056
35498
40048
43144
44886
106872
107964
135872
186950
12850218
