Latencies
5388
5460
5464
5474
5510
5514
5520
5534
5540
5540
5540
5544
5546
5546
5550
5560
5578
5584
5598
5620
5638
5650
5668
5678
5684
5692
5704
5708
5718
5730
5744
5750
5750
5752
5758
5760
5764
5788
5804
5816
5860
5884
5896
5898
5914
5930
5946
5978
5992
5994
6002
6010
6010
6020
6022
6022
6032
6036
6036
6062
6072
6082
6118
6122
6126
6140
6150
6154
6168
6184
6198
6212
6244
6262
6322
6332
6350
6422
6478
6480
6482
6486
6496
6496
6528
6594
6596
6608
6628
6660
6674
6674
6708
6766
6776
6836
6842
6864
6884
6896
6908
6938
6968
7014
7064
7088
7120
7158
7192
7276
7284
7324
7400
7418
7508
7520
7522
7528
7580
7588
7634
7634
7658
7682
7684
7696
7794
7806
7878
7894
7946
7958
7972
7986
8006
8014
8030
8110
8162
8170
8176
8186
8194
8196
8204
8240
8242
8336
8350
8352
8402
8522
8540
8544
8554
8558
8606
8618
8674
8680
8768
8812
8816
8846
8850
8856
8904
8908
8914
8942
8942
8968
9142
9162
9168
9184
9204
9230
9332
9364
9384
9408
9450
9462
9512
9544
9560
9666
9694
9762
9782
9824
9842
9902
9952
9968
10038
10122
10136
10142
10156
10190
10236
10336
10344
10368
10382
10418
10454
10550
10570
10676
10682
10686
10708
10716
10738
10740
10752
10782
10814
10870
10922
11008
11042
11048
11048
11052
11062
11108
11154
11156
11192
11226
11236
11344
11384
11418
11432
11446
11470
11476
11506
11522
11578
11668
11668
11804
11808
11830
11916
11940
12268
12268
12324
12350
12356
12364
12436
12454
12482
12514
12536
12584
12728
12756
12788
12836
12902
12908
12962
13024
13072
13110
13176
13186
13194
13198
13242
13256
13278
13288
13312
13372
13434
13436
13492
13552
13564
13568
13572
13596
13604
13626
13642
13690
13724
13774
13806
13852
13860
13948
13958
14032
14066
14072
14112
14122
14142
14158
14184
14232
14236
14256
14258
14258
14260
14290
14304
14310
14322
14376
14382
14434
14450
14460
14464
14484
14564
14570
14604
14604
14612
14622
14646
14654
14664
14664
14670
14682
14704
14718
14728
14748
14750
14762
14782
14782
14786
14788
14794
14812
14812
14838
14842
14852
14856
14868
14876
14900
14906
14912
14914
14916
14926
14950
14970
14982
14996
15000
15002
15004
15004
15014
15018
15020
15020
15022
15060
15064
15086
15088
15094
15094
15102
15104
15106
15118
15120
15126
15140
15150
15154
15168
15178
15192
15202
15204
15206
15222
15230
15232
15234
15238
15240
15244
15252
15258
15266
15268
15270
15300
15302
15306
15320
15332
15338
15362
15368
15370
15404
15410
15410
15426
15438
15448
15460
15468
15472
15474
15504
15508
15520
15544
15554
15558
15558
15560
15562
15594
15602
15602
15606
15606
15612
15632
15640
15642
15662
15662
15678
15692
15738
15760
15816
15818
15852
15870
15956
15976
15978
15996
16048
16052
16114
16118
16176
16192
16214
16262
16264
16284
16298
16510
16586
16624
16666
16762
16782
16798
16882
16900
16928
16984
17238
17316
17324
17376
17428
17516
17540
17618
17846
17858
17876
17940
17950
18154
18156
18258
18278
18432
18446
18554
18590
18614
18652
18730
18754
18846
18856
18860
18864
18900
19106
19108
19150
19208
19242
19322
19336
19660
19670
19702
19706
19754
19824
19898
19954
20032
20200
20262
20306
20334
20344
20518
20574
20596
20610
20638
20640
20660
20716
20802
20930
20944
20992
21028
21068
21078
21094
21102
21192
21202
21216
21220
21294
21310
21316
21336
21342
21344
21452
21642
21660
21688
21700
21702
21830
21848
21892
21922
22026
22040
22052
22166
22186
22328
22368
22414
22452
22516
22560
22614
22666
22776
22776
22800
22822
22824
22826
22898
22948
23012
23064
23134
23152
23210
23288
23364
23420
23434
23480
23512
23550
23582
23628
23642
23870
23886
23888
23888
23902
23936
23942
23970
24018
24062
24076
24080
24148
24164
24196
24204
24262
24294
24356
24366
24388
24454
24492
24492
24506
24598
24614
24620
24672
24678
24692
24724
24726
24732
24764
24810
24820
24838
24840
24916
24918
24974
24984
25026
25042
25066
25078
25160
25218
25246
25260
25266
25312
25358
25368
25458
25494
25526
25528
25532
25550
25616
25750
25760
25804
25914
25936
25968
26132
26250
26258
26276
26300
26358
26418
26440
26446
26656
26694
26702
26768
26798
26838
26934
26936
26988
27028
27030
27046
27152
27384
27462
27502
27518
27526
27616
27622
27632
27750
27774
27816
27886
28088
28110
28228
28304
28318
28372
28472
28534
28538
28614
28760
28762
28792
28822
29224
29544
29668
29694
29738
29756
29756
29894
29904
29958
29998
30002
30020
30028
30068
30092
30192
30262
30266
30282
30346
30422
30428
30448
30522
30592
30616
30652
30744
30778
30888
31010
31044
31048
31064
31072
31128
31144
31158
31208
31238
31460
31464
31474
31524
31530
31554
31666
31724
31760
31764
31868
31976
32022
32048
32082
32084
32182
32256
32270
32318
32318
32326
32340
32360
32464
32468
32552
32560
32572
32684
32684
32744
32868
32894
32940
33002
33006
33032
33078
33082
33106
33158
33160
33244
33250
33252
33308
33372
33380
33394
33448
33576
33588
33604
33622
33676
33682
33698
33712
33734
33744
33746
33752
33824
33830
33836
33860
33874
33906
33926
33948
33952
33956
33970
33980
34000
34054
34054
34082
34084
34084
34104
34112
34118
34124
34148
34172
34182
34188
34208
34214
34228
34238
34240
34254
34266
34268
34274
34288
34298
34320
34354
34356
34364
34390
34406
34412
34418
34440
34464
34476
34476
34478
34484
34494
34504
34506
34514
34526
34558
34582
34586
34590
34594
34600
34616
34622
34634
34634
34646
34690
34696
34726
34814
34820
34844
34850
34886
34886
34924
34936
34946
34998
35016
35020
35028
35032
35050
35066
35070
35156
35186
35206
35212
35222
35222
35228
35264
35316
35374
35376
35492
35528
35584
35600
36196
36666
36982
38408
38638
40290
41308
42278
42560
43116
43288
43636
43840
43992
44270
44612
44798
44900
44946
45070
47640
116590
148242
191496
271464
372132
516964
1367652
2445302
2600670
5401216
12033300
12970432
