Latencies
5316
5334
5334
5344
5350
5350
5374
5378
5382
5384
5390
5390
5390
5392
5396
5398
5398
5402
5402
5410
5414
5418
5420
5424
5426
5426
5428
5428
5430
5430
5432
5434
5438
5440
5442
5452
5454
5456
5456
5456
5476
5476
5478
5478
5480
5486
5490
5492
5494
5496
5498
5500
5500
5502
5502
5506
5506
5510
5514
5518
5518
5518
5522
5528
5528
5534
5540
5552
5552
5552
5554
5562
5564
5564
5570
5572
5574
5578
5582
5582
5582
5584
5586
5602
5612
5612
5620
5622
5636
5638
5638
5640
5642
5644
5652
5660
5660
5668
5670
5670
5676
5676
5682
5684
5686
5696
5698
5702
5708
5710
5712
5716
5718
5740
5742
5752
5756
5760
5766
5766
5770
5772
5782
5782
5788
5794
5800
5808
5816
5824
5830
5832
5842
5850
5856
5860
5866
5866
5884
5890
5890
5900
5900
5914
5918
5922
5922
5924
5926
5928
5928
5928
5934
5940
5942
5952
5952
5958
5958
5968
5972
5974
5978
5990
5990
5994
6006
6008
6012
6012
6018
6018
6034
6034
6046
6048
6050
6054
6058
6060
6070
6084
6100
6104
6114
6118
6126
6126
6132
6134
6136
6148
6148
6148
6150
6152
6160
6168
6176
6176
6182
6182
6188
6208
6212
6220
6222
6234
6240
6242
6242
6250
6252
6254
6288
6316
6318
6320
6326
6328
6338
6346
6364
6378
6390
6398
6410
6414
6418
6418
6434
6456
6480
6496
6510
6514
6528
6544
6550
6554
6574
6590
6598
6632
6660
6662
6668
6712
6732
6742
6756
6758
6774
6776
6780
6786
6790
6808
6818
6834
6838
6898
6906
6914
6916
6932
6938
6944
6944
6982
7012
7022
7082
7086
7104
7112
7122
7178
7206
7236
7256
7284
7304
7330
7344
7362
7386
7440
7452
7478
7498
7524
7622
7666
7678
7704
7732
7746
7752
7758
7770
7770
7794
7824
7830
7844
7868
7882
7900
7924
7938
7948
7974
7978
7990
8012
8032
8046
8106
8116
8122
8130
8148
8182
8186
8256
8262
8274
8300
8324
8350
8362
8394
8422
8424
8442
8452
8468
8468
8478
8510
8538
8612
8660
8674
8692
8696
8698
8736
8824
8840
8852
8888
8896
8912
8940
8946
8948
8952
8960
8982
8984
9006
9010
9058
9092
9100
9110
9110
9122
9154
9162
9164
9166
9194
9196
9198
9208
9242
9246
9276
9286
9310
9314
9316
9320
9330
9338
9358
9376
9410
9410
9420
9452
9476
9492
9548
9558
9570
9588
9594
9606
9634
9650
9668
9682
9702
9710
9718
9734
9752
9778
9830
9838
9850
9876
9884
9922
9936
9958
9970
10000
10012
10028
10052
10058
10062
10114
10116
10146
10150
10166
10176
10180
10182
10184
10252
10256
10260
10276
10280
10290
10306
10318
10318
10322
10378
10380
10400
10408
10410
10434
10464
10478
10486
10502
10518
10582
10596
10602
10610
10614
10626
10694
10702
10762
10782
10786
10800
10814
10816
10818
10864
10868
10888
10922
10980
10992
11004
11010
11036
11044
11076
11084
11088
11106
11132
11140
11174
11230
11242
11256
11272
11276
11284
11284
11308
11308
11316
11340
11362
11412
11420
11424
11432
11448
11450
11468
11494
11530
11532
11554
11556
11562
11562
11572
11606
11614
11618
11632
11640
11666
11670
11678
11680
11708
11708
11726
11756
11772
11784
11800
11876
11906
11910
11912
11924
11926
11944
11976
11980
11986
12022
12062
12062
12096
12100
12124
12136
12150
12156
12162
12168
12168
12176
12180
12186
12190
12198
12214
12230
12252
12278
12302
12344
12360
12384
12410
12434
12462
12462
12470
12502
12546
12578
12626
12626
12638
12638
12646
12656
12670
12680
12702
12740
12762
12766
12770
12774
12798
12818
12828
12850
12850
12852
12856
12866
12900
12936
12968
12974
12976
13000
13030
13046
13048
13058
13066
13080
13086
13096
13114
13122
13134
13162
13174
13194
13210
13224
13232
13278
13296
13318
13328
13328
13328
13336
13350
13360
13388
13416
13416
13430
13434
13452
13468
13492
13498
13512
13512
13542
13574
13644
13648
13664
13676
13688
13704
13708
13712
13714
13714
13728
13746
13808
13830
13834
13848
13866
13884
13916
13920
13978
13988
13994
14056
14078
14078
14096
14108
14112
14118
14120
14136
14138
14144
14148
14148
14158
14172
14190
14194
14208
14220
14224
14224
14236
14242
14242
14256
14262
14266
14282
14286
14292
14306
14312
14330
14332
14354
14364
14370
14376
14384
14384
14394
14400
14408
14414
14416
14418
14432
14442
14444
14448
14454
14474
14478
14484
14486
14492
14492
14520
14540
14550
14602
14636
14640
14644
14660
14668
14676
14678
14680
14692
14694
14694
14694
14696
14696
14700
14702
14704
14714
14716
14730
14748
14754
14760
14762
14764
14764
14766
14768
14772
14790
14792
14796
14810
14814
14814
14822
14826
14832
14842
14848
14850
14854
14858
14864
14868
14876
14876
14888
14888
14888
14890
14894
14896
14898
14906
14910
14912
14914
14914
14916
14920
14922
14932
14942
14942
14944
14946
14948
14960
14970
14972
14972
14972
14992
14996
14996
14998
15004
15008
15010
15022
15024
15032
15034
15034
15034
15050
15050
15054
15056
15060
15068
15072
15076
15076
15080
15084
15086
15090
15092
15094
15096
15102
15108
15112
15112
15114
15114
15118
15118
15134
15142
15144
15146
15150
15152
15154
15158
15170
15182
15182
15202
15210
15222
15224
15228
15230
15230
15244
15270
15276
15278
15280
15284
15288
15288
15302
15304
15308
15308
15320
15338
15342
15346
15362
15364
15364
15370
15384
15392
15396
15408
15414
15416
15420
15424
15424
15432
15446
15464
15466
15474
15476
15482
15498
15502
15524
15542
15566
15572
15590
15590
15594
15604
15608
15654
15686
15704
15714
15722
15724
15794
15852
15894
16036
16050
16052
16136
16158
16210
16512
16760
16842
16990
17014
17430
17466
17770
17824
18594
18728
19570
19670
19676
20328
20396
20478
20538
20566
21458
21516
21752
22140
22590
22638
22648
23030
23066
23084
23092
23114
23414
23434
23452
23576
23670
23768
23806
23836
23878
23984
24098
24138
24374
24422
24432
24446
24512
24558
24560
24670
24710
24728
24738
24774
24862
24872
24898
24964
25090
25140
25184
25378
25576
25642
25714
26038
26700
26848
27068
29274
29498
31406
33696
33912
34258
34380
36020
36834
39866
42216
45090
53210
58560
