Latencies
5324
5366
5366
5612
5638
5662
5674
5764
5782
5784
5836
5852
5892
5938
5960
5998
6022
6104
6126
6146
6212
6248
6310
6340
6580
6610
6666
6740
6798
6810
6838
6844
6878
6914
6964
7008
7126
7298
7384
7450
7452
7514
7602
7690
7700
7984
8100
8232
8354
8380
8416
8416
8438
8444
8468
8502
8526
8532
8604
8610
8694
8768
8846
8878
8886
8906
9052
9052
9078
9082
9182
9260
9322
9566
9654
9672
9688
9716
9724
9752
9770
9820
9830
9836
9900
9954
9980
10004
10094
10164
10196
10240
10250
10366
10380
10490
10520
10524
10534
10552
10582
10588
10598
10632
10632
10634
10640
10672
10720
10828
10860
10954
11012
11036
11168
11288
11294
11314
11388
11482
11494
11516
11610
11650
11698
11778
11966
11976
12086
12126
12184
12192
12200
12220
12340
12370
12422
12516
12572
12632
12740
12784
12832
12906
12914
12920
12938
12968
13008
13058
13118
13192
13226
13304
13316
13472
13566
13592
13656
13702
13746
13804
13814
13872
13994
14068
14092
14158
14230
14284
14310
14316
14342
14344
14362
14362
14370
14374
14384
14386
14454
14474
14514
14518
14592
14606
14608
14610
14616
14650
14664
14682
14692
14706
14718
14726
14756
14764
14868
14916
14964
14964
14992
15000
15062
15082
15090
15092
15094
15100
15158
15162
15184
15198
15204
15270
15278
15290
15306
15338
15342
15358
15384
15392
15396
15398
15404
15408
15424
15436
15530
15530
15548
15568
15572
15578
15590
15616
15634
15658
15688
15750
15752
15792
15814
15822
15862
15956
15982
15998
16008
16054
16066
16198
16268
16310
16310
16328
16344
16384
16432
16600
16626
16654
16676
16688
16690
16730
16858
16866
16870
16916
16920
16964
17020
17072
17092
17112
17194
17206
17212
17232
17262
17318
17400
17438
17512
17540
17660
17678
17686
17802
17858
17884
17884
17888
18092
18102
18104
18164
18210
18238
18256
18300
18302
18316
18322
18342
18460
18490
18530
18564
18590
18590
18596
18714
18732
18806
18810
18868
18900
18902
18912
18928
18934
18934
18944
18976
19036
19056
19126
19128
19182
19232
19252
19276
19326
19386
19408
19448
19464
19502
19568
19586
19598
19628
19694
19718
19718
19808
19836
19858
19892
19948
20058
20090
20108
20108
20186
20234
20334
20368
20380
20514
20626
20694
20700
20742
20756
20822
20854
20878
20908
20946
21004
21020
21048
21086
21086
21096
21128
21132
21140
21198
21260
21336
21354
21408
21414
21450
21504
21516
21584
21772
21796
21826
21842
21994
22000
22014
22154
22194
22198
22204
22220
22270
22326
22384
22462
22468
22496
22506
22580
22602
22614
22646
22654
22668
22792
22850
22912
22982
23028
23038
23072
23132
23158
23164
23340
23350
23394
23416
23488
23494
23550
23604
23750
23780
23824
23910
23922
23980
24032
24118
24138
24192
24252
24254
24268
24270
24292
24308
24360
24388
24438
24438
24456
24474
24490
24566
24568
24582
24602
24606
24648
24654
24654
24688
24694
24712
24748
24760
24768
24770
24790
24794
24810
24848
24848
24860
24872
24880
24884
24908
24916
24978
25026
25072
25102
25126
25134
25140
25178
25184
25196
25262
25278
25296
25342
25342
25354
25382
25412
25428
25442
25474
25474
25482
25486
25494
25510
25602
25690
25706
25714
25724
25734
25770
25782
25836
25886
25902
25916
25962
25976
25980
25996
26014
26016
26034
26038
26046
26058
26086
26094
26102
26130
26236
26262
26356
26376
26458
26476
26548
26578
26586
26598
26610
26616
26636
26654
26672
26720
26778
26804
26882
26886
26888
26912
26948
26974
26990
26992
27002
27026
27052
27086
27104
27268
27268
27294
27358
27382
27456
27460
27464
27488
27494
27542
27586
27620
27730
27766
27776
27790
27818
27818
27826
27844
27872
27922
27952
27966
28014
28024
28114
28328
28388
28414
28452
28454
28458
28608
28640
28680
28716
28740
28742
28760
28802
28832
28894
28976
28982
29148
29152
29170
29214
29266
29266
29278
29322
29324
29342
29350
29382
29408
29416
29428
29444
29510
29538
29542
29608
29622
29654
29658
29706
29734
29764
29778
29804
29834
29922
29982
29988
30010
30218
30242
30288
30300
30300
30314
30326
30364
30422
30452
30488
30572
30578
30600
30626
30630
30674
30696
30708
30734
30756
30798
30804
30824
30840
30898
30942
30952
30988
31002
31018
31022
31050
31108
31118
31118
31246
31282
31414
31504
31630
31650
31670
31692
31772
31792
31858
31878
31882
31918
32096
32144
32158
32194
32206
32220
32230
32232
32238
32256
32300
32336
32350
32352
32402
32404
32426
32446
32458
32482
32520
32540
32542
32584
32634
32666
32708
32836
32844
32854
32874
32876
32966
32968
33042
33084
33132
33152
33192
33222
33292
33316
33320
33366
33368
33398
33414
33444
33452
33476
33494
33532
33568
33588
33590
33644
33658
33694
33694
33750
33754
33802
33868
33872
33886
33886
33900
33916
33932
33952
33960
33968
33970
33998
34000
34004
34016
34024
34046
34066
34082
34084
34092
34130
34132
34134
34144
34150
34158
34160
34162
34162
34164
34172
34176
34176
34206
34214
34226
34274
34280
34286
34294
34306
34316
34324
34326
34328
34346
34356
34372
34376
34382
34396
34406
34406
34416
34422
34432
34438
34446
34456
34458
34458
34466
34468
34468
34470
34472
34476
34482
34482
34490
34492
34492
34496
34504
34526
34532
34546
34546
34556
34558
34558
34558
34572
34574
34578
34580
34580
34592
34598
34602
34604
34606
34618
34618
34620
34622
34622
34640
34650
34658
34664
34670
34682
34690
34696
34700
34706
34708
34716
34742
34758
34762
34766
34774
34780
34804
34824
34832
34838
34846
34856
34860
34860
34862
34868
34898
34900
34908
34910
34916
34920
34928
34946
34960
34968
34970
34984
34994
35016
35020
35026
35040
35042
35046
35046
35090
35106
35112
35120
35138
35190
35208
35212
35218
35242
35254
35270
35288
35288
35292
35300
35308
35364
35384
35420
35432
35486
35528
35530
35580
35616
35622
35802
35840
35882
36042
36102
36132
36230
36750
36816
36850
37078
37114
37994
38016
38602
38692
39078
39206
39232
39952
40724
40904
41778
42250
43206
43366
43560
43850
43912
43952
44090
44398
44524
44556
44824
45186
45446
45700
45952
47122
47422
47534
49482
50070
51496
52400
52572
54558
54572
54826
54926
55102
55318
55524
55872
55974
57952
59450
61420
62726
63558
71640
73070
76084
94694
157568
195184
964184
