Latencies
7082
7044
5282
5676
5760
6060
6382
7002
6016
5506
5888
5678
5232
5678
6236
5850
7572
5406
5508
6096
5394
5416
5494
5426
5596
7916
5330
5360
5292
6706
6002
5476
5838
6062
5600
7096
6124
6208
5656
5432
5862
5312
5338
5588
5360
5928
5318
14520
5480
5658
14016
5436
5414
5372
5576
5362
35584
5454
5318
5270
5314
6002
5754
5612
8972
25946
5270
5346
6530
5798
5914
5254
5322
5310
5964
5318
5696
5472
5764
5570
5092
5346
5200
5302
5176
5424
5084
5406
5162
6808
5234
5274
5240
5370
5288
6382
6384
5310
10844
5716
6318
5564
5238
5736
5316
5190
5208
5312
5776
5754
6272
20626
5440
6766
5360
5462
5304
5368
6206
5664
5546
5496
15330
6182
5292
5314
5320
5618
6082
5528
5980
5776
5290
5272
5762
5574
5304
5626
5522
5288
5794
5484
5288
5866
5924
5740
6006
5500
6076
5584
18176
5358
6296
5778
5378
6052
5368
5310
5874
5252
5922
5404
5540
6056
5418
5724
5724
5408
5514
5294
5434
5730
5416
5232
5694
5352
5372
6144
6638
5362
5354
5324
5282
5264
5270
12734
5358
5242
5554
31038
6186
36010
20408
6372
5434
6124
5596
5488
20510
6150
5534
6058
5352
5406
5612
6302
5562
5268
5640
5586
5908
6108
5894
5976
5802
5748
5440
5356
5374
5772
6266
5286
5224
5684
5930
5356
5232
20600
5288
5378
5672
5778
5386
5240
9000
5418
6134
5820
5474
5518
5620
5668
5730
35660
5314
5626
5898
5588
5438
6278
5270
5790
6196
5356
5488
6372
5300
5310
5910
5442
5520
5502
5324
5324
5502
5410
5628
6160
5522
5424
5680
5332
5646
6014
5394
5434
5904
6638
5654
5218
5284
5462
5792
5340
5256
5428
5390
5574
5730
5398
5550
17284
5258
5630
5946
5402
6144
6098
5926
5688
6018
5830
5400
5432
5942
5334
18898
5800
5998
5382
5726
5746
5962
5522
5440
5780
5412
5306
5284
5480
5732
5574
5352
5244
5372
5844
5876
8628
5844
6736
5258
5654
5316
5388
5400
27720
5342
5606
5602
5700
19640
5306
5720
5544
6384
5286
5914
5388
5274
5266
6020
6086
5664
5680
5826
5316
5624
5668
5464
5206
5388
5698
5312
5506
5472
24492
23130
5290
6190
5256
6432
5246
5902
31048
5838
6682
6764
5992
22500
6244
5372
5682
5438
5318
5584
5458
41800
6016
6726
5794
5380
5274
5444
5422
6598
6072
6336
5446
5666
5794
5596
5500
5598
6380
5436
6200
5604
5502
5290
5918
5936
5608
5856
5580
6040
5484
5758
5232
5606
5964
5476
5394
7292
5608
5582
5802
5676
5486
7094
7518
5334
5398
6220
5452
6090
5288
34614
5266
22632
6650
5872
5310
5680
5344
5268
5676
5388
5316
5444
5662
5294
5226
5358
5904
5280
5436
5432
5872
5286
5884
5812
5906
5532
5926
5282
5236
5626
5832
5544
5740
5766
5710
5366
6514
5450
5766
5206
5744
5280
5670
21682
6626
5676
5284
5352
6042
5262
5154
5434
5228
5690
5426
5222
5548
17976
5840
5258
5662
5568
5140
5414
5554
6516
6262
5616
5226
5330
5416
5402
5200
5916
5282
5288
5618
5960
5790
25026
18648
32324
5268
5258
5358
5358
5398
5284
5260
5302
5270
5160
20416
5616
5428
5818
5472
5370
6290
5320
5198
5384
5106
32534
5292
5572
5350
6124
5840
5266
5580
5372
6530
6010
5260
5374
5300
5578
6160
5322
5412
5504
5296
5252
5740
5612
5254
5276
5612
5316
5790
6054
5418
5258
5896
5832
5272
5810
5300
5308
6016
5398
5432
5408
5258
5306
6018
5526
5514
6040
6686
5668
6410
5808
5344
5282
5664
13322
6512
5778
5800
5256
5552
5706
5758
6610
5612
6468
5736
6154
5268
5238
5396
5156
5854
5262
6034
5956
5384
5284
5842
5248
5264
5592
5346
23692
6192
8838
5478
5346
5342
5894
5412
5278
5976
5274
22820
5478
5432
5590
5394
5350
5878
5402
5760
5326
5426
8200
5332
5396
7026
5332
5652
5440
5374
5696
5536
5784
6154
5372
5350
5332
9474
5322
5408
6022
5266
5398
5378
5350
5904
27194
5530
6460
6612
6296
6018
5548
5996
5350
5992
5636
6390
39074
5482
5570
5640
5444
14246
5310
5274
5700
5608
5302
6136
5508
5772
5248
5506
6206
5466
5650
6266
5758
5332
5204
5382
5862
31220
5702
5958
5522
5494
5246
5428
5636
29436
5226
6974
5302
5844
5552
5596
53772
5650
5400
6032
12668
14162
5518
8706
7516
7488
7792
5406
29808
5254
5512
5624
5662
5396
5336
5348
5236
5360
5258
5840
5550
5296
5772
5288
7908
5182
5304
5516
5250
5926
5864
6130
5480
5284
5902
6480
5650
5930
5342
5336
5632
5358
5864
18308
5460
5990
6346
5314
5824
5348
5852
5284
5656
5730
5994
5244
5514
5438
5340
5888
5378
5344
5488
5898
5794
5296
5754
5356
5340
5298
5438
5932
5596
7140
6260
5308
5256
5284
5306
5464
5732
5574
5614
5474
17164
6068
5504
5426
6112
5514
6192
6008
5818
5634
5516
5318
5930
5336
5514
5636
6174
25206
5318
5866
5912
5424
5838
5670
5318
6544
5344
5306
5416
6042
5486
5282
5866
5370
5274
5312
5268
5266
5804
6448
5294
6126
6058
5436
5732
7610
5336
5132
5576
5220
5768
5906
5408
5460
5226
5416
5316
5390
5382
6008
5434
5990
5910
5324
5246
6076
5386
5390
6220
5574
6032
5732
5338
6042
5528
5206
5322
5270
5260
5490
5346
5492
5322
5304
5842
5368
6672
5412
5274
5350
5672
5274
5418
16988
5256
5806
5682
22196
5896
5308
5308
5778
5246
5490
5892
5154
5484
5102
33570
6272
5452
6014
5332
5818
5322
5260
5968
5308
5262
5436
5278
5616
5704
5254
5506
5926
5772
5796
5688
5258
5902
5356
9508
5470
5408
5766
5622
5738
5216
6050
5370
5290
5380
6044
5246
5270
5208
5574
5254
5484
5212
5620
5158
5450
5348
5268
5240
5812
5858
5508
5550
5740
5266
5236
5376
5778
5332
5242
5612
5626
5254
5122
5360
5632
5492
5216
5350
5700
5214
5644
5290
5482
5950
11044
5262
11794
6124
5108
5466
5246
14704
5428
5248
5344
5262
8828
5890
5898
5640
5348
5844
14640
6016
5294
5588
5582
5506
5322
5282
5756
6274
5532
5232
5242
5520
5340
33096
5976
6054
5410
5646
5306
5982
5412
5390
5352
5926
5926
5434
5198
5790
6130
6738
5648
5676
5574
5982
5794
6558
6260
5940
5294
5350
5578
5322
6104
5390
5284
5286
5646
5986
5542
6048
6182
5504
5264
5382
14682
5312
11292
6032
5326
6708
5188
5408
5244
5484
5974
5158
5764
5278
6026
5304
5990
5260
5356
5584
5346
6442
5630
5726
5618
5314
5612
5644
5464
5656
5506
5994
5278
21020
5266
5558
5504
6012
5732
5292
5220
5306
5516
12718
5396
5668
5610
5686
5490
5256
5632
5438
5492
5326
5936
5248
6006
5368
6758
5684
5406
14926
5360
44974
5332
5836
5334
20778
24588
6086
5846
5312
5170
5440
5648
5422
7274
5332
5272
5252
5272
5604
6152
6600
5326
5598
5880
5446
19668
5376
33890
6112
5566
5774
5428
5434
23084
5456
5324
5900
5654
5576
5314
5352
6076
5942
5650
5478
5588
5808
5312
5762
5782
5808
5406
5250
6102
5264
5948
18796
6678
5478
5604
5308
6078
5318
5362
5706
16710
5634
5440
5486
6140
32716
5272
6170
5170
5296
5412
5392
5422
5558
5444
5586
32108
5416
5240
5330
23628
7084
5526
5328
5260
5510
34012
5272
5576
5248
5348
5216
5372
5292
5298
5352
5848
5928
5860
5354
5522
5274
5234
5870
5504
5376
10740
34548
5254
5216
5204
5210
13368
5238
6472
5378
5348
5390
5362
5998
5708
5300
5358
5676
7714
33208
6158
5368
5768
5398
6084
5608
5204
5214
5390
5608
5658
5216
5166
5210
5276
5716
5212
5408
5446
5278
5328
6098
5274
5562
5224
5266
5536
5266
5532
5934
6090
34292
29476
5328
5284
5408
5288
5260
5918
33798
6004
5996
5122
5130
5714
5522
6066
5348
24612
6164
5472
15270
5222
5472
5478
6126
5588
5314
5208
5842
5494
5566
5772
5314
5550
6050
6080
6054
5986
5556
5536
7160
5668
5278
5662
5954
5578
5330
5864
5578
5328
5412
5440
5710
5810
5648
5716
5794
5516
5322
5384
5850
5458
5374
5462
5422
5626
5414
5768
33750
5374
5712
5340
5298
6468
5320
5878
5320
6192
5358
5450
5598
5330
5564
5414
5270
6378
5468
5902
5632
5398
5442
5992
5990
5272
5934
5774
5302
5382
6174
17452
6226
5392
5300
6036
5282
5586
5728
5434
5466
5658
5576
5804
5878
5460
5558
5428
5294
5654
6200
5280
5956
5820
5320
6080
6436
5496
5980
5310
5944
5684
5632
5324
5278
5362
5146
5718
5336
5576
5816
6870
5388
6176
5440
5390
5188
5406
7406
5620
6072
5286
24864
5302
5174
5722
9076
5400
8886
5730
6746
5704
5992
5260
5642
5658
11398
5510
5794
5320
5718
25804
5244
5258
6166
5356
5288
5760
5700
5200
5326
6042
5676
5790
5214
6148
5300
5414
5700
5558
7096
5850
5540
5768
5462
5344
5658
5966
19388
5310
8690
5596
5484
5214
5738
5300
5174
5252
5714
6334
5174
16262
6284
5868
5284
5292
5474
5462
6408
5600
5688
5544
6500
5696
5922
5908
6104
5734
6592
5702
5314
5478
5240
5250
5666
5944
5304
24144
5508
5256
5260
5622
5482
6354
6114
5490
5340
33102
6096
33870
5208
5268
5544
5256
5526
5284
5368
5286
5952
5414
5198
5332
5314
5302
5248
5318
5650
5660
5624
5560
5544
5778
6618
5624
5288
6476
5568
5510
18086
6166
5206
5360
5308
5230
6176
5338
5900
5962
5508
5736
5772
5906
5836
5998
5426
5136
5388
5218
5482
5206
5438
5950
5326
5764
5226
5800
5610
34018
5632
5396
20174
5356
5338
6170
5708
5246
6054
6150
6784
5980
5320
5196
5612
5286
5426
5310
5664
5406
5500
7242
5288
5438
5360
5620
5896
29344
5176
5352
5600
5198
5518
5194
5232
5196
5232
5688
5458
5266
5444
12772
5432
5886
7322
6716
5398
6108
5270
5962
5574
5718
5392
5414
5310
6094
5638
5822
5524
5900
5346
5478
5672
13510
5220
5592
5378
6240
5948
5306
5798
6358
6408
5626
5402
5940
5278
21014
12628
5272
7402
5854
5308
5300
5782
5276
5238
6162
5888
5680
5222
6236
5308
5552
6138
6344
5358
5916
5342
5984
5580
5460
5594
5252
5560
5366
6212
5308
5268
5640
5262
5200
5382
6092
13214
5760
5238
5286
5618
5318
5648
5892
6056
5256
5166
24602
5196
5522
5182
5454
5294
42130
29644
6136
6000
5308
5306
5812
5408
5312
6230
5234
5884
5186
5402
19734
6876
5230
5262
5980
5770
5592
5892
5548
24784
5152
5624
5392
5618
5456
6268
6056
5914
5334
5344
5828
5534
5748
14468
5298
5426
5302
6016
13404
5478
6050
5702
35666
6404
5264
5354
5388
5502
5332
5806
5304
5944
5710
5942
6038
5776
5844
5852
5734
5320
5310
5692
5516
6410
5438
5524
5346
6560
5948
5962
6238
5442
5328
5506
6478
5408
5606
5936
6036
5366
5650
5408
5394
6206
5360
6162
6874
5636
5336
5512
5678
5436
5706
5528
5394
5834
5988
6362
5414
5282
6096
6346
5358
5232
5590
5274
6196
5388
5636
5356
5542
5706
5340
5498
5648
5288
6254
5872
5260
6176
5842
5360
5448
5638
5990
5896
5954
5776
5980
7410
5302
5746
5870
5568
6988
5340
5676
5432
5874
5280
6138
5356
5728
5710
5448
5636
5660
5240
5970
5494
6634
5510
5412
5862
6724
5766
5456
5236
5476
5494
5780
5642
5514
5766
5458
6314
5562
5872
5690
5510
5418
5350
5596
16572
5244
6430
7302
7184
7258
6334
5536
7254
34936
5342
5362
5444
5304
5578
12952
6048
5414
5730
5436
5266
5514
6424
5300
6068
5382
5854
5434
5586
5852
5392
5736
5434
5738
5278
5430
5686
5582
5856
6084
6380
5614
5514
5442
5518
5328
5620
5358
6204
5646
5386
5708
5520
5916
5626
5402
5928
6010
6126
6168
5564
32298
5758
5524
5252
5318
5612
5902
6352
5876
5550
5298
5440
6004
5714
5284
5438
6930
5404
5630
5662
5526
5846
5186
5338
6238
5540
6054
5506
5696
6044
5142
5722
5390
5242
5768
