Latencies
34366
13670
8604
5984
9936
44124
34386
43648
35502
44064
31768
31486
24484
25150
12300
28002
18238
24710
24288
24624
35496
15218
14718
11036
50504
15350
87934
27640
14218
15272
14314
20464
25250
27884
24252
34762
7190
13808
9134
15400
6828
40750
28110
30688
33194
5514
30698
16526
35182
24436
34392
34502
34868
34552
34544
34186
34598
15532
19936
13790
24834
28198
23294
28246
14584
16914
19070
7184
20874
25216
28824
14802
14064
12232
14404
12138
34722
21558
19954
28114
10714
32004
27796
34538
33934
34118
22126
15858
22918
18728
29424
43572
20350
25834
14758
15800
7182
9252
10508
13468
24338
32124
22182
34636
41502
243668
34342
34672
22566
8640
18134
23176
30142
34100
18426
16076
21722
13436
14110
11968
8514
10084
29326
21464
10668
24986
33998
21922
31134
22032
11774
8044
15790
34518
34268
23238
37338
33702
635314
33640
16112
13474
10332
14114
14940
31866
19218
15858
15536
16756
24736
6574
10684
24518
29196
28390
27326
18168
29404
11706
14026
27586
8752
31654
29846
18972
31006
10560
21788
10390
21156
26220
15030
15264
14994
14742
14978
14604
15184
8990
14488
24734
26720
6868
11552
15140
8574
12972
13918
25508
25104
34246
12568
15404
34754
18634
5866
5660
14812
6512
17990
25544
22302
22418
21828
30518
21186
26076
120356
24776
25804
34266
24890
29210
17264
21162
13466
7528
9306
10692
6412
14604
15514
15002
15314
11254
9028
12116
23612
22700
10182
25084
24610
34000
34368
34484
34700
34780
35740
35458
34700
30726
26620
26350
20540
16820
33036
21634
23498
35310
33958
33216
32488
16064
25056
25462
17640
23488
9712
11108
14150
15046
11046
14926
24492
17566
32684
24156
25536
29628
20748
25388
31164
13766
5648
6560
11524
6448
27826
34670
24844
24866
14722
5378
11832
11368
6044
24728
18476
19420
5572
14918
29436
35250
7918
24942
8360
34628
34190
10246
15322
25736
27276
24594
11094
11482
12028
25140
13948
5628
14128
11286
14032
22028
23732
24708
14954
9732
6412
10538
43642
35122
34594
33824
34476
34898
35412
34136
14988
15564
15210
9786
10204
20174
15266
29684
15880
15282
15218
15504
15524
14846
15152
15476
14832
14758
9478
24928
16968
14814
34498
22778
22996
23838
18786
24472
14686
10186
12424
11462
27094
25060
24794
22326
25236
23674
25176
29960
8828
32594
29376
34496
24208
16806
33680
30144
12840
8122
10956
9636
13658
15186
16248
18436
15610
5534
6230
9336
5250
11430
6008
24056
22410
31572
27724
7642
24752
15656
6488
6842
14234
10534
14638
15028
5430
5650
13140
14632
12598
10156
25246
25462
16488
23244
33714
34656
32758
11754
11584
34934
29452
25428
26328
32878
8818
7142
8020
13162
11628
14742
27840
9198
15176
9538
12016
8542
34204
31536
30584
33300
24368
34660
35060
33952
28152
34424
34784
10328
33638
7670
14300
12878
7654
7854
5776
26674
31280
17770
16050
20048
23148
33024
25904
21476
34592
23306
25434
19010
21266
19736
32464
12662
5634
32876
30194
26464
142958
31856
9228
11784
5784
11018
13182
6530
6684
14882
44928
34336
34640
34492
11152
17458
21770
24576
17154
591230
18614
5536
9068
11798
9530
23018
24942
11294
7910
11990
44460
34524
24684
14856
14788
20012
20782
21712
45206
24870
34328
34548
35052
34442
409444
33802
67962
5934
14798
14838
34636
34678
34324
34560
34998
9052
36408
24606
28956
24714
15766
14984
15580
11398
13900
11384
14582
14082
18390
5728
14332
13556
9598
14030
11584
13222
10422
26184
25308
31174
14268
30452
11050
24420
5514
14474
15028
15290
14974
15140
14892
15496
14926
15132
15376
14648
15004
15476
14812
15670
14824
14978
15496
15946
5884
22576
32500
15314
7288
34752
21052
9808
24918
15056
14922
14802
15210
14726
34562
35170
34200
34672
23762
34524
14834
14904
14594
15300
15208
15788
14824
14924
19686
5936
43712
14342
14326
15070
15074
14618
14722
14390
14466
12060
8960
6168
9890
15398
6958
8398
12978
14286
11062
461906
33448
24848
24456
33872
34160
34952
34836
34378
34554
34776
129492
8204
5522
12018
13546
14482
9946
22038
30628
15304
6390
5858
11372
7446
38636
15052
14056
6386
19400
17932
20040
14990
7748
9042
35234
34708
32132
26640
18038
16492
26576
8234
14148
13830
5642
10836
14314
6842
11708
10308
11058
13228
26204
36012
34706
35562
35192
24670
14810
14678
14646
14504
14494
15148
15488
15450
14500
14348
14522
14808
15520
13940
14142
33534
21370
32860
28890
34938
24574
33992
34094
30700
30838
28268
15266
14648
14722
15388
15554
14466
14764
15378
15646
15018
14692
15734
15014
13064
14138
12720
14460
9472
6784
33806
22434
13570
29712
19882
30308
18946
35660
25228
28832
24522
15076
14936
15612
15194
14416
5848
14648
14184
6926
32694
27542
15756
22380
15664
5848
24960
15322
18404
6806
5430
16584
14626
14970
9280
10596
12156
11088
2417732
6026
5540
5562
5958
14918
6078
14512
15036
14990
5602
14398
9190
15698
14752
6462
5490
7362
9758
15516
14408
5630
13526
14250
24860
6424
5458
5438
6296
9558
15144
5672
13230
14772
6196
14418
6092
8640
6400
11762
9334
10816
12298
5992
15692
32118
30014
31872
6884
6026
5434
13034
5856
12928
43884
35140
35158
34310
34268
34642
34438
35002
34468
19100
30480
32736
8230
13700
5398
6158
14260
7248
7512
7060
11932
12286
10180
12826
8882
11526
10798
23964
8298
5492
5560
6600
5384
5466
5480
5958
5328
5446
5408
5694
5448
6174
5406
5484
5306
5578
5584
5486
5352
5334
10376
15776
7224
24146
14550
15038
14842
15502
14912
15476
14932
15000
15130
15230
14628
15258
15192
15248
15018
14880
15682
15278
14732
15192
25862
5786
15756
15502
13866
8890
29552
19288
24596
7536
6148
5458
5892
5464
5424
5404
6334
27204
5590
5366
6530
5424
5420
8188
44414
24326
34400
34626
34776
35250
21648
35030
23400
33290
18670
14890
14666
14744
14704
15246
15766
14806
15136
15144
15472
26904
22662
5478
15226
15022
23464
33706
6694
5770
5936
5786
5920
7860
28830
10108
15670
15028
15148
15016
15100
26260
18886
6650
14424
15390
14740
15056
14568
15242
15028
8850
11918
8560
7252
7034
5324
26344
36008
35688
34712
34744
34400
34700
34564
34760
34700
34508
34660
34710
34518
34334
23876
7318
23566
21664
30734
15594
15620
15024
15318
25542
23902
34888
34658
14802
14884
10510
15774
29566
23266
16454
10588
14722
13914
35458
6772
11136
29638
31184
13990
12824
17774
23486
9178
31144
42906
8992
12992
23336
28012
18184
14182
21010
29722
30724
17320
33038
24036
35432
34610
26740
22340
23500
9662
6824
12302
15538
14692
15058
15032
14918
14942
15166
14710
15062
30024
33272
34452
33852
32772
15894
7204
5842
5564
5356
5344
5354
5512
5352
5426
6026
5464
5910
5344
6074
5350
15406
14528
8842
22560
15166
8072
5992
11176
43862
24598
29482
25130
26742
19642
14880
12256
24072
27800
7990
6170
8330
6522
12648
5370
5792
14018
14004
23722
22032
33500
24822
24768
24696
34398
34540
34998
24310
25358
21796
34378
24444
17658
19440
10564
11510
14452
14956
7082
8552
11570
6952
8146
19544
33718
24770
25914
24134
57404
22458
28658
24464
34906
24998
30608
25876
32436
30104
25694
19124
17862
27278
17886
221636
11880
8894
11970
9824
8176
8956
15778
24432
877290
22286
17560
19108
14146
24420
6736
5858
5780
11812
10508
10514
10302
13274
7562
24100
17624
30554
17082
33680
18234
10986
24692
14872
15394
7586
5486
11088
13788
16224
5498
8096
16370
6760
6826
14386
9432
12754
17014
6540
6542
48028
29354
26912
25044
24904
34744
35152
13536
15438
10294
14108
7560
12020
7320
6228
9684
13548
47676
34300
24872
34556
13600
9978
14694
11606
13790
14636
14066
11948
12010
9432
20728
10938
13886
14070
5666
5562
5854
5352
7594
23566
19954
18948
19176
5442
14874
12794
9222
10234
24028
14684
14388
15472
14758
15400
15122
14718
12936
15332
58968
36164
24230
34986
29854
13294
23164
11312
16142
6374
8324
14956
5708
11004
26078
34196
14568
18994
28960
14564
9176
14512
7854
19486
25262
34708
88392
14434
14586
48834
14856
14672
12184
13650
14316
14982
15302
25108
30884
24668
34418
34060
28722
8802
5732
11108
6266
49404
1406556
13288
14614
12168
5718
15470
26814
26412
34718
27512
5660
5424
5414
13718
11170
6428
10126
9558
9532
7750
6450
10000
12816
25926
16548
11514
10092
9878
14472
6796
15086
11998
14780
9174
12398
5904
8318
11774
12318
12686
13570
5594
11582
6258
13446
24230
14740
14802
5486
7288
12632
10632
31240
34942
28434
30976
16482
16258
34046
30578
30826
7636
15796
11888
12084
14874
6942
11056
8154
6100
13322
11508
8350
6394
7670
15018
6310
11072
14574
9480
14054
12196
28086
24492
14338
14574
16082
15018
7426
16096
5690
15246
15042
15352
15050
15370
15124
15104
16140
15454
22664
17618
17836
20650
13350
17900
6092
11120
18962
8410
22718
22166
17030
32688
29174
34640
24142
34584
30834
31406
11226
7804
18934
12850
15188
5538
7584
9898
8900
28408
34238
24926
494586
14564
15626
14718
14114
10436
8958
9392
7524
14762
5576
15280
11696
10794
8326
12166
15004
14790
15088
15258
14844
15022
14922
8044
8694
13826
8454
11568
11754
9188
12202
15148
14952
11666
14680
7082
14754
26614
23784
25550
21930
27150
24858
8464
8956
12348
7440
14708
10292
7624220
15488
15036
15274
14736
15028
15510
14662
14906
15114
15326
14922
24036
22982
9718
8628
12152
7514
14726
17886
12896
7408
7810
9154
43912
26204
9026
7132
13458
35042
36594
35424
36330
28410
25612
34560
35016
6820
6792
9018
15608
5980
10644
14530
13322
5978
35150
24450
35370
35424
21082
12774
32936
25562
7242
29930
29532
27298
33044
28456
29970
30696
34792
34832
34934
34262
34738
34938
34424
34754
34316
16296
28784
28884
24420
25366
24406
15326
5382
10838
9396
34084
24166
14846
14280
14966
34128
34318
34756
34882
34502
35146
34558
35162
34596
34618
34278
35190
34698
34936
34528
34154
34860
34110
34820
34282
34118
34080
34208
35668
34826
33796
34330
13644
35998
26672
14308
24316
34260
11708
20642
12704
9384
8872
13844
11132
14222
9082
9738
11876
13246
14460
13156
11148
15116
14338
15364
14814
15388
14996
14454
5788
15140
14524
15632
14950
14362
15398
5554
5664
5916
8706
8854
7558
14872
11188
8030
5626
10226
6366
14122
12454
20614
23196
31792
31020
30178
23514
6874
12610
6170
5978
5408
5958
5820
5746
24930
35140
34644
34528
34790
34590
34520
34440
29008
20244
14188
12404
14764
8598
14822
15368
15542
14838
14894
14712
15318
15316
15034
14622
15420
15536
14872
15224
15240
10410
14216
13236
15032
14854
14670
14946
14704
14740
15374
28252
34728
15350
14686
15166
14974
15280
15000
15088
14980
15094
15048
15264
14832
26852
5428
7270
14602
13340
7860
9570
28264
17546
23028
17148
16190
24508
14030
24244
14948
14946
15178
15950
14810
14682
14702
15834
15108
14944
15190
14380
15542
15070
15422
14892
15030
15490
15198
15298
14970
15410
14874
15228
15502
15034
14876
14938
14948
15546
15614
15258
15136
14776
15382
15202
14894
15488
14896
15058
14916
15506
15104
15588
14820
6416
5916
6434
6326
5944
5512
5344
9348
14964
14444
15188
14810
14756
8358
7742
5702
6134
5728
8802
34554
25600
34732
34564
35950
34642
35670
35414
34740
34710
34836
29374
22552
15252
15102
8254
14778
15612
17692
10868
15160
16278
21964
13318
14682
13452
10074
9356
5830
22506
1911364
12084
15008
15526
15852
5268
5382
5520
5406
15504
12050
14950
14594
24552
14342
6462
13922
14158
5572
9590
6476
12134
15160
12918
24322
6420
31602
21304
22676
12200
5754
14654
15430
14440
15350
13236
27638
14192
11804
7230
5920
8994
13790
11754
10476
14474
11856
16704
6490
5664
8272
6262
12502
6308
5366
7334
10176
15592
30284
24238
17672
27268
12706
12754
33878
34078
21340
20752
7358
10444
12602
6878
27648
24176
5562
5934
5760
5476
14616
13422
9678
26858
13800
5498
5450
5538
22530
21282
28466
18128
44330
35048
34642
34192
34654
34568
34490
34912
33384
28544
16966
13958
11418
5496
5370
6520
12076
11974
6618
5574
22182
26762
17330
34116
25220
34392
19682
26770
34408
30164
7258
12318
6082
10130
10678
28894
15860
21462
26780
5850
11718
14836
9342
6716
5312
6060
5932
5226
5372
6082
10738
6182
14146
11162
7882
14528
14788
5634
9970
6370
5562
5844
5556
5444
5954
5912
5428
5732
5318
5316
5826
5918
5412
6236
5396
5962
6790
6788
14934
