Latencies
4964
4986
4994
4996
5000
5002
5010
5014
5022
5026
5028
5030
5030
5030
5034
5034
5038
5038
5040
5040
5040
5044
5048
5048
5050
5052
5052
5052
5054
5056
5056
5056
5056
5058
5064
5070
5070
5070
5072
5076
5078
5082
5084
5084
5086
5086
5088
5090
5092
5092
5096
5098
5100
5102
5104
5104
5108
5112
5114
5118
5120
5120
5124
5124
5124
5124
5126
5126
5128
5128
5130
5134
5134
5136
5136
5138
5140
5140
5140
5142
5142
5142
5144
5144
5144
5146
5146
5146
5148
5148
5152
5152
5154
5154
5154
5156
5158
5160
5162
5162
5162
5164
5166
5166
5166
5166
5166
5168
5168
5168
5168
5170
5170
5170
5172
5172
5172
5172
5172
5172
5172
5174
5174
5176
5176
5176
5176
5176
5176
5176
5178
5178
5178
5180
5180
5182
5182
5182
5182
5184
5186
5186
5186
5186
5186
5186
5188
5188
5188
5188
5188
5190
5190
5190
5192
5192
5192
5192
5192
5194
5194
5194
5196
5196
5196
5196
5196
5198
5198
5200
5200
5200
5200
5200
5202
5202
5202
5202
5202
5202
5204
5204
5206
5206
5206
5208
5210
5210
5210
5210
5212
5212
5212
5212
5212
5212
5212
5214
5216
5216
5216
5216
5218
5218
5218
5220
5220
5220
5220
5222
5222
5224
5224
5224
5224
5226
5226
5226
5228
5228
5228
5228
5230
5230
5230
5230
5232
5232
5232
5234
5234
5236
5236
5236
5238
5238
5240
5240
5240
5242
5242
5242
5242
5242
5244
5244
5244
5244
5244
5244
5246
5246
5246
5248
5250
5250
5250
5252
5252
5252
5252
5254
5254
5254
5254
5254
5254
5256
5256
5256
5258
5258
5258
5258
5260
5260
5260
5262
5262
5262
5262
5262
5264
5264
5264
5264
5264
5266
5266
5266
5266
5266
5270
5270
5270
5272
5272
5272
5272
5272
5274
5274
5274
5274
5274
5274
5274
5274
5276
5276
5278
5280
5280
5280
5280
5282
5282
5284
5284
5284
5286
5288
5288
5290
5290
5292
5292
5294
5294
5294
5298
5298
5298
5298
5300
5300
5302
5302
5302
5304
5304
5304
5306
5306
5306
5308
5308
5310
5310
5310
5312
5312
5312
5312
5314
5316
5316
5316
5316
5318
5320
5320
5322
5322
5326
5326
5326
5326
5328
5328
5328
5330
5330
5330
5330
5332
5332
5334
5334
5336
5336
5336
5336
5338
5340
5340
5340
5342
5342
5342
5344
5344
5346
5346
5346
5346
5348
5350
5350
5352
5352
5352
5352
5352
5352
5352
5354
5354
5356
5358
5358
5358
5360
5360
5362
5362
5364
5364
5364
5364
5366
5368
5368
5370
5370
5372
5372
5372
5372
5374
5374
5374
5374
5376
5376
5378
5378
5380
5380
5380
5382
5382
5382
5382
5382
5382
5384
5384
5386
5386
5388
5388
5388
5388
5390
5390
5390
5394
5396
5396
5398
5398
5400
5402
5402
5402
5402
5404
5404
5404
5406
5406
5406
5408
5412
5412
5412
5414
5414
5416
5416
5418
5418
5418
5418
5420
5420
5422
5422
5422
5422
5428
5430
5430
5432
5432
5432
5432
5434
5438
5438
5442
5442
5444
5444
5446
5446
5448
5448
5450
5452
5452
5454
5454
5454
5456
5456
5458
5460
5460
5462
5462
5464
5466
5466
5466
5466
5466
5466
5468
5468
5468
5470
5472
5476
5478
5482
5486
5486
5486
5488
5490
5490
5492
5494
5498
5498
5498
5500
5500
5500
5502
5502
5502
5504
5504
5504
5506
5508
5510
5510
5512
5514
5514
5516
5522
5522
5526
5528
5528
5532
5534
5538
5538
5540
5542
5542
5542
5542
5546
5548
5552
5554
5554
5554
5556
5558
5558
5560
5560
5560
5560
5560
5564
5568
5574
5574
5574
5576
5576
5578
5582
5584
5584
5584
5588
5588
5592
5600
5600
5600
5604
5610
5612
5612
5614
5616
5616
5616
5616
5620
5620
5622
5624
5624
5624
5626
5626
5626
5626
5628
5628
5628
5628
5632
5634
5634
5638
5638
5640
5640
5646
5648
5648
5650
5652
5654
5654
5658
5658
5660
5660
5662
5664
5664
5666
5666
5666
5666
5668
5670
5674
5674
5678
5680
5682
5682
5686
5690
5692
5694
5702
5704
5708
5708
5708
5708
5708
5710
5714
5716
5716
5722
5726
5728
5732
5732
5732
5734
5734
5746
5748
5748
5748
5748
5748
5750
5752
5758
5758
5760
5762
5764
5766
5768
5770
5772
5774
5774
5776
5776
5776
5782
5784
5786
5788
5788
5790
5790
5792
5796
5800
5806
5806
5808
5808
5816
5816
5818
5818
5828
5828
5832
5832
5834
5834
5834
5840
5842
5842
5844
5846
5850
5852
5852
5854
5854
5858
5858
5858
5860
5866
5866
5866
5866
5868
5868
5868
5870
5870
5870
5878
5878
5882
5884
5888
5892
5894
5894
5896
5898
5900
5900
5904
5904
5904
5908
5910
5918
5920
5926
5936
5936
5942
5942
5946
5950
5958
5958
5958
5960
5960
5962
5964
5964
5966
5970
5972
5974
5976
5982
5986
5988
5990
6000
6010
6010
6014
6016
6022
6024
6024
6026
6034
6036
6036
6040
6044
6044
6044
6046
6046
6050
6058
6062
6066
6072
6074
6074
6078
6078
6080
6080
6080
6084
6084
6090
6090
6102
6104
6106
6110
6120
6124
6126
6128
6128
6132
6138
6140
6150
6154
6180
6184
6192
6196
6196
6200
6204
6208
6210
6214
6214
6214
6216
6220
6248
6258
6262
6268
6278
6300
6306
6312
6330
6350
6350
6358
6366
6410
6410
6416
6456
6498
6502
6516
6568
6580
6622
6644
6666
6680
6682
6694
6696
6728
6728
6752
6794
6864
6868
6900
7010
7026
7214
7360
7404
7458
7550
7782
7894
8124
8306
8314
8950
9124
9336
9476
10194
10436
10566
10630
10874
10998
11046
11444
11592
11866
11950
12024
12068
12816
12882
12966
13096
13234
13338
13972
14094
14106
14186
14298
14420
14604
15270
15270
15410
15956
16610
17402
17756
17996
18058
18062
18468
18662
19156
19366
19422
19552
20164
20328
20414
20638
21556
21642
22052
22554
22600
22692
22716
22856
23156
23524
23602
24066
24834
25160
25320
26292
27246
27464
28352
29922
30230
30428
33194
33594
33602
34204
35252
35636
35684
35796
35800
36496
36600
38654
331810
10456596
