Latencies
5234
5248
5252
5264
5266
5270
5280
5280
5282
5284
5294
5298
5298
5304
5304
5308
5308
5310
5310
5310
5314
5318
5318
5320
5322
5324
5324
5324
5326
5326
5326
5328
5328
5330
5330
5334
5334
5336
5338
5338
5338
5338
5340
5340
5342
5342
5342
5344
5344
5348
5348
5348
5350
5350
5350
5350
5352
5352
5354
5354
5356
5358
5358
5360
5360
5360
5362
5362
5362
5362
5362
5362
5362
5364
5364
5366
5366
5366
5368
5370
5370
5372
5372
5372
5372
5372
5372
5374
5374
5376
5378
5380
5380
5382
5382
5382
5382
5384
5384
5384
5384
5386
5386
5386
5386
5386
5386
5386
5386
5388
5388
5388
5388
5388
5388
5388
5388
5388
5390
5390
5390
5392
5392
5392
5394
5394
5394
5394
5396
5396
5396
5396
5396
5396
5396
5396
5398
5398
5400
5400
5402
5402
5402
5402
5404
5404
5404
5404
5406
5408
5408
5408
5410
5410
5410
5410
5410
5410
5412
5412
5412
5412
5412
5414
5414
5414
5416
5416
5416
5416
5416
5418
5418
5418
5418
5418
5420
5420
5420
5420
5422
5424
5424
5424
5424
5424
5424
5424
5424
5426
5426
5426
5426
5426
5426
5428
5428
5428
5428
5428
5430
5430
5430
5430
5430
5430
5432
5432
5432
5432
5434
5434
5434
5436
5436
5436
5436
5438
5438
5440
5440
5440
5440
5442
5442
5442
5442
5444
5444
5444
5444
5444
5444
5446
5446
5446
5446
5448
5448
5448
5448
5450
5450
5450
5450
5452
5452
5452
5452
5454
5454
5454
5454
5454
5456
5456
5456
5456
5458
5458
5458
5460
5460
5460
5460
5460
5462
5462
5462
5462
5464
5464
5464
5464
5464
5466
5466
5466
5466
5468
5468
5468
5468
5470
5470
5470
5470
5470
5470
5472
5472
5472
5472
5472
5472
5476
5476
5478
5480
5480
5480
5482
5482
5482
5484
5484
5484
5486
5486
5486
5486
5488
5488
5490
5490
5492
5492
5494
5496
5496
5496
5496
5496
5498
5498
5498
5500
5500
5500
5500
5500
5502
5502
5504
5506
5508
5508
5508
5510
5512
5512
5512
5514
5514
5514
5514
5514
5516
5516
5518
5518
5522
5524
5524
5524
5524
5526
5526
5526
5526
5528
5528
5528
5528
5530
5530
5532
5532
5532
5534
5534
5534
5534
5536
5540
5548
5548
5550
5552
5552
5554
5554
5556
5558
5558
5558
5560
5560
5560
5560
5560
5560
5562
5562
5562
5564
5564
5566
5566
5568
5568
5568
5574
5574
5576
5576
5576
5576
5576
5580
5582
5582
5582
5584
5584
5584
5586
5586
5588
5592
5592
5592
5598
5600
5600
5602
5602
5602
5606
5606
5606
5608
5608
5616
5616
5618
5622
5622
5622
5624
5626
5626
5628
5630
5632
5632
5634
5634
5634
5634
5636
5636
5636
5638
5638
5640
5640
5642
5644
5646
5646
5650
5650
5650
5656
5656
5660
5660
5666
5670
5672
5676
5676
5678
5680
5680
5682
5684
5686
5688
5688
5690
5692
5692
5694
5696
5702
5702
5704
5706
5710
5714
5714
5714
5718
5720
5724
5724
5724
5724
5728
5730
5730
5730
5730
5732
5734
5736
5736
5738
5740
5740
5742
5742
5742
5744
5744
5746
5746
5746
5746
5748
5748
5748
5748
5754
5754
5756
5756
5758
5758
5758
5758
5760
5766
5768
5768
5770
5772
5772
5772
5774
5774
5774
5778
5780
5782
5782
5784
5788
5788
5790
5790
5790
5794
5796
5798
5798
5800
5800
5802
5802
5804
5808
5808
5808
5814
5814
5820
5824
5826
5826
5832
5834
5834
5836
5836
5836
5838
5844
5844
5846
5846
5848
5850
5850
5850
5850
5854
5856
5856
5858
5862
5866
5866
5866
5868
5870
5872
5872
5874
5876
5876
5876
5880
5880
5882
5882
5884
5884
5886
5888
5890
5894
5896
5896
5898
5898
5900
5900
5900
5902
5904
5906
5910
5910
5910
5916
5916
5918
5918
5918
5920
5920
5922
5922
5922
5924
5928
5934
5934
5938
5938
5938
5938
5942
5946
5948
5950
5950
5952
5952
5960
5962
5964
5964
5966
5966
5966
5970
5970
5970
5972
5974
5978
5980
5980
5982
5982
5984
5986
5988
5990
5994
5996
5996
5998
6000
6000
6002
6004
6008
6010
6012
6020
6022
6024
6028
6030
6032
6032
6034
6034
6034
6036
6036
6040
6042
6042
6044
6046
6046
6048
6050
6056
6056
6056
6058
6060
6062
6062
6062
6064
6066
6066
6068
6074
6076
6078
6078
6080
6080
6088
6090
6090
6090
6092
6094
6096
6102
6102
6108
6110
6110
6114
6114
6116
6116
6116
6118
6120
6120
6126
6126
6128
6130
6130
6134
6134
6134
6136
6138
6138
6146
6146
6148
6148
6150
6150
6150
6154
6158
6160
6164
6172
6172
6176
6178
6178
6186
6186
6188
6196
6196
6198
6200
6204
6206
6208
6210
6212
6214
6214
6214
6226
6226
6228
6228
6232
6234
6238
6238
6240
6242
6244
6246
6250
6256
6256
6264
6266
6266
6278
6284
6290
6292
6292
6298
6298
6304
6310
6318
6318
6334
6336
6340
6340
6340
6354
6356
6362
6362
6368
6394
6412
6422
6428
6496
6510
6516
6516
6518
6528
6528
6550
6558
6568
6574
6580
6584
6588
6588
6604
6608
6618
6618
6630
6644
6678
6678
6688
6694
6712
6726
6730
6754
6786
6790
6798
6812
6816
6842
6880
6892
6898
6898
6926
6936
6964
6974
6982
6990
7018
7026
7044
7052
7054
7070
7078
7120
7142
7152
7158
7166
7176
7180
7210
7210
7216
7218
7288
7302
7306
7314
7344
7354
7356
7376
7380
7418
7428
7452
7474
7486
7540
7554
7592
7594
7608
7668
7672
7672
7698
7706
7714
7792
7804
7820
7830
7850
7852
7856
7900
7972
8026
8180
8290
8312
8456
8486
8574
8596
8610
8648
8710
8786
9098
9336
9436
9544
9556
10222
10250
10804
10890
11258
11966
13432
13880
13950
14364
14556
14688
15250
17886
18548
18626
19932
20732
21110
22266
22676
22976
23282
24284
25112
25166
26602
27556
28486
31854
33338
35114
38242
74190
81974
