Latencies
5104
5118
5132
5152
5154
5154
5156
5158
5162
5162
5164
5166
5166
5166
5166
5168
5168
5170
5170
5172
5172
5174
5174
5174
5176
5176
5176
5176
5176
5176
5176
5178
5178
5178
5180
5180
5182
5184
5184
5186
5186
5186
5186
5186
5186
5188
5190
5190
5190
5192
5192
5192
5194
5196
5196
5198
5200
5200
5200
5204
5204
5204
5204
5204
5206
5206
5206
5210
5210
5212
5212
5212
5214
5216
5216
5216
5216
5218
5218
5220
5220
5220
5220
5224
5226
5228
5228
5230
5230
5232
5232
5232
5232
5232
5234
5236
5238
5238
5238
5238
5238
5240
5240
5240
5244
5244
5246
5246
5246
5248
5248
5250
5250
5250
5252
5254
5256
5260
5260
5262
5262
5264
5266
5266
5266
5266
5268
5268
5268
5270
5272
5272
5274
5274
5274
5276
5276
5276
5278
5278
5278
5280
5280
5280
5280
5280
5282
5282
5282
5284
5284
5284
5286
5286
5286
5286
5286
5288
5288
5288
5288
5288
5290
5290
5292
5294
5294
5294
5296
5296
5296
5298
5298
5300
5300
5300
5300
5300
5300
5300
5302
5302
5304
5304
5304
5304
5304
5306
5306
5306
5308
5308
5310
5310
5312
5314
5314
5314
5316
5318
5320
5320
5320
5320
5320
5320
5322
5322
5322
5322
5324
5324
5324
5324
5326
5328
5328
5328
5328
5330
5332
5332
5332
5332
5334
5334
5336
5336
5336
5338
5338
5338
5340
5342
5342
5344
5344
5344
5346
5346
5348
5350
5350
5350
5350
5350
5350
5350
5350
5352
5354
5354
5356
5356
5356
5358
5358
5358
5358
5358
5360
5360
5362
5362
5362
5362
5362
5364
5364
5364
5366
5366
5366
5366
5366
5366
5368
5368
5368
5368
5368
5368
5368
5368
5368
5370
5372
5372
5374
5374
5374
5374
5376
5376
5378
5378
5378
5378
5380
5380
5380
5380
5380
5382
5382
5382
5382
5382
5382
5382
5384
5384
5384
5384
5384
5386
5386
5386
5386
5386
5386
5388
5388
5388
5390
5390
5390
5390
5392
5392
5392
5394
5394
5394
5394
5396
5396
5396
5396
5396
5398
5398
5398
5398
5400
5400
5400
5400
5400
5400
5400
5402
5402
5402
5402
5404
5404
5404
5404
5404
5404
5406
5406
5406
5408
5408
5408
5408
5410
5410
5410
5412
5412
5412
5416
5416
5416
5416
5416
5416
5416
5416
5418
5418
5418
5420
5420
5420
5422
5422
5422
5424
5424
5424
5424
5426
5428
5428
5430
5430
5430
5432
5436
5436
5436
5438
5438
5438
5438
5438
5440
5442
5442
5444
5444
5444
5444
5444
5446
5446
5446
5446
5448
5448
5448
5450
5450
5452
5452
5454
5456
5456
5456
5456
5458
5458
5458
5458
5458
5458
5460
5460
5460
5462
5462
5462
5464
5464
5464
5464
5464
5464
5466
5466
5466
5468
5470
5470
5472
5472
5474
5474
5474
5474
5476
5476
5478
5478
5478
5478
5480
5480
5480
5482
5482
5484
5484
5484
5484
5486
5488
5488
5490
5490
5490
5492
5494
5494
5494
5496
5496
5496
5496
5498
5500
5506
5506
5506
5506
5508
5512
5512
5514
5514
5516
5518
5518
5518
5520
5522
5522
5524
5524
5524
5524
5526
5526
5528
5528
5528
5528
5528
5528
5528
5528
5530
5530
5532
5532
5532
5532
5534
5534
5536
5540
5542
5544
5548
5548
5548
5550
5550
5550
5550
5552
5554
5558
5558
5558
5560
5564
5568
5572
5572
5574
5578
5578
5580
5580
5582
5582
5584
5584
5584
5586
5586
5588
5590
5592
5594
5594
5596
5598
5598
5600
5602
5602
5604
5604
5604
5604
5606
5610
5610
5610
5612
5614
5616
5616
5618
5620
5622
5624
5626
5628
5630
5634
5634
5636
5636
5638
5638
5640
5640
5640
5642
5644
5646
5646
5646
5646
5650
5654
5654
5654
5656
5658
5660
5664
5664
5668
5668
5674
5676
5676
5680
5682
5682
5682
5690
5690
5692
5692
5694
5696
5702
5704
5706
5712
5718
5718
5722
5722
5722
5722
5726
5726
5728
5732
5732
5732
5734
5740
5740
5740
5742
5754
5756
5758
5760
5762
5764
5772
5774
5774
5776
5778
5778
5780
5780
5780
5786
5786
5794
5794
5796
5800
5806
5810
5812
5812
5824
5824
5824
5824
5824
5824
5826
5828
5830
5830
5832
5832
5834
5834
5836
5836
5838
5838
5840
5842
5842
5842
5844
5846
5850
5850
5858
5858
5860
5866
5868
5870
5872
5874
5874
5874
5874
5874
5874
5876
5882
5888
5888
5890
5892
5894
5898
5900
5904
5904
5910
5912
5916
5920
5920
5922
5922
5924
5930
5932
5932
5932
5934
5936
5938
5938
5940
5942
5944
5952
5958
5962
5966
5972
5974
5974
5980
5980
5980
5986
5986
5992
5996
5996
5996
6002
6006
6012
6016
6018
6020
6038
6038
6038
6046
6046
6048
6052
6052
6054
6056
6056
6064
6064
6070
6076
6078
6078
6078
6082
6084
6092
6098
6100
6102
6108
6116
6116
6120
6120
6126
6132
6138
6144
6152
6154
6156
6156
6156
6156
6160
6162
6164
6168
6176
6182
6194
6196
6196
6198
6200
6200
6202
6202
6206
6222
6224
6224
6228
6230
6234
6236
6238
6250
6250
6254
6256
6260
6264
6272
6278
6292
6300
6302
6306
6314
6322
6324
6324
6334
6336
6350
6358
6368
6374
6378
6390
6394
6396
6404
6418
6432
6442
6454
6460
6510
6520
6534
6544
6566
6654
6704
6718
6720
6724
6732
6822
6848
6878
6886
6898
6912
6952
6978
7090
7126
7216
7436
7474
7702
7716
7832
8230
8276
8546
8604
8682
8786
8926
9178
9194
9494
9696
9766
9864
10090
10190
10248
10416
10672
10904
10910
11144
11240
11450
12004
12768
12856
13232
13434
14102
14200
14320
14410
14562
14864
15340
15754
16066
16308
16672
17528
17730
17738
17914
18322
18328
18472
18984
19930
19972
20414
20708
21270
21658
21680
22060
22482
22760
22878
22938
23234
23386
23810
24010
24284
24462
25410
25814
27838
29468
29470
30386
32484
32862
34694
35510
35628
36308
36744
36754
