Latencies
5100
5126
5130
5152
5152
5154
5164
5166
5176
5184
5184
5186
5186
5188
5190
5192
5194
5198
5202
5206
5208
5214
5216
5216
5218
5218
5222
5222
5224
5224
5226
5226
5226
5226
5228
5230
5232
5232
5234
5234
5234
5236
5236
5236
5236
5238
5238
5238
5240
5242
5242
5242
5244
5244
5244
5244
5244
5244
5246
5246
5246
5246
5246
5248
5248
5250
5250
5250
5250
5252
5252
5252
5252
5254
5254
5254
5254
5256
5256
5258
5260
5260
5260
5262
5262
5262
5264
5264
5266
5268
5268
5270
5272
5272
5272
5272
5272
5272
5274
5274
5274
5276
5276
5276
5278
5278
5278
5278
5280
5280
5280
5280
5280
5282
5282
5284
5284
5284
5286
5286
5286
5286
5286
5286
5288
5288
5288
5288
5288
5288
5290
5290
5290
5290
5290
5290
5290
5292
5292
5296
5296
5298
5300
5300
5302
5302
5302
5302
5302
5302
5302
5302
5302
5304
5304
5306
5308
5310
5310
5310
5310
5310
5312
5312
5312
5314
5314
5314
5314
5316
5316
5316
5316
5318
5318
5320
5320
5322
5322
5322
5322
5324
5324
5324
5324
5324
5324
5324
5326
5328
5328
5330
5334
5334
5336
5336
5336
5336
5338
5338
5338
5338
5340
5340
5342
5342
5342
5344
5344
5344
5344
5346
5346
5346
5348
5348
5348
5348
5350
5350
5350
5352
5354
5354
5356
5358
5358
5360
5360
5360
5362
5362
5362
5362
5364
5364
5364
5366
5366
5366
5368
5368
5370
5372
5372
5372
5374
5374
5376
5376
5378
5380
5380
5380
5382
5382
5382
5384
5384
5384
5384
5384
5384
5384
5384
5384
5384
5386
5386
5386
5386
5388
5388
5388
5388
5388
5388
5390
5390
5390
5392
5392
5392
5392
5392
5392
5392
5394
5394
5394
5396
5398
5400
5402
5402
5404
5404
5406
5406
5406
5406
5408
5410
5410
5410
5410
5412
5414
5414
5414
5414
5416
5416
5416
5416
5418
5418
5420
5420
5420
5420
5422
5422
5422
5422
5422
5424
5424
5426
5426
5426
5426
5426
5426
5428
5430
5430
5430
5430
5432
5432
5434
5434
5434
5436
5436
5436
5436
5438
5438
5438
5440
5440
5442
5442
5442
5444
5444
5446
5448
5450
5450
5450
5450
5454
5456
5458
5458
5458
5458
5460
5460
5460
5462
5462
5464
5464
5464
5466
5466
5466
5466
5468
5468
5468
5468
5470
5470
5470
5470
5472
5472
5472
5472
5476
5476
5476
5476
5478
5478
5478
5478
5480
5480
5480
5480
5482
5482
5482
5484
5484
5484
5486
5486
5488
5488
5488
5490
5492
5492
5496
5498
5498
5500
5502
5502
5506
5506
5506
5506
5506
5508
5514
5514
5516
5516
5518
5518
5520
5520
5520
5522
5522
5526
5526
5530
5532
5532
5532
5534
5534
5534
5534
5534
5534
5538
5538
5538
5540
5540
5540
5542
5544
5544
5546
5546
5546
5548
5548
5548
5550
5550
5550
5550
5550
5550
5554
5556
5556
5556
5560
5560
5560
5562
5562
5564
5564
5564
5566
5568
5568
5568
5570
5572
5574
5574
5574
5576
5576
5578
5578
5580
5580
5582
5582
5584
5584
5586
5586
5588
5588
5588
5590
5592
5596
5596
5596
5600
5600
5602
5602
5604
5604
5604
5606
5608
5608
5610
5610
5610
5610
5612
5612
5614
5616
5624
5624
5624
5626
5628
5630
5632
5632
5634
5634
5634
5636
5644
5644
5646
5646
5646
5648
5648
5650
5650
5652
5656
5658
5660
5662
5662
5664
5664
5666
5670
5674
5674
5674
5674
5676
5676
5676
5678
5680
5680
5682
5684
5684
5686
5686
5688
5688
5688
5690
5690
5690
5694
5694
5700
5700
5702
5702
5702
5706
5706
5708
5710
5712
5712
5714
5716
5718
5718
5718
5718
5720
5722
5724
5724
5726
5726
5728
5730
5732
5734
5734
5736
5738
5738
5740
5740
5740
5740
5742
5744
5744
5744
5746
5746
5746
5748
5748
5750
5750
5752
5752
5752
5752
5758
5758
5760
5764
5766
5766
5766
5766
5768
5768
5768
5770
5772
5772
5774
5774
5776
5776
5778
5778
5780
5780
5780
5782
5782
5786
5788
5790
5794
5796
5796
5796
5798
5798
5800
5804
5806
5808
5808
5812
5812
5818
5824
5824
5824
5828
5828
5830
5832
5832
5834
5836
5836
5836
5838
5838
5838
5842
5842
5844
5844
5848
5850
5850
5850
5852
5854
5854
5862
5862
5862
5866
5872
5872
5874
5876
5880
5880
5882
5882
5882
5882
5884
5884
5888
5888
5890
5890
5892
5892
5894
5894
5896
5896
5898
5900
5900
5900
5902
5902
5908
5908
5910
5910
5910
5910
5912
5912
5914
5914
5916
5916
5916
5916
5918
5918
5924
5924
5924
5926
5926
5928
5932
5932
5934
5936
5936
5938
5938
5940
5940
5944
5944
5946
5946
5946
5946
5948
5950
5952
5952
5952
5954
5956
5956
5960
5962
5968
5968
5970
5972
5972
5974
5976
5978
5978
5978
5980
5980
5980
5980
5980
5982
5984
5986
5988
5988
5992
5992
5992
5994
6000
6000
6002
6002
6008
6010
6018
6020
6020
6020
6022
6022
6022
6024
6024
6024
6026
6026
6028
6028
6028
6038
6038
6038
6038
6040
6042
6044
6046
6052
6052
6052
6052
6054
6058
6062
6062
6064
6076
6078
6080
6086
6090
6090
6090
6092
6092
6092
6098
6100
6102
6102
6102
6106
6112
6112
6114
6120
6122
6130
6134
6136
6136
6140
6148
6150
6152
6156
6158
6160
6160
6162
6164
6166
6170
6184
6186
6190
6192
6202
6204
6204
6204
6208
6216
6224
6226
6232
6242
6250
6252
6272
6276
6278
6278
6282
6282
6286
6286
6290
6302
6308
6310
6310
6314
6320
6334
6336
6344
6346
6348
6360
6364
6376
6376
6386
6398
6404
6404
6420
6430
6452
6458
6460
6488
6498
6498
6512
6514
6548
6554
6562
6596
6600
6602
6610
6640
6670
6726
6730
6820
6846
6868
6874
6908
6922
7044
7124
7168
7194
7322
7328
7330
7344
7452
7462
7464
7490
7586
7698
7946
8334
8550
8722
8760
8820
8862
8934
9176
9468
9820
10616
11554
11830
12486
13040
13722
14690
14954
17932
21582
22844
23484
28106
28234
28582
33218
48806
69458
429830
