Latencies
5184
5192
5194
5202
5204
5206
5210
5210
5210
5214
5216
5224
5228
5230
5232
5238
5240
5240
5242
5244
5252
5254
5256
5258
5258
5258
5264
5266
5266
5266
5266
5268
5270
5272
5274
5274
5276
5276
5280
5280
5282
5284
5286
5288
5288
5288
5288
5290
5290
5290
5292
5294
5296
5298
5302
5302
5304
5308
5310
5310
5312
5312
5314
5314
5316
5318
5318
5320
5322
5322
5322
5324
5326
5326
5326
5328
5328
5328
5330
5332
5332
5334
5334
5334
5334
5336
5336
5340
5340
5340
5340
5342
5344
5344
5346
5346
5346
5346
5348
5348
5348
5348
5348
5350
5350
5352
5352
5352
5352
5354
5354
5354
5354
5358
5358
5360
5360
5360
5360
5360
5364
5366
5368
5370
5370
5370
5370
5372
5372
5372
5372
5372
5372
5372
5374
5374
5374
5376
5378
5378
5380
5380
5380
5380
5382
5384
5384
5384
5386
5386
5386
5386
5388
5388
5390
5390
5390
5390
5390
5390
5392
5392
5392
5392
5392
5392
5394
5394
5394
5394
5396
5396
5396
5398
5398
5398
5398
5398
5398
5398
5400
5400
5400
5400
5400
5402
5402
5402
5404
5404
5404
5406
5406
5406
5406
5408
5408
5408
5410
5410
5410
5412
5414
5414
5416
5416
5416
5416
5416
5418
5418
5418
5420
5420
5420
5420
5420
5420
5422
5422
5424
5424
5424
5424
5424
5424
5424
5426
5426
5426
5426
5426
5426
5426
5428
5428
5430
5430
5432
5432
5432
5432
5432
5432
5432
5434
5434
5434
5434
5434
5434
5434
5436
5436
5436
5436
5436
5436
5438
5438
5438
5440
5440
5440
5440
5440
5440
5442
5442
5442
5444
5444
5446
5446
5448
5448
5448
5450
5450
5450
5452
5452
5452
5452
5454
5454
5456
5456
5456
5458
5458
5458
5460
5460
5462
5462
5462
5462
5462
5462
5462
5464
5466
5466
5468
5468
5470
5470
5472
5474
5474
5476
5476
5476
5476
5476
5476
5478
5478
5480
5480
5482
5482
5482
5484
5486
5488
5490
5492
5492
5494
5496
5498
5498
5498
5498
5500
5500
5500
5500
5500
5502
5504
5504
5504
5504
5504
5504
5506
5508
5508
5508
5508
5510
5510
5512
5512
5514
5514
5514
5516
5516
5518
5518
5520
5524
5524
5524
5526
5526
5528
5528
5528
5530
5530
5530
5530
5532
5532
5534
5534
5536
5536
5536
5538
5540
5540
5540
5542
5542
5544
5544
5544
5546
5546
5548
5548
5548
5548
5550
5550
5550
5550
5552
5552
5554
5554
5554
5556
5556
5558
5558
5560
5562
5562
5562
5562
5564
5564
5564
5566
5566
5566
5568
5568
5568
5570
5572
5572
5572
5574
5574
5574
5576
5576
5576
5576
5576
5578
5578
5578
5580
5580
5582
5582
5584
5584
5586
5586
5586
5586
5586
5588
5588
5590
5590
5590
5590
5590
5592
5592
5592
5594
5594
5594
5596
5596
5596
5598
5600
5600
5600
5602
5604
5604
5606
5606
5608
5608
5610
5612
5612
5614
5614
5616
5616
5618
5618
5620
5622
5622
5622
5624
5626
5626
5626
5628
5630
5630
5630
5630
5632
5632
5634
5636
5636
5636
5638
5640
5640
5642
5642
5646
5648
5650
5652
5654
5656
5656
5660
5660
5662
5664
5664
5666
5666
5670
5670
5672
5672
5672
5676
5678
5678
5678
5680
5680
5682
5684
5684
5686
5686
5686
5686
5688
5688
5688
5688
5690
5690
5690
5692
5694
5696
5696
5696
5698
5700
5700
5702
5704
5706
5708
5708
5708
5708
5708
5710
5712
5712
5714
5714
5714
5714
5724
5726
5726
5728
5728
5730
5730
5730
5730
5732
5732
5732
5736
5736
5736
5740
5742
5742
5742
5742
5744
5744
5748
5748
5748
5750
5750
5752
5752
5754
5756
5756
5756
5756
5756
5758
5758
5760
5762
5762
5762
5762
5764
5766
5766
5768
5770
5770
5770
5770
5770
5772
5776
5776
5776
5776
5776
5780
5782
5784
5786
5788
5788
5790
5790
5790
5790
5792
5792
5794
5796
5798
5798
5800
5802
5804
5806
5808
5808
5816
5816
5816
5818
5820
5820
5822
5822
5828
5828
5832
5832
5834
5836
5836
5836
5840
5840
5842
5844
5844
5846
5848
5848
5848
5852
5852
5854
5854
5860
5860
5860
5862
5864
5864
5866
5866
5868
5868
5870
5870
5870
5870
5872
5874
5874
5878
5880
5884
5884
5888
5888
5890
5890
5890
5890
5892
5894
5894
5896
5896
5904
5906
5906
5908
5908
5908
5910
5914
5916
5918
5918
5918
5920
5924
5924
5926
5928
5930
5932
5934
5938
5940
5942
5950
5952
5952
5954
5954
5954
5956
5958
5960
5960
5962
5964
5964
5966
5966
5966
5970
5976
5982
5982
5984
5984
5986
5988
5988
5992
5994
5994
5996
5996
6000
6004
6004
6006
6008
6010
6010
6016
6016
6016
6020
6022
6022
6022
6022
6022
6024
6028
6030
6030
6032
6036
6036
6038
6038
6040
6040
6042
6046
6050
6050
6054
6056
6058
6058
6062
6064
6064
6066
6066
6068
6068
6068
6070
6072
6072
6074
6074
6076
6080
6080
6084
6086
6088
6088
6092
6096
6098
6098
6100
6106
6106
6106
6108
6108
6108
6108
6112
6118
6118
6120
6122
6126
6128
6130
6136
6136
6138
6138
6144
6148
6150
6154
6158
6160
6160
6168
6168
6180
6184
6186
6194
6198
6200
6206
6206
6212
6212
6224
6226
6232
6238
6238
6242
6246
6248
6248
6262
6266
6278
6286
6286
6292
6292
6302
6314
6318
6322
6324
6334
6336
6340
6346
6346
6348
6350
6352
6356
6356
6360
6364
6376
6376
6384
6388
6400
6406
6408
6408
6410
6416
6432
6440
6446
6448
6478
6478
6482
6486
6492
6502
6506
6512
6530
6538
6542
6566
6576
6612
6636
6674
6692
6710
6726
6732
6792
6804
6838
6862
6888
6898
6934
6958
6958
6962
6976
7034
7068
7076
7120
7122
7258
7356
7550
7560
7724
7756
8424
8494
8902
9364
10352
10458
10692
11640
12244
12356
12778
13918
16006
16532
17328
17512
18666
18768
18932
18982
19074
20284
21364
21490
21778
22842
23088
23268
24150
25706
25814
25924
26254
26482
26858
26858
28066
29356
32038
33070
34404
34430
35556
35924
36490
39466
