Latencies
5132
5212
5230
5238
5306
5306
5310
5312
5324
5326
5328
5330
5332
5338
5340
5364
5370
5374
5378
5380
5384
5384
5386
5388
5392
5394
5410
5412
5416
5418
5428
5434
5442
5446
5448
5448
5450
5456
5458
5464
5466
5470
5474
5480
5480
5480
5482
5484
5500
5502
5502
5502
5504
5512
5512
5520
5522
5534
5552
5558
5572
5578
5580
5580
5582
5584
5600
5602
5608
5608
5616
5632
5640
5640
5642
5650
5654
5666
5666
5668
5670
5672
5676
5676
5680
5684
5688
5712
5714
5718
5720
5722
5732
5732
5732
5738
5742
5744
5744
5750
5750
5754
5768
5768
5770
5772
5780
5784
5786
5798
5810
5810
5814
5826
5840
5846
5858
5864
5878
5896
5898
5900
5900
5922
5924
5934
5934
5940
5940
5942
5946
5952
5956
5958
5958
5974
5976
5984
5992
5994
6008
6018
6024
6024
6028
6036
6044
6044
6050
6050
6052
6056
6070
6082
6086
6086
6090
6090
6090
6094
6098
6098
6116
6136
6138
6138
6142
6144
6148
6156
6158
6174
6186
6188
6210
6216
6234
6246
6250
6258
6276
6278
6284
6284
6290
6320
6320
6322
6324
6342
6350
6352
6356
6356
6364
6368
6382
6390
6428
6444
6444
6460
6484
6502
6502
6518
6524
6528
6552
6552
6554
6560
6584
6586
6590
6592
6602
6614
6628
6634
6634
6644
6652
6658
6666
6676
6684
6690
6704
6744
6744
6756
6760
6788
6820
6824
6840
6840
6858
6858
6866
6884
6916
6922
6932
6952
6962
6982
7000
7022
7028
7054
7080
7096
7110
7164
7170
7188
7204
7262
7264
7278
7290
7310
7312
7326
7342
7348
7354
7400
7454
7472
7528
7534
7544
7560
7562
7590
7592
7612
7640
7644
7660
7670
7708
7728
7732
7752
7778
7796
7812
7836
7854
7864
7876
7908
7910
7940
7956
7972
7978
8006
8020
8040
8088
8096
8104
8116
8160
8170
8198
8212
8238
8238
8268
8274
8296
8302
8308
8330
8362
8372
8374
8388
8396
8432
8448
8458
8484
8486
8528
8542
8610
8618
8632
8642
8698
8752
8790
8810
8842
8850
8888
8892
8894
8898
8900
8912
8914
8920
8928
8948
8950
8982
8994
9026
9094
9106
9176
9180
9202
9206
9210
9210
9222
9262
9276
9308
9328
9334
9336
9346
9358
9372
9388
9442
9446
9456
9480
9484
9530
9592
9610
9618
9676
9704
9716
9778
9784
9786
9804
9804
9818
9912
9918
9918
9952
9958
9996
10022
10046
10064
10066
10104
10126
10134
10168
10184
10202
10208
10210
10212
10260
10304
10330
10372
10386
10398
10398
10414
10444
10444
10466
10496
10534
10560
10578
10624
10638
10656
10682
10700
10702
10726
10736
10738
10746
10776
10780
10838
10850
10852
10856
10884
10898
10944
10948
10974
11000
11024
11066
11106
11108
11108
11118
11118
11156
11164
11182
11238
11242
11302
11350
11364
11454
11470
11472
11476
11540
11554
11562
11594
11602
11614
11620
11620
11644
11650
11652
11666
11668
11694
11706
11718
11750
11758
11776
11828
11898
11902
11922
11938
11958
11978
11998
11998
12028
12154
12176
12182
12184
12184
12222
12234
12278
12278
12294
12312
12316
12324
12360
12396
12396
12434
12442
12448
12500
12500
12506
12522
12544
12546
12560
12598
12600
12654
12694
12734
12756
12772
12796
12820
12826
12854
12878
12884
12902
12908
12958
12972
12978
12982
12984
13006
13010
13014
13050
13052
13066
13126
13178
13184
13196
13198
13212
13220
13226
13240
13276
13282
13284
13290
13290
13292
13386
13396
13438
13484
13568
13570
13576
13576
13586
13598
13656
13658
13662
13666
13714
13746
13754
13758
13826
13832
13862
13884
13890
13892
13900
13908
13934
13946
13948
13970
13986
13986
13990
14008
14014
14058
14160
14174
14174
14176
14234
14246
14248
14254
14264
14286
14348
14350
14362
14366
14384
14388
14392
14396
14406
14414
14414
14422
14422
14434
14434
14446
14458
14478
14486
14492
14494
14512
14520
14524
14532
14536
14554
14566
14566
14570
14578
14590
14614
14616
14644
14650
14652
14660
14666
14686
14688
14692
14692
14726
14728
14728
14736
14748
14756
14758
14762
14764
14764
14768
14772
14772
14780
14784
14806
14808
14816
14816
14822
14828
14828
14836
14844
14848
14854
14854
14870
14870
14888
14896
14898
14898
14904
14914
14918
14940
14942
14946
14950
14952
14954
14956
14968
14974
14984
14988
14992
14994
14994
15000
15006
15012
15016
15016
15022
15028
15030
15032
15034
15040
15040
15048
15048
15056
15060
15088
15098
15106
15120
15130
15140
15150
15162
15164
15172
15174
15180
15188
15192
15192
15192
15196
15198
15204
15206
15206
15224
15228
15228
15230
15230
15232
15234
15234
15246
15254
15254
15256
15268
15276
15278
15280
15284
15292
15294
15296
15296
15300
15310
15322
15328
15336
15338
15356
15358
15370
15374
15378
15380
15394
15398
15400
15408
15426
15430
15444
15450
15456
15482
15484
15490
15498
15506
15514
15526
15528
15536
15558
15578
15586
15588
15596
15608
15620
15622
15656
15658
15666
15678
15678
15686
15708
15730
15736
15736
15738
15740
15754
15756
15780
15860
15864
15960
15980
15998
16006
16012
16032
16060
16064
16066
16160
16222
16224
16262
16264
16268
16282
16432
16438
16506
16542
16560
16866
17046
17314
17720
17968
18166
18464
18778
19056
19354
19630
19668
19876
19884
19968
20016
20026
20344
20502
20622
20836
20996
21118
21594
21616
21664
22024
22086
22646
22826
22956
22978
23518
23578
23658
23714
24000
24006
24074
24082
24158
24182
24192
24326
24326
24674
24686
24810
24858
24876
24952
24992
24998
25022
25166
25294
29468
29684
32020
33956
34366
38416
42868
87134
88540
98776
107534
135250
136134
164846
165870
282466
361220
1031806
1120676
