Latencies
5304
5354
5368
5374
5412
5418
5420
5422
5442
5516
5638
5822
5850
5864
5944
5950
5960
6014
6068
6118
6140
6176
6244
6246
6300
6300
6318
6370
6402
6436
6510
6554
6566
6592
6638
6656
6830
6908
6928
7024
7042
7088
7158
7184
7218
7324
7348
7384
7484
7496
7542
7578
7600
7652
7658
7676
7820
7822
7824
7852
7868
7894
7954
8074
8180
8180
8200
8218
8248
8266
8302
8310
8442
8564
8660
8666
8802
8826
8840
8900
8904
8928
8956
8994
9088
9120
9310
9472
9480
9554
9642
9732
9796
9844
9870
9892
10040
10072
10090
10158
10248
10292
10298
10318
10358
10388
10458
10554
10686
10732
10760
10760
10814
10872
10898
10966
11006
11030
11070
11112
11162
11216
11258
11278
11358
11400
11436
11448
11470
11476
11510
11514
11608
11620
11772
11784
11838
11888
11940
11950
11958
11960
12012
12036
12084
12120
12172
12286
12412
12496
12554
12604
12614
12670
12676
12734
12802
12804
12848
12854
12862
12924
12924
12952
13018
13126
13218
13442
13468
13572
13638
13648
13738
13768
13826
13832
13842
13848
13920
13966
13978
14000
14008
14020
14026
14030
14076
14100
14128
14174
14180
14184
14192
14208
14232
14242
14304
14344
14464
14472
14482
14494
14520
14540
14542
14556
14558
14562
14572
14616
14624
14644
14650
14662
14666
14678
14682
14682
14690
14700
14718
14724
14730
14730
14740
14742
14746
14750
14750
14756
14784
14808
14810
14810
14814
14832
14834
14834
14854
14856
14862
14880
14892
14902
14904
14904
14916
14942
14944
14954
14954
14964
14966
14968
14974
14974
14978
14984
14986
14986
14988
14996
15006
15012
15012
15012
15014
15020
15022
15022
15044
15050
15050
15064
15088
15096
15100
15108
15116
15120
15130
15136
15140
15140
15148
15158
15164
15166
15172
15172
15174
15178
15182
15182
15184
15184
15192
15194
15202
15202
15210
15212
15212
15214
15214
15214
15216
15218
15218
15220
15220
15222
15222
15222
15222
15224
15226
15230
15232
15234
15238
15248
15248
15264
15266
15280
15284
15296
15344
15432
15444
15458
15462
15494
15508
15524
15528
15528
15534
15590
15598
15622
15630
15642
15718
15850
15928
15944
15990
16060
16148
16180
16370
16544
16610
16612
16730
16750
16752
17100
17174
17196
17242
17254
17438
17506
17602
17642
17670
17694
17726
17846
17872
17888
17904
17966
17988
18020
18036
18048
18102
18416
18524
18554
18708
18708
18710
18710
18730
18778
18790
18864
18910
18950
19008
19142
19204
19244
19350
19400
19492
19506
19532
19558
19676
19762
19796
19822
19822
19888
19904
19962
19968
20070
20110
20268
20326
20540
20716
20722
20768
20844
20860
20960
21088
21130
21138
21162
21238
21276
21334
21396
21408
21602
21650
21704
21806
21842
21880
21892
21902
21954
22002
22184
22262
22318
22372
22494
22554
22562
22652
22746
22762
22912
22964
23032
23044
23044
23124
23210
23224
23300
23344
23424
23532
23606
23610
23674
23730
23740
23754
23770
23772
23780
23926
23944
23956
23956
23964
23984
24034
24078
24084
24084
24098
24116
24136
24142
24166
24166
24194
24222
24228
24234
24276
24282
24288
24360
24372
24374
24378
24418
24428
24430
24456
24470
24476
24480
24554
24556
24560
24572
24608
24608
24622
24630
24646
24654
24662
24666
24688
24694
24712
24714
24722
24726
24726
24730
24736
24742
24748
24788
24842
24842
24846
24856
24858
24872
24880
24882
24920
24946
24948
24950
24968
24970
24982
24988
24994
25016
25018
25030
25066
25066
25082
25104
25114
25136
25136
25138
25174
25180
25198
25218
25234
25252
25276
25284
25286
25298
25344
25370
25440
25440
25440
25478
25498
25516
25518
25538
25558
25564
25580
25590
25748
25850
25870
26022
26040
26092
26188
26242
26244
26344
26422
26462
26466
26662
26794
26856
27092
27120
27200
27264
27366
27710
27726
27822
27842
27980
28018
28284
28386
28408
28466
28470
28480
28594
28596
28626
28642
28716
28794
28860
29062
29282
29404
29606
29654
29662
29736
29760
29856
29962
30100
30108
30178
30362
30398
30600
30682
30758
31030
31066
31204
31216
31288
31310
31462
31544
31624
31674
31692
31760
31918
31986
32142
32294
32442
32444
32506
32584
32588
32820
32906
33062
33100
33144
33196
33214
33262
33284
33392
33484
33494
33508
33592
33708
33760
33850
33890
33920
33928
33946
33984
34000
34054
34066
34070
34112
34134
34136
34142
34148
34154
34156
34240
34242
34284
34306
34336
34356
34368
34370
34376
34380
34384
34386
34394
34424
34428
34432
34440
34446
34458
34470
34482
34488
34492
34494
34496
34500
34516
34520
34548
34550
34552
34552
34562
34564
34576
34576
34578
34578
34586
34598
34598
34606
34618
34620
34626
34626
34626
34628
34652
34654
34656
34668
34676
34680
34690
34696
34706
34706
34720
34732
34734
34736
34738
34738
34742
34752
34754
34756
34766
34778
34788
34808
34810
34816
34816
34816
34824
34830
34840
34846
34854
34876
34896
34908
34914
34928
34960
35006
35038
35040
35064
35090
35102
35162
35216
35252
35282
35454
35490
35498
35506
35548
35570
35626
35630
35640
35652
35700
35766
35946
36278
36354
36472
36568
36602
36674
37480
37504
37684
37748
37900
38058
38198
38918
39050
39136
39222
39232
39234
39384
39564
39572
39960
40184
40344
40532
40586
40670
41010
41358
42002
42532
42586
42792
42900
42906
42950
43138
43196
43388
43398
43474
43484
43540
43598
43766
43898
43928
43944
44030
44186
44186
44204
44222
44304
44326
44500
44624
44724
44724
44830
44946
45070
45106
45334
45624
45688
45728
45770
45804
45906
45926
45986
46216
46464
47948
48058
48194
48226
49748
49760
49928
50018
50110
50128
50234
50912
51294
51412
51448
51536
51752
51942
52056
52074
52176
52652
52956
53140
53208
53252
53290
53336
53342
53382
53420
53620
53718
53752
53780
53826
53834
53934
53970
53986
54020
54066
54084
54106
54116
54122
54132
54152
54166
54170
54172
54180
54190
54200
54202
54202
54210
54212
54216
54224
54226
54228
54238
54242
54244
54256
54258
54260
54272
54294
54366
54370
54450
54456
54592
54732
54988
55018
55524
56268
56404
56844
57640
58536
60758
62504
62664
63624
63730
63736
63810
64046
65030
65200
65254
65776
66112
66300
66326
66382
66548
66846
67086
67366
67468
67708
83056
97188
139106
144690
227376
826892
897444
971830
1160938
1239152
1775288
2074630
4929942
