Latencies
5152
5156
5166
5174
5178
5198
5202
5204
5212
5220
5226
5234
5238
5242
5248
5252
5258
5262
5266
5266
5272
5280
5280
5294
5296
5304
5304
5306
5306
5308
5310
5312
5318
5324
5328
5330
5334
5336
5344
5346
5366
5368
5374
5374
5380
5382
5388
5390
5390
5392
5394
5394
5394
5400
5406
5408
5410
5410
5412
5416
5426
5426
5428
5444
5454
5464
5468
5468
5468
5470
5476
5476
5480
5480
5482
5490
5494
5494
5496
5516
5516
5532
5550
5554
5558
5558
5560
5562
5564
5570
5572
5580
5582
5582
5584
5584
5588
5590
5596
5598
5600
5604
5606
5610
5616
5622
5638
5662
5666
5672
5672
5688
5700
5712
5718
5720
5728
5730
5730
5734
5744
5746
5748
5748
5750
5750
5754
5760
5762
5772
5782
5790
5790
5798
5806
5812
5818
5832
5834
5834
5846
5858
5868
5868
5868
5874
5874
5880
5884
5884
5884
5884
5886
5892
5898
5906
5920
5926
5928
5942
5944
5952
5956
5960
5962
5968
5970
5972
5990
5996
6002
6006
6010
6010
6014
6020
6020
6034
6042
6064
6066
6076
6076
6078
6080
6084
6088
6100
6114
6134
6138
6140
6142
6148
6154
6160
6160
6164
6166
6174
6182
6192
6196
6232
6234
6242
6246
6248
6252
6256
6272
6276
6300
6308
6316
6318
6330
6346
6348
6364
6366
6366
6382
6388
6388
6408
6450
6500
6510
6518
6532
6532
6596
6598
6626
6630
6658
6658
6662
6676
6684
6700
6700
6726
6730
6744
6744
6752
6782
6812
6836
6872
6872
6874
6878
6882
6886
6910
6950
6958
6976
7042
7046
7048
7066
7086
7122
7156
7190
7214
7266
7268
7274
7290
7292
7316
7328
7334
7346
7346
7366
7408
7426
7436
7436
7442
7472
7478
7492
7516
7530
7552
7578
7628
7632
7646
7726
7744
7766
7802
7804
7844
7870
7878
7900
7908
7912
7936
7936
7978
7980
7990
8000
8012
8014
8016
8020
8026
8032
8036
8048
8058
8068
8074
8078
8174
8216
8278
8338
8394
8426
8448
8456
8466
8488
8500
8508
8544
8560
8564
8578
8588
8590
8592
8606
8616
8664
8664
8680
8684
8688
8718
8726
8732
8748
8768
8772
8774
8784
8792
8820
8864
8892
8892
8900
8914
8916
8922
8968
8978
9054
9056
9072
9074
9078
9082
9116
9130
9142
9150
9216
9260
9262
9282
9286
9304
9324
9334
9370
9412
9426
9430
9438
9444
9476
9510
9580
9586
9596
9604
9606
9654
9660
9702
9716
9720
9784
9794
9798
9820
9866
9906
9918
9924
9940
9952
9960
9996
10026
10098
10142
10150
10152
10172
10220
10224
10264
10292
10314
10324
10414
10446
10466
10476
10492
10496
10526
10534
10542
10560
10574
10610
10626
10632
10684
10686
10692
10698
10716
10720
10740
10748
10770
10784
10788
10794
10836
10848
10852
10860
10862
10876
10914
10944
10946
10958
10972
10974
10992
11026
11042
11076
11078
11084
11174
11216
11242
11258
11282
11310
11352
11394
11402
11414
11448
11462
11484
11536
11620
11622
11622
11646
11650
11650
11658
11660
11662
11668
11668
11684
11692
11702
11756
11764
11788
11806
11818
11828
11898
11930
11932
11934
11940
11954
11986
12046
12050
12060
12064
12066
12098
12100
12160
12160
12194
12234
12240
12242
12292
12302
12310
12318
12326
12346
12350
12356
12360
12364
12366
12378
12414
12424
12436
12450
12454
12472
12508
12514
12522
12532
12548
12574
12590
12604
12628
12666
12692
12712
12714
12748
12760
12788
12790
12846
12846
12900
12974
12986
12988
12992
13014
13048
13054
13066
13068
13078
13088
13114
13116
13128
13136
13144
13166
13174
13192
13194
13196
13206
13260
13276
13326
13354
13362
13388
13416
13428
13436
13470
13508
13534
13540
13542
13568
13584
13586
13602
13682
13702
13726
13814
13840
13842
13866
13870
13886
13892
13902
13902
13912
13918
13950
13960
13966
13976
13980
13982
13984
13994
14004
14022
14044
14076
14084
14132
14134
14138
14148
14158
14158
14162
14178
14180
14204
14206
14208
14216
14216
14216
14238
14242
14284
14292
14316
14334
14336
14360
14374
14384
14390
14402
14406
14408
14444
14448
14450
14460
14460
14462
14468
14468
14474
14480
14482
14488
14500
14500
14506
14510
14516
14538
14560
14568
14584
14608
14626
14632
14632
14632
14632
14640
14664
14682
14686
14696
14696
14700
14702
14710
14718
14722
14732
14736
14742
14744
14744
14752
14754
14754
14764
14764
14766
14770
14778
14780
14784
14784
14784
14784
14788
14794
14794
14806
14812
14816
14822
14832
14832
14836
14836
14836
14838
14844
14844
14846
14848
14852
14854
14858
14860
14862
14872
14874
14874
14876
14876
14884
14884
14886
14888
14890
14900
14914
14918
14922
14924
14932
14936
14936
14938
14940
14942
14944
14944
14944
14950
14952
14962
14966
14972
14974
14980
14982
14984
14988
14994
14996
14998
15000
15002
15018
15026
15032
15040
15044
15048
15056
15058
15062
15064
15068
15068
15078
15078
15088
15092
15094
15096
15100
15102
15106
15108
15120
15126
15128
15130
15130
15136
15138
15140
15146
15148
15152
15152
15158
15166
15168
15170
15174
15182
15184
15186
15188
15192
15194
15196
15196
15198
15200
15202
15210
15212
15214
15214
15216
15218
15220
15220
15224
15234
15234
15234
15236
15238
15242
15242
15248
15260
15260
15264
15264
15270
15274
15284
15284
15286
15290
15290
15290
15292
15296
15308
15308
15308
15310
15314
15318
15320
15320
15324
15326
15330
15334
15344
15354
15356
15360
15360
15374
15376
15378
15384
15388
15406
15408
15408
15412
15414
15414
15432
15436
15440
15442
15448
15448
15450
15452
15456
15464
15480
15480
15482
15486
15490
15496
15542
15542
15558
15560
15560
15560
15566
15588
15594
15596
15600
15632
15632
15634
15642
15644
15652
15656
15662
15668
15684
15686
15694
15696
15724
15734
15740
15742
15750
15752
15754
15762
15776
15790
15794
15812
15814
15822
15832
15834
15862
15870
15882
15922
15928
15932
15944
15962
16030
16038
16060
16076
16092
16110
16130
16188
16224
16286
16332
16374
16410
16418
16470
17070
17198
17356
17592
17662
19382
20112
21270
21504
22102
22946
23258
24184
24226
24334
24436
24562
24766
24838
24856
24982
25396
25438
25618
27126
31928
33194
33724
35020
35036
40600
46362
2657062
