Latencies
5214
5222
5234
5256
5270
5278
5278
5280
5280
5282
5282
5288
5288
5288
5290
5290
5290
5290
5292
5294
5294
5302
5302
5304
5306
5308
5310
5310
5312
5312
5314
5316
5318
5320
5322
5322
5326
5326
5326
5328
5328
5328
5330
5330
5332
5332
5332
5334
5334
5334
5334
5334
5334
5336
5336
5336
5336
5338
5340
5342
5344
5344
5344
5344
5344
5344
5344
5346
5348
5348
5348
5350
5350
5350
5350
5352
5354
5356
5356
5356
5356
5358
5360
5360
5360
5362
5362
5364
5364
5364
5364
5364
5364
5366
5368
5368
5368
5368
5368
5370
5370
5372
5372
5374
5374
5374
5374
5376
5376
5376
5376
5376
5376
5376
5378
5378
5378
5380
5380
5380
5380
5382
5382
5382
5382
5382
5382
5382
5382
5382
5384
5384
5384
5384
5384
5384
5386
5386
5386
5388
5388
5388
5390
5390
5390
5390
5390
5392
5392
5392
5394
5394
5396
5396
5396
5396
5396
5398
5398
5398
5398
5398
5400
5400
5400
5402
5402
5404
5404
5404
5404
5406
5406
5406
5406
5406
5406
5408
5408
5408
5408
5408
5408
5410
5412
5412
5414
5414
5414
5414
5416
5416
5416
5416
5418
5418
5418
5420
5420
5420
5420
5420
5422
5422
5422
5422
5422
5424
5424
5424
5424
5424
5424
5424
5426
5426
5428
5428
5428
5428
5430
5430
5430
5432
5432
5432
5432
5434
5434
5434
5434
5434
5434
5438
5438
5438
5438
5438
5440
5440
5440
5440
5442
5444
5444
5444
5444
5444
5444
5446
5448
5448
5448
5448
5448
5450
5450
5450
5450
5450
5450
5452
5452
5452
5452
5452
5454
5454
5456
5456
5456
5456
5456
5458
5462
5462
5464
5466
5466
5468
5468
5470
5470
5472
5474
5474
5474
5476
5476
5476
5476
5478
5478
5478
5478
5480
5480
5480
5480
5482
5482
5482
5484
5484
5484
5486
5486
5488
5488
5488
5488
5490
5492
5494
5494
5496
5496
5498
5498
5498
5500
5500
5500
5500
5500
5502
5502
5504
5504
5506
5506
5508
5508
5510
5510
5510
5510
5510
5512
5512
5514
5514
5514
5514
5514
5514
5514
5516
5516
5516
5516
5518
5518
5518
5518
5520
5520
5520
5520
5522
5522
5522
5522
5522
5524
5524
5526
5526
5528
5530
5530
5530
5532
5532
5532
5534
5534
5536
5538
5540
5542
5542
5542
5544
5544
5544
5544
5544
5546
5548
5548
5550
5550
5552
5554
5554
5554
5554
5556
5556
5556
5556
5556
5558
5558
5562
5562
5562
5564
5564
5564
5566
5566
5568
5568
5568
5570
5570
5570
5572
5572
5574
5574
5576
5578
5578
5578
5582
5584
5584
5584
5584
5584
5584
5584
5588
5590
5598
5600
5600
5600
5600
5600
5602
5602
5602
5602
5604
5604
5604
5604
5604
5608
5610
5610
5610
5612
5612
5614
5614
5616
5618
5620
5620
5622
5622
5622
5622
5624
5624
5626
5628
5628
5630
5630
5632
5632
5632
5634
5634
5636
5636
5636
5636
5638
5640
5642
5642
5644
5644
5644
5644
5644
5648
5648
5648
5648
5650
5650
5650
5652
5662
5664
5666
5666
5668
5668
5668
5670
5674
5676
5678
5678
5678
5680
5680
5682
5684
5684
5686
5686
5690
5690
5692
5692
5694
5698
5698
5704
5706
5708
5708
5710
5712
5712
5712
5714
5714
5716
5722
5722
5724
5724
5726
5726
5726
5728
5728
5728
5730
5730
5730
5732
5734
5734
5736
5740
5740
5740
5742
5742
5742
5742
5744
5744
5746
5748
5750
5752
5752
5754
5756
5756
5758
5762
5762
5764
5764
5766
5766
5766
5768
5768
5768
5768
5768
5770
5770
5770
5770
5772
5774
5774
5776
5776
5778
5784
5784
5786
5786
5788
5790
5790
5792
5794
5796
5798
5802
5804
5806
5808
5808
5808
5808
5808
5810
5814
5814
5816
5818
5822
5822
5822
5824
5826
5828
5830
5834
5834
5836
5836
5840
5840
5842
5842
5842
5842
5844
5846
5848
5848
5848
5850
5852
5854
5854
5858
5862
5862
5866
5868
5868
5872
5872
5874
5874
5876
5876
5878
5878
5880
5880
5882
5882
5884
5886
5888
5892
5892
5894
5894
5894
5896
5898
5898
5900
5900
5904
5906
5908
5908
5916
5916
5916
5918
5918
5920
5920
5922
5924
5924
5924
5924
5926
5926
5926
5926
5926
5928
5930
5930
5932
5932
5934
5936
5936
5938
5940
5942
5944
5944
5946
5946
5954
5954
5956
5956
5958
5958
5960
5960
5960
5960
5962
5962
5966
5966
5966
5970
5972
5972
5972
5974
5974
5978
5978
5978
5980
5980
5980
5984
5984
5990
5992
5994
5996
6002
6002
6004
6006
6008
6008
6008
6010
6010
6012
6014
6014
6018
6022
6024
6028
6028
6030
6030
6032
6034
6034
6042
6044
6044
6046
6048
6050
6050
6050
6050
6054
6056
6056
6056
6056
6060
6060
6062
6066
6066
6068
6068
6070
6070
6072
6074
6074
6076
6078
6086
6092
6094
6096
6096
6096
6098
6098
6100
6100
6100
6102
6104
6106
6106
6106
6108
6110
6112
6112
6114
6114
6118
6120
6122
6122
6124
6126
6126
6130
6130
6134
6134
6138
6140
6140
6144
6144
6146
6148
6150
6154
6156
6156
6160
6164
6164
6174
6176
6182
6184
6186
6186
6190
6190
6198
6200
6204
6208
6210
6216
6218
6222
6222
6224
6224
6230
6230
6230
6232
6236
6240
6242
6246
6246
6248
6248
6256
6256
6260
6262
6266
6266
6266
6270
6274
6280
6282
6284
6284
6290
6292
6300
6300
6312
6316
6326
6328
6332
6332
6340
6342
6342
6356
6356
6362
6366
6366
6366
6374
6376
6384
6388
6394
6414
6430
6430
6438
6454
6464
6494
6500
6506
6508
6544
6558
6574
6596
6650
6650
6712
6734
6740
6762
6770
6790
6808
6814
6816
6820
6844
6846
6852
6852
6860
6888
6888
6912
6948
6960
7018
7022
7038
7050
7068
7118
7148
7196
7254
7260
7272
7296
7322
7332
7378
7402
7464
7464
7476
7486
7596
7598
7602
7622
7674
7682
7694
7702
7720
7848
7862
7864
7866
7966
7972
7996
8016
8118
8184
8186
8192
8354
8600
9804
9864
11708
12406
12982
16082
16718
26600
27046
29826
30792
