Latencies
5166
5190
5190
5192
5204
5216
5218
5224
5232
5232
5234
5236
5238
5238
5244
5246
5248
5252
5254
5258
5262
5270
5272
5272
5272
5272
5274
5282
5284
5284
5286
5288
5288
5290
5290
5290
5292
5292
5294
5296
5298
5298
5300
5300
5300
5302
5302
5302
5302
5302
5302
5304
5308
5308
5308
5310
5310
5310
5310
5310
5312
5312
5314
5314
5316
5316
5316
5316
5316
5318
5318
5318
5320
5320
5320
5320
5322
5324
5324
5328
5328
5330
5330
5330
5330
5332
5332
5332
5332
5332
5334
5334
5334
5336
5338
5338
5338
5338
5340
5342
5342
5342
5344
5344
5344
5344
5344
5346
5346
5346
5348
5348
5348
5350
5350
5350
5350
5350
5350
5350
5350
5352
5352
5352
5352
5354
5354
5354
5356
5356
5356
5358
5358
5358
5358
5358
5360
5360
5360
5360
5362
5362
5362
5364
5364
5364
5364
5366
5366
5366
5366
5366
5368
5368
5368
5368
5370
5370
5370
5374
5374
5376
5376
5376
5376
5376
5378
5378
5378
5380
5380
5380
5380
5380
5380
5382
5382
5382
5382
5384
5384
5384
5384
5384
5384
5386
5386
5388
5390
5392
5392
5392
5392
5394
5394
5394
5398
5400
5400
5400
5400
5400
5400
5402
5402
5402
5404
5404
5404
5406
5408
5408
5408
5408
5412
5412
5412
5412
5412
5414
5414
5414
5414
5414
5416
5416
5416
5416
5418
5418
5418
5418
5418
5418
5418
5420
5420
5420
5422
5422
5422
5426
5426
5426
5426
5428
5430
5430
5432
5432
5432
5434
5434
5434
5436
5436
5436
5436
5438
5438
5440
5440
5440
5440
5442
5442
5444
5444
5444
5448
5448
5450
5450
5452
5456
5456
5456
5458
5458
5460
5460
5462
5462
5462
5462
5462
5466
5466
5466
5468
5468
5468
5470
5472
5472
5474
5474
5474
5476
5476
5476
5478
5478
5480
5482
5482
5486
5486
5486
5486
5486
5488
5488
5488
5488
5488
5490
5490
5490
5490
5490
5490
5492
5492
5494
5494
5496
5496
5496
5496
5496
5496
5498
5498
5500
5500
5500
5500
5500
5500
5502
5502
5502
5502
5502
5504
5504
5506
5506
5506
5506
5512
5514
5514
5514
5514
5514
5516
5516
5516
5518
5518
5518
5518
5518
5520
5520
5520
5520
5522
5524
5524
5524
5526
5528
5528
5528
5530
5530
5530
5530
5530
5532
5532
5532
5534
5534
5534
5538
5538
5538
5540
5542
5542
5542
5544
5544
5546
5546
5546
5548
5548
5550
5550
5550
5550
5552
5552
5552
5552
5554
5554
5554
5556
5556
5556
5556
5556
5558
5558
5558
5560
5560
5560
5562
5564
5564
5564
5566
5566
5566
5566
5568
5568
5568
5568
5570
5570
5570
5570
5572
5572
5572
5572
5572
5574
5574
5574
5574
5576
5576
5576
5578
5578
5578
5580
5580
5580
5580
5582
5582
5584
5584
5586
5588
5588
5588
5588
5590
5592
5594
5594
5594
5596
5596
5600
5600
5602
5602
5602
5604
5604
5608
5608
5608
5610
5610
5612
5612
5614
5616
5616
5616
5616
5618
5620
5620
5622
5624
5626
5626
5626
5626
5626
5626
5628
5628
5628
5628
5630
5632
5632
5632
5634
5634
5634
5636
5638
5638
5638
5638
5640
5640
5640
5642
5644
5648
5650
5650
5652
5652
5652
5652
5658
5660
5662
5664
5666
5668
5668
5668
5668
5670
5672
5674
5676
5676
5678
5678
5680
5684
5684
5686
5688
5688
5690
5690
5692
5692
5692
5692
5694
5698
5698
5698
5698
5700
5700
5702
5702
5702
5704
5706
5708
5708
5708
5714
5714
5716
5716
5716
5716
5718
5718
5720
5720
5724
5724
5724
5726
5728
5732
5732
5734
5736
5738
5738
5742
5742
5742
5744
5746
5746
5746
5748
5748
5750
5750
5752
5754
5754
5758
5758
5760
5762
5764
5764
5766
5766
5766
5768
5770
5772
5774
5778
5780
5780
5784
5786
5786
5788
5788
5788
5794
5796
5796
5796
5798
5798
5798
5800
5800
5800
5800
5800
5802
5804
5804
5806
5808
5808
5810
5812
5812
5812
5814
5816
5818
5820
5822
5822
5824
5826
5826
5830
5832
5834
5834
5836
5838
5838
5838
5840
5840
5850
5852
5854
5854
5856
5856
5858
5860
5860
5862
5864
5864
5864
5866
5866
5870
5872
5872
5872
5876
5876
5876
5878
5878
5880
5880
5886
5886
5888
5890
5890
5890
5892
5894
5894
5894
5894
5894
5896
5896
5898
5898
5898
5900
5902
5902
5904
5904
5908
5908
5910
5912
5916
5918
5920
5922
5922
5924
5928
5928
5928
5928
5930
5932
5932
5932
5936
5938
5942
5944
5944
5944
5948
5948
5948
5950
5952
5952
5952
5956
5958
5958
5958
5966
5968
5968
5970
5970
5972
5974
5974
5974
5978
5978
5980
5980
5980
5982
5982
5984
5986
5986
5986
5992
5992
5994
5994
5994
5998
5998
5998
6004
6004
6004
6010
6014
6014
6016
6016
6018
6018
6020
6020
6020
6022
6022
6026
6026
6028
6030
6030
6032
6034
6036
6038
6038
6040
6042
6042
6044
6044
6046
6050
6058
6060
6062
6066
6068
6068
6072
6076
6078
6080
6082
6082
6084
6084
6084
6088
6090
6094
6098
6098
6104
6104
6108
6108
6108
6110
6110
6114
6116
6116
6118
6122
6124
6132
6140
6142
6144
6144
6148
6150
6152
6156
6158
6160
6160
6162
6162
6174
6176
6176
6178
6186
6186
6188
6190
6194
6194
6194
6202
6204
6210
6216
6218
6220
6222
6228
6232
6234
6236
6238
6246
6248
6248
6250
6250
6266
6288
6292
6294
6296
6296
6302
6306
6308
6322
6322
6322
6328
6330
6350
6354
6362
6366
6372
6392
6396
6402
6410
6422
6428
6430
6436
6440
6442
6442
6464
6464
6474
6480
6482
6498
6512
6518
6536
6538
6548
6550
6578
6594
6628
6634
6634
6648
6650
6724
6740
6754
6760
6778
6780
6792
6868
6930
6968
6982
7010
7012
7058
7058
7102
7166
7170
7206
7344
7418
7468
7644
8086
8628
8890
9140
9424
9560
10604
11104
11802
12512
12644
12962
13442
13556
14192
14466
14884
15048
17210
17838
20160
20578
21248
21424
21692
23854
24434
24638
24886
24956
26050
26090
27568
28060
32810
10139052
