Latencies
5138
5140
5192
5198
5202
5202
5212
5212
5212
5214
5216
5216
5218
5220
5230
5232
5234
5234
5236
5236
5238
5240
5242
5244
5244
5244
5248
5250
5250
5252
5254
5254
5254
5254
5256
5256
5258
5258
5258
5258
5260
5260
5260
5260
5260
5262
5262
5264
5264
5266
5266
5268
5270
5270
5270
5272
5272
5272
5274
5276
5276
5276
5278
5278
5280
5280
5280
5282
5282
5282
5282
5282
5284
5284
5286
5286
5286
5286
5286
5288
5292
5292
5294
5294
5294
5294
5296
5296
5296
5296
5296
5298
5298
5298
5300
5300
5300
5300
5300
5300
5300
5300
5302
5302
5302
5304
5304
5304
5304
5306
5308
5308
5308
5308
5308
5310
5310
5310
5312
5312
5312
5314
5314
5316
5316
5316
5316
5318
5318
5320
5320
5320
5320
5322
5322
5322
5322
5322
5322
5322
5322
5324
5324
5324
5324
5326
5326
5326
5328
5328
5328
5328
5330
5330
5332
5334
5336
5336
5336
5336
5336
5336
5340
5340
5340
5340
5342
5342
5342
5342
5342
5344
5344
5344
5346
5346
5346
5348
5348
5348
5348
5350
5350
5350
5352
5352
5352
5352
5354
5354
5356
5356
5356
5356
5356
5358
5358
5358
5358
5358
5358
5358
5358
5360
5360
5362
5362
5362
5362
5364
5364
5364
5366
5366
5366
5366
5366
5366
5368
5368
5368
5368
5370
5370
5370
5372
5372
5374
5374
5376
5376
5376
5376
5378
5378
5378
5380
5380
5380
5382
5384
5384
5384
5386
5386
5386
5386
5386
5386
5386
5386
5388
5390
5390
5390
5390
5390
5392
5392
5392
5392
5392
5392
5394
5394
5394
5394
5396
5396
5396
5396
5398
5398
5400
5400
5400
5400
5402
5402
5402
5404
5404
5404
5406
5406
5408
5408
5408
5410
5410
5412
5412
5414
5414
5416
5416
5418
5418
5418
5418
5418
5418
5418
5418
5420
5420
5420
5422
5422
5422
5422
5422
5422
5424
5424
5424
5424
5426
5426
5426
5426
5426
5428
5428
5430
5432
5432
5434
5434
5438
5438
5438
5438
5438
5440
5440
5440
5440
5440
5442
5442
5444
5444
5444
5444
5444
5446
5446
5446
5448
5448
5448
5448
5448
5448
5450
5450
5450
5450
5452
5452
5454
5456
5456
5456
5456
5458
5458
5458
5458
5460
5460
5460
5462
5462
5462
5462
5462
5468
5468
5468
5468
5468
5470
5470
5470
5470
5470
5472
5472
5472
5472
5474
5474
5474
5476
5476
5476
5476
5476
5478
5478
5480
5480
5480
5482
5482
5484
5484
5484
5486
5486
5488
5488
5488
5490
5490
5490
5490
5492
5492
5494
5496
5496
5500
5502
5502
5504
5504
5504
5506
5506
5508
5508
5508
5508
5508
5510
5510
5510
5512
5514
5516
5516
5516
5518
5520
5520
5524
5524
5526
5528
5530
5530
5534
5534
5536
5536
5538
5540
5540
5540
5542
5542
5546
5546
5548
5552
5552
5552
5554
5554
5556
5558
5558
5558
5558
5560
5562
5566
5568
5568
5568
5570
5572
5576
5580
5580
5586
5586
5586
5586
5586
5592
5592
5592
5594
5594
5596
5598
5598
5598
5600
5600
5600
5600
5600
5600
5600
5600
5600
5604
5604
5612
5612
5612
5612
5614
5616
5616
5618
5618
5620
5620
5620
5622
5626
5626
5628
5630
5632
5634
5634
5634
5636
5636
5638
5640
5642
5644
5648
5648
5648
5650
5650
5650
5650
5652
5654
5654
5654
5656
5658
5660
5660
5660
5660
5662
5662
5662
5662
5664
5666
5670
5672
5676
5676
5676
5678
5680
5680
5680
5682
5684
5686
5686
5688
5688
5690
5690
5692
5692
5692
5694
5694
5696
5696
5698
5698
5698
5700
5702
5706
5708
5710
5710
5710
5712
5714
5714
5716
5716
5716
5716
5718
5718
5718
5720
5720
5724
5724
5726
5726
5728
5728
5730
5732
5734
5734
5738
5738
5738
5738
5742
5742
5742
5744
5748
5750
5750
5750
5752
5752
5754
5754
5754
5758
5758
5760
5760
5762
5766
5766
5768
5770
5770
5774
5776
5776
5780
5784
5784
5786
5788
5792
5794
5794
5794
5796
5798
5802
5804
5806
5808
5810
5810
5814
5816
5816
5820
5820
5820
5824
5826
5828
5830
5834
5836
5838
5838
5838
5838
5844
5846
5848
5848
5848
5850
5850
5850
5850
5852
5852
5852
5854
5854
5856
5856
5858
5860
5860
5860
5862
5862
5864
5864
5866
5866
5868
5868
5870
5872
5874
5876
5880
5882
5884
5884
5886
5886
5888
5890
5892
5892
5894
5894
5894
5894
5894
5896
5896
5898
5898
5900
5900
5902
5904
5906
5906
5912
5912
5914
5914
5918
5918
5918
5918
5920
5920
5922
5922
5932
5932
5934
5938
5940
5942
5946
5946
5946
5948
5952
5952
5956
5960
5962
5962
5962
5964
5964
5966
5966
5972
5976
5978
5978
5982
5984
5986
5990
5992
5992
5996
5998
5998
6000
6000
6000
6002
6004
6006
6006
6006
6008
6014
6016
6018
6022
6022
6022
6024
6026
6028
6028
6030
6036
6046
6046
6050
6058
6060
6064
6064
6066
6066
6068
6070
6072
6072
6072
6072
6074
6074
6074
6078
6078
6082
6086
6088
6090
6092
6094
6098
6104
6110
6112
6114
6118
6120
6126
6126
6128
6130
6134
6136
6138
6140
6142
6144
6144
6144
6150
6156
6164
6166
6166
6166
6166
6168
6168
6174
6184
6186
6188
6194
6206
6218
6232
6236
6248
6250
6254
6258
6258
6258
6260
6260
6262
6266
6272
6282
6282
6296
6300
6302
6302
6306
6308
6318
6320
6328
6330
6334
6340
6342
6342
6344
6356
6356
6358
6370
6380
6382
6394
6398
6418
6426
6432
6436
6438
6440
6464
6468
6474
6474
6476
6480
6508
6510
6514
6522
6532
6542
6566
6586
6588
6592
6604
6606
6618
6634
6634
6640
6640
6648
6650
6654
6692
6696
6712
6716
6726
6746
6758
6790
6792
6796
6804
6818
6840
6888
6896
6896
6914
6918
6954
6954
6956
6958
6986
7016
7018
7072
7114
7130
7160
7430
7434
7508
7664
7722
7812
7830
7864
7982
8100
8162
8338
8364
8718
8930
11854
13304
14464
14820
16638
19018
37112
