Latencies
5324
5328
5368
5370
5374
5384
5384
5390
5390
5392
5394
5398
5398
5400
5400
5412
5414
5420
5422
5426
5426
5430
5430
5434
5436
5440
5444
5444
5450
5452
5452
5452
5452
5454
5454
5462
5466
5466
5468
5468
5470
5472
5472
5472
5480
5482
5484
5484
5484
5484
5486
5486
5486
5488
5490
5492
5494
5500
5500
5504
5504
5506
5508
5508
5508
5512
5514
5516
5518
5518
5520
5520
5520
5520
5524
5526
5530
5532
5532
5534
5534
5538
5548
5548
5550
5550
5552
5552
5556
5558
5562
5562
5564
5568
5570
5574
5574
5576
5576
5578
5580
5582
5586
5590
5594
5600
5602
5602
5606
5608
5608
5610
5614
5616
5618
5618
5620
5620
5630
5634
5640
5642
5646
5648
5648
5648
5650
5652
5652
5672
5676
5676
5684
5688
5690
5694
5694
5700
5706
5712
5718
5724
5730
5740
5740
5742
5744
5748
5754
5758
5758
5760
5768
5770
5772
5778
5782
5784
5784
5788
5790
5792
5818
5818
5820
5822
5824
5828
5828
5828
5840
5840
5846
5848
5850
5860
5860
5862
5862
5864
5866
5876
5880
5882
5884
5888
5892
5900
5902
5908
5916
5916
5934
5936
5940
5944
5948
5966
5966
5966
5966
5966
5974
5984
5988
5988
5994
5994
5996
6000
6000
6006
6014
6020
6020
6022
6024
6024
6026
6030
6034
6034
6034
6036
6038
6048
6050
6052
6052
6054
6060
6068
6068
6068
6072
6076
6082
6090
6100
6100
6112
6116
6116
6118
6122
6134
6140
6144
6152
6152
6162
6162
6162
6200
6206
6212
6214
6218
6226
6230
6234
6240
6258
6274
6298
6310
6328
6334
6338
6344
6370
6372
6376
6384
6406
6410
6476
6488
6504
6518
6550
6568
6612
6636
6648
6672
6678
6692
6706
6718
6748
6838
6858
6868
6880
6904
6954
6976
6988
7018
7020
7096
7114
7122
7136
7180
7188
7196
7202
7210
7246
7250
7290
7302
7336
7342
7344
7352
7368
7408
7434
7442
7458
7468
7488
7528
7528
7558
7566
7578
7608
7622
7672
7682
7844
7854
7918
7940
7942
7982
7994
8024
8090
8096
8156
8198
8282
8324
8334
8348
8378
8380
8402
8454
8488
8530
8536
8538
8542
8554
8588
8614
8634
8636
8696
8750
8754
8758
8814
8826
8852
8884
8950
8956
8998
9008
9012
9042
9086
9090
9126
9126
9134
9174
9226
9240
9244
9248
9256
9294
9368
9368
9370
9410
9426
9430
9494
9532
9536
9576
9576
9582
9604
9626
9640
9698
9764
9814
9850
9862
10086
10152
10220
10234
10290
10332
10350
10418
10484
10526
10570
10596
10650
10716
10732
10746
10830
10838
10906
10936
10956
10968
10988
10992
11024
11054
11152
11178
11182
11188
11240
11280
11344
11384
11422
11582
11602
11612
11626
11688
11734
11798
11828
11860
11906
11934
11958
12042
12098
12102
12162
12190
12192
12198
12198
12240
12270
12332
12426
12460
12514
12594
12638
12736
12752
12752
12768
12774
12820
12878
12878
12946
12966
12992
13010
13012
13014
13044
13070
13072
13102
13134
13138
13166
13278
13284
13316
13330
13346
13398
13412
13426
13446
13494
13534
13536
13578
13590
13612
13630
13640
13654
13664
13698
13706
13720
13748
13774
13778
13820
13846
13856
13860
13868
13884
13888
13910
13926
13930
13946
13950
13960
13968
14052
14072
14102
14102
14110
14114
14116
14126
14134
14138
14162
14164
14204
14206
14212
14272
14274
14288
14326
14340
14350
14360
14382
14400
14402
14426
14426
14450
14452
14454
14454
14484
14490
14492
14502
14506
14508
14518
14518
14518
14520
14534
14554
14554
14558
14570
14582
14588
14602
14614
14618
14620
14620
14620
14622
14630
14632
14650
14650
14654
14664
14670
14686
14694
14704
14704
14716
14718
14724
14724
14726
14732
14740
14748
14748
14752
14756
14756
14760
14762
14764
14766
14766
14782
14790
14792
14796
14798
14800
14802
14806
14808
14810
14812
14814
14828
14836
14838
14844
14844
14846
14850
14854
14858
14864
14864
14866
14872
14878
14882
14882
14888
14888
14890
14892
14896
14900
14902
14904
14908
14908
14910
14910
14914
14918
14920
14924
14924
14926
14928
14934
14936
14946
14946
14946
14948
14948
14954
14960
14966
14968
14968
14972
14978
14978
14982
14984
14988
14988
14988
14992
14998
15012
15012
15020
15028
15030
15038
15040
15044
15054
15060
15066
15074
15084
15086
15088
15090
15090
15092
15094
15098
15098
15098
15100
15100
15100
15102
15104
15104
15108
15112
15114
15114
15116
15116
15118
15126
15128
15132
15132
15132
15142
15142
15144
15144
15148
15150
15150
15154
15154
15154
15156
15156
15156
15156
15156
15160
15166
15166
15170
15170
15170
15174
15174
15180
15180
15180
15182
15186
15192
15192
15194
15194
15198
15200
15200
15202
15204
15204
15206
15226
15228
15230
15230
15230
15244
15248
15250
15254
15258
15264
15268
15276
15276
15284
15296
15304
15306
15308
15322
15332
15338
15342
15344
15344
15358
15362
15364
15382
15386
15386
15388
15390
15398
15400
15416
15416
15420
15426
15432
15436
15438
15442
15454
15454
15456
15460
15484
15488
15498
15508
15510
15514
15522
15526
15528
15530
15532
15546
15552
15556
15570
15572
15582
15594
15594
15614
15624
15640
15654
15668
15670
15676
15680
15722
15732
15758
15788
15832
15868
15902
15954
15970
15976
16024
16106
16146
16196
16316
16354
16408
16590
16694
17020
17170
17214
17232
17456
17756
17842
18072
18092
18124
18272
18488
18704
19530
19604
19978
20030
20040
20280
20438
20588
20702
20762
21068
21390
21390
21982
22374
22782
23072
23756
23908
23908
24102
24140
24200
24236
24274
24282
24314
24472
24542
24588
24626
24702
24738
24752
24834
24836
24852
24856
24870
24906
25014
25046
25158
25174
25270
25418
25426
25458
25530
25564
25702
25928
26112
26120
26214
26430
26522
26710
27114
27780
28198
28756
29866
29976
30346
30432
30600
30692
31002
31266
31996
32070
32090
33206
33420
33432
33448
33638
33720
33830
34008
34020
34098
34104
34152
34168
34170
34182
34220
34292
34298
34324
34376
34432
34544
34566
34572
34576
34578
34628
34636
34640
34648
34744
34838
34842
34934
34946
35008
35038
35048
35074
35110
35236
35368
35490
35874
36476
38110
43382
44078
44550
45158
53738
144364
221750
232992
273508
414872
625102
