Latencies
5210
5230
5252
5260
5266
5276
5290
5300
5302
5308
5310
5314
5314
5316
5320
5320
5322
5326
5336
5350
5350
5354
5360
5364
5372
5372
5380
5392
5394
5394
5396
5404
5406
5408
5410
5426
5426
5432
5434
5444
5444
5460
5466
5474
5474
5482
5484
5488
5494
5496
5498
5504
5504
5522
5534
5536
5570
5570
5584
5618
5632
5644
5660
5668
5678
5686
5702
5704
5706
5716
5752
5772
5772
5774
5786
5792
5808
5810
5824
5830
5868
5874
5892
5898
5898
5902
5916
5930
5934
5960
6008
6016
6028
6028
6028
6034
6072
6086
6108
6112
6124
6136
6148
6154
6196
6202
6222
6228
6230
6278
6284
6296
6296
6316
6326
6404
6410
6432
6444
6450
6460
6480
6510
6586
6590
6646
6698
6710
6776
6846
6876
6882
6902
6966
6986
6998
7024
7030
7046
7280
7324
7368
7450
7468
7570
7646
7698
7718
7788
7798
7806
7848
7858
7870
7896
7896
7936
7956
7992
8164
8172
8192
8218
8218
8224
8280
8322
8358
8418
8542
8584
8598
8758
8800
8942
9132
9188
9230
9238
9262
9360
9460
9472
9514
9526
9598
9612
9666
9742
9778
9814
9828
9842
9868
9872
9886
9892
9936
9990
9996
10066
10076
10086
10162
10164
10174
10204
10248
10264
10270
10286
10342
10388
10404
10410
10426
10456
10462
10494
10518
10652
10676
10734
10746
10748
10754
10792
10836
10896
10920
10926
10930
10932
10942
10962
11050
11100
11254
11258
11302
11308
11314
11342
11350
11358
11368
11420
11500
11550
11556
11574
11686
11712
11732
11748
11762
11764
11772
11776
11784
11872
11890
11996
12038
12048
12066
12076
12094
12116
12212
12254
12262
12320
12348
12388
12410
12432
12464
12472
12492
12650
12662
12676
12912
12964
12974
13020
13066
13072
13112
13130
13140
13298
13388
13420
13442
13558
13582
13660
13684
13688
13704
13762
13770
13772
13800
13806
13876
13882
13890
13908
13960
14008
14024
14046
14048
14104
14116
14126
14158
14206
14208
14266
14276
14280
14282
14300
14314
14372
14394
14414
14416
14446
14462
14464
14484
14486
14502
14504
14518
14518
14524
14532
14540
14542
14542
14568
14596
14596
14604
14606
14618
14626
14628
14628
14634
14638
14638
14638
14646
14650
14654
14660
14662
14666
14666
14680
14682
14682
14688
14692
14692
14698
14700
14704
14710
14716
14718
14720
14726
14726
14728
14732
14736
14738
14740
14740
14750
14750
14750
14752
14752
14754
14768
14770
14774
14780
14782
14786
14790
14802
14802
14810
14814
14820
14822
14828
14834
14846
14854
14856
14862
14864
14864
14872
14874
14878
14882
14886
14896
14898
14900
14908
14908
14910
14914
14914
14934
14936
14936
14952
14952
14952
14958
14962
14966
14966
14974
14974
14978
14978
14984
14984
14984
14984
14988
14992
14992
14992
14994
14996
15002
15002
15004
15004
15010
15012
15012
15012
15020
15024
15024
15026
15034
15034
15042
15050
15050
15054
15060
15062
15062
15064
15066
15070
15072
15074
15074
15076
15080
15082
15084
15092
15094
15100
15100
15102
15102
15106
15114
15120
15126
15134
15136
15138
15138
15144
15146
15146
15148
15148
15150
15152
15156
15160
15162
15162
15164
15164
15166
15172
15172
15174
15176
15180
15180
15182
15184
15186
15190
15190
15192
15202
15204
15204
15206
15206
15206
15208
15210
15216
15216
15218
15220
15224
15230
15236
15238
15240
15240
15242
15242
15244
15252
15256
15258
15260
15264
15268
15276
15288
15288
15292
15292
15294
15296
15296
15298
15300
15302
15308
15310
15314
15316
15326
15326
15326
15332
15332
15334
15340
15340
15344
15344
15344
15346
15350
15352
15356
15358
15360
15360
15364
15366
15372
15374
15376
15378
15382
15382
15384
15384
15386
15398
15398
15400
15406
15408
15412
15416
15418
15424
15428
15432
15444
15454
15468
15470
15470
15470
15470
15478
15486
15490
15492
15506
15506
15510
15512
15514
15520
15528
15530
15534
15538
15546
15546
15550
15560
15566
15570
15578
15590
15590
15596
15606
15608
15620
15630
15630
15632
15636
15638
15650
15656
15658
15658
15676
15706
15744
15754
15756
15800
15816
15868
15892
15904
15966
16068
16172
16242
16296
16318
16340
16468
16604
16786
16832
16950
17032
17310
17580
17636
17832
17936
18010
18012
18092
18272
18332
18476
18604
18620
19074
19152
19502
19940
19958
20022
20150
20162
20168
20224
20242
20320
20362
20418
20472
20550
20666
20852
21108
21226
21412
21646
21672
21816
21818
21928
22058
22112
22128
22230
22350
22430
22552
22724
22818
22946
23020
23276
23404
23486
23776
23868
23886
23904
23944
23984
23996
24044
24046
24106
24112
24116
24168
24214
24216
24220
24228
24258
24280
24304
24328
24346
24360
24382
24430
24490
24498
24574
24612
24656
24700
24724
24742
24752
24776
24826
24898
24904
24906
24910
24930
25016
25048
25094
25186
25222
25302
25304
25348
25350
25500
25828
25836
25886
25898
26034
26538
26624
26736
26756
26816
27080
27228
27328
27374
27492
27824
28112
28336
28476
28562
28638
28762
28786
28876
29326
29530
29552
29646
29906
29952
30054
30326
30370
30702
30724
30788
30792
30950
31142
31146
31156
31178
31268
31628
31810
32288
32328
32328
32430
32602
32794
32848
32978
33098
33148
33220
33354
33410
33456
33492
33536
33564
33620
33646
33726
33754
33760
33802
33826
33826
33846
33900
33936
33966
33972
33982
34014
34060
34102
34144
34146
34146
34152
34160
34172
34224
34244
34264
34264
34264
34284
34314
34322
34330
34334
34346
34356
34396
34406
34448
34454
34460
34464
34468
34472
34476
34480
34490
34496
34498
34500
34512
34522
34534
34538
34542
34548
34576
34630
34634
34650
34652
34672
34684
34684
34688
34696
34698
34716
34730
34750
34768
34796
34798
34814
34816
34828
34876
34892
34902
34916
34934
34946
34954
34994
35028
35032
35036
35038
35042
35056
35070
35072
35106
35138
35162
35188
35204
35216
35266
35272
35288
35300
35310
35328
35398
35444
35550
35698
35764
36222
36260
40024
41356
41558
44022
44046
44522
51952
53550
53706
53774
54172
54400
54768
57828
78354
78506
97476
127474
270084
331570
1978418
32769948
