Latencies
5014
5028
5038
5040
5042
5042
5044
5044
5044
5048
5050
5052
5054
5056
5058
5060
5064
5064
5066
5068
5070
5076
5080
5080
5082
5082
5084
5090
5092
5096
5096
5096
5098
5098
5100
5100
5100
5100
5100
5102
5104
5104
5104
5110
5110
5110
5112
5112
5114
5116
5116
5118
5118
5118
5120
5120
5122
5122
5122
5124
5126
5130
5134
5134
5136
5138
5138
5138
5138
5138
5138
5140
5142
5142
5142
5144
5146
5148
5150
5150
5150
5150
5152
5152
5154
5156
5156
5156
5158
5158
5158
5158
5158
5160
5160
5160
5160
5160
5162
5162
5164
5164
5164
5166
5166
5166
5166
5168
5168
5168
5168
5168
5168
5170
5170
5170
5172
5172
5172
5174
5174
5174
5176
5176
5176
5176
5176
5178
5180
5180
5180
5184
5188
5188
5188
5188
5190
5190
5192
5192
5192
5192
5192
5194
5194
5194
5194
5196
5198
5198
5198
5198
5200
5200
5200
5200
5200
5202
5202
5202
5202
5204
5204
5208
5208
5210
5210
5212
5212
5212
5212
5212
5216
5216
5216
5216
5216
5218
5218
5218
5218
5220
5220
5220
5222
5222
5222
5222
5222
5222
5222
5226
5226
5226
5226
5226
5228
5228
5228
5228
5228
5228
5230
5230
5230
5230
5230
5232
5232
5232
5232
5234
5234
5234
5234
5236
5236
5236
5236
5236
5236
5238
5238
5238
5240
5240
5240
5240
5240
5242
5242
5242
5242
5242
5242
5242
5244
5244
5246
5246
5246
5248
5248
5248
5248
5248
5248
5248
5248
5250
5250
5250
5252
5252
5252
5252
5252
5252
5252
5252
5252
5254
5254
5254
5254
5256
5256
5256
5256
5256
5256
5256
5256
5256
5258
5258
5258
5258
5260
5260
5260
5262
5262
5264
5264
5264
5266
5266
5266
5266
5268
5268
5268
5268
5268
5270
5270
5270
5272
5272
5272
5274
5274
5274
5276
5276
5276
5276
5278
5278
5278
5280
5280
5280
5280
5282
5282
5282
5284
5284
5284
5284
5284
5284
5286
5286
5286
5286
5286
5286
5286
5286
5286
5288
5288
5288
5288
5288
5288
5288
5288
5290
5290
5292
5292
5292
5292
5292
5292
5294
5294
5294
5296
5296
5296
5296
5298
5298
5300
5300
5300
5302
5304
5304
5304
5304
5304
5304
5304
5306
5308
5308
5308
5308
5308
5310
5310
5310
5312
5312
5312
5312
5314
5314
5314
5314
5314
5318
5318
5318
5320
5320
5322
5322
5322
5324
5324
5326
5326
5326
5328
5328
5328
5330
5330
5330
5330
5330
5330
5330
5330
5332
5332
5332
5332
5332
5334
5334
5336
5338
5338
5338
5340
5342
5342
5342
5346
5346
5348
5350
5350
5350
5350
5350
5352
5352
5354
5354
5358
5358
5358
5358
5360
5360
5362
5362
5362
5368
5370
5370
5372
5372
5374
5376
5378
5378
5382
5382
5384
5384
5386
5390
5392
5392
5392
5392
5394
5396
5398
5398
5400
5402
5402
5404
5404
5404
5404
5408
5412
5412
5412
5412
5414
5418
5418
5418
5420
5420
5422
5424
5426
5426
5428
5432
5432
5432
5432
5436
5438
5442
5444
5444
5446
5446
5448
5448
5448
5450
5452
5458
5458
5458
5460
5464
5464
5464
5464
5470
5472
5474
5474
5476
5476
5478
5480
5480
5480
5480
5484
5484
5484
5486
5492
5492
5494
5494
5494
5494
5496
5496
5498
5502
5502
5502
5502
5504
5504
5506
5506
5508
5508
5508
5514
5514
5516
5518
5518
5518
5522
5522
5522
5524
5526
5528
5530
5536
5538
5540
5542
5542
5544
5546
5550
5554
5554
5554
5556
5558
5558
5560
5562
5562
5564
5566
5566
5566
5568
5568
5568
5572
5576
5578
5580
5580
5582
5582
5584
5586
5586
5590
5590
5590
5590
5592
5594
5598
5598
5602
5602
5604
5608
5610
5610
5612
5612
5614
5614
5616
5616
5616
5618
5626
5628
5630
5630
5632
5640
5642
5642
5646
5646
5650
5654
5660
5660
5662
5668
5670
5670
5672
5672
5672
5672
5672
5676
5676
5676
5678
5680
5680
5682
5682
5686
5690
5690
5692
5692
5694
5696
5700
5702
5702
5704
5708
5710
5712
5712
5714
5718
5722
5728
5734
5738
5738
5742
5744
5744
5748
5748
5750
5752
5764
5768
5770
5772
5772
5774
5778
5778
5780
5782
5782
5782
5788
5792
5796
5796
5796
5802
5804
5806
5810
5810
5812
5814
5814
5822
5822
5824
5824
5826
5826
5830
5830
5832
5842
5844
5844
5844
5846
5862
5864
5864
5870
5872
5878
5882
5882
5882
5888
5892
5892
5892
5892
5894
5894
5894
5896
5896
5896
5898
5900
5914
5920
5922
5924
5926
5930
5932
5940
5946
5946
5952
5952
5956
5970
5972
5976
5980
5980
5984
5988
5990
5990
5992
5994
5996
6000
6000
6006
6016
6018
6020
6022
6030
6034
6036
6038
6046
6052
6054
6054
6056
6062
6068
6068
6076
6078
6080
6088
6096
6104
6112
6120
6124
6124
6130
6132
6132
6134
6142
6158
6170
6172
6172
6180
6184
6196
6204
6214
6228
6238
6238
6244
6266
6284
6288
6288
6290
6300
6302
6326
6332
6372
6378
6408
6430
6464
6484
6486
6562
6564
6576
6588
6602
6614
6632
6658
6682
6686
6710
6714
6746
6750
6774
6776
6786
6806
6818
6826
6846
6878
6900
6944
6960
7010
7040
7094
7156
7160
7166
7386
7412
7422
7460
7606
7614
7626
7648
7724
8114
8330
8450
8572
9034
9216
9592
9784
9932
10888
10890
10928
11012
11232
11432
11522
11702
11890
12222
12806
12940
13878
13948
14056
14088
14156
14382
14570
14680
14804
15030
15386
15432
15710
15770
15808
15858
15926
16332
16750
16784
18396
18418
18832
19330
20500
21024
21322
21612
21902
22432
22468
22574
22666
22788
22800
23064
23290
23968
24326
24490
24608
25154
25226
25656
26314
26598
26792
27276
28546
29182
29522
29910
30100
30520
30848
30852
30994
31290
31816
32704
32914
33040
35128
35310
35432
35586
35630
35742
35860
36188
36430
87722
471412
