Latencies
5106
5114
5124
5130
5132
5134
5136
5136
5142
5142
5142
5144
5146
5150
5152
5154
5156
5156
5158
5158
5160
5160
5160
5162
5162
5166
5168
5168
5170
5170
5170
5172
5176
5176
5176
5178
5178
5178
5180
5180
5184
5188
5190
5190
5190
5196
5196
5196
5198
5202
5204
5206
5206
5208
5208
5208
5210
5210
5214
5216
5218
5218
5218
5220
5222
5222
5222
5222
5224
5224
5226
5226
5228
5228
5228
5230
5232
5232
5234
5234
5234
5234
5236
5236
5238
5238
5238
5242
5242
5242
5244
5246
5246
5250
5250
5250
5250
5250
5250
5252
5254
5256
5260
5260
5262
5262
5262
5264
5264
5266
5266
5266
5268
5268
5268
5268
5268
5270
5270
5270
5272
5272
5274
5276
5276
5276
5276
5278
5278
5278
5280
5280
5280
5282
5282
5284
5284
5286
5288
5288
5288
5290
5290
5290
5290
5290
5292
5294
5294
5294
5296
5298
5298
5300
5300
5302
5302
5302
5304
5304
5306
5306
5306
5308
5310
5312
5312
5312
5314
5316
5316
5316
5318
5318
5318
5318
5320
5322
5322
5324
5324
5324
5326
5328
5328
5330
5330
5330
5330
5330
5332
5332
5332
5332
5332
5334
5334
5334
5334
5334
5334
5334
5334
5336
5336
5338
5338
5338
5340
5342
5342
5344
5344
5344
5344
5346
5346
5346
5346
5346
5346
5350
5350
5350
5350
5352
5352
5354
5354
5354
5354
5354
5354
5354
5356
5356
5356
5358
5358
5358
5358
5360
5360
5360
5360
5360
5360
5362
5362
5364
5364
5364
5364
5364
5364
5364
5364
5366
5366
5368
5368
5368
5368
5370
5370
5370
5370
5372
5372
5372
5374
5374
5376
5376
5378
5378
5378
5380
5380
5380
5382
5382
5382
5384
5384
5384
5384
5384
5384
5386
5386
5386
5386
5386
5388
5388
5388
5390
5392
5392
5392
5392
5394
5394
5394
5394
5396
5396
5396
5396
5396
5398
5398
5398
5398
5398
5398
5398
5398
5400
5400
5400
5400
5400
5400
5400
5400
5402
5402
5402
5402
5402
5404
5404
5406
5406
5406
5406
5406
5408
5410
5410
5412
5412
5412
5412
5412
5414
5414
5414
5416
5416
5416
5418
5418
5420
5420
5420
5420
5422
5422
5422
5422
5424
5424
5424
5424
5424
5426
5426
5426
5428
5428
5428
5428
5430
5430
5430
5430
5432
5432
5432
5432
5432
5432
5436
5438
5438
5438
5440
5442
5444
5446
5448
5448
5448
5450
5450
5452
5452
5454
5454
5454
5454
5454
5454
5456
5456
5456
5456
5456
5458
5458
5458
5458
5460
5460
5460
5462
5462
5462
5462
5462
5462
5464
5464
5464
5466
5466
5466
5466
5466
5468
5468
5472
5472
5472
5472
5474
5474
5476
5476
5476
5476
5478
5478
5480
5480
5482
5484
5484
5484
5484
5484
5486
5486
5488
5488
5490
5492
5492
5492
5492
5492
5494
5494
5496
5496
5496
5498
5498
5498
5498
5500
5502
5502
5506
5508
5508
5510
5512
5512
5514
5514
5514
5514
5516
5516
5516
5516
5516
5516
5516
5520
5522
5522
5522
5522
5524
5528
5528
5530
5530
5532
5532
5532
5532
5534
5534
5534
5534
5540
5540
5540
5540
5540
5542
5544
5544
5546
5546
5548
5548
5548
5550
5552
5554
5556
5556
5556
5558
5558
5558
5560
5560
5560
5562
5562
5564
5566
5566
5566
5568
5568
5570
5572
5572
5574
5574
5576
5576
5578
5580
5580
5584
5584
5584
5586
5588
5590
5590
5592
5594
5594
5594
5596
5598
5598
5602
5604
5604
5604
5610
5616
5620
5620
5622
5622
5624
5626
5630
5630
5634
5636
5638
5640
5642
5642
5642
5642
5642
5644
5646
5648
5648
5648
5654
5654
5656
5660
5662
5662
5664
5666
5668
5668
5668
5672
5674
5676
5678
5678
5680
5680
5682
5682
5682
5684
5688
5688
5690
5692
5694
5700
5702
5704
5706
5710
5712
5712
5712
5714
5716
5716
5720
5720
5722
5724
5726
5726
5728
5730
5736
5738
5738
5738
5742
5744
5746
5748
5750
5750
5750
5750
5752
5758
5760
5760
5764
5766
5772
5776
5776
5778
5778
5778
5782
5786
5788
5788
5792
5794
5796
5796
5796
5800
5804
5806
5810
5810
5810
5812
5814
5814
5816
5816
5816
5820
5820
5820
5822
5830
5836
5838
5838
5846
5846
5846
5852
5854
5858
5860
5864
5868
5868
5870
5870
5870
5876
5876
5878
5878
5882
5886
5888
5890
5894
5894
5896
5900
5900
5902
5906
5906
5906
5910
5912
5918
5920
5920
5924
5926
5928
5930
5934
5936
5936
5942
5946
5946
5946
5952
5954
5956
5960
5960
5960
5964
5966
5974
5984
5986
5992
5996
5996
5998
5998
6004
6010
6010
6012
6012
6016
6018
6018
6020
6020
6020
6022
6030
6032
6036
6038
6040
6052
6056
6056
6062
6062
6064
6066
6068
6076
6078
6084
6084
6084
6094
6096
6098
6100
6104
6120
6122
6130
6134
6134
6166
6168
6170
6178
6180
6202
6212
6222
6222
6226
6246
6248
6278
6280
6288
6300
6304
6310
6324
6330
6338
6352
6362
6368
6372
6380
6386
6386
6390
6418
6430
6454
6468
6482
6486
6522
6532
6566
6582
6592
6598
6606
6642
6672
6678
6710
6716
6736
6740
6750
6762
6778
6790
6806
6872
6980
6996
7028
7028
7080
7084
7086
7100
7140
7332
7410
7416
7424
7488
7516
7614
7734
7800
7848
7876
7952
7974
8122
8126
8226
8656
8704
8846
9180
9394
9412
9438
9506
10802
10818
10982
11038
11150
11222
11378
11578
12118
13178
13646
14208
14854
14994
15224
15250
15280
15678
16790
16822
16886
16968
17038
17136
17308
17378
17560
17652
18576
18800
19206
19414
19726
19882
20098
20590
20804
21160
21654
21876
22488
22878
23374
23592
24108
25164
25564
25774
25784
25850
25970
28680
32600
33308
33722
33794
34518
35402
36016
36418
36726
38140
40650
40664
45292
71576
