Latencies
5156
5184
5188
5216
5220
5222
5226
5228
5232
5236
5236
5242
5242
5244
5248
5250
5250
5254
5254
5256
5256
5258
5262
5264
5264
5264
5264
5264
5264
5264
5264
5266
5268
5268
5268
5268
5268
5270
5272
5272
5274
5274
5276
5276
5278
5278
5278
5280
5284
5286
5286
5290
5290
5290
5290
5292
5292
5292
5294
5298
5298
5300
5300
5300
5300
5302
5302
5304
5304
5306
5306
5308
5308
5310
5310
5312
5312
5312
5312
5314
5314
5316
5316
5320
5320
5320
5320
5322
5322
5322
5322
5322
5324
5324
5324
5324
5326
5328
5328
5328
5330
5332
5332
5332
5332
5332
5334
5334
5334
5336
5336
5338
5338
5338
5338
5340
5340
5340
5340
5340
5342
5342
5344
5344
5344
5350
5350
5350
5350
5352
5352
5352
5352
5354
5354
5356
5356
5358
5358
5358
5358
5358
5358
5360
5360
5360
5360
5360
5362
5362
5362
5364
5364
5364
5364
5366
5366
5368
5368
5370
5370
5372
5372
5372
5374
5374
5374
5374
5376
5376
5376
5376
5378
5380
5380
5380
5380
5380
5380
5382
5382
5382
5382
5382
5382
5382
5384
5384
5384
5384
5386
5386
5388
5388
5388
5388
5390
5390
5390
5390
5392
5392
5392
5392
5392
5394
5394
5394
5400
5400
5400
5400
5400
5400
5404
5404
5404
5406
5406
5406
5408
5408
5410
5410
5412
5412
5412
5414
5414
5416
5416
5416
5416
5416
5416
5416
5418
5418
5418
5418
5418
5420
5420
5422
5422
5422
5422
5422
5422
5424
5424
5426
5426
5426
5426
5426
5428
5428
5428
5428
5428
5430
5430
5430
5430
5432
5434
5434
5434
5434
5436
5436
5438
5438
5438
5438
5440
5440
5442
5442
5442
5442
5444
5444
5444
5444
5446
5446
5448
5454
5454
5456
5456
5456
5456
5458
5458
5458
5458
5460
5460
5462
5462
5462
5462
5464
5464
5464
5466
5466
5466
5466
5466
5466
5468
5468
5468
5468
5470
5470
5472
5472
5472
5474
5474
5474
5474
5478
5478
5478
5478
5480
5480
5480
5482
5484
5484
5484
5486
5486
5486
5488
5488
5490
5490
5490
5492
5492
5492
5492
5494
5494
5494
5494
5496
5496
5496
5496
5498
5498
5498
5498
5498
5500
5500
5504
5504
5506
5506
5508
5508
5510
5510
5510
5512
5512
5512
5512
5512
5516
5516
5518
5524
5526
5526
5528
5534
5536
5542
5542
5542
5544
5546
5546
5546
5548
5550
5552
5554
5554
5556
5556
5556
5556
5558
5558
5560
5562
5562
5562
5564
5564
5564
5566
5568
5568
5568
5572
5572
5572
5572
5574
5576
5580
5580
5580
5582
5582
5584
5584
5584
5586
5586
5586
5586
5590
5590
5592
5592
5592
5594
5594
5594
5596
5596
5596
5598
5598
5600
5600
5600
5600
5600
5602
5604
5606
5606
5608
5608
5608
5612
5614
5614
5616
5616
5616
5618
5618
5626
5628
5632
5632
5634
5634
5634
5636
5638
5638
5638
5640
5644
5644
5646
5648
5650
5650
5652
5652
5654
5654
5654
5654
5656
5658
5658
5658
5658
5660
5660
5662
5662
5662
5666
5668
5670
5674
5674
5674
5676
5676
5680
5682
5682
5684
5684
5684
5684
5684
5686
5686
5688
5688
5690
5690
5694
5696
5696
5698
5698
5698
5700
5700
5700
5702
5704
5706
5708
5708
5708
5708
5712
5714
5718
5720
5722
5722
5724
5726
5726
5726
5726
5726
5726
5732
5738
5740
5740
5740
5742
5744
5744
5746
5746
5748
5750
5752
5754
5756
5756
5758
5762
5762
5762
5764
5766
5770
5770
5770
5772
5774
5774
5776
5778
5778
5778
5780
5784
5784
5786
5788
5790
5790
5792
5792
5794
5794
5796
5798
5798
5800
5804
5804
5806
5808
5808
5810
5810
5810
5810
5810
5814
5818
5820
5820
5824
5830
5832
5836
5838
5838
5842
5848
5852
5854
5854
5858
5860
5860
5862
5866
5866
5868
5870
5872
5872
5874
5874
5874
5876
5878
5878
5880
5884
5884
5884
5886
5886
5890
5892
5896
5898
5898
5898
5902
5904
5904
5906
5908
5912
5914
5914
5914
5916
5918
5918
5918
5920
5924
5926
5930
5936
5938
5940
5940
5940
5942
5942
5942
5944
5944
5946
5946
5946
5948
5948
5948
5950
5956
5958
5960
5960
5960
5960
5962
5962
5962
5964
5964
5964
5964
5966
5972
5976
5980
5982
5986
5986
5990
5990
5990
5996
5996
5996
6000
6006
6008
6008
6010
6010
6012
6014
6014
6016
6018
6018
6020
6028
6030
6032
6034
6034
6040
6040
6040
6040
6042
6044
6046
6048
6048
6054
6056
6062
6064
6070
6072
6072
6074
6074
6080
6080
6084
6086
6086
6088
6088
6090
6092
6094
6098
6098
6102
6102
6102
6104
6106
6106
6108
6108
6118
6120
6126
6126
6132
6132
6134
6140
6144
6146
6146
6146
6148
6148
6148
6150
6154
6154
6156
6156
6156
6156
6156
6162
6164
6164
6172
6174
6176
6176
6178
6178
6182
6188
6190
6190
6194
6194
6194
6194
6194
6206
6208
6208
6214
6216
6218
6218
6220
6224
6226
6228
6230
6234
6240
6244
6246
6246
6254
6254
6256
6258
6270
6270
6272
6274
6274
6276
6282
6288
6290
6290
6292
6302
6304
6312
6318
6322
6324
6328
6340
6342
6352
6358
6358
6360
6362
6366
6370
6376
6390
6406
6410
6412
6422
6448
6448
6464
6476
6486
6496
6496
6508
6512
6512
6518
6524
6528
6530
6552
6594
6598
6610
6642
6666
6676
6684
6692
6726
6748
6792
6840
6844
6844
6874
6892
6926
6958
7096
7176
7244
7540
7554
7640
7668
8024
8028
8112
8424
8578
8714
8742
9512
9708
9890
9982
10008
10302
11670
12090
12384
12680
12708
13380
13874
14456
14496
14802
14892
15108
15424
15660
15770
15970
16212
16392
16672
18416
19676
20064
20218
21038
21322
23110
23726
24424
24476
24566
25178
25228
25320
26708
27286
27650
27964
28434
28880
32974
34080
35086
37498
38212
40584
