Latencies
5152
5198
5202
5206
5208
5218
5224
5228
5232
5234
5236
5238
5242
5242
5246
5246
5246
5246
5248
5248
5250
5252
5254
5258
5260
5260
5262
5264
5264
5266
5266
5268
5272
5274
5276
5276
5276
5280
5282
5284
5288
5290
5294
5296
5296
5296
5298
5298
5300
5300
5300
5300
5300
5302
5302
5302
5302
5304
5306
5308
5308
5308
5308
5312
5312
5314
5316
5316
5316
5318
5318
5320
5322
5322
5322
5324
5326
5326
5326
5326
5326
5328
5328
5328
5328
5328
5330
5330
5330
5330
5332
5334
5334
5334
5336
5336
5336
5336
5336
5338
5338
5338
5338
5340
5340
5340
5340
5340
5340
5340
5342
5342
5342
5344
5344
5344
5344
5344
5344
5346
5346
5346
5348
5348
5348
5348
5348
5350
5350
5352
5352
5354
5354
5354
5356
5356
5358
5358
5360
5360
5360
5360
5362
5362
5362
5362
5364
5364
5364
5364
5366
5366
5366
5366
5368
5368
5370
5370
5370
5370
5370
5370
5370
5370
5370
5370
5370
5370
5372
5372
5374
5374
5374
5376
5376
5378
5380
5380
5380
5380
5380
5380
5380
5382
5382
5382
5382
5384
5384
5386
5386
5386
5386
5386
5388
5388
5388
5388
5390
5392
5392
5394
5394
5394
5394
5396
5396
5396
5396
5396
5398
5398
5398
5398
5400
5400
5400
5400
5400
5400
5400
5400
5400
5400
5402
5402
5402
5402
5404
5404
5404
5404
5406
5406
5406
5408
5408
5410
5410
5410
5410
5410
5410
5412
5412
5412
5414
5414
5414
5416
5416
5416
5416
5418
5418
5418
5418
5420
5420
5420
5422
5422
5422
5424
5424
5426
5426
5426
5426
5428
5428
5428
5428
5428
5428
5428
5430
5430
5430
5430
5430
5432
5432
5434
5434
5434
5434
5436
5436
5436
5438
5438
5438
5438
5438
5438
5440
5440
5442
5442
5444
5444
5446
5448
5448
5448
5450
5450
5450
5452
5452
5452
5454
5456
5456
5456
5456
5456
5456
5458
5458
5458
5458
5458
5458
5458
5458
5458
5460
5460
5460
5460
5462
5462
5462
5462
5464
5464
5466
5466
5466
5466
5468
5468
5468
5468
5470
5470
5470
5472
5472
5474
5474
5474
5476
5476
5476
5478
5478
5478
5478
5480
5480
5480
5482
5484
5484
5484
5484
5484
5488
5488
5488
5488
5490
5490
5490
5490
5492
5492
5492
5492
5494
5494
5496
5496
5496
5498
5498
5498
5502
5502
5504
5504
5504
5506
5506
5506
5508
5508
5508
5510
5510
5510
5512
5512
5512
5512
5514
5514
5514
5516
5516
5516
5516
5516
5518
5518
5520
5520
5520
5522
5522
5522
5524
5526
5526
5528
5528
5532
5532
5536
5536
5536
5540
5540
5540
5540
5542
5542
5542
5546
5546
5546
5546
5546
5548
5548
5550
5550
5550
5550
5552
5552
5552
5554
5554
5556
5556
5560
5560
5562
5562
5564
5564
5564
5566
5568
5568
5568
5570
5570
5570
5570
5572
5574
5574
5574
5576
5576
5576
5576
5578
5580
5580
5580
5582
5582
5584
5584
5586
5586
5588
5590
5592
5594
5594
5596
5598
5598
5598
5600
5602
5602
5604
5606
5608
5610
5610
5610
5612
5614
5614
5616
5616
5616
5618
5618
5622
5624
5626
5626
5628
5628
5630
5632
5634
5636
5638
5640
5640
5640
5642
5642
5644
5644
5646
5648
5650
5654
5654
5654
5656
5658
5664
5666
5668
5668
5668
5672
5672
5672
5676
5676
5678
5680
5682
5684
5686
5686
5690
5692
5694
5694
5696
5700
5702
5702
5702
5704
5706
5706
5706
5710
5710
5710
5712
5712
5714
5716
5718
5718
5718
5718
5718
5720
5720
5722
5724
5724
5724
5726
5728
5732
5732
5734
5734
5736
5736
5738
5738
5740
5740
5740
5742
5742
5744
5744
5744
5750
5750
5756
5756
5756
5758
5758
5762
5762
5762
5764
5766
5766
5772
5772
5774
5774
5774
5778
5780
5780
5780
5782
5782
5782
5784
5784
5784
5786
5786
5788
5790
5792
5794
5794
5798
5800
5800
5800
5804
5806
5806
5808
5808
5810
5812
5812
5812
5814
5816
5816
5818
5820
5822
5824
5824
5824
5826
5826
5828
5830
5830
5832
5834
5836
5836
5838
5838
5838
5840
5842
5842
5844
5848
5850
5850
5852
5852
5856
5858
5864
5864
5870
5872
5872
5874
5874
5876
5878
5880
5882
5884
5886
5886
5888
5890
5890
5892
5894
5896
5896
5898
5900
5902
5908
5908
5910
5910
5920
5926
5928
5928
5928
5930
5932
5936
5938
5940
5940
5942
5946
5946
5946
5946
5948
5950
5950
5952
5952
5954
5954
5956
5956
5958
5964
5966
5968
5972
5972
5976
5978
5982
5982
5984
5986
5988
5988
5988
5990
5990
5994
5996
5996
5998
6000
6002
6002
6002
6008
6008
6010
6012
6014
6018
6022
6024
6028
6030
6030
6034
6034
6036
6036
6036
6036
6038
6040
6044
6044
6044
6052
6056
6056
6058
6058
6060
6066
6068
6068
6068
6070
6072
6072
6072
6074
6074
6080
6082
6086
6088
6094
6096
6104
6106
6106
6110
6110
6114
6114
6116
6116
6118
6122
6124
6126
6132
6132
6132
6134
6134
6136
6138
6138
6142
6144
6146
6146
6148
6148
6150
6150
6150
6152
6154
6154
6158
6160
6160
6160
6162
6164
6164
6164
6166
6170
6170
6178
6178
6184
6184
6184
6188
6190
6192
6196
6198
6200
6208
6212
6216
6228
6230
6234
6234
6236
6244
6254
6266
6268
6268
6270
6270
6276
6288
6292
6300
6320
6336
6358
6360
6364
6382
6388
6394
6394
6400
6402
6410
6410
6418
6442
6448
6452
6458
6464
6494
6514
6524
6524
6528
6530
6530
6542
6546
6552
6558
6560
6644
6656
6684
6722
6868
6874
6976
7014
7114
7138
7220
7386
7432
7432
7656
8006
8028
8174
8314
8580
8614
9136
9252
9720
9900
10300
11070
11194
11288
11938
12762
13580
13990
14190
14834
14888
14954
15212
15962
16780
18068
18270
21308
23136
23526
23648
24730
26878
27358
28550
29090
29212
30022
33708
36054
36866
