Latencies
5134
5150
5192
5192
5198
5204
5206
5208
5212
5218
5222
5226
5226
5226
5234
5236
5238
5238
5240
5246
5248
5250
5256
5256
5260
5260
5264
5266
5266
5266
5268
5268
5272
5272
5272
5274
5274
5282
5284
5284
5284
5286
5286
5288
5288
5290
5292
5292
5298
5298
5300
5300
5304
5306
5306
5306
5308
5308
5310
5310
5314
5314
5318
5318
5318
5318
5320
5320
5320
5320
5320
5320
5322
5322
5324
5324
5324
5326
5326
5326
5328
5328
5328
5328
5328
5330
5330
5332
5332
5332
5334
5334
5334
5334
5334
5334
5336
5338
5338
5338
5340
5340
5340
5342
5342
5342
5344
5344
5344
5346
5346
5346
5346
5348
5348
5348
5348
5350
5350
5350
5352
5354
5356
5356
5356
5358
5358
5358
5358
5358
5360
5360
5360
5360
5362
5362
5364
5364
5364
5366
5366
5366
5368
5368
5368
5368
5370
5370
5372
5372
5372
5372
5372
5372
5374
5376
5376
5376
5378
5380
5380
5380
5380
5380
5382
5382
5382
5382
5384
5384
5384
5386
5386
5386
5386
5386
5386
5388
5388
5388
5388
5388
5388
5388
5388
5390
5390
5390
5390
5390
5392
5392
5392
5392
5392
5392
5392
5394
5394
5394
5394
5396
5396
5396
5396
5398
5398
5398
5398
5400
5400
5400
5400
5400
5402
5402
5404
5404
5404
5406
5406
5406
5406
5406
5408
5408
5408
5408
5408
5408
5410
5410
5412
5412
5414
5414
5414
5416
5416
5416
5416
5416
5416
5418
5418
5418
5418
5420
5420
5420
5420
5420
5422
5422
5422
5424
5424
5424
5424
5424
5424
5426
5426
5428
5428
5428
5430
5430
5430
5430
5432
5434
5434
5434
5434
5436
5436
5438
5440
5442
5442
5442
5442
5442
5444
5444
5444
5446
5446
5446
5446
5446
5450
5450
5450
5452
5452
5452
5454
5454
5454
5454
5454
5456
5456
5456
5456
5458
5458
5458
5458
5460
5460
5460
5460
5462
5462
5462
5462
5464
5466
5466
5466
5466
5468
5468
5468
5468
5468
5470
5470
5470
5470
5470
5472
5472
5472
5472
5472
5472
5474
5474
5474
5474
5474
5474
5476
5476
5480
5480
5480
5482
5482
5482
5482
5484
5484
5484
5486
5486
5488
5488
5488
5488
5488
5490
5492
5492
5492
5494
5494
5494
5494
5494
5496
5496
5498
5500
5500
5500
5502
5502
5502
5504
5504
5504
5504
5506
5506
5506
5506
5506
5506
5506
5506
5506
5508
5508
5508
5510
5512
5512
5512
5512
5514
5514
5514
5514
5514
5516
5516
5516
5516
5516
5516
5516
5516
5518
5518
5520
5520
5522
5522
5524
5524
5524
5528
5528
5530
5530
5532
5532
5534
5534
5534
5534
5536
5538
5538
5538
5540
5540
5540
5542
5542
5542
5542
5542
5544
5544
5544
5546
5546
5546
5546
5548
5548
5550
5550
5552
5552
5552
5552
5552
5554
5556
5556
5558
5558
5558
5558
5560
5562
5562
5564
5564
5564
5566
5568
5568
5570
5570
5570
5570
5572
5572
5574
5574
5574
5576
5578
5580
5582
5582
5582
5584
5584
5584
5584
5584
5584
5584
5584
5586
5586
5586
5588
5588
5588
5590
5590
5590
5592
5592
5592
5592
5594
5594
5600
5602
5602
5602
5602
5604
5604
5604
5604
5606
5606
5608
5610
5612
5612
5612
5612
5614
5616
5616
5616
5616
5618
5618
5620
5620
5622
5622
5624
5626
5626
5626
5628
5628
5628
5630
5632
5634
5636
5636
5638
5638
5640
5640
5642
5644
5644
5644
5644
5644
5646
5648
5648
5650
5652
5652
5654
5654
5654
5654
5656
5658
5662
5664
5666
5668
5668
5672
5672
5676
5680
5680
5684
5686
5686
5686
5688
5688
5692
5694
5696
5696
5698
5700
5704
5704
5706
5706
5708
5708
5708
5710
5710
5714
5716
5716
5716
5718
5720
5722
5724
5726
5732
5732
5732
5734
5738
5738
5738
5740
5740
5742
5744
5746
5746
5746
5748
5748
5748
5750
5752
5752
5752
5754
5754
5754
5758
5758
5758
5758
5758
5760
5762
5762
5764
5764
5766
5766
5770
5776
5776
5778
5778
5780
5782
5782
5784
5788
5788
5794
5794
5796
5798
5800
5802
5802
5804
5806
5808
5810
5810
5812
5812
5814
5814
5814
5816
5818
5818
5818
5820
5822
5824
5828
5830
5830
5838
5838
5842
5844
5844
5846
5850
5850
5852
5852
5852
5852
5856
5856
5858
5858
5860
5866
5866
5866
5870
5870
5872
5872
5874
5874
5876
5880
5884
5884
5886
5888
5890
5892
5894
5894
5894
5898
5900
5910
5910
5912
5912
5912
5912
5914
5914
5916
5916
5916
5918
5926
5926
5930
5932
5934
5934
5936
5936
5936
5938
5938
5940
5940
5940
5942
5942
5944
5946
5946
5946
5948
5950
5952
5954
5958
5958
5960
5962
5962
5966
5968
5968
5970
5970
5970
5972
5976
5978
5980
5986
5986
5992
5996
5998
6002
6002
6010
6010
6012
6014
6014
6018
6020
6020
6022
6024
6026
6028
6028
6030
6030
6040
6040
6048
6050
6050
6050
6052
6052
6054
6054
6056
6058
6064
6072
6076
6078
6084
6084
6086
6088
6088
6092
6092
6096
6100
6108
6108
6108
6110
6110
6110
6112
6112
6116
6116
6116
6124
6132
6134
6134
6144
6144
6148
6150
6150
6152
6154
6156
6158
6158
6166
6168
6168
6170
6172
6178
6180
6182
6184
6184
6188
6190
6200
6200
6200
6204
6204
6204
6208
6210
6212
6216
6216
6220
6224
6226
6230
6232
6250
6252
6252
6254
6256
6256
6256
6260
6266
6274
6278
6284
6284
6288
6294
6304
6306
6308
6324
6348
6352
6358
6370
6384
6396
6402
6404
6406
6408
6416
6422
6432
6434
6438
6472
6476
6484
6488
6490
6492
6504
6514
6516
6526
6564
6574
6578
6588
6594
6606
6634
6646
6670
6698
6752
6790
6892
6910
6946
7036
7038
7042
7044
7130
7244
7276
7328
7680
7700
7712
7774
8426
9114
9124
9692
9820
10302
10498
10810
11036
11340
11532
11794
11956
13086
14370
14540
14700
14740
15628
15956
16714
17918
18118
18586
19388
21908
21940
22786
25754
26122
28940
29276
29978
32560
33850
35014
36328
46606
53432
