Latencies
5328
5334
5350
5356
5380
5392
5394
5394
5398
5400
5402
5404
5416
5418
5426
5428
5432
5434
5436
5446
5448
5448
5450
5450
5452
5452
5456
5458
5464
5470
5476
5478
5480
5488
5490
5492
5494
5496
5498
5500
5500
5502
5504
5520
5520
5524
5526
5528
5548
5552
5568
5576
5580
5580
5586
5592
5600
5602
5604
5608
5610
5632
5648
5650
5652
5656
5672
5676
5678
5686
5686
5702
5708
5710
5718
5718
5726
5728
5730
5738
5742
5750
5760
5762
5766
5768
5774
5778
5794
5798
5800
5806
5810
5816
5820
5832
5836
5838
5844
5852
5856
5856
5858
5860
5864
5864
5874
5874
5876
5878
5880
5882
5884
5886
5894
5896
5896
5924
5926
5938
5940
5942
5942
5944
5950
5954
5970
5974
5976
5978
5982
5984
6000
6006
6008
6008
6008
6010
6018
6024
6036
6040
6040
6042
6042
6064
6066
6082
6084
6090
6092
6096
6100
6102
6104
6106
6106
6114
6114
6118
6126
6130
6148
6156
6172
6174
6176
6182
6206
6212
6220
6228
6232
6234
6234
6244
6248
6250
6252
6268
6270
6302
6310
6312
6324
6344
6374
6376
6392
6398
6418
6432
6432
6448
6458
6462
6478
6498
6510
6510
6524
6526
6534
6560
6572
6578
6594
6616
6640
6654
6732
6734
6768
6770
6788
6812
6860
6862
6864
6874
6882
6940
6946
6960
6966
7002
7032
7050
7056
7056
7096
7102
7140
7204
7206
7214
7222
7270
7294
7296
7296
7368
7374
7388
7412
7486
7492
7500
7544
7552
7552
7568
7570
7586
7590
7594
7624
7652
7654
7658
7662
7670
7672
7676
7724
7726
7736
7810
7828
7842
7858
7858
7892
7906
7930
7930
7974
7976
7982
7984
7994
7998
8006
8006
8032
8178
8194
8216
8228
8228
8258
8284
8308
8336
8342
8348
8384
8404
8418
8424
8438
8444
8482
8482
8486
8516
8518
8554
8620
8648
8706
8716
8734
8746
8760
8788
8790
8816
8816
8868
8880
8924
8940
8988
9000
9010
9014
9014
9038
9050
9066
9104
9128
9140
9218
9222
9228
9232
9254
9258
9262
9266
9272
9276
9298
9312
9316
9342
9412
9416
9430
9440
9444
9470
9482
9494
9496
9512
9522
9540
9556
9558
9686
9688
9738
9746
9750
9774
9776
9778
9816
9840
9844
9922
9934
9940
9950
9972
9978
10030
10048
10076
10102
10144
10146
10166
10180
10232
10238
10282
10310
10354
10372
10400
10402
10416
10424
10430
10484
10498
10502
10520
10532
10566
10576
10592
10616
10628
10630
10646
10658
10668
10672
10688
10698
10726
10752
10764
10776
10776
10796
10812
10828
10872
10878
10884
10908
10924
10956
10964
11000
11014
11048
11098
11186
11202
11206
11220
11224
11232
11252
11266
11314
11324
11334
11366
11368
11374
11388
11408
11418
11420
11454
11462
11472
11472
11498
11498
11514
11570
11572
11606
11608
11654
11718
11756
11760
11770
11772
11822
11828
11854
11856
11866
11870
11898
11906
11906
11916
11940
11956
12000
12038
12040
12104
12106
12116
12128
12146
12152
12170
12192
12276
12310
12320
12330
12338
12350
12354
12354
12378
12382
12410
12422
12436
12444
12466
12470
12478
12518
12540
12554
12594
12608
12612
12618
12640
12648
12658
12660
12680
12684
12700
12730
12736
12736
12742
12762
12782
12796
12810
12818
12840
12892
12926
12944
12960
12966
12998
13002
13052
13090
13108
13116
13142
13148
13158
13162
13162
13170
13184
13184
13220
13220
13246
13260
13282
13282
13298
13338
13366
13388
13406
13408
13430
13444
13456
13458
13458
13462
13502
13504
13504
13522
13538
13562
13570
13578
13578
13578
13634
13636
13638
13660
13680
13696
13706
13726
13736
13742
13742
13784
13796
13838
13852
13854
13860
13868
13926
13948
13950
13954
13962
13966
13984
14000
14000
14006
14008
14016
14052
14054
14058
14072
14092
14096
14098
14106
14116
14118
14134
14136
14152
14164
14170
14184
14210
14228
14242
14246
14270
14272
14274
14282
14306
14332
14334
14336
14362
14364
14388
14394
14438
14440
14450
14452
14472
14472
14490
14494
14506
14514
14522
14528
14528
14546
14552
14554
14560
14560
14576
14582
14590
14590
14598
14600
14616
14618
14626
14634
14664
14668
14674
14684
14688
14692
14698
14702
14702
14704
14708
14716
14726
14728
14736
14740
14748
14750
14754
14758
14760
14768
14772
14774
14776
14776
14776
14778
14782
14782
14784
14788
14790
14792
14792
14792
14794
14794
14798
14800
14800
14804
14808
14814
14824
14826
14830
14830
14834
14836
14836
14838
14838
14852
14852
14860
14860
14862
14872
14874
14876
14876
14878
14882
14882
14886
14890
14894
14896
14900
14900
14908
14920
14926
14928
14928
14938
14940
14940
14942
14950
14952
14958
14958
14960
14960
14966
14966
14968
14968
14970
14980
14982
14988
14992
14998
15000
15016
15018
15022
15022
15026
15034
15034
15036
15042
15044
15048
15052
15054
15056
15056
15058
15058
15060
15060
15062
15064
15068
15068
15070
15074
15076
15078
15082
15082
15082
15086
15088
15090
15092
15098
15102
15104
15106
15108
15110
15116
15118
15120
15120
15130
15130
15136
15138
15144
15154
15164
15164
15172
15180
15184
15188
15190
15206
15214
15222
15224
15228
15230
15242
15244
15250
15252
15256
15260
15264
15272
15274
15282
15286
15288
15294
15296
15298
15310
15320
15322
15326
15334
15352
15356
15358
15374
15382
15400
15402
15404
15412
15414
15426
15448
15472
15480
15484
15504
15526
15530
15530
15536
15576
15580
15582
15584
15598
15602
15602
15604
15604
15616
15672
15672
15678
15686
15692
15698
15712
15730
15736
15742
15750
15770
15772
15778
15778
15862
15864
15914
15928
15992
16022
16052
16156
16278
16330
16916
17094
18888
20468
22260
23260
23534
23680
24068
24372
24470
24554
24622
24716
24738
24812
24918
24998
25134
25144
25180
25334
25370
25642
25794
25840
25840
25968
26036
29572
33946
34138
34194
35328
36294
39548
47138
57664
69252
98450
99544
119162
318026
330900
1866438
