Latencies
5196
5204
5268
5280
5280
5280
5282
5302
5308
5322
5324
5328
5330
5340
5348
5354
5362
5364
5374
5394
5396
5400
5410
5410
5412
5416
5420
5428
5440
5444
5446
5448
5452
5460
5464
5474
5486
5488
5502
5540
5562
5592
5604
5604
5610
5626
5638
5640
5666
5690
5698
5700
5730
5750
5754
5756
5784
5786
5790
5790
5828
5838
5848
5852
5876
5882
5892
5908
5914
5918
5918
5928
5936
5946
5952
5970
5988
6012
6012
6020
6024
6042
6050
6148
6156
6182
6190
6202
6216
6226
6234
6306
6330
6452
6476
6486
6494
6498
6502
6514
6530
6540
6572
6614
6618
6620
6678
6718
6742
6792
6876
6944
6986
6988
7036
7058
7078
7124
7146
7296
7340
7356
7400
7402
7452
7456
7474
7516
7592
7596
7606
7614
7648
7668
7710
7726
7768
7768
7806
7832
7838
7852
7864
7872
7932
7942
7952
8056
8090
8128
8136
8162
8190
8202
8346
8356
8362
8384
8448
8462
8470
8472
8530
8532
8544
8546
8576
8588
8606
8640
8730
8824
8850
8852
8856
8892
8918
8944
8972
9118
9120
9134
9192
9236
9244
9250
9272
9280
9302
9336
9342
9362
9390
9504
9524
9768
9826
9846
9854
9878
9900
9964
10008
10140
10278
10280
10282
10364
10370
10398
10430
10478
10486
10488
10490
10492
10514
10522
10534
10536
10540
10626
10628
10650
10666
10684
10732
10744
10830
10848
10860
10884
10910
10924
10932
10940
11052
11088
11092
11100
11100
11128
11142
11160
11174
11308
11310
11328
11336
11402
11500
11526
11560
11568
11600
11624
11626
11664
11704
11738
11790
11794
11800
11852
11882
11914
11976
12024
12024
12038
12070
12074
12090
12098
12170
12196
12350
12354
12362
12422
12474
12488
12492
12522
12526
12578
12618
12658
12740
12816
12862
12868
12894
12924
12938
12984
13086
13088
13158
13222
13242
13364
13390
13446
13522
13632
13638
13722
13772
13910
13962
13978
13986
14066
14068
14092
14094
14106
14108
14118
14132
14170
14174
14200
14206
14222
14248
14254
14274
14280
14288
14296
14316
14334
14348
14364
14366
14374
14388
14392
14396
14414
14418
14422
14440
14466
14468
14470
14474
14478
14484
14484
14488
14492
14494
14494
14516
14522
14526
14528
14546
14550
14550
14556
14564
14574
14576
14586
14590
14600
14602
14606
14610
14612
14616
14634
14640
14646
14646
14650
14650
14652
14658
14660
14660
14662
14666
14672
14672
14684
14686
14686
14688
14696
14696
14704
14704
14724
14726
14730
14736
14736
14738
14740
14748
14754
14754
14754
14758
14758
14766
14768
14772
14772
14774
14776
14790
14798
14798
14802
14806
14808
14810
14812
14816
14818
14822
14826
14828
14834
14842
14846
14858
14864
14866
14870
14872
14876
14884
14886
14888
14892
14894
14896
14902
14908
14918
14920
14928
14930
14932
14934
14934
14938
14942
14942
14942
14944
14944
14952
14954
14956
14958
14958
14964
14968
14970
14972
14976
14976
14978
14978
14978
14978
14980
14984
14988
14992
14992
14994
14994
15000
15010
15012
15012
15014
15016
15018
15018
15020
15024
15026
15026
15032
15036
15036
15040
15040
15042
15042
15044
15044
15048
15048
15056
15056
15058
15062
15062
15064
15064
15064
15066
15074
15080
15082
15082
15092
15094
15094
15098
15102
15106
15108
15110
15114
15114
15116
15116
15118
15124
15126
15130
15134
15136
15138
15142
15148
15152
15152
15154
15160
15164
15168
15170
15174
15174
15182
15184
15184
15186
15188
15190
15190
15196
15202
15208
15212
15214
15218
15218
15218
15220
15222
15226
15232
15240
15240
15240
15246
15248
15250
15250
15252
15256
15258
15260
15264
15268
15272
15276
15278
15278
15282
15286
15296
15300
15304
15310
15316
15322
15322
15332
15340
15346
15350
15360
15362
15362
15364
15366
15368
15380
15388
15392
15396
15400
15402
15412
15416
15416
15420
15420
15424
15428
15430
15436
15438
15442
15446
15448
15448
15450
15460
15462
15462
15466
15476
15478
15480
15486
15500
15510
15514
15526
15526
15534
15548
15548
15558
15560
15564
15568
15576
15580
15588
15594
15604
15606
15626
15630
15632
15650
15656
15662
15664
15670
15672
15718
15720
15730
15734
15742
15796
15806
15836
15862
15862
15886
15888
15910
15930
15970
16000
16022
16030
16040
16120
16130
16146
16244
16250
16258
16320
16392
16396
16442
16498
16554
16758
16780
16856
16872
16946
17156
17172
17434
17468
17538
17596
17674
17884
18000
18008
18026
18202
18320
18328
18356
18404
18470
18480
18526
18530
18726
18984
19094
19184
19200
19228
19274
19450
19452
19578
19670
19742
19978
20042
20122
20162
20176
20298
20476
20546
20586
20598
20602
20656
20656
20668
20670
20700
20712
20760
20868
20916
20926
21070
21370
21716
21734
21748
21782
21792
21866
21942
21968
22048
22054
22112
22246
22454
22684
22760
22764
22812
22868
22878
22886
23004
23050
23080
23080
23084
23204
23224
23250
23346
23658
23704
23728
23744
23770
23798
23800
23830
23844
23926
23972
24054
24068
24098
24112
24134
24142
24146
24158
24186
24208
24224
24232
24292
24298
24322
24328
24330
24332
24332
24336
24360
24362
24368
24370
24394
24404
24418
24430
24442
24450
24454
24470
24472
24492
24506
24524
24544
24556
24560
24562
24564
24566
24588
24596
24610
24612
24616
24642
24644
24646
24648
24648
24652
24660
24664
24680
24700
24710
24712
24712
24716
24716
24728
24740
24742
24742
24774
24798
24810
24866
24884
24886
24906
24908
24912
24946
24962
24964
24970
24974
25030
25036
25078
25082
25088
25090
25140
25140
25144
25158
25158
25166
25166
25176
25226
25238
25242
25248
25260
25262
25292
25342
25344
25362
25390
25404
25406
25444
25480
25484
25496
25506
25516
25528
25542
25564
25566
25586
25594
25594
25596
25596
25616
25618
25622
25624
25632
25660
25706
25716
25754
25772
25804
25820
25912
25952
26088
26126
26144
26324
26688
26878
27738
28462
28732
29514
29826
30842
31398
31668
32374
33146
33184
33236
33404
33756
33936
34098
34160
34302
34312
34440
34494
34526
34526
34596
34648
34698
34748
34836
34876
35024
35030
35072
35160
35272
35470
35630
37984
41304
44070
44128
44150
44572
46472
46530
52580
53828
54546
224472
243360
263818
286970
322744
513126
712258
1297048
